1.441784
1.265546
1.101456
0.988397
0.926938
0.901141
0.893626
0.894284
0.894819
0.894139
0.892805
0.891470
0.890754
0.890473
0.890914
0.891051
0.890756
0.890403
0.889776
0.889162
0.888442
0.887623
0.886955
0.886212
0.885417
0.884550
0.883761
0.882539
0.881613
0.880824
0.879978
0.879191
0.878377
0.877595
0.876783
0.875874
0.874965
0.874090
0.873265
0.872268
0.871580
0.870631
0.869766
0.868992
0.868528
0.867680
0.866854
0.865862
0.864979
0.863788
0.862708
0.861744
0.860909
0.859872
0.858926
0.857928
0.856894
0.855926
0.854894
0.854033
0.853039
0.851999
0.851225
0.850287
0.849624
0.848817
0.847940
0.846876
0.845944
0.844929
0.843851
0.843015
0.842071
0.840964
0.840119
0.839032
0.838214
0.837358
0.836534
0.835555
0.834590
0.833652
0.832859
0.831564
0.830564
0.829557
0.828824
0.827922
0.827125
0.826110
0.825336
0.824638
0.823609
0.822791
0.821893
0.821003
0.820256
0.819252
0.818497
0.817785
0.817132
0.816469
0.815579
0.814853
0.814156
0.813045
0.811677
0.810545
0.809333
0.808344
0.807344
0.806317
0.805265
0.804295
0.803226
0.802498
0.801671
0.800838
0.799906
0.799041
0.798343
0.797314
0.796586
0.795841
0.794945
0.794060
0.793321
0.792564
0.791881
0.790992
0.790228
0.789604
0.788447
0.787402
0.786386
0.785182
0.784088
0.782930
0.781908
0.780830
0.779602
0.778667
0.777477
0.776340
0.775507
0.774572
0.773389
0.772237
0.771238
0.769960
0.768718
0.767567
0.766326
0.765201
0.764086
0.762955
0.761818
0.760364
0.758777
0.757326
0.755689
0.754299
0.752748
0.751217
0.749678
0.748333
0.746868
0.745398
0.743996
0.742550
0.741501
0.740091
0.739097
0.737932
0.736626
0.735218
0.733789
0.732224
0.730410
0.728663
0.727005
0.725215
0.723409
0.721738
0.719835
0.718544
0.717014
0.715598
0.714246
0.713129
0.711495
0.710007
0.708466
0.706946
0.705133
0.703712
0.702041
0.700383
0.698671
0.697080
0.695528
0.693813
0.692247
0.690470
0.688739
0.687113
0.685486
0.683848
0.682397
0.680757
0.679261
0.677848
0.676040
0.674349
0.672684
0.670822
0.668911
0.667013
0.664864
0.663069
0.661192
0.659110
0.657135
0.655139
0.653098
0.651234
0.649276
0.647305
0.645295
0.643282
0.641260
0.639359
0.637250
0.635322
0.633190
0.631183
0.629115
0.626939
0.625257
0.623383
0.621440
0.619493
0.617520
0.615403
0.613389
0.611186
0.609168
0.607457
0.605273
0.603282
0.601493
0.599527
0.597298
0.595462
0.593699
0.591554
0.589593
0.587678
0.585681
0.583823
0.581851
0.579910
0.577916
0.576119
0.574242
0.572448
0.570604
0.568620
0.566794
0.564878
0.563093
0.561323
0.559643
0.557696
0.556094
0.554263
0.552528
0.550540
0.548792
0.546948
0.545152
0.543191
0.541528
0.539782
0.538082
0.536252
0.534435
0.532643
0.530974
0.529590
0.527672
0.526119
0.524399
0.522442
0.520658
0.518869
0.517072
0.515340
0.513456
0.511688
0.509934
0.508263
0.506601
0.504969
0.503546
0.501874
0.500260
0.498502
0.496803
0.494961
0.493330
0.491513
0.489793
0.488036
0.486334
0.484694
0.482924
0.481213
0.479424
0.477789
0.476095
0.474687
0.473348
0.471760
0.470241
0.468705
0.467175
0.465638
0.463963
0.462458
0.460728
0.459039
0.457502
0.455966
0.454413
0.452770
0.451206
0.449581
0.448150
0.446509
0.444930
0.443391
0.441936
0.440518
0.439038
0.437511
0.435893
0.434531
0.432970
0.431444
0.430205
0.428803
0.427253
0.425902
0.424533
0.422986
0.421682
0.420194
0.418696
0.417376
0.415975
0.414620
0.413151
0.411926
0.410530
0.409371
0.408069
0.406682
0.405419
0.404056
0.402726
0.401459
0.400265
0.398879
0.397663
0.396505
0.395502
0.394339
0.393114
0.392028
0.390804
0.389728
0.388593
0.387422
0.386284
0.385207
0.384176
0.383264
0.382442
0.381413
0.380503
0.379226
0.378321
0.377344
0.376297
0.375341
0.374436
0.373316
0.372389
0.371446
0.370609
0.369613
0.368727
0.367627
0.366779
0.366097
0.365208
0.364464
0.363587
0.362802
0.361942
0.361027
0.360366
0.359339
0.358569
0.357731
0.356911
0.356116
0.355299
0.354415
0.353558
0.352766
0.352017
0.351091
0.350298
0.349580
0.348832
0.348011
0.347448
0.346639
0.345886
0.345138
0.344353
0.343651
0.342793
0.342028
0.341152
0.340562
0.339925
0.339175
0.338387
0.337776
0.337041
0.336277
0.335574
0.334985
0.334380
0.333739
0.332904
0.332157
0.331311
0.330642
0.329922
0.329098
0.328426
0.327746
0.327138
0.326418
0.325685
0.325015
0.324296
0.323685
0.323045
0.322208
0.321508
0.320752
0.320177
0.319272
0.318683
0.317877
0.317139
0.316527
0.315900
0.315309
0.314656
0.313938
0.313236
0.312604
0.311907
0.311322
0.310503
0.309790
0.309161
0.308417
0.307649
0.306890
0.306377
0.305643
0.304931
0.304221
0.303619
0.303017
0.302236
0.301551
0.300893
0.300017
0.299458
0.298626
0.298038
0.297114
0.296539
0.295653
0.295020
0.294297
0.293633
0.292867
0.292172
0.291504
0.290756
0.290110
0.289548
0.288843
0.288107
0.287327
0.286659
0.285805
0.285083
0.284487
0.283819
0.283050
0.282344
0.281566
0.280984
0.280345
0.279535
0.278846
0.278158
0.277410
0.276673
0.275992
0.275291
0.274429
0.273679
0.272959
0.272271
0.271541
0.270830
0.270299
0.269528
0.268838
0.268181
0.267655
0.267145
0.266497
0.265871
0.265246
0.264580
0.264088
0.263591
0.263083
0.262390
0.261833
0.261299
0.260757
0.260298
0.259602
0.259027
0.258497
0.258018
0.257539
0.257037
0.256483
0.256023
0.255471
0.255067
0.254628
0.254106
0.253655
0.253061
0.252643
0.252245
0.251770
0.251397
0.251015
0.250564
0.250165
0.249821
0.249499
0.249155
0.248700
0.248394
0.248063
0.247680
0.247446
0.247314
0.246954
0.246738
0.246501
0.246214
0.245882
0.245540
0.245345
0.244993
0.244732
0.244527
0.244279
0.244013
0.243855
0.243604
0.243455
0.243144
0.242919
0.242661
0.242507
0.242323
0.242135
0.241828
0.241675
0.241552
0.241398
0.241164
0.241056
0.240748
0.240675
0.240428
0.240361
0.240273
0.240068
0.239981
0.239785
0.239706
0.239508
0.239299
0.239169
0.239091
0.239018
0.238845
0.238693
0.238477
0.238398
0.238216
0.238195
0.238077
0.237889
0.237769
0.237704
0.237604
0.237497
0.237394
0.237330
0.237199
0.237163
0.237045
0.236969
0.236838
0.236824
0.236577
0.236537
0.236451
0.236380
0.236212
0.236179
0.236147
0.236022
0.236027
0.235863
0.235726
0.235553
0.235537
0.235461
0.235338
0.235207
0.235140
0.235116
0.235121
0.235098
0.234987
0.234965
0.234893
0.234804
0.234727
0.234667
0.234597
0.234533
0.234514
0.234438
0.234336
0.234301
0.234292
0.234215
0.234060
0.234092
0.234098
0.234108
0.234020
0.233938
0.233842
0.233761
0.233732
0.233596
0.233551
0.233577
0.233501
0.233399
0.233372
0.233311
0.233267
0.233229
0.233184
0.233117
0.233130
0.233067
0.232979
0.233065
0.232880
0.232875
0.232916
0.232820
0.232660
0.232581
0.232588
0.232527
0.232496
0.232546
0.232387
0.232338
0.232378
0.232292
0.232301
0.232317
0.232255
0.232169
0.232146
0.232031
0.231962
0.231968
0.231979
0.231937
0.231943
0.231831
0.231908
0.231817
0.231816
0.231759
0.231742
0.231727
0.231738
0.231689
0.231585
0.231536
0.231494
0.231547
0.231467
0.231426
0.231396
0.231355
0.231378
0.231255
0.231251
0.231246
0.231155
0.231133
0.231144
0.231007
0.230937
0.230930
0.230975
0.230902
0.230818
0.230875
0.230920
0.230831
0.230791
0.230853
0.230775
0.230775
0.230690
0.230706
0.230645
0.230671
0.230613
0.230613
0.230582
0.230589
0.230589
0.230542
0.230493
0.230503
0.230492
0.230463
0.230434
0.230453
0.230364
0.230319
0.230410
0.230375
0.230347
0.230307
0.230307
0.230233
0.230189
0.230234
0.230169
0.230169
0.230204
0.230158
0.230129
0.230160
0.230137
0.230137
0.230103
0.230030
0.230028
0.229920
0.229822
0.229857
0.229883
0.229895
0.229888
0.229848
0.229898
0.229833
0.229800
0.229770
0.229696
0.229696
0.229724
0.229691
0.229644
0.229643
0.229670
0.229636
0.229636
0.229567
0.229591
0.229591
0.229641
0.229558
0.229530
0.229471
0.229500
0.229421
0.229421
0.229414
0.229413
0.229374
0.229374
0.229384
0.229318
0.229279
0.229329
0.229358
0.229290
0.229244
0.229243
0.229243
0.229179
0.229211
0.229193
0.229234
0.229197
0.229168
0.229138
0.229138
0.229077
0.229127
0.229087
0.229126
0.229035
0.229040
0.229013
0.229013
0.228905
0.228905
0.228938
0.228971
0.228957
0.228888
0.228862
0.228793
0.228771
0.228664
0.228664
0.228664
0.228700
0.228654
0.228658
0.228658
0.228658
0.228637
0.228603
0.228566
0.228554
0.228531
0.228428
0.228370
0.228336
0.228336
0.228316
0.228298
0.228264
0.228264
0.228196
0.228196
0.228159
0.228156
0.228138
0.228109
0.228127
0.228127
0.228076
0.228071
0.228071
0.228026
0.228026
0.227978
0.227978
0.227978
0.227956
0.228001
0.227956
0.227888
0.227888
0.227907
0.227892
0.227891
0.227891
0.227840
0.227840
0.227810
0.227772
0.227772
0.227727
0.227683
0.227683
0.227683
0.227664
0.227646
0.227646
0.227614
0.227570
0.227558
0.227518
0.227551
0.227532
0.227503
0.227465
0.227431
0.227431
0.227472
0.227417
0.227417
0.227410
0.227393
0.227325
0.227358
0.227318
0.227318
0.227318
0.227281
0.227281
0.227242
0.227227
0.227183
0.227183
0.227183
0.227178
0.227178
0.227132
0.227132
0.227154
0.227177
0.227177
0.227177
0.227105
0.227066
0.227066
0.227060
0.227103
0.227113
0.227147
0.227147
0.227082
0.227082
0.227082
0.227078
0.227034
0.226983
0.226954
0.226951
0.226951
0.226925
0.226925
0.226949
0.226947
0.226947
0.226936
0.226898
0.226898
0.226898
0.226855
0.226829
0.226829
0.226829
0.226782
0.226782
0.226782
0.226807
0.226807
0.226807
0.226807
0.226808
0.226745
0.226737
0.226702
0.226738
0.226696
0.226659
0.226659
0.226659
0.226625
0.226645
0.226645
0.226645
0.226657
0.226657
0.226657
0.226657
0.226624
0.226624
0.226619
0.226619
0.226619
0.226627
0.226627
0.226627
0.226654
0.226625
0.226560
0.226507
0.226507
0.226507
0.226507
0.226507
0.226485
0.226582
0.226548
0.226546
0.226546
0.226546
0.226546
0.226574
0.226534
0.226590
0.226590
0.226532
0.226489
0.226489
0.226489
0.226489
0.226500
0.226500
0.226500
0.226500
0.226501
0.226501
0.226469
0.226469
0.226481
0.226510
0.226510
0.226510
0.226512
0.226512
0.226512
0.226525
0.226484
0.226451
0.226420
0.226420
0.226423
0.226423
0.226445
0.226445
0.226445
0.226445
0.226445
0.226445
0.226450
0.226466
0.226466
0.226437
0.226468
0.226468
0.226468
0.226468
0.226528
0.226487
0.226442
0.226442
0.226442
0.226442
0.226442
0.226423
0.226409
0.226409
0.226430
0.226430
0.226468
0.226430
0.226450
0.226458
0.226458
0.226458
0.226458
0.226458
0.226458
0.226479
0.226490
0.226490
0.226490
0.226490
0.226490
0.226488
0.226488
0.226488
0.226501
0.226501
0.226501
0.226501
0.226487
0.226487
0.226519
0.226532
0.226532
0.226532
0.226556
0.226602
0.226602
0.226602
0.226616
0.226616
0.226616
0.226641
0.226621
0.226600
0.226583
0.226546
0.226546
0.226572
0.226572
0.226532
0.226532
0.226548
0.226548
0.226575
0.226651
0.226610
0.226610
0.226610
0.226627
0.226627
0.226655
0.226619
0.226619
0.226619
0.226579
0.226597
0.226626
0.226626
0.226626
0.226626
0.226626
0.226668
0.226668
0.226698
0.226747
0.226742
0.226707
0.226707
0.226727
0.226687
0.226718
0.226718
0.226680
0.226680
0.226751
0.226751
0.226711
0.226743
0.226782
0.226782
0.226820
0.226842
0.226807
0.226807
0.226767
0.226766
0.226766
0.226789
0.226789
0.226789
0.226789
0.226789
0.226789
0.226846
0.226886
0.226886
0.226886
0.226886
0.226886
0.226852
0.226820
0.226853
0.226853
0.226853
0.226853
0.226853
0.226853
0.226866
0.226792
0.226792
0.226826
0.226826
0.226826
0.226855
0.226882
0.226881
0.226847
0.226847
0.226812
0.226848
0.226848
0.226875
0.226875
0.226875
0.226877
0.226877
0.226877
0.226877
0.226877
0.226908
0.226908
0.226907
0.226907
0.226907
0.226874
0.226874
0.226875
0.226904
0.226904
0.226941
0.226901
0.226901
0.226901
0.226901
0.226901
0.226870
0.226900
0.226865
0.226873
0.226835
0.226835
0.226873
0.226840
0.226840
0.226840
0.226871
0.226871
0.226871
0.226871
0.226840
0.226840
0.226840
0.226840
0.226840
0.226880
0.226911
0.226911
0.226911
0.226911
0.226911
0.226911
0.226882
0.226843
0.226811
0.226774
0.226739
0.226771
0.226801
0.226801
0.226811
0.226811
0.226784
0.226784
0.226784
0.226784
0.226784
0.226784
0.226817
0.226867
0.226867
0.226867
0.226871
0.226871
0.226785
0.226785
0.226790
0.226760
0.226760
0.226801
0.226814
0.226823
0.226823
0.226788
0.226788
0.226775
0.226737
0.226767
0.226767
0.226770
0.226745
0.226745
0.226745
0.226745
0.226715
0.226713
0.226713
0.226713
0.226689
0.226689
0.226689
0.226657
0.226691
0.226691
0.226691
0.226691
0.226668
0.226668
0.226668
0.226631
0.226601
0.226566
0.226613
0.226627
0.226595
0.226595
0.226632
0.226676
0.226661
0.226661
0.226640
0.226640
0.226640
0.226640
0.226603
0.226571
0.226571
0.226522
0.226522
0.226522
0.226527
0.226527
0.226527
0.226557
0.226539
0.226508
0.226546
0.226546
0.226509
0.226509
0.226474
0.226457
0.226457
0.226464
0.226434
0.226434
0.226434
0.226434
0.226418
0.226461
0.226461
0.226461
0.226424
0.226357
0.226357
0.226342
0.226380
0.226380
0.226380
0.226387
0.226387
0.226359
0.226344
0.226275
0.226275
0.226305
0.226305
0.226305
0.226305
0.226265
0.226265
0.226230
0.226230
0.226230
0.226230
0.226200
0.226189
0.226162
0.226162
0.226162
0.226162
0.226192
0.226181
0.226181
0.226181
0.226155
0.226108
0.226108
0.226108
0.226098
0.226098
0.226068
0.226043
0.226093
0.226093
0.226085
0.226085
0.226115
0.226115
0.226078
0.226054
0.226004
0.225997
0.225997
0.226015
0.226015
0.225981
0.225958
0.225922
0.225922
0.225922
0.225922
0.225922
0.225952
0.225952
0.225925
0.225925
0.225925
0.225925
0.225925
0.225925
0.225922
0.225900
0.225900
0.225870
0.225870
0.225870
0.225868
0.225898
0.225898
0.225878
0.225878
0.225878
0.225877
0.225877
0.225877
0.225877
0.225858
0.225858
0.225859
0.225829
0.225829
0.225829
0.225829
0.225841
0.225843
0.225807
0.225774
0.225774
0.225774
0.225774
0.225760
0.225760
0.225760
0.225760
0.225760
0.225760
0.225764
0.225748
0.225748
0.225748
0.225748
0.225748
0.225754
0.225754
0.225739
0.225739
0.225739
0.225707
0.225715
0.225715
0.225715
0.225701
0.225701
0.225701
0.225709
0.225709
0.225709
0.225709
0.225665
0.226070
0.228140
0.232686
0.239604
0.248189
0.257682
0.267466
0.277285
0.286732
0.295909
0.304968
0.314050
0.323343
0.332864
0.342570
0.352260
0.361417
0.369438
0.375844
0.380365
0.382990
0.384162
0.384208
0.383654
0.382892
0.382297
0.381982
0.382002
0.382245
0.382565
0.382771
0.382807
0.382596
0.382161
0.381636
0.381114
0.380592
0.380240
0.380068
0.380020
0.380036
0.380179
0.380289
0.380340
0.380349
0.380333
0.380254
0.380175
0.380050
0.380034
0.379858
0.378673
0.375465
0.369961
0.362401
0.353475
0.344002
0.334590
0.325725
0.317492
0.309885
0.303031
0.297107
0.292179
0.288293
0.285499
0.283785
0.282929
0.282684
0.282825
0.283090
0.283385
0.283581
0.283654
0.283561
0.283147
0.282406
0.281550
0.280904
0.280786
0.281105
0.281958
0.283095
0.284264
0.285285
0.285956
0.286240
0.286033
0.285372
0.284355
0.283267
0.282267
0.281336
0.280568
0.280280
0.280564
0.281173
0.281978
0.283037
0.283953
0.284698
0.284925
0.284369
0.283092
0.280931
0.278366
0.275953
0.274269
0.272667
0.271496
0.270914
0.270647
0.270496
0.270322
0.270145
0.269701
0.269179
0.268627
0.268045
0.267567
0.267220
0.266866
0.266485
0.266189
0.265879
0.265574
0.265177
0.264836
0.264389
0.264061
0.263661
0.263367
0.263197
0.262437
0.261701
0.260865
0.259998
0.259123
0.258335
0.257475
0.256719
0.255990
0.255178
0.254342
0.253612
0.252860
0.252105
0.251285
0.250612
0.249938
0.249119
0.248440
0.247693
0.246857
0.246175
0.245372
0.244580
0.243854
0.243123
0.242317
0.241587
0.240778
0.240064
0.239255
0.238555
0.238002
0.237201
0.236499
0.235809
0.235088
0.234426
0.233745
0.232958
0.232284
0.231567
0.230901
0.230199
0.229529
0.228817
0.228056
0.227423
0.226741
0.225959
0.225394
0.224650
0.224076
0.223388
0.222737
0.222115
0.221521
0.220962
0.220394
0.219714
0.219125
0.218564
0.217956
0.217314
0.216763
0.216102
0.215507
0.214997
0.214409
0.213779
0.213193
0.212633
0.212104
0.211575
0.210941
0.210422
0.209863
0.209246
0.208661
0.208184
0.207671
0.207159
0.206622
0.206064
0.205574
0.204938
0.204570
0.204018
0.203541
0.203148
0.202696
0.202261
0.201831
0.201440
0.201056
0.200742
0.200377
0.199969
0.199533
0.199127
0.198724
0.198325
0.197928
0.197555
0.197265
0.196853
0.196534
0.196136
0.195654
0.195291
0.194914
0.194637
0.194303
0.193871
0.193554
0.193165
0.192708
0.192236
0.191766
0.191206
0.190743
0.190280
0.189742
0.189122
0.188738
0.188301
0.187802
0.187440
0.186940
0.186583
0.186254
0.185949
0.185655
0.185416
0.185266
0.185125
0.185245
0.185352
0.185530
0.185671
0.185948
0.186183
0.186536
0.186848
0.187245
0.187571
0.187893
0.188288
0.188742
0.189215
0.189652
0.190063
0.190562
0.190903
0.191298
0.191827
0.192237
0.192674
0.193066
0.193490
0.193831
0.194221
0.194815
0.195244
0.195626
0.195978
0.196416
0.196795
0.197326
0.197668
0.198020
0.198397
0.198796
0.199163
0.199578
0.199852
0.200208
0.200532
0.200795
0.201187
0.201449
0.201855
0.202197
0.202577
0.202820
0.202940
0.203328
0.203570
0.203871
0.204116
0.204518
0.204791
0.205061
0.205310
0.205656
0.205877
0.206115
0.206405
0.206507
0.206880
0.207021
0.207307
0.207498
0.207695
0.207937
0.208070
0.208355
0.208527
0.208740
0.208994
0.209120
0.209320
0.209504
0.209587
0.209797
0.209925
0.209969
0.210103
0.210187
0.210332
0.210532
0.210612
0.210900
0.211040
0.211138
0.211336
0.211538
0.211545
0.211570
0.211747
0.211874
0.211843
0.211962
0.212061
0.212253
0.212321
0.212421
0.212237
0.212188
0.212674
0.213930
0.215209
0.216707
0.217835
0.218662
0.219897
0.221490
0.223274
0.225055
0.227091
0.228803
0.230247
0.231613
0.232984
0.234026
0.235037
0.235929
0.236963
0.237841
0.238741
0.239531
0.240346
0.241065
0.241913
0.242622
0.243503
0.244671
0.245567
0.246592
0.247672
0.248829
0.249923
0.251073
0.252491
0.253169
0.253464
0.253555
0.253786
0.253900
0.253818
0.254148
0.254680
0.255306
0.255889
0.256891
0.257731
0.258502
0.259575
0.260229
0.260340
0.260133
0.260116
0.259819
0.259306
0.258618
0.258018
0.257265
0.256633
0.256194
0.255444
0.254720
0.253867
0.253062
0.252138
0.251048
0.250313
0.249281
0.248127
0.246873
0.245498
0.244439
0.243273
0.242319
0.241256
0.240134
0.239174
0.238392
0.237494
0.236709
0.235900
0.235219
0.234529
0.233780
0.233047
0.232358
0.231694
0.231121
0.230387
0.229667
0.228904
0.228291
0.227581
0.226787
0.226111
0.225540
0.224833
0.224062
0.223208
0.222586
0.221889
0.221352
0.220602
0.219954
0.219210
0.218686
0.218101
0.217394
0.216751
0.216124
0.215475
0.214707
0.214171
0.213501
0.212705
0.212024
0.211366
0.210711
0.210019
0.209344
0.208741
0.208127
0.207471
0.206710
0.206070
0.205445
0.204797
0.204110
0.203347
0.202829
0.201954
0.201262
0.200638
0.199939
0.199302
0.198687
0.197833
0.197236
0.196466
0.195855
0.195167
0.194434
0.193644
0.192941
0.192339
0.191542
0.190854
0.190162
0.189564
0.188851
0.188232
0.187500
0.186692
0.185717
0.184781
0.183879
0.182885
0.182073
0.181065
0.180192
0.179178
0.178407
0.177495
0.176657
0.175759
0.175033
0.174135
0.173264
0.172395
0.171547
0.170716
0.169841
0.169056
0.168206
0.167294
0.166495
0.165683
0.164862
0.164032
0.163157
0.162428
0.161748
0.160904
0.160062
0.159229
0.158248
0.157414
0.156560
0.155800
0.154978
0.154022
0.153174
0.152239
0.151489
0.150555
0.149646
0.148661
0.147724
0.146652
0.145791
0.144749
0.143897
0.142892
0.141968
0.141044
0.140236
0.139421
0.138609
0.137804
0.137065
0.136237
0.135562
0.134751
0.133938
0.133170
0.132373
0.131799
0.130978
0.130290
0.129623
0.128843
0.128136
0.127549
0.126707
0.126015
0.125357
0.124626
0.123930
0.123320
0.122501
0.121871
0.121240
0.120695
0.119921
0.119301
0.118728
0.118048
0.117370
0.116753
0.116136
0.115610
0.114878
0.114393
0.113815
0.113233
0.112586
0.112011
0.111408
0.110872
0.110350
0.109801
0.109051
0.108534
0.107865
0.107213
0.106588
0.105945
0.105317
0.104684
0.104120
0.103514
0.103101
0.102567
0.102116
0.101508
0.100942
0.100497
0.099903
0.099312
0.098764
0.098266
0.097611
0.097128
0.096616
0.096070
0.095574
0.095016
0.094505
0.094047
0.093504
0.093059
0.092605
0.092020
0.091557
0.091112
0.090670
0.090289
0.089798
0.089376
0.088936
0.088440
0.087926
0.087447
0.087045
0.086584
0.086104
0.085709
0.085324
0.084989
0.084606
0.084242
0.083811
0.083398
0.082953
0.082621
0.082222
0.081924
0.081479
0.081116
0.080733
0.080367
0.080040
0.079588
0.079290
0.078910
0.078474
0.078182
0.077749
0.077307
0.076943
0.076519
0.076150
0.075823
0.075573
0.075199
0.074826
0.074430
0.073987
0.073732
0.073393
0.073067
0.072621
0.072329
0.071950
0.071497
0.071133
0.070757
0.070411
0.070104
0.069652
0.069421
0.069123
0.068693
0.068430
0.068038
0.067824
0.067446
0.067095
0.066742
0.066394
0.066102
0.065593
0.065286
0.064968
0.064603
0.064384
0.064024
0.063659
0.063310
0.062958
0.062673
0.062327
0.062028
0.061634
0.061240
0.061008
0.060568
0.060323
0.059970
0.059686
0.059374
0.059076
0.058736
0.058443
0.058126
0.057777
0.057515
0.057032
0.056513
0.056064
0.055473
0.054990
0.054473
0.053984
0.053404
0.052941
0.052395
0.052032
0.051510
0.051078
0.050617
0.050127
0.049652
0.049213
0.048699
0.048271
0.047791
0.047324
0.046953
0.046556
0.046070
0.045576
0.045256
0.044794
0.044323
0.043890
0.043499
0.043109
0.042646
0.042325
0.041874
0.041484
0.041129
0.040743
0.040353
0.040006
0.039631
0.039235
0.038856
0.038456
0.038147
0.037874
0.037569
0.037253
0.036930
0.036586
0.036319
0.036006
0.035684
0.035392
0.035127
0.034907
0.034654
0.034259
0.034072
0.033745
0.033480
0.033133
0.032953
0.032676
0.032354
0.032122
0.031922
0.031758
0.031532
0.031350
0.031106
0.030991
0.030649
0.030581
0.030348
0.030190
0.029973
0.029827
0.029559
0.029579
0.029458
0.029230
0.029176
0.029012
0.028993
0.028753
0.028672
0.028534
0.028395
0.028319
0.028229
0.028072
0.027983
0.027878
0.027798
0.027788
0.027633
0.027509
0.027470
0.027324
0.027184
0.027197
0.027119
0.027056
0.026972
0.026936
0.026793
0.026744
0.026721
0.026699
0.026597
0.026473
0.026424
0.026476
0.026353
0.026243
0.026238
0.026145
0.026060
0.026022
0.025952
0.025846
0.025861
0.025760
0.025721
0.025669
0.025637
0.025676
0.025607
0.025490
0.025489
0.025509
0.025492
0.025455
0.025336
0.025245
0.025328
0.025336
0.025238
0.025191
0.025214
0.025283
0.025248
0.025147
0.025061
0.025100
0.025031
0.025151
0.025167
0.025036
0.024977
0.024921
0.024925
0.024936
0.024859
0.024892
0.024876
0.024762
0.024782
0.024780
0.024791
0.024788
0.024819
0.024792
0.024881
0.024966
0.024886
0.024818
0.024865
0.024876
0.024804
0.024884
0.024817
0.024915
0.024875
0.024830
0.024923
0.024919
0.024979
0.025011
0.025041
0.025104
0.025083
0.025116
0.025095
0.025066
0.025046
0.025025
0.025059
0.025012
0.025050
0.025082
0.025038
0.025061
0.025131
0.025210
0.025204
0.025242
0.025287
0.025257
0.025320
0.025371
0.025360
0.025261
0.025309
0.025340
0.025357
0.025365
0.025395
0.025468
0.025493
0.025477
0.025510
0.025501
0.025540
0.025556
0.025642
0.025652
0.025683
0.025687
0.025638
0.025628
0.025660
0.025809
0.025837
0.025827
0.025872
0.025890
0.025895
0.025944
0.025897
0.025944
0.025926
0.025972
0.026007
0.026000
0.026015
0.026108
0.026142
0.026105
0.026221
0.026314
0.026306
0.026230
0.026227
0.026214
0.026230
0.026280
0.026405
0.026457
0.026365
0.026365
0.026409
0.026424
0.026476
0.026511
0.026496
0.026482
0.026483
0.026587
0.026667
0.026669
0.026629
0.026665
0.026666
0.026793
0.026812
0.026812
0.026764
0.026721
0.026757
0.026802
0.026822
0.026915
0.026921
0.026928
0.026993
0.026993
0.027042
0.027062
0.027102
0.027148
0.027026
0.027026
0.027064
0.027112
0.027117
0.027117
0.027117
0.027137
0.027195
0.027179
0.027179
0.027264
0.027297
0.027251
0.027293
0.027315
0.027302
0.027318
0.027358
0.027429
0.027474
0.027514
0.027541
0.027619
0.027697
0.027649
0.027622
0.027604
0.027683
0.027678
0.027648
0.027676
0.027716
0.027730
0.027682
0.027722
0.027776
0.027817
0.027840
0.027850
0.027884
0.027951
0.027992
0.027960
0.028003
0.028026
0.028026
0.028080
0.028080
0.028099
0.028099
0.028131
0.028131
0.028109
0.028088
0.028100
0.028144
0.028252
0.028327
0.028277
0.028318
0.028320
0.028395
0.028349
0.028346
0.028346
0.028346
0.028346
0.028380
0.028380
0.028405
0.028490
0.028531
0.028486
0.028511
0.028540
0.028583
0.028578
0.028578
0.028599
0.028620
0.028605
0.028684
0.028719
0.028674
0.028690
0.028733
0.028836
0.028892
0.028892
0.028874
0.028898
0.028924
0.028966
0.028924
0.028944
0.028927
0.028927
0.028865
0.028950
0.028950
0.028950
0.028905
0.028991
0.028991
0.029100
0.029172
0.029172
0.029208
0.029165
0.029165
0.029255
0.029255
0.029263
0.029281
0.029281
0.029281
0.029281
0.029281
0.029350
0.029374
0.029400
0.029358
0.029401
0.029442
0.029421
0.029378
0.029399
0.029508
0.029495
0.029495
0.029522
0.029558
0.029558
0.029558
0.029541
0.029545
0.029586
0.029586
0.029586
0.029586
0.029586
0.029542
0.029542
0.029530
0.029619
0.029666
0.029701
0.029685
0.029720
0.029720
0.029662
0.029689
0.029724
0.029724
0.029724
0.029766
0.029800
0.029748
0.029791
0.029860
0.029846
0.029846
0.029871
0.029871
0.029871
0.029912
0.029873
0.029873
0.029942
0.029942
0.029960
0.029960
0.029947
0.029970
0.029970
0.029970
0.029970
0.029948
0.029948
0.029948
0.029948
0.029935
0.029935
0.029924
0.029959
0.029920
0.029942
0.029942
0.029942
0.030010
0.030010
0.030010
0.030010
0.030006
0.029999
0.029999
0.030048
0.030066
0.030089
0.030089
0.030089
0.030089
0.030089
0.030089
0.030065
0.030028
0.030028
0.030028
0.030028
0.030028
0.030028
0.030028
0.030028
0.030052
0.030045
0.030045
0.030086
0.030114
0.030114
0.030114
0.030114
0.030149
0.030149
0.030149
0.030132
0.030132
0.030132
0.030090
0.030017
0.030070
0.030106
0.030147
0.030190
0.030190
0.030185
0.030185
0.030214
0.030214
0.030214
0.030214
0.030214
0.030214
0.030214
0.030215
0.030212
0.030212
0.030212
0.030212
0.030212
0.030212
0.030212
0.030212
0.030212
0.030239
0.030109
0.030129
0.030072
0.029936
0.029906
0.029882
0.029832
0.029823
0.029788
0.029864
0.029854
0.029854
0.029886
0.029886
0.029854
0.029864
0.029863
0.029879
0.029873
0.029904
0.029903
0.029919
0.029912
0.029946
0.030048
0.030048
0.030112
0.030112
0.030115
0.030144
0.030144
0.030150
0.030118
0.030148
0.030148
0.030146
0.030146
0.030179
0.030179
0.030179
0.030179
0.030179
0.030198
0.030198
0.030187
0.030233
0.030256
0.030256
0.030256
0.030283
0.030311
0.030311
0.030311
0.030311
0.030317
0.030317
0.030317
0.030327
0.030433
0.030464
0.030464
0.030464
0.030490
0.030498
0.030498
0.030457
0.030491
0.030522
0.030522
0.030504
0.030504
0.030560
0.030647
0.030667
0.030667
0.030667
0.030667
0.030667
0.030667
0.030677
0.030709
0.030709
0.030709
0.030722
0.030722
0.030722
0.030733
0.030799
0.030799
0.030799
0.030799
0.030827
0.030872
0.030904
0.030917
0.030917
0.030879
0.030872
0.030899
0.030899
0.030899
0.030934
0.030934
0.030979
0.030979
0.031007
0.031007
0.031007
0.031054
0.031090
0.031090
0.031090
0.031090
0.031063
0.031063
0.031010
0.031010
0.030985
0.031019
0.031064
0.031064
0.031092
0.031109
0.031064
0.031138
0.031138
0.031134
0.031134
0.031197
0.031197
0.031169
0.031169
0.031169
0.031169
0.031189
0.031175
0.031203
0.031203
0.031203
0.031203
0.031203
0.031224
0.031245
0.031245
0.031245
0.031245
0.031266
0.031238
0.031256
0.031299
0.031312
0.031312
0.031362
0.031362
0.031362
0.031362
0.031395
0.031395
0.031392
0.031392
0.031392
0.031420
0.031420
0.031416
0.031416
0.031416
0.031416
0.031444
0.031465
0.031527
0.031568
0.031543
0.031543
0.031487
0.031499
0.031499
0.031499
0.031458
0.031458
0.031457
0.031457
0.031457
0.031457
0.031484
0.031484
0.031633
0.031633
0.031633
0.031633
0.031665
0.031693
0.031693
0.031732
0.031732
0.031691
0.031663
0.031713
0.031713
0.031713
0.031754
0.031782
0.031811
0.031811
0.031811
0.031847
0.031847
0.031847
0.031876
0.031876
0.031837
0.031810
0.031810
0.031847
0.031878
0.031866
0.031866
0.031893
0.031893
0.031893
0.031924
0.031924
0.031924
0.031924
0.031924
0.031924
0.031916
0.031917
0.031990
0.031990
0.031990
0.031990
0.032022
0.032034
0.032062
0.032062
0.032062
0.032062
0.032095
0.032095
0.032095
0.032123
0.032096
0.032074
0.032074
0.032108
0.032108
0.032072
0.032072
0.032072
0.032100
0.032100
0.032134
0.032134
0.032134
0.032134
0.032134
0.032134
0.032129
0.032164
0.032199
0.032177
0.032177
0.032177
0.032185
0.032116
0.032180
0.032202
0.032202
0.032240
0.032284
0.032284
0.032284
0.032319
0.032375
0.032416
0.032416
0.032416
0.032416
0.032384
0.032349
0.032349
0.032386
0.032413
0.032413
0.032486
0.032486
0.032496
0.032496
0.032469
0.032437
0.032475
0.032475
0.032475
0.032475
0.032440
0.032440
0.032440
0.032475
0.032467
0.032495
0.032534
0.032534
0.032534
0.032506
0.032506
0.032506
0.032506
0.032477
0.032474
0.032474
0.032474
0.032526
0.032526
0.032526
0.032526
0.032496
0.032496
0.032528
0.032571
0.032571
0.032571
0.032571
0.032572
0.032540
0.032581
0.032581
0.032581
0.032581
0.032581
0.032554
0.032525
0.032525
0.032525
0.032525
0.032525
0.032506
0.032510
0.032510
0.032548
0.032548
0.032548
0.032548
0.032565
0.032565
0.032565
0.032565
0.032565
0.032565
0.032541
0.032541
0.032541
0.032563
0.032563
0.032563
0.032540
0.032540
0.032540
0.032540
0.032540
0.032540
0.032517
0.032517
0.032517
0.032570
0.032570
0.032632
0.032632
0.032632
0.032590
0.032634
0.032594
0.032573
0.032573
0.032573
0.032573
0.032573
0.032552
0.032592
0.032634
0.032634
0.032634
0.032614
0.032614
0.032614
0.032533
0.032521
0.032521
0.032503
0.032503
0.032503
0.032503
0.032503
0.032485
0.032526
0.032526
0.032526
0.032526
0.032549
0.032509
0.032509
0.032509
0.032471
0.032471
0.032455
0.032455
0.032455
0.032455
0.032455
0.032462
0.032504
0.032504
0.032504
0.032504
0.032490
0.032490
0.032480
0.032480
0.032438
0.032427
0.032427
0.032427
0.032427
0.032471
0.032459
0.032451
0.032493
0.032493
0.032493
0.032443
0.032443
0.032443
0.032443
0.032443
0.032391
0.032383
0.032373
0.032373
0.032373
0.032364
0.032364
0.032364
0.032406
0.032406
0.032398
0.032398
0.032398
0.032398
0.032398
0.032390
0.032379
0.032379
0.032379
0.032372
0.032366
0.032366
0.032366
0.032366
0.032408
0.032403
0.032403
0.032403
0.032403
0.032443
0.032439
0.032418
0.032328
0.032298
0.032298
0.032291
0.032291
0.032291
0.032291
0.032291
0.032316
0.032322
0.032322
0.032300
0.032300
0.032299
0.032299
0.032287
0.032260
0.032261
0.032261
0.032237
0.032237
0.032237
0.032239
0.032239
0.032228
0.032270
0.032270
0.032188
0.032188
0.032188
0.032142
0.032050
0.032054
0.032054
0.032006
0.032005
0.032005
0.031998
0.031998
0.031973
0.031973
0.031973
0.032002
0.032088
0.032041
0.032041
0.031999
0.031963
0.031939
0.031939
0.031939
0.031949
0.031972
0.032016
0.032016
0.032016
0.032026
0.032026
0.032026
0.032026
0.032026
0.032037
0.032037
0.032037
0.032037
0.032037
0.032049
0.032049
0.032049
0.032049
0.032061
0.032103
0.032103
0.032103
0.032103
0.032078
0.032078
0.032078
0.032078
0.032078
0.032140
0.032140
0.032179
0.032179
0.032195
0.032195
0.032195
0.032153
0.032173
0.032190
0.032190
0.032190
0.032149
0.032149
0.032133
0.032133
0.032133
0.032133
0.032187
0.032187
0.032187
0.032187
0.032187
0.032207
0.032207
0.032207
0.032207
0.032207
0.032228
0.032194
0.032194
0.032194
0.032194
0.032216
0.032281
0.032281
0.032281
0.032281
0.032273
0.032230
0.032227
0.032227
0.032258
0.032282
0.032210
0.032175
0.032175
0.032175
0.032231
0.032265
0.032239
0.032239
0.032270
0.032270
0.032295
0.032281
0.032281
0.032250
0.032250
0.032291
0.032318
0.032318
0.032318
0.032349
0.032349
0.032322
0.032350
0.032350
0.032310
0.032310
0.032310
0.032336
0.032336
0.032324
0.032411
0.032411
0.032411
0.032411
0.032410
0.032328
0.032288
0.032288
0.032288
0.032288
0.032288
0.032332
0.032332
0.032362
0.032390
0.032432
0.032432
0.032432
0.032432
0.032432
0.032393
0.032351
0.032356
0.032319
0.032279
0.032279
0.032318
0.032318
0.032318
0.032318
0.032319
0.032385
0.032385
0.032385
0.032385
0.032385
0.032385
0.032358
0.032316
0.032281
0.032281
0.032310
0.032344
0.032344
0.032344
0.032344
0.032313
0.032339
0.032339
0.032339
0.032339
0.032339
0.032342
0.032282
0.032240
0.032278
0.032278
0.032278
0.032278
0.032278
0.032281
0.032281
0.032323
0.032323
0.032288
0.032288
0.032288
0.032218
0.032218
0.032218
0.032180
0.032216
0.032216
0.032219
0.032219
0.032307
0.032307
0.032307
0.032349
0.032319
0.032284
0.032284
0.032284
0.032284
0.032284
0.032254
0.032253
0.032217
0.032217
0.032217
0.032217
0.032162
0.032162
0.032205
0.032205
