1.478197
1.301961
1.134874
1.016009
0.949306
0.921083
0.913163
0.913963
0.914659
0.914118
0.912938
0.911503
0.910321
0.909410
0.908894
0.908349
0.907447
0.906370
0.905316
0.904260
0.903276
0.902461
0.901511
0.900808
0.900072
0.899064
0.898226
0.896883
0.895728
0.894567
0.893135
0.891766
0.890615
0.889056
0.887716
0.886399
0.884961
0.883563
0.882062
0.880707
0.879477
0.877984
0.876770
0.875708
0.874524
0.873248
0.871860
0.870421
0.868927
0.867308
0.865681
0.864018
0.862444
0.860841
0.859170
0.857672
0.856031
0.854241
0.852504
0.850903
0.849211
0.847715
0.846018
0.844569
0.842872
0.841108
0.839415
0.837451
0.835831
0.833603
0.831983
0.829962
0.827939
0.825872
0.824019
0.821815
0.819935
0.818203
0.816236
0.814271
0.812200
0.810070
0.808031
0.806102
0.803837
0.801747
0.799634
0.797433
0.795261
0.792976
0.790861
0.788700
0.786469
0.784336
0.782233
0.780035
0.777838
0.775709
0.773513
0.771318
0.769101
0.766935
0.764782
0.762648
0.760405
0.758348
0.756433
0.754906
0.753263
0.751429
0.749808
0.748130
0.746691
0.745054
0.743624
0.742163
0.740615
0.739195
0.737772
0.736175
0.734668
0.733259
0.731753
0.730268
0.728841
0.727270
0.725710
0.724266
0.722820
0.721794
0.720549
0.719034
0.717755
0.716433
0.715048
0.713689
0.712208
0.710825
0.709466
0.708247
0.706879
0.705570
0.704249
0.703091
0.701835
0.700547
0.699400
0.698161
0.696727
0.695367
0.693968
0.692506
0.690960
0.689614
0.688176
0.686687
0.685234
0.683820
0.682287
0.680797
0.679284
0.677767
0.676486
0.674697
0.673071
0.671159
0.669318
0.667302
0.665524
0.663611
0.661836
0.659872
0.657730
0.655798
0.653697
0.651705
0.649832
0.647706
0.645751
0.643838
0.641756
0.639597
0.637646
0.635544
0.633760
0.631785
0.629814
0.627671
0.625904
0.623673
0.621430
0.619835
0.618196
0.616424
0.614649
0.612853
0.611161
0.609269
0.607636
0.605944
0.604071
0.602252
0.600507
0.598817
0.596934
0.595213
0.593500
0.591714
0.589820
0.588137
0.586292
0.584553
0.582579
0.580813
0.578945
0.577231
0.575317
0.573653
0.571624
0.569722
0.567851
0.566070
0.564309
0.562439
0.560576
0.558507
0.556715
0.554780
0.552769
0.550841
0.548830
0.546983
0.545025
0.543138
0.541049
0.539113
0.537043
0.535100
0.533102
0.530980
0.529121
0.527141
0.525160
0.523017
0.520921
0.518822
0.516936
0.514905
0.512791
0.510726
0.508638
0.506547
0.504392
0.502382
0.500236
0.498229
0.496128
0.494067
0.492075
0.489981
0.488056
0.485976
0.483922
0.481893
0.479806
0.477719
0.475791
0.473796
0.471795
0.469685
0.467699
0.465711
0.463832
0.461722
0.459734
0.457730
0.455871
0.453915
0.451944
0.450001
0.447974
0.446272
0.444461
0.442584
0.440800
0.438840
0.436898
0.435190
0.433270
0.431471
0.429715
0.427882
0.426054
0.424325
0.422659
0.420951
0.419324
0.417504
0.415828
0.414083
0.412466
0.410790
0.409169
0.407587
0.405828
0.404291
0.402686
0.401066
0.399432
0.397869
0.396215
0.394702
0.393134
0.391547
0.390115
0.388483
0.386938
0.385547
0.384066
0.382671
0.381077
0.379753
0.378225
0.376910
0.375621
0.374205
0.372889
0.371475
0.370233
0.368883
0.367560
0.366167
0.364985
0.363496
0.362339
0.360960
0.359770
0.358487
0.357255
0.356117
0.354986
0.353891
0.352639
0.351388
0.350247
0.349180
0.348107
0.346903
0.345694
0.344666
0.343597
0.342489
0.341495
0.340312
0.339290
0.338277
0.337136
0.336122
0.335241
0.334180
0.333232
0.332285
0.331319
0.330302
0.329345
0.328388
0.327456
0.326439
0.325499
0.324583
0.323840
0.322849
0.321954
0.321195
0.320371
0.319522
0.318741
0.317864
0.317075
0.316219
0.315432
0.314626
0.313815
0.313150
0.312299
0.311441
0.310704
0.310031
0.309323
0.308651
0.307949
0.307368
0.306773
0.306123
0.305521
0.304875
0.304262
0.303517
0.302989
0.302571
0.301912
0.301187
0.300572
0.300029
0.299473
0.299019
0.298379
0.297971
0.297363
0.296741
0.296239
0.295742
0.295039
0.294528
0.293994
0.293414
0.292701
0.291850
0.290862
0.289921
0.289192
0.288327
0.287467
0.286761
0.285930
0.285151
0.284310
0.283439
0.282616
0.281870
0.280915
0.280048
0.279074
0.278243
0.277365
0.276524
0.275674
0.274807
0.273935
0.273076
0.272442
0.271552
0.270712
0.269852
0.269123
0.268221
0.267532
0.266783
0.266077
0.265200
0.264528
0.263741
0.263011
0.262093
0.261396
0.260753
0.260009
0.259318
0.258642
0.258017
0.257256
0.256713
0.256003
0.255262
0.254597
0.253887
0.253302
0.252708
0.251973
0.251305
0.250700
0.250086
0.249597
0.249052
0.248519
0.247828
0.247269
0.246796
0.246172
0.245613
0.245084
0.244519
0.244061
0.243519
0.243027
0.242497
0.242059
0.241511
0.241004
0.240607
0.240105
0.239573
0.239187
0.238726
0.238374
0.237774
0.237492
0.237134
0.236725
0.236348
0.236049
0.235669
0.235332
0.235055
0.234601
0.234289
0.234033
0.233769
0.233341
0.233018
0.232729
0.232465
0.232172
0.231966
0.231770
0.231464
0.231237
0.230962
0.230843
0.230559
0.230300
0.230228
0.229980
0.229847
0.229678
0.229536
0.229326
0.229216
0.229063
0.228811
0.228749
0.228659
0.228472
0.228322
0.228258
0.228120
0.227950
0.227950
0.227750
0.227771
0.227622
0.227469
0.227381
0.227225
0.227105
0.226940
0.226795
0.226820
0.226726
0.226708
0.226636
0.226651
0.226538
0.226485
0.226381
0.226321
0.226268
0.226168
0.226189
0.226212
0.226168
0.226136
0.226216
0.226139
0.226091
0.226008
0.226031
0.225953
0.225973
0.225973
0.225973
0.226004
0.225886
0.225825
0.225765
0.225780
0.225745
0.225626
0.225675
0.225575
0.225422
0.225308
0.225296
0.225287
0.225304
0.225280
0.225202
0.225194
0.225211
0.225244
0.225216
0.225126
0.225034
0.225020
0.225079
0.225000
0.225016
0.224985
0.224888
0.224939
0.224869
0.224862
0.224840
0.224806
0.224788
0.224709
0.224681
0.224725
0.224651
0.224602
0.224622
0.224461
0.224440
0.224431
0.224378
0.224377
0.224358
0.224375
0.224237
0.224224
0.224340
0.224278
0.224170
0.224066
0.224180
0.224105
0.224122
0.223994
0.224077
0.224022
0.224003
0.223927
0.223895
0.223975
0.223871
0.223802
0.223857
0.223806
0.223619
0.223549
0.223547
0.223599
0.223607
0.223551
0.223491
0.223504
0.223430
0.223492
0.223436
0.223428
0.223395
0.223418
0.223363
0.223337
0.223403
0.223346
0.223405
0.223306
0.223174
0.223186
0.223154
0.223125
0.223059
0.223039
0.223003
0.223054
0.223012
0.222920
0.222856
0.222883
0.222837
0.222888
0.222893
0.222921
0.222816
0.222815
0.222794
0.222758
0.222746
0.222676
0.222630
0.222572
0.222571
0.222540
0.222509
0.222405
0.222301
0.222323
0.222275
0.222295
0.222267
0.222244
0.222228
0.222233
0.222166
0.222212
0.222223
0.222132
0.222166
0.222082
0.222082
0.222046
0.221989
0.222014
0.221873
0.221973
0.221842
0.221920
0.221957
0.221892
0.221896
0.221899
0.221879
0.221843
0.221847
0.221813
0.221791
0.221755
0.221706
0.221663
0.221650
0.221650
0.221736
0.221646
0.221714
0.221684
0.221640
0.221569
0.221656
0.221594
0.221511
0.221517
0.221582
0.221586
0.221527
0.221509
0.221595
0.221591
0.221604
0.221537
0.221597
0.221610
0.221548
0.221566
0.221571
0.221618
0.221630
0.221540
0.221543
0.221570
0.221533
0.221540
0.221580
0.221484
0.221486
0.221536
0.221538
0.221491
0.221508
0.221499
0.221438
0.221451
0.221533
0.221489
0.221444
0.221424
0.221390
0.221356
0.221333
0.221372
0.221342
0.221393
0.221260
0.221294
0.221252
0.221233
0.221246
0.221183
0.221155
0.221228
0.221235
0.221198
0.221205
0.221208
0.221219
0.221169
0.221086
0.221160
0.221149
0.221187
0.221235
0.221174
0.221174
0.221114
0.221168
0.221169
0.221171
0.221158
0.221158
0.221136
0.221145
0.221163
0.221103
0.221131
0.221065
0.221080
0.221139
0.221140
0.221190
0.221112
0.221072
0.221105
0.221160
0.221101
0.221130
0.221116
0.221126
0.221176
0.221199
0.221246
0.221213
0.221246
0.221163
0.221226
0.221226
0.221235
0.221275
0.221221
0.221310
0.221343
0.221255
0.221365
0.221367
0.221377
0.221349
0.221356
0.221390
0.221394
0.221448
0.221448
0.221370
0.221370
0.221420
0.221482
0.221515
0.221479
0.221479
0.221490
0.221565
0.221459
0.221417
0.221417
0.221531
0.221531
0.221492
0.221455
0.221455
0.221527
0.221520
0.221548
0.221498
0.221521
0.221571
0.221606
0.221601
0.221565
0.221562
0.221511
0.221493
0.221486
0.221514
0.221641
0.221586
0.221544
0.221540
0.221455
0.221530
0.221497
0.221458
0.221492
0.221457
0.221505
0.221517
0.221517
0.221516
0.221508
0.221523
0.221483
0.221450
0.221448
0.221403
0.221453
0.221501
0.221515
0.221521
0.221521
0.221571
0.221571
0.221534
0.221549
0.221578
0.221629
0.221629
0.221629
0.221629
0.221729
0.221642
0.221642
0.221642
0.221605
0.221664
0.221719
0.221729
0.221696
0.221666
0.221716
0.221759
0.221768
0.221850
0.221859
0.221841
0.221891
0.221902
0.221865
0.221865
0.221927
0.221977
0.222013
0.221989
0.221989
0.221943
0.221992
0.221970
0.221983
0.221985
0.221985
0.222035
0.222035
0.222035
0.222059
0.222059
0.222145
0.222107
0.222082
0.222082
0.222082
0.222081
0.222181
0.222181
0.222181
0.222181
0.222145
0.222195
0.222159
0.222159
0.222195
0.222245
0.222175
0.222183
0.222167
0.222160
0.222153
0.222118
0.222163
0.222158
0.222163
0.222163
0.222159
0.222159
0.222214
0.222245
0.222211
0.222209
0.222174
0.222224
0.222273
0.222239
0.222239
0.222239
0.222239
0.222238
0.222288
0.222288
0.222287
0.222337
0.222265
0.222265
0.222315
0.222315
0.222280
0.222280
0.222280
0.222330
0.222330
0.222361
0.222360
0.222360
0.222360
0.222376
0.222376
0.222376
0.222385
0.222389
0.222399
0.222472
0.222529
0.222529
0.222505
0.222512
0.222512
0.222571
0.222547
0.222512
0.222523
0.222523
0.222591
0.222702
0.222702
0.222649
0.222661
0.222624
0.222624
0.222674
0.222674
0.222687
0.222653
0.222653
0.222705
0.222791
0.222791
0.222791
0.222789
0.222789
0.222824
0.222887
0.222887
0.222887
0.222867
0.222893
0.222945
0.222912
0.222922
0.222922
0.222922
0.222922
0.222922
0.222888
0.222888
0.222818
0.222809
0.222841
0.222884
0.222878
0.222878
0.222840
0.222801
0.222830
0.222880
0.222877
0.222876
0.222873
0.222836
0.222936
0.222934
0.222934
0.222934
0.222933
0.222933
0.222981
0.222981
0.222987
0.222986
0.222986
0.222986
0.223086
0.223086
0.223086
0.223047
0.223047
0.223097
0.223097
0.223097
0.223097
0.223097
0.223097
0.223153
0.223152
0.223152
0.223202
0.223167
0.223167
0.223217
0.223226
0.223230
0.223236
0.223243
0.223250
0.223300
0.223307
0.223316
0.223354
0.223297
0.223357
0.223406
0.223417
0.223417
0.223415
0.223461
0.223461
0.223511
0.223523
0.223523
0.223522
0.223522
0.223522
0.223584
0.223584
0.223584
0.223565
0.223565
0.223565
0.223564
0.223614
0.223624
0.223624
0.223637
0.223602
0.223602
0.223636
0.223686
0.223686
0.223685
0.223685
0.223684
0.223684
0.223684
0.223702
0.223752
0.223682
0.223673
0.223657
0.223649
0.223642
0.223642
0.223687
0.223682
0.223678
0.223678
0.223674
0.223674
0.223672
0.223672
0.223669
0.223717
0.223684
0.223653
0.223652
0.223652
0.223652
0.223652
0.223702
0.223701
0.223751
0.223750
0.223750
0.223750
0.223750
0.223710
0.223710
0.223697
0.223697
0.223747
0.223747
0.223747
0.223747
0.223747
0.223747
0.223747
0.223716
0.223716
0.223715
0.223715
0.223765
0.223774
0.223778
0.223788
0.223795
0.223818
0.223818
0.223875
0.223884
0.223884
0.223892
0.223902
0.223902
0.223963
0.223963
0.223963
0.223974
0.223974
0.223974
0.223956
0.223956
0.223954
0.223954
0.223954
0.223967
0.223959
0.223959
0.224009
0.224009
0.224009
0.224009
0.223976
0.224015
0.224015
0.224028
0.224028
0.224028
0.224028
0.224027
0.224021
0.224021
0.224020
0.224020
0.224020
0.224020
0.224020
0.224020
0.224038
0.223997
0.223950
0.223942
0.223986
0.223986
0.223980
0.224007
0.224003
0.224038
0.223996
0.223996
0.223992
0.224030
0.224030
0.224029
0.224029
0.223989
0.223988
0.223988
0.223987
0.223987
0.223987
0.223987
0.223953
0.223953
0.223953
0.223953
0.223952
0.223986
0.223986
0.223986
0.223986
0.223986
0.223986
0.223986
0.223951
0.223921
0.223971
0.223971
0.223971
0.223971
0.223971
0.223971
0.223979
0.223983
0.223994
0.224000
0.224007
0.224007
0.224015
0.223990
0.223990
0.223999
0.223969
0.223969
0.223980
0.223963
0.223963
0.224007
0.223974
0.223974
0.223986
0.223986
0.223986
0.223986
0.223986
0.223985
0.223998
0.223998
0.223998
0.223998
0.223998
0.223998
0.223998
0.223997
0.223960
0.223973
0.224011
0.224011
0.224011
0.224011
0.223981
0.223980
0.223980
0.223980
0.224030
0.224030
0.223954
0.223954
0.223953
0.223883
0.223911
0.223894
0.223887
0.223881
0.223881
0.223875
0.223870
0.223866
0.223866
0.223826
0.223826
0.223823
0.223823
0.223823
0.223821
0.223858
0.223858
0.223857
0.223857
0.223857
0.223857
0.223895
0.223857
0.223857
0.223857
0.223857
0.223857
0.223807
0.223768
0.223766
0.223766
0.223799
0.223799
0.223799
0.223799
0.223730
0.223768
0.223768
0.223768
0.223768
0.223738
0.223738
0.223738
0.223747
0.223788
0.223822
0.223828
0.223798
0.223768
0.223776
0.223822
0.223822
0.223800
0.223809
0.223809
0.223820
0.223820
0.223856
0.223867
0.223867
0.223899
0.223911
0.223872
0.223872
0.223872
0.223872
0.223884
0.223884
0.223884
0.223884
0.223853
0.223853
0.223853
0.223853
0.223884
0.223884
0.223898
0.223898
0.223898
0.223898
0.223898
0.223898
0.223898
0.223898
0.223898
0.223898
0.223898
0.223898
0.223898
0.223898
0.223828
0.223819
0.223802
0.223795
0.223789
0.223789
0.223744
0.223740
0.223735
0.223703
0.223699
0.223699
0.223666
0.223666
0.223635
0.223634
0.223666
0.223667
0.223696
0.223696
0.223696
0.223696
0.223663
0.223633
0.223599
0.223649
0.223649
0.223649
0.223649
0.223649
0.223683
0.223683
0.223683
0.223683
0.223683
0.223683
0.223650
0.223650
0.223650
0.223650
0.223650
0.223700
0.223700
0.223701
0.223710
0.223714
0.223685
0.223692
0.223699
0.223699
0.223707
0.223716
0.223716
0.223725
0.223735
0.223735
0.223746
0.223746
0.223746
0.223757
0.223765
0.223766
0.223778
0.223778
0.223778
0.223778
0.223779
0.223841
0.223841
0.223841
0.223841
0.223841
0.223842
0.223842
0.223842
0.223880
0.223880
0.223894
0.223894
0.223894
0.223894
0.223894
0.223817
0.223818
0.223818
0.223818
0.223818
0.223818
0.223818
0.224085
0.224970
0.227453
0.232225
0.239158
0.247740
0.257415
0.267673
0.278048
0.288109
0.297763
0.306971
0.315929
0.324975
0.334131
0.343420
0.352752
0.362301
0.371752
0.381157
0.390511
0.399342
0.407348
0.413906
0.418797
0.421955
0.423467
0.423814
0.423274
0.422391
0.421356
0.420519
0.419841
0.419283
0.418801
0.418172
0.417495
0.416666
0.415553
0.414425
0.413356
0.412227
0.411385
0.410593
0.409966
0.409273
0.408808
0.408201
0.407641
0.406945
0.406347
0.405477
0.403818
0.400378
0.394795
0.387417
0.378717
0.369210
0.359496
0.349837
0.340640
0.331669
0.322821
0.314112
0.305348
0.296539
0.287870
0.279411
0.271376
0.264199
0.258127
0.253325
0.250036
0.247603
0.245925
0.244700
0.244035
0.243404
0.242619
0.241760
0.240507
0.239186
0.237858
0.236722
0.235838
0.235260
0.234833
0.234639
0.234282
0.233842
0.233470
0.232889
0.231985
0.231107
0.230078
0.229035
0.227882
0.227013
0.226122
0.225281
0.224448
0.223681
0.222762
0.221754
0.220721
0.219556
0.218362
0.217258
0.216055
0.215014
0.213883
0.212950
0.212004
0.210964
0.209916
0.208787
0.207752
0.206614
0.205520
0.204453
0.203384
0.202269
0.201181
0.200139
0.199066
0.197989
0.196853
0.195804
0.194800
0.193668
0.192672
0.191637
0.190558
0.189612
0.188686
0.187789
0.186976
0.186008
0.184947
0.183925
0.183038
0.182079
0.181178
0.180206
0.179203
0.178314
0.177292
0.176371
0.175379
0.174428
0.173443
0.172513
0.171699
0.170864
0.169943
0.169041
0.168155
0.167286
0.166368
0.165556
0.164928
0.164104
0.163260
0.162431
0.161611
0.160766
0.159881
0.159108
0.158248
0.157456
0.156676
0.155852
0.155045
0.154280
0.153453
0.152727
0.151911
0.151088
0.150263
0.149573
0.148715
0.147828
0.147129
0.146275
0.145552
0.144707
0.144006
0.143251
0.142488
0.141934
0.141276
0.140530
0.139775
0.139015
0.138255
0.137513
0.136814
0.136211
0.135413
0.134723
0.134017
0.133376
0.132793
0.132051
0.131412
0.130687
0.130031
0.129304
0.128700
0.127976
0.127443
0.126760
0.126148
0.125529
0.124897
0.124270
0.123680
0.123085
0.122536
0.121937
0.121301
0.120718
0.120353
0.119869
0.119367
0.118625
0.118146
0.117606
0.117134
0.116573
0.116045
0.115432
0.114973
0.114378
0.113924
0.113386
0.112983
0.112410
0.111896
0.111396
0.110924
0.110472
0.109993
0.109549
0.109056
0.108554
0.108214
0.107733
0.107339
0.106951
0.106587
0.106189
0.105841
0.105433
0.105013
0.104626
0.104272
0.103757
0.103328
0.102780
0.102285
0.101682
0.101190
0.100626
0.100044
0.099431
0.098852
0.098292
0.097770
0.097170
0.096675
0.096157
0.095714
0.095196
0.094651
0.094060
0.093424
0.093020
0.092538
0.092145
0.091671
0.091220
0.090878
0.090367
0.090007
0.089603
0.089156
0.088758
0.088356
0.087893
0.087492
0.087099
0.086579
0.086114
0.085845
0.085508
0.085168
0.084672
0.084232
0.083761
0.083315
0.082890
0.082493
0.082080
0.081633
0.081218
0.080845
0.080454
0.080054
0.079627
0.079269
0.078837
0.078516
0.078042
0.077720
0.077337
0.076986
0.076687
0.076421
0.076095
0.075798
0.075382
0.074975
0.074530
0.074225
0.073802
0.073396
0.073031
0.072627
0.072391
0.071896
0.071587
0.071244
0.070876
0.070488
0.070148
0.069793
0.069505
0.068997
0.068751
0.068437
0.067971
0.067779
0.067421
0.067138
0.066707
0.066489
0.066071
0.065786
0.065421
0.065032
0.064722
0.064434
0.064117
0.063720
0.063437
0.063107
0.062809
0.062458
0.062181
0.061890
0.061613
0.061286
0.060939
0.060713
0.060446
0.060194
0.059851
0.059631
0.059331
0.058947
0.058737
0.058413
0.058210
0.057861
0.057737
0.057399
0.057111
0.056807
0.056600
0.056282
0.056005
0.055763
0.055549
0.055191
0.054977
0.054754
0.054572
0.054313
0.054148
0.053908
0.053727
0.053469
0.053159
0.052906
0.052625
0.052489
0.052172
0.051960
0.051724
0.051622
0.051282
0.051047
0.050915
0.050635
0.050519
0.050289
0.050065
0.049826
0.049696
0.049364
0.049141
0.048952
0.048759
0.048560
0.048373
0.048178
0.047967
0.047852
0.047678
0.047451
0.047232
0.047150
0.046875
0.046811
0.046583
0.046410
0.046194
0.046037
0.045895
0.045724
0.045509
0.045294
0.045165
0.044997
0.044855
0.044692
0.044622
0.044413
0.044319
0.044113
0.043926
0.043789
0.043602
0.043376
0.043273
0.043092
0.042939
0.042762
0.042663
0.042600
0.042433
0.042274
0.042212
0.041985
0.041851
0.041704
0.041515
0.041442
0.041186
0.041156
0.040881
0.040799
0.040725
0.040538
0.040426
0.040278
0.040172
0.040033
0.039920
0.039755
0.039633
0.039516
0.039383
0.039284
0.039133
0.039042
0.038916
0.038792
0.038726
0.038542
0.038555
0.038446
0.038365
0.038173
0.038173
0.037974
0.037897
0.037758
0.037662
0.037591
0.037495
0.037378
0.037297
0.037209
0.037125
0.036901
0.036952
0.036858
0.036676
0.036650
0.036624
0.036469
0.036388
0.036279
0.036226
0.036162
0.036090
0.035990
0.035846
0.035763
0.035719
0.035737
0.035537
0.035590
0.035521
0.035390
0.035352
0.035227
0.035206
0.035155
0.035037
0.035037
0.034975
0.034859
0.034801
0.034779
0.034687
0.034725
0.034698
0.034612
0.034474
0.034487
0.034448
0.034322
0.034276
0.034216
0.034172
0.034134
0.034067
0.034008
0.033975
0.033878
0.033775
0.033812
0.033812
0.033707
0.033638
0.033564
0.033522
0.033480
0.033356
0.033323
0.033312
0.033270
0.033130
0.033020
0.033014
0.032956
0.032912
0.032802
0.032802
0.032759
0.032633
0.032624
0.032574
0.032495
0.032440
0.032469
0.032357
0.032357
0.032306
0.032292
0.032292
0.032168
0.032148
0.032110
0.032058
0.031973
0.031897
0.031888
0.031812
0.031823
0.031747
0.031706
0.031673
0.031637
0.031589
0.031589
0.031553
0.031546
0.031521
0.031393
0.031355
0.031296
0.031296
0.031196
0.031125
0.031125
0.031132
0.031099
0.031093
0.031054
0.031062
0.030969
0.030977
0.030937
0.030884
0.030852
0.030825
0.030793
0.030721
0.030643
0.030631
0.030674
0.030620
0.030534
0.030507
0.030514
0.030482
0.030417
0.030369
0.030420
0.030390
0.030422
0.030361
0.030244
0.030244
0.030190
0.030193
0.030147
0.030133
0.030006
0.030006
0.029984
0.029987
0.029987
0.029913
0.029920
0.029880
0.029842
0.029842
0.029842
0.029706
0.029641
0.029632
0.029590
0.029560
0.029554
0.029460
0.029415
0.029451
0.029382
0.029341
0.029335
0.029312
0.029220
0.029252
0.029252
0.029229
0.029229
0.029229
0.029188
0.029070
0.029079
0.029029
0.029001
0.029039
0.029039
0.029057
0.029019
0.028974
0.028956
0.028910
0.028877
0.028888
0.028871
0.028831
0.028806
0.028745
0.028707
0.028707
0.028707
0.028645
0.028629
0.028629
0.028629
0.028615
0.028585
0.028585
0.028594
0.028616
0.028627
0.028633
0.028593
0.028580
0.028534
0.028542
0.028473
0.028461
0.028471
0.028471
0.028482
0.028488
0.028488
0.028500
0.028480
0.028423
0.028435
0.028393
0.028393
0.028393
0.028385
0.028398
0.028398
0.028386
0.028379
0.028379
0.028363
0.028363
0.028337
0.028291
0.028305
0.028256
0.028256
0.028212
0.028212
0.028212
0.028212
0.028212
0.028210
0.028210
0.028210
0.028210
0.028140
0.028130
0.028074
0.028067
0.028061
0.028061
0.028079
0.028074
0.028074
0.028070
0.028067
0.028053
0.028051
0.028051
0.027989
0.027988
0.027991
0.027991
0.027952
0.027952
0.027952
0.027958
0.027958
0.027958
0.027957
0.027957
0.027964
0.027956
0.027982
0.027982
0.027982
0.027990
0.027990
0.027990
0.027990
0.027990
0.028000
0.028000
0.027964
0.027964
0.027964
0.027970
0.027981
0.027981
0.027981
0.027981
0.027981
0.028002
0.028006
0.028017
0.028023
0.027990
0.028004
0.028011
0.028048
0.028058
0.028012
0.028022
0.028037
0.028048
0.028013
0.028033
0.028027
0.028011
0.028011
0.028023
0.028023
0.028023
0.028023
0.028041
0.028053
0.028053
0.028061
0.028061
0.028061
0.028081
0.028081
0.028081
0.028081
0.028094
0.028094
0.028071
0.028071
0.028071
0.028102
0.028102
0.028102
0.028102
0.028124
0.028124
0.028124
0.028054
0.028045
0.028029
0.028021
0.028007
0.028007
0.028002
0.027955
0.027955
0.027951
0.027948
0.027973
0.027980
0.027980
0.027980
0.027978
0.027978
0.027978
0.027977
0.028035
0.028003
0.027963
0.027963
0.027963
0.027962
0.027962
0.027996
0.027996
0.028023
0.028023
0.028023
0.028023
0.028056
0.028056
0.028014
0.028014
0.028014
0.028011
0.027996
0.027996
0.027955
0.027955
0.027968
0.027968
0.027968
0.027968
0.027901
0.027910
0.027977
0.027988
0.027994
0.028001
0.028046
0.028053
0.028030
0.028039
0.028039
0.028049
0.028012
0.028023
0.028055
0.028055
0.028067
0.028134
0.028134
0.028147
0.028147
0.028147
0.028109
0.028122
0.028103
0.028103
0.028116
0.028116
0.028116
0.028150
0.028150
0.028150
0.028150
0.028161
0.028161
0.028161
0.028161
0.028161
0.028161
0.028161
0.028129
0.028129
0.028129
0.028096
0.028096
0.028026
0.028017
0.028001
0.028062
0.028071
0.028071
0.028107
0.028070
0.028070
0.028066
0.028063
0.028100
0.027999
0.027999
0.027999
0.027997
0.027997
0.028010
0.028009
0.028041
0.028118
0.028118
0.028118
0.028091
0.028091
0.028091
0.028062
0.028062
0.028029
0.028046
0.028046
0.028072
0.028046
0.028031
0.028010
0.028042
0.028014
0.028014
0.028014
0.028014
0.028014
0.028053
0.028053
0.028053
0.028053
0.027981
0.027981
0.027990
0.027994
0.028004
0.028043
0.028050
0.028069
0.028076
0.028098
0.028107
0.028107
0.028117
0.028117
0.028128
0.028128
0.028139
0.028150
0.028150
0.028125
0.028097
0.028129
0.028129
0.028129
0.028129
0.028142
0.028110
0.028110
0.028087
0.028106
0.028106
0.028138
0.028138
0.028138
0.028152
0.028119
0.028152
0.028152
0.028130
0.028130
0.028130
0.028098
0.028098
0.028098
0.028098
0.028098
0.028027
0.028028
0.027991
0.027984
0.027999
0.027999
0.027993
0.028029
0.028029
0.028067
0.028063
0.028031
0.028029
0.028009
0.028009
0.028008
0.028008
0.028040
0.028038
0.028038
0.028038
0.028038
0.028001
0.027983
0.028020
0.028020
0.028042
0.028010
0.028010
0.028010
0.028010
0.028010
0.028010
0.028011
0.028026
0.028026
0.027989
0.027989
0.027989
0.027989
0.027989
0.028026
0.027994
0.027994
0.027979
0.028022
0.028031
0.028057
0.028039
0.028045
0.028084
0.028046
0.028095
0.028104
0.028113
0.028100
0.028110
0.028147
0.028126
0.028126
0.028126
0.028137
0.028137
0.028137
0.028150
0.028138
0.028170
0.028132
0.028156
0.028169
0.028169
0.028169
0.028169
0.028169
0.028175
0.028165
0.028165
0.028165
0.028178
0.028178
0.028178
0.028220
0.028220
0.028214
0.028214
0.028214
0.028206
0.028206
0.028206
0.028174
0.028211
0.028166
0.028157
0.028140
0.028133
0.028127
0.028121
0.028115
0.028072
0.028105
0.028142
0.028139
0.028139
0.028136
0.028136
0.028104
0.028135
0.028135
0.028135
0.028134
0.028134
0.028134
0.028134
0.028124
0.028085
0.028118
0.028143
0.028141
0.028141
0.028141
0.028141
0.028108
0.028146
0.028128
0.028128
0.028128
0.028128
0.028128
0.028128
0.028128
0.028090
0.028090
0.028122
0.028122
0.028122
0.028122
0.028090
0.028100
0.028104
0.028152
0.028158
0.028165
0.028165
0.028173
0.028182
0.028218
0.028183
0.028193
0.028193
0.028203
0.028203
0.028246
0.028258
0.028258
0.028258
0.028308
0.028312
0.028312
0.028312
0.028359
0.028372
0.028334
0.028334
0.028334
0.028334
0.028340
0.028340
0.028340
0.028340
0.028328
0.028328
0.028366
0.028326
0.028326
0.028334
0.028334
0.028334
0.028296
0.028296
0.028296
0.028296
0.028296
0.028236
0.028226
0.028210
0.028203
0.028197
0.028262
0.028303
0.028299
0.028299
0.028305
0.028302
0.028264
0.028261
0.028261
0.028261
0.028259
0.028259
0.028272
0.028271
0.028271
0.028271
0.028271
0.028309
0.028308
0.028308
0.028322
0.028284
0.028284
0.028284
0.028284
0.028284
0.028284
0.028285
0.028344
0.028305
0.028305
0.028350
0.028350
0.028350
0.028350
0.028367
0.028367
0.028367
0.028367
0.028367
0.028376
0.028380
0.028390
0.028414
0.028421
0.028421
0.028429
0.028438
0.028480
0.028489
0.028518
0.028518
0.028529
0.028529
0.028529
0.028498
0.028498
0.028498
0.028530
0.028530
0.028530
0.028573
0.028573
0.028586
0.028586
0.028607
0.028607
0.028607
0.028607
0.028607
0.028607
0.028607
0.028592
0.028605
0.028648
0.028648
0.028648
0.028648
0.028648
0.028671
0.028671
0.028671
0.028671
0.028671
0.028671
0.028671
0.028625
0.028616
0.028600
0.028593
0.028586
0.028586
0.028606
0.028601
0.028597
0.028597
0.028594
0.028594
0.028591
0.028618
0.028618
0.028616
0.028616
0.028616
0.028615
0.028642
0.028642
0.028642
0.028642
0.028642
0.028642
0.028642
0.028633
0.028633
0.028633
0.028633
0.028633
0.028633
0.028633
0.028662
0.028662
0.028662
0.028662
0.028662
0.028662
0.028662
0.028662
0.028662
0.028662
0.028662
0.028662
0.028671
0.028675
0.028686
0.028723
0.028730
0.028730
0.028738
0.028746
0.028746
0.028756
0.028797
0.028797
0.028808
0.028771
0.028771
0.028783
0.028783
0.028783
0.028795
0.028827
0.028784
0.028801
0.028801
0.028814
0.028814
0.028814
0.028814
0.028848
0.028810
0.028810
0.028810
0.028810
0.028810
0.028824
0.028824
0.028824
0.028858
0.028858
0.028858
0.028858
0.028858
0.028858
0.028858
0.028858
0.028858
0.028823
0.028813
0.028797
0.028790
0.028750
0.028750
0.028744
0.028740
0.028740
0.028735
0.028768
0.028768
0.028765
0.028765
0.028765
0.028763
0.028763
0.028763
0.028762
0.028762
0.028799
0.028799
0.028799
0.028799
0.028799
0.028799
0.028767
0.028767
0.028767
0.028767
0.028767
0.028804
0.028804
0.028805
0.028805
0.028805
0.028824
0.028824
0.028824
0.028824
0.028782
0.028782
0.028751
0.028751
0.028790
0.028760
0.028769
0.028774
0.028784
0.028790
0.028797
0.028797
0.028768
0.028777
0.028786
0.028786
0.028766
0.028766
0.028817
0.028817
0.028817
0.028828
0.028828
0.028828
0.028840
0.028840
0.028840
0.028840
0.028812
0.028825
0.028825
0.028825
0.028825
0.028825
0.028865
0.028865
0.028865
0.028865
0.028852
0.028873
0.028873
0.028873
0.028873
0.028873
0.028873
0.028873
0.028873
0.028833
0.028807
0.028807
0.028807
0.028737
0.028728
0.028711
0.028704
0.028740
0.028740
0.028710
0.028705
0.028705
0.028701
0.028697
0.028697
0.028695
0.028695
0.028695
0.028669
0.028669
0.028669
0.028668
0.028668
0.028668
0.028668
0.028668
0.028677
0.028645
0.028645
0.028645
0.028645
0.028645
0.028645
0.028645
0.028623
0.028623
0.028584
0.028584
0.028584
0.028584
0.028609
0.028620
0.028620
0.028620
0.028588
0.028588
0.028588
0.028588
0.028577
0.028581
0.028591
0.028598
0.028605
0.028605
0.028613
0.028602
0.028635
0.028644
0.028654
0.028654
0.028632
0.028632
0.028614
0.028626
0.028626
0.028588
0.028600
0.028600
0.028600
0.028600
0.028583
0.028628
0.028628
0.028628
0.028628
0.028628
0.028596
0.028580
0.028580
0.028580
0.028580
0.028594
0.028594
0.028594
0.028579
0.028579
0.028579
0.028612
0.028612
0.028612
0.028573
0.028535
0.028502
0.028502
0.028432
0.028423
0.028407
0.028387
0.028381
0.028381
0.028376
0.028371
0.028367
0.028399
0.028385
0.028385
0.028382
0.028382
0.028350
0.028348
0.028338
0.028338
0.028337
0.028337
0.028300
0.028300
0.028300
0.028291
0.028291
0.028324
0.028324
0.028324
0.028324
0.028317
0.028284
0.028284
0.028285
0.028285
0.028285
0.028285
0.028279
0.028279
0.028279
0.028279
0.028279
0.028276
0.028271
0.028271
0.028271
0.028280
0.028284
0.028262
0.028265
0.028272
0.028272
0.028280
0.028288
0.028288
0.028296
0.028306
0.028338
0.028349
0.028349
0.028349
0.028360
0.028325
0.028325
0.028305
0.028305
0.028305
0.028305
0.028305
0.028290
0.028290
0.028290
0.028290
0.028323
0.028325
0.028325
0.028325
0.028282
0.028282
0.028296
0.028266
0.028266
0.028232
0.028232
0.028232
0.028237
0.028237
0.028237
0.028237
0.028269
0.028269
0.028205
0.028196
0.028180
0.028173
0.028166
0.028134
0.028135
0.028130
0.028130
0.028126
0.028123
0.028090
0.028121
0.028121
0.028154
0.028152
0.028152
0.028162
0.028161
0.028161
0.028161
0.028128
0.028128
0.028139
0.028139
0.028139
0.028139
0.028139
0.028151
0.028151
0.028156
0.028124
0.028124
0.028124
0.028129
0.028129
0.028129
0.028097
0.028097
0.028111
0.028111
0.028111
0.028111
0.028111
0.028127
0.028127
0.028168
0.028172
0.028183
0.028206
0.028213
0.028183
0.028191
0.028167
0.028176
0.028194
0.028204
0.028204
0.028214
0.028214
0.028233
0.028245
0.028277
0.028277
0.028289
0.028309
0.028309
0.028309
0.028309
0.028289
0.028310
0.028310
0.028282
0.028282
0.028282
0.028304
0.028304
0.028304
0.028350
0.028350
0.028373
0.028373
0.028344
0.028344
0.028344
0.028335
0.028335
0.028335
0.028335
0.028335
0.028360
0.028290
0.028281
0.028264
0.028263
0.028282
0.028282
0.028277
0.028272
0.028272
0.028268
0.028258
0.028258
0.028255
0.028255
0.028255
0.028281
0.028281
0.028240
0.028239
0.028272
0.028272
0.028300
0.028300
0.028300
0.028300
0.028300
0.028243
0.028272
0.028272
0.028272
0.028272
0.028272
0.028272
0.028303
0.028335
0.028335
0.028335
0.028297
0.028297
0.028328
0.028328
0.028328
0.028295
0.028295
0.028295
0.028276
0.028311
0.028322
0.028328
0.028335
0.028368
0.028375
0.028325
0.028358
0.028367
0.028377
0.028377
0.028388
0.028355
0.028355
0.028400
0.028400
0.028400
0.028377
0.028335
0.028335
0.028367
0.028409
0.028456
0.028456
0.028456
0.028456
0.028414
0.028414
0.028380
0.028347
0.028347
0.028383
0.028396
0.028396
0.028378
0.028378
0.028410
0.028403
0.028403
0.028403
0.028403
0.028440
0.028440
0.028440
0.028440
0.028337
0.028296
0.028279
0.028272
0.028266
0.028266
0.028260
0.028326
0.028321
0.028290
0.028287
0.028287
0.028257
0.028257
0.028257
0.028255
0.028192
0.028192
0.028191
0.028191
0.028191
0.028214
0.028214
0.028217
0.028217
0.028217
0.028217
0.028217
0.028217
0.028217
0.028189
0.028189
0.028157
0.028157
0.028157
0.028157
0.028157
0.028129
0.028129
0.028161
0.028161
0.028202
0.028202
0.028176
0.028176
0.028185
0.028189
0.028199
0.028173
0.028154
0.028154
0.028162
0.028171
0.028171
0.028180
0.028197
0.028197
0.028208
0.028208
0.028197
0.028208
0.028184
0.028208
0.028220
0.028188
0.028188
0.028188
0.028165
0.028177
0.028177
0.028177
0.028210
0.028210
0.028188
0.028215
0.028215
0.028189
0.028189
0.028181
0.028181
0.028148
0.028148
0.028148
0.028148
0.028128
0.028128
0.028128
0.028161
0.028161
0.028161
0.028071
0.028062
0.028045
0.028038
0.028032
0.028032
0.027975
0.027970
0.027970
0.027925
0.027922
0.027922
0.027902
0.027935
0.027935
0.027974
0.027966
0.027950
0.027949
0.027949
0.027949
0.027908
0.027876
0.027860
0.027860
0.027860
0.027860
0.027860
0.027860
0.027878
0.027878
0.027878
0.027878
0.027879
0.027866
0.027866
0.027866
0.027866
0.027833
0.027833
0.027821
0.027821
0.027774
0.027774
0.027774
0.027796
0.027833
0.027837
0.027847
0.027854
0.027861
0.027851
0.027859
0.027867
0.027844
0.027844
0.027854
0.027846
0.027856
0.027834
0.027834
0.027914
0.027906
0.027906
0.027918
0.027918
0.027918
0.027918
0.027913
0.027925
0.027893
0.027893
0.027893
0.027888
0.027888
0.027888
0.027888
0.027921
0.027934
0.027931
0.027928
0.027928
0.027928
0.027928
0.027928
0.027878
