1.525480
1.359553
1.204018
1.094239
1.032432
1.005907
0.998337
0.999183
0.999825
0.999438
0.998600
0.997824
0.997607
0.997534
0.997766
0.997751
0.997296
0.996563
0.995351
0.993969
0.992458
0.990498
0.988522
0.986855
0.985112
0.983148
0.981328
0.979303
0.977679
0.975911
0.974049
0.972321
0.970610
0.968632
0.966945
0.965017
0.963079
0.961207
0.959242
0.957153
0.954901
0.952862
0.950584
0.948684
0.946587
0.944921
0.942912
0.940780
0.938726
0.937300
0.935726
0.934436
0.933181
0.931962
0.930587
0.929208
0.927632
0.926071
0.924608
0.923133
0.921680
0.920302
0.918946
0.917533
0.916041
0.914578
0.913141
0.911649
0.910253
0.908543
0.907059
0.905492
0.904291
0.903051
0.901286
0.899192
0.897191
0.894944
0.892865
0.890751
0.888505
0.886095
0.884060
0.881633
0.879585
0.877369
0.875171
0.873028
0.870922
0.868579
0.866708
0.864543
0.862455
0.860339
0.858198
0.856290
0.853976
0.852021
0.849806
0.847495
0.845370
0.843165
0.841064
0.838863
0.836603
0.834595
0.832467
0.830239
0.828017
0.825823
0.823527
0.821182
0.818783
0.816460
0.814135
0.811736
0.809470
0.806951
0.804453
0.802003
0.799668
0.797206
0.794648
0.792120
0.789562
0.787180
0.784855
0.782451
0.780178
0.777577
0.775194
0.772774
0.770675
0.768213
0.765749
0.763438
0.761082
0.758664
0.756361
0.754133
0.751774
0.749248
0.747011
0.744634
0.742377
0.740208
0.737886
0.735408
0.732828
0.730545
0.728216
0.725792
0.723658
0.721467
0.719092
0.716613
0.714137
0.711397
0.708377
0.705460
0.702210
0.699315
0.696295
0.693252
0.690326
0.687672
0.684795
0.682147
0.679850
0.676876
0.674364
0.671872
0.669415
0.666686
0.664003
0.661479
0.658561
0.655422
0.652450
0.649706
0.646797
0.643817
0.640530
0.637814
0.635016
0.632068
0.628884
0.625936
0.623201
0.620275
0.617159
0.614111
0.611545
0.608719
0.605757
0.602756
0.600505
0.598381
0.595598
0.592732
0.589841
0.587066
0.584491
0.581696
0.578897
0.576505
0.574303
0.571229
0.568570
0.565855
0.563107
0.560509
0.557882
0.555225
0.552421
0.549858
0.547181
0.544442
0.541668
0.539324
0.536733
0.534012
0.531461
0.529169
0.526532
0.523821
0.521114
0.518829
0.516373
0.513646
0.511027
0.508271
0.506007
0.503655
0.500843
0.498080
0.495433
0.493040
0.490615
0.487941
0.485258
0.482545
0.480177
0.477914
0.475248
0.472346
0.469609
0.467228
0.465114
0.462883
0.460128
0.457406
0.454741
0.452163
0.450012
0.447529
0.444870
0.442212
0.439559
0.437376
0.435204
0.432906
0.430555
0.428016
0.425877
0.423639
0.421437
0.418944
0.416621
0.414409
0.412219
0.409600
0.407327
0.405221
0.402852
0.400416
0.398236
0.395942
0.393807
0.391645
0.389449
0.387249
0.384934
0.382754
0.380581
0.378471
0.376391
0.374225
0.372079
0.370025
0.367925
0.365830
0.363811
0.361630
0.359525
0.357549
0.355655
0.353768
0.351684
0.349538
0.347518
0.345543
0.343554
0.341306
0.339215
0.337225
0.335263
0.333197
0.331169
0.329407
0.327479
0.325522
0.323575
0.321844
0.320026
0.318357
0.316767
0.315228
0.313805
0.312108
0.310539
0.308958
0.307027
0.305160
0.303335
0.301477
0.299558
0.297833
0.296018
0.294178
0.292291
0.290492
0.288791
0.286902
0.285283
0.283673
0.281970
0.280221
0.278522
0.276771
0.275261
0.273618
0.271950
0.270321
0.268721
0.267182
0.265421
0.263942
0.262351
0.260908
0.259222
0.257663
0.256140
0.254508
0.252779
0.251197
0.249670
0.247926
0.246306
0.244638
0.243129
0.241581
0.239754
0.238262
0.236755
0.235325
0.233752
0.232188
0.230668
0.229268
0.227581
0.225903
0.224596
0.223055
0.221616
0.220028
0.218537
0.217107
0.215646
0.214181
0.212828
0.211254
0.209794
0.208563
0.207114
0.205713
0.204274
0.203019
0.201530
0.200185
0.198885
0.197533
0.196189
0.194718
0.193451
0.192165
0.190914
0.189673
0.188393
0.187045
0.185755
0.184432
0.183133
0.181767
0.180533
0.179407
0.178142
0.176879
0.175572
0.174379
0.173115
0.171990
0.170771
0.169558
0.168390
0.167177
0.165929
0.164863
0.163716
0.162507
0.161305
0.160164
0.159028
0.157910
0.156832
0.155643
0.154611
0.153462
0.152400
0.151371
0.150221
0.149146
0.148222
0.146983
0.145955
0.144877
0.143800
0.142746
0.141674
0.140547
0.139596
0.138501
0.137583
0.136525
0.135568
0.134530
0.133456
0.132695
0.131547
0.130662
0.129791
0.128785
0.127748
0.126911
0.125912
0.125022
0.123926
0.123132
0.122310
0.121297
0.120465
0.119546
0.118807
0.118012
0.117130
0.116299
0.115556
0.114705
0.113952
0.112950
0.112287
0.111493
0.110691
0.109910
0.109078
0.108379
0.107621
0.106928
0.106199
0.105484
0.104930
0.104189
0.103445
0.102733
0.102116
0.101437
0.100737
0.100086
0.099330
0.098772
0.098155
0.097462
0.096781
0.096322
0.095649
0.095005
0.094555
0.093923
0.093297
0.092637
0.092108
0.091514
0.090788
0.090332
0.089862
0.089354
0.088688
0.088171
0.087704
0.087184
0.086739
0.086166
0.085587
0.085118
0.084728
0.084190
0.083757
0.083244
0.082651
0.082142
0.081689
0.081238
0.080851
0.080522
0.080062
0.079590
0.079113
0.078748
0.078301
0.077865
0.077488
0.077001
0.076490
0.076106
0.075702
0.075334
0.074808
0.074401
0.073987
0.073586
0.073196
0.072769
0.072400
0.072055
0.071646
0.071200
0.070849
0.070412
0.070059
0.069621
0.069268
0.069031
0.068570
0.068218
0.067805
0.067485
0.067131
0.066837
0.066407
0.066020
0.065727
0.065336
0.065050
0.064635
0.064370
0.063905
0.063565
0.063214
0.062871
0.062545
0.062088
0.061838
0.061416
0.061099
0.060661
0.060415
0.060048
0.059784
0.059487
0.059105
0.058800
0.058468
0.058092
0.057749
0.057431
0.057079
0.056760
0.056433
0.056095
0.055819
0.055451
0.055124
0.054700
0.054420
0.054169
0.053749
0.053416
0.052964
0.052706
0.052342
0.052088
0.051667
0.051200
0.051002
0.050721
0.050329
0.050080
0.049713
0.049431
0.049215
0.048738
0.048539
0.048241
0.047937
0.047673
0.047335
0.047097
0.046837
0.046537
0.046220
0.045887
0.045580
0.045271
0.045031
0.044850
0.044565
0.044288
0.044070
0.043766
0.043602
0.043341
0.043135
0.042862
0.042534
0.042409
0.042150
0.041933
0.041690
0.041583
0.041302
0.041051
0.040865
0.040646
0.040448
0.040250
0.040077
0.039964
0.039650
0.039518
0.039306
0.039102
0.038886
0.038709
0.038584
0.038511
0.038210
0.038138
0.037994
0.037805
0.037640
0.037450
0.037346
0.037155
0.036984
0.036858
0.036762
0.036613
0.036456
0.036371
0.036190
0.036081
0.036049
0.035895
0.035842
0.035623
0.035488
0.035400
0.035285
0.035178
0.035006
0.034916
0.034746
0.034603
0.034475
0.034286
0.034260
0.034172
0.034113
0.033966
0.033863
0.033915
0.033763
0.033715
0.033569
0.033494
0.033484
0.033335
0.033221
0.033206
0.033148
0.033075
0.033026
0.033022
0.032916
0.032867
0.032811
0.032745
0.032716
0.032668
0.032550
0.032501
0.032456
0.032424
0.032376
0.032291
0.032256
0.032216
0.032179
0.032210
0.032206
0.032114
0.032054
0.032050
0.032033
0.031898
0.031864
0.031803
0.031771
0.031734
0.031853
0.031788
0.031774
0.031779
0.031679
0.031724
0.031662
0.031642
0.031633
0.031599
0.031546
0.031462
0.031474
0.031426
0.031395
0.031420
0.031437
0.031390
0.031448
0.031488
0.031432
0.031441
0.031393
0.031435
0.031359
0.031297
0.031291
0.031243
0.031288
0.031243
0.031268
0.031192
0.031159
0.031109
0.031143
0.031062
0.031104
0.031049
0.031082
0.031067
0.031113
0.031042
0.031008
0.030891
0.030918
0.030903
0.030837
0.030858
0.030877
0.030883
0.030773
0.030742
0.030769
0.030766
0.030753
0.030757
0.030805
0.030805
0.030710
0.030727
0.030727
0.030695
0.030736
0.030732
0.030706
0.030706
0.030745
0.030771
0.030771
0.030754
0.030675
0.030747
0.030747
0.030700
0.030657
0.030712
0.030575
0.030551
0.030583
0.030544
0.030567
0.030564
0.030531
0.030541
0.030596
0.030552
0.030590
0.030477
0.030557
0.030562
0.030573
0.030544
0.030559
0.030551
0.030520
0.030494
0.030494
0.030508
0.030544
0.030466
0.030426
0.030496
0.030533
0.030452
0.030414
0.030428
0.030441
0.030441
0.030445
0.030365
0.030376
0.030406
0.030374
0.030463
0.030384
0.030452
0.030510
0.030510
0.030510
0.030520
0.030477
0.030483
0.030506
0.030458
0.030475
0.030427
0.030395
0.030338
0.030338
0.030421
0.030368
0.030394
0.030345
0.030268
0.030349
0.030285
0.030337
0.030327
0.030287
0.030251
0.030218
0.030171
0.030212
0.030235
0.030148
0.030112
0.030131
0.030112
0.030135
0.030135
0.030180
0.030234
0.030254
0.030176
0.030176
0.030176
0.030134
0.030134
0.029961
0.029888
0.029963
0.029963
0.029963
0.030032
0.030063
0.030016
0.030007
0.030007
0.030007
0.030036
0.029922
0.029922
0.029848
0.029848
0.029868
0.029828
0.029857
0.029857
0.029857
0.029922
0.029896
0.029945
0.029928
0.029985
0.029981
0.029989
0.029968
0.029932
0.029892
0.029903
0.029903
0.029984
0.029973
0.029973
0.029985
0.030022
0.030100
0.030113
0.030099
0.030015
0.029998
0.029953
0.029933
0.029888
0.029918
0.029953
0.029988
0.029988
0.030018
0.029975
0.030032
0.030054
0.030044
0.030001
0.030034
0.030034
0.029996
0.029996
0.029996
0.029996
0.029996
0.029964
0.029964
0.029882
0.029810
0.029808
0.029771
0.029860
0.029883
0.029853
0.029848
0.029843
0.029834
0.029830
0.029785
0.029748
0.029746
0.029746
0.029716
0.029714
0.029715
0.029675
0.029674
0.029674
0.029743
0.029787
0.029758
0.029775
0.029734
0.029734
0.029696
0.029696
0.029657
0.029657
0.029657
0.029599
0.029599
0.029576
0.029540
0.029495
0.029565
0.029582
0.029582
0.029517
0.029517
0.029486
0.029486
0.029486
0.029495
0.029465
0.029469
0.029489
0.029495
0.029530
0.029555
0.029562
0.029602
0.029602
0.029650
0.029637
0.029593
0.029573
0.029536
0.029571
0.029549
0.029549
0.029557
0.029547
0.029547
0.029547
0.029538
0.029499
0.029555
0.029580
0.029611
0.029611
0.029590
0.029509
0.029481
0.029481
0.029481
0.029481
0.029519
0.029550
0.029550
0.029530
0.029495
0.029534
0.029503
0.029546
0.029508
0.029541
0.029541
0.029541
0.029566
0.029495
0.029442
0.029409
0.029402
0.029396
0.029365
0.029359
0.029324
0.029394
0.029362
0.029398
0.029411
0.029408
0.029408
0.029408
0.029406
0.029391
0.029383
0.029400
0.029400
0.029330
0.029330
0.029369
0.029335
0.029335
0.029349
0.029349
0.029349
0.029349
0.029349
0.029338
0.029338
0.029300
0.029300
0.029288
0.029288
0.029288
0.029272
0.029311
0.029311
0.029261
0.029261
0.029295
0.029327
0.029327
0.029336
0.029340
0.029386
0.029392
0.029364
0.029364
0.029363
0.029371
0.029333
0.029343
0.029353
0.029353
0.029363
0.029399
0.029399
0.029402
0.029419
0.029419
0.029431
0.029431
0.029399
0.029399
0.029371
0.029383
0.029377
0.029335
0.029361
0.029330
0.029386
0.029386
0.029445
0.029413
0.029413
0.029465
0.029465
0.029426
0.029426
0.029426
0.029444
0.029444
0.029444
0.029444
0.029496
0.029539
0.029539
0.029468
0.029421
0.029404
0.029397
0.029346
0.029346
0.029340
0.029335
0.029335
0.029331
0.029327
0.029327
0.029325
0.029325
0.029325
0.029343
0.029311
0.029347
0.029324
0.029324
0.029324
0.029366
0.029366
0.029368
0.029327
0.029327
0.029327
0.029327
0.029327
0.029327
0.029327
0.029327
0.029401
0.029401
0.029401
0.029401
0.029422
0.029391
0.029352
0.029352
0.029358
0.029321
0.029321
0.029280
0.029280
0.029319
0.029402
0.029406
0.029424
0.029430
0.029437
0.029437
0.029445
0.029540
0.029549
0.029549
0.029568
0.029590
0.029636
0.029598
0.029559
0.029570
0.029610
0.029610
0.029633
0.029632
0.029632
0.029632
0.029632
0.029645
0.029645
0.029645
0.029631
0.029631
0.029665
0.029640
0.029640
0.029640
0.029677
0.029690
0.029667
0.029667
0.029667
0.029667
0.029667
0.029635
0.029650
0.029650
0.029612
0.029653
0.029699
0.029590
0.029581
0.029580
0.029573
0.029567
0.029567
0.029600
0.029637
0.029637
0.029633
0.029590
0.029590
0.029588
0.029588
0.029588
0.029548
0.029567
0.029567
0.029608
0.029608
0.029646
0.029646
0.029646
0.029666
0.029666
0.029666
0.029701
0.029701
0.029662
0.029626
0.029623
0.029623
0.029623
0.029623
0.029662
0.029662
0.029619
0.029666
0.029666
0.029666
0.029666
0.029666
0.029666
0.029689
0.029696
0.029705
0.029709
0.029719
0.029726
0.029733
0.029757
0.029764
0.029773
0.029773
0.029782
0.029792
0.029817
0.029828
0.029828
0.029793
0.029805
0.029805
0.029805
0.029842
0.029842
0.029842
0.029842
0.029842
0.029855
0.029882
0.029882
0.029882
0.029885
0.029885
0.029851
0.029813
0.029840
0.029885
0.029899
0.029861
0.029829
0.029829
0.029858
0.029900
0.029900
0.029900
0.029900
0.029900
0.029900
0.029929
0.029897
0.029827
0.029818
0.029801
0.029794
0.029788
0.029818
0.029812
0.029808
0.029766
0.029766
0.029762
0.029789
0.029818
0.029818
0.029791
0.029760
0.029760
0.029760
0.029758
0.029758
0.029791
0.029827
0.029827
0.029853
0.029867
0.029829
0.029829
0.029829
0.029862
0.029838
0.029838
0.029838
0.029874
0.029846
0.029823
0.029823
0.029856
0.029856
0.029856
0.029856
0.029856
0.029856
0.029856
0.029856
0.029856
0.029828
0.029832
0.029843
0.029877
0.029884
0.029884
0.029866
0.029874
0.029874
0.029919
0.029892
0.029892
0.029902
0.029902
0.029870
0.029881
0.029881
0.029881
0.029893
0.029929
0.029962
0.029962
0.029929
0.029942
0.029942
0.029942
0.029887
0.029929
0.029929
0.029966
0.029966
0.029966
0.029966
0.029979
0.029979
0.029979
0.029979
0.029979
0.029948
0.029911
0.029888
0.029926
0.029926
0.029926
0.029926
0.029856
0.029847
0.029830
0.029823
0.029797
0.029797
0.029791
0.029756
0.029795
0.029791
0.029788
0.029788
0.029785
0.029785
0.029785
0.029810
0.029819
0.029819
0.029818
0.029790
0.029828
0.029789
0.029789
0.029829
0.029792
0.029792
0.029792
0.029792
0.029792
0.029749
0.029749
0.029749
0.029788
0.029788
0.029788
0.029788
0.029788
0.029749
0.029749
0.029722
0.029722
0.029764
0.029764
0.029764
0.029764
0.029764
0.029773
0.029777
0.029801
0.029807
0.029814
0.029814
0.029822
0.029754
0.029763
0.029728
0.029738
0.029713
0.029807
0.029795
0.029795
0.029848
0.029848
0.029865
0.029878
0.029854
0.029816
0.029816
0.029816
0.029790
0.029833
0.029833
0.029811
0.029848
0.029848
0.029848
0.029818
0.029818
0.029832
0.029833
0.029812
0.029812
0.029812
0.029812
0.029812
0.029812
0.029773
0.029752
0.029752
0.029717
0.029717
0.029647
0.029638
0.029621
0.029595
0.094334
0.094327
0.094221
0.093935
0.093659
0.093380
0.093075
0.092752
0.092423
0.092073
0.091791
0.091404
0.091165
0.090778
0.090490
0.090176
0.089819
0.089567
0.089277
0.088925
0.088673
0.088346
0.088096
0.087776
0.087387
0.087098
0.086818
0.086484
0.086131
0.085879
0.085669
0.085396
0.085149
0.084739
0.084485
0.084225
0.084061
0.083811
0.083562
0.083462
0.083340
0.083159
0.082937
0.082696
0.082439
0.082196
0.081941
0.081731
0.081451
0.081209
0.081019
0.080836
0.080584
0.080410
0.080159
0.079944
0.079704
0.079505
0.079525
0.079495
0.079510
0.079457
0.079395
0.079373
0.079369
0.079428
0.079425
0.079416
0.079481
0.079477
0.079439
0.079476
0.079470
0.079465
0.079485
0.079483
0.079478
0.079475
0.079471
0.079497
0.079559
0.079557
0.079594
0.079654
0.079677
0.079675
0.079673
0.079602
0.079591
0.079573
0.079614
0.079607
0.079590
0.079583
0.079607
0.079696
0.079729
0.079765
0.079765
0.079762
0.079754
0.079754
0.079752
0.079711
0.079761
0.079744
0.079744
0.079745
0.079744
0.079824
0.079819
0.079784
0.079833
0.079784
0.079835
0.079821
0.079822
0.079788
0.079790
0.079880
0.079861
0.079996
0.079991
0.080067
0.079981
0.080078
0.079984
0.080037
0.079989
0.080040
0.079992
0.079944
0.080035
0.080026
0.080040
0.079998
0.080055
0.080007
0.080017
0.079944
0.080020
0.080030
0.079992
0.079992
0.079955
0.079990
0.079940
0.080036
0.079964
0.079934
0.079897
0.079896
0.079896
0.079844
0.079843
0.079852
0.079892
0.079891
0.079926
0.079926
0.079924
0.079911
0.079904
0.079861
0.079861
0.079873
0.079823
0.079788
0.079788
0.079837
0.079834
0.079955
0.079955
0.079954
0.079984
0.080034
0.080036
0.080034
0.079964
0.079963
0.079945
0.079909
0.079901
0.079902
0.079946
0.079939
0.079987
0.080073
0.080191
0.080242
0.080284
0.080433
0.080436
0.080543
0.080502
0.080573
0.080546
0.080644
0.080646
0.080700
0.080754
0.080804
0.080813
0.080980
0.080986
0.081076
0.081131
0.081138
0.081162
0.081162
0.081220
0.081228
0.080987
0.080697
0.080351
0.080013
0.079674
0.079387
0.079100
0.078714
0.078427
0.078092
0.077809
0.077528
0.077255
0.076972
0.076635
0.076354
0.076019
0.075747
0.075494
0.075249
0.074978
0.074688
0.074343
0.074066
0.073822
0.073461
0.073169
0.072892
0.072567
0.072279
0.071977
0.071637
0.071393
0.071108
0.070949
0.070690
0.070351
0.070063
0.069709
0.069469
0.069132
0.068845
0.068508
0.068277
0.067941
0.067715
0.067422
0.067160
0.066887
0.066626
0.066381
0.066048
0.065754
0.065449
0.065156
0.064811
0.064568
0.064158
0.063874
0.063606
0.063339
0.063025
0.062711
0.062425
0.062154
0.061905
0.061568
0.061323
0.060999
0.060661
0.060347
0.060056
0.059805
0.059564
0.059310
0.059000
0.058706
0.058408
0.058083
0.057890
0.057594
0.057239
0.056998
0.056717
0.056419
0.056145
0.055856
0.055548
0.055304
0.054971
0.054674
0.054377
0.054007
0.053759
0.053469
0.053149
0.052917
0.052620
0.052409
0.052078
0.051861
0.051574
0.051300
0.051007
0.050717
0.050448
0.050117
0.049883
0.049617
0.049294
0.049086
0.048835
0.048587
0.048303
0.048092
0.047769
0.047482
0.047277
0.046948
0.046711
0.046460
0.046181
0.045981
0.045772
0.045512
0.045304
0.045056
0.044871
0.044621
0.044378
0.044225
0.043943
0.043791
0.043546
0.043378
0.043184
0.043023
0.042745
0.042553
0.042410
0.042122
0.042013
0.041778
0.041589
0.041459
0.041270
0.041084
0.040824
0.040654
0.040492
0.040320
0.040185
0.040022
0.039925
0.039760
0.039558
0.039458
0.039273
0.039174
0.039048
0.038862
0.038768
0.038662
0.038489
0.038395
0.038263
0.038169
0.038027
0.037864
0.037772
0.037674
0.037594
0.037473
0.037353
0.037256
0.037073
0.036984
0.036896
0.036779
0.036691
0.036605
0.036460
0.036386
0.036269
0.036172
0.036135
0.036014
0.035918
0.035883
0.035729
0.035657
0.035561
0.035537
0.035445
0.035387
0.035328
0.035226
0.035131
0.035108
0.034987
0.034910
0.034826
0.034759
0.034730
0.034580
0.034534
0.034540
0.034489
0.034406
0.034343
0.034310
0.034172
0.034181
0.034173
0.034097
0.034020
0.033975
0.033930
0.033886
0.033807
0.033743
0.033653
0.033609
0.033565
0.033475
0.033423
0.033348
0.033304
0.033232
0.033235
0.033192
0.033149
0.033132
0.033053
0.033011
0.032969
0.032893
0.032891
0.032849
0.032689
0.032638
0.032581
0.032532
0.032446
0.032380
0.032255
0.032210
0.032206
0.032166
0.032162
0.032122
0.032087
0.032048
0.031932
0.031930
0.031891
0.031852
0.031812
0.031774
0.031774
0.031704
0.031666
0.031601
0.031515
0.031477
0.031440
0.031403
0.031361
0.031279
0.031209
0.031247
0.031211
0.031174
0.031139
0.031109
0.031047
0.030940
0.030966
0.030931
0.030931
0.030852
0.030782
0.030782
0.030712
0.030682
0.030665
0.030638
0.030609
0.030570
0.030577
0.030553
0.030546
0.030519
0.030496
0.030496
0.030474
0.030393
0.030361
0.030303
0.030235
0.030235
0.030177
0.030150
0.030119
0.030119
0.030076
0.030089
0.030017
0.030017
0.029947
0.029947
0.029875
0.029850
0.029781
0.029781
0.029738
0.029723
0.029656
0.029627
0.029654
0.029624
0.029584
0.029584
0.029556
0.029556
0.029487
0.029465
0.029422
0.029395
0.029284
0.029275
0.029232
0.029225
0.029151
0.029109
0.029103
0.029073
0.029027
0.028988
0.028959
0.028959
0.028894
0.028869
0.028828
0.028826
0.028784
0.028759
0.028758
0.028758
0.028692
0.028692
0.028692
0.028691
0.028625
0.028625
0.028584
0.028562
0.028500
0.028500
0.028500
0.028399
0.028356
0.028356
0.028356
0.028334
0.028291
0.028291
0.028250
0.028229
0.028229
0.028185
0.028185
0.028185
0.028165
0.028130
0.028153
0.028163
0.028130
0.028118
0.028037
0.028005
0.028014
0.028021
0.027968
0.027978
0.027978
0.027989
0.027989
0.027927
0.027938
0.027938
0.027938
0.027950
0.027865
0.027834
0.027834
0.027796
0.027809
0.027809
0.027752
0.027752
0.027735
0.027735
0.027735
0.027691
0.027691
0.027691
0.027705
0.027690
0.027690
0.027645
0.027608
0.027608
0.027597
0.027585
0.027585
0.027527
0.027490
0.027490
0.027438
0.027367
0.027358
0.027342
0.027291
0.027272
0.027244
0.027238
0.027246
0.027242
0.027242
0.027195
0.027195
0.027221
0.027221
0.027210
0.027221
0.027221
0.027221
0.027177
0.027177
0.027177
0.027141
0.027141
0.027141
0.027141
0.027100
0.027048
0.027048
0.027048
0.027048
0.027048
0.027048
0.027049
0.027049
0.027049
0.027049
0.027006
0.026970
0.026965
0.026958
0.026958
0.026958
0.026958
0.026958
0.026967
0.026971
0.026939
0.026918
0.026885
0.026885
0.026859
0.026868
0.026868
0.026877
0.026887
0.026887
0.026893
0.026893
0.026852
0.026824
0.026824
0.026788
0.026800
0.026800
0.026798
0.026798
0.026798
0.026798
0.026811
0.026789
0.026818
0.026818
0.026778
0.026778
0.026778
0.026748
0.026748
0.026760
0.026760
0.026760
0.026760
0.026760
0.026790
0.026790
0.026790
0.026790
0.026790
0.026790
0.026759
0.026759
0.026719
0.026649
0.026642
0.026625
0.026620
0.026575
0.026575
0.026569
0.026564
0.026560
0.026560
0.026557
0.026557
0.026554
0.026554
0.026554
0.026554
0.026532
0.026532
0.026531
0.026531
0.026531
0.026531
0.026531
0.026493
0.026493
0.026493
0.026482
0.026482
0.026482
0.026482
0.026443
0.026443
0.026444
0.026449
0.026411
0.026411
0.026442
0.026411
0.026411
0.026411
0.026411
0.026411
0.026411
0.026411
0.026420
0.026425
0.026435
0.026472
0.026479
0.026479
0.026449
0.026457
0.026457
0.026466
0.026476
0.026476
0.026458
0.026458
0.026458
0.026475
0.026475
0.026475
0.026451
0.026451
0.026451
0.026451
0.026451
0.026451
0.026473
0.026473
0.026473
0.026473
0.026473
0.026473
0.026473
0.026473
0.026473
0.026448
0.026448
0.026448
0.026448
0.026448
0.026448
0.026448
0.026448
0.026448
0.026448
0.026433
0.026433
0.026433
0.026433
0.026402
0.026393
0.026356
0.026349
0.026303
0.026303
0.026297
0.026292
0.026288
0.026288
0.026285
0.026285
0.026282
0.026277
0.026316
0.026314
0.026314
0.026314
0.026286
0.026251
0.026212
0.026212
0.026212
0.026211
0.026211
0.026244
0.026244
0.026244
0.026283
0.026283
0.026283
0.026283
0.026244
0.026244
0.026244
0.026244
0.026244
0.026244
0.026244
0.026244
0.026244
0.026284
0.026256
0.026256
0.026265
0.026269
0.026240
0.026246
0.026253
0.026253
0.026261
0.026270
0.026270
0.026279
0.026289
0.026328
0.026339
0.026339
0.026339
0.026351
0.026311
0.026311
0.026323
0.026323
0.026323
0.026323
0.026340
0.026352
0.026352
0.026392
0.026392
0.026392
0.026392
0.026392
0.026352
0.026352
0.026352
0.026366
0.026366
0.026366
0.026329
0.026329
0.026329
0.026402
0.026395
0.026395
0.026395
0.026395
0.026355
0.026355
0.026355
0.026285
0.026276
0.026260
0.026253
0.026246
0.026246
0.026280
0.026275
0.026271
0.026271
0.026268
0.026228
0.026226
0.026226
0.026226
0.026224
0.026224
0.026224
0.026223
0.026223
0.026194
0.026194
0.026194
0.026194
0.026194
0.026154
0.026154
0.026154
0.026154
0.026154
0.026154
0.026154
0.026175
0.026175
0.026222
0.026222
0.026236
0.026236
0.026236
0.026196
0.026196
0.026196
0.026196
0.026196
0.026205
0.026209
0.026220
0.026226
0.026273
0.026273
0.026280
0.026289
0.026289
0.026259
0.026269
0.026269
0.026279
0.026279
0.026279
0.026291
0.026291
0.026255
0.026306
0.026306
0.026306
0.026306
0.026306
0.026319
0.026279
0.026279
0.026279
0.026279
0.026279
0.026279
0.026279
0.026279
0.026354
0.026367
0.026367
0.026367
0.026367
0.026367
0.026327
0.026327
0.026327
0.026293
0.026293
0.026293
0.026327
0.026327
0.026297
0.026288
0.026271
0.026264
