2.331739
2.201619
2.085795
2.009579
1.970280
1.955379
1.952425
1.952582
1.952880
1.952637
1.952240
1.951589
1.950250
1.948516
1.946512
1.944297
1.942334
1.940704
1.939329
1.937515
1.935506
1.933205
1.930775
1.927840
1.925100
1.922546
1.920095
1.917368
1.914553
1.911762
1.909076
1.905950
1.902624
1.899385
1.896338
1.893225
1.890249
1.887440
1.884394
1.881328
1.877893
1.874462
1.870939
1.867456
1.863610
1.859708
1.855616
1.851325
1.847112
1.842767
1.838260
1.833933
1.829934
1.825504
1.821115
1.816420
1.811572
1.807193
1.802062
1.797529
1.792991
1.788232
1.783263
1.778497
1.774094
1.769559
1.764859
1.759957
1.755452
1.751066
1.746162
1.741227
1.736524
1.731766
1.727438
1.723024
1.718555
1.713669
1.709143
1.704999
1.700161
1.695302
1.690550
1.685974
1.681625
1.677408
1.672638
1.668057
1.663591
1.659345
1.654782
1.650143
1.646021
1.641855
1.637296
1.632947
1.628735
1.624344
1.620491
1.616369
1.612355
1.608338
1.604593
1.600458
1.596530
1.592588
1.588597
1.584708
1.580822
1.577023
1.573015
1.569318
1.565481
1.561517
1.557175
1.553699
1.549917
1.546615
1.543534
1.540014
1.536911
1.533779
1.530891
1.527712
1.524549
1.521222
1.517839
1.514495
1.511232
1.508165
1.504762
1.501569
1.498751
1.495521
1.492538
1.489378
1.486167
1.483294
1.480241
1.477216
1.474314
1.471557
1.468696
1.465784
1.462885
1.459875
1.457077
1.454215
1.451367
1.448501
1.445654
1.443348
1.440637
1.438040
1.435512
1.432900
1.429971
1.427293
1.424641
1.422334
1.419666
1.416941
1.414407
1.412106
1.409912
1.407835
1.405548
1.403379
1.401098
1.398797
1.396097
1.393401
1.391201
1.388609
1.386057
1.383599
1.380671
1.378428
1.376133
1.373544
1.371064
1.368791
1.366500
1.364420
1.362239
1.360178
1.357970
1.355712
1.353290
1.350858
1.348042
1.345387
1.342815
1.340412
1.338148
1.335264
1.332633
1.330272
1.327996
1.325365
1.323409
1.321110
1.318815
1.316938
1.314369
1.311698
1.309198
1.306165
1.303325
1.300723
1.297808
1.294854
1.292449
1.289978
1.287405
1.284896
1.282072
1.279321
1.277035
1.274394
1.271588
1.268789
1.265954
1.263409
1.261220
1.258692
1.256164
1.253798
1.250578
1.247579
1.245014
1.241733
1.238665
1.235995
1.233349
1.230228
1.227146
1.224082
1.220895
1.217881
1.215237
1.212552
1.210295
1.208024
1.205823
1.203633
1.201367
1.198876
1.196197
1.193605
1.191031
1.188204
1.185527
1.182597
1.179727
1.176893
1.173991
1.171050
1.168296
1.165419
1.162567
1.159610
1.156728
1.154271
1.151778
1.149422
1.147193
1.145170
1.143070
1.141011
1.138684
1.136062
1.132905
1.129779
1.126772
1.123472
1.120341
1.117508
1.114278
1.111112
1.108412
1.106285
1.104588
1.103309
1.102287
1.101312
1.100553
1.099836
1.099137
1.098273
1.097664
1.096677
1.095054
1.093511
1.091356
1.088871
1.085729
1.082611
1.079210
1.076014
1.072699
1.069419
1.066109
1.062889
1.059363
1.056352
1.052864
1.049652
1.046370
1.043672
1.041308
1.039169
1.037460
1.035921
1.035160
1.034945
1.034444
1.033865
1.032688
1.030740
1.028704
1.026433
1.023681
1.020842
1.017730
1.014738
1.011623
1.008934
1.006306
1.003303
1.000514
0.997578
0.994783
0.991878
0.989143
0.986606
0.984019
0.981505
0.978981
0.976986
0.975310
0.973916
0.972820
0.971651
0.970670
0.969715
0.968891
0.967080
0.964982
0.963118
0.961131
0.958814
0.956351
0.953720
0.951365
0.949037
0.946568
0.944306
0.941947
0.939344
0.936990
0.934372
0.931759
0.929558
0.926688
0.924231
0.922025
0.919330
0.916732
0.914489
0.911869
0.909286
0.906802
0.904708
0.902573
0.901049
0.900021
0.898471
0.896969
0.896046
0.894925
0.894095
0.893169
0.892141
0.890592
0.888741
0.886725
0.884586
0.882297
0.879821
0.877603
0.875066
0.872798
0.870297
0.867944
0.865617
0.863177
0.861083
0.858978
0.856831
0.854416
0.852201
0.849349
0.846777
0.844445
0.841838
0.839236
0.836687
0.834420
0.832107
0.829455
0.826756
0.824364
0.822150
0.819386
0.817064
0.815161
0.813457
0.811574
0.810931
0.810374
0.809067
0.807628
0.805703
0.803115
0.800420
0.797715
0.794831
0.791899
0.789033
0.786203
0.783513
0.780570
0.777858
0.774869
0.771777
0.768995
0.765825
0.763014
0.759980
0.757292
0.754290
0.751444
0.748705
0.745924
0.742851
0.740483
0.737607
0.734506
0.731408
0.728349
0.724954
0.721531
0.717940
0.714513
0.711248
0.708476
0.705647
0.702646
0.699694
0.696695
0.693658
0.690552
0.687477
0.684344
0.681532
0.678440
0.675339
0.672425
0.669700
0.667023
0.664224
0.661454
0.658820
0.656162
0.653485
0.650663
0.647611
0.644370
0.641188
0.637994
0.634911
0.631955
0.629096
0.626416
0.623737
0.620924
0.618464
0.615865
0.613318
0.610745
0.608120
0.605561
0.602541
0.599502
0.596430
0.593320
0.590057
0.586837
0.583522
0.580426
0.577044
0.573513
0.570128
0.566879
0.563606
0.560129
0.556703
0.553376
0.549790
0.546111
0.542511
0.538891
0.535172
0.531714
0.528166
0.524645
0.521321
0.518385
0.515276
0.512080
0.509160
0.506168
0.503173
0.500136
0.497343
0.494608
0.491715
0.488934
0.486191
0.483132
0.480416
0.477591
0.474832
0.472076
0.469216
0.466431
0.463843
0.461136
0.458440
0.455660
0.453033
0.450238
0.447592
0.444922
0.442119
0.439466
0.436763
0.434097
0.431539
0.428936
0.426529
0.423983
0.421507
0.418867
0.416195
0.413787
0.411148
0.408589
0.405979
0.403670
0.401073
0.398531
0.396232
0.393935
0.391562
0.389036
0.386510
0.384228
0.381667
0.379201
0.376901
0.374387
0.371952
0.369630
0.367268
0.364912
0.362593
0.360178
0.357707
0.355284
0.352844
0.350576
0.348319
0.345818
0.343430
0.340941
0.338614
0.336291
0.333764
0.331361
0.328963
0.326571
0.324262
0.321749
0.319314
0.316951
0.314608
0.312188
0.309774
0.307357
0.305058
0.302635
0.300148
0.298020
0.295631
0.293292
0.290858
0.288525
0.286264
0.283941
0.281365
0.279161
0.276740
0.274492
0.272229
0.269873
0.267445
0.265197
0.262776
0.260452
0.258079
0.255816
0.253767
0.251576
0.249361
0.246975
0.244676
0.242387
0.240106
0.237720
0.235389
0.232966
0.230692
0.228291
0.226107
0.223844
0.221562
0.219395
0.217098
0.214827
0.212511
0.210268
0.208185
0.206037
0.203800
0.201599
0.199545
0.197317
0.195377
0.193120
0.191038
0.189034
0.186961
0.185027
0.183020
0.181086
0.179069
0.177123
0.175227
0.173312
0.171449
0.169450
0.167784
0.165905
0.164100
0.162474
0.160611
0.158919
0.157143
0.155538
0.153892
0.152245
0.150494
0.148860
0.147241
0.145781
0.144258
0.142747
0.141311
0.139826
0.138409
0.136940
0.135534
0.134128
0.132701
0.131201
0.129858
0.128607
0.127252
0.125942
0.124639
0.123366
0.122127
0.120812
0.119709
0.118575
0.117265
0.116146
0.115051
0.113820
0.112751
0.111715
0.110511
0.109527
0.108554
0.107528
0.106578
0.105488
0.104541
0.103680
0.102694
0.101661
0.100767
0.099854
0.098885
0.098093
0.097222
0.096466
0.095711
0.094859
0.094004
0.093238
0.092434
0.091752
0.090881
0.090175
0.089377
0.088680
0.087941
0.087220
0.086656
0.085835
0.085253
0.084605
0.083983
0.083286
0.082494
0.081837
0.081322
0.080749
0.080063
0.079441
0.078949
0.078457
0.077727
0.077280
0.076686
0.076074
0.075576
0.075073
0.074546
0.074008
0.073613
0.073192
0.072532
0.072099
0.071587
0.071190
0.070681
0.070252
0.069850
0.069479
0.069044
0.068560
0.068031
0.067759
0.067248
0.066847
0.066422
0.065980
0.065542
0.065276
0.064829
0.064432
0.064040
0.063533
0.063216
0.062895
0.062546
0.062052
0.061832
0.061499
0.061242
0.060874
0.060500
0.060342
0.060035
0.059721
0.059347
0.058999
0.058798
0.058417
0.058143
0.057834
0.057522
0.057213
0.056968
0.056666
0.056356
0.056134
0.055910
0.055537
0.055343
0.055034
0.054905
0.054524
0.054425
0.054064
0.053954
0.053601
0.053307
0.053089
0.052825
0.052600
0.052327
0.052179
0.051849
0.051724
0.051524
0.051397
0.051164
0.050915
0.050773
0.050588
0.050360
0.050097
0.049850
0.049731
0.049478
0.049292
0.049076
0.048999
0.048666
0.048523
0.048410
0.048071
0.048022
0.047691
0.047628
0.047456
0.047337
0.047172
0.046890
0.046757
0.046513
0.046489
0.046301
0.046197
0.045898
0.045789
0.045588
0.045528
0.045300
0.045079
0.044974
0.044814
0.044663
0.044616
0.044488
0.044266
0.044173
0.043951
0.043823
0.043655
0.043402
0.043347
0.043245
0.043061
0.042952
0.042790
0.042581
0.042546
0.042295
0.042088
0.042074
0.041947
0.041788
0.041760
0.041545
0.041532
0.041382
0.041146
0.040997
0.040967
0.040774
0.040656
0.040560
0.040389
0.040379
0.040188
0.040092
0.040003
0.039905
0.039671
0.039482
0.039383
0.039280
0.039202
0.039158
0.038947
0.038857
0.038779
0.038554
0.038456
0.038319
0.038210
0.038106
0.038096
0.037976
0.037934
0.037741
0.037692
0.037601
0.037343
0.037262
0.037128
0.037078
0.036910
0.036895
0.036811
0.036655
0.036518
0.036523
0.036491
0.036394
0.036337
0.036203
0.036120
0.035984
0.035854
0.035800
0.035697
0.035702
0.035610
0.035528
0.035462
0.035380
0.035132
0.035101
0.035021
0.034956
0.034830
0.034805
0.034765
0.034562
0.034562
0.034528
0.034442
0.034422
0.034228
0.034165
0.034069
0.033969
0.033934
0.033950
0.033803
0.033731
0.033648
0.033650
0.033499
0.033434
0.033360
0.033313
0.033239
0.033143
0.033103
0.033103
0.032954
0.032954
0.032820
0.032782
0.032751
0.032744
0.032638
0.032559
0.032523
0.032429
0.032384
0.032354
0.032343
0.032226
0.032161
0.032191
0.032099
0.032018
0.031972
0.031957
0.031957
0.031969
0.031792
0.031795
0.031809
0.031748
0.031731
0.031615
0.031560
0.031556
0.031485
0.031437
0.031441
0.031369
0.031316
0.031269
0.031228
0.031228
0.031203
0.031112
0.031112
0.030994
0.030931
0.030861
0.030861
0.030847
0.030766
0.030834
0.030834
0.030702
0.030734
0.030645
0.030614
0.030539
0.030611
0.030586
0.030429
0.030420
0.030375
0.030375
0.030327
0.030273
0.030308
0.030265
0.030184
0.030204
0.030171
0.030171
0.030171
0.030144
0.030144
0.030125
0.030079
0.030014
0.029988
0.030057
0.029990
0.029948
0.029902
0.029942
0.029921
0.029811
0.029811
0.029809
0.029763
0.029721
0.029639
0.029614
0.029644
0.029603
0.029569
0.029552
0.029552
0.029537
0.029573
0.029543
0.029460
0.029458
0.029417
0.029459
0.029459
0.029396
0.029468
0.029407
0.029348
0.029321
0.029344
0.029196
0.029196
0.029196
0.029166
0.029166
0.029143
0.029173
0.029171
0.029171
0.029202
0.029186
0.029160
0.029160
0.029203
0.029183
0.029144
0.029084
0.029060
0.028988
0.029029
0.029072
0.028988
0.028924
0.028924
0.028934
0.028977
0.028941
0.028894
0.028883
0.028961
0.028928
0.028998
0.028917
0.028895
0.028885
0.028907
0.028907
0.028894
0.028929
0.028896
0.028848
0.028848
0.028848
0.028884
0.028863
0.028786
0.028778
0.028778
0.028730
0.028730
0.028715
0.028758
0.028715
0.028629
0.028615
0.028650
0.028650
0.028650
0.028688
0.028663
0.028631
0.028698
0.028681
0.028681
0.028681
0.028576
0.028555
0.028652
0.028630
0.028630
0.028582
0.028576
0.028576
0.028615
0.028595
0.028591
0.028544
0.028544
0.028528
0.028528
0.028528
0.028553
0.028506
0.028503
0.028503
0.028489
0.028524
0.028524
0.028444
0.028487
0.028509
0.028508
0.028508
0.028487
0.028490
0.028468
0.028468
0.028468
0.028468
0.028528
0.028517
0.028469
0.028469
0.028537
0.028537
0.028537
0.028573
0.028573
0.028525
0.028552
0.028555
0.028596
0.028595
0.028583
0.028583
0.028575
0.028572
0.028599
0.028599
0.028599
0.028603
0.028635
0.028630
0.028630
0.028630
0.028630
0.028630
0.028630
0.028599
0.028589
0.028630
0.028654
0.028683
0.028681
0.028683
0.028683
0.028710
0.028739
0.028739
0.028676
0.028676
0.028676
0.028667
0.028687
0.028732
0.028732
0.028761
0.028761
0.028716
0.028756
0.028756
0.028756
0.028785
0.028785
0.028785
0.028785
0.028785
0.028839
0.028795
0.028795
0.028795
0.028814
0.028829
0.028829
0.028829
0.028829
0.028829
0.028829
0.028785
0.028816
0.028816
0.028816
0.028830
0.028830
0.028871
0.028910
0.028952
0.028947
0.029000
0.028957
0.028957
0.028957
0.028957
0.028957
0.028957
0.028957
0.028957
0.028936
0.028942
0.028990
0.028984
0.028984
0.028943
0.028943
0.028943
0.028967
0.028954
0.028954
0.028986
0.028986
0.028986
0.028986
0.028986
0.028986
0.028986
0.029024
0.028984
0.029025
0.029077
0.029077
0.029077
0.029102
0.029102
0.029102
0.029102
0.029109
0.029109
0.029109
0.029109
0.029109
0.029127
0.029159
0.029120
0.029120
0.029156
0.029156
0.029156
0.029181
0.029179
0.029144
0.029144
0.029168
0.029168
0.029168
0.029168
0.029271
0.029271
0.029271
0.029271
0.029271
0.029271
0.029244
0.029288
0.029314
0.029314
0.029314
0.029314
0.029314
0.029314
0.029314
0.029314
0.029347
0.029347
0.029347
0.029347
0.029347
0.029347
0.029374
0.029374
0.029447
0.029447
0.029447
0.029484
0.029450
0.029450
0.029450
0.029450
0.029461
0.029424
0.029463
0.029463
0.029463
0.029463
0.029463
0.029533
0.029533
0.029533
0.029561
0.029561
0.029561
0.029561
0.029561
0.029561
0.029561
0.029561
0.029561
0.029561
0.029561
0.029561
0.029590
0.029590
0.029572
0.029572
0.029572
0.029570
0.029570
0.029591
0.029591
0.029591
0.029591
0.029624
0.029624
0.029624
0.029624
0.029624
0.029624
0.029624
0.029624
0.029668
0.029668
0.029668
0.029630
0.029630
0.029630
0.029645
0.029645
0.029645
0.029689
0.029689
0.029689
0.029720
0.029720
0.029720
0.029720
0.029720
0.029720
0.029718
0.029750
0.029750
0.029721
0.029721
0.029721
0.029721
0.029754
0.029754
0.029770
0.029770
0.029770
0.029770
0.029770
0.029770
0.029770
0.029770
0.029770
0.029770
0.029770
0.029770
0.029770
0.029770
0.029770
0.029770
0.029770
0.029770
0.029770
0.029766
0.029784
0.029784
0.029784
0.029784
0.029784
0.029784
0.029784
0.029784
0.029784
0.029827
0.029827
0.029827
0.029827
0.029827
0.029827
0.029827
0.029827
0.029827
0.029862
0.029862
0.029881
0.029881
0.029881
0.029881
0.029881
0.029846
0.029846
0.029863
0.029863
0.029863
0.029863
0.029863
0.029863
0.029837
0.029837
0.029837
0.029837
0.029837
0.029858
0.029858
0.029858
0.029858
0.029858
0.029858
0.029858
0.029858
0.029823
0.029823
0.029823
0.029823
0.029823
0.029823
0.029866
0.029866
0.029866
0.029866
0.029887
0.029887
0.029887
0.029887
0.029887
0.029887
0.029887
0.029887
0.029887
0.029887
0.029853
0.029819
0.029821
0.029821
0.029821
0.029858
0.029858
0.029881
0.029881
0.029915
0.029915
0.029915
0.029915
0.029915
0.029915
0.029881
0.029881
0.029881
0.029881
0.029881
0.029881
0.029845
0.029846
0.029905
0.029905
0.029905
0.029937
0.029978
0.029992
0.029992
0.029958
0.029958
0.029958
0.029958
0.029922
0.029956
0.029956
0.029956
0.029992
0.029992
0.030016
0.030016
0.030016
0.030016
0.029960
0.029925
0.029925
0.029889
0.029889
0.029889
0.029889
0.029889
0.029889
0.029925
0.029925
0.029925
0.029925
0.029950
0.029950
0.029950
0.029915
0.029915
0.029915
0.029954
0.029954
0.029954
0.029954
0.029921
0.029957
0.029957
0.029957
0.029957
0.029997
0.029962
0.029988
0.030028
0.030028
0.030028
0.030028
0.030028
0.030028
0.029988
0.029988
0.029953
0.030029
0.030029
0.029993
0.029993
0.029993
0.029993
0.029993
0.029961
0.029988
0.029988
0.029988
0.029988
0.029988
0.029988
0.029988
0.029988
0.029988
0.029988
0.029988
0.029988
0.029988
0.029988
0.029988
0.029988
0.029988
0.029988
0.029988
0.029988
0.030017
0.030017
0.030017
0.030017
0.030017
0.029985
0.029950
0.029950
0.029950
0.029950
0.029989
0.029989
0.029989
0.029989
0.029954
0.029954
0.029954
0.029954
0.029954
0.029920
0.029920
0.029954
0.029954
0.029983
0.029983
0.029983
0.029983
0.029983
0.029983
0.029983
0.029983
0.029949
0.029949
0.029949
0.029918
0.029952
0.029952
0.029908
0.029908
0.029873
0.029873
0.029873
0.029835
0.029835
0.029801
0.029801
0.029801
0.029801
0.029801
0.029835
0.029835
0.029835
0.029835
0.029835
0.029866
0.029866
0.029866
0.029866
0.029832
0.029832
0.029832
0.029832
0.029848
0.029848
0.029862
0.029862
0.029831
0.029872
0.029872
0.029872
0.029872
0.029838
0.029838
0.029803
0.029803
0.029766
0.029766
0.029766
0.029800
0.029800
0.029800
0.029800
0.029800
0.029800
0.029800
0.029766
0.029766
0.029766
0.029766
0.029766
0.029766
0.029766
0.029800
0.029800
0.029800
0.029800
0.029800
0.029800
0.029800
0.029766
0.029731
0.029731
0.029731
0.029700
0.029700
0.029700
0.029700
0.029699
0.029699
0.029699
0.029699
0.029699
0.029657
0.029623
0.029623
0.029623
0.029623
0.029623
0.029623
0.029623
0.029623
0.029663
0.029663
0.029663
0.029682
0.029682
0.029648
0.029648
0.029648
0.029648
0.029648
0.029648
0.029648
0.029648
0.029648
0.029682
0.029682
0.029682
0.029682
0.029682
0.029648
0.029615
0.029580
0.029580
0.029546
0.029546
0.029546
0.029546
0.029546
0.029546
0.029550
0.029550
0.029550
0.029516
0.029516
0.029516
0.029516
0.029516
0.029516
0.029516
0.029516
0.029516
0.029516
0.029516
0.029516
0.029440
0.029440
0.029440
0.029462
0.029462
0.029462
0.029462
0.029462
0.029462
0.029504
0.029504
0.029504
0.029504
0.029504
0.029504
0.029504
0.029504
0.029504
0.029504
0.029504
0.029470
0.029470
0.029470
0.029403
0.029403
0.029403
0.029403
0.029403
0.029403
0.029403
0.029403
0.029403
0.029403
0.029403
0.029403
0.029403
0.029403
0.029403
0.029403
0.029426
0.029387
0.029387
0.029387
0.029387
0.029387
0.029387
0.029387
0.029387
0.029354
0.029324
0.029324
0.029324
0.029324
0.029324
0.029324
0.029324
0.029324
0.029324
0.029324
0.029324
0.029324
0.029324
0.029367
0.029333
0.029333
0.029333
0.029300
0.029300
0.029300
0.029300
0.029300
0.029300
0.029300
0.029262
0.029229
0.029229
0.029269
0.029269
0.029269
0.029269
0.029269
0.029269
0.029269
0.029269
0.029269
0.029269
0.029269
0.029269
0.029269
0.029269
0.029269
0.029269
0.029269
0.029269
0.029269
0.029269
0.029269
0.029269
0.029269
0.029235
0.029199
0.029199
0.029166
0.029166
0.029166
0.029166
0.029166
0.029166
0.029166
0.029166
0.029166
0.029166
0.029166
0.029166
0.029166
0.029166
0.029166
0.029166
0.029166
0.029166
0.029166
0.029134
0.029134
0.029134
0.029098
0.029142
0.029142
0.029142
0.029170
0.029170
0.029170
0.029170
0.029170
0.029142
0.029076
0.029076
0.029076
0.029076
0.029076
0.029045
0.029074
0.029074
0.029074
0.029074
0.029074
0.029074
0.029074
0.029039
0.029039
0.029039
0.029039
0.029039
0.029039
0.029039
0.029039
0.029039
0.029039
0.029039
0.029039
0.029024
0.029024
0.029024
0.029024
0.028997
0.028997
0.028997
0.028997
0.028997
0.028997
0.028963
0.028929
0.028897
0.028897
0.028897
0.028897
0.028897
0.028897
0.028897
0.028897
0.028897
0.028897
0.028897
0.028897
0.028865
0.028865
0.028865
0.028865
0.028865
0.028865
0.028881
0.028848
0.028848
0.028848
0.028848
0.028848
0.028848
0.028848
0.028848
0.028848
0.028848
0.028848
0.028848
0.028848
0.028848
0.028848
0.028848
0.028848
0.028815
0.028815
0.028851
0.028851
0.028821
0.028821
0.028784
0.028784
0.028752
0.028752
0.028752
0.028752
0.028752
0.028752
0.028752
0.028789
0.028760
0.028760
0.028760
0.028760
0.028723
0.028723
0.028723
0.028723
0.028723
0.028693
0.028693
0.028693
0.028693
0.028730
0.028693
0.028663
0.028663
0.028663
0.028664
0.028664
0.028664
0.028664
0.028664
0.028664
0.028631
0.028631
0.028631
0.028668
0.028630
0.028630
0.028599
0.028572
0.028609
0.028572
0.028572
0.028572
0.028572
0.028572
0.028572
0.028529
0.028529
0.028565
0.028528
0.028528
0.028528
0.028528
0.028565
0.028529
0.028529
0.028529
0.028497
0.028497
0.028497
0.028497
0.028479
0.028441
0.028441
0.028441
0.028441
0.028441
0.028479
0.028460
0.028460
0.028460
0.028460
0.028460
0.028460
0.028460
0.028496
0.028426
0.028426
0.028426
0.028426
0.028426
0.028464
0.028427
0.028427
0.028427
0.028403
0.028403
0.028403
0.028403
0.028440
0.028402
0.028402
0.028402
0.028402
0.028402
0.028440
0.028403
0.028403
0.028403
0.028403
0.028403
0.028403
0.028403
0.028440
0.028402
0.028402
0.028402
0.028402
0.028360
0.028397
0.028361
0.028361
0.028340
0.028340
0.028340
0.028340
0.028340
0.028347
0.028310
0.028330
0.028330
0.028330
0.028330
0.028367
0.028367
0.028302
0.028302
0.028311
0.028311
0.028311
0.028311
0.028348
0.028310
0.028310
0.028310
0.028270
0.028238
0.028316
0.028316
0.028279
0.028261
0.028261
0.028261
0.028261
0.028298
0.028298
0.028260
0.028230
0.028230
0.028230
0.028230
0.028230
0.028268
0.028231
0.028190
0.028190
0.028190
0.028212
0.028249
0.028249
0.028211
0.028211
0.028211
0.028211
0.028211
0.028211
0.028249
0.028212
0.028212
0.028212
0.028212
0.028212
0.028249
0.028234
0.028197
0.028197
0.028168
0.028168
0.028168
0.028168
0.028206
0.028206
0.028169
0.028169
0.028169
0.028169
0.028206
0.028175
0.028138
0.028098
0.028098
0.028098
0.028098
0.028098
0.028136
0.028136
0.028099
0.028136
0.028136
0.028136
0.028136
0.028098
0.028098
0.028098
0.028098
0.028098
0.028098
0.028098
0.028136
0.028136
0.028136
0.028125
0.028125
0.028125
0.028125
0.028087
0.028087
0.028087
0.028048
0.028048
0.028048
0.028048
0.028086
0.028086
0.028086
0.028086
0.028054
0.028054
0.028054
0.028017
0.028017
0.028017
0.028017
0.028017
0.028017
0.028017
0.028054
0.028054
0.028054
0.028054
0.028029
0.028029
0.028029
0.027926
0.027926
0.027926
0.027926
0.027926
0.027926
0.027926
0.027937
0.027937
0.027937
0.027937
0.027908
0.027908
0.027908
0.027863
0.027863
0.027863
0.027863
0.027863
0.027863
0.027863
0.027901
0.027901
0.027864
0.027864
0.027864
0.027864
0.027864
0.027826
0.027826
0.027826
0.027826
0.027826
0.027826
0.027826
0.027864
0.027864
0.027864
0.027864
0.027864
0.027864
0.027864
0.027826
0.027826
0.027791
0.027791
0.027791
0.027791
0.027791
0.027828
0.027828
0.027828
0.027828
0.027828
0.027801
0.027801
0.027764
0.027764
0.027764
0.027764
0.027764
0.027764
0.027764
0.027801
0.027766
0.027766
0.027766
0.027766
0.027766
0.027766
0.027728
0.027706
0.027706
0.027706
0.027706
0.027704
0.027704
0.027712
0.027712
0.027712
0.027712
0.027712
0.027712
0.027712
0.027641
0.027641
0.027641
0.027641
0.027641
0.027641
0.027641
0.027648
0.027648
0.027648
0.027648
0.027648
0.027619
0.027619
0.027581
0.027581
0.027581
0.027581
0.027581
0.027549
0.027549
0.027586
0.027586
0.027586
0.027558
0.027558
0.027558
0.027558
0.027521
0.027521
0.027521
0.027521
0.027521
0.027521
0.027550
0.027550
0.027587
0.027587
0.027558
0.027527
0.027527
0.027555
0.027518
0.027518
0.027518
0.027518
0.027518
0.027518
0.027518
0.027518
0.027555
0.027555
0.027596
0.027596
0.027596
0.027596
0.027558
0.027558
0.027558
0.027529
0.027529
0.027529
0.027529
0.027529
0.027566
0.027566
0.027566
0.027566
0.027566
0.027566
0.027529
0.027529
0.027529
0.027529
0.027529
0.027529
0.027501
0.027501
0.027538
0.027538
0.027465
0.027465
0.027465
0.027468
0.027430
0.027430
0.027430
0.027430
0.027430
0.027430
0.027430
0.027430
0.027468
0.027468
0.027468
0.027468
0.027468
0.027430
0.027430
0.027430
0.027430
0.027430
0.027404
0.027404
0.027404
0.027404
0.027441
0.027441
0.027441
0.027441
0.027441
0.027404
0.027404
0.027404
0.027404
0.027404
0.027404
0.027404
0.027404
0.027404
0.027441
0.027441
0.027441
0.027441
0.027441
0.027353
0.027353
0.027353
0.027353
0.027353
0.027325
0.027325
0.027325
0.027325
0.027362
0.027362
0.027362
0.027362
0.027362
0.027325
0.027325
0.027325
0.027325
0.027325
0.027325
0.027325
0.027325
0.027325
0.027362
0.027362
0.027362
0.027340
0.027340
0.027272
0.027272
0.027272
0.027272
0.027272
0.027272
0.027272
0.027272
0.027272
0.027310
0.027310
0.027310
0.027310
0.027310
0.027272
0.027272
0.027272
0.027272
0.027272
0.027272
0.027272
0.027272
0.027272
0.027310
0.027310
0.027310
0.027291
0.027291
0.027254
0.027254
0.027254
