2.057434
1.915861
1.788265
1.704241
1.662286
1.647462
1.644807
1.644901
1.644740
1.644038
1.642970
1.641834
1.641199
1.640500
1.639856
1.639337
1.638856
1.638352
1.637618
1.636895
1.636121
1.635274
1.634435
1.633579
1.632636
1.631670
1.630679
1.629715
1.628994
1.628352
1.627822
1.627354
1.626605
1.625886
1.624803
1.623653
1.622334
1.620618
1.618714
1.616933
1.615072
1.613205
1.611450
1.609680
1.607997
1.606255
1.604689
1.602830
1.601152
1.599424
1.597822
1.595900
1.594568
1.592752
1.591044
1.589315
1.587429
1.585762
1.583833
1.581830
1.579994
1.578076
1.576263
1.574388
1.572615
1.570751
1.568921
1.567189
1.565340
1.563567
1.561861
1.560002
1.558119
1.556210
1.554433
1.552621
1.550526
1.548632
1.546655
1.545458
1.543706
1.541816
1.539884
1.538139
1.536153
1.533740
1.531889
1.529886
1.527692
1.526050
1.524031
1.521914
1.519951
1.518288
1.516187
1.514058
1.512098
1.510030
1.507702
1.505671
1.503395
1.501342
1.499624
1.497742
1.495463
1.493273
1.491321
1.489145
1.487118
1.485109
1.482846
1.480892
1.478707
1.476655
1.474462
1.472406
1.470332
1.468244
1.466062
1.463996
1.461938
1.460131
1.458262
1.456294
1.454527
1.452673
1.450793
1.448863
1.447361
1.445899
1.444475
1.443327
1.442193
1.440833
1.439014
1.437759
1.436520
1.435240
1.434032
1.432791
1.431745
1.430507
1.429306
1.428082
1.426974
1.425781
1.424710
1.423413
1.422264
1.421211
1.420123
1.419141
1.418190
1.417222
1.416181
1.415130
1.414038
1.412836
1.411509
1.410097
1.408753
1.407522
1.406336
1.405172
1.404017
1.403046
1.402292
1.401622
1.401160
1.400218
1.399383
1.398557
1.398084
1.397483
1.396971
1.396573
1.396223
1.395564
1.395129
1.394386
1.393575
1.392731
1.391848
1.391157
1.390438
1.389728
1.389010
1.388272
1.387496
1.387011
1.385967
1.385214
1.384658
1.383449
1.382462
1.381851
1.381194
1.380281
1.379790
1.379172
1.378353
1.377545
1.376979
1.376319
1.375452
1.374678
1.374282
1.373592
1.372717
1.372095
1.371686
1.370897
1.369988
1.369342
1.368917
1.367800
1.366802
1.366105
1.365631
1.365253
1.364368
1.363290
1.362476
1.361969
1.361728
1.360936
1.360056
1.358969
1.358477
1.358013
1.357425
1.356293
1.355209
1.354431
1.353936
1.353498
1.353074
1.352115
1.350853
1.350017
1.349540
1.349145
1.348224
1.347068
1.345677
1.344673
1.344024
1.343446
1.342328
1.340964
1.339555
1.338449
1.337690
1.336954
1.335755
1.334420
1.332925
1.331906
1.331030
1.329629
1.328405
1.327019
1.326150
1.325374
1.324535
1.323044
1.321779
1.320766
1.319703
1.318385
1.316944
1.315834
1.314537
1.313101
1.311336
1.310125
1.309217
1.307967
1.306655
1.305260
1.304050
1.302800
1.301573
1.300226
1.298982
1.297786
1.296539
1.295453
1.294182
1.292616
1.291344
1.290197
1.289072
1.288038
1.286894
1.285701
1.284757
1.283680
1.282630
1.281610
1.280705
1.279642
1.278980
1.278104
1.276838
1.276129
1.275477
1.274732
1.274082
1.273405
1.272853
1.272385
1.271815
1.271451
1.271084
1.270656
1.270254
1.269734
1.269341
1.268949
1.268652
1.268496
1.268228
1.267812
1.267575
1.267192
1.266260
1.265753
1.265358
1.264694
1.264130
1.263651
1.263316
1.262868
1.262395
1.261934
1.261584
1.261123
1.260681
1.260304
1.259874
1.259573
1.259143
1.258920
1.258639
1.258255
1.257992
1.257698
1.257381
1.257161
1.256805
1.257102
1.256823
1.256541
1.256342
1.256138
1.255829
1.255537
1.255316
1.255083
1.254750
1.254638
1.254555
1.254189
1.253987
1.253617
1.253506
1.253277
1.253254
1.253092
1.252854
1.252727
1.253046
1.252789
1.252626
1.252473
1.252208
1.252118
1.252004
1.251907
1.251613
1.251649
1.251502
1.251211
1.251490
1.251413
1.251148
1.251030
1.250703
1.250553
1.250478
1.250158
1.249985
1.250168
1.249636
1.249194
1.248590
1.248163
1.247737
1.247245
1.246926
1.246563
1.246316
1.245914
1.245786
1.245587
1.245299
1.245174
1.244882
1.244745
1.244588
1.244267
1.243998
1.243830
1.243557
1.243373
1.243199
1.242934
1.242700
1.242500
1.242171
1.241898
1.241691
1.241356
1.241122
1.240827
1.240599
1.240270
1.240004
1.239772
1.239429
1.239002
1.238828
1.238562
1.238227
1.237941
1.237689
1.237282
1.237194
1.236855
1.236679
1.236392
1.236223
1.235925
1.235739
1.235525
1.235169
1.234747
1.234652
1.234352
1.234054
1.233825
1.233468
1.233239
1.232988
1.232777
1.232623
1.232372
1.232029
1.231649
1.231313
1.231118
1.230863
1.230431
1.230307
1.230067
1.229916
1.229533
1.229199
1.229057
1.228891
1.228598
1.228436
1.228148
1.227881
1.227659
1.227471
1.227321
1.227064
1.226727
1.226566
1.226355
1.226121
1.225865
1.225631
1.225385
1.225235
1.225002
1.224804
1.224671
1.224504
1.224118
1.224012
1.223837
1.223664
1.223416
1.223128
1.223532
1.223378
1.223240
1.223025
1.222713
1.222538
1.222510
1.222422
1.222260
1.222124
1.222223
1.222154
1.222134
1.222245
1.222201
1.222139
1.222174
1.222120
1.222260
1.222192
1.222161
1.222158
1.222184
1.222120
1.222172
1.222197
1.222122
1.222149
1.222175
1.222180
1.222193
1.222122
1.222172
1.222174
1.222114
1.222087
1.222069
1.222090
1.222183
1.222164
1.222246
1.222270
1.222112
1.222122
1.222180
1.222196
1.222104
1.222243
1.222188
1.222063
1.222014
1.222080
1.222055
1.221997
1.222025
1.221886
1.221910
1.222018
1.221940
1.221841
1.221805
1.221691
1.221563
1.221524
1.221519
1.221513
1.221379
1.221262
1.221124
1.221008
1.220792
1.220526
1.220255
1.219972
1.219607
1.219403
1.219110
1.218874
1.218589
1.218297
1.218067
1.217705
1.217540
1.217207
1.217042
1.216622
1.216425
1.216137
1.215871
1.215489
1.215212
1.215082
1.214667
1.214354
1.214030
1.213761
1.213523
1.213327
1.213071
1.212766
1.212361
1.212109
1.211883
1.211619
1.211320
1.210923
1.210674
1.210330
1.210132
1.209968
1.209702
1.209423
1.209198
1.208881
1.208765
1.208572
1.208192
1.207908
1.207691
1.207347
1.207017
1.206937
1.206597
1.206271
1.206147
1.205901
1.205660
1.205528
1.205275
1.204978
1.204749
1.204479
1.204268
1.204025
1.203786
1.203593
1.203326
1.203316
1.203116
1.202904
1.202753
1.202405
1.202240
1.202012
1.201700
1.201641
1.201465
1.201164
1.200935
1.200707
1.200495
1.200363
1.200182
1.199999
1.199903
1.199658
1.199433
1.199261
1.199144
1.198881
1.198612
1.198427
1.198253
1.198026
1.197863
1.197714
1.197678
1.197564
1.197347
1.197080
1.196799
1.196622
1.196493
1.196281
1.195950
1.195845
1.195737
1.195571
1.195426
1.195269
1.195038
1.194861
1.194650
1.194463
1.194302
1.194153
1.194124
1.193918
1.193748
1.193585
1.193403
1.193220
1.193086
1.192951
1.192776
1.192479
1.192389
1.192228
1.192053
1.191867
1.191634
1.191457
1.191213
1.191062
1.190922
1.190825
1.190686
1.190511
1.190325
1.190109
1.189929
1.189732
1.189612
1.189498
1.189207
1.189048
1.188900
1.188678
1.188565
1.188489
1.188297
1.188179
1.188016
1.187905
1.187741
1.187550
1.187413
1.187302
1.187207
1.187020
1.186835
1.186725
1.186598
1.186437
1.186300
1.186211
1.186025
1.185961
1.185797
1.185701
1.185531
1.185407
1.185201
1.185199
1.185030
1.184940
1.184771
1.184709
1.184628
1.184514
1.184396
1.184307
1.184105
1.184136
1.184039
1.183929
1.183843
1.183710
1.183601
1.183515
1.183450
1.183272
1.183112
1.183080
1.183078
1.182987
1.182922
1.182762
1.182749
1.182674
1.182587
1.182427
1.182277
1.182123
1.182083
1.182015
1.182024
1.181813
1.181723
1.181679
1.181662
1.181563
1.181407
1.181323
1.181305
1.181195
1.181194
1.181154
1.181039
1.180973
1.180891
1.180755
1.180764
1.180748
1.180678
1.180649
1.180585
1.180435
1.180408
1.180421
1.180307
1.180244
1.180148
1.180074
1.180101
1.180057
1.179992
1.179908
1.179815
1.179804
1.179788
1.179716
1.179633
1.179591
1.179554
1.179498
1.179339
1.179226
1.179168
1.179147
1.179154
1.179058
1.179039
1.178995
1.178854
1.178906
1.178857
1.178793
1.178743
1.178731
1.178714
1.178723
1.178550
1.178497
1.178431
1.178462
1.178416
1.178399
1.178389
1.178475
1.178356
1.178341
1.178246
1.178204
1.178142
1.178113
1.178033
1.178062
1.178009
1.178072
1.178025
1.177998
1.177951
1.177863
1.177863
1.177825
1.177716
1.177670
1.177642
1.177672
1.177672
1.177590
1.177561
1.177506
1.177418
1.177450
1.177450
1.177402
1.177315
1.177317
1.177271
1.177314
1.177269
1.177173
1.177173
1.177213
1.177257
1.177158
1.177183
1.177059
1.176955
1.177005
1.177002
1.176944
1.176900
1.176923
1.176838
1.176885
1.176837
1.176837
1.176788
1.176787
1.176696
1.176735
1.176694
1.176647
1.176648
1.176526
1.176527
1.176627
1.176627
1.176577
1.176509
1.176414
1.176367
1.176367
1.176444
1.176353
1.176325
1.176327
1.176277
1.176236
1.176175
1.176178
1.176249
1.176299
1.176236
1.176156
1.176114
1.176031
1.176031
1.176048
1.176048
1.175998
1.175991
1.175939
1.175942
1.175892
1.175884
1.175944
1.175806
1.175767
1.175747
1.175747
1.175837
1.175837
1.175791
1.175741
1.175666
1.175678
1.175680
1.175680
1.175645
1.175645
1.175534
1.175486
1.175527
1.175577
1.175579
1.175529
1.175484
1.175448
1.175359
1.175322
1.175322
1.175360
1.175350
1.175305
1.175353
1.175433
1.175392
1.175430
1.175388
1.175392
1.175316
1.175316
1.175327
1.175340
1.175336
1.175328
1.175325
1.175278
1.175356
1.175395
1.175397
1.175359
1.175345
1.175395
1.175343
1.175365
1.175365
1.175368
1.175375
1.175374
1.175378
1.175337
1.175345
1.175344
1.175391
1.175413
1.175413
1.175413
1.175409
1.175347
1.175313
1.175313
1.175344
1.175344
1.175344
1.175293
1.175293
1.175307
1.175311
1.175314
1.175300
1.175300
1.175300
1.175341
1.175382
1.175255
1.175254
1.175226
1.175226
1.175226
1.175135
1.175185
1.175185
1.175184
1.175177
1.175180
1.175178
1.175174
1.175174
1.175141
1.175137
1.175101
1.175101
1.175101
1.175101
1.175116
1.175170
1.175170
1.175170
1.175137
1.175109
1.175109
1.175112
1.175112
1.175062
1.175062
1.175060
1.175098
1.175067
1.175095
1.175092
1.175037
1.174987
1.174993
1.174968
1.174986
1.174958
1.174882
1.174834
1.174837
1.174837
1.174887
1.174942
1.174843
1.174843
1.174843
1.174813
1.174810
1.174826
1.174779
1.174779
1.174828
1.174822
1.174826
1.174826
1.174727
1.174654
1.174693
1.174670
1.174666
1.174666
1.174666
1.174577
1.174593
1.174642
1.174642
1.174642
1.174569
1.174569
1.174569
1.174614
1.174573
1.174569
1.174569
1.174569
1.174570
1.174608
1.174559
1.174580
1.174530
1.174547
1.174547
1.174497
1.174496
1.174454
1.174454
1.174458
1.174433
1.174414
1.174413
1.174395
1.174361
1.174403
1.174403
1.174403
1.174403
1.174428
1.174386
1.174386
1.174386
1.174414
1.174414
1.174417
1.174366
1.174323
1.174314
1.174311
1.174305
1.174257
1.174256
1.174306
1.174309
1.174309
1.174387
1.174387
1.174335
1.174335
1.174334
1.174334
1.174294
1.174294
1.174294
1.174294
1.174244
1.174244
1.174234
1.174284
1.174234
1.174226
1.174226
1.174226
1.174229
1.174229
1.174229
1.174229
1.174229
1.174220
1.174220
1.174170
1.174169
1.174144
1.174194
1.174144
1.174144
1.174144
1.174144
1.174102
1.174102
1.174102
1.174102
1.174072
1.174072
1.174022
1.174022
1.173981
1.174057
1.174051
1.174025
1.173998
1.173998
1.173998
1.173998
1.173998
1.173998
1.173998
1.174014
1.173964
1.173948
1.174001
1.174050
1.174050
1.174050
1.174050
1.174050
1.174000
1.174000
1.174000
1.174016
1.174016
1.173966
1.173966
1.173964
1.174053
1.174053
1.174052
1.174052
1.174052
1.174036
1.174036
1.174052
1.174052
1.174052
1.174050
1.174000
1.173999
1.174008
1.173958
1.173958
1.173958
1.173958
1.173958
1.173958
1.173958
1.173958
1.173958
1.173958
1.173909
1.173909
1.173959
1.173986
1.173986
1.173986
1.173986
1.173986
1.174036
1.174036
1.174036
1.174038
1.173987
1.173987
1.173987
1.174037
1.174037
1.174001
1.174001
1.174001
1.174001
1.174014
1.174014
1.174014
1.173964
1.173963
1.173963
1.173960
1.174010
1.174010
1.174010
1.174055
1.174055
1.174055
1.174055
1.174055
1.174055
1.174005
1.174005
1.174005
1.174055
1.174055
1.174055
1.174055
1.174055
1.174104
1.174104
1.174065
1.174092
1.174042
1.174042
1.174094
1.174094
1.174094
1.174144
1.174144
1.174144
1.174144
1.174094
1.174094
1.174094
1.174044
1.174044
1.174094
1.174094
1.174094
1.174094
1.174144
1.174144
1.174105
1.174105
1.174055
1.174055
1.174055
1.174055
1.174005
1.174005
1.174005
1.174005
1.174005
1.174005
1.174005
1.174005
1.174005
1.173974
1.173974
1.174030
1.174080
1.174042
1.174067
1.174028
1.174001
1.174056
1.174053
1.173998
1.173951
1.173967
1.173967
1.173967
1.173994
1.173994
1.173994
1.174016
1.174094
1.174059
1.174059
1.174059
1.174059
1.174059
1.174031
1.174031
1.174004
1.174004
1.174001
1.174001
1.174001
1.173970
1.173970
1.173954
1.173916
1.173866
1.173866
1.173866
1.173818
1.173868
1.173868
1.173873
1.173873
1.173873
1.173875
1.173875
1.173875
1.173875
1.173837
1.173837
1.173837
1.173837
1.173837
1.173837
1.173810
1.173810
1.173837
1.173838
1.173838
1.173865
1.173831
1.173781
1.173719
1.173719
1.173719
1.173719
1.173719
1.173719
1.173719
1.173719
1.173719
1.173719
1.173719
1.173719
1.173716
1.173757
1.173720
1.173720
1.173720
1.173720
1.173629
1.173629
1.173605
1.173605
1.173646
1.173646
1.173646
1.173646
1.173646
1.173646
1.173596
1.173559
1.173570
1.173570
1.173570
1.173611
1.173628
1.173628
1.173628
1.173628
1.173586
1.173586
1.173586
1.173586
1.173614
1.173664
1.173664
1.173664
1.173579
1.173543
1.173543
1.173571
1.173571
1.173571
1.173545
1.173553
1.173556
1.173556
1.173556
1.173606
1.173606
1.173606
1.173648
1.173598
1.173648
1.173648
1.173648
1.173614
1.173614
1.173573
1.173573
1.173573
1.173573
1.173547
1.173547
1.173547
1.173539
1.173539
1.173539
1.173539
1.173539
1.173539
1.173539
1.173539
1.173465
1.173465
1.173465
1.173465
1.173465
1.173456
1.173456
1.173456
1.173409
1.173409
1.173409
1.173409
1.173309
1.173309
1.173338
1.173297
1.173344
1.173313
1.173313
1.173304
1.173257
1.173257
1.173273
1.173273
1.173248
1.173248
1.173248
1.173248
1.173248
1.173249
1.173249
1.173249
1.173249
1.173249
1.173249
1.173169
1.173169
1.173169
1.173169
1.173131
1.173131
1.173172
1.173172
1.173172
1.173172
1.173172
1.173172
1.173172
1.173172
1.173172
1.173172
1.173222
1.173222
1.173222
1.173323
1.174274
1.187779
1.180991
1.195995
1.194774
1.213000
1.214572
1.224658
1.233282
1.243329
1.249948
1.256954
1.262225
1.265972
1.267879
1.268641
1.268716
1.267422
1.265111
1.262491
1.259783
1.257661
1.255266
1.253336
1.251330
1.249368
1.247290
1.245150
1.242903
1.240918
1.238886
1.237030
1.235393
1.233491
1.231799
1.230083
1.228363
1.226803
1.225131
1.223408
1.221729
1.219986
1.218384
1.216846
1.215087
1.213507
1.211893
1.210203
1.208604
1.207103
1.205394
1.202961
1.198701
1.192587
1.184529
1.175113
1.165001
1.154354
1.144065
1.133810
1.123653
1.113862
1.103941
1.094028
1.084199
1.074746
1.065315
1.055953
1.047376
1.039385
1.032307
1.026238
1.021225
1.017268
1.014717
1.013542
1.013817
1.015400
1.017716
1.020426
1.023164
1.025035
1.026018
1.025284
1.023493
1.020742
1.017443
1.014246
1.011937
1.009900
1.008859
1.008644
1.008278
1.007368
1.006449
1.004879
1.002751
1.000270
0.998120
0.995925
0.994075
0.992454
0.991840
0.991947
0.991419
0.990476
0.989768
0.989148
0.988078
0.986292
0.984638
0.983546
0.983000
0.981974
0.980797
0.979360
0.978093
0.976705
0.975353
0.973750
0.971965
0.969640
0.967189
0.964703
0.962635
0.960795
0.959457
0.958056
0.956591
0.955133
0.953387
0.951520
0.949655
0.947583
0.945519
0.943337
0.941225
0.939090
0.936769
0.934554
0.932257
0.929783
0.927311
0.924788
0.922268
0.920017
0.918040
0.915979
0.913920
0.911736
0.909702
0.907495
0.905339
0.903321
0.901111
0.899302
0.896971
0.894899
0.892947
0.890695
0.888613
0.886628
0.884586
0.882470
0.880463
0.878344
0.876137
0.874301
0.872190
0.870170
0.868499
0.866395
0.864349
0.862520
0.860236
0.858091
0.856190
0.854453
0.852477
0.850522
0.848848
0.847022
0.844925
0.843177
0.841524
0.839565
0.837460
0.835814
0.834360
0.832259
0.830622
0.829270
0.827628
0.826154
0.824689
0.822910
0.820938
0.819201
0.817159
0.815228
0.813801
0.812201
0.810451
0.808987
0.807396
0.805847
0.804258
0.802592
0.801127
0.799679
0.798137
0.796722
0.795223
0.793825
0.792413
0.790995
0.789617
0.788155
0.786682
0.785037
0.783700
0.782170
0.780599
0.779315
0.777523
0.775784
0.773878
0.771953
0.770107
0.768361
0.766539
0.764592
0.762711
0.760771
0.758805
0.756934
0.755107
0.753144
0.751264
0.749369
0.747405
0.745645
0.743912
0.742018
0.740173
0.738493
0.736638
0.734835
0.732904
0.730920
0.729149
0.727567
0.725657
0.723788
0.722046
0.719985
0.718139
0.716350
0.714294
0.712486
0.710615
0.708639
0.706838
0.704969
0.702993
0.701273
0.699371
0.697630
0.695583
0.693595
0.691895
0.689937
0.688139
0.686140
0.684352
0.682775
0.680809
0.679163
0.677466
0.675502
0.673746
0.672029
0.670020
0.668279
0.666417
0.664549
0.662785
0.660948
0.659004
0.657260
0.655617
0.653682
0.652047
0.650175
0.648318
0.646751
0.644995
0.643125
0.641517
0.639638
0.637754
0.636125
0.634481
0.632749
0.631104
0.629422
0.627624
0.626248
0.624411
0.622682
0.620950
0.619376
0.617652
0.616274
0.614970
0.613156
0.611697
0.610166
0.608595
0.607024
0.605470
0.603772
0.602395
0.600669
0.599061
0.597642
0.595929
0.594527
0.593079
0.591576
0.590361
0.589126
0.588007
0.586741
0.585475
0.584260
0.583076
0.581784
0.580419
0.579297
0.577967
0.576861
0.575655
0.574516
0.573280
0.572044
0.570883
0.569760
0.568634
0.567446
0.566241
0.565035
0.563942
0.562714
0.561644
0.560458
0.559380
0.558111
0.556968
0.555986
0.554732
0.553674
0.552488
0.551394
0.550275
0.549335
0.548152
0.547142
0.545956
0.544843
0.543793
0.542571
0.541478
0.540412
0.539285
0.538258
0.537067
0.535951
0.534770
0.533681
0.532588
0.531526
0.530353
0.529342
0.528228
0.527052
0.525944
0.524817
0.523740
0.522723
0.521445
0.520308
0.519145
0.518100
0.517045
0.515900
0.514774
0.513656
0.512576
0.511383
0.510338
0.509422
0.508271
0.507253
0.506261
0.505060
0.504073
0.502841
0.501798
0.500741
0.499507
0.498570
0.497382
0.496227
0.495214
0.494107
0.493079
0.491892
0.490868
0.489859
0.488777
0.487671
0.486597
0.485631
0.484519
0.483459
0.482425
0.481364
0.480219
0.479201
0.478117
0.477173
0.476057
0.475124
0.473999
0.473097
0.472110
0.471345
0.470517
0.469511
0.468375
0.467414
0.466610
0.465570
0.464593
0.463699
0.462727
0.461900
0.460842
0.460014
0.459182
0.458248
0.457385
0.456509
0.455571
0.454692
0.453724
0.452952
0.452026
0.451257
0.450421
0.449727
0.448916
0.447723
0.446719
0.445725
0.444509
0.443477
0.442504
0.441343
0.440390
0.439317
0.438293
0.437158
0.436253
0.435195
0.434238
0.433182
0.432131
0.431068
0.429992
0.429034
0.428022
0.427457
0.426694
0.425778
0.424820
0.423769
0.422796
0.421822
0.420851
0.419896
0.418834
0.417955
0.417020
0.416072
0.415003
0.414130
0.413207
0.412302
0.411281
0.410318
0.409351
0.408296
0.407424
0.406496
0.405535
0.404628
0.403627
0.402780
0.401850
0.400842
0.400008
0.399031
0.398206
0.397160
0.396288
0.395236
0.394313
0.393358
0.392399
0.391522
0.390558
0.389793
0.388703
0.387774
0.386845
0.385921
0.385000
0.383970
0.383087
0.382084
0.381359
0.380209
0.379335
0.378344
0.377521
0.376495
0.375505
0.374612
0.373615
0.372652
0.371637
0.370801
0.369860
0.368866
0.367916
0.366935
0.365993
0.364996
0.364027
0.362990
0.362149
0.361136
0.360211
0.359214
0.358269
0.357336
0.356627
0.355844
0.355004
0.353975
0.353018
0.351967
0.351072
0.350097
0.349180
0.348166
0.347196
0.346232
0.345200
0.344221
0.343283
0.342327
0.341328
0.340366
0.339263
0.338411
0.337528
0.336595
0.335719
0.334759
0.333825
0.332869
0.331863
0.331020
0.330045
0.329063
0.328295
0.327376
0.326369
0.325430
0.324423
0.323529
0.322604
0.321720
0.320736
0.319915
0.319060
0.318135
0.317196
0.316268
0.315405
0.314515
0.313671
0.312737
0.311838
0.311048
0.310159
0.309370
0.308506
0.307625
0.306874
0.306038
0.305211
0.304421
0.303693
0.302783
0.301857
0.301106
0.300328
0.299414
0.298825
0.298156
0.297601
0.296943
0.296323
0.295812
0.295277
0.294708
0.294216
0.293622
0.293089
0.292629
0.292145
0.291564
0.291080
0.290678
0.290070
0.289600
0.289158
0.288687
0.288176
0.287587
0.287106
0.286540
0.286144
0.285648
0.285164
0.284547
0.284078
0.283658
0.283121
0.282633
0.282157
0.281487
0.280995
0.280468
0.279991
0.279414
0.278906
0.278361
0.277746
0.277118
0.276619
0.276009
0.275475
0.274872
0.274196
0.273580
0.272943
0.272339
0.271830
0.271131
0.270469
0.269769
0.269048
0.268511
0.267884
0.267219
0.266610
0.265832
0.264954
0.264072
0.263116
0.262101
0.261020
0.260052
0.259068
0.258031
0.257049
0.256057
0.255069
0.253993
0.252860
0.251901
0.250943
0.250062
0.249017
0.247979
0.246918
0.245839
0.244850
0.243779
0.242638
0.241479
0.240348
0.239160
0.238208
0.237194
0.236145
0.235032
0.233916
0.232852
0.231734
0.230647
0.229546
0.228429
0.227364
0.226390
0.225193
0.224042
0.222983
0.222010
0.220971
0.219798
0.218826
0.217786
0.216675
0.215603
0.214479
0.213442
0.212439
0.211216
0.210235
0.209250
0.208263
0.207334
0.206252
0.205263
0.204332
0.203283
0.202227
0.201216
0.200188
0.199173
0.198167
0.197271
0.196157
0.195242
0.194200
0.193261
0.192424
0.191542
0.190463
0.189492
0.188485
0.187472
0.186464
0.185552
0.184524
0.183580
0.182645
0.181659
0.180703
0.179750
0.178968
0.178024
0.177114
0.176144
0.175217
0.174379
0.173468
0.172569
0.171640
0.170707
0.169878
0.168990
0.168134
0.167199
0.166337
0.165536
0.164724
0.163810
0.162978
0.162056
0.161357
0.160400
0.159694
0.158924
0.158192
0.157378
0.156587
0.155896
0.155136
0.154420
0.153550
0.152946
0.152199
0.151478
0.150800
0.150107
0.149438
0.148768
0.148082
0.147484
0.146752
0.146108
0.145489
0.144789
0.144102
0.143507
0.142830
0.142248
0.141644
0.141060
0.140373
0.139787
0.139157
0.138621
0.138019
0.137467
0.136860
0.136301
0.135628
0.135017
0.134495
0.133898
0.133356
0.132791
0.132259
0.131749
0.131118
0.130661
0.130144
0.129587
0.129093
0.128643
0.128086
0.127571
0.127018
0.126530
0.125957
0.125357
0.124812
0.124452
0.123837
0.123454
0.122912
0.122436
0.121792
0.121341
0.120798
0.120383
0.119835
0.119390
0.118876
0.118312
0.117861
0.117338
0.116930
0.116468
0.115998
0.115554
0.115038
0.114583
0.114058
0.113598
0.113080
0.112637
0.112199
0.111773
0.111310
0.110830
0.110420
0.110005
0.109530
0.109139
0.108709
0.108238
0.107669
0.107298
0.106977
0.106489
0.106004
0.105555
0.105170
0.104695
0.104240
0.103876
0.103426
0.102930
0.102545
0.102105
0.101743
0.101298
0.100848
0.100470
0.099937
0.099485
0.099075
0.098697
0.098216
0.097821
0.097478
0.097094
0.096631
0.096156
0.095795
0.095385
0.095054
0.094625
0.094192
0.093895
0.093513
0.093092
0.092620
0.092158
0.091847
0.091464
0.091093
0.090671
0.090302
0.089900
0.089485
0.089044
0.088663
0.088308
0.087888
0.087568
0.087176
0.086766
0.086357
0.086054
0.085610
0.085254
0.084902
0.084545
0.084270
0.083814
0.083504
0.083099
0.082598
0.082309
0.081953
0.081613
0.081256
0.080889
0.080416
0.080161
0.079758
0.079357
0.079096
0.078714
0.078405
0.078054
0.077758
0.077393
0.076973
0.076663
0.076397
0.076009
0.075726
0.075343
0.074873
0.074629
0.074198
0.073882
0.073531
0.073262
0.073003
0.072619
0.072229
0.071884
0.071568
0.071185
0.070892
0.070601
0.070285
0.069900
0.069469
0.069234
0.068946
0.068577
0.068295
0.068038
0.067687
0.067363
0.066947
0.066629
0.066363
0.066074
0.065776
0.065440
0.065173
0.064834
0.064520
0.064168
0.063856
0.063554
0.063331
0.062933
0.062627
0.062259
0.061994
0.061694
0.061419
0.061135
0.060805
0.060513
0.060193
0.059850
0.059565
0.059310
0.059007
0.058616
0.058316
0.058064
0.057762
0.057462
0.057150
0.056827
0.056504
0.056272
0.056007
0.055760
0.055478
0.055224
0.054908
0.054573
0.054330
0.054053
0.053736
0.053435
0.053182
0.052903
0.052695
0.052300
0.052028
0.051769
0.051526
0.051284
0.050961
0.050697
0.050408
0.050176
0.049865
0.049539
0.049262
0.049007
0.048739
0.048462
0.048222
0.048047
0.047790
0.047488
0.047264
0.046962
0.046722
0.046446
0.046182
0.045910
0.045736
0.045531
0.045317
0.045084
0.044809
0.044556
0.044355
0.044151
0.043810
0.043637
0.043420
0.043175
0.043003
0.042820
0.042558
0.042372
0.042160
0.042053
0.041923
0.041753
0.041527
0.041347
0.041137
0.040978
0.040782
0.040616
0.040423
0.040334
0.040090
0.039972
0.039855
0.039738
0.039584
0.039468
0.039352
0.039203
0.039057
0.038883
0.038734
0.038675
0.038563
0.038395
0.038283
0.038186
0.038036
0.037885
0.037848
0.037730
0.037587
0.037518
0.037415
0.037286
0.037157
0.037055
0.036897
0.036834
0.036762
0.036614
0.036544
0.036452
0.036402
0.036302
0.036252
0.036196
0.036130
0.036031
0.035982
0.035934
0.035836
0.035754
0.035679
0.035598
0.035546
0.035499
0.035369
0.035316
0.035221
0.035161
0.035111
0.035068
0.035024
0.034981
0.034888
0.034817
0.034767
0.034712
0.034701
0.034613
0.034602
0.034524
0.034509
0.034496
0.034413
0.034418
0.034379
0.034341
0.034309
0.034271
0.034260
0.034223
0.034178
0.034147
0.034112
0.033982
0.033995
0.033961
0.033857
0.033823
0.033741
0.033664
0.033664
0.033632
0.033584
0.033592
0.033520
0.033467
0.033414
0.033431
0.033369
0.033372
0.033372
0.033343
0.033296
0.033304
0.033252
0.033191
0.033253
0.033207
0.033180
0.033134
0.033123
0.033142
0.033097
0.033125
0.033099
0.033049
0.033070
0.033024
0.032978
0.032926
0.032926
0.032914
0.032901
0.032901
0.032901
0.032856
0.032833
0.032789
0.032786
0.032765
0.032765
0.032714
0.032738
0.032695
0.032695
0.032652
0.032633
0.032633
0.032590
0.032611
0.032644
0.032601
0.032601
0.032513
0.032539
0.032494
0.032494
0.032494
0.032491
0.032518
0.032518
0.032431
0.032431
0.032431
0.032417
0.032417
0.032383
0.032363
0.032391
0.032305
0.032305
0.032312
0.032312
0.032271
0.032243
0.032243
0.032243
0.032158
0.032158
0.032160
0.032196
0.032163
0.032163
0.032101
0.032097
0.032070
0.032031
0.032061
0.032061
0.032094
0.032094
0.032055
0.032055
0.032052
0.032083
0.032011
0.032011
0.032011
0.031972
0.031972
0.031972
0.031972
0.031926
0.031960
0.031921
0.031921
0.031921
0.031886
0.031848
0.031816
0.031883
0.031842
0.031777
0.031782
0.031782
0.031782
0.031782
0.031782
0.031782
0.031709
0.031670
0.031728
0.031809
0.031740
0.031740
0.031740
0.031775
0.031775
0.031739
0.031700
0.031700
0.031665
0.031665
0.031629
0.031662
0.031626
0.031595
0.031629
0.031629
0.031617
0.031581
0.031581
0.031581
0.031581
0.031581
0.031581
0.031581
0.031581
0.031616
0.031556
0.031526
0.031526
0.031540
0.031505
0.031505
0.031505
0.031505
0.031505
0.031535
0.031500
0.031500
0.031500
0.031500
0.031465
0.031471
0.031516
0.031516
0.031516
0.031516
0.031481
0.031451
0.031451
0.031451
0.031451
0.031451
0.031451
0.031486
0.031486
0.031486
0.031450
0.031450
0.031412
0.031314
0.031314
0.031314
0.031314
0.031349
0.031349
0.031349
0.031349
0.031386
0.031352
0.031352
0.031352
0.031299
0.031299
0.031299
0.031265
0.031265
0.031278
0.031278
0.031278
0.031278
0.031240
0.031240
0.031269
0.031269
0.031249
0.031216
0.031216
0.031216
0.031187
0.031187
0.031187
0.031187
0.031187
0.031187
0.031223
0.031223
0.031223
0.031186
0.031138
0.031138
0.031138
0.031138
0.031100
0.031100
0.031100
0.031109
0.031109
0.031109
0.031109
0.031109
0.031072
0.031072
0.031039
0.031001
0.030990
0.030950
0.030950
0.030950
0.030980
0.030980
0.030980
0.030980
0.030980
0.030980
0.030980
0.030942
0.030915
0.030930
0.030930
0.030882
0.030882
0.030882
0.030877
0.030877
0.030877
0.030877
0.030879
0.030855
0.030855
0.030902
0.030902
0.030902
0.030866
0.030866
0.030866
0.030866
0.030818
0.030818
0.030778
0.030739
0.030739
0.030739
0.030716
0.030716
0.030716
0.030716
0.030716
0.030716
0.030716
0.030716
0.030716
0.030716
0.030716
0.030716
0.030699
0.030699
0.030699
0.030699
0.030667
0.030667
0.030667
0.030685
0.030685
0.030649
0.030649
0.030649
0.030590
0.030590
0.030590
0.030590
0.030590
0.030590
0.030552
0.030552
0.030552
0.030552
0.030552
0.030552
0.030552
0.030552
0.030552
0.030552
0.030552
0.030552
0.030552
0.030520
0.030557
0.030557
0.030557
0.030557
0.030557
0.030557
0.030557
0.030557
0.030526
0.030526
0.030536
0.030498
0.030424
0.030424
0.030424
0.030443
0.030412
0.030412
0.030412
0.030412
0.030443
0.030443
0.030443
0.030443
0.030443
0.030443
0.030412
0.030412
0.030373
0.030373
0.030373
0.030373
0.030373
0.030373
0.030373
0.030373
0.030373
0.030373
0.030373
0.030373
0.030373
0.030373
0.030373
0.030342
0.030342
0.030306
0.030268
0.030268
0.030300
0.030262
0.030262
0.030262
0.030313
0.030313
0.030281
0.030281
0.030281
0.030281
0.030281
0.030281
0.030281
0.030281
0.030249
0.030249
0.030211
0.030211
0.030211
0.030186
0.030186
0.030186
0.030186
0.030154
0.030154
0.030154
0.030154
0.030154
0.030186
0.030186
0.030151
0.030151
0.030113
0.030113
0.030081
0.030081
0.030081
0.030081
0.030081
0.030081
0.030081
0.030081
0.030081
0.030081
0.030081
0.030067
0.030067
0.030043
0.030043
0.030005
0.029965
0.029932
0.029932
0.029932
0.029932
0.029892
0.029924
0.029924
0.029892
0.029879
0.029879
0.029841
0.029826
0.029873
0.029860
0.029860
0.029843
0.029843
0.029843
0.029843
0.029843
0.029838
0.029838
0.029825
0.029825
0.029825
0.029800
0.029800
0.029800
0.029768
0.029710
0.029710
0.029710
0.029710
0.029730
0.029730
0.029692
0.029646
0.029623
0.029623
0.029604
0.029566
0.029566
0.029566
0.029566
0.029566
0.029566
0.029566
0.029566
0.029566
0.029546
0.029501
0.029501
0.029441
0.029441
0.029404
0.029404
0.029404
0.029404
0.029404
0.029404
0.029368
0.029368
0.029368
0.029368
0.029355
0.029323
0.029336
0.029336
0.029304
0.029266
0.029233
0.029233
0.029233
0.029233
0.029233
0.029255
0.029255
0.029255
0.029242
0.029242
0.029255
0.029225
0.029225
0.029272
0.029235
0.029235
0.029235
0.029235
0.029235
0.029235
0.029233
0.029233
0.029233
0.029220
0.029233
0.029203
0.029290
0.029290
0.029290
0.029257
0.029257
0.029290
0.029254
0.029254
0.029217
0.029217
0.029217
0.029217
0.029217
0.029217
0.029155
0.029195
0.029195
0.029195
0.029195
0.029195
0.029195
0.029195
0.029195
0.029195
0.029195
0.029195
0.029195
0.029157
0.029157
0.029130
0.029130
0.029130
0.029130
0.029130
0.029130
0.029116
0.029116
0.029116
0.029116
0.029116
0.029116
0.029116
0.029116
0.029126
0.029101
0.029068
0.029068
0.029101
0.029101
0.029066
0.029066
0.029053
0.029053
0.029053
0.029120
0.029120
0.029086
0.029051
0.029051
0.029028
0.029028
0.029028
0.029028
0.029028
0.029028
0.029028
0.028989
0.028989
0.028915
0.028903
0.028903
0.028903
0.028863
0.028863
0.028888
0.028854
0.028854
0.028854
0.028854
0.028854
0.028854
0.028855
0.028855
0.028855
0.028855
0.028855
0.028818
0.028818
0.028853
0.028853
0.028853
0.028833
0.028823
0.028823
0.028823
0.028776
0.028788
0.028788
0.028788
0.028755
0.028838
0.028879
0.028879
0.028879
0.028831
0.028874
0.028874
0.028874
0.028843
0.028843
0.028843
0.028903
0.028903
0.028860
0.028887
0.028887
0.028887
0.028887
0.028887
0.028887
0.028847
0.028835
0.028835
0.028835
0.028835
0.028832
0.028832
0.028795
0.028795
0.028795
0.028795
0.028828
0.028828
0.028828
0.028815
0.028815
0.028815
0.028815
0.028801
0.028801
0.028777
0.028777
0.028741
0.028727
0.028727
0.028727
0.028727
0.028750
0.028780
0.028780
0.028780
0.028753
0.028753
0.028716
0.028695
0.028742
0.028746
0.028746
0.028707
0.028707
0.028694
0.028726
0.028726
0.028764
0.028764
0.028716
0.028728
0.028728
0.028728
0.028740
0.028782
0.028747
0.028747
0.028735
0.028780
0.028814
0.028814
0.028814
0.028818
0.028818
0.028810
0.028810
0.028806
0.028806
0.028819
0.028819
0.028806
0.028806
0.028806
0.028806
0.028813
0.028813
0.028819
0.028819
0.028819
0.028819
0.028819
0.028814
0.028814
0.028814
0.028814
0.028775
0.028775
0.028775
0.028775
0.028784
0.028784
0.028784
0.028784
0.028784
0.028832
0.028876
0.028876
0.028876
0.028856
0.028854
0.028854
0.028854
0.028854
0.028866
0.028900
0.028900
0.028889
0.028889
0.028889
0.028819
0.028819
0.028819
0.028819
0.028819
0.028896
0.028910
0.028910
0.028910
0.028910
0.028910
0.028916
0.028929
0.028929
0.028929
0.028929
0.028929
0.028929
0.028929
0.028945
0.028945
0.028975
0.028978
0.028978
0.028978
0.028978
0.028978
0.028978
0.028988
0.028988
0.028988
0.029006
0.029006
0.029006
0.029050
0.029014
0.029014
0.029022
0.029042
0.029042
0.029050
0.029050
0.029050
0.029070
0.029070
0.029070
0.029070
0.029070
0.029070
0.029070
0.029070
0.029070
0.029077
0.029077
0.029100
0.029100
0.029100
0.029064
0.029064
0.029064
0.029064
0.029100
0.029100
0.029100
0.029100
0.029110
0.029134
0.029134
0.029141
0.029141
0.029141
0.029189
0.029189
0.029189
0.029189
0.029189
0.029189
0.029182
0.029208
0.029220
0.029220
0.029220
0.029220
0.029220
0.029220
0.029220
0.029220
0.029182
