1.998938
1.857055
1.731025
1.650586
1.612273
1.599451
1.597276
1.597358
1.597301
1.597002
1.596428
1.595648
1.595294
1.595104
1.595227
1.595467
1.595590
1.595399
1.595426
1.595262
1.595050
1.594966
1.595167
1.595381
1.595704
1.595932
1.595748
1.595533
1.594738
1.593327
1.591585
1.589792
1.587973
1.586255
1.584503
1.582787
1.581081
1.579242
1.577512
1.575812
1.574110
1.572270
1.570778
1.569113
1.567345
1.565644
1.563706
1.562050
1.560057
1.558210
1.556261
1.554349
1.552609
1.551164
1.549288
1.547491
1.545420
1.543476
1.541622
1.539726
1.538028
1.536376
1.534544
1.532514
1.530766
1.529103
1.527455
1.525281
1.523484
1.521502
1.519361
1.517162
1.515233
1.513214
1.511074
1.509153
1.507245
1.505669
1.503397
1.501107
1.499088
1.496691
1.494304
1.492098
1.489876
1.487908
1.485595
1.483300
1.481172
1.478921
1.476675
1.474337
1.471851
1.469552
1.467181
1.464835
1.462624
1.460350
1.458364
1.456283
1.454531
1.452131
1.449887
1.447224
1.444780
1.442391
1.440022
1.437542
1.435133
1.432141
1.429344
1.426335
1.423378
1.420715
1.417997
1.415311
1.412838
1.410104
1.407427
1.405033
1.402003
1.399609
1.397028
1.394426
1.391854
1.389289
1.386767
1.384423
1.381929
1.379295
1.376789
1.374532
1.372119
1.369118
1.366480
1.364091
1.361428
1.358847
1.356201
1.353845
1.351194
1.348868
1.346391
1.343846
1.340830
1.338600
1.336068
1.333815
1.331431
1.329050
1.326847
1.324452
1.322273
1.319753
1.317528
1.315402
1.312963
1.310649
1.308307
1.305476
1.303163
1.301090
1.298826
1.296680
1.294603
1.292351
1.289995
1.287890
1.285752
1.284037
1.282072
1.280055
1.277852
1.276024
1.273869
1.271243
1.269361
1.267354
1.265481
1.263592
1.261810
1.259868
1.257955
1.256139
1.254379
1.252588
1.250670
1.248911
1.247044
1.245515
1.243811
1.242287
1.239966
1.238301
1.236613
1.235118
1.233508
1.232086
1.230533
1.229307
1.227779
1.226530
1.225151
1.223804
1.222548
1.221386
1.220306
1.219184
1.217897
1.216839
1.215773
1.214691
1.213723
1.212625
1.211395
1.210412
1.209301
1.207844
1.207013
1.206005
1.205183
1.204199
1.203534
1.202789
1.201990
1.201343
1.200787
1.200090
1.199386
1.198695
1.197887
1.197420
1.196673
1.196026
1.195450
1.194930
1.194309
1.193771
1.193411
1.192861
1.192442
1.192009
1.191632
1.191122
1.190956
1.190302
1.189979
1.189628
1.189401
1.188988
1.188637
1.188215
1.187788
1.188206
1.187856
1.187391
1.187033
1.186745
1.186407
1.185998
1.185817
1.185439
1.185340
1.184984
1.184739
1.184406
1.184004
1.183756
1.183398
1.183080
1.182649
1.182533
1.182089
1.181849
1.181522
1.181193
1.181634
1.181416
1.181167
1.180833
1.180495
1.180181
1.179864
1.179395
1.179055
1.178757
1.178380
1.178083
1.177772
1.177435
1.177197
1.177475
1.176878
1.176556
1.176230
1.175767
1.175530
1.175157
1.174707
1.174230
1.173960
1.173335
1.173067
1.172707
1.172149
1.172424
1.171905
1.171465
1.170897
1.170434
1.170074
1.169737
1.169396
1.168975
1.168424
1.167971
1.167431
1.166949
1.166384
1.166523
1.166043
1.165550
1.165066
1.164608
1.164077
1.163432
1.162888
1.162464
1.161779
1.161252
1.160603
1.160072
1.159384
1.158959
1.158370
1.157722
1.157186
1.156661
1.156698
1.156016
1.155341
1.154603
1.153949
1.153297
1.152859
1.152220
1.151614
1.150913
1.150249
1.149621
1.148989
1.148503
1.148128
1.147423
1.146782
1.146192
1.145499
1.144794
1.144250
1.143749
1.143092
1.142453
1.141886
1.141341
1.140807
1.140337
1.139843
1.139278
1.138659
1.137997
1.137378
1.136744
1.136237
1.135632
1.135093
1.134539
1.133935
1.133302
1.132695
1.132030
1.131487
1.130829
1.130361
1.129614
1.128961
1.128321
1.127762
1.126549
1.126050
1.125474
1.124910
1.124348
1.123816
1.123305
1.122800
1.122193
1.121684
1.121037
1.120529
1.119965
1.119289
1.118865
1.118223
1.117614
1.117202
1.116792
1.116294
1.115696
1.115150
1.114659
1.114063
1.113560
1.112993
1.112458
1.111959
1.111482
1.110989
1.110362
1.109848
1.109445
1.108926
1.108451
1.107828
1.107415
1.106933
1.106399
1.105870
1.105485
1.104985
1.104428
1.103931
1.103530
1.102994
1.102357
1.101863
1.101274
1.100834
1.100330
1.099941
1.099317
1.099038
1.098625
1.098177
1.097688
1.097249
1.096779
1.096344
1.095946
1.095499
1.095095
1.094634
1.094230
1.093844
1.093450
1.092936
1.092512
1.092020
1.091645
1.091253
1.090874
1.090433
1.090145
1.089668
1.089215
1.088885
1.088533
1.087454
1.087169
1.086784
1.086445
1.086106
1.085723
1.085374
1.085085
1.084893
1.084588
1.084381
1.084126
1.083708
1.083518
1.083278
1.082991
1.082654
1.082467
1.082222
1.081892
1.081610
1.081332
1.081052
1.080918
1.080594
1.080344
1.080165
1.079924
1.079654
1.079466
1.079239
1.078969
1.078798
1.078629
1.078352
1.078176
1.078010
1.077805
1.077684
1.077503
1.077326
1.077200
1.077043
1.076816
1.076692
1.076575
1.076461
1.076248
1.076124
1.075960
1.075796
1.075678
1.075600
1.075442
1.075184
1.075063
1.074951
1.074836
1.074720
1.074591
1.074200
1.074037
1.073830
1.073725
1.073606
1.073542
1.073443
1.073206
1.073106
1.073041
1.072946
1.072833
1.072787
1.072726
1.072617
1.072499
1.072438
1.072294
1.072211
1.072152
1.072191
1.072083
1.071970
1.071909
1.071951
1.071868
1.071813
1.071707
1.071695
1.071652
1.071658
1.071608
1.071598
1.071548
1.071491
1.071382
1.071425
1.071304
1.071197
1.071177
1.071124
1.071117
1.071229
1.071214
1.071302
1.071292
1.071336
1.071376
1.071417
1.071410
1.071410
1.071421
1.071399
1.071314
1.071408
1.071357
1.071303
1.071297
1.071341
1.071391
1.071273
1.071367
1.071318
1.071364
1.071310
1.071359
1.071356
1.071351
1.071351
1.071310
1.071210
1.071157
1.071157
1.071102
1.071164
1.071157
1.071139
1.071161
1.071109
1.071109
1.071055
1.071105
1.071101
1.071101
1.071147
1.071097
1.071064
1.071066
1.070965
1.070916
1.070905
1.070662
1.070615
1.070467
1.070421
1.070422
1.070422
1.070328
1.070281
1.070291
1.070266
1.070225
1.070168
1.070135
1.070133
1.070135
1.070115
1.070067
1.070116
1.070095
1.070047
1.070097
1.070094
1.070035
1.070079
1.070079
1.069976
1.070026
1.070026
1.069978
1.069976
1.069926
1.069926
1.069973
1.069914
1.069917
1.069917
1.069917
1.069965
1.069913
1.070013
1.070013
1.070013
1.070010
1.070072
1.070062
1.070148
1.070194
1.070240
1.070290
1.070239
1.070297
1.070294
1.070342
1.070391
1.070438
1.070486
1.070468
1.070465
1.070534
1.070534
1.070519
1.070467
1.070515
1.070465
1.070460
1.070460
1.070411
1.070410
1.070461
1.070461
1.070511
1.070460
1.070460
1.070460
1.070435
1.070435
1.070482
1.070434
1.070385
1.070384
1.070382
1.070366
1.070318
1.070371
1.070318
1.070329
1.070328
1.070376
1.070326
1.070326
1.070329
1.070037
1.069987
1.069784
1.069722
1.069713
1.069758
1.069760
1.069663
1.069625
1.069681
1.069596
1.069603
1.069538
1.069558
1.069626
1.069641
1.069636
1.069560
1.069531
1.069518
1.069455
1.069440
1.069427
1.069459
1.069459
1.069415
1.069387
1.069395
1.069348
1.069359
1.069305
1.069253
1.069260
1.069230
1.069232
1.069229
1.069234
1.069209
1.069165
1.069168
1.069162
1.069164
1.069117
1.069322
1.069405
1.069468
1.069520
1.069571
1.069571
1.069572
1.069621
1.069671
1.069769
1.069803
1.069753
1.069803
1.069807
1.069807
1.069715
1.069665
1.069713
1.069715
1.069726
1.069727
1.069727
1.069730
1.069678
1.069737
1.069691
1.069692
1.069693
1.069693
1.069680
1.069681
1.069681
1.069683
1.069732
1.069735
1.069750
1.069759
1.069759
1.069756
1.069757
1.069705
1.069655
1.069656
1.069584
1.069579
1.069530
1.069533
1.069542
1.069245
1.069146
1.069099
1.069038
1.068989
1.068990
1.068891
1.068842
1.068794
1.068792
1.068748
1.068758
1.068662
1.068699
1.068700
1.068656
1.068706
1.068657
1.068619
1.068584
1.068584
1.068535
1.068535
1.068530
1.068484
1.068484
1.068484
1.068484
1.068434
1.068398
1.068398
1.068449
1.068468
1.068468
1.068468
1.068493
1.068479
1.068479
1.068430
1.068430
1.068434
1.068335
1.068335
1.068335
1.068516
1.068515
1.068664
1.068714
1.068779
1.068817
1.068868
1.068918
1.068919
1.068980
1.069029
1.068979
1.069030
1.068980
1.069012
1.069023
1.069019
1.069019
1.069123
1.069172
1.069169
1.069171
1.069171
1.069171
1.069121
1.069121
1.069121
1.069081
1.069098
1.069048
1.069048
1.069048
1.069047
1.069097
1.069149
1.069149
1.069149
1.069149
1.069149
1.069199
1.069218
1.069217
1.069168
1.069168
1.069168
1.069119
1.068770
1.068771
1.068667
1.068618
1.068619
1.068619
1.068591
1.068542
1.068493
1.068494
1.068446
1.068446
1.068350
1.068348
1.068349
1.068305
1.068305
1.068305
1.068289
1.068289
1.068339
1.068339
1.068340
1.068357
1.068345
1.068342
1.068292
1.068304
1.068304
1.068254
1.068276
1.068226
1.068246
1.068196
1.068196
1.068143
1.068143
1.068193
1.068195
1.068195
1.068195
1.068145
1.068218
1.068218
1.068218
1.068393
1.068358
1.068455
1.068593
1.068643
1.068625
1.068729
1.068780
1.068830
1.068904
1.068955
1.068957
1.069007
1.069006
1.069055
1.069104
1.069103
1.069053
1.069151
1.069150
1.069153
1.069178
1.069177
1.069227
1.069277
1.069227
1.069231
1.069231
1.069231
1.069231
1.069231
1.069230
1.069180
1.069229
1.069205
1.069205
1.069205
1.069205
1.069205
1.069205
1.069241
1.069291
1.069291
1.069290
1.069290
1.068991
1.068967
1.068868
1.068766
1.068766
1.068765
1.068716
1.068665
1.068665
1.068616
1.068567
1.068518
1.068470
1.068520
1.068548
1.068552
1.068551
1.068600
1.068510
1.068510
1.068508
1.068508
1.068508
1.068531
1.068531
1.068531
1.068481
1.068482
1.068512
1.068612
1.068612
1.068612
1.068612
1.068591
1.068541
1.068542
1.068542
1.068540
1.068491
1.068484
1.068484
1.068484
1.068486
1.068516
1.068516
1.068566
1.068741
1.068840
1.068938
1.068987
1.068986
1.069036
1.069086
1.069135
1.069235
1.069235
1.069284
1.069286
1.069336
1.069336
1.069367
1.069467
1.069467
1.069430
1.069480
1.069479
1.069426
1.069426
1.069426
1.069475
1.069425
1.069425
1.069425
1.069423
1.069423
1.069423
1.069423
1.069473
1.069522
1.069522
1.069522
1.069522
1.069521
1.069518
1.069538
1.069538
1.069538
1.069538
1.069538
1.069538
1.069488
1.069192
1.069176
1.069129
1.069030
1.068982
1.068982
1.068935
1.068838
1.068864
1.068783
1.068739
1.068739
1.068698
1.068698
1.068698
1.068662
1.068662
1.068662
1.068686
1.068686
1.068686
1.068686
1.068686
1.068591
1.068591
1.068591
1.068591
1.068591
1.068591
1.068590
1.068590
1.068590
1.068590
1.068597
1.068647
1.068647
1.068647
1.068612
1.068612
1.068612
1.068656
1.068656
1.068656
1.068652
1.068652
1.068751
1.068797
1.068892
1.068940
1.068955
1.069005
1.069053
1.069102
1.069102
1.069150
1.069149
1.069149
1.069198
1.069200
1.069250
1.069300
1.069337
1.069304
1.069354
1.069354
1.069352
1.069353
1.069353
1.069403
1.069403
1.069367
1.069366
1.069366
1.069366
1.069316
1.069283
1.069281
1.069281
1.069281
1.069281
1.069281
1.069282
1.069282
1.069282
1.069282
1.069282
1.069279
1.069277
1.069232
1.069232
1.069232
1.068935
1.068935
1.068837
1.068789
1.068740
1.068740
1.068694
1.068647
1.068600
1.068600
1.068539
1.068469
1.068422
1.068371
1.068371
1.068377
1.068377
1.068377
1.068341
1.068341
1.068341
1.068341
1.068342
1.068276
1.068276
1.068294
1.068294
1.068294
1.068294
1.068292
1.068290
1.068290
1.068306
1.068306
1.068306
1.068306
1.068306
1.068308
1.068267
1.068267
1.068280
1.068280
1.068280
1.068278
1.068278
1.068452
1.068550
1.068649
1.068696
1.068746
1.068746
1.068746
1.068795
1.068795
1.068845
1.068865
1.068853
1.068903
1.068903
1.068901
1.068901
1.068900
1.068862
1.068912
1.068912
1.068960
1.068960
1.068960
1.069010
1.069060
1.069059
1.069059
1.068980
1.068980
1.068980
1.068978
1.068978
1.068977
1.069027
1.069027
1.068975
1.068972
1.068972
1.068972
1.068970
1.068972
1.068934
1.068934
1.068934
1.068935
1.068902
1.068603
1.068555
1.068452
1.068402
1.068352
1.068352
1.068302
1.068201
1.068151
1.068201
1.068153
1.068152
1.068090
1.068139
1.068139
1.068088
1.068132
1.068132
1.068083
1.067945
1.067915
1.067947
1.067947
1.067931
1.067975
1.067975
1.068025
1.068027
1.068024
1.067974
1.067974
1.067974
1.067988
1.067988
1.067937
1.067937
1.067934
1.067934
1.067953
1.067953
1.067954
1.067954
1.068002
1.068004
1.068228
1.068235
1.068335
1.068385
1.068386
1.068385
1.068423
1.068473
1.068474
1.068524
1.068574
1.068574
1.068625
1.068625
1.068625
1.068625
1.068627
1.068627
1.068677
1.068677
1.068677
1.068726
1.068727
1.068727
1.068825
1.068825
1.068825
1.068825
1.068825
1.068801
1.068845
1.068805
1.068806
1.068856
1.068856
1.068856
1.068856
1.068856
1.068856
1.068845
1.068845
1.068845
1.068845
1.068845
1.068845
1.068844
1.068844
1.068544
1.068494
1.068394
1.068344
1.068294
1.068294
1.068244
1.068194
1.068144
1.068144
1.068040
1.068089
1.068039
1.068039
1.068038
1.067988
1.067988
1.067949
1.067888
1.067888
1.067863
1.067863
1.067863
1.067816
1.067816
1.067816
1.067816
1.067766
1.067766
1.067766
1.067817
1.067817
1.067862
1.067814
1.067814
1.067814
1.067814
1.067815
1.067815
1.067815
1.067765
1.067765
1.067754
1.067755
1.067954
1.067954
1.068098
1.068198
1.068299
1.068299
1.068349
1.068399
1.068349
1.068400
1.068450
1.068361
1.068411
1.068411
1.068415
1.068465
1.068415
1.068415
1.068465
1.068466
1.068552
1.068552
1.068552
1.068602
1.068599
1.068578
1.068528
1.068528
1.068531
1.068532
1.068532
1.068532
1.068532
1.068583
1.068583
1.068580
1.068580
1.068581
1.068581
1.068581
1.068581
1.068581
1.068570
1.068570
1.068570
1.068570
1.068571
1.068271
1.068221
1.068122
1.068073
1.068023
1.067973
1.067945
1.067856
1.067806
1.067806
1.067757
1.067804
1.067755
1.067755
1.067755
1.067656
1.067645
1.067645
1.067600
1.067600
1.067600
1.067600
1.067600
1.067575
1.067575
1.067575
1.067551
1.067551
1.067549
1.067549
1.067549
1.067549
1.067588
1.067588
1.067588
1.067588
1.067587
1.067587
1.067577
1.067577
1.067576
1.067576
1.067576
1.067575
1.067774
1.067775
1.067875
1.067925
1.067951
1.067951
1.068001
1.068051
1.068051
1.068102
1.068152
1.068114
1.068164
1.068164
1.068160
1.068260
1.068208
1.068197
1.068247
1.068247
1.068246
1.068246
1.068347
1.069347
1.081943
1.114161
1.112984
1.106175
1.102110
1.115007
1.129694
1.144630
1.159228
1.168474
1.177498
1.185191
1.192740
1.198541
1.202737
1.205322
1.205495
1.204317
1.203043
1.200687
1.198387
1.196668
1.195092
1.193374
1.191572
1.189547
1.187289
1.184891
1.182785
1.180457
1.178453
1.176681
1.175078
1.173495
1.172272
1.170623
1.169295
1.167701
1.166119
1.164423
1.162954
1.161279
1.159547
1.157912
1.156399
1.154675
1.152701
1.150913
1.149113
1.147259
1.144048
1.139404
1.133242
1.125016
1.114885
1.103980
1.092695
1.081779
1.071395
1.060882
1.050404
1.040061
1.029645
1.019984
1.010446
1.001386
0.993012
0.985810
0.980315
0.976248
0.973066
0.970794
0.969585
0.969549
0.970232
0.970865
0.971104
0.970595
0.969392
0.967309
0.964555
0.960705
0.956479
0.952461
0.948936
0.946039
0.943085
0.939859
0.937019
0.934033
0.931304
0.928912
0.926608
0.924416
0.922440
0.920522
0.918705
0.917076
0.915177
0.913080
0.910900
0.908615
0.906066
0.903700
0.901287
0.898875
0.896365
0.893706
0.891077
0.888631
0.885886
0.883374
0.880922
0.878174
0.875338
0.872980
0.870313
0.867749
0.865157
0.862427
0.859520
0.856756
0.853890
0.851229
0.848665
0.845863
0.842964
0.840350
0.837901
0.835169
0.832489
0.829569
0.826884
0.823944
0.821055
0.818318
0.815474
0.812575
0.809689
0.807016
0.804274
0.801779
0.799137
0.796587
0.794124
0.791683
0.789258
0.786532
0.783953
0.781100
0.778546
0.775984
0.773318
0.770797
0.768342
0.765858
0.763277
0.760894
0.758320
0.755899
0.753603
0.751059
0.748777
0.746527
0.744048
0.741817
0.739629
0.737256
0.735144
0.733126
0.731149
0.729320
0.727203
0.725043
0.723008
0.721192
0.719023
0.717259
0.715131
0.713340
0.711367
0.709889
0.708245
0.706580
0.705029
0.703407
0.701786
0.700269
0.698916
0.697235
0.695981
0.694612
0.693109
0.691790
0.690505
0.689115
0.687755
0.686685
0.685371
0.684013
0.682979
0.681725
0.680550
0.679321
0.678239
0.677092
0.676014
0.674863
0.673659
0.672631
0.671452
0.670153
0.669108
0.667857
0.666591
0.665243
0.664150
0.662935
0.661699
0.660428
0.659215
0.658098
0.656957
0.655793
0.654728
0.653344
0.652373
0.650997
0.650016
0.648833
0.647744
0.646634
0.645328
0.644118
0.642921
0.641698
0.640562
0.639279
0.638052
0.636695
0.635363
0.634064
0.632734
0.631363
0.630007
0.628680
0.627267
0.625936
0.624348
0.622960
0.621575
0.620287
0.618998
0.617611
0.616018
0.614617
0.613236
0.611785
0.610496
0.609065
0.607767
0.606375
0.604991
0.603600
0.602225
0.600693
0.599456
0.598067
0.596659
0.595309
0.593816
0.592288
0.590888
0.589464
0.587946
0.586621
0.585308
0.583952
0.582363
0.581007
0.579651
0.578288
0.576943
0.575491
0.574288
0.572800
0.571705
0.570381
0.569080
0.567623
0.566341
0.564928
0.563700
0.562418
0.561019
0.559826
0.558519
0.557235
0.555806
0.554552
0.553339
0.552122
0.550777
0.549646
0.548369
0.547268
0.545959
0.544885
0.543662
0.542488
0.541341
0.540265
0.539237
0.538024
0.536895
0.535640
0.534559
0.533380
0.532290
0.531176
0.530158
0.529231
0.528260
0.527201
0.526249
0.525231
0.523976
0.522989
0.521880
0.520868
0.519691
0.518791
0.517789
0.516705
0.515695
0.514708
0.513818
0.512805
0.511886
0.510997
0.510088
0.509172
0.508116
0.507305
0.506336
0.505283
0.504394
0.503553
0.502722
0.501854
0.500837
0.500096
0.499164
0.498266
0.497530
0.496771
0.495866
0.495011
0.494270
0.493494
0.492652
0.491865
0.491063
0.490282
0.489678
0.488817
0.488060
0.487326
0.486567
0.485803
0.485158
0.484345
0.483659
0.482904
0.482224
0.481510
0.480760
0.480092
0.479557
0.478687
0.477992
0.477376
0.476763
0.476183
0.475525
0.474844
0.474258
0.473620
0.472987
0.472322
0.471722
0.470911
0.470373
0.469723
0.469129
0.468576
0.467847
0.467242
0.466718
0.466344
0.465874
0.465359
0.464761
0.464280
0.463574
0.463073
0.462556
0.461985
0.461440
0.460962
0.460189
0.459712
0.459095
0.458511
0.457950
0.457410
0.456924
0.456298
0.455590
0.455043
0.454405
0.453801
0.453288
0.452626
0.452148
0.451436
0.450913
0.450371
0.449803
0.449168
0.448649
0.448064
0.447579
0.446991
0.446367
0.445820
0.445144
0.444596
0.444101
0.443474
0.442877
0.442315
0.441754
0.441095
0.440637
0.440136
0.439695
0.439182
0.438543
0.438058
0.437386
0.436872
0.436355
0.435726
0.435173
0.434565
0.433939
0.433435
0.432752
0.432165
0.431650
0.431128
0.430641
0.430136
0.429736
0.429138
0.428685
0.428078
0.427520
0.426898
0.426305
0.425745
0.425134
0.424569
0.424086
0.423760
0.423156
0.422583
0.421985
0.421296
0.420821
0.420176
0.419531
0.418937
0.418154
0.417622
0.417026
0.416418
0.415871
0.415158
0.414553
0.414009
0.413408
0.412800
0.412162
0.411532
0.410881
0.410160
0.409532
0.408914
0.408336
0.407699
0.407012
0.406344
0.405608
0.404990
0.404316
0.403715
0.403051
0.402542
0.401797
0.401164
0.400574
0.399754
0.399193
0.398477
0.397872
0.397188
0.396416
0.395870
0.395156
0.394440
0.393804
0.393202
0.392464
0.391792
0.391171
0.390665
0.389959
0.389214
0.388560
0.387924
0.387485
0.386862
0.386043
0.385132
0.384127
0.383279
0.382307
0.381409
0.380508
0.379661
0.378715
0.377766
0.376829
0.376038
0.375058
0.374189
0.373122
0.372299
0.371362
0.370619
0.369779
0.368776
0.367961
0.366968
0.365992
0.364844
0.363798
0.362673
0.361639
0.360519
0.359461
0.358426
0.357302
0.356241
0.355103
0.354034
0.352902
0.351805
0.350877
0.349879
0.348781
0.347672
0.346664
0.345592
0.344524
0.343324
0.342320
0.341253
0.340239
0.339115
0.338037
0.336984
0.335954
0.334992
0.333882
0.332805
0.331734
0.330728
0.329595
0.328571
0.327531
0.326466
0.325381
0.324381
0.323343
0.322262
0.321136
0.320167
0.319089
0.317948
0.316938
0.316029
0.315016
0.314023
0.312972
0.311804
0.310679
0.309673
0.308618
0.307622
0.306507
0.305535
0.304399
0.303383
0.302324
0.301212
0.300244
0.299135
0.298034
0.296992
0.295953
0.294831
0.293717
0.292705
0.291680
0.290581
0.289647
0.288513
0.287454
0.286438
0.285330
0.284331
0.283162
0.282165
0.281146
0.280236
0.279048
0.278132
0.277110
0.276118
0.275183
0.274076
0.273062
0.272021
0.271057
0.270048
0.268924
0.268237
0.267458
0.266808
0.266305
0.265736
0.265270
0.264686
0.264206
0.263715
0.263252
0.262689
0.262112
0.261590
0.261011
0.260578
0.260035
0.259516
0.259135
0.258649
0.258278
0.257629
0.257073
0.256638
0.256134
0.255555
0.255077
0.254517
0.254101
0.253457
0.252958
0.252397
0.251507
0.250557
0.249672
0.248692
0.247628
0.246627
0.245579
0.244441
0.243578
0.242549
0.241569
0.240552
0.239476
0.238525
0.237518
0.236436
0.235404
0.234337
0.233292
0.232346
0.231368
0.230440
0.229503
0.228371
0.227451
0.226558
0.225601
0.224498
0.223586
0.222712
0.221734
0.220803
0.219744
0.218829
0.217958
0.216960
0.215984
0.215096
0.214105
0.213072
0.212338
0.211611
0.210989
0.210352
0.209756
0.209002
0.208217
0.207425
0.206570
0.205725
0.204759
0.203835
0.202987
0.202181
0.201252
0.200435
0.199522
0.198695
0.198019
0.197092
0.196170
0.195398
0.194494
0.193635
0.192816
0.191975
0.191187
0.190331
0.189539
0.188663
0.187902
0.187173
0.186277
0.185522
0.184735
0.183772
0.183092
0.182270
0.181505
0.180744
0.179945
0.179211
0.178441
0.177735
0.176989
0.176210
0.175373
0.174602
0.173940
0.173188
0.172467
0.171727
0.170979
0.170295
0.169580
0.168983
0.168220
0.167507
0.166870
0.166129
0.165468
0.164835
0.164078
0.163471
0.162819
0.162228
0.161663
0.161001
0.160367
0.159704
0.159127
0.158466
0.157773
0.157119
0.156443
0.155925
0.155304
0.154774
0.154102
0.153410
0.152959
0.152323
0.151763
0.151198
0.150564
0.149961
0.149416
0.148879
0.148244
0.147730
0.147142
0.146555
0.146121
0.145666
0.145166
0.144888
0.144522
0.144195
0.143857
0.143567
0.143247
0.142918
0.142632
0.142102
0.141500
0.140963
0.140367
0.139735
0.139229
0.138635
0.137984
0.137404
0.136853
0.136285
0.135760
0.135207
0.134683
0.134083
0.133419
0.132922
0.132259
0.131773
0.131141
0.130519
0.130020
0.129461
0.128786
0.128213
0.127672
0.127042
0.126504
0.125947
0.125397
0.124656
0.124099
0.123385
0.122900
0.122283
0.121787
0.121206
0.120556
0.120074
0.119390
0.118930
0.118370
0.117793
0.117270
0.116650
0.116114
0.115446
0.114857
0.114232
0.113612
0.113090
0.112576
0.111854
0.111154
0.110560
0.109955
0.109315
0.108692
0.108192
0.107574
0.106873
0.106234
0.105683
0.105030
0.104411
0.103681
0.103141
0.102495
0.101793
0.101239
0.100605
0.099886
0.099266
0.098692
0.098060
0.097467
0.096784
0.096104
0.095495
0.094819
0.094193
0.093549
0.092990
0.092367
0.091613
0.090966
0.090205
0.089608
0.089023
0.088427
0.087748
0.087115
0.086580
0.085985
0.085307
0.084771
0.084313
0.083671
0.083130
0.082585
0.082016
0.081447
0.080877
0.080394
0.079897
0.079383
0.078949
0.078458
0.078059
0.077493
0.077027
0.076534
0.076087
0.075649
0.075273
0.074856
0.074387
0.074009
0.073596
0.073162
0.072709
0.072428
0.072063
0.071655
0.071171
0.070837
0.070594
0.070229
0.069835
0.069519
0.069181
0.068867
0.068595
0.068245
0.067929
0.067617
0.067350
0.067029
0.066645
0.066414
0.066148
0.065839
0.065568
0.065342
0.065107
0.064785
0.064513
0.064259
0.063935
0.063627
0.063464
0.063206
0.062960
0.062741
0.062536
0.062281
0.062033
0.061865
0.061579
0.061413
0.061200
0.060997
0.060748
0.060426
0.060271
0.059926
0.059662
0.059443
0.059384
0.059251
0.059042
0.058888
0.058657
0.058496
0.058351
0.058196
0.057929
0.057785
0.057539
0.057299
0.057234
0.057107
0.056970
0.056896
0.056715
0.056578
0.056448
0.056290
0.056248
0.056146
0.056044
0.055928
0.055771
0.055684
0.055625
0.055473
0.055315
0.055282
0.055063
0.054999
0.054850
0.054772
0.054715
0.054633
0.054494
0.054425
0.054390
0.054378
0.054235
0.054170
0.054126
0.054026
0.053948
0.053826
0.053762
0.053660
0.053566
0.053549
0.053424
0.053398
0.053207
0.053185
0.053103
0.052972
0.052952
0.052862
0.052743
0.052722
0.052680
0.052614
0.052516
0.052467
0.052361
0.052260
0.052131
0.052072
0.051933
0.051885
0.051850
0.051820
0.051799
0.051803
0.051706
0.051657
0.051619
0.051534
0.051544
0.051422
0.051385
0.051336
0.051349
0.051266
0.051181
0.051136
0.051167
0.051153
0.051089
0.051043
0.051009
0.050886
0.050855
0.050843
0.050783
0.050712
0.050678
0.050754
0.050696
0.050727
0.050619
0.050656
0.050616
0.050574
0.050510
0.050575
0.050546
0.050470
0.050448
0.050381
0.050354
0.050304
0.050272
0.050134
0.050145
0.050232
0.050107
0.050147
0.050077
0.050126
0.050156
0.050171
0.050118
0.050125
0.050034
0.050038
0.050033
0.050016
0.049990
0.050045
0.050065
0.049996
0.049912
0.050002
0.049889
0.049864
0.049848
0.049835
0.049851
0.049832
0.049809
0.049802
0.049769
0.049830
0.049717
0.049708
0.049744
0.049715
0.049655
0.049707
0.049648
0.049533
0.049544
0.049590
0.049477
0.049464
0.049414
0.049355
0.049368
0.049394
0.049362
0.049463
0.049323
0.049393
0.049338
0.049389
0.049401
0.049391
0.049461
0.049443
0.049394
0.049422
0.049486
0.049529
0.049518
0.049365
0.049385
0.049335
0.049399
0.049348
0.049300
0.049265
0.049182
0.049025
0.049024
0.048996
0.049033
0.048947
0.049028
0.048898
0.048890
0.048873
0.048825
0.048797
0.048707
0.048618
0.048559
0.048509
0.048428
0.048430
0.048344
0.048282
0.048262
0.048213
0.048217
0.048109
0.048109
0.047950
0.047922
0.047875
0.047743
0.047733
0.047690
0.047663
0.047561
0.047545
0.047556
0.047392
0.047327
0.047299
0.047137
0.047137
0.047178
0.047047
0.046977
0.046904
0.046833
0.046795
0.046712
0.046670
0.046531
0.046497
0.046503
0.046421
0.046419
0.046359
0.046448
0.046253
0.046220
0.046269
0.046259
0.046089
0.046079
0.046052
0.046029
0.046069
0.045976
0.045978
0.046000
0.045927
0.045882
0.045776
0.045814
0.045780
0.045826
0.045835
0.045857
0.045786
0.045790
0.045800
0.045772
0.045765
0.045768
0.045810
0.045694
0.045652
0.045737
0.045690
0.045701
0.045746
0.045707
0.045703
0.045654
0.045706
0.045745
0.045699
0.045646
0.045622
0.045651
0.045649
0.045701
0.045672
0.045615
0.045614
0.045602
0.045602
0.045566
0.045601
0.045619
0.045588
0.045634
0.045635
0.045568
0.045554
0.045540
0.045557
0.045550
0.045538
0.045537
0.045529
0.045550
0.045563
0.045550
0.045583
0.045597
0.045611
0.045656
0.045692
0.045677
0.045673
0.045615
0.045610
0.045646
0.045694
0.045734
0.045740
0.045756
0.045860
0.045886
0.045858
0.045885
0.045920
0.045955
0.045966
0.045993
0.045987
0.046037
0.046033
0.046067
0.046082
0.046042
0.046047
0.046044
0.046050
0.046047
0.045976
0.045922
0.045717
0.045517
0.045281
0.045057
0.044889
0.044741
0.044573
0.044455
0.044358
0.044319
0.044184
0.044032
0.043982
0.043786
0.043690
0.043599
0.043424
0.043262
0.043168
0.043114
0.042991
0.042863
0.042722
0.042630
0.042608
0.042469
0.042384
0.042295
0.042219
0.042130
0.042017
0.041867
0.041723
0.041540
0.041336
0.041193
0.041054
0.040907
0.040822
0.040737
0.040544
0.040431
0.040259
0.040159
0.040034
0.039924
0.039713
0.039653
0.039518
0.039437
0.039277
0.039110
0.039053
0.038900
0.038766
0.038660
0.038551
0.038522
0.038446
0.038300
0.038225
0.038127
0.037897
0.037843
0.037707
0.037580
0.037537
0.037476
0.037452
0.037399
0.037347
0.037257
0.037169
0.037000
0.037053
0.036963
0.036858
0.036779
0.036746
0.036747
0.036708
0.036615
0.036633
0.036587
0.036491
0.036397
0.036300
0.036298
0.036283
0.036194
0.036092
0.036084
0.036066
0.035991
0.036026
0.035942
0.035857
0.035856
0.035788
0.035704
0.035689
0.035615
0.035602
0.035523
0.035504
0.035456
0.035562
0.035583
0.035523
0.035540
0.035455
0.035362
0.035372
0.035316
0.035309
0.035309
0.035298
0.035263
0.035173
0.035138
0.035016
0.035088
0.035084
0.035045
0.035046
0.034990
0.034986
0.034937
0.034923
0.034965
0.034885
0.034930
0.034857
0.034809
0.034837
0.034904
0.034854
0.034818
0.034804
0.034728
0.034806
0.034801
0.034783
0.034747
0.034747
0.034628
0.034658
0.034692
0.034740
0.034692
0.034660
0.034640
0.034641
0.034568
0.034592
0.034633
0.034633
0.034662
0.034664
0.034653
0.034610
0.034620
0.034555
0.034555
0.034506
0.034440
0.034511
0.034445
0.034412
0.034454
0.034393
0.034478
0.034496
0.034452
0.034458
0.034440
0.034388
0.034405
0.034339
0.034303
0.034286
0.034241
0.034211
0.034237
0.034215
0.034251
0.034271
0.034239
0.034267
0.034252
0.034158
0.034208
0.034255
0.034263
0.034295
0.034142
0.034130
0.034089
0.034089
0.034061
0.033986
0.034010
0.034000
0.034052
0.034005
0.033959
0.033950
0.033968
0.033942
0.033850
0.033835
0.033854
0.033854
0.033806
0.033782
0.033771
0.033805
0.033835
0.033777
0.033799
0.033799
0.033799
0.033755
0.033778
0.033716
0.033716
0.033706
0.033729
0.033729
0.033729
0.033729
0.033651
0.033599
0.033637
0.033666
0.033662
0.033643
0.033645
0.033646
0.033607
0.033600
0.033547
0.033552
0.033493
0.033493
0.033524
0.033478
0.033478
0.033453
0.033491
0.033523
0.033478
0.033480
0.033480
0.033523
0.033523
0.033476
0.033388
0.033353
0.033350
0.033350
0.033292
0.033248
0.033248
0.033353
0.033360
0.033328
0.033285
0.033300
0.033338
0.033308
0.033340
0.033301
0.033260
0.033260
0.033254
0.033272
0.033272
0.033272
0.033249
0.033262
0.033262
0.033300
0.033300
0.033300
0.033219
0.033261
0.033227
0.033228
0.033228
0.033167
0.033219
0.033219
0.033219
0.033244
0.033244
0.033257
0.033301
0.033298
0.033298
0.033336
0.033336
0.033277
0.033321
0.033311
0.033278
0.033310
0.033310
0.033214
0.033214
0.033259
0.033259
0.033196
0.033160
0.033142
0.033142
0.033219
0.033187
0.033187
0.033187
0.033191
0.033142
0.033070
0.033117
0.033068
0.033031
0.033039
0.032990
0.032929
0.032929
0.032943
0.033019
0.033056
0.033090
0.033045
0.033031
0.032942
0.032908
0.032919
0.032882
0.032877
0.032914
0.032914
0.032867
0.032867
0.032915
0.032894
0.032894
0.032894
0.032894
0.032865
0.032865
0.032854
0.032854
0.032902
0.032902
0.032932
0.032895
0.032895
0.032895
0.032877
0.032877
0.032877
0.032962
0.032962
0.032962
0.032962
0.032947
0.032912
0.032904
0.032904
0.032945
0.032874
0.032874
0.032908
0.032908
0.032875
0.032875
0.032834
0.032862
0.032862
0.032862
0.032862
0.032862
0.032862
0.032862
0.032883
0.032883
0.032836
0.032869
0.032831
0.032831
0.032822
0.032843
0.032810
0.032842
0.032842
0.032761
0.032725
0.032704
0.032704
0.032725
0.032687
0.032656
0.032653
0.032653
0.032653
0.032647
0.032686
0.032683
0.032685
0.032652
0.032689
0.032658
0.032645
0.032592
0.032592
0.032592
0.032592
0.032623
0.032623
0.032623
0.032623
0.032571
0.032571
0.032571
0.032571
0.032547
0.032587
0.032559
0.032559
0.032559
0.032559
0.032559
0.032592
0.032600
0.032564
0.032564
0.032564
0.032486
0.032486
0.032486
0.032490
0.032490
0.032470
0.032508
0.032517
0.032472
0.032472
0.032505
0.032468
0.032465
0.032465
0.032433
0.032433
0.032433
0.032404
0.032404
0.032438
0.032438
0.032438
0.032441
0.032520
0.032520
0.032520
0.032491
0.032460
0.032427
0.032473
0.032438
0.032392
0.032396
0.032347
0.032347
0.032316
0.032247
0.032252
0.032211
0.032211
0.032211
0.032211
0.032211
0.032211
0.032217
0.032217
0.032224
0.032224
0.032232
0.032232
0.032184
0.032228
0.032196
0.032162
0.032168
0.032168
0.032168
0.032175
0.032175
0.032095
0.032106
0.032035
0.031964
0.031916
0.031956
0.031956
0.031956
0.031965
0.031965
0.032001
0.032010
0.032010
0.032010
0.031979
0.031931
0.031895
0.031904
0.031904
0.031879
0.031879
0.031879
0.031879
0.031889
0.031858
0.031789
0.031789
0.031745
0.031701
0.031746
0.031746
0.031750
0.031750
0.031734
0.031651
0.031613
0.031578
0.031578
0.031578
0.031578
0.031611
0.031565
0.031565
0.031483
0.031483
0.031512
0.031468
0.031468
0.031464
0.031464
0.031439
0.031350
0.031350
0.031338
0.031307
0.031307
0.031322
0.031288
0.031323
0.031277
0.031323
0.031323
0.031292
0.031292
0.031292
0.031273
0.031234
0.031189
0.031224
0.031224
0.031228
0.031228
0.031193
0.031211
0.031166
0.031202
0.031202
0.031202
0.031202
0.031202
0.031204
0.031154
0.031154
0.031153
0.031153
0.031153
0.031112
0.031112
0.031056
0.031101
0.031168
0.031167
0.031167
0.031167
0.031167
0.031124
0.031124
0.031148
0.031112
0.031112
0.031154
0.031154
0.031112
0.031077
0.031103
0.031138
0.031138
0.031130
0.031130
0.031071
0.031119
0.031119
0.031119
0.031191
0.031191
0.031114
0.031114
0.031052
0.031052
0.031058
0.031105
0.031169
0.031169
0.031169
0.031169
0.031201
0.031201
0.031163
0.031163
0.031163
0.031153
0.031160
0.031114
0.031149
0.031149
0.031114
0.031149
0.031148
0.031148
0.031148
0.031148
0.031181
0.031181
0.031181
0.031181
0.031159
0.031123
0.031115
0.031080
0.031041
0.031041
0.031118
0.031118
0.031119
0.031119
0.031119
0.031155
0.031155
0.031111
0.031042
0.031077
0.031077
0.031100
0.031100
0.031100
0.031039
0.031030
0.031030
0.031030
0.031066
0.031035
0.031058
