2.054457
1.912141
1.783291
1.697983
1.654975
1.639470
1.636742
1.637085
1.637585
1.637752
1.637493
1.636900
1.635319
1.633098
1.630439
1.627330
1.624561
1.621868
1.619171
1.616607
1.613867
1.610798
1.607644
1.604162
1.600817
1.597471
1.594347
1.591000
1.587655
1.584479
1.581347
1.577654
1.573004
1.568407
1.564156
1.559673
1.555353
1.550956
1.546518
1.542482
1.537838
1.533897
1.529929
1.526137
1.522293
1.518104
1.513809
1.509587
1.505389
1.501181
1.497569
1.493581
1.489097
1.484867
1.480229
1.475867
1.471594
1.467019
1.462781
1.458514
1.454067
1.449753
1.445476
1.441163
1.437002
1.432872
1.428754
1.424626
1.420170
1.415821
1.411469
1.407464
1.403091
1.398752
1.394369
1.389866
1.385392
1.380916
1.376420
1.372149
1.367724
1.363158
1.358408
1.354161
1.349866
1.345366
1.340997
1.336845
1.332418
1.328305
1.323988
1.319828
1.315649
1.311674
1.307340
1.303081
1.298824
1.294553
1.290408
1.286063
1.281890
1.277603
1.273134
1.268672
1.264519
1.260227
1.256120
1.251625
1.247358
1.242889
1.238162
1.233934
1.229376
1.224791
1.220146
1.215614
1.211111
1.206238
1.201614
1.196764
1.191927
1.187319
1.182924
1.178370
1.173917
1.169303
1.164899
1.160276
1.155871
1.151464
1.147190
1.142641
1.138212
1.133798
1.129473
1.125091
1.120824
1.116431
1.112142
1.107858
1.103452
1.098940
1.095014
1.090667
1.086178
1.082027
1.077609
1.073133
1.069000
1.064574
1.060100
1.055609
1.051351
1.046843
1.042306
1.038065
1.033707
1.029184
1.024770
1.020522
1.016277
1.012142
1.008199
1.004314
1.000729
0.997121
0.993606
0.990088
0.986764
0.983203
0.979289
0.975616
0.971929
0.968077
0.964266
0.960431
0.956474
0.952592
0.948910
0.945177
0.941401
0.937831
0.934046
0.930612
0.926947
0.923364
0.919936
0.916384
0.912671
0.909187
0.905483
0.902115
0.898509
0.895043
0.891688
0.888269
0.884864
0.881502
0.878249
0.875258
0.872010
0.868877
0.865413
0.862159
0.859057
0.856433
0.854282
0.852437
0.850450
0.848765
0.846967
0.844950
0.842934
0.840197
0.837427
0.834403
0.831393
0.828189
0.824920
0.821801
0.818855
0.815880
0.813165
0.810356
0.807500
0.804778
0.801776
0.798985
0.796262
0.793480
0.790612
0.787857
0.785111
0.782507
0.780161
0.777934
0.776169
0.774205
0.772369
0.770165
0.768203
0.765719
0.763092
0.760539
0.757929
0.755186
0.752333
0.749639
0.747037
0.744440
0.741760
0.739186
0.736513
0.733900
0.731367
0.728630
0.725952
0.723410
0.720656
0.718059
0.715411
0.712940
0.710354
0.707891
0.705629
0.703330
0.700887
0.698647
0.696338
0.693775
0.691300
0.688736
0.685814
0.683122
0.680219
0.677560
0.675002
0.672255
0.669471
0.666846
0.664167
0.661386
0.658904
0.656240
0.653490
0.650688
0.647875
0.645136
0.642392
0.639698
0.636765
0.634255
0.631505
0.628690
0.625893
0.623178
0.620411
0.617636
0.614825
0.611966
0.609361
0.606409
0.603635
0.600981
0.598272
0.595739
0.593232
0.590741
0.588124
0.585558
0.582987
0.580245
0.577681
0.575074
0.572483
0.569831
0.567168
0.564572
0.562046
0.559435
0.556816
0.554236
0.551558
0.548910
0.546389
0.543912
0.541341
0.538683
0.536200
0.533650
0.531217
0.528595
0.526028
0.523591
0.521039
0.518501
0.515877
0.513312
0.510856
0.508407
0.505936
0.503419
0.500968
0.498415
0.495953
0.493551
0.490990
0.488483
0.486008
0.483664
0.481245
0.478948
0.476538
0.474055
0.471673
0.469373
0.466945
0.464590
0.462379
0.460200
0.457827
0.455653
0.453507
0.451146
0.448787
0.446510
0.444289
0.442028
0.439771
0.437444
0.435169
0.432896
0.430621
0.428674
0.426489
0.424211
0.422177
0.419969
0.417900
0.415836
0.413741
0.411503
0.409650
0.407302
0.405353
0.403355
0.401234
0.399113
0.397240
0.395045
0.393163
0.391099
0.389222
0.386989
0.384904
0.382996
0.380919
0.379073
0.377071
0.375047
0.373109
0.371285
0.369204
0.367213
0.365316
0.363363
0.361296
0.359713
0.357889
0.355947
0.353914
0.352006
0.349929
0.348081
0.346106
0.344196
0.342115
0.340148
0.338392
0.336513
0.334846
0.332951
0.331056
0.329282
0.327369
0.325377
0.323541
0.321778
0.319829
0.317844
0.315972
0.314003
0.312068
0.310157
0.308263
0.306432
0.304304
0.302368
0.300499
0.298557
0.296682
0.294724
0.292760
0.290756
0.288953
0.287242
0.285289
0.283459
0.281439
0.279641
0.277747
0.275741
0.273909
0.271986
0.270053
0.268220
0.266303
0.264368
0.262451
0.260544
0.258655
0.256783
0.254916
0.253055
0.251071
0.249287
0.247544
0.245835
0.243897
0.241982
0.240214
0.238402
0.236487
0.234595
0.232645
0.230859
0.229033
0.227086
0.225275
0.223506
0.221730
0.219828
0.217977
0.216218
0.214558
0.212783
0.211132
0.209214
0.207641
0.206006
0.204356
0.202882
0.201400
0.199712
0.198100
0.196562
0.195053
0.193473
0.191952
0.190543
0.189038
0.187587
0.186038
0.184539
0.183032
0.181640
0.180202
0.178741
0.177284
0.175861
0.174418
0.173289
0.172246
0.170886
0.169651
0.168246
0.166915
0.165564
0.164374
0.163016
0.162001
0.160883
0.159642
0.158440
0.157165
0.156066
0.154918
0.153773
0.152478
0.151392
0.150324
0.149107
0.148029
0.146929
0.145783
0.144721
0.143696
0.142667
0.141651
0.140634
0.139567
0.138629
0.137672
0.136697
0.135698
0.134610
0.133656
0.132821
0.131889
0.130959
0.130035
0.128992
0.128162
0.127337
0.126496
0.125963
0.125035
0.124348
0.123362
0.122580
0.121719
0.120994
0.120188
0.119384
0.118697
0.117943
0.117221
0.116355
0.115672
0.114882
0.114184
0.113450
0.112767
0.112010
0.111313
0.110648
0.109974
0.109341
0.108542
0.107898
0.107294
0.106517
0.105802
0.105034
0.104348
0.103737
0.103164
0.102482
0.101848
0.101227
0.100734
0.100077
0.099388
0.098866
0.098145
0.097587
0.097076
0.096714
0.096314
0.095927
0.095274
0.094744
0.094234
0.093634
0.093088
0.092643
0.092129
0.091574
0.091022
0.090529
0.089819
0.089380
0.088923
0.088292
0.087814
0.087342
0.086806
0.086379
0.085869
0.085301
0.084754
0.084387
0.083767
0.083346
0.082811
0.082288
0.081723
0.081264
0.080797
0.080368
0.079793
0.079367
0.078845
0.078494
0.077871
0.077370
0.076935
0.076337
0.075939
0.075540
0.075078
0.074547
0.074089
0.073672
0.073112
0.072680
0.072265
0.071786
0.071304
0.070984
0.070590
0.070293
0.070000
0.069502
0.069114
0.068669
0.068258
0.067749
0.067316
0.066820
0.066189
0.065774
0.065306
0.064842
0.064389
0.063900
0.063429
0.062928
0.062542
0.062040
0.061543
0.061131
0.060726
0.060300
0.059762
0.059322
0.058923
0.058464
0.058173
0.057671
0.057207
0.056834
0.056506
0.056146
0.055691
0.055198
0.054822
0.054470
0.054111
0.053760
0.053425
0.053057
0.052615
0.052349
0.052029
0.051780
0.051455
0.051072
0.050644
0.050499
0.050165
0.049792
0.049604
0.049194
0.049075
0.048689
0.048350
0.048201
0.047833
0.047543
0.047283
0.046909
0.046739
0.046567
0.046286
0.046185
0.046113
0.045915
0.045631
0.045431
0.045254
0.044929
0.044764
0.044485
0.044463
0.044178
0.043900
0.043706
0.043501
0.043351
0.043172
0.042958
0.042838
0.042623
0.042477
0.042227
0.042085
0.041932
0.041750
0.041602
0.041363
0.041137
0.041034
0.040887
0.040685
0.040486
0.040364
0.040245
0.040000
0.039953
0.039758
0.039712
0.039547
0.039318
0.039117
0.039008
0.038785
0.038598
0.038525
0.038283
0.038220
0.038139
0.037928
0.037922
0.037827
0.037804
0.037770
0.037580
0.037476
0.037376
0.037293
0.037059
0.037005
0.036874
0.036638
0.036586
0.036456
0.036312
0.036276
0.036162
0.035990
0.036023
0.035895
0.035743
0.035750
0.035652
0.035460
0.035373
0.035271
0.035163
0.035114
0.035001
0.034877
0.034786
0.034721
0.034721
0.034598
0.034455
0.034479
0.034386
0.034334
0.034274
0.034141
0.034056
0.034000
0.033863
0.033916
0.033830
0.033794
0.033799
0.033600
0.033616
0.033468
0.033442
0.033399
0.033336
0.033234
0.033203
0.033080
0.033009
0.032849
0.032839
0.032792
0.032762
0.032800
0.032757
0.032671
0.032616
0.032628
0.032599
0.032487
0.032439
0.032329
0.032294
0.032240
0.032261
0.032222
0.032192
0.032071
0.032025
0.031986
0.031956
0.031934
0.031857
0.031880
0.031814
0.031728
0.031709
0.031686
0.031630
0.031635
0.031640
0.031594
0.031521
0.031438
0.031403
0.031326
0.031258
0.031234
0.031260
0.031296
0.031269
0.031201
0.031201
0.031066
0.031110
0.031065
0.031036
0.030969
0.030958
0.030939
0.030906
0.030872
0.030893
0.030825
0.030779
0.030729
0.030830
0.030798
0.030764
0.030732
0.030775
0.030690
0.030635
0.030625
0.030625
0.030594
0.030558
0.030521
0.030572
0.030572
0.030542
0.030498
0.030431
0.030485
0.030437
0.030370
0.030338
0.030258
0.030289
0.030289
0.030250
0.030283
0.030256
0.030216
0.030206
0.030132
0.030103
0.030134
0.030130
0.030130
0.030161
0.030161
0.030161
0.030086
0.030086
0.030156
0.030122
0.030041
0.030004
0.029926
0.029926
0.029892
0.029862
0.029883
0.029865
0.029865
0.029865
0.029865
0.029865
0.029867
0.029867
0.029867
0.029899
0.029861
0.029898
0.029841
0.029841
0.029788
0.029788
0.029788
0.029745
0.029745
0.029745
0.029749
0.029788
0.029784
0.029775
0.029775
0.029744
0.029744
0.029744
0.029744
0.029752
0.029752
0.029752
0.029787
0.029787
0.029789
0.029746
0.029757
0.029783
0.029783
0.029783
0.029783
0.029797
0.029797
0.029797
0.029771
0.029771
0.029742
0.029742
0.029705
0.029711
0.029707
0.029645
0.029645
0.029603
0.029603
0.029621
0.029599
0.029635
0.029635
0.029606
0.029669
0.029659
0.029660
0.029601
0.029601
0.029633
0.029633
0.029633
0.029633
0.029633
0.029715
0.029672
0.029651
0.029634
0.029634
0.029626
0.029626
0.029604
0.029583
0.029583
0.029571
0.029566
0.029597
0.029597
0.029571
0.029571
0.029557
0.029598
0.029598
0.029598
0.029568
0.029525
0.029525
0.029494
0.029494
0.029568
0.029534
0.029495
0.029508
0.029540
0.029574
0.029568
0.029568
0.029547
0.029589
0.029589
0.029520
0.029519
0.029519
0.029519
0.029519
0.029519
0.029514
0.029514
0.029547
0.029547
0.029621
0.029560
0.029560
0.029529
0.029488
0.029468
0.029430
0.029430
0.029430
0.029375
0.029375
0.029418
0.029397
0.029397
0.029432
0.029432
0.029432
0.029432
0.029432
0.029432
0.029457
0.029457
0.029413
0.029456
0.029420
0.029420
0.029420
0.029420
0.029420
0.029425
0.029425
0.029430
0.029430
0.029397
0.029425
0.029425
0.029425
0.029425
0.029455
0.029468
0.029425
0.029425
0.029425
0.029391
0.029391
0.029426
0.029426
0.029426
0.029426
0.029459
0.029459
0.029419
0.029426
0.029426
0.029388
0.029431
0.029388
0.029380
0.029361
0.029344
0.029339
0.029307
0.029316
0.029316
0.029284
0.029284
0.029284
0.029284
0.029316
0.029316
0.029316
0.029273
0.029273
0.029227
0.029195
0.029195
0.029195
0.029178
0.029178
0.029178
0.029221
0.029221
0.029232
0.029232
0.029232
0.029189
0.029189
0.029189
0.029189
0.029138
0.029146
0.029146
0.029146
0.029146
0.029146
0.029127
0.029127
0.029127
0.029127
0.029085
0.029085
0.029045
0.029045
0.029057
0.029027
0.028957
0.028997
0.029030
0.029030
0.029030
0.029030
0.029073
0.029031
0.029026
0.029016
0.029016
0.028983
0.028983
0.028983
0.028983
0.028983
0.028953
0.028951
0.028951
0.028951
0.028910
0.028910
0.028910
0.028890
0.028890
0.028890
0.028903
0.028903
0.028903
0.028903
0.028888
0.028888
0.028888
0.028847
0.028847
0.028881
0.028843
0.028848
0.028848
0.028848
0.028848
0.028848
0.028816
0.028816
0.028848
0.028848
0.028808
0.028808
0.028808
0.028808
0.028808
0.028808
0.028770
0.028738
0.028738
0.028738
0.028738
0.028719
0.028719
0.028738
0.028697
0.028697
0.028692
0.028692
0.028692
0.028692
0.028692
0.028655
0.028655
0.028655
0.028655
0.028655
0.028655
0.028655
0.028576
0.028576
0.028576
0.028540
0.028540
0.028576
0.028576
0.028576
0.028539
0.028506
0.028506
0.028506
0.028506
0.028470
0.028503
0.028465
0.028488
0.028488
0.028479
0.028479
0.028481
0.028481
0.028481
0.028481
0.028462
0.028470
0.028470
0.028470
0.028470
0.028470
0.028432
0.028432
0.028432
0.028432
0.028432
0.028432
0.028435
0.028435
0.028435
0.028435
0.028435
0.028435
0.028435
0.028435
0.028430
0.028430
0.028446
0.028409
0.028402
0.028402
0.028369
0.028369
0.028357
0.028357
0.028357
0.028357
0.028357
0.028327
0.028327
0.028327
0.028327
0.028318
0.028296
0.028326
0.028333
0.028298
0.028298
0.028298
0.028298
0.028298
0.028298
0.028298
0.028303
0.028303
0.028303
0.028303
0.028284
0.028284
0.028284
0.028284
0.028284
0.028245
0.028245
0.028245
0.028245
0.028211
0.028211
0.028211
0.028211
0.028214
0.028214
0.028214
0.028180
0.028180
0.028215
0.028176
0.028176
0.028136
0.028136
0.028160
0.028160
0.028195
0.028195
0.028195
0.028195
0.028172
0.028172
0.028135
0.028127
0.028162
0.028162
0.028162
0.028162
0.028162
0.028127
0.028127
0.028127
0.028127
0.028127
0.028127
0.028127
0.028127
0.028127
0.028127
0.028162
0.028167
0.028167
0.028167
0.028167
0.028167
0.028167
0.028132
0.028132
0.028132
0.028062
0.028062
0.028019
0.028019
0.028019
0.028019
0.028054
0.028054
0.028100
0.028100
0.028143
0.028125
0.028125
0.028085
0.028085
0.028085
0.028085
0.028085
0.028085
0.028085
0.028085
0.028085
0.028120
0.028120
0.028120
0.028120
0.028120
0.028083
0.028083
0.028048
0.028048
0.028048
0.028048
0.028048
0.028048
0.028048
0.028048
0.028056
0.028056
0.028056
0.028056
0.028080
0.028085
0.028051
0.028051
0.028008
0.028042
0.028042
0.028042
0.028042
0.028042
0.028042
0.028042
0.028077
0.028043
0.028043
0.028043
0.028007
0.028007
0.027968
0.027968
0.027968
0.027933
0.027933
0.027933
0.027928
0.027967
0.027967
0.027967
0.028002
0.028002
0.028002
0.028002
0.028002
0.027963
0.027963
0.027963
0.027963
0.027928
0.027928
0.027928
0.027928
0.027928
0.027928
0.027928
0.027963
0.027963
0.027963
0.027963
0.027963
0.027931
0.027931
0.027980
0.027980
0.027968
0.027968
0.027968
0.027892
0.027849
0.027849
0.027849
0.027876
0.027876
0.027955
0.027979
0.027979
0.027979
0.027979
0.027979
0.027979
0.027944
0.027910
0.027899
0.027894
0.027894
0.027894
0.027894
0.027929
0.027929
0.027929
0.027929
0.027929
0.027929
0.027929
0.027929
0.027929
0.027894
0.027894
0.027894
0.027894
0.027894
0.027894
0.027894
0.027929
0.027929
0.027929
0.027929
0.027929
0.027929
0.027893
0.027893
0.027898
0.027863
0.027863
0.027863
0.027863
0.027863
0.027863
0.027863
0.027898
0.027898
0.027898
0.027898
0.027898
0.027923
0.027923
0.027923
0.027923
0.027888
0.027888
0.027888
0.027888
0.027883
0.027883
0.027883
0.027918
0.027918
0.027918
0.027918
0.027918
0.027918
0.027918
0.027918
0.027883
0.027848
0.027848
0.027848
0.027848
0.027848
0.027848
0.027848
0.027891
0.027891
0.027891
0.027891
0.027891
0.027891
0.027891
0.027934
0.027939
0.027904
0.027904
0.027904
0.027896
0.027853
0.027863
0.027829
0.027864
0.027864
0.027864
0.027864
0.027942
0.027942
0.027942
0.027966
0.027966
0.027931
0.027931
0.027931
0.027897
0.027897
0.027872
0.027867
0.027902
0.027927
0.027927
0.027927
0.027927
0.027927
0.027889
0.027877
0.027877
0.027842
0.027842
0.027842
0.027842
0.027880
0.027880
0.027880
0.027915
0.027915
0.027915
0.027915
0.027915
0.027877
0.027877
0.027877
0.027877
0.027842
0.027842
0.027842
0.027847
0.027847
0.027847
0.027847
0.027882
0.027920
0.027920
0.027882
0.027882
0.027882
0.027882
0.027882
0.027882
0.027872
0.027872
0.027872
0.027847
0.027847
0.027847
0.027847
0.027882
0.027882
0.027877
0.027902
0.027867
0.027867
0.027867
0.027867
0.027867
0.027831
0.027831
0.027831
0.027831
0.027831
0.027831
0.027831
0.027867
0.027867
0.027867
0.027867
0.027867
0.027867
0.027867
0.027867
0.027867
0.027831
0.027831
0.027831
0.027831
0.027831
0.027836
0.027836
0.027872
0.027872
0.027872
0.027872
0.027872
0.027872
0.027872
0.027872
0.027872
0.027836
0.027862
0.027862
0.027836
0.027836
0.027836
0.027836
0.027872
0.027872
0.027872
0.027872
0.027898
0.027898
0.027893
0.027893
0.027935
0.027900
0.027900
0.027900
0.027857
0.027857
0.027857
0.027857
0.027893
0.027893
0.027893
0.027893
0.027893
0.027935
0.027935
0.027935
0.027935
0.027900
0.027900
0.027900
0.027900
0.027857
0.027857
0.027857
0.027893
0.027893
0.027893
0.027898
0.027940
0.027940
0.027940
0.027940
0.027940
0.027869
0.027869
0.027869
0.027869
0.027869
0.027869
0.027905
0.027940
0.027940
0.027940
0.027940
0.027940
0.027931
0.027931
0.027931
0.027931
0.027896
0.027896
0.027896
0.027891
0.027891
0.027891
0.027891
0.027926
0.027926
0.027926
0.027926
0.027926
0.027926
0.027926
0.027926
0.027926
0.027891
0.027891
0.027891
0.027891
0.027891
0.027891
0.027891
0.027926
0.027926
0.027926
0.027926
0.027926
0.027926
0.027926
0.027926
0.027931
0.027896
0.027896
0.027896
0.027896
0.027896
0.027896
0.027896
0.027931
0.027931
0.027931
0.027931
0.027931
0.027957
0.027957
0.027919
0.027919
0.027884
0.027884
0.027922
0.027922
0.027922
0.027917
0.027963
0.027998
0.027998
0.027998
0.027998
0.027998
0.027998
0.027960
0.027960
0.027960
0.027925
0.027925
0.027925
0.027925
0.027963
0.027963
0.027963
0.027998
0.027998
0.027998
0.027998
0.027998
0.027960
0.027960
0.027960
0.027960
0.027925
0.027925
0.027930
0.027930
0.027930
0.027968
0.027968
0.028003
0.028003
0.028003
0.028003
0.027965
0.027965
0.027965
0.027993
0.027993
0.027957
0.027957
0.027957
0.027957
0.027930
0.027930
0.027930
0.027965
0.027965
0.027960
0.027988
0.027988
0.027988
0.027953
0.027953
0.027953
0.027918
0.027918
0.027918
0.027918
0.027918
0.027953
0.027953
0.027988
0.027956
0.027956
0.027953
0.027953
0.027953
0.027953
0.027953
0.027953
0.027918
0.027918
0.027918
0.027918
0.027923
0.027923
0.027891
0.027926
0.027926
0.027926
0.027926
0.027958
0.027958
0.027958
0.027958
0.027958
0.027923
0.027923
0.027923
0.027923
0.027923
0.027891
0.027891
0.027926
0.027926
0.027921
0.027921
0.027921
0.027981
0.027981
0.027981
0.027981
0.027945
0.027945
0.027945
0.027945
0.027914
0.027914
0.027914
0.027949
0.027949
0.027949
0.027949
0.027949
0.027949
0.027981
0.027981
0.027981
0.027945
0.027945
0.027945
0.027914
0.027914
0.027919
0.027919
0.027954
0.027954
0.027954
0.027954
0.027954
0.027954
0.027954
0.027986
0.027986
0.027919
0.027919
0.027919
0.027919
0.027919
0.027919
0.027919
0.027954
0.027954
0.027954
0.027949
0.027949
0.027949
0.027949
0.027949
0.027949
0.027914
0.027914
0.027914
0.027914
0.027914
0.027914
0.027914
0.027949
0.027949
0.027949
0.027949
0.027949
0.027949
0.028013
0.028013
0.028013
0.027978
0.027978
0.027978
0.027978
0.027950
0.027955
0.027955
0.027990
0.027990
0.027990
0.027990
0.028018
0.028018
0.028018
0.028018
0.028018
0.027983
0.027983
0.027983
0.027983
0.027983
0.027983
0.027983
0.028018
0.028018
0.028018
0.028018
0.028018
0.028013
0.028013
0.028013
0.028013
0.027978
0.027978
0.027978
0.027978
0.027978
0.027978
0.027978
0.028013
0.027979
0.027979
0.027979
0.027979
0.027979
0.027979
0.028013
0.028013
0.027978
0.027978
0.027978
0.027978
0.027978
0.027944
0.027944
0.027979
0.027979
0.027984
0.027984
0.027984
0.027984
0.027984
0.027937
0.027937
0.027940
0.027940
0.027940
0.027940
0.027940
0.027940
0.027940
0.027976
0.027976
0.027976
0.027976
0.027976
0.027976
0.027937
0.027937
0.027933
0.027926
0.027926
0.027926
0.027936
0.027936
0.027936
0.027936
0.027971
0.027971
0.027971
0.027971
0.027971
0.027961
0.027961
0.027961
0.027961
0.027926
0.027926
0.027926
0.027926
0.027964
0.027936
0.027936
0.027971
0.027971
0.027971
0.027971
0.027966
0.027966
0.027966
0.027966
0.027966
0.027931
0.027931
0.027931
0.027931
0.027931
0.027931
0.027969
0.028004
0.028004
0.028004
0.028004
0.027966
0.027966
0.027966
0.027966
0.027966
0.027931
0.027931
0.027931
0.027926
0.027926
0.027926
0.027926
0.027961
0.027961
0.027961
0.027961
0.027961
0.027961
0.027961
0.027961
0.027961
0.027926
0.027926
0.027926
0.027926
0.027926
0.027926
0.027926
0.027961
0.027961
0.027961
0.027961
0.027961
0.027961
0.027961
0.027961
0.027961
0.027931
0.027931
0.027931
0.027931
0.027931
0.027931
0.027900
0.027935
0.027935
0.027935
0.027935
0.027966
0.027966
0.027966
0.027966
0.027966
0.027931
0.027931
0.027931
0.027931
0.027931
0.027900
0.027900
0.027935
0.027935
0.027930
0.027930
0.027930
0.027961
0.027961
0.027997
0.028026
0.027955
0.027955
0.027955
0.027926
0.027895
0.027895
0.027895
0.027930
0.027930
0.027966
0.027966
0.027966
0.027997
0.028026
0.027990
0.027990
0.027955
0.027955
0.027955
0.027924
0.027895
0.027900
0.027900
0.027971
0.027971
0.027971
0.027971
0.028000
0.028000
0.027995
0.027995
0.027995
0.027960
0.027960
0.027960
0.027929
0.027965
0.027965
0.027965
0.028000
0.028000
0.028000
0.028000
0.027995
0.027959
0.027925
0.027925
0.027925
0.027890
0.027924
0.027960
0.027960
0.027960
0.027960
0.027960
0.027995
0.027995
0.027995
0.027925
0.027925
0.027925
0.027925
0.027925
0.027961
0.027960
0.027960
0.027960
0.027960
0.027960
0.027960
0.027960
0.027961
0.027966
0.027930
0.027966
0.027966
0.027966
0.027966
0.027966
0.028000
0.027965
0.027965
0.027965
0.027965
0.027931
0.027931
0.027931
0.027966
0.027966
0.027966
0.027966
0.027966
0.027966
0.027966
0.027966
0.027961
0.027926
0.027926
0.027926
0.027926
0.027926
0.027926
0.027926
0.027961
0.027961
0.027961
0.027961
0.027961
0.027961
0.027961
0.027961
0.027961
0.027926
0.027926
0.027926
0.027926
0.027926
0.027926
0.027926
0.027961
0.027961
0.027961
0.027966
0.027966
0.027966
0.027966
0.027928
0.027928
0.027893
0.027931
0.027931
0.027931
0.027931
0.027931
0.027931
0.027966
0.027966
0.027966
0.027966
0.027966
0.027966
0.027928
0.027958
0.027953
0.027918
0.027918
0.027918
0.027926
0.027926
0.027926
0.027926
0.027961
0.027961
0.027961
0.027961
0.027961
0.027953
0.027953
0.027953
0.027953
0.027918
0.027918
0.027918
0.027918
0.027926
0.027926
0.027926
0.027961
0.027961
0.027961
0.027961
0.027996
0.027958
0.027958
0.027958
0.027958
0.027923
0.027923
0.027923
0.027923
0.027923
0.027961
0.027931
0.027966
0.027996
0.027996
0.027996
0.027958
0.027958
0.027958
0.027958
0.027958
0.027918
0.027918
0.027918
0.027918
0.027918
0.027918
0.027918
0.027914
0.027914
0.027914
0.027914
0.027914
0.027914
0.027914
0.027914
0.027914
0.027879
0.027879
0.027879
0.027879
0.027879
0.027879
0.027879
0.027914
0.027914
0.027914
0.027914
0.027919
0.027919
0.027919
0.027958
0.027958
0.027923
0.027923
0.027923
0.027923
0.027923
0.027923
0.027923
0.027958
0.027958
0.027958
0.027958
0.027958
0.027958
0.027958
0.027958
0.027958
0.027923
0.027923
0.027918
0.027918
0.027918
0.027918
0.027878
0.027913
0.027882
0.027882
0.027913
0.027953
0.027953
0.027953
0.027953
0.027953
0.027918
0.027918
0.027918
0.027918
0.027918
0.027878
0.027847
0.027843
0.027843
0.027843
0.027843
0.027914
0.027914
0.027914
0.027914
0.027919
0.027884
0.027884
0.027884
0.027884
0.027884
0.027813
0.027813
0.027848
0.027848
0.027848
0.027848
0.027848
0.027919
0.027919
0.027919
0.027919
0.027884
0.027884
0.027884
0.027884
0.027813
0.027808
0.027808
0.027843
0.027843
0.027843
0.027843
0.027843
0.027914
0.027914
0.027914
0.027914
0.027879
0.027879
0.027879
0.027879
0.027808
0.027808
0.027808
0.027843
0.027843
0.027843
0.027843
0.027843
0.027882
0.027914
0.027944
0.027944
0.027909
0.027914
0.027914
0.027852
0.027813
0.027779
0.027779
0.027815
0.027815
0.027848
0.027848
0.027848
0.027848
0.027917
0.027949
0.027949
0.027914
0.027914
0.027849
0.027810
0.027779
0.027779
0.027779
0.027848
0.027848
0.027843
0.027843
0.027843
0.027873
0.027912
0.027912
0.027879
0.027844
0.027844
0.027844
0.027805
0.027805
0.027774
0.027808
0.027843
0.027843
0.027843
0.027843
0.027873
0.027873
