1.632284
1.470664
1.322397
1.222092
1.169069
1.147378
1.140924
1.141825
1.142664
1.142591
1.142174
1.141491
1.140862
1.140045
1.139392
1.138728
1.137928
1.137127
1.136300
1.135150
1.134112
1.132789
1.131700
1.130505
1.129552
1.128476
1.127689
1.126538
1.125532
1.124446
1.123138
1.121842
1.120490
1.119134
1.117671
1.116278
1.114855
1.113455
1.112005
1.110557
1.109098
1.107747
1.106734
1.105623
1.104555
1.103181
1.101823
1.100604
1.099165
1.097826
1.096632
1.095273
1.093982
1.092843
1.091447
1.090291
1.088989
1.087705
1.086376
1.085184
1.083876
1.082571
1.081367
1.080297
1.079274
1.078186
1.077037
1.075644
1.074601
1.073100
1.071932
1.070783
1.069466
1.068261
1.067150
1.065962
1.064841
1.063444
1.062275
1.061132
1.059932
1.058679
1.057592
1.056458
1.055164
1.053957
1.052660
1.051556
1.050183
1.049061
1.048023
1.047018
1.045963
1.044906
1.043764
1.042467
1.041241
1.039822
1.038447
1.036825
1.035302
1.033647
1.032060
1.030536
1.028893
1.027375
1.025602
1.023752
1.022003
1.020151
1.018473
1.016890
1.015330
1.013608
1.012050
1.010399
1.008783
1.007128
1.005626
1.004544
1.003441
1.002464
1.001607
1.000619
0.999938
0.999208
0.998224
0.997463
0.996554
0.995345
0.994087
0.992677
0.991284
0.989696
0.988180
0.986451
0.984751
0.983160
0.981415
0.979866
0.978136
0.976452
0.974511
0.973229
0.972035
0.970899
0.970028
0.969067
0.968381
0.967823
0.967327
0.966799
0.966402
0.965727
0.964794
0.963599
0.962337
0.960865
0.959334
0.958135
0.956950
0.955837
0.954741
0.953466
0.952536
0.951759
0.951193
0.950593
0.950041
0.949499
0.949222
0.948733
0.948219
0.947511
0.946782
0.945832
0.945039
0.944238
0.943509
0.942604
0.941876
0.941117
0.940616
0.940059
0.939613
0.939196
0.938781
0.938421
0.938149
0.937751
0.937107
0.936800
0.936414
0.936434
0.936103
0.935976
0.935913
0.935857
0.935961
0.935939
0.936061
0.935933
0.935663
0.935606
0.935289
0.935202
0.935092
0.934783
0.934545
0.934065
0.933389
0.932831
0.931989
0.931497
0.931312
0.931082
0.930993
0.930822
0.930578
0.930207
0.929425
0.928667
0.927812
0.927131
0.926460
0.925691
0.925052
0.924285
0.923609
0.923019
0.922126
0.921070
0.920127
0.919246
0.918209
0.917782
0.917343
0.917165
0.916883
0.916545
0.916383
0.916237
0.915929
0.916011
0.915285
0.914425
0.913778
0.913453
0.912938
0.912274
0.911884
0.911488
0.911086
0.910913
0.910589
0.910193
0.909816
0.909507
0.909110
0.908696
0.908396
0.908370
0.907912
0.907899
0.907893
0.907873
0.907702
0.907791
0.907711
0.907702
0.907785
0.907760
0.907430
0.907124
0.906967
0.906520
0.906207
0.905829
0.905376
0.904948
0.904676
0.903975
0.903929
0.903393
0.903094
0.902585
0.902393
0.901976
0.901454
0.901110
0.900681
0.900393
0.899952
0.899328
0.898511
0.897698
0.897167
0.896479
0.896170
0.895709
0.895328
0.894824
0.894545
0.894075
0.893645
0.893269
0.892976
0.892482
0.891840
0.891128
0.890416
0.889963
0.889589
0.889002
0.888529
0.887890
0.887341
0.886988
0.886751
0.886449
0.886080
0.885687
0.885309
0.884799
0.884070
0.883315
0.882398
0.881364
0.880407
0.879534
0.878686
0.877732
0.876861
0.876001
0.875379
0.874792
0.874390
0.873952
0.873236
0.872784
0.872103
0.871336
0.870642
0.869590
0.868417
0.867261
0.865844
0.864390
0.863188
0.862061
0.860861
0.859815
0.859067
0.858095
0.857490
0.856685
0.855940
0.855124
0.854323
0.853395
0.852310
0.851441
0.850590
0.849526
0.848563
0.847505
0.846183
0.844947
0.843254
0.841674
0.840249
0.838924
0.837886
0.837104
0.836372
0.835765
0.834954
0.834036
0.832859
0.831907
0.831039
0.830182
0.829062
0.828072
0.826899
0.825675
0.824605
0.823717
0.822641
0.821645
0.821086
0.820322
0.819666
0.819182
0.818591
0.817849
0.817172
0.816296
0.815684
0.815016
0.814047
0.813303
0.812637
0.811850
0.811112
0.810515
0.809926
0.809217
0.808473
0.807723
0.806742
0.805861
0.804891
0.804285
0.803842
0.803510
0.803080
0.802848
0.802594
0.802121
0.802002
0.801656
0.800900
0.800126
0.799334
0.798810
0.798284
0.797517
0.796751
0.795950
0.794979
0.794361
0.793782
0.793134
0.792904
0.792489
0.792019
0.791502
0.790866
0.790321
0.789441
0.788751
0.787930
0.787235
0.786070
0.784703
0.782986
0.781305
0.779666
0.777800
0.776314
0.775298
0.774450
0.773689
0.773404
0.772800
0.772355
0.771855
0.771144
0.770377
0.769477
0.768696
0.767760
0.766888
0.765608
0.764168
0.762732
0.761234
0.759696
0.758315
0.757005
0.755761
0.754928
0.754083
0.753289
0.753081
0.752996
0.753197
0.753076
0.753143
0.753086
0.752416
0.751305
0.749856
0.748004
0.745916
0.744220
0.742368
0.740444
0.738317
0.736339
0.734240
0.732013
0.730065
0.727906
0.725531
0.723420
0.721381
0.719231
0.716904
0.714581
0.712410
0.710952
0.709490
0.708296
0.707284
0.706270
0.705240
0.704200
0.703311
0.702176
0.701040
0.699818
0.698396
0.696842
0.695330
0.693786
0.692139
0.690470
0.689019
0.687362
0.685564
0.684097
0.682939
0.682003
0.681090
0.680130
0.679177
0.678364
0.677295
0.676553
0.675395
0.674286
0.672882
0.671297
0.669846
0.668138
0.666560
0.665271
0.664115
0.662997
0.661909
0.661257
0.660505
0.660011
0.659376
0.658947
0.658402
0.658041
0.657070
0.655701
0.654414
0.652988
0.651616
0.650333
0.649029
0.647708
0.646507
0.645120
0.644102
0.642837
0.641725
0.640549
0.639232
0.637884
0.636663
0.635358
0.634192
0.633020
0.631860
0.630765
0.629562
0.628393
0.627370
0.626193
0.625203
0.624054
0.622951
0.621913
0.620798
0.619739
0.618755
0.617807
0.616934
0.615884
0.614844
0.613892
0.612867
0.611790
0.610767
0.609840
0.608824
0.607857
0.606937
0.605999
0.605100
0.604068
0.603205
0.602276
0.601273
0.600286
0.599397
0.598506
0.597520
0.596746
0.595863
0.594974
0.594107
0.593143
0.592168
0.591329
0.590355
0.589295
0.588355
0.587313
0.586161
0.585130
0.584035
0.582947
0.582002
0.580866
0.579887
0.578681
0.577532
0.576438
0.575386
0.574239
0.573155
0.572006
0.571129
0.569905
0.568821
0.567837
0.566807
0.565839
0.564867
0.563994
0.563006
0.562020
0.561006
0.560038
0.558948
0.557935
0.556886
0.555913
0.555072
0.554098
0.553060
0.552268
0.551370
0.550392
0.549599
0.548577
0.547639
0.546670
0.545811
0.544817
0.543962
0.543085
0.542253
0.541338
0.540479
0.539810
0.539021
0.538151
0.537209
0.536346
0.535457
0.534761
0.533924
0.533149
0.532380
0.531512
0.530752
0.529689
0.528720
0.527940
0.527186
0.526394
0.525552
0.524778
0.523917
0.523125
0.522367
0.521479
0.520724
0.519964
0.519300
0.518485
0.517819
0.517105
0.516338
0.515791
0.514943
0.514168
0.513772
0.512975
0.512548
0.511701
0.511056
0.510292
0.509793
0.509189
0.508648
0.507937
0.507327
0.506692
0.506196
0.505657
0.505083
0.504397
0.503913
0.503203
0.502622
0.502137
0.501367
0.500885
0.500125
0.499386
0.498855
0.498228
0.497802
0.497208
0.496617
0.496057
0.495427
0.494936
0.494274
0.493670
0.493106
0.492471
0.491881
0.491138
0.490263
0.489841
0.489241
0.488434
0.487904
0.487295
0.486436
0.485897
0.485159
0.484381
0.483804
0.482965
0.482361
0.481583
0.480875
0.480123
0.479420
0.478542
0.477857
0.477043
0.476257
0.475371
0.474519
0.473627
0.472726
0.471821
0.471029
0.470140
0.469259
0.468376
0.467463
0.466529
0.465655
0.464785
0.463897
0.463004
0.462051
0.461160
0.460177
0.459265
0.458339
0.457411
0.456637
0.455678
0.454761
0.453773
0.452781
0.451872
0.450997
0.450097
0.449096
0.448273
0.447255
0.446419
0.445470
0.444492
0.443638
0.442825
0.442026
0.441119
0.440288
0.439513
0.438590
0.437887
0.437023
0.436226
0.435302
0.434561
0.433805
0.432957
0.432097
0.431289
0.430604
0.429844
0.429091
0.428500
0.427716
0.427040
0.426423
0.425881
0.425236
0.424506
0.423821
0.423227
0.422722
0.422132
0.421622
0.420877
0.420427
0.419867
0.419415
0.418906
0.418379
0.417880
0.417357
0.416798
0.416322
0.415809
0.415316
0.414770
0.414391
0.414000
0.413614
0.413081
0.412647
0.412272
0.411704
0.411327
0.410940
0.410405
0.410028
0.409532
0.409282
0.408984
0.408549
0.408077
0.407670
0.407312
0.406801
0.406409
0.406040
0.405656
0.405103
0.404731
0.404438
0.404012
0.403586
0.403154
0.402649
0.402314
0.401892
0.401415
0.400984
0.400530
0.400122
0.399799
0.399434
0.398906
0.398623
0.398157
0.397713
0.397236
0.396790
0.396465
0.396006
0.395576
0.395127
0.394606
0.394222
0.393834
0.393338
0.392967
0.392481
0.392064
0.391636
0.391220
0.390734
0.390274
0.389838
0.389471
0.389046
0.388556
0.388170
0.387819
0.387376
0.386883
0.386440
0.385995
0.385620
0.385114
0.384789
0.384394
0.384030
0.383620
0.383221
0.382900
0.382498
0.382172
0.381843
0.381523
0.381048
0.380707
0.380332
0.379999
0.379614
0.379224
0.378905
0.378577
0.378294
0.377965
0.377611
0.377300
0.377074
0.376729
0.376460
0.376085
0.375882
0.375571
0.375146
0.374847
0.374733
0.374557
0.374295
0.374124
0.373992
0.373671
0.373420
0.373165
0.372960
0.372757
0.372600
0.372445
0.372226
0.372008
0.371854
0.371741
0.371588
0.371473
0.371435
0.371328
0.371225
0.371057
0.370920
0.370733
0.370611
0.370494
0.370345
0.370251
0.370180
0.370138
0.370096
0.369998
0.369912
0.369909
0.369788
0.369716
0.369647
0.369487
0.369376
0.369301
0.369236
0.369153
0.369149
0.369072
0.368994
0.369008
0.368981
0.368884
0.368817
0.368770
0.368711
0.368758
0.368653
0.368583
0.368513
0.368466
0.368356
0.368286
0.368339
0.368386
0.368304
0.368210
0.368293
0.368203
0.368152
0.368028
0.367965
0.367907
0.367840
0.367803
0.367747
0.367689
0.367716
0.367675
0.367719
0.367607
0.367563
0.367516
0.367447
0.367456
0.367466
0.367379
0.367341
0.367261
0.367242
0.367200
0.367178
0.367198
0.367121
0.367080
0.367058
0.366961
0.366882
0.366879
0.366873
0.366827
0.366860
0.366742
0.366698
0.366670
0.366735
0.366701
0.366681
0.366607
0.366533
0.366463
0.366446
0.366417
0.366386
0.366304
0.366248
0.366198
0.366213
0.366133
0.366082
0.366129
0.366148
0.366030
0.365970
0.365991
0.365983
0.366050
0.365969
0.365824
0.365796
0.365757
0.365730
0.365774
0.365648
0.365668
0.365647
0.365533
0.365509
0.365554
0.365463
0.365513
0.365478
0.365390
0.365413
0.365379
0.365359
0.365393
0.365282
0.365262
0.365234
0.365247
0.365200
0.365202
0.365185
0.365121
0.365060
0.364997
0.364981
0.364933
0.364870
0.364914
0.364897
0.364840
0.364792
0.364815
0.364787
0.364775
0.364757
0.364697
0.364675
0.364706
0.364690
0.364631
0.364573
0.364607
0.364583
0.364575
0.364526
0.364518
0.364420
0.364465
0.364435
0.364471
0.364457
0.364444
0.364466
0.364437
0.364429
0.364380
0.364376
0.364291
0.364292
0.364216
0.364248
0.364233
0.364267
0.364267
0.364218
0.364205
0.364192
0.364192
0.364192
0.364143
0.364144
0.364150
0.364150
0.364204
0.364154
0.364175
0.364164
0.364164
0.364164
0.364119
0.364119
0.364080
0.363996
0.364076
0.364041
0.364063
0.364098
0.364173
0.364124
0.364124
0.364124
0.364045
0.364083
0.364083
0.364083
0.364035
0.364043
0.364088
0.364072
0.364035
0.364070
0.364080
0.364032
0.364066
0.364066
0.364066
0.364066
0.364065
0.364101
0.364077
0.364077
0.363993
0.364035
0.364040
0.364060
0.364060
0.364013
0.364012
0.364012
0.364012
0.364012
0.364026
0.363944
0.363978
0.363978
0.363978
0.364013
0.364058
0.364011
0.364011
0.364061
0.364061
0.364061
0.364061
0.364061
0.364014
0.364014
0.364014
0.364014
0.364014
0.364090
0.364107
0.364107
0.364107
0.364117
0.364071
0.364071
0.364036
0.364106
0.364141
0.364141
0.364141
0.364159
0.364124
0.364124
0.364124
0.364064
0.364064
0.364064
0.364100
0.364100
0.364112
0.364076
0.364076
0.364076
0.364076
0.364096
0.364096
0.364131
0.364166
0.364201
0.364157
0.364157
0.364157
0.364135
0.364100
0.364100
0.364065
0.364146
0.364146
0.364146
0.364167
0.364167
0.364135
0.364202
0.364202
0.364202
0.364202
0.364202
0.364238
0.364288
0.364323
0.364287
0.364287
0.364287
0.364328
0.364284
0.364352
0.364316
0.364316
0.364316
0.364316
0.364316
0.364316
0.364316
0.364316
0.364316
0.364316
0.364316
0.364319
0.364319
0.364319
0.364356
0.364379
0.364415
0.364460
0.364423
0.364423
0.364387
0.364387
0.364387
0.364387
0.364387
0.364387
0.364387
0.364394
0.364394
0.364359
0.364359
0.364383
0.364383
0.364383
0.364429
0.364429
0.364429
0.364429
0.364393
0.364393
0.364393
0.364479
0.364461
0.364461
0.364461
0.364461
0.364496
0.364521
0.364521
0.364539
0.364539
0.364567
0.364567
0.364567
0.364567
0.364490
0.364490
0.364525
0.364525
0.364525
0.364525
0.364490
0.364459
0.364486
0.364486
0.364486
0.364516
0.364516
0.364523
0.364605
0.364639
0.364604
0.364639
0.364639
0.364639
0.364609
0.364574
0.364578
0.364560
0.364587
0.364587
0.364622
0.364622
0.364618
0.364618
0.364618
0.364618
0.364629
0.364629
0.364629
0.364629
0.364633
0.364633
0.364633
0.364633
0.364633
0.364696
0.364696
0.364696
0.364696
0.364696
0.364607
0.364618
0.364618
0.364548
0.364583
0.364622
0.364622
0.364622
0.364622
0.364587
0.364622
0.364606
0.364596
0.364596
0.364596
0.364596
0.364643
0.364659
0.364659
0.364659
0.364659
0.364659
0.364643
0.364643
0.364643
0.364643
0.364643
0.364643
0.364643
0.364673
0.364673
0.364684
0.364684
0.364684
0.364684
0.364684
0.364684
0.364684
0.364684
0.364655
0.364655
0.364620
0.364620
0.364620
0.364620
0.364620
0.364696
0.364691
0.364691
0.364727
0.364727
0.364727
0.364727
0.364727
0.364698
0.364698
0.364698
0.364748
0.364748
0.364748
0.364795
0.364757
0.364757
0.364722
0.364722
0.364722
0.364722
0.364754
0.364754
0.364739
0.364739
0.364739
0.364754
0.364754
0.364801
0.364801
0.364801
0.364801
0.364801
0.364766
0.364751
0.364751
0.364751
0.364787
0.364751
0.364751
0.364751
0.364751
0.364799
0.364799
0.364799
0.364799
0.364832
0.364832
0.364832
0.364782
0.364796
0.364796
0.364796
0.364796
0.364796
0.364844
0.364831
0.364831
0.364831
0.364831
0.364831
0.364795
0.364795
0.364795
0.364795
0.364795
0.364828
0.364828
0.364828
0.364876
0.364876
0.364876
0.364876
0.364876
0.364876
0.364876
0.364876
0.364876
0.364876
0.364876
0.364876
0.364876
0.364919
0.364967
0.364967
0.364967
0.364967
0.364967
0.364932
0.364896
0.364896
0.364896
0.364896
0.364896
0.365009
0.365794
0.368459
0.373338
0.380247
0.388609
0.397815
0.407232
0.416529
0.425614
0.434592
0.443506
0.452505
0.461705
0.471155
0.480891
0.490755
0.500684
0.510734
0.520782
0.530658
0.540558
0.550408
0.560343
0.570243
0.580168
0.589767
0.598517
0.605967
0.611768
0.615718
0.617983
0.618883
0.618833
0.618346
0.617823
0.617383
0.617170
0.617253
0.617353
0.617403
0.617342
0.617057
0.616607
0.616057
0.615435
0.614935
0.614519
0.614234
0.614134
0.614101
0.614121
0.613182
0.610582
0.605883
0.599100
0.590753
0.581496
0.571901
0.562307
0.553027
0.544035
0.535096
0.526107
0.516972
0.507675
0.498497
0.490159
0.482996
0.477575
0.473901
0.471915
0.471145
0.471331
0.471792
0.472290
0.472542
0.472694
0.472751
0.472811
0.473005
0.473311
0.473717
0.474276
0.474878
0.475501
0.476053
0.476422
0.476689
0.476685
0.476568
0.476301
0.475936
0.475567
0.475286
0.475075
0.475022
0.475269
0.475478
0.475784
0.476093
0.476315
0.476521
0.476624
0.476641
0.476648
0.476591
0.476494
0.476348
0.476300
0.476257
0.476305
0.476315
0.476372
0.476393
0.476466
0.476477
0.476485
0.476492
0.476500
0.476508
0.476466
0.476517
0.476560
0.476539
0.476498
0.476486
0.476498
0.476442
0.476382
0.476247
0.476098
0.475949
0.475780
0.475620
0.475416
0.475217
0.475079
0.475022
0.474992
0.474967
0.475001
0.475015
0.475029
0.475039
0.475120
0.475041
0.475006
0.474966
0.474822
0.474672
0.474523
0.474319
0.474120
0.473966
0.473799
0.473705
0.473666
0.473631
0.473702
0.473724
0.473665
0.473661
0.473598
0.473565
0.473477
0.473384
0.473240
0.473036
0.472837
0.472650
0.472466
0.472218
0.472108
0.472021
0.471939
0.471867
0.471842
0.471799
0.471774
0.471783
0.471703
0.471623
0.471481
0.471350
0.471152
0.470918
0.470763
0.470558
0.470360
0.470211
0.470125
0.469996
0.469924
0.469930
0.469859
0.469788
0.469710
0.469576
0.469460
0.469312
0.469107
0.468873
0.468717
0.468512
0.468314
0.468166
0.467975
0.467778
0.467629
0.467424
0.467255
0.467100
0.466813
0.466635
0.466479
0.466281
0.466133
0.465913
0.465787
0.465710
0.465588
0.465478
0.465361
0.465244
0.465063
0.464960
0.464903
0.464797
0.464711
0.464559
0.464532
0.464377
0.464280
0.464232
0.464124
0.463976
0.463770
0.463573
0.463417
0.463211
0.463063
0.462858
0.462607
0.462480
0.462274
0.462049
0.461893
0.461675
0.461519
0.461322
0.461087
0.460952
0.460754
0.460549
0.460401
0.460160
0.460004
0.459836
0.459630
0.459482
0.459276
0.459120
0.458923
0.458718
0.458570
0.458385
0.458188
0.458053
0.457847
0.457699
0.457523
0.457316
0.457201
0.456995
0.456798
0.456642
0.456444
0.456288
0.456083
0.455815
0.455659
0.455462
0.455256
0.455122
0.454995
0.454839
0.454641
0.454436
0.454288
0.454082
0.453877
0.453729
0.453494
0.453346
0.453141
0.452935
0.452787
0.452582
0.452385
0.452258
0.452075
0.451904
0.451699
0.451475
0.451169
0.450634
0.450086
0.449530
0.448912
0.448406
0.447808
0.447261
0.446806
0.446309
0.445793
0.445246
0.444641
0.444136
0.443559
0.442995
0.442497
0.441884
0.441379
0.440933
0.440428
0.439954
0.439399
0.438755
0.438258
0.437653
0.437156
0.436551
0.436004
0.435449
0.434933
0.434387
0.434031
0.433484
0.432979
0.432380
0.431782
0.431237
0.430640
0.430133
0.429527
0.428980
0.428423
0.427876
0.427269
0.426852
0.426403
0.425971
0.425423
0.424867
0.424329
0.423772
0.423215
0.422709
0.422152
0.421653
0.421055
0.420499
0.420000
0.419493
0.418945
0.418489
0.418083
0.417684
0.417178
0.416631
0.416241
0.415661
0.415128
0.414673
0.414126
0.413629
0.413132
0.412628
0.412198
0.411703
0.411232
0.410787
0.410284
0.410022
0.409627
0.409175
0.408781
0.408330
0.407928
0.407521
0.407070
0.406637
0.406187
0.405702
0.405310
0.404862
0.404474
0.404143
0.403704
0.403356
0.402930
0.402589
0.402372
0.401987
0.401688
0.401243
0.400882
0.400459
0.400073
0.399680
0.399378
0.398993
0.398700
0.398316
0.397925
0.397583
0.397287
0.396896
0.396564
0.396219
0.395929
0.395638
0.395270
0.394934
0.394581
0.394301
0.393914
0.393571
0.393242
0.392943
0.392559
0.392273
0.391932
0.391605
0.391297
0.390941
0.390621
0.390231
0.389900
0.389567
0.389328
0.389195
0.389062
0.388982
0.388916
0.388857
0.388783
0.388726
0.388554
0.388497
0.388289
0.388126
0.387915
0.387685
0.387366
0.387038
0.386693
0.386352
0.385967
0.385690
0.385462
0.385343
0.385233
0.385173
0.385172
0.385101
0.385093
0.384936
0.384793
0.384588
0.384409
0.384145
0.383848
0.383532
0.383150
0.382807
0.382475
0.382143
0.381930
0.381717
0.381490
0.381525
0.381385
0.381245
0.381071
0.380964
0.380717
0.380520
0.380202
0.379933
0.379679
0.379447
0.379046
0.378718
0.378389
0.378154
0.377850
0.377595
0.377474
0.377233
0.377065
0.376862
0.376661
0.376471
0.376185
0.375873
0.375610
0.375251
0.374962
0.374667
0.374330
0.374007
0.373670
0.373409
0.373065
0.372783
0.372516
0.372311
0.372032
0.371911
0.371703
0.371424
0.371119
0.370862
0.370513
0.370179
0.369874
0.369556
0.369223
0.368937
0.368619
0.368317
0.367983
0.367633
0.367347
0.367045
0.366855
0.366886
0.366981
0.367230
0.367389
0.367659
0.367672
0.367591
0.367682
0.367844
0.367933
0.368000
0.367748
0.367456
0.367089
0.366755
0.366402
0.366022
0.365628
0.365280
0.364946
0.364587
0.364208
0.363744
0.363415
0.363110
0.362749
0.362372
0.362028
0.361699
0.361307
0.360979
0.360604
0.360276
0.359867
0.359725
0.359443
0.359099
0.358724
0.358345
0.357956
0.357630
0.357238
0.356956
0.356564
0.356193
0.355821
0.355524
0.355122
0.354691
0.354285
0.353962
0.353574
0.353184
0.352775
0.352386
0.352044
0.351609
0.351235
0.350800
0.350503
0.350069
0.349728
0.349295
0.348975
0.348542
0.348179
0.347928
0.347634
0.347210
0.346821
0.346367
0.346007
0.345546
0.345174
0.344721
0.344361
0.343908
0.343487
0.343035
0.342653
0.342229
0.341824
0.341362
0.340957
0.340557
0.340149
0.339707
0.339211
0.338885
0.338411
0.338029
0.337555
0.337173
0.336699
0.336302
0.335828
0.335391
0.334961
0.334535
0.334106
0.333702
0.333273
0.332954
0.332518
0.331877
0.331095
0.330339
0.329501
0.328776
0.327940
0.327135
0.326297
0.325544
0.324801
0.323964
0.323212
0.322440
0.321636
0.320883
0.320107
0.319272
0.318534
0.317746
0.316989
0.316123
0.315368
0.314609
0.313871
0.313014
0.312277
0.311473
0.310784
0.310025
0.309290
0.308476
0.307750
0.306970
0.306194
0.305382
0.304643
0.303857
0.303088
0.302336
0.301631
0.301011
0.300229
0.299512
0.298724
0.297970
0.297209
0.296443
0.295644
0.294933
0.294088
0.293248
0.292492
0.291744
0.290991
0.290187
0.289418
0.288675
0.287898
0.287156
0.286319
0.285535
0.284749
0.284001
0.283185
0.282355
0.281640
0.280896
0.280105
0.279313
0.278582
0.277825
0.276981
0.276234
0.275493
0.274627
0.273838
0.273016
0.272269
0.271424
0.270719
0.269880
0.269184
0.268494
0.267872
0.267047
0.266291
0.265464
0.264716
0.263881
0.263123
0.262340
0.261610
0.260779
0.260071
0.259317
0.258572
0.257833
0.256992
0.256275
0.255556
0.254843
0.254060
0.253391
0.252731
0.251961
0.251301
0.250644
0.249896
0.249272
0.248650
0.247944
0.247324
0.246705
0.246035
0.245348
0.244732
0.244100
0.243451
0.242935
0.242373
0.241708
0.241124
0.240555
0.239928
0.239344
0.238832
0.238360
0.237934
0.237397
0.236867
0.236372
0.235743
0.235210
0.234627
0.234107
0.233542
0.233024
0.232533
0.232011
0.231526
0.230990
0.230465
0.229982
0.229444
0.228917
0.228445
0.227883
0.227358
0.226918
0.226491
0.226016
0.225539
0.225060
0.224587
0.224108
0.223595
0.223089
0.222514
0.222080
0.221657
0.221095
0.220749
0.220353
0.219860
0.219470
0.218970
0.218589
0.218247
0.217956
0.217644
0.217190
0.216738
0.216304
0.215860
0.215446
0.215000
0.214617
0.214196
0.213794
0.213343
0.212932
0.212533
0.212154
0.211748
0.211315
0.211073
0.210689
0.210258
0.209763
0.209461
0.209064
0.208690
0.208388
0.208003
0.207695
0.207228
0.206864
0.206446
0.206031
0.205788
0.205417
0.205081
0.204699
0.204293
0.203939
0.203537
0.203171
0.202810
0.202450
0.202107
0.201732
0.201350
0.200961
0.200621
0.200263
0.199943
0.199548
0.199138
0.198747
0.198425
0.198050
0.197695
0.197294
0.196941
0.196571
0.196182
0.195862
0.195462
0.195103
0.194730
0.194412
0.194043
0.193695
0.193364
0.193012
0.192707
0.192342
0.191906
0.191497
0.191072
0.190813
0.190317
0.189972
0.189578
0.189254
0.188750
0.188522
0.188150
0.187684
0.187373
0.186922
0.186544
0.186251
0.185806
0.185419
0.184986
0.184561
0.184174
0.183739
0.183370
0.182958
0.182596
0.182131
0.181729
0.181392
0.180947
0.180585
0.180118
0.179664
0.179288
0.178895
0.178362
0.178048
0.177580
0.177084
0.176678
0.176356
0.175917
0.175436
0.175012
0.174630
0.174201
0.173769
0.173272
0.172860
0.172397
0.172084
0.171624
0.171217
0.170881
0.170394
0.169982
0.169578
0.169139
0.168706
0.168328
0.167925
0.167438
0.166956
0.166639
0.166209
0.165772
0.165357
0.164946
0.164508
0.164142
0.163726
0.163300
0.162911
0.162453
0.162059
0.161588
0.161156
0.160737
0.160347
0.159878
0.159503
0.159101
0.158693
0.158215
0.157852
0.157480
0.157003
0.156561
0.156132
0.155727
0.155307
0.154864
0.154358
0.153958
0.153554
0.153088
0.152683
0.152261
0.151834
0.151371
0.150990
0.150487
0.150130
0.149650
0.149200
0.148768
0.148304
0.147858
0.147444
0.147040
0.146536
0.146144
0.145756
0.145265
0.144808
0.144407
0.143931
0.143482
0.143033
0.142560
0.142111
0.141635
0.141174
0.140772
0.140271
0.139793
0.139297
0.138855
0.138415
0.137986
0.137436
0.136942
0.136474
0.135951
0.135460
0.134992
0.134536
0.133975
0.133577
0.133086
0.132609
0.132162
0.131735
0.131125
0.130657
0.130235
0.129716
0.129323
0.128777
0.128277
0.127851
0.127341
0.126808
0.126414
0.125895
0.125449
0.124976
0.124520
0.124063
0.123536
0.123062
0.122588
0.122122
0.121518
0.121124
0.120694
0.120263
0.119756
0.119387
0.118951
0.118511
0.117943
0.117682
0.117469
0.117238
0.116943
0.116769
0.116507
0.116342
0.116135
0.115849
0.115590
0.115381
0.115141
0.114934
0.114696
0.114456
0.114238
0.113986
0.113761
0.113508
0.113391
0.113101
0.112907
0.112711
0.112487
0.112199
0.111976
0.111717
0.111415
0.111124
0.110934
0.110711
0.110466
0.110216
0.109878
0.109565
0.109206
0.108727
0.108308
0.107892
0.107489
0.107021
0.106641
0.106174
0.105757
0.105256
0.104882
0.104400
0.104011
0.103547
0.103198
0.102726
0.102333
0.101840
0.101492
0.101051
0.100591
0.100163
0.099704
0.099273
0.098892
0.098525
0.097974
0.097591
0.097148
0.096713
0.096330
0.095966
0.095491
0.095057
0.094684
0.094169
0.093739
0.093311
0.092950
0.092447
0.092072
0.091687
0.091326
0.090902
0.090519
0.090231
0.089838
0.089409
0.089096
0.088715
0.088303
0.087965
0.087576
0.087155
0.086838
0.086457
0.086148
0.085861
0.085486
0.085206
0.084795
0.084530
0.084079
0.083815
0.083438
0.083060
0.082656
0.082335
0.082032
0.081730
0.081403
0.081105
0.080756
0.080469
0.080200
0.079873
0.079578
0.079218
0.078895
0.078537
0.078270
0.078006
0.077682
0.077385
0.077104
0.076823
0.076560
0.076238
0.075992
0.075741
0.075456
0.075121
0.074861
0.074551
0.074240
0.074006
0.073709
0.073504
0.073186
0.072873
0.072641
0.072391
0.072078
0.071901
0.071631
0.071392
0.071095
0.070788
0.070580
0.070353
0.070118
0.069853
0.069655
0.069391
0.069129
0.068937
0.068620
0.068356
0.068167
0.067908
0.067681
0.067494
0.067236
0.067004
0.066864
0.066565
0.066322
0.066142
0.065925
0.065719
0.065529
0.065280
0.065068
0.064903
0.064653
0.064501
0.064373
0.064201
0.064050
0.063927
0.063756
0.063586
0.063508
0.063339
0.063255
0.063075
0.062863
0.062743
0.062595
0.062475
0.062295
0.062177
0.061976
0.061843
0.061680
0.061581
0.061464
0.061328
0.061167
0.061055
0.060888
0.060730
0.060641
0.060442
0.060346
0.060076
0.059981
0.059857
0.059703
0.059539
0.059387
0.059255
0.059082
0.058952
0.058811
0.058651
0.058473
0.058327
0.058219
0.058033
0.057908
0.057740
0.057526
0.057386
0.057242
0.057059
0.056864
0.056706
0.056456
0.056344
0.056150
0.056020
0.055691
0.055382
0.055137
0.054813
0.054482
0.054110
0.053765
0.053433
0.053133
0.052802
0.052451
0.052031
0.051782
0.051373
0.051072
0.050654
0.050391
0.050074
0.049696
0.049312
0.049043
0.048702
0.048335
0.048048
0.047698
0.047316
0.046953
0.046654
0.046316
0.045930
0.045619
0.045277
0.044969
0.044682
0.044269
0.044018
0.043687
0.043334
0.043093
0.042640
0.042268
0.041957
0.041677
0.041398
0.041064
0.040714
0.040463
0.040193
0.039884
0.039651
0.039392
0.039088
0.038792
0.038550
0.038291
0.038136
0.037893
0.037605
0.037385
0.037241
0.037057
0.036859
0.036748
0.036478
0.036322
0.036252
0.036035
0.035957
0.035805
0.035694
0.035530
0.035419
0.035269
0.035179
0.035047
0.035004
0.034876
0.034788
0.034735
0.034655
0.034573
0.034467
0.034447
0.034368
0.034363
0.034270
0.034234
0.034150
0.034065
0.034008
0.033931
0.033922
0.033859
0.033784
0.033761
0.033782
0.033685
0.033678
0.033655
0.033624
0.033627
0.033521
0.033435
0.033435
0.033383
0.033338
0.033321
0.033365
0.033391
0.033373
0.033296
0.033284
0.033232
0.033233
0.033266
0.033249
0.033213
0.033197
0.033193
0.033153
0.033159
0.033140
0.033151
0.033154
0.033212
0.033146
0.033031
0.033025
0.033097
0.033028
0.033029
0.033072
0.033039
0.033045
0.033051
0.033037
0.032985
0.033034
0.033042
0.033011
0.033004
0.033016
0.032991
0.032969
0.032956
0.032971
0.033016
0.032973
0.032946
0.032986
0.032999
0.032967
0.032989
0.033007
0.033010
0.032967
0.032979
0.033029
0.033033
0.033006
0.032963
0.033060
0.033020
0.032949
0.032952
0.032974
0.033063
0.033029
0.033074
0.033068
0.033030
0.033069
0.033047
0.032987
0.033058
0.032991
0.033002
0.033077
0.033048
0.032988
0.033020
0.033040
0.033124
0.033140
0.033146
0.033144
0.033135
0.033135
0.033109
0.033098
0.033128
0.033152
0.033105
0.033118
0.033122
0.033144
0.033117
0.033174
0.033104
0.033140
0.033134
0.033177
0.033160
0.033113
0.033088
0.033129
0.033112
0.033157
0.033141
0.033150
0.033159
0.033077
0.033194
0.033179
0.033144
0.033144
0.033089
0.033122
0.033091
0.033118
0.033090
0.033117
0.033127
0.033066
0.033074
0.033102
0.033117
0.033117
0.033093
0.033061
0.033000
0.033038
0.033062
0.033004
0.032993
0.033004
0.032986
0.032937
0.032920
0.032997
0.032968
0.032988
0.032925
0.032925
0.032912
0.032912
0.032851
0.032827
0.032772
0.032803
0.032839
0.032831
0.032816
0.032792
0.032743
0.032709
0.032660
0.032699
0.032647
0.032631
0.032728
0.032678
0.032677
0.032628
0.032627
0.032605
0.032605
0.032558
0.032558
0.032512
0.032512
0.032454
0.032405
0.032409
0.032397
0.032397
0.032358
0.032379
0.032329
0.032340
0.032290
0.032298
0.032253
0.032241
0.032241
0.032244
0.032244
0.032146
0.032162
0.032139
0.032147
0.032106
0.032117
0.032109
0.032121
0.032099
0.032063
0.032063
0.031989
0.031954
0.031911
0.031940
0.031917
0.031917
0.031919
0.031960
0.031939
0.031886
0.031854
0.031854
0.031824
0.031837
0.031793
0.031788
0.031759
0.031759
0.031727
0.031786
0.031729
0.031745
0.031745
0.031698
0.031755
0.031726
0.031728
0.031645
0.031645
0.031574
0.031594
0.031546
0.031602
0.031602
0.031579
0.031614
0.031547
0.031547
0.031547
0.031527
0.031527
0.031510
0.031510
0.031533
0.031491
0.031532
0.031490
0.031513
0.031511
0.031505
0.031530
0.031533
0.031491
0.031491
0.031472
0.031472
0.031472
0.031462
0.031432
0.031465
0.031468
0.031468
0.031426
0.031420
0.031455
0.031497
0.031517
0.031544
0.031517
0.031517
0.031520
0.031568
0.031568
0.031499
0.031535
0.031535
0.031526
0.031486
0.031486
0.031553
0.031556
0.031521
0.031521
0.031521
0.031486
0.031497
0.031526
0.031526
0.031492
0.031492
0.031492
0.031576
0.031521
0.031521
0.031487
0.031487
0.031498
0.031498
0.031498
0.031498
0.031498
0.031467
0.031482
0.031512
0.031555
0.031485
0.031485
0.031542
0.031584
0.031615
0.031586
0.031586
0.031604
0.031604
0.031567
0.031567
0.031572
0.031622
0.031622
0.031622
0.031622
0.031622
0.031615
0.031647
0.031647
0.031688
0.031647
0.031610
0.031604
0.031604
0.031604
0.031584
0.031584
0.031680
0.031680
0.031680
0.031655
0.031655
0.031678
0.031640
0.031640
0.031640
0.031640
0.031664
0.031672
0.031672
0.031672
0.031672
0.031672
0.031703
0.031703
0.031703
0.031703
0.031714
0.031714
0.031739
0.031739
0.031739
0.031739
0.031702
0.031728
0.031728
0.031688
0.031688
0.031688
0.031708
0.031735
0.031769
0.031732
0.031732
0.031732
0.031732
0.031732
0.031761
0.031761
0.031761
0.031761
0.031725
0.031725
0.031754
0.031737
0.031770
0.031750
0.031711
0.031711
0.031753
0.031749
0.031783
0.031783
0.031783
0.031783
0.031747
0.031747
0.031778
0.031778
0.031778
0.031781
0.031781
0.031781
0.031744
0.031748
0.031780
0.031780
0.031780
0.031744
0.031744
0.031713
0.031692
0.031727
0.031760
0.031796
0.031762
0.031682
0.031682
0.031716
0.031716
0.031687
0.031687
0.031728
0.031728
0.031728
0.031728
0.031728
0.031693
0.031693
0.031729
0.031729
0.031729
0.031738
0.031738
0.031738
0.031738
0.031702
0.031669
0.031669
0.031669
0.031669
0.031669
0.031669
0.031741
0.031718
0.031718
0.031686
0.031666
0.031666
0.031666
0.031630
0.031630
0.031595
0.031595
0.031595
0.031564
0.031602
0.031617
0.031573
0.031573
0.031573
0.031573
0.031573
0.031543
0.031542
0.031542
0.031542
0.031561
0.031561
0.031561
0.031597
0.031552
0.031518
0.031592
0.031626
0.031669
0.031669
0.031669
0.031641
0.031647
0.031606
0.031638
0.031638
0.031638
0.031674
0.031646
0.031634
0.031602
0.031559
0.031559
0.031559
0.031559
0.031533
0.031497
0.031529
0.031529
0.031529
0.031529
0.031565
0.031539
0.031539
0.031539
0.031487
0.031480
0.031480
0.031493
0.031493
0.031488
0.031488
0.031488
0.031488
0.031446
0.031446
0.031446
0.031446
0.031446
0.031446
0.031484
0.031461
0.031461
0.031461
0.031424
0.031421
0.031421
0.031444
0.031444
0.031444
0.031444
0.031444
0.031444
0.031461
0.031419
0.031419
0.031419
0.031419
0.031381
0.031381
0.031362
0.031362
0.031362
0.031365
0.031365
0.031365
0.031347
0.031385
0.031388
0.031388
0.031388
0.031388
0.031291
0.031291
0.031291
0.031291
0.031291
0.031291
0.031290
0.031290
0.031290
0.031286
0.031286
0.031240
0.031281
0.031266
0.031229
0.031229
0.031209
0.031134
0.031134
0.031078
0.031078
0.031111
0.031111
0.031115
0.031123
0.031110
0.031144
0.031144
0.031144
0.031107
0.031073
0.031062
0.031062
0.031065
0.031031
0.031031
0.031064
0.031091
0.031091
0.031097
0.031097
0.031097
0.031132
0.031052
0.031052
0.031052
0.031052
0.031018
0.030977
0.030970
0.031041
0.031041
0.031041
0.031041
0.031020
0.031014
0.031014
0.030943
0.030943
0.030943
0.030943
0.030939
0.030939
0.030911
0.030949
0.030982
0.030934
0.030930
0.030930
0.030930
0.030930
0.030859
0.030859
0.030857
0.030857
0.030857
0.030857
0.030866
0.030864
0.030896
