2.413097
2.284555
2.171920
2.101185
2.068269
2.057493
2.055504
2.055626
2.055985
2.056116
2.055848
2.055191
2.054176
2.052881
2.051483
2.049867
2.048231
2.046400
2.044778
2.043215
2.041563
2.039678
2.038046
2.036231
2.034342
2.032405
2.030145
2.028122
2.025526
2.022808
2.019800
2.016640
2.013803
2.010643
2.007565
2.004377
2.001228
1.998381
1.995419
1.992782
1.990580
1.988095
1.985463
1.982723
1.980178
1.977548
1.974719
1.972127
1.969283
1.966703
1.964074
1.961220
1.958448
1.955441
1.952646
1.949871
1.946883
1.944078
1.940817
1.937954
1.935049
1.932117
1.929322
1.926069
1.923034
1.919538
1.916210
1.912779
1.909323
1.906130
1.902628
1.899095
1.895373
1.891790
1.888044
1.884292
1.880734
1.876872
1.873277
1.869856
1.866259
1.862354
1.858302
1.854378
1.850554
1.846907
1.843041
1.839017
1.835115
1.831330
1.827265
1.823090
1.819164
1.815225
1.811266
1.807163
1.803367
1.799628
1.795867
1.792306
1.788733
1.784937
1.781364
1.777768
1.774137
1.770562
1.767076
1.763452
1.760075
1.757084
1.753542
1.749958
1.746166
1.742633
1.739548
1.736953
1.734937
1.733055
1.731806
1.730351
1.729370
1.728266
1.727031
1.725610
1.724072
1.722224
1.720110
1.717206
1.714012
1.710592
1.706808
1.703242
1.699711
1.696143
1.692242
1.688459
1.685076
1.682031
1.679172
1.676336
1.673263
1.671053
1.668721
1.666539
1.664043
1.661475
1.658974
1.656688
1.654157
1.650945
1.647519
1.643828
1.640471
1.637321
1.634075
1.630647
1.627701
1.624803
1.622023
1.619424
1.616784
1.614213
1.611561
1.609064
1.606314
1.603849
1.600902
1.597932
1.594697
1.591090
1.587452
1.584606
1.581871
1.579518
1.577084
1.574514
1.572153
1.569852
1.567689
1.565240
1.562819
1.560080
1.557355
1.554474
1.552268
1.549581
1.547155
1.544036
1.540828
1.537278
1.534439
1.531913
1.529308
1.527059
1.524428
1.521476
1.518554
1.515853
1.513446
1.511237
1.509165
1.506954
1.504437
1.501893
1.498910
1.495928
1.493129
1.490678
1.487856
1.484680
1.481108
1.478061
1.474753
1.472072
1.469260
1.466560
1.463575
1.460135
1.456861
1.454005
1.451350
1.449118
1.446930
1.444668
1.441918
1.438864
1.435765
1.432890
1.430554
1.428129
1.425907
1.423397
1.420648
1.417852
1.415012
1.412534
1.410095
1.407251
1.404298
1.401034
1.397938
1.394945
1.392221
1.389441
1.386473
1.383497
1.380599
1.377708
1.375201
1.372287
1.369299
1.366565
1.363421
1.360364
1.357017
1.353968
1.350987
1.347831
1.344902
1.342333
1.339587
1.336874
1.334328
1.331293
1.328239
1.325160
1.322017
1.318472
1.315445
1.312323
1.309125
1.306057
1.302910
1.299773
1.296551
1.293305
1.290086
1.286855
1.283570
1.280233
1.276550
1.272992
1.269402
1.266134
1.262510
1.259102
1.255882
1.252318
1.249065
1.245283
1.241713
1.238452
1.235466
1.232424
1.229033
1.225626
1.222494
1.219266
1.215982
1.212532
1.208855
1.205204
1.201556
1.197904
1.194301
1.190344
1.186423
1.182559
1.178453
1.174803
1.170933
1.166944
1.163118
1.159340
1.155538
1.151791
1.147929
1.144048
1.140326
1.136291
1.132649
1.128956
1.125043
1.121404
1.117666
1.113986
1.110174
1.106555
1.102545
1.098848
1.094909
1.091099
1.087288
1.083563
1.079668
1.076004
1.072095
1.068488
1.064821
1.061047
1.057174
1.053664
1.049842
1.046062
1.042439
1.039061
1.035337
1.031434
1.027333
1.023503
1.019891
1.016042
1.012416
1.008943
1.005440
1.001992
0.998762
0.995215
0.992161
0.988400
0.984742
0.981152
0.977202
0.973552
0.969813
0.965781
0.962139
0.958636
0.954741
0.950883
0.947020
0.943682
0.939809
0.935738
0.932271
0.928791
0.925194
0.921621
0.918376
0.915310
0.912142
0.908940
0.906096
0.902843
0.899933
0.896566
0.892867
0.889398
0.885787
0.882256
0.878844
0.874962
0.871519
0.867891
0.864104
0.860718
0.857238
0.853649
0.850090
0.846366
0.843069
0.839547
0.835890
0.832250
0.828767
0.825025
0.821723
0.818237
0.814799
0.811387
0.807845
0.804462
0.800900
0.797484
0.794046
0.790330
0.786782
0.783148
0.779939
0.776168
0.772655
0.769235
0.765497
0.761997
0.758638
0.755072
0.751401
0.747982
0.744492
0.741041
0.737484
0.734054
0.730618
0.726875
0.723494
0.720184
0.716568
0.713173
0.710060
0.706258
0.702444
0.698816
0.694874
0.691002
0.687102
0.683055
0.679112
0.675370
0.671786
0.668354
0.664607
0.660933
0.657396
0.653785
0.649972
0.646469
0.642913
0.639246
0.635504
0.631912
0.628188
0.624721
0.621075
0.617268
0.613540
0.609663
0.606021
0.602340
0.598899
0.595217
0.591612
0.587744
0.584095
0.580317
0.576393
0.572524
0.568740
0.564904
0.561005
0.557144
0.553227
0.549485
0.545545
0.541774
0.537958
0.533780
0.529680
0.525914
0.522007
0.518005
0.513771
0.509758
0.506064
0.502369
0.498511
0.495050
0.491184
0.487795
0.484342
0.480661
0.477126
0.473649
0.470020
0.466664
0.463256
0.459788
0.456406
0.453056
0.449739
0.446427
0.443282
0.440043
0.436773
0.433654
0.430607
0.427445
0.424528
0.421300
0.418267
0.415218
0.412283
0.409135
0.406167
0.403244
0.400433
0.397543
0.394768
0.391829
0.389121
0.386529
0.383827
0.381135
0.378382
0.375791
0.373168
0.370645
0.368136
0.365548
0.363053
0.360744
0.358171
0.355739
0.353294
0.350952
0.348603
0.346079
0.343613
0.341245
0.338909
0.336241
0.333878
0.331792
0.329508
0.327073
0.324626
0.322319
0.319903
0.317714
0.315398
0.313168
0.311064
0.308838
0.306636
0.304545
0.302414
0.300261
0.298023
0.296073
0.294057
0.291925
0.289966
0.287890
0.285984
0.283930
0.282013
0.280081
0.278232
0.276464
0.274579
0.272643
0.270749
0.268885
0.267084
0.265404
0.263646
0.261995
0.260366
0.258561
0.256954
0.255171
0.253518
0.251907
0.250240
0.248561
0.247037
0.245326
0.243827
0.242182
0.240628
0.239126
0.237538
0.236026
0.234470
0.232959
0.231313
0.229903
0.228462
0.227036
0.225578
0.224044
0.222597
0.221155
0.219808
0.218457
0.216913
0.215614
0.214113
0.212797
0.211411
0.210098
0.208742
0.207384
0.206029
0.204733
0.203443
0.202018
0.200717
0.199379
0.198009
0.196861
0.195685
0.194168
0.192953
0.191817
0.190427
0.189349
0.188092
0.186840
0.185509
0.184225
0.183117
0.181882
0.180635
0.179374
0.178201
0.176908
0.175766
0.174738
0.173494
0.172272
0.170977
0.169830
0.168698
0.167485
0.166202
0.165059
0.163922
0.162615
0.161717
0.160433
0.159179
0.158085
0.156956
0.155821
0.154786
0.153439
0.152395
0.151179
0.149893
0.148778
0.147678
0.146514
0.145382
0.144253
0.143015
0.141930
0.141016
0.139723
0.138785
0.137617
0.136476
0.135478
0.134483
0.133304
0.132308
0.131239
0.130124
0.129022
0.128139
0.127109
0.126123
0.125195
0.124159
0.123354
0.122349
0.121372
0.120498
0.119548
0.118689
0.117804
0.116945
0.115976
0.115167
0.114272
0.113387
0.112533
0.111650
0.110777
0.110093
0.109198
0.108340
0.107720
0.106766
0.106032
0.105176
0.104389
0.103699
0.102902
0.102153
0.101503
0.100719
0.099991
0.099229
0.098385
0.097720
0.096959
0.096323
0.095670
0.094950
0.094181
0.093551
0.092995
0.092267
0.091464
0.090813
0.090255
0.089625
0.089016
0.088405
0.087689
0.087104
0.086476
0.085985
0.085354
0.084624
0.084134
0.083483
0.083082
0.082352
0.081769
0.081191
0.080663
0.080125
0.079614
0.078912
0.078421
0.077878
0.077396
0.076850
0.076386
0.075879
0.075295
0.074689
0.074244
0.073637
0.073227
0.072758
0.072321
0.071778
0.071345
0.070766
0.070391
0.069750
0.069303
0.068830
0.068348
0.067856
0.067391
0.067072
0.066599
0.066039
0.065612
0.065259
0.064797
0.064366
0.063948
0.063548
0.063158
0.062599
0.062160
0.061669
0.061267
0.060757
0.060362
0.059953
0.059532
0.059177
0.058757
0.058428
0.058006
0.057576
0.057127
0.056797
0.056353
0.055986
0.055583
0.055182
0.054801
0.054510
0.054201
0.053866
0.053484
0.053200
0.052620
0.052261
0.051964
0.051689
0.051333
0.051034
0.050719
0.050308
0.050043
0.049771
0.049445
0.049212
0.048726
0.048456
0.048194
0.047986
0.047672
0.047377
0.047037
0.046784
0.046482
0.046242
0.045907
0.045631
0.045277
0.045094
0.044750
0.044474
0.044294
0.044058
0.043781
0.043664
0.043442
0.043201
0.042992
0.042601
0.042417
0.042119
0.041910
0.041649
0.041465
0.041174
0.040996
0.040727
0.040540
0.040271
0.040093
0.039789
0.039561
0.039427
0.039249
0.039026
0.038811
0.038672
0.038389
0.038217
0.038015
0.037862
0.037611
0.037360
0.037214
0.036993
0.036826
0.036672
0.036443
0.036305
0.036158
0.035856
0.035776
0.035636
0.035390
0.035296
0.035064
0.034926
0.034778
0.034546
0.034418
0.034332
0.034178
0.034005
0.033733
0.033585
0.033429
0.033354
0.033132
0.033028
0.032873
0.032709
0.032613
0.032528
0.032484
0.032284
0.032203
0.032004
0.031905
0.031692
0.031587
0.031567
0.031318
0.031221
0.031143
0.031061
0.030899
0.030850
0.030782
0.030748
0.030538
0.030515
0.030406
0.030399
0.030200
0.030246
0.030175
0.030189
0.030038
0.030052
0.029976
0.029927
0.029789
0.029714
0.029695
0.029642
0.029650
0.029576
0.029513
0.029529
0.029396
0.029427
0.029353
0.029327
0.029372
0.029325
0.029284
0.029104
0.029080
0.029095
0.029012
0.028968
0.029008
0.028970
0.028900
0.028964
0.028891
0.028884
0.028960
0.028856
0.028882
0.028859
0.028647
0.028650
0.028645
0.028545
0.028572
0.028546
0.028539
0.028484
0.028489
0.028412
0.028418
0.028427
0.028451
0.028468
0.028327
0.028287
0.028228
0.028197
0.028196
0.028174
0.028084
0.028106
0.028105
0.028078
0.028038
0.027997
0.028053
0.028012
0.028012
0.028014
0.028069
0.028099
0.027948
0.027910
0.027860
0.027847
0.027850
0.027883
0.027871
0.027825
0.027822
0.027774
0.027799
0.027799
0.027760
0.027779
0.027770
0.027800
0.027733
0.027697
0.027791
0.027739
0.027739
0.027689
0.027645
0.027645
0.027719
0.027714
0.027671
0.027692
0.027679
0.027679
0.027671
0.027694
0.027676
0.027676
0.027656
0.027655
0.027690
0.027607
0.027607
0.027607
0.027607
0.027607
0.027534
0.027534
0.027556
0.027533
0.027533
0.027563
0.027566
0.027566
0.027566
0.027605
0.027498
0.027507
0.027512
0.027545
0.027548
0.027574
0.027574
0.027573
0.027579
0.027612
0.027591
0.027549
0.027533
0.027533
0.027541
0.027497
0.027496
0.027480
0.027480
0.027513
0.027524
0.027510
0.027510
0.027468
0.027395
0.027395
0.027395
0.027407
0.027407
0.027407
0.027397
0.027397
0.027409
0.027384
0.027415
0.027442
0.027442
0.027481
0.027460
0.027429
0.027475
0.027502
0.027495
0.027517
0.027517
0.027506
0.027506
0.027479
0.027479
0.027481
0.027481
0.027445
0.027445
0.027445
0.027401
0.027401
0.027401
0.027470
0.027470
0.027429
0.027417
0.027416
0.027476
0.027476
0.027476
0.027546
0.027530
0.027525
0.027493
0.027516
0.027481
0.027513
0.027480
0.027514
0.027514
0.027514
0.027538
0.027572
0.027612
0.027586
0.027586
0.027621
0.027621
0.027589
0.027620
0.027625
0.027653
0.027622
0.027622
0.027570
0.027570
0.027570
0.027570
0.027597
0.027597
0.027565
0.027521
0.027509
0.027586
0.027586
0.027586
0.027586
0.027561
0.027587
0.027619
0.027619
0.027619
0.027560
0.027519
0.027519
0.027519
0.027482
0.027469
0.027499
0.027499
0.027499
0.027527
0.027527
0.027542
0.027542
0.027473
0.027502
0.027502
0.027502
0.027573
0.027554
0.027583
0.027616
0.027585
0.027577
0.027577
0.027542
0.027542
0.027542
0.027508
0.027508
0.027549
0.027579
0.027612
0.027651
0.027651
0.027651
0.027653
0.027653
0.027614
0.027614
0.027584
0.027574
0.027574
0.027515
0.027515
0.027515
0.027545
0.027619
0.027652
0.027652
0.027619
0.027619
0.027654
0.027654
0.027654
0.027728
0.027689
0.027689
0.027665
0.027665
0.027633
0.027633
0.027672
0.027702
0.027672
0.027672
0.027709
0.027709
0.027709
0.027709
0.027709
0.027709
0.027709
0.027670
0.027670
0.027639
0.027609
0.027609
0.027609
0.027609
0.027612
0.027612
0.027612
0.027646
0.027646
0.027646
0.027624
0.027624
0.027621
0.027621
0.027659
0.027659
0.027609
0.027609
0.027609
0.027584
0.027584
0.027584
0.027584
0.027584
0.027582
0.027582
0.027582
0.027582
0.027582
0.027582
0.027582
0.027555
0.027555
0.027555
0.027555
0.027535
0.027535
0.027535
0.027535
0.027565
0.027565
0.027565
0.027535
0.027535
0.027535
0.027509
0.027509
0.027509
0.027535
0.027602
0.027602
0.027602
0.027632
0.027632
0.027632
0.027673
0.027673
0.027661
0.027661
0.027611
0.027588
0.027588
0.027588
0.027588
0.027588
0.027538
0.027512
0.027543
0.027543
0.027543
0.027543
0.027543
0.027505
0.027505
0.027495
0.027450
0.027420
0.027420
0.027420
0.027420
0.027420
0.027420
0.027453
0.027487
0.027487
0.027487
0.027487
0.027487
0.027467
0.027448
0.027448
0.027448
0.027448
0.027448
0.027448
0.027448
0.027448
0.027410
0.027410
0.027410
0.027410
0.027365
0.027346
0.027346
0.027381
0.027381
0.027381
0.027381
0.027381
0.027381
0.027346
0.027346
0.027346
0.027346
0.027377
0.027377
0.027360
0.027360
0.027412
0.027412
0.027367
0.027367
0.027367
0.027367
0.027367
0.027367
0.027365
0.027365
0.027365
0.027330
0.027330
0.027349
0.027349
0.027388
0.027388
0.027388
0.027343
0.027343
0.027304
0.027304
0.027334
0.027334
0.027334
0.027334
0.027316
0.027316
0.027316
0.027302
0.027302
0.027341
0.027274
0.027274
0.027274
0.027274
0.027265
0.027265
0.027265
0.027265
0.027308
0.027324
0.027324
0.027303
0.027303
0.027259
0.027285
0.027285
0.027285
0.027285
0.027269
0.027269
0.027230
0.027230
0.027230
0.027230
0.027230
0.027185
0.027185
0.027149
0.027149
0.027149
0.027177
0.027177
0.027177
0.027177
0.027177
0.027177
0.027175
0.027092
0.027092
0.027092
0.027070
0.027070
0.027070
0.027070
0.027106
0.027098
0.027137
0.027137
0.027092
0.027092
0.027092
0.027092
0.027092
0.027054
0.027054
0.027054
0.027054
0.027054
0.027054
0.027054
0.027042
0.027035
0.027021
0.027021
0.027021
0.027021
0.026999
0.027036
0.027036
0.026997
0.026997
0.026954
0.026954
0.026954
0.026954
0.026916
0.026911
0.026911
0.026987
0.026987
0.026987
0.026987
0.026943
0.026943
0.026943
0.026905
0.026890
0.026890
0.026890
0.026890
0.026921
0.026921
0.026921
0.026844
0.026883
0.026883
0.026883
0.026883
0.026883
0.026883
0.026930
0.026891
0.026891
0.026873
0.026872
0.026829
0.026864
0.026864
0.026864
0.026829
0.026868
0.026868
0.026868
0.026868
0.026855
0.026855
0.026891
0.026824
0.026824
0.026824
0.026824
0.026858
0.026858
0.026858
0.026858
0.026858
0.026863
0.026863
0.026863
0.026863
0.026824
0.026824
0.026824
0.026785
0.026785
0.026785
0.026785
0.026819
0.026819
0.026819
0.026812
0.026777
0.026816
0.026780
0.026780
0.026780
0.026780
0.026780
0.026780
0.026728
0.026728
0.026728
0.026728
0.026728
0.026762
0.026806
0.026853
0.026819
0.026817
0.026817
0.026787
0.026787
0.026787
0.026787
0.026787
0.026748
0.026748
0.026748
0.026748
0.026748
0.026782
0.026782
0.026782
0.026756
0.026756
0.026756
0.026752
0.026752
0.026752
0.026752
0.026713
0.026713
0.026713
0.026713
0.026759
0.026759
0.026759
0.026759
0.026759
0.026759
0.026831
0.026793
0.026793
0.026793
0.026830
0.026798
0.026721
0.026721
0.026759
0.026747
0.026747
0.026747
0.026747
0.026747
0.026771
0.026771
0.026771
0.026810
0.026810
0.026810
0.026810
0.026773
0.026734
0.026734
0.026734
0.026734
0.026734
0.026734
0.026734
0.026734
0.026734
0.026734
0.026734
0.026773
0.026773
0.026773
0.026727
0.026727
0.026688
0.026681
0.026681
0.026681
0.026681
0.026681
0.026681
0.026681
0.026646
0.026646
0.026646
0.026685
0.026685
0.026685
0.026723
0.026646
0.026646
0.026646
0.026646
0.026646
0.026684
0.026684
0.026671
0.026671
0.026671
0.026671
0.026671
0.026671
0.026671
0.026671
0.026671
0.026671
0.026671
0.026671
0.026671
0.026671
0.026671
0.026671
0.026671
0.026653
0.026620
0.026620
0.026620
0.026622
0.026622
0.026621
0.026621
0.026621
0.026621
0.026580
0.026580
0.026580
0.026580
0.026580
0.026580
0.026580
0.026618
0.026618
0.026618
0.026618
0.026664
0.026664
0.026664
0.026633
0.026633
0.026633
0.026633
0.026633
0.026633
0.026633
0.026630
0.026630
0.026630
0.026630
0.026630
0.026669
0.026669
0.026669
0.026669
0.026669
0.026630
0.026630
0.026630
0.026630
0.026630
0.026669
0.026669
0.026669
0.026687
0.026687
0.026687
0.026655
0.026655
0.026655
0.026655
0.026655
0.026655
0.026655
0.026655
0.026655
0.026655
0.026655
0.026655
0.026620
0.026620
0.026620
0.026655
0.026655
0.026701
0.026701
0.026701
0.026701
0.026701
0.026701
0.026701
0.026701
0.026702
0.026668
0.026668
0.026668
0.026668
0.026668
0.026668
0.026668
0.026702
0.026702
0.026702
0.026702
0.026702
0.026702
0.026702
0.026702
0.026668
0.026668
0.026668
0.026668
0.026668
0.026668
0.026668
0.026668
0.026668
0.026668
0.026702
0.026702
0.026702
0.026702
0.026676
0.026676
0.026676
0.026676
0.026676
0.026676
0.026676
0.026676
0.026676
0.026676
0.026676
0.026669
0.026669
0.026669
0.026669
0.026669
0.026669
0.026669
0.026669
0.026669
0.026669
0.026669
0.026669
0.026669
0.026669
0.026669
0.026672
0.026672
0.026672
0.026672
0.026672
0.026659
0.026659
0.026629
0.026631
0.026631
0.026631
0.026631
0.026662
0.026662
0.026701
0.026701
0.026701
0.026701
0.026701
0.026701
0.026631
0.026631
0.026601
0.026601
0.026601
0.026601
0.026601
0.026640
0.026671
0.026701
0.026701
0.026701
0.026701
0.026671
0.026671
0.026671
0.026671
0.026671
0.026640
0.026687
0.026687
0.026687
0.026687
0.026687
0.026687
0.026722
0.026722
0.026722
0.026722
0.026732
0.026732
0.026732
0.026732
0.026751
0.026751
0.026751
0.026751
0.026798
0.026798
0.026798
0.026798
0.026798
0.026828
0.026828
0.026828
0.026828
0.026828
0.026828
0.026828
0.026798
0.026798
0.026798
0.026798
0.026798
0.026798
0.026798
0.026798
0.026762
0.026762
0.026792
0.026792
0.026792
0.026792
0.026792
0.026769
0.026769
0.026769
0.026769
0.026769
0.026769
0.026769
0.026769
0.026777
0.026777
0.026777
0.026777
0.026777
0.026777
0.026777
0.026777
0.026777
0.026777
0.026777
0.026777
0.026777
0.026777
0.026777
0.026777
0.026777
0.026777
0.026769
0.026769
0.026769
0.026780
0.026780
0.026780
0.026826
0.026835
0.026835
0.026805
0.026766
0.026766
0.026766
0.026835
0.026835
0.026835
0.026835
0.026835
0.026835
0.026835
0.026835
0.026835
0.026805
0.026805
0.026814
0.026812
0.026812
0.026812
0.026812
0.026775
0.026814
0.026826
0.026826
0.026826
0.026826
0.026826
0.026837
0.026835
0.026872
0.026859
0.026820
0.026820
0.026820
0.026820
0.026820
0.026815
0.026815
0.026817
0.026817
0.026817
0.026817
0.026817
0.026846
0.026846
0.026846
0.026807
0.026807
0.026807
0.026807
0.026807
0.026807
0.026807
0.026819
0.026819
0.026858
0.026858
0.026858
0.026858
0.026904
0.026904
0.026865
0.026865
0.026865
0.026911
0.026911
0.026911
0.026924
0.026922
0.026922
0.026922
0.026922
0.026961
0.026961
0.026961
0.026961
0.026922
0.026908
0.026908
0.026908
0.026908
0.026908
0.026908
0.026908
0.026908
0.026923
0.026923
0.026923
0.026923
0.026923
0.026889
0.026889
0.026889
0.026889
0.026889
0.026889
0.026830
0.026864
0.026879
0.026879
0.026908
0.026938
0.026905
0.026905
0.026905
0.026905
0.026905
0.026905
0.026876
0.026876
0.026876
0.026845
0.026845
0.026845
0.026890
0.026890
0.026890
0.026911
0.026958
0.026958
0.026958
0.026958
0.026974
0.026974
0.026974
0.026974
0.026928
0.026928
0.026928
0.026928
0.026928
0.026928
0.026928
0.026928
0.026931
0.026975
0.027006
0.027024
0.027041
0.027041
0.027041
0.027011
0.027011
0.027048
0.027048
0.027048
0.027048
0.027048
0.027011
0.027011
0.027011
0.027043
0.027043
0.027043
0.027043
0.027063
0.027100
0.027100
0.027100
0.027100
0.027100
0.027100
0.027120
0.027164
0.027164
0.027164
0.027164
0.027164
0.027164
0.027164
0.027164
0.027164
0.027184
0.027184
0.027184
0.027206
0.027206
0.027256
0.027256
0.027256
0.027256
0.027256
0.027256
0.027299
0.027299
0.027299
0.027299
0.027299
0.027342
0.027342
0.027314
0.027314
0.027275
0.027275
0.027275
0.027267
0.027267
0.027334
0.027334
0.027357
0.027366
0.027366
0.027366
0.027360
0.027360
0.027360
0.027360
0.027321
0.027321
0.027345
0.027387
0.027353
0.027353
0.027353
0.027392
0.027392
0.027392
0.027392
0.027475
0.027475
0.027475
0.027475
0.027436
0.027399
0.027369
0.027369
0.027395
0.027395
0.027395
0.027425
0.027425
0.027425
0.027464
0.027489
0.027516
0.027516
0.027516
0.027477
0.027515
0.027485
0.027485
0.027525
0.027552
0.027552
0.027552
0.027515
0.027515
0.027545
0.027570
0.027599
0.027599
0.027637
0.027652
0.027622
0.027622
0.027622
0.027651
0.027651
0.027651
0.027651
0.027651
0.027651
0.027651
0.027748
0.027748
0.027751
0.027751
0.027717
0.027717
0.027717
0.027748
0.027748
0.027782
0.027782
0.027795
0.027795
0.027827
0.027827
0.027820
0.027820
0.027820
0.027820
0.027820
0.027820
0.027853
0.027825
0.027825
0.027825
0.027825
0.027825
0.027825
0.027822
0.027822
0.027822
0.027850
0.027850
0.027850
0.027850
0.027884
0.027884
0.027884
0.027884
0.027849
0.027852
0.027852
0.027852
0.027907
0.027907
0.027907
0.027907
0.027936
0.027936
0.027936
0.027936
0.027972
0.027972
0.027972
0.027972
0.027988
0.028026
0.028026
0.028026
0.028062
0.028062
0.028062
0.028003
0.028003
0.028003
0.028003
0.028003
0.028033
0.028069
0.028107
0.028107
0.028107
0.028107
0.028107
0.028147
0.028115
0.028115
0.028153
0.028153
0.028153
0.028153
0.028169
0.028131
0.028131
0.028131
0.028131
0.028169
0.028169
0.028169
0.028105
0.028108
0.028108
0.028116
0.028156
0.028185
0.028155
0.028194
0.028194
0.028196
0.028196
0.028196
0.028196
0.028196
0.028196
0.028167
0.028127
0.028127
0.028166
0.028166
0.028166
0.028177
0.028207
0.028170
0.028170
0.028170
0.028170
0.028170
0.028170
0.028170
0.028183
0.028114
0.028114
0.028104
0.028104
0.028104
0.028104
0.028171
0.028201
0.028201
0.028201
0.028201
0.028198
0.028198
0.028218
0.028218
0.028171
0.028141
0.028102
0.028136
0.028136
0.028120
0.028120
0.028160
0.028164
0.028164
0.028164
0.028164
0.028164
0.028131
0.028173
0.028173
0.028173
0.028119
0.028084
0.028084
0.028084
0.028084
0.028084
0.028113
0.028113
0.028113
0.028090
0.028069
0.028069
0.028069
0.028081
0.028081
0.028081
0.028058
0.028058
0.028062
0.028098
0.028060
0.028060
0.028060
0.028104
0.028082
0.028082
0.028082
0.028082
0.028082
0.028082
0.028082
0.028061
0.028100
0.028100
0.028100
0.028066
0.028066
0.028028
0.028008
0.028008
0.028008
0.028008
0.028008
0.028008
0.028008
0.027989
0.027989
0.028027
0.028061
0.028061
0.028061
0.028008
0.028008
0.027936
0.027936
0.027936
0.027936
0.027919
0.027919
0.027919
0.027919
0.027919
0.027958
0.027958
0.027942
0.027942
0.027942
0.027942
0.027924
0.027924
0.027870
0.027869
0.027911
0.027911
0.027911
0.027911
0.027897
0.027897
0.027862
0.027862
0.027862
0.027862
0.027849
0.027849
0.027849
0.027922
0.027884
0.027849
0.027849
0.027844
0.027828
0.027828
0.027828
0.027866
0.027816
0.027816
0.027816
0.027816
0.027816
0.027816
0.027806
0.027806
0.027806
0.027768
0.027837
0.027837
0.027829
0.027829
0.027829
0.027835
0.027835
0.027766
0.027759
0.027759
0.027759
0.027759
0.027759
0.027759
0.027716
0.027699
0.027699
0.027699
0.027699
0.027694
0.027732
0.027732
0.027732
0.027732
0.027663
0.027658
0.027627
0.027627
0.027627
0.027627
0.027693
0.027693
0.027655
0.027655
0.027693
0.027693
0.027726
0.027726
0.027726
0.027726
0.027726
0.027726
0.027676
0.027605
0.027605
0.027605
0.027605
0.027606
0.027641
0.027609
0.027651
0.027651
0.027653
0.027611
0.027611
0.027611
0.027611
0.027611
0.027614
0.027614
0.027614
0.027614
0.027656
0.027660
0.027660
0.027660
0.027660
0.027660
0.027665
0.027665
0.027665
0.027665
0.027604
0.027580
0.027566
0.027566
0.027566
0.027592
0.027592
0.027600
0.027552
0.027552
0.027552
0.027552
0.027561
