1.538109
1.373775
1.222969
1.121137
1.067488
1.045614
1.039305
1.040510
1.041727
1.041936
1.041872
1.041530
1.041091
1.040570
1.040031
1.039581
1.038998
1.038562
1.038811
1.038373
1.037096
1.035180
1.033195
1.031178
1.028944
1.026420
1.023294
1.019916
1.016785
1.013669
1.010608
1.007642
1.004712
1.001776
0.998813
0.995995
0.992977
0.990395
0.987770
0.985187
0.982384
0.979756
0.977185
0.974691
0.971954
0.969219
0.966466
0.963407
0.960545
0.957466
0.954489
0.951532
0.948735
0.945847
0.942747
0.939764
0.936763
0.934170
0.931425
0.928603
0.925677
0.922711
0.919850
0.917013
0.914028
0.911116
0.907987
0.905382
0.902630
0.899662
0.896443
0.893515
0.890356
0.887115
0.883858
0.880476
0.877114
0.874059
0.870993
0.867737
0.864416
0.860875
0.857708
0.854398
0.851220
0.847873
0.844552
0.841370
0.837922
0.834397
0.830752
0.827121
0.823510
0.819817
0.816231
0.813074
0.809169
0.805545
0.802274
0.798839
0.795083
0.791295
0.787626
0.784300
0.780493
0.776586
0.772974
0.769566
0.765971
0.762254
0.758556
0.755119
0.751347
0.747306
0.743565
0.739875
0.736053
0.732052
0.728263
0.724415
0.720600
0.716815
0.712804
0.709048
0.705251
0.701339
0.697551
0.693730
0.689998
0.686218
0.682512
0.678741
0.674973
0.671230
0.667658
0.664078
0.660416
0.656778
0.653104
0.649362
0.645748
0.642515
0.639045
0.635512
0.631884
0.628311
0.624748
0.621774
0.618424
0.615044
0.611748
0.608311
0.604940
0.601734
0.598586
0.595391
0.592227
0.589063
0.585955
0.582887
0.580065
0.577035
0.573915
0.571046
0.568235
0.565300
0.562329
0.559437
0.556576
0.553888
0.551239
0.548431
0.545682
0.543001
0.540367
0.537763
0.535158
0.532543
0.530157
0.527867
0.525226
0.522882
0.520512
0.517938
0.515520
0.513239
0.510928
0.508485
0.506046
0.503670
0.501299
0.499274
0.497193
0.495140
0.493088
0.490894
0.488919
0.486710
0.484511
0.482360
0.480264
0.478071
0.475917
0.473884
0.471809
0.469765
0.467848
0.465573
0.463716
0.461620
0.459587
0.457708
0.455604
0.453633
0.451723
0.449751
0.447876
0.446075
0.444327
0.442283
0.440481
0.438478
0.436692
0.434540
0.432621
0.430614
0.428753
0.426846
0.424978
0.423229
0.421199
0.419440
0.417341
0.415687
0.413832
0.411902
0.409947
0.408040
0.406211
0.404441
0.402578
0.400640
0.398758
0.396930
0.395065
0.393130
0.391439
0.389540
0.387583
0.385791
0.383986
0.382134
0.380211
0.378446
0.376686
0.374777
0.372972
0.371156
0.369307
0.367531
0.365731
0.363960
0.362094
0.360242
0.358550
0.356773
0.354984
0.353241
0.351575
0.349845
0.348043
0.346442
0.344808
0.343155
0.341425
0.339747
0.338078
0.336553
0.334983
0.333365
0.331718
0.330146
0.328496
0.326975
0.325411
0.323975
0.322377
0.320777
0.319252
0.317858
0.316362
0.314908
0.313294
0.311715
0.310434
0.309018
0.307573
0.306337
0.304796
0.303525
0.302150
0.300845
0.299483
0.298273
0.297044
0.295806
0.294570
0.293503
0.292254
0.291065
0.289885
0.288695
0.287544
0.286432
0.285178
0.284216
0.283098
0.281959
0.280967
0.280001
0.278806
0.277732
0.276659
0.275616
0.274536
0.273488
0.272380
0.271307
0.270279
0.269221
0.268173
0.267230
0.266103
0.265121
0.264101
0.263181
0.262069
0.260999
0.260043
0.258989
0.257844
0.256886
0.255894
0.254839
0.253699
0.252638
0.251503
0.250505
0.249292
0.248284
0.247245
0.246189
0.245127
0.243844
0.242666
0.241533
0.240394
0.239203
0.237996
0.236830
0.235645
0.234372
0.233334
0.232133
0.230911
0.229715
0.228429
0.227347
0.225953
0.224756
0.223454
0.222173
0.221045
0.219749
0.218509
0.217134
0.215992
0.214796
0.213762
0.212487
0.211283
0.210021
0.208901
0.207886
0.206766
0.205596
0.204388
0.203343
0.202174
0.201003
0.199875
0.198745
0.197633
0.196581
0.195535
0.194414
0.193568
0.192494
0.191485
0.190339
0.189459
0.188353
0.187506
0.186422
0.185421
0.184439
0.183453
0.182546
0.181654
0.180697
0.179744
0.178916
0.178004
0.177091
0.176190
0.175265
0.174377
0.173539
0.172519
0.171841
0.170950
0.170097
0.169205
0.168379
0.167624
0.166766
0.165945
0.165054
0.164185
0.163462
0.162690
0.161742
0.160968
0.160188
0.159419
0.158652
0.157890
0.157061
0.156112
0.155304
0.154508
0.153827
0.152924
0.152205
0.151309
0.150508
0.149574
0.148869
0.148059
0.147257
0.146444
0.145592
0.144749
0.143937
0.143141
0.142357
0.141503
0.140546
0.139778
0.138973
0.138150
0.137410
0.136477
0.135580
0.134905
0.133951
0.133084
0.132226
0.131568
0.130631
0.129834
0.128893
0.128094
0.127262
0.126336
0.125457
0.124584
0.123799
0.122863
0.121942
0.121094
0.120191
0.119329
0.118485
0.117593
0.116798
0.115831
0.114869
0.113998
0.113186
0.112236
0.111417
0.110667
0.109837
0.109001
0.108172
0.107271
0.106428
0.105604
0.104729
0.103977
0.103108
0.102400
0.101560
0.100721
0.099922
0.099244
0.098599
0.097809
0.097063
0.096383
0.095684
0.095013
0.094263
0.093556
0.092821
0.092213
0.091547
0.090875
0.090301
0.089545
0.088927
0.088332
0.087618
0.086979
0.086442
0.085885
0.085224
0.084583
0.084041
0.083366
0.082832
0.082345
0.081783
0.081163
0.080538
0.079963
0.079523
0.079020
0.078454
0.077947
0.077441
0.076894
0.076396
0.075902
0.075323
0.074777
0.074194
0.073691
0.073209
0.072648
0.072142
0.071619
0.071122
0.070647
0.070171
0.069578
0.069069
0.068659
0.068083
0.067629
0.067044
0.066658
0.066180
0.065628
0.065165
0.064865
0.064370
0.063846
0.063457
0.063049
0.062619
0.062189
0.061747
0.061380
0.060900
0.060396
0.060022
0.059664
0.059267
0.058761
0.058347
0.057995
0.057607
0.057096
0.056672
0.056310
0.055845
0.055394
0.055004
0.054539
0.054245
0.053858
0.053423
0.052999
0.052630
0.052262
0.051811
0.051447
0.051031
0.050614
0.050123
0.049761
0.049405
0.048985
0.048708
0.048256
0.047901
0.047514
0.047066
0.046672
0.046324
0.045906
0.045571
0.045149
0.044698
0.044409
0.043942
0.043605
0.043196
0.042947
0.042560
0.042223
0.041900
0.041442
0.041204
0.040775
0.040416
0.040161
0.039697
0.039422
0.039068
0.038761
0.038443
0.038162
0.037887
0.037580
0.037212
0.036895
0.036627
0.036271
0.035947
0.035680
0.035380
0.035115
0.034823
0.034522
0.034283
0.033993
0.033819
0.033544
0.033263
0.032955
0.032695
0.032420
0.032229
0.032086
0.031866
0.031550
0.031283
0.031072
0.030765
0.030603
0.030375
0.030153
0.029992
0.029729
0.029597
0.029426
0.029294
0.028988
0.028820
0.028633
0.028528
0.028412
0.028196
0.027994
0.027738
0.027585
0.027554
0.027400
0.027234
0.027082
0.026945
0.026777
0.026651
0.026581
0.026458
0.026257
0.026181
0.025999
0.025924
0.025884
0.025785
0.025722
0.025605
0.025529
0.025454
0.025387
0.025370
0.025261
0.025241
0.025162
0.025038
0.025007
0.024920
0.024879
0.024808
0.024868
0.024841
0.024896
0.024781
0.024754
0.024752
0.024732
0.024674
0.024697
0.024646
0.024617
0.024563
0.024583
0.024522
0.024454
0.024493
0.024434
0.024420
0.024420
0.024375
0.024374
0.024312
0.024378
0.024417
0.024405
0.024399
0.024413
0.024397
0.024343
0.024338
0.024415
0.024329
0.024336
0.024289
0.024331
0.024332
0.024342
0.024419
0.024377
0.024377
0.024438
0.024353
0.024334
0.024403
0.024443
0.024443
0.024424
0.024441
0.024441
0.024427
0.024399
0.024341
0.024433
0.024368
0.024324
0.024324
0.024396
0.024396
0.024436
0.024465
0.024481
0.024473
0.024488
0.024523
0.024482
0.024542
0.024542
0.024557
0.024532
0.024570
0.024547
0.024578
0.024593
0.024615
0.024535
0.024567
0.024605
0.024597
0.024490
0.024504
0.024532
0.024473
0.024519
0.024613
0.024654
0.024654
0.024627
0.024668
0.024668
0.024657
0.024694
0.024767
0.024778
0.024736
0.024769
0.024664
0.024628
0.024682
0.024719
0.024658
0.024691
0.024777
0.024777
0.024777
0.024759
0.024796
0.024847
0.024801
0.024801
0.024743
0.024740
0.024740
0.024763
0.024783
0.024767
0.024821
0.024821
0.024885
0.024894
0.024928
0.024916
0.024902
0.024867
0.024877
0.024825
0.024851
0.024885
0.024896
0.024894
0.024829
0.024872
0.024864
0.024838
0.024838
0.024873
0.024861
0.024873
0.024834
0.024834
0.024863
0.024861
0.024880
0.024870
0.024925
0.024889
0.024951
0.024972
0.024923
0.024910
0.024912
0.024947
0.024976
0.025005
0.025033
0.025057
0.025021
0.025007
0.025014
0.025013
0.025013
0.025006
0.025006
0.024996
0.025001
0.025036
0.025014
0.024989
0.025014
0.025028
0.025028
0.025088
0.025123
0.025123
0.025110
0.025145
0.025141
0.025141
0.025204
0.025204
0.025201
0.025276
0.025248
0.025303
0.025302
0.025339
0.025339
0.025357
0.025357
0.025355
0.025355
0.025398
0.025342
0.025429
0.025505
0.025505
0.025526
0.025551
0.025551
0.025555
0.025583
0.025625
0.025636
0.025707
0.025707
0.025734
0.025821
0.025853
0.025886
0.025866
0.025866
0.025946
0.025946
0.025935
0.025970
0.026044
0.026044
0.025994
0.026080
0.026154
0.026115
0.026155
0.026202
0.026187
0.026258
0.026258
0.026301
0.026353
0.026400
0.026400
0.026436
0.026436
0.026436
0.026483
0.026527
0.026478
0.026478
0.026522
0.026547
0.026640
0.026640
0.026604
0.026643
0.026611
0.026705
0.026660
0.026731
0.026856
0.026856
0.026856
0.026905
0.026905
0.026905
0.027032
0.027032
0.027067
0.027104
0.027156
0.027205
0.027239
0.027239
0.027286
0.027335
0.027335
0.027351
0.027351
0.027381
0.027428
0.027474
0.027474
0.027482
0.027529
0.027576
0.027541
0.027626
0.027672
0.027701
0.027710
0.027710
0.027757
0.027757
0.027807
0.027807
0.027864
0.027912
0.027912
0.027912
0.027962
0.028009
0.028009
0.028020
0.028098
0.028098
0.028098
0.028098
0.028158
0.028130
0.028143
0.028206
0.028206
0.028208
0.028255
0.028290
0.028351
0.028364
0.028411
0.028407
0.028445
0.028445
0.028445
0.028574
0.028590
0.028552
0.028552
0.028626
0.028644
0.028644
0.028644
0.028682
0.028728
0.028739
0.028739
0.028788
0.028788
0.028758
0.028717
0.028732
0.028796
0.028796
0.028790
0.028795
0.028795
0.028841
0.028836
0.028886
0.028886
0.028901
0.028947
0.028952
0.028952
0.029001
0.029042
0.029042
0.029042
0.029089
0.029089
0.029105
0.029136
0.029136
0.029186
0.029232
0.029232
0.029232
0.029232
0.029238
0.029287
0.029287
0.029350
0.029350
0.029321
0.029314
0.029314
0.029314
0.029314
0.029314
0.029361
0.029417
0.029417
0.029417
0.029460
0.029516
0.029516
0.029562
0.029531
0.029580
0.029554
0.029554
0.029563
0.029563
0.029563
0.029595
0.029609
0.029609
0.029617
0.029666
0.029683
0.029715
0.029715
0.029715
0.029761
0.029761
0.029761
0.029761
0.029761
0.029761
0.029734
0.029734
0.029734
0.029829
0.029829
0.029839
0.029839
0.029839
0.029841
0.029832
0.029832
0.029841
0.029841
0.029888
0.029904
0.029904
0.029904
0.029914
0.029914
0.029914
0.029914
0.029914
0.029963
0.030047
0.030047
0.030047
0.030047
0.030079
0.030047
0.030019
0.030019
0.030019
0.030019
0.030066
0.030035
0.030067
0.030105
0.030105
0.030105
0.030105
0.030080
0.030080
0.030080
0.030080
0.030127
0.030177
0.030177
0.030177
0.030183
0.030183
0.030183
0.030183
0.030183
0.030183
0.030183
0.030183
0.030229
0.030258
0.030258
0.030258
0.030258
0.030258
0.030258
0.030258
0.030302
0.030302
0.030302
0.030288
0.030334
0.030334
0.030334
0.030334
0.030334
0.030348
0.030348
0.030348
0.030348
0.030348
0.030348
0.030348
0.030394
0.030394
0.030394
0.030394
0.030372
0.030352
0.030352
0.030352
0.030320
0.030320
0.030320
0.030320
0.030399
0.030399
0.030399
0.030434
0.030402
0.030402
0.030402
0.030402
0.030402
0.030442
0.030458
0.030504
0.030504
0.030504
0.030504
0.030504
0.030504
0.030504
0.030504
0.030504
0.030504
0.030504
0.030555
0.030555
0.030602
0.030576
0.030576
0.030576
0.030576
0.030576
0.030576
0.030576
0.030529
0.030529
0.030546
0.030546
0.030546
0.030593
0.030593
0.030593
0.030593
0.030593
0.030593
0.030593
0.030593
0.030559
0.030576
0.030576
0.030576
0.030545
0.030592
0.030592
0.030592
0.030592
0.030545
0.030545
0.030545
0.030564
0.030549
0.030549
0.030549
0.030590
0.030605
0.030605
0.030652
0.030652
0.030652
0.030671
0.030671
0.030671
0.030671
0.030612
0.030620
0.030620
0.030620
0.030620
0.030620
0.030636
0.030654
0.030654
0.030674
0.030674
0.030674
0.030674
0.030692
0.030692
0.030692
0.030692
0.030692
0.030692
0.030692
0.030740
0.030721
0.030721
0.030721
0.030741
0.030774
0.030774
0.030760
0.030760
0.030715
0.030715
0.030715
0.030684
0.030732
0.030732
0.030746
0.030711
0.030711
0.030711
0.030711
0.030753
0.030739
0.030739
0.030739
0.030739
0.030760
0.030760
0.030807
0.030807
0.030821
0.030776
0.030776
0.030776
0.030776
0.030776
0.030744
0.030744
0.030781
0.030781
0.030781
0.030781
0.030781
0.030864
0.030864
0.030864
0.030864
0.030864
0.030864
0.030864
0.030864
0.030864
0.030850
0.030829
0.030829
0.030829
0.030843
0.030799
0.030799
0.030846
0.030869
0.030885
0.030885
0.030885
0.030885
0.030885
0.030885
0.030885
0.030885
0.030885
0.030928
0.030928
0.030898
0.030898
0.030898
0.030898
0.030898
0.030946
0.030946
0.030946
0.030946
0.030946
0.030946
0.030946
0.030902
0.030902
0.030939
0.030939
0.030939
0.030939
0.030939
0.030960
0.030960
0.030925
0.030925
0.030925
0.030902
0.030902
0.030902
0.030902
0.030950
0.030950
0.030950
0.030950
0.030950
0.030950
0.030950
0.030950
0.030950
0.030950
0.030950
0.030907
0.030907
0.030907
0.030878
0.030902
0.030902
0.030902
0.030902
0.030902
0.030902
0.030902
0.030946
0.030946
0.030946
0.030946
0.030946
0.030946
0.030946
0.030946
0.030961
0.030961
0.030961
0.030961
0.030961
0.030994
0.030979
0.030979
0.030984
0.030984
0.031031
0.030998
0.030998
0.030998
0.030998
0.030998
0.030998
0.031036
0.031070
0.031070
0.031070
0.031070
0.031070
0.031070
0.031042
0.031042
0.031033
0.031033
0.031033
0.031033
0.031033
0.031067
0.031067
0.031067
0.031067
0.031067
0.031067
0.031067
0.031067
0.031036
0.031036
0.031000
0.031000
0.031000
0.030958
0.030995
0.030995
0.030995
0.030995
0.030995
0.030995
0.030995
0.030995
0.031011
0.030975
0.030975
0.030940
0.030940
0.031006
0.031042
0.031042
0.031042
0.031042
0.031042
0.031042
0.031042
0.031042
0.030963
0.030980
0.030980
0.030980
0.030980
0.030980
0.030980
0.031017
0.031017
0.031017
0.031017
0.031017
0.031017
0.031017
0.030980
0.031006
0.031024
0.031024
0.031024
0.031024
0.132469
0.132491
0.132485
0.132485
0.132437
0.132356
0.132338
0.132227
0.132171
0.132141
0.131932
0.131728
0.131544
0.131245
0.131015
0.130797
0.130551
0.130322
0.130023
0.129820
0.129522
0.129200
0.128972
0.128673
0.128445
0.128228
0.128037
0.127816
0.127554
0.127290
0.127108
0.126848
0.126625
0.126332
0.126115
0.125899
0.125672
0.125445
0.125197
0.124926
0.124710
0.124484
0.124250
0.124042
0.123816
0.123614
0.123384
0.123152
0.123061
0.122971
0.122791
0.122564
0.122353
0.122128
0.121903
0.121676
0.121451
0.121260
0.121013
0.120788
0.120645
0.120399
0.120174
0.119918
0.119672
0.119473
0.119272
0.119048
0.118847
0.118757
0.118656
0.118477
0.118231
0.118008
0.117807
0.117595
0.117444
0.117230
0.117007
0.116806
0.116650
0.116472
0.116233
0.116049
0.115804
0.115626
0.115403
0.115166
0.114922
0.114715
0.114537
0.114292
0.114092
0.113892
0.113647
0.113447
0.113240
0.112994
0.112793
0.112628
0.112425
0.112225
0.111981
0.111839
0.111595
0.111372
0.111172
0.110928
0.110728
0.110460
0.110293
0.110059
0.109836
0.109638
0.109395
0.109171
0.108928
0.108704
0.108461
0.108275
0.108075
0.107841
0.107617
0.107374
0.107150
0.106923
0.106680
0.106456
0.106189
0.105945
0.105680
0.105412
0.105213
0.105023
0.104768
0.104544
0.104279
0.104012
0.103789
0.103551
0.103283
0.103060
0.102837
0.102570
0.102301
0.102054
0.101852
0.101655
0.101432
0.101189
0.100965
0.100742
0.100405
0.100182
0.099934
0.099732
0.099485
0.099261
0.099014
0.098762
0.098514
0.098291
0.098043
0.097820
0.097606
0.097286
0.097073
0.096825
0.096578
0.096354
0.096107
0.095893
0.095670
0.095464
0.095217
0.094935
0.094712
0.094464
0.094217
0.094013
0.093766
0.093543
0.093295
0.093048
0.092905
0.092658
0.092433
0.092230
0.092006
0.091759
0.091403
0.091111
0.090864
0.090661
0.090413
0.090136
0.089912
0.089699
0.089496
0.089234
0.088987
0.088759
0.088512
0.088309
0.088028
0.087781
0.087535
0.087311
0.087109
0.086862
0.086615
0.086393
0.086109
0.085907
0.085661
0.085414
0.085191
0.084944
0.084715
0.084435
0.084203
0.083956
0.083710
0.083499
0.083266
0.083020
0.082774
0.082578
0.082332
0.082153
0.081907
0.081661
0.081415
0.081169
0.080910
0.080664
0.080418
0.080215
0.079991
0.079790
0.079545
0.079321
0.079076
0.078830
0.078606
0.078397
0.078151
0.077928
0.077682
0.077437
0.077264
0.076977
0.076754
0.076508
0.076240
0.075961
0.075737
0.075492
0.075268
0.075023
0.074799
0.074554
0.074331
0.074041
0.073817
0.073593
0.073348
0.073125
0.072901
0.072591
0.072368
0.072144
0.071899
0.071676
0.071366
0.071142
0.070887
0.070597
0.070373
0.070150
0.069926
0.069657
0.069434
0.069210
0.068941
0.068697
0.068473
0.068204
0.067981
0.067757
0.067488
0.067265
0.067063
0.066794
0.066570
0.066306
0.065997
0.065750
0.065451
0.065227
0.065068
0.064799
0.064576
0.064307
0.064084
0.063882
0.063613
0.063389
0.063121
0.062919
0.062650
0.062451
0.062249
0.061980
0.061717
0.061470
0.061247
0.061000
0.060776
0.060553
0.060306
0.060145
0.059870
0.059647
0.059400
0.059177
0.058908
0.058707
0.058440
0.058194
0.057971
0.057725
0.057506
0.057260
0.057036
0.056791
0.056567
0.056279
0.056055
0.055855
0.055609
0.055386
0.055141
0.054917
0.054673
0.054449
0.054249
0.053981
0.053755
0.053488
0.053288
0.052983
0.052783
0.052587
0.052320
0.052121
0.051853
0.051654
0.051387
0.051188
0.050965
0.050722
0.050499
0.050257
0.050034
0.049835
0.049569
0.049371
0.049104
0.048870
0.048647
0.048424
0.048227
0.048004
0.047764
0.047541
0.047253
0.047056
0.046833
0.046594
0.046341
0.046118
0.045880
0.045658
0.045435
0.045240
0.045018
0.044823
0.044565
0.044343
0.044149
0.043945
0.043751
0.043529
0.043377
0.043155
0.042960
0.042765
0.042613
0.042433
0.042281
0.042060
0.041883
0.041703
0.041552
0.041372
0.041221
0.041062
0.040882
0.040731
0.040572
0.040421
0.040271
0.040131
0.039981
0.039801
0.039691
0.039542
0.039402
0.039252
0.039143
0.039011
0.038831
0.038722
0.038612
0.038472
0.038363
0.038214
0.038072
0.037896
0.037787
0.037678
0.037568
0.037459
0.037355
0.037284
0.037175
0.037066
0.036958
0.036849
0.036747
0.036638
0.036529
0.036423
0.036315
0.036206
0.036136
0.036027
0.035957
0.035884
0.035783
0.035675
0.035589
0.035544
0.035436
0.035366
0.035260
0.035152
0.035082
0.035011
0.034903
0.034833
0.034763
0.034728
0.034658
0.034578
0.034508
0.034438
0.034359
0.034288
0.034182
0.034154
0.034084
0.034013
0.033926
0.033856
0.033786
0.033716
0.033639
0.033576
0.033506
0.033436
0.033366
0.033330
0.033260
0.033190
0.033153
0.033083
0.033050
0.032980
0.032942
0.032872
0.032838
0.032838
0.032768
0.032731
0.032698
0.032590
0.032531
0.032498
0.032428
0.032391
0.032332
0.032295
0.032225
0.032225
0.032155
0.032155
0.032085
0.032015
0.032003
0.031933
0.031933
0.031864
0.031864
0.031794
0.031794
0.031725
0.031725
0.031688
0.031655
0.031645
0.031613
0.031576
0.031543
0.031506
0.031474
0.031474
0.031437
0.031405
0.031368
0.031336
0.031336
0.031275
0.031243
0.031206
0.031206
0.031175
0.031153
0.031078
0.031078
0.031041
0.031010
0.030955
0.030955
0.030923
0.030923
0.030886
0.030886
0.030855
0.030818
0.030818
0.030787
0.030750
0.030750
0.030750
0.030719
0.030682
0.030717
0.030687
0.030650
0.030650
0.030650
0.030620
0.030541
0.030541
0.030541
0.030511
0.030474
0.030456
0.030436
0.030436
0.030449
0.030411
0.030411
0.030370
0.030370
0.030304
0.030304
0.030304
0.030304
0.030304
0.030238
0.030238
0.030218
0.030218
0.030218
0.030218
0.030153
0.030153
0.030153
0.030153
0.030180
0.030179
0.030151
0.030116
0.030116
0.030116
0.030116
0.030080
0.030080
0.030025
0.030025
0.030053
0.030088
0.030088
0.030052
0.030070
0.030070
0.030008
0.030008
0.029967
0.029967
0.029931
0.029923
0.029923
0.029907
0.029907
0.029916
0.029916
0.029916
0.029881
0.029881
0.029881
0.029846
0.029846
0.029846
0.029846
0.029821
0.029821
0.029787
0.029822
0.029822
0.029822
0.029822
0.029822
0.029822
0.029822
0.029787
0.029787
0.029754
0.029754
0.029729
0.029729
0.029729
0.029764
0.029764
0.029764
0.029764
0.029764
0.029732
0.029732
0.029697
0.029718
0.029718
0.029718
0.029718
0.029718
0.029718
0.029753
0.029700
0.029700
0.029629
0.029629
0.029629
0.029629
0.029629
0.029577
0.029577
0.029577
0.029577
0.029577
0.029612
0.029612
0.029612
0.029571
0.029571
0.029571
0.029571
0.029571
0.029571
0.029571
0.029488
0.029488
0.029529
0.029529
0.029564
0.029523
0.029523
0.029497
0.029521
0.029521
0.029521
0.029498
0.029498
0.029498
0.029498
0.029498
0.029498
0.029498
0.029498
0.029459
0.029459
0.029459
0.029459
0.029436
0.029436
0.029436
0.029436
0.029436
0.029436
0.029436
0.029436
0.029436
0.029436
0.029436
0.029436
0.029436
0.029436
0.029436
0.029436
0.029436
0.029416
0.029416
0.029416
0.029416
0.029416
0.029416
0.029416
0.029416
0.029416
0.029416
0.029402
0.029364
0.029364
0.029393
0.029393
0.029364
0.029364
0.029364
0.029364
0.029364
0.029348
0.029348
0.029377
0.029377
0.029406
0.029406
0.029406
0.029406
0.029442
0.029442
0.029442
0.029413
0.029377
0.029364
0.029364
0.029364
0.029393
0.029393
0.029356
0.029356
0.029392
0.029392
0.029380
0.029380
0.029380
0.029380
0.029380
0.029380
0.029345
0.029345
0.029345
0.029345
0.029345
0.029380
0.029380
0.029380
0.029380
0.029380
0.029380
0.029380
0.029380
0.029380
0.029345
0.029345
0.029309
0.029345
0.029345
0.029345
0.029345
0.029345
0.029337
0.029337
0.029337
0.029337
0.029337
0.029337
0.029337
0.029337
0.029337
0.029337
0.029337
0.029363
0.029363
0.029363
0.029329
0.029329
0.029329
0.029329
0.029329
0.029329
0.029329
0.029329
0.029329
0.029329
0.029289
0.029289
0.029289
0.029289
0.029289
0.029289
0.029329
0.029329
0.029329
0.029329
0.029329
0.029301
0.029265
0.029225
0.029225
0.029255
0.029255
0.029255
0.029255
0.029225
0.029225
0.029225
0.029225
0.029265
0.029265
0.029225
0.029247
0.029247
0.029247
0.029247
0.029247
0.029247
0.029247
0.029214
0.029214
0.029214
0.029214
0.029190
0.029190
0.029190
0.029190
0.029190
0.029190
0.029190
0.029190
0.029190
0.029190
0.029190
0.029190
0.029190
0.029190
0.029190
0.029190
0.029160
0.029160
0.029160
0.029160
0.029160
0.029160
0.029160
0.029160
0.029160
0.029160
0.029160
0.029160
0.029160
0.029160
0.029160
0.029131
0.029131
0.029131
0.029131
0.029131
0.029131
0.029101
0.029101
0.029101
0.029103
0.029103
0.029103
0.029103
0.029103
0.029103
0.029103
0.029103
0.029103
0.029103
0.029103
0.029103
0.029103
0.029103
0.029103
0.029103
0.029103
0.029103
0.029103
0.029040
0.029040
0.029075
0.029075
0.029075
0.029075
0.029075
0.029075
0.029075
0.029075
0.029075
0.029075
0.029040
0.029040
0.029040
0.029040
0.029040
0.029040
0.029075
0.029075
0.029075
0.029075
0.029050
0.029050
0.029050
0.029014
0.028984
0.028984
0.028984
0.028984
0.028984
0.029014
0.029014
0.029050
0.029050
0.029020
0.029055
0.029055
0.029019
0.029019
0.029019
0.029019
0.029019
0.029049
0.029049
0.029049
0.029026
0.029026
0.029026
0.029026
0.029026
0.029026
0.029026
0.029026
0.029026
0.029026
0.029026
0.029026
0.029026
0.029026
0.029026
0.029026
0.029026
0.029026
0.029026
0.029026
0.029026
0.029026
0.029026
0.029026
0.029026
0.029005
0.029005
0.029005
0.029005
0.029005
0.029005
0.029005
0.029005
0.029005
0.029005
0.028976
0.028976
0.028976
0.028976
0.028976
0.028976
