2.026264
1.890887
1.774158
1.702816
1.670456
1.660015
1.658012
1.657769
1.657424
1.656759
1.655861
1.655142
1.654918
1.654997
1.655274
1.655840
1.656569
1.656778
1.657042
1.656737
1.656073
1.655289
1.654215
1.652876
1.651653
1.650585
1.649622
1.648842
1.648027
1.647163
1.646351
1.645379
1.644352
1.643291
1.642260
1.641290
1.640213
1.639082
1.638191
1.637125
1.636117
1.634991
1.634181
1.633437
1.632519
1.631387
1.630702
1.629622
1.628588
1.627449
1.626448
1.625188
1.623940
1.623667
1.622304
1.621370
1.620242
1.618856
1.617582
1.616376
1.615170
1.613938
1.613253
1.611987
1.610808
1.609301
1.608139
1.607204
1.605648
1.604281
1.602783
1.601607
1.600175
1.598521
1.596736
1.595356
1.593863
1.592206
1.590515
1.589763
1.588201
1.586635
1.584697
1.583222
1.581440
1.579493
1.577583
1.575802
1.573858
1.571898
1.570098
1.568421
1.566806
1.565321
1.563761
1.562414
1.560751
1.559084
1.557367
1.555770
1.554101
1.552370
1.550639
1.549597
1.547825
1.546072
1.544370
1.542592
1.540587
1.538511
1.536603
1.534519
1.532644
1.530731
1.528792
1.526084
1.524149
1.522522
1.520971
1.519632
1.518337
1.517123
1.515825
1.514532
1.513095
1.511572
1.509975
1.508337
1.506451
1.504412
1.501725
1.499750
1.497998
1.496095
1.494382
1.493443
1.492268
1.491316
1.490377
1.489016
1.487309
1.486017
1.484324
1.482730
1.480982
1.479224
1.476981
1.475175
1.473618
1.472210
1.470797
1.469438
1.468498
1.467566
1.466503
1.465578
1.464765
1.463899
1.463101
1.462194
1.460970
1.459785
1.458180
1.456373
1.454660
1.452364
1.450740
1.449144
1.447447
1.446328
1.445163
1.444153
1.443206
1.442147
1.441199
1.440404
1.439387
1.438739
1.437728
1.436415
1.434846
1.433335
1.431736
1.430347
1.429015
1.427505
1.426196
1.424787
1.423598
1.422803
1.421612
1.421252
1.420736
1.420352
1.419871
1.419615
1.419328
1.418823
1.418229
1.417265
1.416296
1.415211
1.414075
1.413027
1.411854
1.410765
1.409777
1.408924
1.408306
1.407933
1.407684
1.407448
1.407386
1.407303
1.407100
1.406801
1.406483
1.405970
1.405058
1.404052
1.402920
1.401841
1.400669
1.399436
1.397739
1.396765
1.396064
1.395410
1.395219
1.394900
1.394862
1.394750
1.394718
1.394605
1.394411
1.393909
1.393225
1.392339
1.391192
1.390081
1.388722
1.387380
1.386388
1.385243
1.384318
1.383659
1.383237
1.383083
1.382720
1.382613
1.382334
1.381956
1.381612
1.381101
1.380312
1.379198
1.378060
1.376586
1.375115
1.373862
1.372775
1.371666
1.370788
1.369964
1.369610
1.369281
1.369072
1.368810
1.368471
1.368025
1.367521
1.366950
1.365910
1.364753
1.363248
1.361688
1.360048
1.358507
1.356921
1.355591
1.354628
1.353647
1.353083
1.352723
1.351541
1.351168
1.350644
1.350263
1.349652
1.348921
1.347648
1.346324
1.344715
1.342863
1.341128
1.339446
1.337915
1.336716
1.335903
1.335273
1.334763
1.334113
1.333598
1.333028
1.332255
1.331571
1.330846
1.329914
1.328645
1.327211
1.325441
1.323563
1.321749
1.319724
1.317690
1.315946
1.314438
1.313472
1.312710
1.312108
1.311367
1.310933
1.310261
1.309489
1.308710
1.307717
1.306317
1.304411
1.302619
1.300579
1.298476
1.296345
1.294199
1.292250
1.290874
1.289710
1.288685
1.287784
1.286962
1.286171
1.285441
1.284498
1.283489
1.282092
1.280591
1.278760
1.276837
1.275187
1.273430
1.271591
1.269658
1.268654
1.266958
1.265681
1.264694
1.263430
1.262409
1.261179
1.259689
1.258327
1.256746
1.255307
1.253889
1.252361
1.251078
1.249613
1.248363
1.247106
1.245781
1.244606
1.243376
1.242447
1.241380
1.240231
1.238985
1.237813
1.236670
1.235495
1.234397
1.233282
1.232889
1.231842
1.231153
1.230434
1.229874
1.229386
1.228913
1.228471
1.227832
1.227074
1.226275
1.225350
1.224196
1.223178
1.222382
1.221448
1.220422
1.219568
1.218432
1.217480
1.216506
1.215550
1.214566
1.213590
1.212657
1.211616
1.210540
1.209484
1.208476
1.207562
1.206428
1.205488
1.204518
1.203503
1.202472
1.201537
1.200624
1.199757
1.198965
1.198045
1.196800
1.195832
1.195593
1.194732
1.193902
1.193197
1.192212
1.191417
1.190464
1.189545
1.188695
1.187695
1.186868
1.185956
1.185225
1.184196
1.183526
1.182903
1.182090
1.181356
1.180563
1.179829
1.179073
1.178083
1.177374
1.176520
1.175737
1.174915
1.174225
1.173409
1.172625
1.171878
1.170960
1.170256
1.169331
1.168559
1.167782
1.166941
1.166103
1.165375
1.164564
1.163699
1.162949
1.162016
1.161419
1.160410
1.159584
1.158808
1.157914
1.157204
1.156429
1.155662
1.154815
1.154086
1.153160
1.152174
1.151376
1.150423
1.149470
1.148610
1.147712
1.146725
1.146005
1.145026
1.144474
1.143528
1.142659
1.141902
1.140960
1.140151
1.139306
1.138497
1.137711
1.136825
1.135944
1.135094
1.134273
1.133460
1.132523
1.131728
1.130804
1.129925
1.129181
1.128305
1.127618
1.126810
1.126102
1.125299
1.124442
1.123755
1.123033
1.122243
1.121480
1.120667
1.119788
1.119237
1.118352
1.117666
1.116914
1.116224
1.115435
1.114675
1.114077
1.113351
1.112498
1.111776
1.111003
1.110468
1.109643
1.108992
1.108403
1.107750
1.107030
1.106344
1.105834
1.105294
1.104752
1.104291
1.103552
1.102966
1.102385
1.101781
1.101092
1.100483
1.100004
1.099232
1.098789
1.098101
1.097576
1.097053
1.096539
1.096032
1.095484
1.095005
1.094523
1.094025
1.093552
1.093274
1.092827
1.092413
1.091917
1.091627
1.091238
1.090893
1.090551
1.090195
1.090485
1.090149
1.089860
1.089529
1.089230
1.088830
1.088655
1.088486
1.088293
1.088220
1.088173
1.087902
1.087777
1.087645
1.087602
1.087561
1.087521
1.087564
1.087565
1.087414
1.087427
1.087453
1.087502
1.087564
1.087570
1.087740
1.087726
1.087941
1.087946
1.088074
1.088268
1.088349
1.088355
1.088537
1.088582
1.088784
1.088928
1.089042
1.089219
1.089379
1.089379
1.089546
1.089688
1.089839
1.089883
1.089877
1.090005
1.090062
1.090125
1.090213
1.090026
1.089952
1.090007
1.090053
1.089985
1.089958
1.090113
1.090183
1.090238
1.090111
1.090135
1.089998
1.089827
1.089903
1.089738
1.089580
1.089337
1.089329
1.089080
1.088994
1.088990
1.088999
1.088887
1.088812
1.088659
1.088407
1.088253
1.087987
1.087842
1.087634
1.087343
1.087089
1.086837
1.086538
1.086245
1.085956
1.085639
1.085368
1.085088
1.084873
1.084597
1.084232
1.083958
1.083680
1.083242
1.082981
1.082824
1.082418
1.082115
1.081840
1.081570
1.081276
1.080966
1.080601
1.080356
1.080045
1.079717
1.079417
1.079061
1.078573
1.078135
1.077984
1.077860
1.077487
1.077183
1.076825
1.076425
1.076122
1.075744
1.075420
1.075129
1.074662
1.074259
1.073956
1.073670
1.073289
1.072834
1.072441
1.072038
1.071766
1.071485
1.071182
1.070741
1.070338
1.070014
1.069794
1.069396
1.069160
1.068778
1.068532
1.068126
1.067815
1.067561
1.067293
1.067034
1.066590
1.066200
1.066039
1.065751
1.065512
1.065247
1.065083
1.064729
1.064476
1.064212
1.064017
1.063812
1.063611
1.063375
1.063189
1.063002
1.062689
1.062511
1.062347
1.062293
1.062211
1.062163
1.062006
1.061828
1.061595
1.061468
1.061322
1.061083
1.061005
1.060883
1.060739
1.060607
1.060430
1.060303
1.060202
1.060123
1.059980
1.059956
1.059842
1.059684
1.059669
1.059670
1.059655
1.059457
1.059361
1.059361
1.059255
1.059206
1.059194
1.059106
1.058955
1.059008
1.058982
1.058992
1.058905
1.058886
1.058834
1.058822
1.058810
1.058776
1.058779
1.058800
1.058724
1.058740
1.058659
1.058757
1.058744
1.058699
1.058713
1.058768
1.058686
1.058686
1.058689
1.058703
1.058711
1.058866
1.058900
1.058877
1.058938
1.058946
1.058907
1.058965
1.059026
1.059092
1.059086
1.059004
1.059030
1.058986
1.059100
1.059191
1.059080
1.059174
1.059157
1.059225
1.059229
1.059333
1.059370
1.059387
1.059357
1.059474
1.059495
1.059519
1.059541
1.059615
1.059588
1.059581
1.059622
1.059647
1.059664
1.059774
1.059885
1.059869
1.059870
1.059930
1.060013
1.060090
1.060228
1.060233
1.060230
1.060282
1.060360
1.060420
1.060419
1.060534
1.060580
1.060640
1.060828
1.060897
1.060850
1.061080
1.061110
1.061241
1.061259
1.061301
1.061364
1.061560
1.061661
1.061680
1.061811
1.061844
1.061833
1.061978
1.062022
1.062039
1.062061
1.062028
1.061820
1.061682
1.061420
1.061304
1.061198
1.060991
1.060960
1.060848
1.060748
1.060573
1.060505
1.060281
1.060092
1.060000
1.059732
1.059722
1.059587
1.059463
1.059308
1.059193
1.059012
1.058884
1.058684
1.058563
1.058434
1.058208
1.058062
1.057970
1.057739
1.057701
1.057532
1.057451
1.057326
1.057102
1.056946
1.056809
1.056694
1.056513
1.056351
1.056172
1.055947
1.055881
1.055717
1.055540
1.055403
1.055202
1.055092
1.054844
1.054793
1.054659
1.054511
1.054291
1.054211
1.054060
1.053965
1.053781
1.053514
1.053553
1.053388
1.053252
1.053106
1.053073
1.052913
1.052724
1.052691
1.052601
1.052432
1.052356
1.052230
1.052117
1.051954
1.051928
1.051875
1.051811
1.051683
1.051628
1.051465
1.051359
1.051206
1.051214
1.051131
1.051041
1.050883
1.050844
1.050762
1.050663
1.050553
1.050493
1.050465
1.050420
1.050404
1.050319
1.050292
1.050194
1.050043
1.050028
1.049960
1.050066
1.049982
1.049874
1.049759
1.049802
1.049795
1.049770
1.049710
1.049659
1.049611
1.049602
1.049508
1.049462
1.049514
1.049516
1.049488
1.049469
1.049469
1.049399
1.049404
1.049362
1.049382
1.049348
1.049306
1.049262
1.049190
1.049206
1.049316
1.049208
1.049220
1.049204
1.049179
1.049188
1.049230
1.049164
1.049117
1.049140
1.049128
1.049118
1.049056
1.049135
1.049063
1.049009
1.048931
1.049007
1.048910
1.048967
1.048944
1.048941
1.048972
1.048916
1.048893
1.048877
1.048807
1.048826
1.048775
1.048865
1.048796
1.048791
1.048782
1.048730
1.048710
1.048865
1.048775
1.048780
1.048694
1.048680
1.048621
1.048620
1.048515
1.048581
1.048471
1.048468
1.048549
1.048547
1.048553
1.048495
1.048477
1.048436
1.048457
1.048414
1.048355
1.048401
1.048391
1.048383
1.048189
1.048266
1.048308
1.048249
1.048291
1.048236
1.048169
1.048211
1.048156
1.048156
1.048148
1.048175
1.048116
1.048037
1.048126
1.048119
1.048041
1.048084
1.048133
1.048030
1.048049
1.048034
1.047941
1.047985
1.047982
1.047932
1.047977
1.047954
1.047840
1.047834
1.047882
1.047874
1.047824
1.047819
1.047724
1.047768
1.047712
1.047706
1.047662
1.047655
1.047690
1.047585
1.047559
1.047658
1.047652
1.047602
1.047597
1.047579
1.047523
1.047474
1.047474
1.047511
1.047505
1.047490
1.047485
1.047485
1.047532
1.047482
1.047426
1.047426
1.047359
1.047296
1.047296
1.047291
1.047265
1.047211
1.047207
1.047157
1.047195
1.047195
1.047194
1.047176
1.047176
1.047171
1.047171
1.047167
1.047163
1.047110
1.047156
1.047065
1.047061
1.047111
1.047061
1.047091
1.047090
1.047039
1.046985
1.046985
1.046933
1.046933
1.046979
1.046979
1.046925
1.046875
1.046920
1.046866
1.046858
1.046908
1.046904
1.046854
1.046854
1.046801
1.046801
1.046801
1.046797
1.046847
1.046893
1.046893
1.046889
1.046793
1.046797
1.046797
1.046793
1.046788
1.046788
1.046788
1.046693
1.046693
1.046742
1.046742
1.046744
1.046690
1.046690
1.046690
1.046686
1.046732
1.046683
1.046685
1.046685
1.046639
1.046639
1.046594
1.046574
1.046574
1.046517
1.046564
1.046564
1.046564
1.046659
1.046669
1.046610
1.046610
1.046610
1.046661
1.046661
1.046604
1.046554
1.046604
1.046601
1.046601
1.046601
1.046650
1.046547
1.046555
1.046461
1.046561
1.046561
1.046561
1.046561
1.046508
1.046520
1.046520
1.046520
1.046509
1.046505
1.046505
1.046506
1.046506
1.046503
1.046553
1.046550
1.046500
1.046500
1.046450
1.046469
1.046465
1.046519
1.046519
1.046516
1.046473
1.046473
1.046423
1.046370
1.046370
1.046400
1.046400
1.046400
1.046400
1.046351
1.046347
1.046344
1.046344
1.046394
1.046394
1.046390
1.046440
1.046440
1.046442
1.046439
1.046439
1.046391
1.046341
1.046341
1.046341
1.046341
1.046338
1.046335
1.046323
1.046340
1.046340
1.046287
1.046249
1.046294
1.046288
1.046305
1.046255
1.046255
1.046252
1.046256
1.046256
1.046253
1.046303
1.046253
1.046253
1.046249
1.046249
1.046249
1.046249
1.046240
1.046234
1.046188
1.046190
1.046190
1.046190
1.046190
1.046234
1.046234
1.046234
1.046235
1.046235
1.046235
1.046235
1.046235
1.046232
1.046232
1.046208
1.046208
1.046205
1.046205
1.046255
1.046255
1.046252
1.046252
1.046202
1.046202
1.046202
1.046202
1.046252
1.046252
1.046252
1.046199
1.046193
1.046227
1.046224
1.046224
1.046224
1.046224
1.046224
1.046224
1.046224
1.046188
1.046188
1.046188
1.046188
1.046188
1.046181
1.046181
1.046181
1.046181
1.046231
1.046228
1.046278
1.046278
1.046278
1.046228
1.046228
1.046228
1.046228
1.046179
1.046231
1.046229
1.046229
1.046226
1.046223
1.046223
1.046223
1.046223
1.046223
1.046173
1.046173
1.046173
1.046173
1.046173
1.046173
1.046223
1.046171
1.046121
1.046128
1.046128
1.046147
1.046147
1.046147
1.046147
1.046147
1.046147
1.046170
1.046170
1.046170
1.046171
1.046168
1.046171
1.046221
1.046221
1.046221
1.046221
1.046171
1.046171
1.046171
1.046171
1.046171
1.046171
1.046171
1.046221
1.046218
1.046218
1.046218
1.046223
1.046223
1.046223
1.046257
1.046257
1.046257
1.046257
1.046257
1.046257
1.046257
1.046257
1.046254
1.046306
1.046206
1.046206
1.046206
1.046206
1.046156
1.046156
1.046156
1.046156
1.046156
1.046156
1.046156
1.046206
1.046206
1.046206
1.046168
1.046168
1.046168
1.046168
1.046168
1.046168
1.046168
1.046168
1.046168
1.046168
1.046166
1.046166
1.046166
1.046166
1.046166
1.046166
1.046166
1.046166
1.046166
1.046166
1.046166
1.046166
1.046166
1.046166
1.046166
1.046167
1.046217
1.046217
1.046215
1.046215
1.046215
1.046217
1.046167
1.046167
1.046167
1.046167
1.046117
1.046117
1.046117
1.046165
1.046165
1.046165
1.046115
1.046115
1.046115
1.046115
1.046115
1.046115
1.046115
1.046136
1.046136
1.046136
1.046136
1.046136
1.046136
1.046136
1.046136
1.046136
1.046136
1.046131
1.046131
1.046131
1.046131
1.046131
1.046131
1.046131
1.046131
1.046133
1.046167
1.046165
1.046165
1.046165
1.046166
1.046168
1.046168
1.046168
1.046168
1.046168
1.046118
1.046118
1.046118
1.046118
1.046116
1.046116
1.046116
1.046116
1.046116
1.046113
1.046113
1.046116
1.046116
1.046116
1.046116
1.046116
1.046116
1.046113
1.046113
1.046163
1.046263
1.047161
1.061131
1.053892
1.068668
1.067966
1.086468
1.089184
1.099324
1.106985
1.115153
1.120338
1.125998
1.130950
1.135861
1.139609
1.142558
1.144310
1.144685
1.143296
1.141574
1.138976
1.136841
1.134426
1.132626
1.130839
1.129225
1.127469
1.125473
1.123283
1.121134
1.118971
1.117150
1.115435
1.113809
1.112558
1.111104
1.109821
1.108338
1.106829
1.105483
1.103764
1.102132
1.100607
1.098864
1.097393
1.095759
1.094091
1.092646
1.091023
1.089243
1.087519
1.084947
1.080689
1.074294
1.065964
1.056099
1.045260
1.034033
1.022907
1.011998
1.001314
0.990825
0.980154
0.969936
0.960156
0.950173
0.939963
0.930311
0.921411
0.913973
0.907765
0.903290
0.900047
0.898396
0.897363
0.897433
0.897945
0.899035
0.899798
0.899863
0.899037
0.896883
0.893871
0.890283
0.886458
0.882839
0.879565
0.877825
0.875918
0.873643
0.871559
0.869403
0.867503
0.865865
0.864475
0.863152
0.862297
0.861379
0.860551
0.859408
0.858225
0.856598
0.854689
0.852569
0.850282
0.847884
0.845640
0.843591
0.841431
0.839416
0.837302
0.835349
0.833380
0.831224
0.829045
0.826777
0.824446
0.822232
0.820113
0.817960
0.815591
0.813220
0.810763
0.808484
0.806514
0.804278
0.801986
0.799868
0.797543
0.795225
0.793020
0.790720
0.788528
0.786189
0.783869
0.781649
0.779266
0.777099
0.774745
0.772636
0.770262
0.768179
0.766233
0.763985
0.761909
0.759746
0.757496
0.755417
0.753575
0.751572
0.749750
0.747744
0.745732
0.743841
0.742141
0.740397
0.738404
0.736575
0.734627
0.732777
0.731115
0.729242
0.727484
0.725995
0.724270
0.722609
0.720859
0.719320
0.717753
0.716139
0.714646
0.712951
0.711403
0.709776
0.708294
0.706953
0.705592
0.704271
0.702742
0.701082
0.699514
0.697837
0.696132
0.694685
0.692964
0.691520
0.690100
0.688559
0.686972
0.685636
0.684056
0.682611
0.681149
0.679738
0.678235
0.676529
0.675385
0.673919
0.672553
0.671168
0.669533
0.668082
0.666621
0.665175
0.663573
0.662062
0.660449
0.659006
0.657622
0.656247
0.655021
0.653662
0.652193
0.650703
0.649351
0.647942
0.646453
0.644901
0.643539
0.642222
0.640745
0.639355
0.638002
0.636406
0.634985
0.633384
0.631962
0.630533
0.628953
0.627505
0.625908
0.624458
0.622974
0.621638
0.620306
0.619028
0.617767
0.616447
0.615044
0.613605
0.612147
0.610853
0.609464
0.608098
0.606802
0.605306
0.603973
0.602496
0.601085
0.599524
0.598159
0.596652
0.595256
0.593883
0.592609
0.591163
0.589827
0.588533
0.587236
0.585916
0.584734
0.583442
0.581902
0.580658
0.579105
0.577654
0.576296
0.574947
0.573372
0.571880
0.570361
0.568887
0.567391
0.565937
0.564541
0.563014
0.561543
0.560109
0.558817
0.557408
0.556191
0.554689
0.553183
0.551916
0.550543
0.548997
0.547636
0.546299
0.544968
0.543619
0.542331
0.540966
0.539778
0.538377
0.537109
0.536037
0.534763
0.533744
0.532748
0.531690
0.530619
0.529623
0.528357
0.527114
0.526083
0.524905
0.523625
0.522664
0.521484
0.520298
0.519272
0.518162
0.517059
0.515973
0.514878
0.513921
0.512820
0.511640
0.510750
0.509818
0.508916
0.507986
0.507225
0.506565
0.505783
0.505010
0.504101
0.503176
0.502124
0.501248
0.500246
0.499318
0.498570
0.497690
0.496837
0.495827
0.495158
0.494376
0.493534
0.492811
0.492022
0.491255
0.490440
0.489681
0.489003
0.488217
0.487405
0.486748
0.486136
0.485448
0.484886
0.484014
0.483007
0.482248
0.481249
0.480342
0.479189
0.478106
0.477152
0.476292
0.475248
0.474425
0.473665
0.473015
0.472586
0.472054
0.471448
0.470961
0.470207
0.469521
0.468878
0.468195
0.467525
0.466781
0.466336
0.465618
0.464885
0.464337
0.463677
0.462934
0.462402
0.461901
0.461383
0.460802
0.460116
0.459571
0.458916
0.458286
0.457681
0.456929
0.456366
0.455670
0.455073
0.454454
0.453861
0.453272
0.452619
0.451920
0.451442
0.450873
0.450306
0.449671
0.449055
0.448392
0.447770
0.447225
0.446676
0.445958
0.445365
0.444639
0.444136
0.443479
0.442781
0.442192
0.441632
0.441078
0.440434
0.439842
0.439131
0.438598
0.437944
0.437354
0.436622
0.436058
0.435402
0.434690
0.434158
0.433514
0.432907
0.432305
0.431614
0.431004
0.430397
0.429820
0.429069
0.428466
0.427914
0.427225
0.426678
0.425924
0.425312
0.424628
0.423930
0.423366
0.422761
0.422049
0.421298
0.420606
0.419844
0.419163
0.418514
0.417849
0.417205
0.416463
0.415760
0.415075
0.414374
0.413701
0.413021
0.412257
0.411680
0.410980
0.410323
0.409581
0.408982
0.408306
0.407610
0.406879
0.406223
0.405649
0.404907
0.404353
0.403627
0.403013
0.402309
0.401590
0.400974
0.400346
0.399739
0.399072
0.398400
0.397653
0.396946
0.396284
0.395656
0.395049
0.394452
0.393813
0.393132
0.392516
0.391863
0.391239
0.390552
0.389888
0.389084
0.388595
0.387865
0.387144
0.386501
0.385718
0.385074
0.384290
0.383537
0.382682
0.381845
0.381210
0.380437
0.379622
0.378857
0.378102
0.377215
0.376441
0.375563
0.374728
0.373823
0.372897
0.372099
0.371280
0.370281
0.369409
0.368443
0.367495
0.366546
0.365588
0.364634
0.363762
0.362697
0.361755
0.360751
0.359737
0.358758
0.357624
0.356570
0.355583
0.354535
0.353524
0.352414
0.351229
0.350186
0.349074
0.347950
0.346870
0.345606
0.344254
0.342916
0.341641
0.340147
0.338777
0.337552
0.336186
0.334867
0.333483
0.332132
0.330753
0.329487
0.328102
0.326754
0.325452
0.323902
0.322619
0.321339
0.319987
0.318724
0.317373
0.316108
0.314886
0.313595
0.312419
0.311088
0.309782
0.308530
0.307164
0.305937
0.304671
0.303402
0.302138
0.300997
0.299999
0.299091
0.298388
0.297684
0.296945
0.296277
0.295677
0.294959
0.294289
0.293661
0.292876
0.292095
0.291499
0.290958
0.290218
0.289479
0.288909
0.288252
0.287598
0.286718
0.285765
0.284674
0.283762
0.282578
0.281447
0.280410
0.279526
0.278716
0.278164
0.277446
0.276813
0.276189
0.275582
0.274874
0.274143
0.273361
0.272605
0.271892
0.271119
0.270237
0.269157
0.268196
0.267240
0.266373
0.265508
0.264858
0.264115
0.263383
0.262713
0.261823
0.261164
0.260380
0.259558
0.258865
0.258025
0.257308
0.256408
0.255563
0.254571
0.253702
0.252920
0.252255
0.251280
0.250443
0.249533
0.248672
0.247912
0.247046
0.246243
0.245368
0.244594
0.243741
0.242794
0.241974
0.240996
0.240056
0.239152
0.238253
0.237330
0.236472
0.235409
0.234505
0.233698
0.232741
0.231874
0.230942
0.230228
0.229652
0.228972
0.228434
0.227791
0.227175
0.226490
0.225882
0.225178
0.224500
0.223637
0.222668
0.221720
0.220827
0.219968
0.219040
0.218083
0.217055
0.216004
0.215155
0.214284
0.213326
0.212339
0.211391
0.210418
0.209561
0.208672
0.207728
0.206755
0.205796
0.204939
0.203976
0.203108
0.202216
0.201324
0.200415
0.199474
0.198631
0.197746
0.196879
0.195942
0.195175
0.194286
0.193377
0.192605
0.192064
0.191393
0.190546
0.189654
0.188793
0.187938
0.187114
0.186302
0.185529
0.184646
0.183910
0.182998
0.182166
0.181412
0.180599
0.179753
0.179016
0.178202
0.177276
0.176395
0.175634
0.174860
0.173988
0.173171
0.172372
0.171663
0.170941
0.170123
0.169305
0.168529
0.167766
0.167017
0.166245
0.165551
0.164726
0.163971
0.163280
0.162543
0.161712
0.160936
0.160161
0.159437
0.158662
0.158015
0.157214
0.156527
0.155690
0.154965
0.154235
0.153631
0.153265
0.152655
0.152011
0.151316
0.150660
0.149848
0.149242
0.148596
0.148150
0.147507
0.146844
0.146259
0.145679
0.145143
0.144646
0.144098
0.143676
0.143179
0.142743
0.142127
0.141301
0.140730
0.140174
0.139468
0.138714
0.137998
0.137152
0.136440
0.135679
0.134939
0.134122
0.133442
0.132662
0.131925
0.131176
0.130515
0.129761
0.128985
0.128235
0.127460
0.126764
0.125997
0.125293
0.124460
0.123777
0.123048
0.122301
0.121597
0.120844
0.120023
0.119312
0.118572
0.117838
0.117096
0.116381
0.115576
0.114876
0.114163
0.113474
0.112671
0.111965
0.111208
0.110516
0.109725
0.109029
0.108172
0.107572
0.106846
0.106058
0.105426
0.104578
0.103878
0.103212
0.102488
0.101759
0.101093
0.100422
0.099691
0.098977
0.098348
0.097597
0.096864
0.096237
0.095576
0.094975
0.094325
0.093546
0.092956
0.092298
0.091659
0.090931
0.090330
0.089710
0.089067
0.088398
0.087792
0.087080
0.086436
0.085874
0.085205
0.084648
0.084014
0.083479
0.082933
0.082328
0.081660
0.081046
0.080425
0.079905
0.079427
0.078896
0.078295
0.077848
0.077319
0.076838
0.076305
0.075765
0.075268
0.074821
0.074354
0.073897
0.073483
0.072963
0.072550
0.072092
0.071673
0.071302
0.070746
0.070347
0.070026
0.069649
0.069180
0.068802
0.068442
0.068110
0.067739
0.067418
0.067007
0.066567
0.066246
0.065860
0.065476
0.065168
0.064844
0.064493
0.064199
0.063822
0.063488
0.063204
0.062850
0.062531
0.062233
0.061915
0.061574
0.061265
0.061020
0.060701
0.060391
0.060075
0.059860
0.059574
0.059284
0.059016
0.058684
0.058400
0.058165
0.057882
0.057600
0.057400
0.057054
0.056748
0.056451
0.056221
0.056024
0.055763
0.055552
0.055361
0.054993
0.054746
0.054509
0.054281
0.054052
0.053825
0.053568
0.053324
0.053096
0.052810
0.052616
0.052346
0.052127
0.051905
0.051704
0.051422
0.051236
0.050988
0.050726
0.050507
0.050298
0.050088
0.049872
0.049658
0.049477
0.049265
0.048990
0.048787
0.048659
0.048418
0.048256
0.048024
0.047801
0.047595
0.047376
0.047167
0.047019
0.046810
0.046663
0.046466
0.046278
0.046110
0.045923
0.045680
0.045478
0.045343
0.045157
0.045007
0.044789
0.044564
0.044351
0.044167
0.044012
0.043858
0.043678
0.043519
0.043355
0.043219
0.043100
0.042987
0.042839
0.042720
0.042516
0.042348
0.042179
0.041947
0.041835
0.041707
0.041532
0.041448
0.041235
0.041056
0.040961
0.040807
0.040726
0.040592
0.040460
0.040348
0.040241
0.040114
0.040003
0.039856
0.039810
0.039577
0.039497
0.039404
0.039281
0.039216
0.038998
0.038921
0.038817
0.038676
0.038571
0.038446
0.038400
0.038280
0.038234
0.038125
0.038032
0.037898
0.037805
0.037714
0.037642
0.037504
0.037519
0.037380
0.037279
0.037188
0.037125
0.036988
0.036988
0.036927
0.036820
0.036722
0.036678
0.036632
0.036509
0.036506
0.036445
0.036355
0.036233
0.036097
0.036051
0.036004
0.035935
0.035874
0.035876
0.035768
0.035676
0.035616
0.035590
0.035632
0.035530
0.035484
0.035439
0.035382
0.035388
0.035363
0.035249
0.035204
0.035204
0.035139
0.035023
0.035023
0.034934
0.034894
0.034849
0.034828
0.034814
0.034814
0.034757
0.034713
0.034634
0.034648
0.034564
0.034525
0.034562
0.034518
0.034515
0.034476
0.034450
0.034420
0.034407
0.034286
0.034241
0.034241
0.034190
0.034173
0.034173
0.034173
0.034156
0.034156
0.034081
0.034081
0.034066
0.034066
0.034053
0.034053
0.034013
0.034013
0.033949
0.033914
0.033838
0.033838
0.033869
0.033869
0.033835
0.033849
0.033810
0.033808
0.033849
0.033815
0.033781
0.033781
0.033773
0.033773
0.033744
0.033742
0.033742
0.033704
0.033733
0.033705
0.033726
0.033626
0.033616
0.033715
0.033692
0.033692
0.033692
0.033662
0.033662
0.033632
0.033632
0.033594
0.033626
0.033561
0.033532
0.033550
0.033550
0.033549
0.033549
0.033549
0.033540
0.033512
0.033512
0.033512
0.033483
0.033439
0.033432
0.033432
0.033399
0.033371
0.033403
0.033403
0.033403
0.033416
0.033383
0.033422
0.033400
0.033376
0.033276
0.033276
0.033313
0.033313
0.033275
0.033280
0.033312
0.033312
0.033281
0.033281
0.033292
0.033271
0.033231
0.033268
0.033268
0.033268
0.033268
0.033268
0.033268
0.033289
0.033245
0.033225
0.033225
0.033220
0.033171
0.033171
0.033171
0.033171
0.033171
0.033171
0.033176
0.033214
0.033214
0.033214
0.033196
0.033193
0.033188
0.033183
0.033168
0.033203
0.033203
0.033203
0.033130
0.033168
0.033168
0.033139
0.033139
0.033139
0.033139
0.033124
0.033124
0.033124
0.033111
0.033113
0.033146
0.033146
0.033122
0.033122
0.033122
0.033105
0.033105
0.033105
0.033127
0.033086
0.033086
0.033042
0.033042
0.033062
0.033106
0.033106
0.033069
0.033032
0.033018
0.033001
0.033000
0.033000
0.033040
0.033040
0.033112
0.033112
0.033112
0.033112
0.033112
0.033068
0.033068
0.033068
0.033067
0.033067
0.033067
0.033030
0.033015
0.033015
0.033015
0.033052
0.033063
0.033021
0.033021
0.033021
0.032982
0.032946
0.032910
0.032903
0.032903
0.032969
0.033042
0.033042
0.033047
0.033083
0.033049
0.033018
0.033000
0.033000
0.033046
0.033046
0.033046
0.033046
0.033004
0.033003
0.032979
0.032913
0.032905
0.032905
0.032905
0.032905
0.032905
0.032905
0.032905
0.032905
0.032905
0.032905
0.032905
0.032869
0.032869
0.032869
0.032947
0.032871
0.032906
0.032906
0.032906
0.032906
0.032871
0.032915
0.032880
0.032916
0.032916
0.032919
0.032883
0.032883
0.032883
0.032954
0.032954
0.032954
0.032857
0.032857
0.032857
0.032857
0.032857
0.032892
0.032892
0.032892
0.032870
0.032870
0.032837
0.032832
0.032797
0.032797
0.032797
0.032797
0.032757
0.032792
0.032836
0.032800
0.032800
0.032800
0.032800
0.032800
0.032800
0.032800
0.032800
0.032800
0.032800
0.032800
0.032801
0.032801
0.032762
0.032726
0.032726
0.032726
0.032684
0.032709
0.032745
0.032690
0.032690
0.032690
0.032690
0.032690
0.032726
0.032726
0.032642
0.032608
0.032608
0.032608
0.032608
0.032608
0.032608
0.032608
0.032664
0.032664
0.032664
0.032625
0.032625
0.032625
0.032591
0.032552
0.032552
0.032589
0.032589
0.032589
0.032589
0.032589
0.032587
0.032551
0.032551
0.032551
0.032551
0.032551
0.032546
0.032546
0.032451
0.032451
0.032453
0.032489
0.032515
0.032515
0.032515
0.032537
0.032537
0.032511
0.032508
0.032530
0.032530
0.032530
0.032556
0.032519
0.032521
0.032522
0.032522
0.032522
0.032522
0.032523
0.032523
0.032523
0.032523
0.032523
0.032523
0.032523
0.032523
0.032523
0.032485
0.032485
0.032443
0.032443
0.032443
0.032410
0.032451
0.032451
0.032451
0.032451
0.032451
0.032451
0.032485
0.032485
0.032443
0.032443
0.032409
0.032409
0.032352
0.032352
0.032352
0.032390
0.032345
0.032327
0.032327
0.032327
0.032290
0.032290
0.032317
0.032317
0.032317
0.032317
0.032317
0.032301
0.032301
0.032301
0.032338
0.032338
0.032305
0.032305
0.032305
0.032305
0.032338
0.032269
0.032269
0.032249
0.032249
0.032249
0.032249
0.032249
0.032249
0.032217
0.032221
0.032199
0.032199
0.032155
0.032155
0.032136
0.032136
0.032136
0.032132
0.032132
0.032132
0.032131
0.032092
0.032092
0.032069
0.032074
0.032074
0.032074
0.032103
0.032131
0.032131
0.032131
0.032131
0.032131
0.032131
0.032088
0.032057
0.032013
0.032059
0.032059
0.032091
0.032091
0.032091
0.032117
0.032117
0.032117
0.032117
0.032117
0.032117
0.032088
0.032088
0.032051
0.032051
0.032051
0.032029
0.032029
0.032066
0.032066
0.032023
0.032023
0.032023
0.032023
0.032023
0.032023
0.032023
0.032045
0.032045
0.032045
0.032007
0.032007
0.032007
0.032045
0.032004
0.032006
0.032006
0.031936
0.031977
0.031977
0.031977
0.031977
0.031977
0.031977
0.031937
0.031915
0.031903
0.031872
0.031872
0.031872
0.031934
0.031934
0.031903
0.031903
0.031868
0.031849
0.031849
0.031849
0.031881
0.031810
0.031810
0.031842
0.031842
0.031818
0.031782
0.031782
0.031782
0.031751
0.031708
0.031708
0.031711
0.031711
0.031711
0.031711
0.031775
0.031775
0.031775
0.031740
0.031740
0.031739
0.031739
0.031707
0.031707
0.031665
0.031665
0.031665
0.031632
0.031632
0.031664
0.031693
0.031707
0.031707
0.031707
0.031707
0.031707
0.031646
0.031646
0.031584
0.031584
0.031584
0.031584
0.031613
0.031611
0.031611
0.031611
0.031611
0.031622
0.031657
0.031657
0.031657
0.031606
0.031606
0.031606
0.031589
0.031568
0.031599
0.031599
0.031599
0.031567
0.031549
0.031549
0.031581
0.031581
0.031540
0.031502
0.031470
0.031470
0.031502
0.031502
0.031502
0.031540
0.031540
0.031540
0.031540
0.031540
0.031540
0.031502
0.031461
0.031507
0.031475
0.031508
0.031508
0.031508
0.031491
0.031491
0.031521
0.031521
0.031521
0.031521
0.031521
0.031481
0.031451
0.031451
0.031451
0.031451
0.031433
0.031433
0.031462
0.031462
0.031462
0.031462
0.031462
0.031462
0.031462
0.031423
0.031423
0.031423
0.031423
0.031423
0.031390
0.031390
0.031390
0.031390
0.031390
0.031390
0.031390
0.031390
0.031390
0.031390
0.031390
0.031352
0.031352
0.031352
0.031352
0.031352
0.031352
0.031352
0.031352
0.031352
0.031352
0.031355
0.031355
0.031355
0.031355
0.031317
0.031317
0.031282
0.031282
0.031282
0.031282
0.031282
0.031312
0.031312
0.031312
0.031312
0.031312
0.031345
0.031315
0.031315
0.031315
0.031282
0.031245
0.031245
0.031275
0.031275
0.031275
0.031275
0.031275
0.031262
0.031262
0.031262
0.031295
0.031295
0.031295
0.031295
0.031295
0.031262
0.031262
0.031226
0.031226
0.031226
0.031226
0.031232
0.031232
0.031232
0.031278
0.031278
0.031311
0.031311
0.031311
0.031311
0.031311
0.031311
0.031278
0.031239
0.031239
0.031239
0.031188
0.031227
0.031227
0.031227
0.031227
0.031260
0.031260
0.031260
0.031260
0.031260
0.031221
0.031221
0.031219
0.031188
0.031188
0.031227
0.031227
0.031227
0.031227
0.031227
0.031233
0.031266
0.031234
0.031234
0.031226
0.031226
0.031226
0.031226
0.031193
0.031193
0.031201
0.031201
0.031201
0.031201
0.031201
0.031201
0.031232
0.031226
0.031226
0.031226
0.031226
0.031226
0.031226
0.031226
0.031294
0.031223
0.031223
0.031193
0.031193
0.031193
0.031193
0.031201
0.031234
0.031234
0.031234
0.031234
0.031234
0.031234
0.031235
0.031235
0.031235
0.031202
0.031248
0.031248
0.031248
0.031210
0.031210
0.031210
0.031243
0.031243
0.031243
0.031227
0.031227
0.031265
0.031265
0.031252
0.031252
0.031191
0.031191
0.031163
0.031163
0.031163
0.031163
0.031163
0.031196
0.031196
0.031196
0.031234
0.031234
0.031234
0.031234
0.031234
0.031196
0.031196
0.031149
0.031149
0.031180
0.031149
0.031149
0.031149
0.031182
0.031220
0.031220
0.031220
0.031232
0.031232
0.031194
0.031194
0.031225
0.031225
0.031192
0.031192
0.031192
0.031161
0.031161
0.031232
0.031232
0.031232
0.031232
0.031208
0.031169
0.031201
0.031201
0.031246
0.031246
0.031240
0.031253
0.031220
0.031220
0.031188
0.031227
0.031260
0.031260
0.031260
0.031253
0.031216
0.031216
0.031253
0.031253
0.031253
0.031253
0.031253
0.031253
0.031220
0.031227
0.031227
0.031227
0.031275
0.031268
0.031268
0.031268
0.031268
0.031268
0.031254
0.031254
0.031254
0.031254
0.031254
0.031293
0.031293
0.031293
0.031293
0.031254
0.031254
0.031254
0.031254
0.031271
0.031234
0.031234
0.031234
0.031271
0.031271
0.031271
0.031309
0.031309
0.031271
0.031271
0.031315
0.031315
0.031315
0.031315
0.031315
0.031315
0.031315
0.031333
0.031333
0.031333
0.031333
0.031371
0.031333
0.031333
0.031311
0.031311
0.031311
0.031311
0.031311
0.031311
0.031311
0.031311
0.031311
0.031311
0.031330
0.031330
0.031330
0.031330
0.031330
0.031330
0.031330
0.031330
0.031330
0.031330
0.031330
0.031330
0.031330
0.031330
0.031325
0.031325
0.031345
0.031382
0.031382
0.031382
0.031382
0.031382
0.031382
0.031382
0.031382
0.031382
0.031426
0.031426
0.031426
0.031426
0.031426
0.031426
0.031480
0.031447
0.031447
0.031447
0.031447
0.031447
