1.342076
1.169381
1.008095
0.896590
0.836240
0.811232
0.803998
0.804715
0.805180
0.804433
0.803130
0.801602
0.800469
0.799589
0.799299
0.799295
0.799065
0.798624
0.798204
0.797745
0.797105
0.796565
0.796155
0.795969
0.795841
0.795731
0.795200
0.794130
0.792859
0.790921
0.788634
0.786136
0.783896
0.781522
0.779243
0.776919
0.774525
0.772268
0.769871
0.767750
0.765345
0.763075
0.761083
0.759119
0.757001
0.754696
0.752627
0.750320
0.748014
0.745481
0.743285
0.740857
0.738682
0.736198
0.733984
0.731450
0.729206
0.726615
0.724690
0.722821
0.720769
0.718642
0.716876
0.714722
0.712611
0.710487
0.708381
0.705845
0.703474
0.701261
0.698629
0.696164
0.693759
0.691071
0.688605
0.686076
0.683479
0.680793
0.678260
0.675496
0.673060
0.670388
0.667508
0.664956
0.662489
0.659924
0.657491
0.654711
0.652129
0.649293
0.646561
0.643758
0.641089
0.638407
0.635485
0.632887
0.630072
0.627432
0.624930
0.622297
0.619645
0.616806
0.614170
0.611461
0.608682
0.605904
0.603008
0.600205
0.597393
0.594552
0.591777
0.589134
0.586193
0.583406
0.580580
0.577896
0.575026
0.572170
0.569333
0.566482
0.563477
0.560709
0.557674
0.554840
0.551941
0.549091
0.546393
0.543461
0.540654
0.537782
0.534802
0.532228
0.529295
0.526437
0.523795
0.520813
0.518104
0.515461
0.512731
0.510182
0.507322
0.504779
0.502260
0.499646
0.497002
0.494371
0.491782
0.489168
0.486675
0.484242
0.481411
0.479102
0.476535
0.474125
0.471635
0.469279
0.466893
0.464596
0.462255
0.459978
0.457568
0.455293
0.453364
0.451440
0.449347
0.447203
0.444843
0.442790
0.440666
0.438390
0.436293
0.434048
0.431811
0.429608
0.427642
0.425447
0.423290
0.421271
0.419226
0.416990
0.414998
0.412849
0.410826
0.408775
0.406641
0.404634
0.402767
0.400678
0.398680
0.396760
0.394754
0.392756
0.390688
0.388834
0.386882
0.384979
0.383057
0.381039
0.379079
0.377192
0.375280
0.373297
0.371347
0.369573
0.367477
0.365746
0.363665
0.361694
0.359779
0.357877
0.356051
0.354028
0.352360
0.350412
0.348422
0.346550
0.344723
0.342948
0.340951
0.339149
0.337255
0.335217
0.333429
0.331433
0.329837
0.327919
0.326066
0.324232
0.322418
0.320483
0.318574
0.316867
0.315030
0.313123
0.311326
0.309592
0.307911
0.306163
0.304572
0.302781
0.301119
0.299316
0.297766
0.296070
0.294372
0.292664
0.290927
0.289198
0.287606
0.285886
0.284212
0.282678
0.280881
0.279394
0.277700
0.276053
0.274443
0.272883
0.271365
0.269900
0.268268
0.266759
0.265122
0.263446
0.261895
0.260492
0.259042
0.257498
0.255975
0.254431
0.252970
0.251596
0.250046
0.248603
0.247256
0.245863
0.244349
0.242970
0.241546
0.240256
0.239072
0.237928
0.236574
0.235208
0.233793
0.232513
0.231385
0.229994
0.228731
0.227597
0.226372
0.225261
0.223909
0.222793
0.221767
0.220500
0.219378
0.218324
0.217198
0.216067
0.215034
0.213898
0.212944
0.211985
0.211092
0.210118
0.209070
0.208012
0.206943
0.205804
0.204938
0.204058
0.203201
0.202188
0.201087
0.200223
0.199278
0.198454
0.197681
0.196653
0.195796
0.194885
0.193991
0.193201
0.192226
0.191562
0.190618
0.189859
0.189110
0.188386
0.187627
0.186883
0.186076
0.185497
0.184737
0.184003
0.183340
0.182587
0.181968
0.181111
0.180223
0.179561
0.178837
0.178207
0.177409
0.176648
0.175908
0.175363
0.174699
0.174107
0.173344
0.172631
0.172030
0.171347
0.170862
0.170179
0.169466
0.168910
0.168168
0.167480
0.166942
0.166290
0.165682
0.165187
0.164671
0.163908
0.163371
0.162734
0.162106
0.161430
0.160838
0.160286
0.159608
0.159087
0.158492
0.158005
0.157364
0.156827
0.156156
0.155630
0.155060
0.154678
0.154198
0.153687
0.153311
0.152668
0.152231
0.151817
0.151288
0.150752
0.150359
0.149919
0.149370
0.148826
0.148388
0.148020
0.147570
0.147176
0.146621
0.146217
0.145714
0.145329
0.144858
0.144456
0.144277
0.143762
0.143342
0.143135
0.142749
0.142382
0.141990
0.141700
0.141367
0.141006
0.140950
0.140814
0.140548
0.140264
0.140108
0.139840
0.139693
0.139510
0.139371
0.139245
0.139130
0.138987
0.138921
0.138806
0.138754
0.138590
0.138441
0.138284
0.138276
0.138002
0.137881
0.137797
0.137667
0.137600
0.137489
0.137340
0.137296
0.137206
0.137231
0.137182
0.137014
0.137036
0.137089
0.137070
0.137062
0.136938
0.137001
0.136910
0.136830
0.136897
0.136753
0.136813
0.136802
0.136815
0.136924
0.136850
0.136792
0.136795
0.136700
0.136737
0.136676
0.136735
0.136711
0.136598
0.136564
0.136577
0.136504
0.136520
0.136351
0.136384
0.136505
0.136499
0.136511
0.136512
0.136502
0.136545
0.136522
0.136592
0.136622
0.136583
0.136630
0.136624
0.136591
0.136517
0.136491
0.136534
0.136510
0.136450
0.136380
0.136415
0.136487
0.136421
0.136310
0.136279
0.136334
0.136312
0.136284
0.136280
0.136166
0.136149
0.136106
0.136011
0.135935
0.135896
0.135898
0.135918
0.135873
0.135845
0.135712
0.135673
0.135662
0.135630
0.135510
0.135524
0.135465
0.135398
0.135357
0.135359
0.135348
0.135356
0.135262
0.135204
0.134867
0.134706
0.134613
0.134477
0.134364
0.134341
0.134197
0.134171
0.134090
0.134033
0.133988
0.133957
0.133729
0.133660
0.133763
0.133641
0.133551
0.133556
0.133391
0.133379
0.133326
0.133298
0.133238
0.133199
0.133110
0.133062
0.133004
0.132947
0.132900
0.132826
0.132812
0.132792
0.132640
0.132720
0.132655
0.132561
0.132490
0.132485
0.132389
0.132380
0.132246
0.132146
0.132158
0.132131
0.132161
0.132100
0.132014
0.132052
0.131956
0.131948
0.131848
0.131792
0.131708
0.131605
0.131522
0.131420
0.131257
0.131205
0.131068
0.131039
0.130945
0.130896
0.130732
0.130686
0.130535
0.130388
0.130370
0.130227
0.130166
0.130063
0.129874
0.129733
0.129668
0.129597
0.129533
0.129463
0.129392
0.129299
0.129265
0.129199
0.129061
0.128952
0.128840
0.128728
0.128648
0.128586
0.128428
0.128316
0.128236
0.128173
0.128133
0.127756
0.127579
0.127450
0.127289
0.127206
0.127105
0.126944
0.126834
0.126723
0.126642
0.126505
0.126444
0.126330
0.126307
0.126178
0.126102
0.125945
0.125915
0.125819
0.125790
0.125665
0.125672
0.125597
0.125564
0.125380
0.125305
0.125328
0.125225
0.125184
0.125174
0.125103
0.125082
0.125030
0.124962
0.124922
0.124808
0.124742
0.124691
0.124681
0.124665
0.124609
0.124567
0.124521
0.124637
0.124622
0.124656
0.124666
0.124644
0.124716
0.124710
0.124743
0.124725
0.124740
0.124731
0.124691
0.124666
0.124677
0.124595
0.124644
0.124592
0.124631
0.124580
0.124623
0.124575
0.124496
0.124499
0.124406
0.124427
0.124401
0.124419
0.124382
0.124337
0.124339
0.124271
0.124274
0.124186
0.124239
0.124246
0.124163
0.124140
0.124095
0.124051
0.124119
0.124100
0.124066
0.124017
0.123977
0.124034
0.123981
0.123914
0.123915
0.123629
0.123551
0.123480
0.123462
0.123420
0.123382
0.123313
0.123326
0.123231
0.123197
0.123153
0.123168
0.123078
0.123140
0.123052
0.122985
0.123018
0.122973
0.122911
0.122961
0.122927
0.122964
0.122931
0.122873
0.122926
0.122875
0.122884
0.122891
0.122907
0.122876
0.122929
0.122899
0.122880
0.122875
0.122896
0.122850
0.122880
0.122851
0.122825
0.122875
0.122849
0.122825
0.122825
0.122980
0.123027
0.123057
0.123183
0.123186
0.123186
0.123255
0.123304
0.123263
0.123317
0.123370
0.123391
0.123446
0.123446
0.123401
0.123454
0.123548
0.123504
0.123532
0.123591
0.123550
0.123573
0.123579
0.123593
0.123613
0.123619
0.123619
0.123643
0.123623
0.123634
0.123613
0.123613
0.123579
0.123632
0.123643
0.123693
0.123693
0.123650
0.123678
0.123738
0.123709
0.123709
0.123638
0.123714
0.123718
0.123705
0.123714
0.123714
0.123400
0.123401
0.123307
0.123285
0.123237
0.123195
0.123197
0.123150
0.123104
0.123108
0.123072
0.123058
0.123016
0.123054
0.123059
0.123050
0.123099
0.123099
0.123003
0.123003
0.123003
0.123053
0.123044
0.123033
0.123042
0.123053
0.123043
0.123043
0.123052
0.123056
0.123086
0.123105
0.123166
0.123194
0.123154
0.123154
0.123154
0.123138
0.123192
0.123153
0.123144
0.123194
0.123166
0.123166
0.123367
0.123403
0.123498
0.123547
0.123600
0.123600
0.123649
0.123748
0.123748
0.123789
0.123849
0.123849
0.123899
0.123929
0.123978
0.124023
0.124023
0.124023
0.124072
0.124072
0.124122
0.124122
0.124122
0.124172
0.124177
0.124177
0.124139
0.124142
0.124150
0.124150
0.124150
0.124150
0.124150
0.124161
0.124161
0.124216
0.124216
0.124216
0.124216
0.124266
0.124266
0.124228
0.124260
0.124309
0.124309
0.124309
0.124054
0.124005
0.123870
0.123854
0.123776
0.123798
0.123783
0.123699
0.123702
0.123702
0.123692
0.123687
0.123645
0.123686
0.123686
0.123699
0.123699
0.123732
0.123657
0.123652
0.123665
0.123628
0.123556
0.123558
0.123607
0.123607
0.123607
0.123642
0.123642
0.123642
0.123642
0.123642
0.123623
0.123673
0.123637
0.123670
0.123629
0.123674
0.123674
0.123674
0.123674
0.123657
0.123657
0.123657
0.123657
0.123796
0.123844
0.123992
0.124005
0.124054
0.124104
0.124113
0.124169
0.124169
0.124218
0.124267
0.124267
0.124283
0.124283
0.124283
0.124333
0.124382
0.124378
0.124428
0.124477
0.124477
0.124477
0.124477
0.124490
0.124490
0.124490
0.124490
0.124490
0.124486
0.124450
0.124500
0.124493
0.124458
0.124525
0.124521
0.124521
0.124521
0.124521
0.124521
0.124521
0.124486
0.124486
0.124486
0.124454
0.124463
0.124164
0.124114
0.124053
0.124053
0.124004
0.124004
0.123951
0.123902
0.123902
0.123822
0.123774
0.123739
0.123693
0.123693
0.123738
0.123695
0.123695
0.123695
0.123619
0.123619
0.123589
0.123589
0.123585
0.123569
0.123569
0.123569
0.123619
0.123546
0.123542
0.123577
0.123627
0.123627
0.123597
0.123613
0.123613
0.123613
0.123613
0.123609
0.123609
0.123574
0.123609
0.123574
0.123624
0.123591
0.123591
0.123552
0.123725
0.123739
0.123837
0.123886
0.123897
0.123897
0.123943
0.123992
0.124013
0.124031
0.124081
0.124105
0.124154
0.124204
0.124204
0.124254
0.124254
0.124254
0.124254
0.124254
0.124226
0.124222
0.124265
0.124314
0.124237
0.124203
0.124249
0.124249
0.124249
0.124249
0.124290
0.124290
0.124340
0.124229
0.124229
0.124278
0.124275
0.124275
0.124275
0.124275
0.124325
0.124295
0.124295
0.124295
0.124256
0.123957
0.123820
0.123694
0.123644
0.123645
0.123645
0.123596
0.123543
0.123579
0.123581
0.123533
0.123533
0.123487
0.123487
0.123401
0.123332
0.123332
0.123332
0.123252
0.123252
0.123305
0.123305
0.123305
0.123249
0.123249
0.123249
0.123249
0.123249
0.123217
0.123217
0.123192
0.123192
0.123192
0.123208
0.123208
0.123254
0.123254
0.123254
0.123214
0.123214
0.123214
0.123214
0.123214
0.123178
0.123178
0.123178
0.123351
0.123359
0.123424
0.123439
0.123462
0.123512
0.123561
0.123611
0.123688
0.123661
0.123710
0.123707
0.123707
0.123707
0.123707
0.123766
0.123794
0.123758
0.123808
0.123808
0.123805
0.123781
0.123781
0.123831
0.123831
0.123831
0.123831
0.123831
0.123831
0.123799
0.123799
0.123817
0.123867
0.123864
0.123829
0.123829
0.123829
0.123795
0.123754
0.123754
0.123754
0.123731
0.123731
0.123731
0.123432
0.123383
0.123284
0.123231
0.123182
0.123182
0.123133
0.123084
0.123084
0.123035
0.122930
0.122930
0.122884
0.122884
0.122850
0.122857
0.122857
0.122857
0.122818
0.122818
0.122818
0.122777
0.122777
0.122796
0.122781
0.122781
0.122781
0.122781
0.122739
0.122739
0.122707
0.122707
0.122707
0.122723
0.122661
0.122702
0.122702
0.122702
0.122702
0.122702
0.122702
0.122702
0.122699
0.122749
0.122749
0.122749
0.122749
0.122922
0.122971
0.123069
0.123118
0.123168
0.123168
0.123217
0.123267
0.123287
0.123246
0.123302
0.123237
0.123259
0.123259
0.123259
0.123309
0.123309
0.123342
0.123392
0.123392
0.123392
0.123392
0.123392
0.123409
0.123426
0.123426
0.123426
0.123425
0.123425
0.123425
0.123396
0.123396
0.123446
0.123446
0.123417
0.123417
0.123417
0.123417
0.123414
0.123414
0.123414
0.123414
0.123414
0.123415
0.123116
0.123066
0.122966
0.122916
0.122867
0.122867
0.122817
0.122768
0.122768
0.122692
0.122730
0.122690
0.122642
0.122642
0.122579
0.122533
0.122513
0.122513
0.122472
0.122472
0.122472
0.122472
0.122409
0.122425
0.122375
0.122375
0.122375
0.122375
0.122338
0.122338
0.122338
0.122338
0.122338
0.122388
0.122363
0.122363
0.122363
0.122400
0.122376
0.122376
0.122376
0.122376
0.122339
0.122339
0.122339
0.122339
0.122339
0.122539
0.122589
0.122689
0.122789
0.122876
0.122901
0.122951
0.123001
0.123051
0.123051
0.123064
0.123064
0.123114
0.123114
0.123092
0.123142
0.123120
0.123120
0.123174
0.123174
0.123174
0.123174
0.123174
0.123224
0.123187
0.123187
0.123187
0.123187
0.123187
0.123187
0.123187
0.123187
0.123274
0.123234
0.123234
0.123234
0.123234
0.123207
0.123212
0.123212
0.123212
0.123212
0.123212
0.123192
0.122873
0.122831
0.122768
0.122718
0.122668
0.122668
0.122659
0.122609
0.122572
0.122522
0.122472
0.122472
0.122422
0.122422
0.122420
0.122370
0.122407
0.122407
0.122357
0.122325
0.122306
0.122306
0.122269
0.122219
0.122219
0.122219
0.122202
0.122202
0.122202
0.122202
0.122239
0.122239
0.122239
0.122289
0.122273
0.122236
0.122236
0.122236
0.122236
0.122236
0.122236
0.122236
0.122236
0.122236
0.122273
0.122273
0.122273
0.122501
0.122551
0.122614
0.122636
0.122686
0.122686
0.122736
0.122786
0.122864
0.122864
0.122914
0.122987
0.123037
0.123037
0.123037
0.123062
0.123025
0.123025
0.123075
0.123075
0.123075
0.123075
0.123075
0.123092
0.123092
0.123097
0.123094
0.123094
0.123082
0.123082
0.123081
0.123081
0.123131
0.123131
0.123131
0.123131
0.123131
0.123131
0.123095
0.123095
0.123132
0.123132
0.123132
0.123084
0.122784
0.122767
0.122667
0.122617
0.122567
0.122567
0.122477
0.122394
0.122394
0.122344
0.122294
0.122294
0.122244
0.122244
0.122244
0.122194
0.122194
0.122227
0.122144
0.122144
0.122144
0.122144
0.122144
0.122094
0.122094
0.122094
0.122094
0.122094
0.122094
0.122094
0.122094
0.122094
0.122094
0.122144
0.122144
0.122108
0.122108
0.122108
0.122140
0.122140
0.122140
0.122169
0.122140
0.122140
0.122140
0.122140
0.122340
0.122390
0.122490
0.122540
0.122619
0.122669
0.122719
0.122747
0.122797
0.122797
0.122847
0.122797
0.122847
0.122847
0.122847
0.122897
0.122897
0.122947
0.122997
0.122997
0.122997
0.122970
0.122821
0.123873
0.128003
0.134667
0.143079
0.152522
0.162364
0.172174
0.181691
0.190913
0.199968
0.209111
0.218369
0.227857
0.237598
0.247368
0.256753
0.265151
0.272022
0.277014
0.280227
0.281824
0.282203
0.281587
0.280935
0.280376
0.280105
0.280086
0.280245
0.280391
0.280388
0.280293
0.279863
0.279338
0.278656
0.278068
0.277597
0.277247
0.277023
0.277023
0.277090
0.277135
0.277198
0.277198
0.277214
0.277166
0.277021
0.276927
0.276879
0.276879
0.276784
0.275947
0.273445
0.269078
0.262982
0.255537
0.247443
0.239219
0.231305
0.223852
0.216984
0.210504
0.204436
0.198829
0.193862
0.189770
0.186796
0.185154
0.184952
0.186427
0.188729
0.191720
0.194742
0.197378
0.199128
0.199941
0.199748
0.198679
0.197019
0.195343
0.193720
0.192716
0.192204
0.192052
0.192250
0.192464
0.192606
0.192634
0.192440
0.192143
0.191788
0.191501
0.191316
0.191227
0.191279
0.191442
0.191618
0.191858
0.191999
0.192058
0.192087
0.192056
0.191928
0.191700
0.191495
0.191308
0.191150
0.190945
0.190787
0.190676
0.190518
0.190360
0.190184
0.189679
0.189471
0.189166
0.188911
0.188703
0.188481
0.188273
0.188065
0.187860
0.187652
0.187427
0.187222
0.187014
0.186809
0.186651
0.186379
0.186220
0.186016
0.185808
0.185603
0.185427
0.185222
0.185064
0.184859
0.184651
0.184429
0.184271
0.184113
0.183908
0.183750
0.183495
0.183327
0.183122
0.183014
0.182845
0.182687
0.182465
0.182307
0.182102
0.181944
0.181786
0.181563
0.181405
0.181200
0.181042
0.180840
0.180665
0.180660
0.180552
0.180447
0.180339
0.180167
0.180009
0.179854
0.179746
0.179638
0.179415
0.179307
0.179102
0.178994
0.178790
0.178614
0.178459
0.178301
0.178096
0.177988
0.177766
0.177608
0.177403
0.177245
0.177137
0.176915
0.176757
0.176552
0.176394
0.176189
0.176031
0.175809
0.175613
0.175458
0.175300
0.175095
0.174919
0.174715
0.174539
0.174381
0.174176
0.174001
0.173796
0.173638
0.173433
0.172975
0.172703
0.172445
0.172190
0.171982
0.171813
0.171587
0.171332
0.171155
0.170947
0.170693
0.170535
0.170262
0.170104
0.169899
0.169691
0.169487
0.169311
0.169022
0.168864
0.168659
0.168484
0.168279
0.168121
0.167913
0.167708
0.167550
0.167278
0.167069
0.166864
0.166605
0.166350
0.166123
0.165918
0.165659
0.165404
0.165196
0.164873
0.164665
0.164457
0.164152
0.163931
0.163626
0.163419
0.163097
0.162839
0.162606
0.162539
0.162284
0.162125
0.161804
0.161597
0.161245
0.161015
0.160783
0.160526
0.160174
0.159927
0.159651
0.159395
0.159037
0.158683
0.158382
0.158037
0.157637
0.157333
0.156866
0.156566
0.156118
0.155713
0.155363
0.154956
0.154601
0.154197
0.153750
0.153402
0.152961
0.152539
0.152039
0.151699
0.151242
0.150742
0.150267
0.149809
0.149352
0.148845
0.148423
0.147947
0.147486
0.146979
0.146526
0.145808
0.145276
0.144706
0.144161
0.143661
0.143135
0.142621
0.142079
0.141666
0.141087
0.140647
0.140167
0.139743
0.139283
0.138871
0.138441
0.137940
0.137579
0.137111
0.136751
0.136276
0.135917
0.135513
0.135152
0.134800
0.134425
0.134024
0.133739
0.133436
0.132994
0.132675
0.132329
0.132029
0.131735
0.131585
0.131289
0.131184
0.130887
0.130738
0.130494
0.130320
0.130078
0.129959
0.129719
0.129570
0.129379
0.129234
0.129140
0.128934
0.128906
0.128710
0.128605
0.128404
0.128284
0.128123
0.127975
0.127838
0.127722
0.127628
0.127487
0.127299
0.127146
0.127067
0.126816
0.126711
0.126556
0.126421
0.126299
0.126119
0.125919
0.125784
0.125653
0.125373
0.125223
0.125078
0.124949
0.124772
0.124506
0.124449
0.124194
0.123965
0.123732
0.123521
0.123328
0.123140
0.123050
0.122785
0.122590
0.122293
0.122089
0.121848
0.121368
0.121154
0.120824
0.120513
0.120176
0.119999
0.119757
0.119497
0.119287
0.118909
0.118704
0.118471
0.118156
0.117923
0.117704
0.117394
0.117131
0.116801
0.116550
0.116328
0.116122
0.115820
0.115476
0.115287
0.114874
0.114587
0.114324
0.113967
0.113712
0.113346
0.113017
0.112700
0.112404
0.112109
0.111799
0.111375
0.111020
0.110713
0.110368
0.110079
0.109755
0.109411
0.109148
0.108814
0.108441
0.108105
0.107865
0.107506
0.107287
0.107010
0.106792
0.106443
0.106199
0.105863
0.105632
0.105326
0.105088
0.104675
0.104441
0.104157
0.103888
0.103674
0.103391
0.103105
0.102920
0.102645
0.102359
0.102121
0.101835
0.101609
0.101323
0.101055
0.100815
0.100575
0.100308
0.100099
0.099908
0.099651
0.099457
0.099170
0.098981
0.098769
0.098566
0.098356
0.098168
0.098003
0.097760
0.097574
0.097353
0.097118
0.096956
0.096499
0.096263
0.096006
0.095835
0.095606
0.095375
0.095236
0.094982
0.094777
0.094569
0.094344
0.094161
0.093931
0.093748
0.093568
0.093330
0.093267
0.093133
0.092951
0.092694
0.092540
0.092402
0.092175
0.092048
0.091844
0.091713
0.091489
0.091334
0.091157
0.090951
0.090722
0.090579
0.090404
0.090189
0.090033
0.089831
0.089539
0.089394
0.089221
0.089067
0.088771
0.088553
0.088383
0.088188
0.088015
0.087846
0.087787
0.087637
0.087540
0.087375
0.087274
0.087018
0.086944
0.086764
0.086553
0.086346
0.086226
0.085970
0.085840
0.085623
0.085352
0.085176
0.085055
0.084826
0.084651
0.084389
0.084161
0.083909
0.083770
0.083551
0.083295
0.083096
0.082855
0.082670
0.082355
0.082157
0.081931
0.081691
0.081541
0.081316
0.081105
0.080839
0.080656
0.080369
0.080186
0.079901
0.079718
0.079433
0.079217
0.078933
0.078718
0.078241
0.077900
0.077566
0.077314
0.076982
0.076752
0.076435
0.076107
0.075893
0.075668
0.075358
0.075088
0.074780
0.074559
0.074269
0.074013
0.073757
0.073545
0.073208
0.073006
0.072768
0.072499
0.072304
0.071988
0.071786
0.071527
0.071285
0.071071
0.070812
0.070542
0.070254
0.069996
0.069718
0.069562
0.069270
0.068973
0.068772
0.068538
0.068297
0.068085
0.067822
0.067482
0.067275
0.067019
0.066769
0.066658
0.066497
0.066341
0.066060
0.065909
0.065692
0.065481
0.065241
0.065038
0.064838
0.064645
0.064420
0.064181
0.063982
0.063691
0.063516
0.063264
0.062981
0.062743
0.062505
0.062212
0.061963
0.061740
0.061509
0.061235
0.061012
0.060815
0.060512
0.060264
0.060093
0.059814
0.059525
0.059267
0.059071
0.058802
0.058514
0.058296
0.058062
0.057845
0.057601
0.057352
0.057158
0.056863
0.056655
0.056504
0.056290
0.055716
0.055410
0.055031
0.054768
0.054477
0.054266
0.053975
0.053685
0.053387
0.053149
0.052983
0.052745
0.052456
0.052299
0.052061
0.051768
0.051531
0.051295
0.051009
0.050773
0.050537
0.050265
0.050031
0.049830
0.049597
0.049365
0.049133
0.048951
0.048720
0.048502
0.048271
0.048016
0.047838
0.047652
0.047425
0.047198
0.046971
0.046707
0.046482
0.046297
0.046072
0.045883
0.045648
0.045426
0.045201
0.045197
0.045023
0.044916
0.044780
0.044574
0.044389
0.044266
0.044101
0.043878
0.043756
0.043623
0.043366
0.043244
0.043063
0.042892
0.042723
0.042593
0.042403
0.042283
0.042066
0.041904
0.041714
0.041499
0.041373
0.041196
0.041061
0.040844
0.040705
0.040521
0.040396
0.040208
0.040069
0.039887
0.039798
0.039550
0.039460
0.039285
0.039125
0.038987
0.038807
0.038669
0.038525
0.038395
0.038234
0.038097
0.037660
0.037501
0.037264
0.037077
0.036867
0.036782
0.036585
0.036374
0.036247
0.036081
0.035919
0.035783
0.035627
0.035515
0.035404
0.035238
0.035113
0.035045
0.034835
0.034688
0.034620
0.034520
0.034404
0.034243
0.034139
0.034029
0.033985
0.033874
0.033806
0.033654
0.033557
0.033487
0.033399
0.033334
0.033266
0.033193
0.033125
0.033011
0.032967
0.032855
0.032788
0.032759
0.032645
0.032601
0.032490
0.032446
0.032531
0.032484
0.032516
0.032523
0.032505
0.032415
0.032397
0.032404
0.032427
0.032360
0.032366
0.032277
0.032259
0.032216
0.032148
0.032155
0.032130
0.032016
0.032023
0.032023
0.031981
0.031913
0.031870
0.031832
0.031851
0.031783
0.031740
0.031698
0.031657
0.031630
0.031588
0.031501
0.031515
0.031447
0.031405
0.031425
0.031384
0.031343
0.031270
0.031229
0.031229
0.031188
0.031148
0.031148
0.031079
0.030779
0.030688
0.030543
0.030474
0.030424
0.030384
0.030305
0.030216
0.030216
0.030126
0.030076
0.029992
0.029942
0.029873
0.029873
0.029784
0.029784
0.029746
0.029696
0.029718
0.029680
0.029680
0.029611
0.029517
0.029483
0.029445
0.029445
0.029445
0.029408
0.029408
0.029408
0.029372
0.029339
0.029389
0.029280
0.029280
0.029236
0.029238
0.029261
0.029261
0.029225
0.029225
0.029225
0.029192
0.029156
0.029356
0.029406
0.029434
0.029484
0.029534
0.029534
0.029587
0.029594
0.029594
0.029609
0.029625
0.029625
0.029675
0.029675
0.029675
0.029655
0.029655
0.029655
0.029705
0.029705
0.029673
0.029673
0.029697
0.029747
0.029747
0.029715
0.029672
0.029672
0.029672
0.029635
0.029603
0.029567
0.029567
0.029617
0.029654
0.029654
0.029586
0.029586
0.029586
0.029586
0.029586
0.029586
0.029562
0.029561
0.029561
0.029561
0.029261
0.029175
0.029075
0.028989
0.028939
0.028939
0.028852
0.028802
0.028777
0.028777
0.028727
0.028660
0.028610
0.028610
0.028610
0.028560
0.028523
0.028560
0.028510
0.028481
0.028481
0.028481
0.028481
0.028431
0.028394
0.028394
0.028356
0.028356
0.028356
0.028327
0.028327
0.028365
0.028380
0.028380
0.028380
0.028343
0.028343
0.028343
0.028340
0.028312
0.028312
0.028312
0.028312
0.028312
0.028275
0.028538
0.028553
0.028653
0.028668
0.028718
0.028718
0.028740
0.028715
0.028715
0.028765
0.028815
0.028815
0.028859
0.028859
0.028861
0.028875
0.028875
0.028875
0.028925
0.028925
0.028897
0.028859
0.028859
0.028909
0.028873
0.028873
0.028873
0.028873
0.028911
0.028911
0.028911
0.028911
0.028876
0.028926
0.028926
0.028889
0.028889
0.028860
0.028860
0.028860
0.028826
0.028826
0.028826
0.028863
0.028863
0.028563
0.028540
0.028440
0.028357
0.028269
0.028269
0.028219
0.028169
0.028169
0.028119
0.028069
0.028069
0.028025
0.028025
0.028025
0.027946
0.027946
0.027946
0.027858
0.027858
0.027827
0.027827
0.027827
0.027777
0.027802
0.027802
0.027840
0.027808
0.027808
0.027779
0.027779
0.027774
0.027774
0.027824
0.027824
0.027824
0.027824
0.027824
0.027797
0.027797
0.027802
0.027802
0.027802
0.027802
0.027802
0.027797
0.027997
0.027991
0.028091
0.028141
0.028191
0.028191
0.028243
0.028293
0.028375
0.028375
0.028425
0.028403
0.028453
0.028447
0.028447
0.028497
0.028497
0.028497
0.028547
0.028547
0.028547
0.028528
0.028533
0.028583
0.028583
0.028583
0.028583
0.028545
0.028578
0.028578
0.028578
0.028561
0.028611
0.028611
0.028611
0.028611
0.028580
0.028580
0.028580
0.028580
0.028580
0.028542
0.028598
0.028598
0.028623
0.028323
0.028273
0.028173
0.028087
0.028005
0.028005
0.027992
0.027942
0.027942
0.027883
0.027795
0.027828
0.027778
0.027813
0.027778
0.027728
0.027728
0.027728
0.027645
0.027673
0.027673
0.027639
0.027675
0.027625
0.027625
0.027658
0.027658
0.027658
0.027658
0.027636
0.027636
0.027593
0.027560
0.027610
0.027653
0.027653
0.027653
0.027651
0.027651
0.027684
0.027684
0.027684
0.027684
0.027684
0.027684
0.027884
0.027901
0.028001
0.028051
0.028101
0.028101
0.028151
0.028201
0.028234
0.028286
0.028336
0.028336
0.028386
0.028386
0.028386
0.028403
0.028403
0.028403
0.028453
0.028479
0.028479
0.028479
0.028479
0.028561
0.028561
0.028561
0.028561
0.028561
0.028557
0.028563
0.028563
0.028563
0.028563
0.028613
0.028613
0.028613
0.028613
0.028646
0.028646
0.028646
0.028646
0.028646
0.028613
0.028613
0.028613
0.028613
0.028313
0.028263
0.028163
0.028113
0.028063
0.028096
0.028046
0.027996
0.027946
0.027956
0.027873
0.027873
0.027823
0.027823
0.027823
0.027773
0.027773
0.027773
0.027723
0.027723
0.027756
0.027756
0.027756
0.027706
0.027673
0.027673
0.027673
0.027673
0.027673
0.027673
0.027673
0.027673
0.027723
0.027752
0.027752
0.027752
0.027778
0.027778
0.027778
0.027778
0.027778
0.027778
0.027778
0.027778
0.027778
0.027978
0.028028
0.028128
0.028178
0.028228
0.028242
0.028292
0.028342
0.028342
0.028392
0.028442
0.028442
0.028492
0.028492
0.028492
0.028542
0.028542
0.028542
0.028592
0.028592
0.028592
0.028592
0.028592
0.028642
0.028642
0.028642
0.028642
0.028642
0.028642
0.028642
0.028642
0.028642
0.028642
0.028692
0.028692
0.028692
0.028692
0.028692
0.028721
0.028721
0.028721
0.028721
0.028721
0.028721
0.028721
0.028421
0.028371
0.028314
0.028264
0.028214
0.028214
0.028164
0.028114
0.028114
0.028021
0.027997
0.027997
0.027947
0.027947
0.027947
0.027897
0.027940
0.027940
0.027890
0.027890
0.027890
0.027890
0.027890
0.027840
0.027840
0.027840
0.027840
0.027840
0.027840
0.027840
0.027840
0.027840
0.027840
0.027890
0.027890
0.027890
0.027890
0.027890
0.027890
0.027890
0.027890
0.027919
0.027919
0.027919
0.027919
0.027919
0.028119
0.028169
0.028269
0.028284
0.028334
0.028334
0.028384
0.028469
0.028519
0.028519
0.028569
0.028569
0.028619
0.028619
0.028619
0.028634
0.028634
0.028634
0.028684
0.028684
0.028684
0.028684
0.028719
0.028769
0.028769
0.028769
0.028769
0.028796
0.028760
0.028760
0.028760
0.028760
0.028810
0.028810
0.028810
0.028810
0.028810
0.028846
0.028846
0.028846
0.028810
0.028810
0.028810
0.028840
0.028840
0.028540
0.028490
0.028390
0.028340
0.028290
0.028290
0.028240
0.028190
0.028190
0.028140
0.028090
0.028090
0.028040
0.028040
0.028040
0.027990
0.027990
0.027990
0.027940
0.027940
0.027940
0.027940
0.027940
0.027890
0.027890
0.027890
0.027890
0.027890
0.027890
0.027890
0.027890
0.027890
0.027890
0.027940
0.027940
0.027967
0.027967
0.027940
0.027940
0.027940
0.027940
0.027940
0.027940
0.027940
0.027940
0.028198
0.028248
0.028348
0.028398
0.028448
0.028448
0.028498
0.028548
0.028548
0.028598
0.028648
0.028648
0.028698
0.028698
0.028698
0.028748
0.028748
0.028748
0.028798
0.028798
0.028798
0.028798
0.028798
0.028848
0.028848
0.028848
0.028848
0.028848
0.028848
0.028848
0.028848
0.028848
0.028848
0.028898
0.028898
0.028898
0.028898
0.028868
0.028868
0.028868
0.028868
0.028868
0.028868
0.028911
0.028911
0.028911
0.028611
0.028561
0.028450
0.028400
0.028350
0.028350
0.028327
0.028277
0.028227
0.028227
0.028177
0.028218
0.028142
0.028142
0.028142
0.028092
0.028092
0.028118
0.028068
0.028027
0.028027
0.028027
0.028027
0.027977
0.027977
0.027977
0.028018
0.028018
0.028018
0.028018
0.028018
0.028018
0.028068
0.028068
0.028068
0.028068
0.028068
0.028027
0.028027
0.028068
0.028068
0.028068
0.028068
0.028068
0.028068
0.028268
0.028318
0.028418
0.028468
0.028518
0.028550
0.028600
0.028650
0.028650
0.028700
0.028750
0.028750
0.028800
0.028800
0.028800
0.028850
0.028850
0.028850
0.028900
0.028900
0.028900
0.028900
0.028900
0.028977
0.028977
0.028977
0.028977
0.028977
0.028977
0.028977
0.028977
0.028977
0.028977
0.029027
0.029027
0.029027
0.029027
0.029027
0.029027
0.029027
0.029027
0.029027
0.029027
0.029027
0.029027
0.029027
0.028727
0.028677
0.028577
0.028559
0.028509
0.028495
0.028445
0.028395
0.028345
0.028345
0.028295
0.028295
0.028245
0.028245
0.028245
0.028195
0.028195
0.028195
0.028145
0.028145
0.028145
0.028145
0.028145
0.028095
0.028095
0.028095
0.028095
0.028095
0.028095
0.028095
0.028095
0.028095
0.028145
0.028145
0.028178
0.028178
0.028178
0.028178
0.028178
0.028178
0.028205
0.028205
0.028205
0.028205
0.028405
0.028455
0.028555
0.028605
0.028655
0.028655
0.028705
0.028755
0.028755
0.028805
0.028855
0.028855
0.028870
0.028870
0.028870
0.028920
0.028988
0.028988
0.029038
0.029038
0.029038
0.029038
0.029038
0.029038
0.029088
0.029053
0.029053
0.029053
0.029053
0.029053
0.029053
0.029088
0.029088
0.029138
0.029138
0.029138
0.029138
0.029138
0.029103
0.029103
0.029136
0.029136
0.029136
0.029136
0.029136
0.029136
0.029171
0.028906
0.028856
0.028784
0.028699
0.028586
0.028586
0.028536
0.028486
0.028436
0.028436
0.028386
0.028386
0.028336
0.028399
0.028399
0.028349
0.028349
0.028349
0.028332
0.028297
0.028297
0.028297
0.028297
0.028247
0.028247
0.028247
0.028282
0.028282
0.028282
0.028282
0.028282
0.028282
0.028332
0.028332
0.028297
0.028297
0.028297
0.028297
0.028297
0.028332
0.028332
0.028332
0.028332
0.028332
0.028532
0.028616
0.028716
0.028766
0.028816
0.028816
0.028866
0.028881
0.028916
0.028966
0.029016
0.029016
0.029066
0.029066
0.029066
0.029116
0.029116
0.029116
0.029166
0.029166
0.029166
0.029194
0.029194
0.029244
0.029244
0.029216
0.029216
0.029216
0.029216
0.029216
0.029216
0.029216
0.029244
0.029294
0.029294
0.029329
0.029329
0.029329
0.029293
0.029293
0.029293
0.029293
0.029293
0.029293
0.029293
0.029293
0.029293
0.028993
0.028943
0.028843
0.028793
0.028743
0.028743
0.028693
0.028643
0.028593
0.028593
0.028543
0.028543
0.028493
0.028493
0.028493
0.028443
0.028443
0.028443
0.028393
0.028393
0.028393
0.028393
0.028393
0.028343
0.028343
0.028343
0.028343
0.028343
0.028343
0.028343
0.028343
0.028343
0.028393
0.028393
0.028393
0.028393
0.028393
0.028421
0.028421
0.028421
0.028421
0.028421
0.028393
0.028393
0.028593
0.028684
0.028784
0.028834
0.028843
0.028871
0.028921
0.028971
0.028971
0.029021
0.029071
0.029071
0.029121
0.029121
0.029156
0.029206
0.029247
0.029247
0.029297
0.029297
0.029256
0.029256
0.029256
0.029306
0.029306
0.029306
0.029306
0.029306
0.029306
0.029306
0.029306
0.029306
0.029347
0.029397
0.029397
0.029397
0.029397
0.029356
0.029356
0.029356
0.029356
0.029356
0.029356
0.029356
0.029356
0.029356
0.029356
0.029097
0.029047
0.028947
0.028897
0.028847
0.028847
0.028756
0.028706
0.028656
0.028656
0.028635
0.028643
0.028593
0.028593
0.028593
0.028514
0.028555
0.028555
0.028505
0.028505
0.028505
0.028505
0.028493
0.028443
0.028443
0.028443
0.028443
0.028443
0.028443
0.028443
0.028443
0.028443
0.028533
0.028533
0.028533
0.028533
0.028533
0.028533
0.028493
0.028493
0.028493
0.028493
0.028493
0.028493
0.028693
0.028743
0.028843
0.028933
0.028983
0.028983
0.029033
0.029083
0.029083
0.029133
0.029183
0.029143
0.029193
0.029193
0.029193
0.029243
0.029243
0.029272
0.029293
0.029333
0.029299
0.029299
0.029299
0.029383
0.029383
0.029383
0.029383
0.029372
0.029372
0.029372
0.029372
0.029372
0.029337
0.029387
0.029387
0.029428
0.029428
0.029428
0.029462
0.029462
0.029462
0.029462
0.029462
0.029422
0.029422
0.029387
0.029087
0.029037
0.028937
0.028887
0.028878
0.028878
0.028828
0.028812
0.028762
0.028762
0.028712
0.028712
0.028628
0.028628
0.028587
0.028567
0.028567
0.028567
0.028517
0.028517
0.028557
0.028557
0.028591
0.028507
0.028507
0.028507
0.028507
0.028507
0.028507
0.028507
0.028507
0.028467
0.028517
0.028517
0.028557
0.028557
0.028557
0.028557
0.028557
0.028557
0.028557
0.028557
0.028557
0.028557
0.028557
0.028757
0.028807
0.028936
0.028986
0.029036
0.029036
0.029086
0.029136
0.029136
0.029186
0.029236
0.029236
0.029286
0.029286
0.029286
0.029336
0.029336
0.029336
0.029386
0.029386
0.029386
0.029386
0.029386
0.029436
0.029436
