2.640046
2.545935
2.472518
2.433932
2.420414
2.418337
2.419229
2.419368
2.418625
2.416930
2.415158
2.415862
2.412511
2.409234
2.409950
2.410914
2.407769
2.397556
2.381352
2.358906
2.331758
2.301548
2.270368
2.238334
2.207793
2.177500
2.180150
2.202152
2.236257
2.273072
2.307704
2.335117
2.357640
2.372074
2.374358
2.366182
2.357245
2.358818
2.362431
2.366764
2.369514
2.369997
2.368069
2.365161
2.361267
2.358486
2.356089
2.354734
2.354178
2.354167
2.353526
2.352421
2.350835
2.348844
2.346556
2.344156
2.341662
2.339056
2.336605
2.334175
2.331667
2.329090
2.326416
2.323913
2.321286
2.318483
2.316268
2.313901
2.311709
2.309908
2.308083
2.306155
2.304461
2.302914
2.300637
2.297386
2.293208
2.289038
2.284824
2.280666
2.276314
2.271797
2.267608
2.263422
2.259421
2.255599
2.251254
2.246782
2.242516
2.237799
2.233386
2.228689
2.223954
2.219406
2.215022
2.210003
2.204913
2.199950
2.194958
2.189783
2.184727
2.179445
2.174012
2.169127
2.163910
2.158504
2.153313
2.147863
2.142701
2.137635
2.132599
2.127527
2.122313
2.117207
2.112292
2.107301
2.102340
2.097450
2.092688
2.087644
2.082771
2.077698
2.072256
2.066348
2.060656
2.055050
2.049266
2.043511
2.038022
2.032221
2.026420
2.020873
2.015154
2.009482
2.004060
1.998899
1.993266
1.987880
1.982638
1.977333
1.971963
1.966623
1.961204
1.955888
1.950845
1.945712
1.940881
1.936109
1.931526
1.927096
1.922926
1.918350
1.913996
1.909508
1.905407
1.901253
1.897191
1.892653
1.887929
1.883023
1.878408
1.873494
1.868764
1.864158
1.859921
1.855879
1.852004
1.848264
1.844495
1.840394
1.836910
1.833398
1.829874
1.826255
1.822654
1.819227
1.815636
1.812085
1.807905
1.803500
1.798619
1.793907
1.789339
1.784720
1.780136
1.775709
1.771109
1.766646
1.762510
1.758900
1.755463
1.752221
1.748742
1.745693
1.742239
1.739256
1.736629
1.733859
1.730526
1.726921
1.723250
1.719434
1.715716
1.711942
1.708108
1.704290
1.700585
1.697000
1.693916
1.690931
1.688442
1.686046
1.683903
1.681887
1.679826
1.677053
1.673734
1.670584
1.667664
1.665732
1.663772
1.662174
1.660486
1.659112
1.657649
1.655641
1.652695
1.649347
1.645723
1.641980
1.638318
1.634777
1.631704
1.628446
1.625315
1.622494
1.619169
1.614882
1.610466
1.605717
1.600760
1.595778
1.590943
1.586064
1.582153
1.579197
1.577148
1.575358
1.573752
1.572167
1.569916
1.566543
1.562794
1.558380
1.553698
1.548803
1.544126
1.539235
1.534515
1.529767
1.525092
1.520349
1.515623
1.510935
1.506143
1.501465
1.496469
1.491798
1.487123
1.482353
1.477596
1.472772
1.468064
1.463541
1.458810
1.454483
1.450316
1.446488
1.442507
1.438904
1.434641
1.430335
1.425659
1.421184
1.416366
1.411806
1.407196
1.402557
1.398678
1.394927
1.391536
1.388106
1.384354
1.380466
1.376150
1.371557
1.367217
1.362755
1.358367
1.354221
1.349900
1.345662
1.341500
1.337626
1.333909
1.330768
1.327875
1.324453
1.320958
1.317228
1.313243
1.308944
1.304725
1.300339
1.296441
1.292221
1.288003
1.284060
1.280240
1.277051
1.273694
1.270431
1.267128
1.263226
1.259473
1.255378
1.251224
1.247055
1.242581
1.238077
1.233839
1.229692
1.225840
1.221795
1.218110
1.214090
1.210792
1.207653
1.205153
1.202686
1.200558
1.197709
1.194391
1.190691
1.186631
1.182736
1.178811
1.174762
1.170799
1.166811
1.163029
1.159302
1.155411
1.151457
1.147398
1.143388
1.139204
1.135145
1.131204
1.127072
1.122813
1.118876
1.114781
1.111022
1.107348
1.103556
1.099514
1.095289
1.091181
1.086809
1.082575
1.078355
1.073980
1.069757
1.065197
1.060874
1.056500
1.052620
1.049196
1.045735
1.042650
1.039971
1.037432
1.034431
1.030980
1.027629
1.023742
1.019860
1.015558
1.011176
1.006709
1.002337
0.997852
0.993371
0.988818
0.984397
0.980067
0.975728
0.971323
0.967220
0.963458
0.959655
0.955598
0.951660
0.947755
0.943976
0.940498
0.936657
0.932975
0.929090
0.925473
0.921557
0.917661
0.913837
0.909843
0.906121
0.902078
0.898451
0.895077
0.891368
0.887876
0.884373
0.880753
0.877287
0.873929
0.870223
0.866782
0.863760
0.860587
0.857747
0.854947
0.851886
0.848813
0.845628
0.842154
0.838988
0.835638
0.832543
0.829347
0.826122
0.823122
0.819778
0.816490
0.813239
0.809786
0.806063
0.802619
0.799124
0.795508
0.792114
0.788497
0.785191
0.782113
0.779040
0.775901
0.772750
0.769488
0.766472
0.763247
0.760195
0.757150
0.754072
0.751110
0.747976
0.744940
0.741679
0.738752
0.735615
0.732455
0.729648
0.726906
0.723479
0.720755
0.717529
0.714140
0.711131
0.708275
0.705069
0.701500
0.698314
0.695470
0.692156
0.688752
0.685476
0.682299
0.679162
0.675903
0.672033
0.668479
0.665601
0.662365
0.658761
0.654830
0.651676
0.648436
0.644669
0.640976
0.637356
0.633469
0.629619
0.625872
0.622728
0.619343
0.616021
0.612473
0.609597
0.606607
0.602994
0.599225
0.595964
0.593334
0.590158
0.586525
0.583117
0.580060
0.577193
0.574245
0.570671
0.567318
0.564247
0.561060
0.557945
0.554844
0.551403
0.548021
0.545127
0.542270
0.539180
0.535931
0.532658
0.529531
0.526658
0.523873
0.520741
0.517407
0.514377
0.511431
0.508644
0.505637
0.502525
0.499447
0.496734
0.493870
0.490870
0.487815
0.484988
0.482080
0.478944
0.476085
0.473118
0.470217
0.467177
0.464391
0.461448
0.458731
0.455808
0.452945
0.450158
0.447400
0.444533
0.441850
0.438865
0.436271
0.433632
0.430927
0.428083
0.425550
0.422721
0.420142
0.417569
0.414936
0.412302
0.409605
0.407114
0.404801
0.402490
0.400128
0.397680
0.395312
0.392908
0.390408
0.388069
0.385555
0.383215
0.380911
0.378531
0.376061
0.373895
0.371666
0.369418
0.367210
0.364996
0.362819
0.360665
0.358566
0.356423
0.354233
0.352188
0.350148
0.348262
0.346095
0.344116
0.342315
0.340248
0.338374
0.336370
0.334610
0.332781
0.330939
0.329115
0.327399
0.325602
0.323892
0.322194
0.320526
0.318718
0.317270
0.315566
0.314005
0.312486
0.310800
0.309436
0.307745
0.306231
0.304863
0.303299
0.301899
0.300524
0.299073
0.297562
0.296252
0.294896
0.293593
0.292220
0.290889
0.289524
0.288246
0.286999
0.285667
0.284504
0.283210
0.282107
0.280755
0.279474
0.278357
0.277198
0.275972
0.274875
0.273805
0.272555
0.271301
0.270114
0.268964
0.267752
0.266519
0.265426
0.264394
0.263187
0.262190
0.261068
0.259949
0.258777
0.257794
0.256802
0.255588
0.254434
0.253463
0.252184
0.251170
0.250109
0.249026
0.248050
0.247026
0.246005
0.244996
0.243940
0.242912
0.242130
0.241061
0.240071
0.239113
0.237990
0.237082
0.236200
0.235271
0.234259
0.233301
0.232374
0.231696
0.230701
0.229889
0.228988
0.228053
0.227240
0.226350
0.225590
0.224577
0.223886
0.222838
0.222116
0.221204
0.220603
0.219775
0.219122
0.218193
0.217417
0.216693
0.215874
0.215072
0.214525
0.213650
0.212810
0.212236
0.211439
0.210931
0.210203
0.209399
0.208789
0.208151
0.207463
0.206914
0.206240
0.205493
0.204884
0.204177
0.203589
0.203059
0.202398
0.201861
0.201302
0.200669
0.200257
0.199698
0.199018
0.198464
0.197939
0.197466
0.196948
0.196453
0.195839
0.195269
0.194900
0.194391
0.193932
0.193471
0.193120
0.192480
0.192174
0.191699
0.191325
0.190801
0.190504
0.190062
0.189678
0.189217
0.188787
0.188333
0.188100
0.187772
0.187432
0.187041
0.186780
0.186383
0.185950
0.185578
0.185316
0.185133
0.184721
0.184362
0.184111
0.183763
0.183532
0.183256
0.182837
0.182533
0.182289
0.182160
0.181870
0.181542
0.181295
0.181083
0.180802
0.180576
0.180194
0.179999
0.179827
0.179570
0.179270
0.179084
0.178848
0.178626
0.178403
0.178316
0.178031
0.177868
0.177613
0.177457
0.177145
0.176985
0.176812
0.176643
0.176373
0.176204
0.176067
0.175938
0.175568
0.175402
0.175224
0.175062
0.174912
0.174582
0.174460
0.174360
0.174138
0.174005
0.173819
0.173571
0.173417
0.173246
0.173102
0.172767
0.172649
0.172629
0.172373
0.172139
0.172113
0.171899
0.171723
0.171594
0.171336
0.171302
0.171175
0.170973
0.170741
0.170631
0.170530
0.170290
0.170073
0.169901
0.169907
0.169620
0.169479
0.169441
0.169263
0.169100
0.168823
0.168759
0.168596
0.168523
0.168408
0.168290
0.168112
0.167921
0.167749
0.167489
0.167415
0.167220
0.167178
0.166972
0.166906
0.166913
0.166603
0.166574
0.166481
0.166127
0.166094
0.166007
0.165770
0.165674
0.165533
0.165353
0.165240
0.165153
0.165006
0.164854
0.164806
0.164537
0.164388
0.164342
0.164222
0.164143
0.164037
0.163907
0.163778
0.163701
0.163627
0.163415
0.163297
0.163233
0.163109
0.162966
0.162977
0.162639
0.162701
0.162595
0.162384
0.162304
0.162225
0.161986
0.161953
0.161842
0.161642
0.161569
0.161554
0.161438
0.161311
0.161220
0.161197
0.160898
0.160814
0.160815
0.160659
0.160499
0.160512
0.160433
0.160282
0.160123
0.160038
0.159993
0.159878
0.159833
0.159689
0.159634
0.159582
0.159509
0.159462
0.159368
0.159289
0.159116
0.159065
0.158972
0.158921
0.158705
0.158607
0.158530
0.158521
0.158395
0.158317
0.158258
0.158196
0.158166
0.158007
0.157962
0.157818
0.157736
0.157668
0.157581
0.157471
0.157412
0.157408
0.157434
0.157295
0.157224
0.157130
0.157081
0.157033
0.156980
0.157024
0.156845
0.156746
0.156600
0.156573
0.156526
0.156461
0.156326
0.156256
0.156205
0.156125
0.156147
0.156096
0.155983
0.155910
0.155910
0.155900
0.155740
0.155601
0.155529
0.155524
0.155501
0.155405
0.155341
0.155289
0.155300
0.155255
0.155183
0.155199
0.155091
0.154962
0.154919
0.154919
0.154805
0.154805
0.154766
0.154652
0.154654
0.154648
0.154603
0.154538
0.154529
0.154465
0.154417
0.154412
0.154345
0.154345
0.154331
0.154204
0.154149
0.154014
0.153908
0.153909
0.153921
0.153818
0.153875
0.153861
0.153813
0.153813
0.153753
0.153633
0.153651
0.153604
0.153479
0.153520
0.153379
0.153379
0.153348
0.153236
0.153259
0.153261
0.153136
0.153157
0.153191
0.153160
0.153104
0.153121
0.153029
0.153011
0.152956
0.152838
0.152838
0.152838
0.152695
0.152719
0.152719
0.152668
0.152652
0.152617
0.152549
0.152552
0.152489
0.152482
0.152460
0.152409
0.152360
0.152360
0.152403
0.152435
0.152371
0.152324
0.152306
0.152257
0.152216
0.152216
0.152183
0.152157
0.152106
0.152129
0.152081
0.152099
0.152099
0.152074
0.151990
0.151976
0.151920
0.151950
0.151901
0.151839
0.151839
0.151839
0.151791
0.151791
0.151821
0.151851
0.151782
0.151697
0.151666
0.151666
0.151657
0.151621
0.151652
0.151645
0.151668
0.151574
0.151587
0.151587
0.151642
0.151625
0.151567
0.151542
0.151506
0.151487
0.151478
0.151459
0.151473
0.151468
0.151433
0.151339
0.151339
0.151313
0.151313
0.151336
0.151384
0.151432
0.151345
0.151301
0.151301
0.151301
0.151315
0.151273
0.151273
0.151225
0.151149
0.151160
0.151203
0.151203
0.151227
0.151227
0.151179
0.151137
0.151113
0.151113
0.151105
0.151105
0.151171
0.151085
0.151069
0.151028
0.151028
0.151071
0.151085
0.151085
0.150997
0.150997
0.150997
0.150957
0.150957
0.150983
0.150983
0.150935
0.150949
0.150949
0.150918
0.150901
0.150901
0.150907
0.150858
0.150901
0.150923
0.150907
0.150864
0.150893
0.150844
0.150826
0.150826
0.150821
0.150785
0.150785
0.150744
0.150787
0.150692
0.150692
0.150692
0.150715
0.150697
0.150652
0.150652
0.150652
0.150647
0.150632
0.150599
0.150623
0.150626
0.150582
0.150582
0.150582
0.150525
0.150525
0.150540
0.150540
0.150540
0.150585
0.150542
0.150542
0.150580
0.150580
0.150596
0.150556
0.150556
0.150556
0.150566
0.150566
0.150566
0.150520
0.150520
0.150473
0.150473
0.150473
0.150473
0.150520
0.150520
0.150480
0.150433
0.150465
0.150465
0.150465
0.150436
0.150436
0.150436
0.150436
0.150504
0.150508
0.150461
0.150461
0.150498
0.150440
0.150440
0.150440
0.150456
0.150509
0.150509
0.150484
0.150484
0.150437
0.150437
0.150437
0.150407
0.150407
0.150450
0.150411
0.150411
0.150411
0.150418
0.150392
0.150392
0.150314
0.150314
0.150302
0.150302
0.150302
0.150302
0.150327
0.150327
0.150327
0.150289
0.150328
0.150304
0.150304
0.150258
0.150258
0.150258
0.150258
0.150282
0.150282
0.150282
0.150301
0.150230
0.150230
0.150230
0.150202
0.150226
0.150226
0.150181
0.150181
0.150136
0.150136
0.150152
0.150152
0.150152
0.150152
0.150152
0.150152
0.150152
0.150171
0.150148
0.150112
0.150085
0.150085
0.150085
0.150040
0.150040
0.150040
0.150022
0.150107
0.150107
0.150107
0.150107
0.150107
0.150144
0.150144
0.150144
0.150144
0.150109
0.150109
0.150123
0.150123
0.150148
0.150122
0.150122
0.150079
0.150079
0.150079
0.150046
0.150046
0.150046
0.150046
0.150046
0.150046
0.150006
0.150006
0.149972
0.149972
0.149972
0.149972
0.149972
0.149990
0.149990
0.149946
0.149993
0.150028
0.149982
0.150025
0.149995
0.149953
0.149953
0.149945
0.149945
0.149945
0.149992
0.149992
0.150013
0.150028
0.150028
0.150028
0.150028
0.150024
0.150024
0.150024
0.150051
0.150051
0.150051
0.150051
0.150051
0.150051
0.150051
0.150115
0.150115
0.150115
0.150089
0.150089
0.150043
0.150082
0.150125
0.150095
0.150095
0.150012
0.150012
0.150012
0.150038
0.150038
0.150038
0.150067
0.150067
0.150067
0.150067
0.150020
0.150020
0.150045
0.150045
0.150045
0.150020
0.150020
0.150067
0.150067
0.150067
0.150049
0.150049
0.150049
0.150049
0.150073
0.149977
0.149977
0.149977
0.149977
0.149977
0.149935
0.149981
0.149981
0.149981
0.149943
0.149943
0.149943
0.149943
0.149986
0.149940
0.149940
0.149940
0.149940
0.149940
0.149940
0.149947
0.149947
0.149947
0.149947
0.149947
0.149947
0.149987
0.149987
0.149941
0.149907
0.149866
0.149866
0.149840
0.149840
0.149916
0.149916
0.149916
0.149916
0.149892
0.149892
0.149935
0.149935
0.149889
0.149889
0.149889
0.149889
0.149889
0.149886
0.149979
0.149979
0.150002
0.150002
0.149914
0.149914
0.149914
0.149957
0.149895
0.149895
0.149943
0.149943
0.149943
0.149926
0.149987
0.149972
0.149972
0.149972
0.149972
0.149972
0.149972
0.149972
0.149972
0.149926
0.149886
0.149886
0.149864
0.149910
0.149952
0.149952
0.149952
0.149952
0.149952
0.149952
0.149952
0.149952
0.149952
0.149906
0.149906
0.149906
0.149906
0.149952
0.149952
0.149913
0.149913
0.149913
0.149870
0.149870
0.149870
0.149870
0.149870
0.149868
0.149831
0.149796
0.149796
0.149799
0.149799
0.149799
0.149799
0.149768
0.149768
0.149729
0.149729
0.149729
0.149729
0.149729
0.149683
0.149683
0.149723
0.149769
0.149769
0.149769
0.149769
0.149769
0.149769
0.149812
0.149812
0.149812
0.149774
0.149774
0.149728
0.149728
0.149728
0.149774
0.149774
0.149774
0.149774
0.149774
0.149739
0.149739
0.149739
0.149739
0.149739
0.149721
0.149649
0.149615
0.149594
0.149640
0.149640
0.149640
0.149640
0.149593
0.149593
0.149593
0.149593
0.149640
0.149640
0.149669
0.149638
0.149638
0.149638
0.149684
0.149684
0.149647
0.149647
0.149647
0.149632
0.149632
0.149599
0.149599
0.149643
0.149643
0.149597
0.149597
0.149597
0.149643
0.149643
0.149643
0.149643
0.149643
0.149607
0.149607
0.149607
0.149607
0.149627
0.149627
0.149581
0.149581
0.149581
0.149627
0.149627
0.149599
0.149599
0.149599
0.149599
0.149599
0.149599
0.149534
0.149499
0.149499
0.149453
0.149453
0.149434
0.149479
0.149499
0.149499
0.149541
0.149541
0.149541
0.149524
0.149524
0.149524
0.149524
0.149524
0.149479
0.149479
0.149479
0.149491
0.149535
0.149535
0.149535
0.149535
0.149535
0.149535
0.149504
0.149548
0.149548
0.149548
0.149548
0.149503
0.149503
0.149548
0.149548
0.149548
0.149548
0.149548
0.149548
0.149517
0.149517
0.149517
0.149565
0.149565
0.149536
0.149490
0.149521
0.149521
0.149521
0.149521
0.149474
0.149474
0.149492
0.149492
0.149492
0.149492
0.149492
0.149492
0.149458
0.149458
0.149428
0.149428
0.149428
0.149428
0.149428
0.149428
0.149428
0.149414
0.149414
0.149414
0.149414
0.149414
0.149414
0.149414
0.149414
0.149428
0.149414
0.149459
0.149430
0.149430
0.149430
0.149388
0.149388
0.149361
0.149361
0.149361
0.149361
0.149361
0.149361
0.149383
0.149383
0.149383
0.149383
0.149383
0.149383
0.149383
0.149366
0.149366
0.149411
0.149411
0.149411
0.149381
0.149381
0.149381
0.149398
0.149398
0.149399
0.149399
0.149399
0.149374
0.149374
0.149374
0.149374
0.149339
0.149339
0.149339
0.149339
0.149339
0.149339
0.149339
0.149339
0.149339
0.149339
0.149339
0.149339
0.149339
0.149339
0.149339
0.149339
0.149339
0.149339
0.149339
0.149315
0.149315
0.149314
0.149314
0.149314
0.149314
0.149314
0.149346
0.149324
0.149324
0.149324
0.149324
0.149236
0.149261
0.149261
0.149261
0.149261
0.149261
0.149261
0.149309
0.149326
0.149279
0.149279
0.149279
0.149279
0.149279
0.149279
0.149279
0.149257
0.149277
0.149277
0.149324
0.149295
0.149273
0.149295
0.149248
0.149213
0.149213
0.149213
0.149213
0.149213
0.149213
0.149213
0.149190
0.149172
0.149172
0.149172
0.149158
0.149158
0.149181
0.149225
0.149225
0.149225
0.149225
0.149265
0.149198
0.149198
0.149198
0.149166
0.149128
0.149128
0.149128
0.149128
0.149128
0.149128
0.149128
0.149128
0.149172
0.149172
0.149172
0.149172
0.149172
0.149172
0.149172
0.149172
0.149172
0.149172
0.149172
0.149172
0.149172
0.149172
0.149172
0.149172
0.149172
0.149172
0.149172
0.149172
0.149172
0.149191
0.149191
0.149176
0.149162
0.149126
0.149126
0.149126
0.149090
0.149090
0.149090
0.149090
0.149090
0.149090
0.149090
0.149090
0.149090
0.149090
0.149063
0.149063
0.149019
0.149019
0.149019
0.149019
0.149019
0.149019
0.149019
0.149019
0.149019
0.149019
0.149019
0.149067
0.149067
0.149067
0.149067
0.149067
0.149067
0.149019
0.148972
0.148972
0.148972
0.148972
0.148972
0.148993
0.148993
0.149041
0.149041
0.149041
0.149041
0.149041
0.149041
0.149041
0.149041
0.149041
0.149041
0.149041
0.149041
0.149041
0.149041
0.148999
0.149044
0.149029
0.149029
0.149029
0.148995
0.148961
0.148961
0.148961
0.148961
0.148961
0.148961
0.148961
0.148961
0.148961
0.148939
0.148939
0.148939
0.148952
0.148997
0.148989
0.148989
0.148989
0.148989
0.148989
0.148989
0.148989
0.148976
0.148976
0.148976
0.148943
0.148902
0.148902
0.148902
0.148902
0.148902
0.148902
0.148902
0.148902
0.148902
0.148902
0.148902
0.148902
0.148902
0.148902
0.148902
0.148902
0.148902
0.148902
0.148902
0.148878
0.148899
0.148867
0.148813
0.148813
0.148813
0.148813
0.148794
0.148794
0.148773
0.148773
0.148773
0.148773
0.148794
0.148772
0.148772
0.148772
0.148769
0.148769
0.148769
0.148769
0.148738
0.148759
0.148759
0.148738
0.148738
0.148708
0.148708
0.148708
0.148708
0.148668
0.148668
0.148668
0.148668
0.148668
0.148668
0.148668
0.148668
0.148668
0.148668
0.148668
0.148668
0.148668
0.148668
0.148668
0.148668
0.148668
0.148668
0.148640
0.148640
0.148600
0.148600
0.148600
0.148600
0.148600
0.148600
0.148600
0.148600
0.148600
0.148600
0.148600
0.148600
0.148600
0.148645
0.148611
0.148659
0.148659
0.148659
0.148659
0.148659
0.148621
0.148594
0.148594
0.148567
0.148522
0.148522
0.148522
0.148567
0.148615
0.148615
0.148615
0.148615
0.148615
0.148615
0.148615
0.148615
0.148615
0.148615
0.148577
0.148577
0.148564
0.148564
0.148564
0.148540
0.148540
0.148512
0.148512
0.148498
0.148510
0.148510
0.148510
0.148498
0.148498
0.148498
0.148498
0.148498
0.148498
0.148461
0.148461
0.148461
0.148461
0.148461
0.148461
0.148461
0.148461
0.148461
0.148461
0.148439
0.148403
0.148403
0.148403
0.148403
0.148403
0.148403
0.148373
0.148335
0.148335
0.148335
0.148335
0.148335
0.148335
0.148335
0.148335
0.148335
0.148335
0.148335
0.148335
0.148335
0.148335
0.148335
0.148335
0.148316
0.148316
0.148281
0.148281
0.148281
0.148281
0.148281
0.148281
0.148281
0.148289
0.148289
0.148289
0.148289
0.148289
0.148289
0.148289
0.148289
0.148289
0.148269
0.148289
0.148255
0.148255
0.148255
0.148255
0.148255
0.148255
0.148237
0.148222
0.148201
0.148201
0.148164
0.148164
0.148136
0.148136
0.148156
0.148156
0.148156
0.148156
0.148156
0.148123
0.148102
0.148102
0.148102
0.148079
0.148079
0.148079
0.148079
0.148079
0.148079
0.148079
0.148079
0.148079
0.148079
0.148079
0.148079
0.148079
0.148088
0.148088
0.148088
0.148056
0.148056
0.148056
0.148102
0.148081
0.148069
0.148069
0.148069
0.148081
0.148102
0.148102
0.148101
0.148147
0.148147
0.148147
0.148147
0.148148
0.148136
0.148136
0.148136
0.148136
0.148106
0.148106
0.148071
0.148116
0.148086
0.148086
0.148086
0.148086
0.148077
0.148077
0.148077
0.148032
0.148032
0.148032
0.148032
0.148032
0.148077
0.148077
0.148077
0.148077
0.148077
0.148126
0.148126
0.148098
0.148098
0.148098
0.148098
0.148049
0.148049
0.148049
0.148049
0.148049
0.148049
0.148049
0.148049
0.148049
0.148098
0.148084
0.148099
0.148099
0.148099
0.148099
0.148099
0.148099
0.148051
0.148051
0.148048
0.148048
0.148022
0.148022
0.148022
0.148071
0.148071
0.148071
0.148071
0.148038
0.148038
0.148038
0.148038
0.148038
0.148038
0.148007
0.148007
0.148007
0.148007
0.148007
0.148007
0.148007
0.148007
0.148007
0.148007
0.147959
0.147959
0.148007
0.148007
0.148007
0.148007
0.147984
0.147984
0.147984
0.147984
0.147967
0.147967
0.147919
0.147919
0.147919
0.147919
0.147919
0.147919
0.147919
0.147919
0.147919
0.147919
0.147921
0.147921
0.147921
0.147921
0.147921
0.147921
0.147921
0.147921
0.147921
0.147921
0.147921
0.147921
0.147921
0.147921
0.147921
0.147921
0.147921
0.147872
0.147861
0.147861
0.147861
0.147861
0.147861
0.147852
0.147852
0.147852
0.147852
0.147852
0.147852
0.147872
0.147872
0.147861
0.147831
0.147831
0.147831
0.147812
0.147812
0.147857
0.147857
0.147857
0.147857
0.147857
0.147857
0.147857
0.147857
0.147857
0.147857
0.147857
0.147857
0.147857
0.147857
0.147857
0.147857
0.147857
0.147844
0.147844
0.147844
0.147844
0.147829
0.147829
0.147829
0.147829
0.147837
0.147837
0.147837
0.147837
0.147837
0.147837
0.147837
0.147837
0.147837
0.147837
0.147882
0.147882
0.147882
0.147882
0.147882
0.147837
0.147811
0.147811
0.147811
0.147811
0.147811
0.147811
0.147811
0.147857
0.147857
0.147857
0.147857
0.147857
0.147857
0.147857
0.147857
0.147811
0.147811
0.147811
0.147811
0.147811
0.147857
0.147857
0.147846
0.147846
0.147846
0.147857
0.147830
0.147830
0.147822
0.147822
0.147822
0.147811
0.147811
0.147811
0.147811
0.147800
0.147800
0.147800
0.147800
0.147800
0.147800
0.147800
0.147800
0.147800
0.147821
0.147821
0.147800
0.147800
0.147800
0.147800
0.147800
0.147800
0.147800
0.147800
0.147800
0.147800
0.147821
0.147821
0.147821
0.147821
0.147821
0.147821
0.147821
0.147821
0.147821
0.147821
0.147800
0.147800
0.147800
0.147843
0.147832
0.147799
0.147799
0.147809
0.147858
0.147858
0.147858
0.147858
0.147858
0.147848
0.147799
0.147799
0.147846
0.147860
0.147860
0.147860
0.147860
0.147860
0.147860
0.147909
0.147909
0.147909
0.147909
0.147909
0.147909
0.147909
0.147909
0.147909
0.147860
0.147860
0.147905
0.147905
0.147909
0.147909
0.147909
0.147909
0.147899
0.147899
0.147899
0.147899
0.147899
0.147899
0.147944
0.147944
0.147944
0.147944
0.147911
0.147911
0.147911
0.147911
0.147866
0.147866
0.147866
0.147860
0.147860
0.147905
0.147905
0.147905
0.147886
0.147886
0.147886
0.147886
0.147886
0.147905
0.147905
0.147905
0.147905
0.147905
0.147905
0.147905
0.147886
0.147886
0.147886
0.147886
0.147886
0.147886
0.147886
0.147886
0.147905
0.147905
0.147905
0.147905
0.147905
0.147886
0.147886
0.147886
0.147886
0.147886
0.147886
0.147886
0.147886
0.147877
0.147877
0.147877
0.147877
0.147877
0.147904
0.147904
0.147904
0.147904
0.147904
0.147904
0.147890
0.147890
0.147890
0.147890
0.147890
0.147890
0.147890
0.147890
0.147890
0.147890
0.147890
0.147890
0.147890
0.147890
0.147890
0.147890
0.147890
0.147890
0.147890
0.147890
0.147890
0.147890
0.147890
0.147890
