1.476916
1.300022
1.131883
1.011200
0.942048
0.912142
0.903681
0.904282
0.904717
0.903894
0.902329
0.900733
0.899811
0.899328
0.899561
0.899493
0.899011
0.898452
0.897643
0.896832
0.895958
0.894846
0.893984
0.893044
0.892064
0.891018
0.890023
0.888602
0.887528
0.886557
0.885384
0.884384
0.883383
0.882419
0.881362
0.880270
0.879108
0.877991
0.876973
0.875788
0.874761
0.873609
0.872551
0.871559
0.870900
0.869889
0.868847
0.867700
0.866465
0.865023
0.863729
0.862412
0.861329
0.860041
0.858758
0.857539
0.856235
0.854932
0.853576
0.852362
0.851041
0.849645
0.848569
0.847207
0.846247
0.845111
0.843974
0.842499
0.841203
0.839825
0.838278
0.837013
0.835636
0.834158
0.832885
0.831391
0.830133
0.828802
0.827513
0.826034
0.824655
0.823145
0.821879
0.820138
0.818555
0.817052
0.815730
0.814268
0.812870
0.811296
0.809955
0.808660
0.807124
0.805633
0.804169
0.802638
0.801211
0.799526
0.798115
0.796834
0.795486
0.794140
0.792648
0.791268
0.789921
0.788344
0.786505
0.784867
0.783084
0.781660
0.780097
0.778553
0.777010
0.775495
0.773921
0.772621
0.771296
0.769915
0.768492
0.767181
0.765984
0.764537
0.763309
0.761967
0.760447
0.758952
0.757658
0.756287
0.755013
0.753423
0.752069
0.750752
0.748910
0.747205
0.745407
0.743584
0.741735
0.739906
0.738331
0.736568
0.734668
0.733075
0.731210
0.729424
0.727770
0.726210
0.724419
0.722609
0.720869
0.719034
0.717288
0.715658
0.713915
0.712271
0.710621
0.708882
0.707159
0.705355
0.703506
0.701811
0.699854
0.698283
0.696504
0.694847
0.693147
0.691666
0.690092
0.688361
0.686778
0.685140
0.683712
0.681971
0.680551
0.678899
0.677241
0.675536
0.673860
0.672107
0.670198
0.668292
0.666518
0.664479
0.662561
0.660833
0.658909
0.657462
0.655875
0.654296
0.652665
0.651397
0.649605
0.648006
0.646335
0.644770
0.642792
0.641241
0.639410
0.637709
0.635925
0.634198
0.632455
0.630789
0.629041
0.627106
0.625364
0.623517
0.621610
0.619783
0.617973
0.616072
0.614139
0.612305
0.610326
0.608365
0.606605
0.604587
0.602477
0.600423
0.598190
0.596116
0.594092
0.591888
0.589667
0.587571
0.585290
0.583147
0.581017
0.578788
0.576570
0.574231
0.571975
0.569745
0.567404
0.565171
0.562835
0.560513
0.558132
0.555655
0.553632
0.551441
0.549099
0.546750
0.544457
0.541956
0.539505
0.537010
0.534601
0.532439
0.529914
0.527474
0.525174
0.522809
0.520196
0.517974
0.515659
0.513139
0.510743
0.508290
0.505908
0.503530
0.501172
0.498675
0.496311
0.493993
0.491625
0.489393
0.486989
0.484540
0.482191
0.479764
0.477510
0.475236
0.472973
0.470648
0.468622
0.466228
0.464031
0.461637
0.459461
0.457158
0.454862
0.452491
0.450391
0.448136
0.446081
0.443746
0.441523
0.439345
0.437311
0.435407
0.433158
0.431087
0.429043
0.426732
0.424602
0.422425
0.420367
0.418275
0.416129
0.414037
0.411846
0.409836
0.407908
0.405909
0.404172
0.402310
0.400376
0.398283
0.396306
0.394219
0.392290
0.390151
0.388233
0.386335
0.384435
0.382562
0.380671
0.378762
0.376824
0.375056
0.373154
0.371569
0.370003
0.368334
0.366601
0.364909
0.363291
0.361693
0.359958
0.358393
0.356731
0.354981
0.353394
0.351844
0.350300
0.348677
0.347045
0.345444
0.344027
0.342486
0.340870
0.339468
0.338121
0.336767
0.335334
0.333908
0.332463
0.331048
0.329595
0.328191
0.327040
0.325685
0.324329
0.323012
0.321775
0.320471
0.319207
0.317856
0.316551
0.315399
0.314124
0.312897
0.311475
0.310381
0.309130
0.308019
0.306807
0.305469
0.304342
0.303096
0.301797
0.300701
0.299560
0.298295
0.297134
0.296010
0.295063
0.293877
0.292687
0.291635
0.290389
0.289330
0.288150
0.287075
0.285893
0.284818
0.283853
0.282712
0.281566
0.280356
0.279386
0.278087
0.277122
0.276059
0.275016
0.273974
0.272984
0.271917
0.270826
0.269909
0.268908
0.267946
0.267022
0.265886
0.265001
0.264206
0.263280
0.262516
0.261527
0.260706
0.259795
0.258830
0.258018
0.257015
0.256244
0.255313
0.254492
0.253648
0.252771
0.251888
0.251038
0.250247
0.249439
0.248514
0.247772
0.246984
0.246238
0.245468
0.244872
0.244043
0.243342
0.242596
0.241920
0.241201
0.240394
0.239632
0.238815
0.238256
0.237671
0.236962
0.236282
0.235656
0.235030
0.234269
0.233673
0.233059
0.232354
0.231699
0.230971
0.230267
0.229549
0.228977
0.228403
0.227622
0.226991
0.226473
0.225908
0.225230
0.224658
0.224078
0.223560
0.222991
0.222447
0.221768
0.221151
0.220516
0.220038
0.219235
0.218783
0.218073
0.217431
0.216957
0.216484
0.215989
0.215425
0.214783
0.214176
0.213682
0.213079
0.212589
0.211933
0.211314
0.210774
0.210124
0.209503
0.208837
0.208320
0.207675
0.207108
0.206535
0.205977
0.205415
0.204823
0.204230
0.203713
0.202951
0.202435
0.201791
0.201294
0.200407
0.199975
0.199175
0.198682
0.198000
0.197429
0.196750
0.196149
0.195567
0.194912
0.194353
0.193929
0.193266
0.192655
0.192007
0.191385
0.190619
0.189942
0.189394
0.188720
0.188090
0.187378
0.186691
0.186196
0.185513
0.184826
0.184177
0.183583
0.182875
0.182184
0.181629
0.180974
0.180158
0.179496
0.178822
0.178129
0.177492
0.176874
0.176385
0.175706
0.175021
0.174406
0.173926
0.173364
0.172810
0.172179
0.171600
0.170938
0.170577
0.170125
0.169611
0.168970
0.168459
0.167920
0.167474
0.167009
0.166359
0.165785
0.165342
0.164907
0.164377
0.163923
0.163413
0.162902
0.162393
0.161986
0.161544
0.161014
0.160598
0.160140
0.159659
0.159300
0.158811
0.158430
0.158033
0.157615
0.157152
0.156839
0.156428
0.156084
0.155654
0.155344
0.155034
0.154545
0.154322
0.154111
0.153758
0.153414
0.153178
0.152886
0.152472
0.152073
0.151877
0.151434
0.151220
0.151002
0.150603
0.150249
0.149937
0.149713
0.149428
0.149095
0.148820
0.148537
0.148295
0.148111
0.147847
0.147540
0.147252
0.147102
0.146833
0.146599
0.146327
0.146019
0.145769
0.145521
0.145405
0.145334
0.145079
0.144943
0.144661
0.144560
0.144276
0.144037
0.143772
0.143711
0.143503
0.143299
0.143097
0.142881
0.142752
0.142539
0.142382
0.142215
0.142027
0.141857
0.141676
0.141575
0.141419
0.141246
0.141132
0.141001
0.140798
0.140680
0.140555
0.140425
0.140361
0.140114
0.139992
0.139821
0.139700
0.139532
0.139418
0.139301
0.139176
0.139015
0.138851
0.138679
0.138507
0.138441
0.138365
0.138193
0.138062
0.137946
0.137889
0.137760
0.137737
0.137626
0.137523
0.137366
0.137276
0.137151
0.137043
0.136924
0.136897
0.136792
0.136716
0.136565
0.136516
0.136379
0.136213
0.136058
0.136005
0.135962
0.135940
0.135804
0.135674
0.135529
0.135448
0.135370
0.135187
0.135142
0.135119
0.135043
0.134941
0.134882
0.134639
0.134596
0.134557
0.134464
0.134349
0.134313
0.134251
0.134162
0.134152
0.133967
0.133963
0.133923
0.133779
0.133618
0.133523
0.133481
0.133372
0.133342
0.133343
0.133137
0.133087
0.133164
0.133030
0.132954
0.132889
0.132827
0.132742
0.132670
0.132556
0.132487
0.132397
0.132408
0.132365
0.132276
0.132163
0.132192
0.132054
0.132019
0.131962
0.131813
0.131799
0.131761
0.131712
0.131561
0.131512
0.131470
0.131426
0.131346
0.131306
0.131179
0.131138
0.131161
0.130958
0.130869
0.130864
0.130773
0.130655
0.130666
0.130529
0.130411
0.130404
0.130401
0.130281
0.130196
0.130157
0.130202
0.130113
0.130040
0.129969
0.129891
0.129891
0.129807
0.129775
0.129713
0.129692
0.129585
0.129585
0.129555
0.129466
0.129466
0.129419
0.129322
0.129331
0.129202
0.129174
0.129097
0.129115
0.129027
0.128981
0.128977
0.128941
0.128866
0.128826
0.128826
0.128752
0.128708
0.128704
0.128639
0.128639
0.128590
0.128495
0.128418
0.128449
0.128378
0.128378
0.128344
0.128271
0.128221
0.128113
0.128015
0.128017
0.127995
0.128007
0.128000
0.127960
0.127963
0.127849
0.127816
0.127786
0.127664
0.127664
0.127607
0.127573
0.127527
0.127477
0.127504
0.127470
0.127470
0.127401
0.127377
0.127377
0.127379
0.127296
0.127220
0.127161
0.127189
0.127111
0.127111
0.126986
0.126936
0.126897
0.126897
0.126907
0.126842
0.126754
0.126718
0.126746
0.126679
0.126632
0.126583
0.126583
0.126519
0.126551
0.126533
0.126488
0.126451
0.126423
0.126344
0.126344
0.126283
0.126286
0.126245
0.126236
0.126145
0.126150
0.126123
0.126123
0.126062
0.126062
0.126095
0.126080
0.126018
0.125949
0.125923
0.125854
0.125832
0.125676
0.125676
0.125676
0.125626
0.125549
0.125553
0.125553
0.125553
0.125532
0.125498
0.125412
0.125400
0.125377
0.125274
0.125216
0.125182
0.125182
0.125162
0.125144
0.125061
0.125061
0.124993
0.124993
0.124957
0.124953
0.124935
0.124906
0.124925
0.124925
0.124787
0.124733
0.124733
0.124688
0.124688
0.124640
0.124640
0.124640
0.124619
0.124664
0.124619
0.124551
0.124551
0.124570
0.124555
0.124505
0.124505
0.124454
0.124454
0.124424
0.124386
0.124386
0.124341
0.124298
0.124298
0.124298
0.124278
0.124260
0.124260
0.124142
0.124098
0.124086
0.124045
0.124047
0.123980
0.123951
0.123912
0.123910
0.123910
0.123951
0.123896
0.123896
0.123889
0.123872
0.123804
0.123806
0.123766
0.123766
0.123766
0.123729
0.123729
0.123690
0.123675
0.123631
0.123631
0.123631
0.123626
0.123626
0.123580
0.123580
0.123515
0.123538
0.123538
0.123538
0.123417
0.123379
0.123379
0.123373
0.123415
0.123426
0.123460
0.123460
0.123394
0.123394
0.123394
0.123390
0.123347
0.123295
0.123267
0.123264
0.123264
0.123237
0.123237
0.123262
0.123259
0.123259
0.123249
0.123211
0.123211
0.123211
0.123168
0.123142
0.123142
0.123141
0.123094
0.123094
0.123094
0.123119
0.123119
0.123119
0.123119
0.123120
0.123058
0.123050
0.123014
0.122964
0.122921
0.122971
0.122971
0.122971
0.122937
0.122957
0.122957
0.122957
0.122882
0.122882
0.122882
0.122882
0.122850
0.122850
0.122845
0.122845
0.122845
0.122805
0.122805
0.122805
0.122832
0.122803
0.122739
0.122733
0.122733
0.122733
0.122733
0.122733
0.122711
0.122761
0.122726
0.122724
0.122724
0.122724
0.122724
0.122752
0.122712
0.122768
0.122768
0.122710
0.122668
0.122668
0.122668
0.122668
0.122678
0.122678
0.122678
0.122678
0.122679
0.122679
0.122647
0.122647
0.122659
0.122688
0.122688
0.122688
0.122690
0.122690
0.122690
0.122704
0.122663
0.122629
0.122598
0.122598
0.122602
0.122602
0.122623
0.122623
0.122623
0.122623
0.122623
0.122623
0.122628
0.122644
0.122644
0.122616
0.122646
0.122646
0.122646
0.122646
0.122620
0.122578
0.122533
0.122533
0.122533
0.122533
0.122533
0.122602
0.122588
0.122588
0.122609
0.122609
0.122559
0.122521
0.122541
0.122550
0.122550
0.122550
0.122550
0.122550
0.122550
0.122571
0.122581
0.122581
0.122581
0.122581
0.122581
0.122580
0.122580
0.122580
0.122593
0.122593
0.122593
0.122593
0.122578
0.122578
0.122610
0.122623
0.122623
0.122623
0.122647
0.122694
0.122694
0.122694
0.122707
0.122707
0.122707
0.122732
0.122712
0.122691
0.122674
0.122638
0.122638
0.122663
0.122663
0.122624
0.122624
0.122640
0.122640
0.122666
0.122742
0.122701
0.122701
0.122701
0.122718
0.122718
0.122746
0.122710
0.122710
0.122710
0.122670
0.122689
0.122717
0.122717
0.122717
0.122717
0.122717
0.122759
0.122759
0.122789
0.122792
0.122834
0.122798
0.122798
0.122819
0.122779
0.122809
0.122809
0.122771
0.122771
0.122795
0.122795
0.122755
0.122787
0.122826
0.122826
0.122864
0.122886
0.122851
0.122851
0.122811
0.122810
0.122810
0.122833
0.122833
0.122833
0.122833
0.122833
0.122833
0.122890
0.122930
0.122930
0.122930
0.122930
0.122930
0.122896
0.122864
0.122897
0.122897
0.122897
0.122897
0.122897
0.122897
0.122910
0.122836
0.122836
0.122870
0.122870
0.122870
0.122948
0.122975
0.122925
0.122891
0.122891
0.122856
0.122892
0.122892
0.122919
0.122919
0.122919
0.122969
0.122969
0.122969
0.122969
0.122969
0.123001
0.123001
0.122951
0.122951
0.122951
0.122918
0.122918
0.122968
0.122997
0.122997
0.123034
0.122994
0.122994
0.122994
0.122994
0.122994
0.122963
0.122993
0.122958
0.122966
0.122928
0.122928
0.122966
0.122932
0.122932
0.122932
0.122963
0.122963
0.122963
0.122963
0.122933
0.122933
0.122933
0.122933
0.122933
0.122972
0.123004
0.123004
0.123004
0.123004
0.123004
0.123004
0.122975
0.122936
0.122904
0.122867
0.122832
0.122864
0.122894
0.122894
0.122904
0.122904
0.122877
0.122877
0.122877
0.122877
0.122877
0.122877
0.122910
0.122913
0.122913
0.122913
0.122916
0.122916
0.122878
0.122878
0.122795
0.122765
0.122765
0.122807
0.122859
0.122869
0.122869
0.122834
0.122834
0.122821
0.122782
0.122812
0.122812
0.122728
0.122703
0.122703
0.122703
0.122703
0.122673
0.122759
0.122759
0.122759
0.122735
0.122735
0.122735
0.122703
0.122649
0.122649
0.122649
0.122649
0.122627
0.122627
0.122627
0.122676
0.122647
0.122612
0.122658
0.122673
0.122640
0.122640
0.122590
0.122635
0.122619
0.122619
0.122598
0.122598
0.122598
0.122598
0.122648
0.122617
0.122617
0.122567
0.122567
0.122567
0.122485
0.122485
0.122485
0.122515
0.122497
0.122466
0.122504
0.122504
0.122554
0.122554
0.122520
0.122502
0.122502
0.122422
0.122392
0.122392
0.122392
0.122392
0.122376
0.122419
0.122419
0.122419
0.122382
0.122403
0.122403
0.122388
0.122338
0.122338
0.122338
0.122345
0.122345
0.122317
0.122302
0.122234
0.122234
0.122264
0.122264
0.122264
0.122264
0.122223
0.122223
0.122188
0.122188
0.122188
0.122188
0.122159
0.122147
0.122120
0.122120
0.122120
0.122120
0.122150
0.122139
0.122139
0.122139
0.122113
0.122066
0.122066
0.122066
0.122056
0.122056
0.122026
0.122001
0.122004
0.122004
0.121995
0.121995
0.122025
0.122025
0.121989
0.121965
0.121962
0.121955
0.121955
0.121926
0.121926
0.121892
0.121869
0.121833
0.121833
0.121833
0.121833
0.121833
0.121863
0.121863
0.121836
0.121836
0.121836
0.121836
0.121836
0.121836
0.121832
0.121811
0.121811
0.121781
0.121781
0.121781
0.121779
0.121809
0.121809
0.121789
0.121789
0.121789
0.121788
0.121788
0.121788
0.121788
0.121769
0.121769
0.121770
0.121740
0.121740
0.121740
0.121740
0.121751
0.121753
0.121718
0.121684
0.121684
0.121684
0.121684
0.121671
0.121671
0.121671
0.121671
0.121671
0.121671
0.121675
0.121659
0.121659
0.121659
0.121659
0.121659
0.121665
0.121665
0.121650
0.121650
0.121650
0.121618
0.121625
0.121625
0.121625
0.121612
0.121612
0.121612
0.121620
0.121620
0.121620
0.121620
0.121575
0.121981
0.124102
0.128876
0.135814
0.144486
0.154007
0.163708
0.173417
0.182890
0.192116
0.201175
0.210257
0.219501
0.229022
0.238728
0.248418
0.257575
0.265596
0.272002
0.276524
0.279148
0.280320
0.280366
0.279812
0.279050
0.278455
0.278140
0.278160
0.278404
0.278724
0.278930
0.278917
0.278706
0.278358
0.277834
0.277311
0.276789
0.276437
0.276265
0.276217
0.276233
0.276376
0.276486
0.276537
0.276546
0.276530
0.276451
0.276372
0.276295
0.276279
0.276166
0.275171
0.272602
0.268109
0.261858
0.254511
0.246700
0.239050
0.231977
0.225598
0.219908
0.214802
0.210177
0.206247
0.203022
0.200841
0.199725
0.199494
0.199966
0.200812
0.202098
0.203237
0.203866
0.203830
0.203650
0.203047
0.201487
0.199470
0.197553
0.195899
0.194913
0.194734
0.195422
0.196630
0.198175
0.199525
0.200548
0.201179
0.201431
0.201452
0.201370
0.201212
0.201191
0.201121
0.201145
0.201319
0.201454
0.201467
0.201458
0.201424
0.201335
0.201187
0.200981
0.200818
0.200662
0.200479
0.200282
0.200093
0.199945
0.199809
0.199627
0.199352
0.199171
0.198924
0.198823
0.198593
0.198400
0.198219
0.198014
0.197858
0.197651
0.197472
0.197204
0.196999
0.196843
0.196638
0.196505
0.196295
0.196090
0.195864
0.195659
0.195546
0.195349
0.195068
0.194913
0.194683
0.194545
0.194340
0.194064
0.193909
0.193666
0.193483
0.193296
0.193126
0.192977
0.192772
0.192578
0.192373
0.192126
0.191970
0.191765
0.191544
0.191375
0.191190
0.191042
0.190837
0.190607
0.190395
0.190190
0.190022
0.189791
0.189672
0.189435
0.189237
0.188939
0.188757
0.188609
0.188404
0.188167
0.188018
0.187813
0.187608
0.187484
0.187280
0.187089
0.186891
0.186654
0.186467
0.186182
0.186059
0.185854
0.185649
0.185500
0.185230
0.185108
0.184874
0.184734
0.184579
0.184381
0.184225
0.183991
0.183793
0.183497
0.183282
0.183133
0.182928
0.182723
0.182527
0.182322
0.182167
0.181969
0.181810
0.181668
0.181633
0.181566
0.181587
0.181650
0.181672
0.181645
0.181666
0.181567
0.181448
0.181327
0.181162
0.181006
0.180762
0.180531
0.180375
0.180195
0.180086
0.180003
0.179978
0.179985
0.179941
0.179930
0.179915
0.179892
0.179861
0.179759
0.179653
0.179506
0.179300
0.179032
0.178875
0.178608
0.178420
0.178272
0.178134
0.178063
0.178020
0.177973
0.177914
0.177939
0.177894
0.177827
0.177728
0.177591
0.177445
0.177205
0.176953
0.176711
0.176534
0.176417
0.176211
0.176075
0.175954
0.175805
0.175737
0.175671
0.175569
0.175516
0.175394
0.175281
0.175158
0.175024
0.174818
0.174612
0.174454
0.174188
0.173960
0.173802
0.173645
0.173492
0.173347
0.173072
0.172938
0.172793
0.172576
0.172430
0.172281
0.172130
0.172058
0.171986
0.171907
0.171800
0.171618
0.171448
0.171255
0.171097
0.170878
0.170682
0.170439
0.170324
0.170118
0.169960
0.169767
0.169598
0.169347
0.169142
0.168936
0.168778
0.168559
0.168390
0.168207
0.168001
0.167843
0.167637
0.167469
0.167270
0.167112
0.166906
0.166748
0.166527
0.166348
0.166118
0.165960
0.165754
0.165596
0.165383
0.165191
0.164949
0.164791
0.164630
0.164473
0.164261
0.164081
0.163862
0.163705
0.163499
0.163336
0.163130
0.162882
0.162711
0.162493
0.162335
0.162171
0.161994
0.161788
0.161618
0.161412
0.161161
0.160953
0.160777
0.160571
0.160413
0.160195
0.160082
0.159859
0.159701
0.159495
0.159338
0.159119
0.158962
0.158740
0.158583
0.158376
0.158255
0.158051
0.157866
0.157709
0.157502
0.157345
0.157139
0.156984
0.156753
0.156567
0.156361
0.156203
0.156049
0.155879
0.155673
0.155504
0.155298
0.155140
0.154940
0.154702
0.154496
0.154339
0.154121
0.154018
0.153803
0.153677
0.153423
0.153266
0.153048
0.152899
0.152654
0.152544
0.152338
0.152181
0.152033
0.151810
0.151652
0.151446
0.151289
0.151094
0.150984
0.150762
0.150605
0.150399
0.150205
0.150011
0.149851
0.149645
0.149488
0.149307
0.149211
0.149004
0.148858
0.148618
0.148423
0.148280
0.148049
0.147843
0.147745
0.147539
0.147409
0.147203
0.146999
0.146853
0.146647
0.146469
0.146312
0.146154
0.146000
0.145794
0.145644
0.145486
0.145280
0.145128
0.144911
0.144773
0.144567
0.144458
0.144251
0.144101
0.143870
0.143557
0.143206
0.142905
0.142611
0.142370
0.142069
0.141623
0.141078
0.140462
0.139857
0.139237
0.138642
0.138001
0.137507
0.136907
0.136390
0.135751
0.135124
0.134547
0.133992
0.133391
0.132868
0.132229
0.131666
0.131053
0.130501
0.129923
0.129386
0.128820
0.128257
0.127688
0.127147
0.126534
0.125961
0.125371
0.124757
0.124269
0.123756
0.123132
0.122591
0.122038
0.121509
0.120938
0.120436
0.119880
0.119284
0.118826
0.118213
0.117620
0.117166
0.116606
0.116066
0.115512
0.114942
0.114429
0.113891
0.113358
0.112765
0.112367
0.111812
0.111320
0.110771
0.110264
0.109739
0.109223
0.108750
0.108266
0.107744
0.107310
0.106805
0.106374
0.105944
0.105467
0.104992
0.104582
0.104108
0.103689
0.103283
0.102846
0.102418
0.102065
0.101632
0.101216
0.100802
0.100389
0.100071
0.099728
0.099305
0.098898
0.098522
0.098113
0.097804
0.097449
0.097080
0.096748
0.096398
0.096126
0.095677
0.095378
0.094917
0.094715
0.094373
0.094047
0.093691
0.093482
0.093124
0.092823
0.092561
0.092292
0.091925
0.091641
0.091324
0.091044
0.090775
0.090448
0.090173
0.089929
0.089542
0.089233
0.088988
0.088712
0.088415
0.088168
0.087794
0.087421
0.087174
0.086811
0.086652
0.086321
0.086009
0.085678
0.085537
0.085383
0.085236
0.085151
0.084974
0.084882
0.084725
0.084656
0.084525
0.084453
0.084292
0.084122
0.083957
0.083782
0.083568
0.083381
0.083230
0.083034
0.082893
0.082623
0.082410
0.082143
0.081896
0.081573
0.081352
0.080893
0.080632
0.080261
0.079969
0.079629
0.079261
0.078940
0.078610
0.078421
0.078146
0.077800
0.077415
0.077187
0.076832
0.076478
0.076206
0.075803
0.075453
0.075122
0.074813
0.074406
0.074023
0.073758
0.073429
0.073126
0.072761
0.072441
0.072072
0.071673
0.071284
0.071013
0.070633
0.070206
0.069766
0.069374
0.068991
0.068535
0.068178
0.067933
0.067608
0.067144
0.066826
0.066376
0.066042
0.065568
0.065188
0.064711
0.064338
0.063943
0.063535
0.063157
0.062715
0.062323
0.061862
0.061565
0.061164
0.060756
0.060337
0.059919
0.059500
0.059066
0.058720
0.058315
0.057911
0.057495
0.057092
0.056737
0.056300
0.055905
0.055516
0.055122
0.054818
0.054540
0.054218
0.053903
0.053548
0.053076
0.052690
0.052349
0.051996
0.051585
0.051188
0.050801
0.050379
0.050026
0.049731
0.049415
0.049066
0.048712
0.048349
0.048033
0.047717
0.047537
0.047337
0.047016
0.046708
0.046374
0.046173
0.045849
0.045566
0.045293
0.044965
0.044702
0.044430
0.044196
0.043942
0.043660
0.043416
0.043132
0.042908
0.042688
0.042511
0.042268
0.042127
0.042018
0.041797
0.041688
0.041439
0.041228
0.041104
0.040857
0.040637
0.040493
0.040354
0.040143
0.039913
0.039775
0.039564
0.039425
0.039305
0.039127
0.038968
0.038868
0.038660
0.038537
0.038435
0.038406
0.038266
0.038150
0.038010
0.037829
0.037647
0.037528
0.037433
0.037256
0.037177
0.037070
0.036927
0.036792
0.036710
0.036618
0.036520
0.036381
0.036272
0.036198
0.036023
0.035953
0.035921
0.035958
0.035828
0.035757
0.035625
0.035460
0.035424
0.035354
0.035259
0.035164
0.035094
0.034988
0.034827
0.034767
0.034662
0.034592
0.034479
0.034457
0.034362
0.034280
0.034212
0.034224
0.034157
0.034018
0.033985
0.033890
0.033820
0.033799
0.033734
0.033564
0.033493
0.033423
0.033400
0.033361
0.033274
0.033218
0.033185
0.033094
0.033104
0.033071
0.033085
0.033015
0.032900
0.032830
0.032809
0.032716
0.032680
0.032665
0.032595
0.032573
0.032459
0.032394
0.032393
0.032323
0.032283
0.032238
0.032238
0.032146
0.032088
0.032095
0.032029
0.031969
0.031974
0.031945
0.031854
0.031801
0.031772
0.031663
0.031548
0.031525
0.031493
0.031472
0.031463
0.031480
0.031445
0.031370
0.031384
0.031249
0.031249
0.031211
0.031149
0.031112
0.031034
0.030996
0.030996
0.030959
0.030945
0.030933
0.030830
0.030798
0.030741
0.030714
0.030645
0.030589
0.030575
0.030569
0.030533
0.030553
0.030532
0.030524
0.030483
0.030417
0.030419
0.030384
0.030285
0.030251
0.030264
0.030165
0.030185
0.030202
0.030168
0.030100
0.030067
0.030059
0.029977
0.029958
0.029928
0.029928
0.029887
0.029887
0.029774
0.029774
0.029746
0.029751
0.029749
0.029768
0.029743
0.029743
0.029719
0.029765
0.029683
0.029637
0.029629
0.029611
0.029544
0.029593
0.029593
0.029574
0.029468
0.029468
0.029453
0.029490
0.029487
0.029510
0.029463
0.029463
0.029437
0.029380
0.029397
0.029423
0.029377
0.029327
0.029325
0.029325
0.029381
0.029381
0.029385
0.029385
0.029361
0.029344
0.029370
0.029340
0.029340
0.029323
0.029335
0.029288
0.029328
0.029324
0.029389
0.029390
0.029350
0.029368
0.029349
0.029372
0.029392
0.029395
0.029395
0.029401
0.029429
0.029382
0.029406
0.029406
0.029395
0.029429
0.029458
0.029503
0.029503
0.029440
0.029468
0.029468
0.029451
0.029481
0.029566
0.029566
0.029596
0.029580
0.029610
0.029564
0.029564
0.029564
0.029631
0.029666
0.029635
0.029687
0.029733
0.029717
0.029684
0.029718
0.029783
0.029783
0.029781
0.029817
0.029787
0.029842
0.029812
0.029812
0.029816
0.029816
0.029769
0.029785
0.029856
0.029886
0.029886
0.029980
0.029980
0.029950
0.029984
0.029944
0.029944
0.029944
0.029944
0.029937
0.029968
0.030032
0.030002
0.030040
0.030040
0.030040
0.030119
0.030071
0.030107
0.030127
0.030138
0.030123
0.030151
0.030107
0.030107
0.030182
0.030221
0.030188
0.030113
0.030200
0.030173
0.030135
0.030161
0.030201
0.030187
0.030214
0.030228
0.030181
0.030221
0.030287
0.030364
0.030364
0.030364
0.030378
0.030378
0.030295
0.030295
0.030216
0.030281
0.030303
0.030278
0.030278
0.030257
0.030337
0.030337
0.030382
0.030382
0.030396
0.030393
0.030393
0.030354
0.030377
0.030377
0.030262
0.030304
0.030304
0.030304
0.030383
0.030335
0.030377
0.030399
0.030355
0.030378
0.030403
0.030364
0.030406
0.030385
0.030397
0.030397
0.030349
0.030336
0.030417
0.030417
0.030420
0.030420
0.030420
0.030420
0.030462
0.030462
0.030418
0.030418
0.030331
0.030331
0.030361
0.030466
0.030466
0.030448
0.030448
0.030448
0.030448
0.030465
0.030465
0.030465
0.030451
0.030404
0.030404
0.030428
0.030471
0.030510
0.030433
0.030408
0.030408
0.030408
0.030408
0.030451
0.030437
0.030437
0.030398
0.030422
0.030422
0.030398
0.030485
0.030463
0.030463
0.030463
0.030463
0.030463
0.030463
0.030494
0.030471
0.030471
0.030457
0.030457
0.030457
0.030457
0.030490
0.030481
0.030459
0.030459
0.030459
0.030459
0.030450
0.030494
0.030494
0.030519
0.030459
0.030459
0.030451
0.030451
0.030451
0.030578
0.030531
0.030531
0.030504
0.030504
0.030561
0.030518
0.030562
0.030588
0.030501
0.030476
0.030476
0.030476
0.030476
0.030560
0.030560
0.030555
0.030597
0.030579
0.030579
0.030579
0.030537
0.030604
0.030565
0.030565
0.030501
0.030501
0.030501
0.030538
0.030580
0.030625
0.030625
0.030609
0.030609
0.030608
0.030623
0.030607
0.030568
0.030614
0.030598
0.030598
0.030552
0.030633
0.030633
0.030633
0.030678
0.030664
0.030666
0.030666
0.030701
0.030701
0.030620
0.030647
0.030682
0.030724
0.030740
0.030779
0.030779
0.030779
0.030784
0.030771
0.030817
0.030817
0.030836
0.030836
0.030804
0.030804
0.030792
0.030746
0.030746
0.030830
0.030855
0.030882
0.030882
0.030871
0.030871
0.030880
0.030880
0.030926
0.030887
0.030887
0.030878
0.030888
0.030888
0.030927
0.030880
0.030898
0.030944
0.030947
0.030993
0.030993
0.030993
0.030993
0.030936
0.030964
0.030910
0.030956
0.030956
0.031026
0.031058
0.031058
0.031004
0.031023
0.031069
0.031084
0.031084
0.031130
0.031060
0.031055
0.031055
0.031071
0.031071
0.031160
0.031114
0.031114
0.031173
0.031173
0.031173
0.031173
0.031219
0.031237
0.031165
0.031119
0.031147
0.031147
0.031186
0.031302
0.031300
0.031300
0.031300
0.031320
0.031339
0.031339
0.031339
0.031308
0.031269
0.031290
0.031311
0.031311
0.031357
0.031352
0.031405
0.031405
0.031405
0.031405
0.031405
0.031428
0.031430
0.031400
0.031360
0.031382
0.031406
0.031452
0.031455
0.031494
0.031525
0.031525
0.031569
0.031569
0.031573
0.031573
0.031573
0.031591
0.031580
0.031580
0.031544
0.031544
0.031546
0.031612
0.031642
0.031642
0.031649
0.031672
0.031672
0.031700
0.031700
0.031670
0.031638
0.031638
0.031638
0.031667
0.031686
0.031725
0.031764
0.031833
0.031833
0.031863
0.031863
0.031863
0.031834
0.031804
0.031764
0.031795
0.031795
0.031806
0.031763
0.031850
0.031905
0.031905
0.031937
0.031948
0.031948
0.031948
0.031948
0.031937
0.031900
0.031945
0.031991
0.031991
0.031991
0.032016
0.032060
0.032060
0.032060
0.032093
0.032093
0.032108
0.032108
0.032042
0.032042
0.032070
0.032070
0.032120
0.032120
0.032146
0.032135
0.032155
0.032171
0.032171
0.032171
0.032136
0.032214
0.032201
0.032201
0.032159
0.032204
0.032204
0.032222
0.032249
0.032280
0.032247
0.032283
0.032302
0.032302
0.032302
0.032302
0.032272
0.032292
0.032292
0.032280
0.032280
0.032280
0.032348
0.032396
0.032396
0.032396
0.032396
0.032365
0.032387
0.032387
0.032387
0.032356
0.032356
0.032356
0.032379
0.032348
0.032418
0.032377
0.032377
0.032400
0.032400
0.032441
0.032490
0.032461
0.032461
0.032454
0.032499
0.032459
0.032459
0.032459
0.032461
0.032443
0.032443
0.032443
0.032484
0.032484
0.032484
0.032482
0.032482
0.032482
0.032482
0.032482
0.032511
0.032511
0.032512
0.032533
0.032533
0.032533
0.032533
0.032533
0.032507
0.032534
0.032494
0.032494
0.032494
0.032494
0.032494
0.032469
0.032498
0.032498
0.032498
0.032498
0.032498
0.032474
0.032474
0.032503
0.032532
0.032532
0.032521
0.032499
0.032499
0.032520
0.032520
0.032522
0.032522
0.032500
0.032500
0.032500
0.032500
0.032528
0.032490
0.032469
0.032500
0.032500
0.032460
0.032460
0.032460
0.032441
0.032441
0.032441
0.032441
0.032465
0.032465
0.032446
0.032446
0.032446
0.032446
0.032468
0.032468
0.032450
0.032450
0.032447
0.032447
0.032447
0.032447
0.032447
0.032430
0.032430
0.032430
0.032394
0.032394
0.032394
0.032378
0.032412
0.032412
0.032412
0.032412
0.032398
0.032363
0.032363
0.032363
0.032363
0.032363
0.032350
0.032372
0.032338
0.032368
0.032404
0.032404
0.032392
0.032392
0.032436
0.032436
0.032403
0.032403
0.032392
0.032392
0.032392
0.032392
0.032392
0.032359
0.032349
0.032349
0.032349
0.032349
0.032349
0.032316
0.032308
0.032345
0.032345
0.032345
0.032298
0.032320
0.032282
0.032243
0.032243
0.032243
0.032243
0.032199
0.032206
0.032206
0.032206
0.032206
0.032206
0.032202
0.032171
0.032171
0.032171
0.032171
0.032127
0.032124
0.032126
0.032126
0.032126
0.032126
0.032126
0.032168
0.032139
0.032139
0.032139
0.032095
0.032148
0.032147
0.032119
0.032119
0.032090
0.032090
0.032090
0.032091
0.032063
0.032063
0.032063
0.032092
0.032092
0.032094
0.032068
0.032068
0.032068
0.032068
0.032071
0.032071
0.032045
0.032045
0.032045
0.032045
0.032050
0.032050
0.032025
0.032069
0.032069
0.032069
0.032075
0.032075
0.032051
0.032051
0.032149
0.032387
0.032886
0.033642
0.034566
0.035594
0.036598
0.037606
0.038598
0.039477
0.040252
0.040863
0.041240
0.041297
0.041311
0.041081
0.040783
0.040299
0.039609
0.038938
0.038320
0.037649
0.037049
0.036515
0.036068
0.035719
0.035467
0.035285
0.035176
0.035150
0.035150
0.035208
0.035309
0.035357
0.035552
0.035621
0.035778
0.035866
0.036039
0.036133
0.036181
0.036209
0.036193
0.036111
0.035989
0.036012
0.035908
0.035750
0.035713
0.035560
0.035394
0.035234
0.035122
0.035033
0.035019
0.034890
0.034917
0.034883
0.034832
0.034728
0.034684
0.034684
0.034706
0.034719
0.034719
0.034740
0.034759
0.034726
0.034726
0.034726
0.034748
0.034722
0.034641
0.034598
0.034560
0.034508
0.034477
0.034408
0.034408
0.034384
0.034408
0.034389
0.034352
0.034326
0.034264
0.034225
0.034199
0.034159
0.034153
0.034153
0.034153
0.034179
0.034149
0.034149
0.034175
0.034134
0.034162
0.034134
0.034095
0.034058
0.033903
0.033901
0.033929
0.033929
0.033929
0.033901
0.033901
0.033861
0.033888
0.033889
0.033881
0.033844
0.033802
0.033749
0.033752
0.033730
0.033660
0.033618
0.033592
0.033592
0.033592
0.033623
0.033651
0.033626
0.033626
0.033626
0.033623
0.033581
0.033588
0.033545
0.033545
0.033472
0.033447
0.033424
0.033424
0.033432
0.033465
0.033493
0.033471
0.033471
0.033471
0.033400
0.033400
0.033333
0.033248
0.033248
0.033248
0.033248
0.033248
0.033248
0.033228
0.033228
0.033275
0.033305
0.033270
0.033252
0.033252
0.033259
0.033235
0.033226
0.033226
0.033209
0.033245
0.033245
0.033236
0.033236
0.033236
0.033194
0.033194
0.033224
0.033158
0.033118
0.033155
0.033108
0.033108
0.033108
0.033139
0.033139
0.033139
0.033126
0.033113
0.033094
0.033094
0.033116
0.033116
0.033184
0.033173
0.033173
0.033173
0.033143
0.033143
0.033143
0.033133
0.033111
0.033111
0.033142
0.033142
0.033112
0.033065
0.032950
0.032950
0.033015
0.033046
0.033046
0.033018
0.033012
0.033012
0.033012
0.033012
0.033012
0.033012
0.032980
0.032980
0.033012
0.033012
0.032979
0.032979
0.032952
0.032949
0.032949
0.032949
0.032977
0.032977
0.032971
0.032945
0.032945
0.032945
0.032945
0.032945
0.032934
0.032909
0.032942
0.032942
0.032985
0.032985
0.032985
0.032961
0.032961
0.032964
0.032964
0.032894
0.032894
0.032842
0.032820
0.032820
0.032824
0.032824
0.032856
0.032856
0.032834
0.032814
0.032768
0.032775
0.032775
0.032808
0.032787
0.032787
0.032787
0.032787
0.032795
0.032795
0.032775
0.032775
0.032739
0.032763
0.032763
0.032797
0.032757
0.032751
0.032751
0.032751
0.032705
0.032705
0.032687
0.032700
0.032700
0.032734
0.032734
0.032734
0.032734
0.032681
0.032681
0.032695
0.032695
0.032695
0.032695
0.032679
0.032714
0.032714
0.032714
0.032667
0.032683
0.032668
0.032668
0.032588
0.032588
0.032556
0.032517
0.032503
0.032537
0.032555
0.032590
0.032590
0.032590
0.032578
0.032578
0.032543
0.032543
0.032543
0.032543
0.032531
0.032551
0.032509
0.032509
0.032509
0.032509
0.032464
0.032464
0.032434
0.032433
0.032388
0.032390
0.032403
0.032403
0.032403
0.032403
0.032403
0.032369
0.032361
0.032320
0.032320
0.032320
0.032320
0.032314
0.032314
0.032338
0.032338
0.032304
0.032304
0.032335
0.032335
0.032287
0.032287
0.032287
0.032287
0.032216
0.032216
0.032216
0.032216
0.032216
0.032268
0.032266
0.032266
0.032232
0.032232
0.032232
0.032232
0.032231
0.032231
0.032193
0.032193
0.032193
0.032160
0.032160
0.032160
0.032160
0.032111
0.032111
0.032078
0.032108
0.032090
0.032090
0.032090
0.032054
0.032054
0.032057
0.032057
0.032024
0.032024
0.032024
0.032024
0.032029
0.032029
0.031996
0.031996
0.031996
0.031996
0.031967
0.031967
0.031967
0.031967
0.031935
0.031942
0.031942
0.031942
0.031974
0.031948
0.031916
0.031925
0.031925
0.031891
0.031930
0.031930
0.031930
0.031940
0.031909
0.031909
0.031909
0.031909
0.031881
0.031849
0.031849
