3.215976
3.126451
3.054614
3.014298
2.997501
2.992410
2.991539
2.991717
2.991739
2.991415
2.990837
2.990281
2.992506
2.994088
2.992245
2.989867
2.984388
2.978534
2.973301
2.969613
2.966086
2.964256
2.961851
2.960514
2.959203
2.956347
2.954477
2.951375
2.947991
2.945605
2.941944
2.939165
2.935707
2.932844
2.928781
2.925991
2.922158
2.919335
2.915509
2.911583
2.908760
2.904937
2.901916
2.898203
2.895159
2.891121
2.888218
2.884238
2.881108
2.877269
2.873970
2.869828
2.866486
2.862559
2.859173
2.855408
2.852585
2.848532
2.845569
2.841638
2.838545
2.834825
2.831897
2.828139
2.824964
2.820924
2.817811
2.813697
2.810468
2.806287
2.803255
2.798987
2.795657
2.791439
2.788417
2.784016
2.780963
2.776798
2.773285
2.769519
2.766205
2.762870
2.758869
2.755656
2.751514
2.748246
2.744714
2.741078
2.737106
2.734075
2.730284
2.726887
2.722866
2.720118
2.716102
2.712898
2.708989
2.706098
2.703494
2.700445
2.698525
2.695628
2.693040
2.690975
2.688153
2.685095
2.683146
2.679988
2.676498
2.673161
2.670028
2.666226
2.662324
2.658430
2.654421
2.650323
2.647119
2.643001
2.639059
2.635045
2.632106
2.628442
2.625961
2.622510
2.620076
2.616942
2.614493
2.611417
2.609664
2.606837
2.604740
2.601931
2.599770
2.597519
2.594531
2.592489
2.590125
2.587642
2.585507
2.582348
2.579814
2.577494
2.574998
2.572531
2.570129
2.567858
2.565400
2.563028
2.560640
2.558313
2.556013
2.553618
2.551603
2.550128
2.547929
2.545615
2.543669
2.542199
2.539905
2.537944
2.535863
2.534680
2.532210
2.529827
2.527858
2.525153
2.523250
2.520435
2.518935
2.517682
2.515771
2.514800
2.513143
2.512661
2.511055
2.510406
2.508682
2.508044
2.507130
2.505229
2.504204
2.503035
2.500739
2.499353
2.497916
2.496461
2.494053
2.492448
2.490774
2.489104
2.486572
2.484945
2.483407
2.481936
2.480288
2.478844
2.477366
2.474991
2.473459
2.472060
2.470348
2.469027
2.467531
2.466140
2.464709
2.463355
2.462001
2.460540
2.459025
2.457539
2.455729
2.454310
2.453494
2.451789
2.450413
2.448599
2.446898
2.445075
2.444240
2.442555
2.440805
2.439158
2.437401
2.436621
2.434763
2.433069
2.432206
2.430257
2.428613
2.426599
2.425622
2.423828
2.421796
2.420934
2.419044
2.418164
2.416621
2.414976
2.414182
2.412634
2.410971
2.410081
2.408543
2.406909
2.406010
2.404243
2.402201
2.401055
2.399100
2.397128
2.395755
2.393664
2.392323
2.390054
2.387864
2.386594
2.384283
2.383055
2.380775
2.379410
2.377172
2.375858
2.373532
2.371304
2.370014
2.367853
2.366593
2.364323
2.363020
2.360837
2.359478
2.357240
2.355852
2.354402
2.352128
2.350551
2.348296
2.346750
2.344370
2.342785
2.340429
2.338864
2.337332
2.334976
2.333285
2.330781
2.329482
2.327667
2.325083
2.323431
2.321697
2.319044
2.317207
2.315575
2.313089
2.311530
2.309885
2.308317
2.305973
2.304732
2.303670
2.302315
2.300398
2.299132
2.298101
2.296117
2.294842
2.293685
2.291656
2.290198
2.288858
2.286526
2.285260
2.283869
2.282349
2.280061
2.278724
2.277334
2.275042
2.273725
2.272356
2.271038
2.269031
2.267797
2.266758
2.265729
2.263740
2.262687
2.261676
2.260741
2.258775
2.257858
2.256941
2.256119
2.254047
2.253113
2.252184
2.251204
2.250303
2.248415
2.247463
2.246352
2.245533
2.243773
2.242830
2.241825
2.240899
2.240046
2.238349
2.237390
2.236525
2.235664
2.234869
2.233861
2.232160
2.231338
2.230611
2.229909
2.229121
2.228169
2.226337
2.225575
2.224762
2.223955
2.223193
2.222510
2.220777
2.219949
2.219093
2.218369
2.217593
2.216792
2.215108
2.214457
2.213683
2.212971
2.212192
2.211439
2.210631
2.209839
2.208164
2.207432
2.206749
2.205995
2.205340
2.204600
2.203743
2.203084
2.201568
2.200877
2.200202
2.199584
2.198776
2.198201
2.197518
2.196869
2.195417
2.194592
2.194037
2.193378
2.192741
2.192168
2.191827
2.191293
2.190620
2.190051
2.188667
2.188070
2.187474
2.186753
2.186221
2.185617
2.185093
2.184590
2.184053
2.183572
2.183086
2.181636
2.181095
2.180656
2.180211
2.179637
2.179191
2.178648
2.178025
2.177755
2.177161
2.176651
2.176323
2.174873
2.174393
2.174019
2.173620
2.173103
2.173014
2.172571
2.172180
2.171792
2.171323
2.170837
2.170339
2.170009
2.169567
2.169150
2.167826
2.167429
2.167162
2.166718
2.166330
2.165891
2.165504
2.165184
2.164814
2.164385
2.163981
2.163642
2.163297
2.162968
2.162536
2.162175
2.161692
2.160455
2.160045
2.159667
2.159319
2.158975
2.158681
2.158239
2.158071
2.157792
2.157282
2.157035
2.156771
2.156584
2.156315
2.155841
2.155561
2.155075
2.154855
2.154327
2.154018
2.153828
2.152550
2.152095
2.151873
2.151453
2.150973
2.150570
2.150294
2.149893
2.149531
2.149279
2.148825
2.148468
2.148140
2.147717
2.147396
2.147075
2.146671
2.146247
2.145927
2.145609
2.145297
2.144905
2.144503
2.144137
2.143850
2.143388
2.142142
2.141681
2.141452
2.141052
2.140590
2.140395
2.140108
2.139673
2.139155
2.138897
2.138366
2.138110
2.137422
2.137193
2.136728
2.136174
2.135786
2.135415
2.134982
2.134496
2.134138
2.133764
2.133307
2.132849
2.132381
2.131940
2.131485
2.131271
2.130732
2.130257
2.129872
2.129446
2.129077
2.128654
2.128295
2.127927
2.126603
2.126258
2.125938
2.125610
2.125097
2.124659
2.124368
2.124004
2.123585
2.123341
2.123006
2.122690
2.122337
2.122022
2.121678
2.121279
2.120930
2.120611
2.120204
2.119858
2.119596
2.119238
2.118766
2.118442
2.118133
2.117823
2.117465
2.117148
2.116841
2.116573
2.116267
2.115930
2.115626
2.115360
2.114889
2.114666
2.114351
2.114122
2.113805
2.113592
2.113313
2.112951
2.112746
2.112466
2.112228
2.111991
2.111777
2.111493
2.111284
2.110999
2.110814
2.110632
2.110366
2.110083
2.108981
2.108648
2.108501
2.108291
2.107970
2.107802
2.107571
2.107231
2.107077
2.106814
2.106534
2.106349
2.106133
2.105809
2.105617
2.105410
2.105369
2.105158
2.104928
2.104593
2.104384
2.104195
2.104060
2.103899
2.103710
2.103550
2.103583
2.103416
2.103134
2.102903
2.102741
2.102502
2.102438
2.102203
2.102015
2.101880
2.101676
2.101446
2.101305
2.101171
2.101016
2.100787
2.100628
2.100549
2.100440
2.100212
2.100058
2.099924
2.099767
2.099611
2.099399
2.099322
2.099209
2.099197
2.098985
2.098878
2.098771
2.098642
2.098582
2.098454
2.098299
2.098207
2.098015
2.097968
2.097729
2.097586
2.097443
2.097349
2.097239
2.097023
2.096909
2.096849
2.096744
2.096568
2.096522
2.096416
2.096302
2.096290
2.096137
2.096011
2.095964
2.095910
2.095756
2.095686
2.095622
2.095474
2.095247
2.095153
2.095134
2.095041
2.094922
2.094811
2.094763
2.094638
2.094494
2.094438
2.094343
2.093392
2.093286
2.093282
2.093180
2.093108
2.093016
2.092954
2.092861
2.092805
2.092639
2.092636
2.092436
2.092436
2.092369
2.092271
2.092173
2.092169
2.092068
2.091953
2.091846
2.091801
2.091802
2.091656
2.091634
2.091534
2.091437
2.091438
2.091344
2.091223
2.091107
2.091061
2.091026
2.090982
2.090834
2.090713
2.090668
2.090619
2.090570
2.090377
2.090377
2.090305
2.090263
2.090215
2.090165
2.090071
2.090071
2.090022
2.089910
2.089811
2.089813
2.089770
2.089671
2.089620
2.089575
2.089512
2.089413
2.089413
2.089319
2.089270
2.089228
2.089182
2.089139
2.089067
2.089018
2.088923
2.088887
2.088888
2.088791
2.088746
2.088746
2.088624
2.088580
2.088420
2.088372
2.088323
2.088323
2.088278
2.088187
2.088189
2.088146
2.088075
2.087979
2.087881
2.087939
2.087890
2.087889
2.087746
2.087746
2.087706
2.087717
2.087697
2.087553
2.087554
2.087458
2.087408
2.087419
2.087276
2.087276
2.087226
2.087189
2.087189
2.087110
2.087088
2.087088
2.087088
2.087042
2.086992
2.086898
2.086912
2.086926
2.086829
2.086779
2.086780
2.086780
2.086735
2.086704
2.086682
2.086632
2.086598
2.086496
2.086449
2.086404
2.086421
2.086421
2.086421
2.086376
2.086392
2.086397
2.086252
2.086271
2.086226
2.086226
2.086226
2.086207
2.086175
2.086131
2.086035
2.086056
2.086006
2.086056
2.086056
2.085961
2.085980
2.085980
2.085980
2.085958
2.085815
2.085815
2.085816
2.085836
2.085836
2.085786
2.085671
2.085695
2.085645
2.085620
2.085620
2.085528
2.085526
2.085526
2.085578
2.085578
2.085476
2.085434
2.085434
2.085434
2.085389
2.085389
2.085413
2.085229
2.085227
2.085253
2.085252
2.085252
2.085252
2.085177
2.085087
2.085066
2.085017
2.084921
2.084921
2.084976
2.084886
2.084836
2.084836
2.084836
2.084836
2.084836
2.084863
2.084774
2.084721
2.084681
2.084711
2.084667
2.084717
2.084745
2.084657
2.084657
2.084657
2.084607
2.084607
2.084557
2.084586
2.084582
2.084582
2.084582
2.084543
2.084494
2.084424
2.084424
2.084405
2.084323
2.084323
2.084323
2.084323
2.084323
2.084407
2.084407
2.084270
2.084268
2.084268
2.084268
2.084268
2.084218
2.084218
2.084169
2.084119
2.084085
2.084085
2.084165
2.084215
2.084165
2.084117
2.084117
2.084074
2.084073
2.084040
2.084040
2.084041
2.084075
2.083990
2.083990
2.083990
2.084040
2.083991
2.083960
2.083997
2.083947
2.083898
2.083864
2.083845
2.083845
2.083879
2.083879
2.083879
2.083849
2.083799
2.083801
2.083768
2.083768
2.083768
2.083765
2.083765
2.083765
2.083670
2.083641
2.083640
2.083648
2.083685
2.083682
2.083682
2.083708
2.083709
2.083659
2.083659
2.083629
2.083599
2.083549
2.083548
2.083548
2.083548
2.083548
2.083548
2.083548
2.083520
2.083520
2.083521
2.083471
2.083443
2.083443
2.083443
2.083365
2.083365
2.083365
2.083406
2.083406
2.083406
2.083406
2.083406
2.083330
2.083280
2.083201
2.083201
2.083242
2.083242
2.083242
2.083243
2.083217
2.083217
2.083189
2.083155
2.083105
2.083105
2.083105
2.083081
2.083057
2.083057
2.083057
2.083057
2.083057
2.083057
2.083034
2.082984
2.082984
2.082942
2.082942
2.082942
2.082942
2.082942
2.082920
2.082920
2.082920
2.082920
2.082846
2.082846
2.082846
2.082825
2.082825
2.082826
2.082826
2.082826
2.082826
2.082773
2.082773
2.082753
2.082703
2.082703
2.082703
2.082703
2.082703
2.082703
2.082701
2.082681
2.082681
2.082658
2.082658
2.082658
2.082707
2.082707
2.082615
2.082597
2.082597
2.082547
2.082547
2.082547
2.082547
2.082547
2.082530
2.082530
2.082530
2.082580
2.082580
2.082580
2.082530
2.082530
2.082515
2.082515
2.082515
2.082493
2.082493
2.082493
2.082493
2.082436
2.082436
2.082434
2.082434
2.082434
2.082433
2.082383
2.082383
2.082370
2.082370
2.082371
2.082371
2.082371
2.082371
2.082371
2.082360
2.082360
2.082360
2.082301
2.082301
2.082301
2.082279
2.082228
2.082219
2.082219
2.082198
2.082198
2.082199
2.082199
2.082152
2.082144
2.082194
2.082194
2.082195
2.082152
2.082152
2.082152
2.082101
2.082045
2.082045
2.082045
2.082045
2.082045
2.082095
2.082095
2.082088
2.082066
2.082067
2.082024
2.082023
2.082023
2.082023
2.081970
2.081970
2.082020
2.081970
2.081970
2.081970
2.081970
2.081970
2.081965
2.081965
2.081922
2.081922
2.081922
2.081922
2.081922
2.081921
2.081921
2.081921
2.081899
2.081899
2.081899
2.081849
2.081850
2.081808
2.081824
2.081824
2.081822
2.081822
2.081822
2.081825
2.081825
2.081825
2.081825
2.081825
2.081825
2.081825
2.081787
2.081787
2.081787
2.081787
2.081737
2.081737
2.081737
2.081722
2.081722
2.081672
2.081687
2.081685
2.081643
2.081643
2.081650
2.081650
2.081650
2.081650
2.081699
2.081699
2.081699
2.081708
2.081708
2.081708
2.081658
2.081617
2.081618
2.081628
2.081628
2.081628
2.081628
2.081628
2.081629
2.081629
2.081619
2.081619
2.081619
2.081619
2.081578
2.081578
2.081591
2.081641
2.081641
2.081641
2.081641
2.081641
2.081555
2.081555
2.081555
2.081555
2.081556
2.081516
2.081531
2.081531
2.081581
2.081583
2.081583
2.081579
2.081594
2.081640
2.081642
2.081641
2.081641
2.081589
2.081585
2.081545
2.081542
2.081593
2.081593
2.081543
2.081561
2.081561
2.081561
2.081561
2.081561
2.081569
2.081588
2.081588
2.081588
2.081549
2.081549
2.081570
2.081570
2.081570
2.081570
2.081570
2.081569
2.081591
2.081591
2.081590
2.081590
2.081590
2.081590
2.081613
2.081576
2.081576
2.081527
2.081526
2.081550
2.081550
2.081529
2.081479
2.081478
2.081478
2.081503
2.081503
2.081553
2.081552
2.081552
2.081578
2.081578
2.081542
2.081490
2.081490
2.081490
2.081517
2.081519
2.081520
2.081520
2.081520
2.081520
2.081601
2.081599
2.081598
2.081598
2.081598
2.081626
2.081626
2.081576
2.081543
2.081543
2.081544
2.081572
2.081572
2.081572
2.081572
2.081572
2.081572
2.081572
2.081602
2.081602
2.081564
2.081564
2.081564
2.081564
2.081594
2.081572
2.081572
2.081572
2.081540
2.081541
2.081541
2.081572
2.081570
2.081569
2.081569
2.081569
2.081619
2.081569
2.081600
2.081600
2.081600
2.081601
2.081600
2.081564
2.081563
2.081597
2.081548
2.081548
2.081548
2.081548
2.081548
2.081548
2.081468
2.081502
2.081502
2.081502
2.081502
2.081502
2.081554
2.081518
2.081516
2.081551
2.081549
2.081550
2.081550
2.081550
2.081550
2.081550
2.081550
2.081585
2.081585
2.081585
2.081602
2.081602
2.081602
2.081552
2.081552
2.081552
2.081552
2.081589
2.081589
2.081541
2.081592
2.081559
2.081559
2.081560
2.081560
2.081560
2.081561
2.081598
2.081598
2.081598
2.081498
2.081467
2.081467
2.081467
2.081468
2.081518
2.081518
2.081518
2.081468
2.081507
2.081507
2.081477
2.081427
2.081427
2.081427
2.081427
2.081427
2.081427
2.081427
2.081398
2.081398
2.081396
2.081396
2.081437
2.081437
2.081437
2.081437
2.081408
2.081386
2.081386
2.081386
2.081383
2.081382
2.081332
2.081304
2.081304
2.081304
2.081304
2.081304
2.081305
2.081302
2.081302
2.081275
2.081319
2.081318
2.081318
2.081318
2.081318
2.081318
2.081293
2.081290
2.081290
2.081290
2.081271
2.081221
2.081196
2.081196
2.081196
2.081196
2.081196
2.081197
2.081197
2.081223
2.081223
2.081223
2.081223
2.081224
2.081224
2.081201
2.081201
2.081201
2.081200
2.081198
2.081198
2.081176
2.081176
2.081176
2.081176
2.081178
2.081178
2.081157
2.081157
2.081152
2.081152
2.081152
2.081152
2.081132
2.081132
2.081133
2.081133
2.081133
2.081183
2.081114
2.081114
2.081114
2.081114
2.081114
2.081095
2.081095
2.081077
2.081077
2.081175
2.081175
2.081175
2.081175
2.081157
2.081158
2.081108
2.081108
2.081108
2.081108
2.080992
2.080992
2.081042
2.081041
2.081041
2.081041
2.081026
2.081075
2.081076
2.081076
2.081076
2.081224
2.082107
2.084589
2.091946
2.105791
2.111314
2.117221
2.124806
2.137270
2.149980
2.160740
2.166395
2.169542
2.171083
2.173631
2.176176
2.177493
2.179234
2.179071
2.178917
2.178026
2.176162
2.174019
2.171879
2.168945
2.166818
2.164516
2.162227
2.159933
2.157779
2.155713
2.154264
2.153006
2.151623
2.150701
2.149649
2.148500
2.147343
2.146102
2.144888
2.143585
2.142123
2.140611
2.138915
2.137275
2.135702
2.134045
2.132405
2.130856
2.129141
2.126924
2.125206
2.122550
2.118369
2.112033
2.103824
2.094207
2.083490
2.072802
2.062188
2.051788
2.041655
2.031308
2.021146
2.013776
2.005735
1.993808
1.980607
1.967721
1.955731
1.946340
1.937115
1.930417
1.924290
1.919961
1.916044
1.913982
1.911579
1.910786
1.910825
1.911732
1.912461
1.912919
1.912314
1.910801
1.907863
1.904944
1.901927
1.899139
1.896283
1.893602
1.891127
1.888844
1.886652
1.884601
1.882770
1.881249
1.879458
1.877964
1.876449
1.874916
1.873249
1.871382
1.869173
1.866901
1.865052
1.863293
1.862014
1.860756
1.859362
1.857965
1.856637
1.854899
1.853314
1.850557
1.846969
1.842873
1.838257
1.833279
1.828120
1.822287
1.816535
1.810962
1.805413
1.799960
1.794523
1.788817
1.783908
1.779565
1.774990
1.770734
1.766666
1.762162
1.757549
1.752700
1.747740
1.742802
1.737694
1.732557
1.727356
1.722250
1.717265
1.712637
1.708421
1.704419
1.700715
1.697257
1.693803
1.691005
1.687827
1.685003
1.682871
1.681008
1.678724
1.676460
1.673812
1.671227
1.668476
1.665482
1.662175
1.658491
1.654431
1.650701
1.647296
1.643658
1.640145
1.636704
1.633269
1.630015
1.626674
1.623613
1.620668
1.617834
1.615002
1.612243
1.609131
1.605866
1.602582
1.599192
1.595454
1.591749
1.587971
1.584231
1.580636
1.577046
1.573431
1.569891
1.566348
1.562792
1.559274
1.555667
1.552058
1.548387
1.544643
1.541054
1.537464
1.533622
1.530155
1.526491
1.522707
1.519059
1.515740
1.512317
1.508860
1.505264
1.501836
1.498430
1.494932
1.491577
1.488264
1.485074
1.481848
1.478675
1.475579
1.472366
1.469465
1.466502
1.463513
1.460621
1.458144
1.455317
1.452705
1.449989
1.447227
1.444254
1.441390
1.438436
1.435483
1.432238
1.428996
1.425998
1.422724
1.419649
1.416491
1.413324
1.410248
1.407174
1.403818
1.400911
1.397629
1.394538
1.391643
1.388369
1.385128
1.382330
1.379395
1.376194
1.373228
1.370784
1.368245
1.365366
1.362746
1.360412
1.357812
1.355131
1.352752
1.350343
1.347648
1.344809
1.342236
1.339744
1.337547
1.335009
1.332094
1.329367
1.326551
1.323364
1.319859
1.316849
1.313473
1.310747
1.307411
1.304419
1.301285
1.297925
1.294887
1.291405
1.288145
1.285169
1.281811
1.278319
1.275447
1.272079
1.268561
1.265605
1.262838
1.259190
1.255518
1.252470
1.249512
1.245998
1.242597
1.239947
1.236985
1.233644
1.230059
1.226857
1.224014
1.220983
1.217302
1.213778
1.210641
1.207925
1.204916
1.201482
1.198439
1.195937
1.193604
1.190154
1.186403
1.182564
1.179167
1.175747
1.171836
1.167369
1.163166
1.159534
1.155957
1.151861
1.147630
1.143629
1.140211
1.136753
1.132729
1.128650
1.124642
1.121011
1.116858
1.112991
1.109653
1.105737
1.101847
1.097996
1.093956
1.089959
1.085983
1.082161
1.078438
1.074734
1.070931
1.067099
1.063222
1.059406
1.055453
1.051537
1.047688
1.043885
1.040159
1.036343
1.032445
1.028769
1.025214
1.021225
1.017477
1.013717
1.010048
1.006236
1.002469
0.998943
0.995372
0.991722
0.988032
0.984556
0.981441
0.978378
0.975347
0.972513
0.969679
0.967206
0.964769
0.962338
0.959880
0.957657
0.955484
0.953091
0.950747
0.948383
0.946120
0.943887
0.941708
0.939415
0.937021
0.934838
0.932638
0.930347
0.928005
0.925535
0.923299
0.921079
0.918656
0.916428
0.914158
0.911783
0.909597
0.907346
0.904750
0.902472
0.900394
0.897924
0.895591
0.893172
0.890841
0.888383
0.886184
0.883698
0.880969
0.878203
0.875552
0.872585
0.870081
0.867380
0.864465
0.861748
0.858926
0.856016
0.853503
0.850966
0.848578
0.846571
0.844536
0.842592
0.840968
0.839168
0.837355
0.835249
0.832736
0.830396
0.828113
0.825734
0.823427
0.820469
0.816678
0.811819
0.806454
0.801295
0.796710
0.792955
0.790295
0.788128
0.786287
0.784026
0.781619
0.778700
0.775241
0.771442
0.767660
0.763855
0.760348
0.757180
0.754075
0.751299
0.748515
0.745677
0.742786
0.739908
0.736910
0.733768
0.730785
0.727428
0.724527
0.721356
0.718167
0.715319
0.712119
0.709092
0.706091
0.703047
0.699821
0.696786
0.693609
0.690309
0.687338
0.684048
0.681024
0.677993
0.675141
0.672110
0.668886
0.665830
0.662512
0.659174
0.655776
0.652644
0.649325
0.646238
0.643223
0.639785
0.636526
0.633299
0.630170
0.627014
0.623912
0.620935
0.617781
0.614547
0.611325
0.608049
0.604752
0.601579
0.598402
0.595230
0.592154
0.588817
0.585628
0.582290
0.579218
0.576043
0.572818
0.569638
0.566561
0.563287
0.560010
0.556801
0.553348
0.550291
0.547114
0.544041
0.540914
0.537717
0.534661
0.531587
0.528639
0.525420
0.522406
0.519371
0.516349
0.513444
0.510371
0.507563
0.504505
0.501489
0.498766
0.495857
0.493156
0.490298
0.487581
0.484863
0.482144
0.479580
0.476980
0.474317
0.471750
0.469215
0.466596
0.464095
0.461604
0.459215
0.456702
0.454255
0.451975
0.449833
0.447230
0.445155
0.442891
0.440635
0.438272
0.436338
0.433913
0.431663
0.429564
0.427317
0.425265
0.423198
0.421176
0.418981
0.416817
0.414746
0.412622
0.410441
0.408280
0.406114
0.403990
0.401872
0.399824
0.397718
0.395685
0.393594
0.391518
0.389603
0.387603
0.385579
0.383501
0.381352
0.379136
0.377109
0.374991
0.372975
0.370912
0.368933
0.367115
0.365167
0.363363
0.361510
0.359423
0.357435
0.355493
0.353622
0.351491
0.349539
0.347652
0.345710
0.343648
0.341712
0.339677
0.337781
0.335731
0.333728
0.331715
0.329817
0.327630
0.325620
0.323591
0.321718
0.319559
0.317645
0.315499
0.313567
0.311531
0.309557
0.307659
0.305449
0.303612
0.301564
0.299509
0.297610
0.295534
0.293450
0.291639
0.289561
0.287625
0.285649
0.283836
0.281769
0.279835
0.277956
0.276137
0.274213
0.272260
0.270492
0.268550
0.266671
0.264692
0.262901
0.260964
0.259140
0.257265
0.255428
0.253430
0.251666
0.249658
0.248010
0.246151
0.244272
0.242573
0.240724
0.238887
0.237110
0.235325
0.233704
0.231953
0.230096
0.228540
0.226754
0.225096
0.223308
0.221684
0.220026
0.218412
0.216800
0.215372
0.213498
0.212049
0.210578
0.209009
0.207594
0.206136
0.204671
0.203381
0.201910
0.200477
0.199262
0.198039
0.196524
0.195379
0.194037
0.192892
0.191681
0.190410
0.189346
0.188207
0.187067
0.185826
0.184822
0.183763
0.182667
0.181606
0.180651
0.179716
0.178795
0.177710
0.176763
0.175894
0.174979
0.174041
0.173224
0.172336
0.171379
0.170656
0.169779
0.168969
0.168078
0.167367
0.166499
0.165754
0.164862
0.164071
0.163372
0.162593
0.161800
0.160981
0.160272
0.159544
0.158658
0.158041
0.157217
0.156419
0.155750
0.154944
0.154232
0.153350
0.152569
0.151820
0.151161
0.150440
0.149656
0.148888
0.148173
0.147502
0.146830
0.146129
0.145413
0.144735
0.144026
0.143395
0.142660
0.141919
0.141292
0.140605
0.139922
0.139274
0.138610
0.137864
0.137249
0.136701
0.136015
0.135408
0.134761
0.134119
0.133288
0.132661
0.131986
0.131324
0.130744
0.130230
0.129578
0.128934
0.128431
0.127817
0.127236
0.126672
0.126145
0.125486
0.125040
0.124412
0.123951
0.123375
0.122793
0.122278
0.121664
0.121252
0.120706
0.120131
0.119808
0.119427
0.118799
0.118263
0.117789
0.117339
0.116772
0.116291
0.115806
0.115351
0.115005
0.114467
0.114107
0.113541
0.113074
0.112620
0.112274
0.111934
0.111471
0.111060
0.110578
0.110165
0.109747
0.109342
0.109073
0.108613
0.108256
0.107794
0.107479
0.107050
0.106612
0.106342
0.105961
0.105554
0.105188
0.104842
0.104567
0.104130
0.103795
0.103339
0.103086
0.102677
0.102333
0.101986
0.101594
0.101288
0.100976
0.100611
0.100356
0.099899
0.099574
0.099214
0.098708
0.098489
0.098096
0.097789
0.097492
0.097208
0.096857
0.096455
0.096051
0.095724
0.095339
0.094962
0.094592
0.094094
0.093697
0.093281
0.092968
0.092507
0.092162
0.091752
0.091376
0.091027
0.090718
0.090319
0.090035
0.089533
0.089231
0.088808
0.088452
0.088011
0.087735
0.087371
0.087106
0.086711
0.086453
0.086052
0.085689
0.085237
0.084947
0.084608
0.084146
0.083872
0.083472
0.083129
0.082737
0.082425
0.082206
0.081810
0.081518
0.081261
0.080871
0.080488
0.080196
0.079956
0.079656
0.079315
0.078870
0.078558
0.078299
0.077849
0.077549
0.077242
0.077036
0.076522
0.076354
0.076073
0.075705
0.075350
0.075004
0.074758
0.074341
0.074107
0.073750
0.073447
0.073195
0.072875
0.072511
0.072122
0.071803
0.071533
0.071236
0.070971
0.070701
0.070347
0.069995
0.069595
0.069247
0.068953
0.068632
0.068335
0.068157
0.067800
0.067443
0.067082
0.066881
0.066513
0.066145
0.065901
0.065571
0.065199
0.064855
0.064554
0.064238
0.063999
0.063772
0.063444
0.063116
0.062944
0.062606
0.062291
0.062008
0.061741
0.061379
0.060983
0.060687
0.060339
0.060064
0.059799
0.059497
0.059270
0.059012
0.058749
0.058457
0.058122
0.057924
0.057652
0.057204
0.056920
0.056685
0.056467
0.056161
0.055928
0.055607
0.055389
0.055170
0.054935
0.054675
0.054411
0.054138
0.053864
0.053697
0.053395
0.053251
0.053014
0.052752
0.052595
0.052380
0.052109
0.051866
0.051708
0.051465
0.051309
0.051145
0.050825
0.050669
0.050530
0.050369
0.050158
0.049933
0.049779
0.049624
0.049539
0.049338
0.049140
0.048870
0.048742
0.048592
0.048438
0.048199
0.048095
0.048012
0.047912
0.047809
0.047552
0.047341
0.047231
0.047125
0.046901
0.046751
0.046649
0.046504
0.046397
0.046286
0.046115
0.045990
0.045830
0.045749
0.045563
0.045428
0.045280
0.045181
0.045081
0.044938
0.044780
0.044631
0.044491
0.044420
0.044284
0.044090
0.043920
0.043811
0.043742
0.043606
0.043460
0.043360
0.043188
0.043140
0.042956
0.042783
0.042740
0.042587
0.042539
0.042357
0.042247
0.042146
0.042097
0.041997
0.041910
0.041763
0.041580
0.041516
0.041416
0.041159
0.041062
0.041012
0.040889
0.040784
0.040675
0.040505
0.040457
0.040350
0.040256
0.040097
0.039934
0.039801
0.039751
0.039645
0.039509
0.039315
0.039299
0.039167
0.039117
0.039018
0.038873
0.038779
0.038680
0.038630
0.038510
0.038394
0.038309
0.038206
0.038108
0.038041
0.037937
0.037861
0.037737
0.037648
0.037592
0.037493
0.037386
0.037337
0.037241
0.037121
0.037071
0.036850
0.036837
0.036804
0.036780
0.036662
0.036526
0.036473
0.036424
0.036411
0.036314
0.036160
0.035985
0.035935
0.035885
0.035794
0.035749
0.035736
0.035665
0.035838
0.036651
0.037844
0.039507
0.041617
0.043957
0.046511
0.048831
0.051041
0.052962
0.054341
0.055044
0.055218
0.054781
0.054038
0.052768
0.051069
0.049261
0.047373
0.045575
0.043706
0.042122
0.040888
0.040003
0.039152
0.038645
0.038369
0.038016
0.038094
0.038431
0.038697
0.039077
0.039736
0.040256
0.040929
0.041653
0.042254
0.042667
0.043158
0.043241
0.043342
0.043218
0.043033
0.042669
0.042329
0.041900
0.041181
0.040543
0.039931
0.039368
0.038762
0.038396
0.038003
0.037610
0.037468
0.037124
0.037031
0.037064
0.037044
0.036996
0.036952
0.037026
0.037218
0.037242
0.037301
0.037380
0.037474
0.037553
0.037461
0.037378
0.037312
0.037245
0.037149
0.036935
0.036772
0.036495
0.036294
0.036152
0.036034
0.035876
0.035756
0.035639
0.035377
0.035268
0.035206
0.035095
0.034982
0.034942
0.034887
0.034748
0.034770
0.034693
0.034653
0.034612
0.034505
0.034550
0.034561
0.034548
0.034500
0.034442
0.034356
0.034290
0.034250
0.034192
0.034040
0.033925
0.033772
0.033738
0.033665
0.033665
0.033559
0.033511
0.033467
0.033441
0.033410
0.033291
0.033266
0.033191
0.033148
0.033148
0.033045
0.033045
0.032971
0.032904
0.032796
0.032831
0.032834
0.032816
0.032802
0.032672
0.032661
0.032590
0.032594
0.032539
0.032497
0.032436
0.032334
0.032373
0.032341
0.032213
0.032199
0.032192
0.032132
0.032058
0.032058
0.031985
0.031981
0.031953
0.031985
0.031903
0.031852
0.031814
0.031755
0.031755
0.031761
0.031728
0.031775
0.031728
0.031610
0.031610
0.031631
0.031564
0.031527
0.031461
0.031461
0.031416
0.031326
0.031301
0.031357
0.031321
0.031288
0.031277
0.031239
0.031239
0.031181
0.031178
0.031165
0.031127
0.031146
0.031135
0.031045
0.030969
0.030992
0.030983
0.030983
0.030947
0.030903
0.030890
0.030890
0.030835
0.030814
0.030758
0.030758
0.030723
0.030651
0.030645
0.030609
0.030634
0.030586
0.030568
0.030545
0.030510
0.030443
0.030413
0.030407
0.030407
0.030407
0.030362
0.030293
0.030289
0.030279
0.030307
0.030236
0.030262
0.030220
0.030146
0.030063
0.030042
0.030042
0.030042
0.030132
0.030128
0.030039
0.030039
0.030056
0.030056
0.029961
0.029961
0.029952
0.029952
0.029853
0.029806
0.029729
0.029688
0.029616
0.029616
0.029581
0.029643
0.029609
0.029578
0.029529
0.029523
0.029523
0.029558
0.029525
0.029525
0.029490
0.029457
0.029378
0.029425
0.029425
0.029413
0.029413
0.029413
0.029413
0.029340
0.029345
0.029270
0.029236
0.029236
0.029236
0.029189
0.029140
0.029162
0.029193
0.029195
0.029195
0.029175
0.029175
0.029175
0.029055
0.029023
0.029020
0.029020
0.028993
0.029001
0.028933
0.028880
0.028857
0.028818
0.028818
0.028793
0.028793
0.028748
0.028666
0.028666
0.028697
0.028665
0.028665
0.028665
0.028713
0.028626
0.028626
0.028639
0.028639
0.028675
0.028633
0.028633
0.028665
0.028616
0.028616
0.028645
0.028645
0.028645
0.028645
0.028624
0.028542
0.028534
0.028534
0.028534
0.028502
0.028502
0.028471
0.028471
0.028452
0.028452
0.028452
0.028452
0.028483
0.028483
0.028483
0.028469
0.028418
0.028418
0.028430
0.028430
0.028439
0.028439
0.028439
0.028439
0.028333
0.028274
0.028274
0.028311
0.028350
0.028378
0.028383
0.028383
0.028383
0.028336
0.028336
0.028298
0.028298
0.028292
0.028258
0.028265
0.028296
0.028256
0.028258
0.028258
0.028293
0.028293
0.028330
0.028307
0.028307
0.028307
0.028307
0.028261
0.028261
0.028261
0.028261
0.028261
0.028211
0.028244
0.028205
0.028205
0.028253
0.028235
0.028235
0.028235
0.028238
0.028275
0.028275
0.028286
0.028286
0.028286
0.028270
0.028300
0.028241
0.028241
0.028207
0.028137
0.028137
0.028137
0.028186
0.028186
0.028186
0.028186
0.028219
0.028251
0.028244
0.028244
0.028244
0.028211
0.028211
0.028211
0.028239
0.028253
0.028216
0.028265
0.028265
0.028265
0.028248
0.028204
0.028204
0.028239
0.028239
0.028239
0.028239
0.028239
0.028277
0.028277
0.028277
0.028277
0.028291
0.028291
0.028255
0.028255
0.028212
0.028212
0.028175
0.028210
0.028210
0.028210
0.028311
0.028311
0.028294
0.028294
0.028329
0.028329
0.028329
0.028328
0.028328
0.028328
0.028287
0.028289
0.028289
0.028328
0.028328
0.028328
0.028328
0.028328
0.028341
0.028341
0.028341
0.028341
0.028308
0.028343
0.028343
0.028343
0.028343
0.028343
0.028343
0.028331
0.028299
0.028386
0.028386
0.028386
0.028386
0.028390
0.028428
0.028428
0.028449
0.028449
0.028449
0.028449
0.028411
0.028411
0.028460
0.028460
0.028460
0.028460
0.028460
0.028498
0.028498
0.028429
0.028400
0.028400
0.028400
0.028400
0.028449
0.028401
0.028401
0.028401
0.028401
0.028401
0.028439
0.028439
0.028469
0.028469
0.028507
0.028556
0.028556
0.028556
0.028538
0.028512
0.028437
0.028409
0.028409
0.028409
0.028416
0.028416
0.028416
0.028458
0.028458
0.028458
0.028458
0.028458
0.028427
0.028453
0.028453
0.028453
0.028453
0.028453
0.028533
0.028533
0.028533
0.028564
0.028564
0.028564
0.028564
0.028533
0.028533
0.028509
0.028558
0.028558
0.028558
0.028558
0.028576
0.028608
0.028608
0.028585
0.028585
0.028634
0.028634
0.028663
0.028632
0.028626
0.028626
0.028590
0.028590
0.028590
0.028590
0.028664
0.028664
0.028664
0.028664
0.028667
0.028664
0.028664
0.028664
0.028713
0.028682
0.028682
0.028643
0.028643
0.028663
0.028663
0.028712
0.028712
0.028712
0.028712
0.028712
0.028712
0.028712
0.028712
0.028712
0.028723
0.028723
0.028752
0.028790
0.028790
0.028790
0.028839
0.028839
0.028839
0.028839
0.028803
0.028803
0.028803
0.028765
0.028815
0.028815
0.028777
0.028815
0.028815
0.028815
0.028864
0.028864
0.028864
0.028832
0.028832
0.028832
0.028881
0.028826
0.028826
0.028826
0.028826
0.028862
0.028862
0.028912
0.028912
0.028912
0.028912
0.028912
0.028961
0.028961
0.028962
0.028962
0.028962
0.028944
0.028944
0.029031
0.028992
0.028992
0.028992
0.028992
0.029042
0.029073
0.029081
0.029081
0.029043
0.029043
0.029092
0.029092
0.029092
0.029092
0.029161
0.029190
0.029190
0.029190
0.029208
0.029181
0.029198
0.029198
0.029160
0.029160
0.029160
0.029123
0.029173
0.029173
0.029211
0.029211
0.029211
0.029260
0.029292
0.029292
0.029292
0.029241
0.029291
0.029291
0.029291
0.029291
0.029291
0.029304
0.029304
0.029342
0.029342
0.029342
0.029391
0.029391
0.029353
0.029320
0.029320
0.029370
0.029370
0.029340
0.029342
0.029392
0.029392
0.029392
0.029430
0.029430
0.029479
0.029442
0.029442
0.029442
0.029442
0.029491
0.029491
0.029491
0.029491
0.029541
0.029541
0.029541
0.029541
0.029541
0.029590
0.029590
0.029559
0.029562
0.029562
0.029611
0.029611
0.029611
0.029611
0.029661
0.029661
0.029661
0.029661
0.029661
0.029710
0.029710
0.029710
0.029710
0.029710
0.029760
0.029760
0.029760
0.029760
0.029760
0.029810
0.029792
0.029795
0.029795
0.029795
0.029844
0.029844
0.029844
0.029844
0.029844
0.029892
0.029892
0.029892
0.029892
0.029892
0.029895
0.029945
0.029945
0.029945
0.029945
0.029945
0.030013
0.030013
0.030013
0.030013
0.029996
0.030000
0.030084
0.030084
0.030084
0.030087
0.030087
0.030087
0.030136
0.030129
0.030109
0.030109
0.030109
0.030109
0.030159
0.030159
0.030190
0.030190
0.030190
0.030166
0.030166
0.030166
0.030215
0.030215
0.030215
0.030215
0.030221
0.030221
0.030270
0.030270
0.030270
0.030270
0.030270
0.030276
0.030276
0.030276
0.030276
0.030326
0.030326
0.030371
0.030371
0.030371
0.030371
0.030371
0.030332
0.030340
0.030340
0.030310
0.030359
0.030359
0.030359
0.030367
0.030378
0.030378
0.030378
0.030378
0.030387
0.030387
0.030387
0.030387
0.030397
0.030397
0.030406
0.030406
0.030406
0.030445
0.030454
0.030454
0.030454
0.030454
0.030454
0.030463
0.030463
0.030463
0.030463
0.030463
0.030446
0.030456
0.030456
0.030456
0.030505
0.030515
0.030515
0.030515
0.030515
0.030527
0.030501
0.030501
0.030501
0.030501
0.030513
0.030513
0.030513
0.030513
0.030526
0.030526
0.030526
0.030544
0.030556
0.030556
0.030556
0.030556
0.030556
0.030589
0.030602
0.030602
0.030602
0.030582
0.030633
0.030633
0.030633
0.030647
0.030647
0.030647
0.030647
0.030647
0.030680
0.030695
0.030695
0.030695
0.030695
0.030678
0.030678
0.030678
0.030694
0.030694
0.030621
0.030621
0.030621
0.030612
0.030644
0.030644
0.030644
0.030676
0.030693
0.030661
0.030629
0.030629
0.030646
0.030646
0.030646
0.030646
0.030664
0.030728
0.030728
0.030728
0.030728
0.030747
