2.089310
1.947974
1.821970
1.740851
1.701817
1.688676
1.686171
1.685795
1.685338
1.684674
1.683752
1.682910
1.682659
1.682721
1.682990
1.683547
1.684265
1.684463
1.684711
1.684392
1.683708
1.682907
1.681815
1.680459
1.679219
1.678111
1.677131
1.676360
1.675526
1.674644
1.673813
1.672822
1.671779
1.670731
1.669683
1.668694
1.667631
1.666480
1.665568
1.664513
1.663483
1.662334
1.661533
1.660771
1.659847
1.658749
1.658019
1.656952
1.655936
1.654810
1.653815
1.652471
1.651224
1.650889
1.649516
1.648562
1.647502
1.646159
1.644883
1.643759
1.642552
1.641439
1.640785
1.639630
1.638439
1.637029
1.635871
1.635055
1.633530
1.632162
1.630773
1.629645
1.628208
1.626682
1.624849
1.623456
1.622002
1.620411
1.618848
1.618069
1.616545
1.615058
1.613216
1.611837
1.610253
1.608415
1.606645
1.605173
1.603482
1.601639
1.599928
1.598120
1.596339
1.594733
1.593024
1.591497
1.589630
1.587723
1.585711
1.583848
1.581885
1.579892
1.577895
1.576468
1.574438
1.572403
1.570476
1.568502
1.566468
1.564341
1.562435
1.560328
1.558366
1.556477
1.554568
1.551842
1.549805
1.548020
1.546428
1.544855
1.543355
1.541895
1.540443
1.538840
1.537109
1.535330
1.533410
1.531546
1.529326
1.527073
1.524191
1.522049
1.520146
1.518078
1.516146
1.515088
1.513804
1.512680
1.511762
1.510408
1.508763
1.507414
1.505751
1.504132
1.502384
1.500561
1.498357
1.496538
1.494945
1.493515
1.492079
1.490700
1.489786
1.488881
1.487849
1.487041
1.486280
1.485448
1.484679
1.483772
1.482647
1.481422
1.479797
1.478039
1.476283
1.474021
1.472451
1.470843
1.469160
1.468154
1.467058
1.466160
1.465240
1.464323
1.463419
1.462668
1.461818
1.461173
1.460217
1.458893
1.457394
1.455858
1.454316
1.452887
1.451637
1.450102
1.448850
1.447554
1.446351
1.445554
1.444434
1.444186
1.443581
1.443218
1.442722
1.442477
1.442205
1.441706
1.441047
1.440020
1.438971
1.437918
1.436683
1.435500
1.434314
1.433120
1.432085
1.431305
1.430670
1.430308
1.430043
1.429820
1.429745
1.429648
1.429528
1.429309
1.428951
1.428422
1.427502
1.426347
1.425155
1.424019
1.422728
1.421556
1.420007
1.418979
1.418418
1.417880
1.417717
1.417542
1.417649
1.417709
1.417822
1.417791
1.417742
1.417293
1.416643
1.415764
1.414624
1.413523
1.412198
1.410916
1.409845
1.408821
1.408012
1.407467
1.407160
1.407148
1.406928
1.406963
1.406826
1.406563
1.406323
1.405845
1.405066
1.403936
1.402779
1.401375
1.399888
1.398618
1.397539
1.396493
1.395704
1.395080
1.394839
1.394625
1.394529
1.394407
1.394245
1.393913
1.393497
1.392961
1.391989
1.390817
1.389295
1.387803
1.386148
1.384589
1.383073
1.381802
1.380926
1.380120
1.379667
1.379417
1.378523
1.378261
1.377847
1.377554
1.377140
1.376418
1.375151
1.373832
1.372251
1.370478
1.368747
1.367091
1.365639
1.364522
1.363796
1.363272
1.362846
1.362306
1.361873
1.361410
1.360719
1.360142
1.359499
1.358618
1.357309
1.355899
1.354173
1.352364
1.350506
1.348523
1.346533
1.344796
1.343367
1.342392
1.341733
1.341150
1.340515
1.340076
1.339505
1.338749
1.337965
1.337045
1.335651
1.333749
1.331914
1.329965
1.327865
1.325710
1.323546
1.321607
1.320225
1.319059
1.318040
1.317140
1.316299
1.315484
1.314656
1.313677
1.312651
1.311227
1.309623
1.307781
1.305850
1.304124
1.302399
1.300458
1.298538
1.297383
1.295685
1.294352
1.293310
1.292078
1.291006
1.289743
1.288302
1.286884
1.285263
1.283767
1.282394
1.280825
1.279502
1.277972
1.276742
1.275441
1.274050
1.272834
1.271500
1.270502
1.269374
1.268185
1.266878
1.265669
1.264470
1.263229
1.262075
1.260929
1.260370
1.259233
1.258465
1.257692
1.257054
1.256430
1.255880
1.255354
1.254637
1.253855
1.252998
1.252023
1.250845
1.249743
1.248875
1.247884
1.246809
1.245819
1.244636
1.243663
1.242603
1.241623
1.240554
1.239555
1.238567
1.237473
1.236344
1.235274
1.234189
1.233262
1.232078
1.231138
1.230088
1.228968
1.227857
1.226880
1.225900
1.224953
1.224119
1.223093
1.221848
1.220801
1.220418
1.219558
1.218652
1.217909
1.216899
1.216030
1.215122
1.214129
1.213283
1.212183
1.211400
1.210493
1.209693
1.208669
1.208003
1.207274
1.206509
1.205781
1.204995
1.204191
1.203442
1.202460
1.201761
1.200914
1.200113
1.199302
1.198620
1.197815
1.197043
1.196305
1.195402
1.194783
1.193843
1.193082
1.192320
1.191568
1.190719
1.190000
1.189336
1.188451
1.187686
1.186842
1.186284
1.185373
1.184633
1.183843
1.183040
1.182324
1.181654
1.180960
1.180065
1.179427
1.178628
1.177693
1.176925
1.176077
1.175208
1.174469
1.173682
1.172752
1.172154
1.171282
1.170812
1.169912
1.169165
1.168456
1.167614
1.166903
1.166110
1.165392
1.164639
1.163818
1.163035
1.162234
1.161512
1.160775
1.160032
1.159280
1.158470
1.157674
1.156972
1.156174
1.155613
1.154970
1.154301
1.153635
1.152814
1.152181
1.151578
1.150920
1.150191
1.149491
1.148668
1.148151
1.147466
1.146817
1.146189
1.145555
1.144805
1.144250
1.143690
1.143005
1.142307
1.141747
1.141096
1.140598
1.139811
1.139281
1.138728
1.138110
1.137488
1.136853
1.136368
1.135915
1.135384
1.134937
1.134303
1.133760
1.133232
1.132746
1.132154
1.131640
1.131215
1.130500
1.130118
1.129494
1.129023
1.128577
1.128016
1.127616
1.127107
1.126642
1.126199
1.125711
1.125308
1.125043
1.124610
1.124221
1.123744
1.123489
1.123065
1.122741
1.122435
1.122047
1.122315
1.121947
1.121576
1.121279
1.120976
1.120537
1.120359
1.120170
1.119971
1.119854
1.119819
1.119505
1.119308
1.119232
1.119038
1.119036
1.118999
1.119069
1.118962
1.118817
1.118722
1.118749
1.118749
1.118760
1.118696
1.118816
1.118647
1.118883
1.118839
1.118891
1.119003
1.118965
1.118971
1.119001
1.119023
1.119073
1.119218
1.119288
1.119383
1.119394
1.119434
1.119448
1.119512
1.119512
1.119536
1.119530
1.119576
1.119563
1.119550
1.119574
1.119429
1.119316
1.119239
1.119128
1.119123
1.119008
1.119073
1.119060
1.118987
1.118753
1.118674
1.118465
1.118262
1.118197
1.118045
1.117751
1.117487
1.117421
1.117108
1.116960
1.116901
1.116877
1.116695
1.116539
1.116307
1.115975
1.115808
1.115504
1.115289
1.115004
1.114621
1.114354
1.114031
1.113709
1.113419
1.112989
1.112679
1.112418
1.111998
1.111869
1.111527
1.111192
1.110932
1.110532
1.110098
1.109837
1.109635
1.109279
1.108975
1.108721
1.108378
1.108081
1.107768
1.107424
1.107028
1.106717
1.106385
1.106092
1.105745
1.105426
1.104934
1.104787
1.104666
1.104290
1.103911
1.103537
1.103124
1.102804
1.102354
1.102033
1.101745
1.101221
1.100891
1.100598
1.100318
1.099879
1.099507
1.099114
1.098714
1.098373
1.098091
1.097809
1.097361
1.096955
1.096627
1.096405
1.095999
1.095766
1.095381
1.095135
1.094729
1.094483
1.094164
1.093899
1.093643
1.093282
1.092895
1.092672
1.092388
1.092149
1.091880
1.091716
1.091414
1.091158
1.090891
1.090716
1.090443
1.090243
1.090004
1.089893
1.089702
1.089327
1.089145
1.089005
1.088951
1.088948
1.088900
1.088743
1.088565
1.088410
1.088307
1.088102
1.087942
1.087864
1.087742
1.087704
1.087572
1.087473
1.087347
1.087324
1.087269
1.087205
1.087181
1.087146
1.087067
1.086990
1.087094
1.087158
1.087039
1.086943
1.087022
1.086996
1.087049
1.087114
1.087105
1.087056
1.087109
1.087162
1.087274
1.087270
1.087331
1.087298
1.087387
1.087455
1.087502
1.087585
1.087685
1.087711
1.087875
1.087875
1.088053
1.088120
1.088155
1.088250
1.088327
1.088326
1.088406
1.088489
1.088584
1.088673
1.088908
1.088943
1.089000
1.089142
1.089231
1.089253
1.089254
1.089395
1.089462
1.089537
1.089535
1.089562
1.089578
1.089693
1.089784
1.089755
1.089848
1.089811
1.089823
1.089909
1.090013
1.090050
1.090067
1.090017
1.090133
1.090073
1.090097
1.090119
1.090122
1.089993
1.089986
1.089971
1.089915
1.089932
1.089960
1.089990
1.089974
1.089893
1.089872
1.089874
1.089869
1.089926
1.089850
1.089712
1.089683
1.089680
1.089660
1.089577
1.089553
1.089518
1.089519
1.089545
1.089556
1.089429
1.089521
1.089471
1.089464
1.089351
1.089234
1.089239
1.089276
1.089320
1.089182
1.089257
1.089133
1.089066
1.089054
1.089019
1.088903
1.088823
1.088587
1.088128
1.087763
1.087251
1.086882
1.086546
1.086085
1.085797
1.085454
1.085096
1.084688
1.084387
1.083984
1.083561
1.083233
1.082785
1.082538
1.082247
1.081886
1.081574
1.081221
1.080882
1.080515
1.080156
1.079795
1.079506
1.079121
1.078734
1.078508
1.078117
1.077918
1.077506
1.077289
1.077003
1.076645
1.076326
1.076028
1.075772
1.075432
1.075137
1.074800
1.074442
1.074169
1.073870
1.073563
1.073264
1.072932
1.072687
1.072363
1.072175
1.071906
1.071617
1.071318
1.071100
1.070895
1.070662
1.070336
1.070009
1.069883
1.069645
1.069400
1.069210
1.069045
1.068847
1.068613
1.068450
1.068318
1.068025
1.067942
1.067780
1.067558
1.067346
1.067284
1.067162
1.066946
1.066760
1.066674
1.066460
1.066298
1.066109
1.065980
1.065855
1.065753
1.065561
1.065510
1.065395
1.065240
1.065099
1.064993
1.064945
1.064856
1.064812
1.064676
1.064612
1.064594
1.064401
1.064372
1.064269
1.064369
1.064270
1.064129
1.064090
1.064108
1.064050
1.063995
1.063899
1.063884
1.063809
1.063824
1.063811
1.063735
1.063775
1.063762
1.063818
1.063788
1.063760
1.063774
1.063770
1.063717
1.063820
1.063769
1.063712
1.063745
1.063658
1.063750
1.063842
1.063716
1.063808
1.063772
1.063826
1.063818
1.063844
1.063858
1.063798
1.063905
1.063878
1.063855
1.063881
1.063948
1.063961
1.063911
1.063918
1.063986
1.063976
1.064025
1.064089
1.064086
1.064109
1.064141
1.064108
1.064190
1.064111
1.064218
1.064158
1.064346
1.064265
1.064350
1.064340
1.064379
1.064350
1.064504
1.064505
1.064507
1.064511
1.064489
1.064529
1.064521
1.064515
1.064574
1.064555
1.064555
1.064629
1.064726
1.064726
1.064766
1.064742
1.064800
1.064815
1.064772
1.064805
1.064851
1.064935
1.064927
1.064826
1.064903
1.064945
1.064980
1.065023
1.065062
1.064994
1.065031
1.065076
1.065077
1.065064
1.065190
1.065127
1.065147
1.065236
1.065225
1.065246
1.065289
1.065334
1.065331
1.065349
1.065331
1.065337
1.065381
1.065374
1.065424
1.065469
1.065446
1.065428
1.065422
1.065470
1.065559
1.065509
1.065503
1.065508
1.065549
1.065493
1.065487
1.065542
1.065532
1.065568
1.065562
1.065536
1.065632
1.065626
1.065676
1.065671
1.065653
1.065594
1.065645
1.065645
1.065681
1.065676
1.065758
1.065753
1.065753
1.065800
1.065750
1.065792
1.065792
1.065724
1.065661
1.065761
1.065756
1.065728
1.065675
1.065670
1.065720
1.065758
1.065758
1.065755
1.065737
1.065737
1.065832
1.065832
1.065828
1.065824
1.065769
1.065815
1.065824
1.065820
1.065869
1.065820
1.065850
1.065848
1.065896
1.065842
1.065842
1.065790
1.065790
1.065836
1.065836
1.065882
1.065832
1.065876
1.065822
1.065813
1.065863
1.065859
1.065809
1.065809
1.065857
1.065857
1.065857
1.065851
1.065901
1.065947
1.065947
1.065943
1.065847
1.065951
1.065951
1.065947
1.065942
1.065942
1.065940
1.065846
1.065846
1.065894
1.065894
1.065896
1.065942
1.065942
1.065942
1.065939
1.065985
1.065935
1.065938
1.065938
1.065891
1.065891
1.065846
1.065825
1.065825
1.065869
1.065915
1.065915
1.065915
1.066011
1.066021
1.065962
1.065962
1.065962
1.066013
1.066012
1.065955
1.065905
1.065955
1.065951
1.065951
1.065951
1.066001
1.065997
1.066006
1.065912
1.066012
1.066012
1.066012
1.066012
1.065959
1.065970
1.065970
1.065970
1.065959
1.065955
1.065955
1.065956
1.065956
1.065953
1.066003
1.065999
1.065950
1.065950
1.065900
1.065870
1.065867
1.065921
1.065921
1.065918
1.065875
1.065875
1.065924
1.065871
1.065871
1.065902
1.065902
1.065902
1.065902
1.065852
1.065849
1.065845
1.065845
1.065895
1.065895
1.065892
1.065942
1.065942
1.065943
1.065940
1.065940
1.065892
1.065842
1.065842
1.065842
1.065842
1.065839
1.065836
1.065824
1.065842
1.065842
1.065788
1.065750
1.065720
1.065714
1.065731
1.065682
1.065682
1.065679
1.065682
1.065682
1.065679
1.065729
1.065679
1.065679
1.065676
1.065676
1.065676
1.065676
1.065666
1.065660
1.065614
1.065614
1.065614
1.065614
1.065614
1.065657
1.065657
1.065657
1.065658
1.065658
1.065658
1.065658
1.065658
1.065655
1.065655
1.065631
1.065631
1.065628
1.065628
1.065678
1.065678
1.065675
1.065675
1.065625
1.065625
1.065625
1.065625
1.065675
1.065675
1.065675
1.065622
1.065616
1.065650
1.065647
1.065647
1.065647
1.065647
1.065647
1.065647
1.065647
1.065611
1.065611
1.065611
1.065611
1.065611
1.065604
1.065604
1.065604
1.065604
1.065654
1.065652
1.065702
1.065702
1.065702
1.065653
1.065653
1.065653
1.065653
1.065604
1.065655
1.065653
1.065653
1.065651
1.065647
1.065647
1.065647
1.065647
1.065647
1.065597
1.065597
1.065597
1.065597
1.065597
1.065597
1.065647
1.065595
1.065545
1.065552
1.065552
1.065572
1.065572
1.065572
1.065572
1.065572
1.065572
1.065548
1.065548
1.065548
1.065549
1.065546
1.065549
1.065599
1.065599
1.065599
1.065599
1.065549
1.065550
1.065550
1.065550
1.065550
1.065550
1.065550
1.065599
1.065597
1.065597
1.065597
1.065602
1.065602
1.065602
1.065635
1.065635
1.065635
1.065635
1.065635
1.065635
1.065635
1.065635
1.065632
1.065684
1.065584
1.065584
1.065584
1.065584
1.065534
1.065534
1.065534
1.065534
1.065534
1.065534
1.065534
1.065584
1.065584
1.065584
1.065546
1.065546
1.065546
1.065546
1.065546
1.065546
1.065546
1.065547
1.065547
1.065547
1.065544
1.065544
1.065544
1.065544
1.065544
1.065544
1.065544
1.065544
1.065544
1.065544
1.065544
1.065544
1.065544
1.065544
1.065544
1.065546
1.065596
1.065596
1.065593
1.065593
1.065593
1.065596
1.065546
1.065546
1.065546
1.065546
1.065496
1.065496
1.065496
1.065543
1.065543
1.065543
1.065493
1.065493
1.065493
1.065493
1.065493
1.065493
1.065493
1.065515
1.065515
1.065515
1.065515
1.065515
1.065515
1.065515
1.065515
1.065515
1.065515
1.065510
1.065510
1.065510
1.065510
1.065510
1.065510
1.065510
1.065510
1.065512
1.065546
1.065544
1.065544
1.065544
1.065542
1.065544
1.065544
1.065544
1.065544
1.065544
1.065494
1.065494
1.065494
1.065494
1.065492
1.065492
1.065492
1.065492
1.065492
1.065489
1.065489
1.065491
1.065491
1.065491
1.065491
1.065491
1.065491
1.065489
1.065489
1.065539
1.065639
1.066536
1.078597
1.073950
1.086482
1.087797
1.103740
1.107799
1.117593
1.125170
1.133618
1.140891
1.148213
1.153880
1.158410
1.161291
1.163017
1.163790
1.163625
1.162123
1.160597
1.158356
1.156439
1.154189
1.152333
1.150261
1.148429
1.146367
1.144195
1.141805
1.139600
1.137303
1.135450
1.133601
1.131906
1.130556
1.128902
1.127503
1.125819
1.124204
1.122686
1.120878
1.119076
1.117465
1.115653
1.113991
1.112263
1.110400
1.108867
1.107049
1.105177
1.103262
1.100666
1.096433
1.090451
1.082945
1.074251
1.065140
1.055787
1.046810
1.038087
1.029758
1.021611
1.013552
1.005570
0.997923
0.990888
0.985151
0.980363
0.976595
0.973414
0.971047
0.969284
0.968101
0.967405
0.967315
0.967833
0.968296
0.968573
0.968636
0.967747
0.966463
0.963965
0.960602
0.956750
0.952296
0.947685
0.943808
0.940816
0.938248
0.936626
0.935356
0.934265
0.932736
0.931180
0.929254
0.927119
0.925054
0.922849
0.920767
0.918818
0.916526
0.914679
0.912609
0.910271
0.907616
0.904955
0.902225
0.899567
0.896709
0.894254
0.891480
0.889006
0.886896
0.884644
0.882332
0.879818
0.877266
0.874436
0.871772
0.869048
0.866631
0.864139
0.861629
0.859062
0.856457
0.853932
0.851346
0.848925
0.846263
0.843500
0.840934
0.838280
0.835802
0.833117
0.830696
0.828129
0.825610
0.823328
0.820957
0.818497
0.815891
0.813710
0.811200
0.808934
0.806468
0.804439
0.802350
0.799947
0.797470
0.795011
0.792399
0.789780
0.787119
0.784532
0.782245
0.779875
0.777590
0.775434
0.773200
0.771063
0.769076
0.766993
0.765067
0.763061
0.761293
0.759546
0.757749
0.755843
0.753858
0.751821
0.749842
0.747577
0.745539
0.743534
0.741713
0.739792
0.738003
0.736199
0.734456
0.732790
0.731115
0.729552
0.727774
0.726133
0.724904
0.723694
0.722451
0.721156
0.719666
0.718258
0.716639
0.714975
0.713423
0.711905
0.710532
0.709301
0.708004
0.706736
0.705481
0.704225
0.702879
0.701636
0.700433
0.699177
0.697924
0.696863
0.695784
0.694546
0.693431
0.692259
0.691267
0.690184
0.689124
0.688067
0.686933
0.685977
0.684717
0.683526
0.682373
0.681186
0.680013
0.678728
0.677527
0.676423
0.675133
0.674073
0.673183
0.672352
0.671265
0.670289
0.669062
0.668040
0.666893
0.665763
0.664678
0.663544
0.662401
0.661142
0.660114
0.658875
0.657848
0.656551
0.655267
0.654134
0.652937
0.651680
0.650558
0.649333
0.648162
0.647121
0.646032
0.644685
0.643487
0.642240
0.640989
0.639699
0.638486
0.637357
0.636257
0.635102
0.633896
0.632566
0.631419
0.630252
0.628921
0.627617
0.626423
0.625064
0.623807
0.622458
0.621110
0.619850
0.618718
0.617568
0.616430
0.615425
0.614419
0.613314
0.612263
0.611035
0.610044
0.608952
0.607895
0.606779
0.605562
0.604465
0.603408
0.602308
0.601394
0.600524
0.599651
0.598848
0.597841
0.596912
0.595928
0.595073
0.594246
0.593334
0.592379
0.591599
0.590770
0.589969
0.589130
0.588206
0.587533
0.586707
0.586089
0.585437
0.584823
0.584006
0.583209
0.582582
0.581926
0.581227
0.580639
0.579951
0.579267
0.578809
0.578222
0.577580
0.576979
0.576383
0.575752
0.575172
0.574787
0.574150
0.573742
0.573122
0.572661
0.572139
0.571725
0.571140
0.570719
0.570320
0.569796
0.569452
0.568964
0.568628
0.568146
0.567793
0.567447
0.567005
0.566586
0.566314
0.566017
0.565614
0.565219
0.564934
0.564592
0.564278
0.563956
0.563646
0.563251
0.563059
0.562729
0.562389
0.561977
0.561681
0.561423
0.561126
0.560827
0.560492
0.560325
0.560032
0.559749
0.559474
0.559206
0.558876
0.558656
0.558229
0.557994
0.557794
0.557473
0.557306
0.557063
0.556817
0.556468
0.556154
0.555948
0.555789
0.555376
0.555181
0.554985
0.554732
0.554490
0.554122
0.554023
0.553794
0.553451
0.553128
0.552998
0.552766
0.552426
0.552251
0.552038
0.551692
0.551569
0.551318
0.551056
0.550832
0.550594
0.550276
0.550064
0.549763
0.549623
0.549502
0.549068
0.548929
0.548508
0.548275
0.548083
0.547845
0.547616
0.547382
0.547126
0.546956
0.546746
0.546533
0.546160
0.545989
0.545674
0.545535
0.545344
0.545127
0.544808
0.544526
0.544256
0.543996
0.543861
0.543567
0.543296
0.543071
0.542892
0.542594
0.542267
0.542057
0.541851
0.541666
0.541388
0.541193
0.540851
0.540639
0.540368
0.540150
0.539760
0.539550
0.539301
0.538971
0.538704
0.538480
0.538301
0.537961
0.537615
0.537342
0.537080
0.536784
0.536538
0.536166
0.535826
0.535436
0.535128
0.534728
0.534502
0.534177
0.533847
0.533413
0.532985
0.532647
0.532212
0.531739
0.531408
0.530858
0.530442
0.530055
0.529528
0.529112
0.528561
0.528041
0.527468
0.526947
0.526300
0.525870
0.525106
0.524510
0.523840
0.523232
0.522634
0.521732
0.521086
0.520386
0.519588
0.518788
0.518059
0.517154
0.516336
0.515457
0.514552
0.513642
0.512830
0.511811
0.510844
0.509935
0.509045
0.508087
0.507067
0.506089
0.505134
0.504159
0.503077
0.502175
0.501035
0.500015
0.499080
0.498076
0.497046
0.495926
0.494941
0.493929
0.492931
0.491951
0.490847
0.489901
0.488906
0.487969
0.486962
0.486173
0.485164
0.484274
0.483203
0.482236
0.481340
0.480411
0.479487
0.478606
0.477788
0.476943
0.476036
0.475088
0.474120
0.473397
0.472505
0.471623
0.470866
0.469899
0.469199
0.468447
0.467728
0.467042
0.466229
0.465444
0.464716
0.463856
0.463135
0.462277
0.461508
0.460678
0.460037
0.459344
0.458677
0.457955
0.457315
0.456716
0.455919
0.455308
0.454652
0.453866
0.453272
0.452595
0.451809
0.451120
0.450440
0.449825
0.449182
0.448474
0.447829
0.447328
0.446583
0.445960
0.445282
0.444507
0.443852
0.443268
0.442566
0.441961
0.441325
0.440737
0.440050
0.439418
0.438688
0.438061
0.437247
0.436471
0.435860
0.435175
0.434335
0.433555
0.432809
0.432097
0.431414
0.430713
0.430071
0.429330
0.428438
0.427737
0.426903
0.426168
0.425469
0.424732
0.424075
0.423156
0.422317
0.421538
0.420770
0.419918
0.419048
0.418343
0.417585
0.416754
0.415928
0.415226
0.414374
0.413504
0.412656
0.411782
0.410991
0.410222
0.409381
0.408623
0.407925
0.407344
0.407224
0.407086
0.406713
0.406266
0.405478
0.404587
0.403827
0.403059
0.402174
0.401489
0.400645
0.399885
0.399184
0.398383
0.397593
0.396688
0.396015
0.395232
0.394534
0.393855
0.392971
0.392191
0.391513
0.390720
0.390039
0.389387
0.388621
0.387917
0.387228
0.386443
0.385681
0.384937
0.384230
0.383558
0.382811
0.382409
0.381706
0.380904
0.380259
0.379682
0.378930
0.378260
0.377629
0.376981
0.376323
0.375572
0.375054
0.374312
0.373572
0.372970
0.372340
0.371697
0.371074
0.370632
0.369864
0.369265
0.368578
0.367966
0.367279
0.366616
0.365951
0.365201
0.364605
0.363897
0.363197
0.362550
0.361973
0.361428
0.360693
0.360005
0.359345
0.358667
0.357945
0.357251
0.356559
0.355967
0.355328
0.354759
0.353985
0.353408
0.352597
0.351940
0.351172
0.350573
0.349806
0.349073
0.348223
0.347521
0.346706
0.345959
0.345135
0.344513
0.343744
0.343014
0.342161
0.341416
0.340442
0.339756
0.338894
0.337993
0.337209
0.336509
0.335674
0.334879
0.334024
0.333447
0.332569
0.331828
0.330965
0.330050
0.329251
0.328452
0.327643
0.326768
0.325838
0.324999
0.324096
0.323184
0.322328
0.321432
0.320534
0.319623
0.318787
0.317960
0.317127
0.316326
0.315395
0.314514
0.313478
0.312458
0.311426
0.310421
0.309312
0.308469
0.307425
0.306481
0.305537
0.304718
0.304014
0.303224
0.302335
0.301335
0.300418
0.299556
0.298531
0.297640
0.296670
0.295753
0.294812
0.293834
0.293064
0.292229
0.291344
0.290483
0.289507
0.288642
0.287673
0.286790
0.285952
0.285068
0.284122
0.283311
0.282376
0.281575
0.280722
0.279940
0.279096
0.278296
0.277462
0.276636
0.275775
0.274895
0.274024
0.273190
0.272356
0.271574
0.270695
0.269895
0.269029
0.268236
0.267446
0.266649
0.265956
0.265017
0.264214
0.263412
0.262602
0.261773
0.260899
0.260120
0.259284
0.258499
0.257801
0.257133
0.256451
0.255574
0.254741
0.254012
0.253278
0.252400
0.251504
0.250708
0.249849
0.248995
0.248157
0.247272
0.246420
0.245612
0.244896
0.243886
0.243032
0.242216
0.241313
0.240567
0.239845
0.238995
0.238065
0.237230
0.236384
0.235554
0.234685
0.233718
0.232960
0.232023
0.231116
0.230308
0.229375
0.228533
0.227644
0.226842
0.225935
0.224990
0.224306
0.223543
0.222728
0.221822
0.221019
0.220191
0.219290
0.218444
0.217603
0.216795
0.215900
0.214954
0.214145
0.213234
0.212524
0.211597
0.210809
0.209951
0.209139
0.208297
0.207447
0.206652
0.206015
0.205269
0.204444
0.203605
0.203020
0.202309
0.201536
0.200801
0.200064
0.199307
0.198580
0.197773
0.197009
0.196172
0.195304
0.194613
0.193943
0.193302
0.192606
0.191869
0.191248
0.190510
0.189913
0.189230
0.188657
0.188185
0.187561
0.186880
0.186151
0.185373
0.184724
0.183995
0.183295
0.182416
0.181777
0.181095
0.180459
0.179753
0.178968
0.178308
0.177565
0.176921
0.176119
0.175498
0.174745
0.174051
0.173306
0.172553
0.171908
0.171196
0.170552
0.169839
0.169123
0.168411
0.167958
0.167491
0.166851
0.166167
0.165534
0.164765
0.164072
0.163367
0.162750
0.162064
0.161365
0.160697
0.159997
0.159229
0.158534
0.157896
0.157177
0.156501
0.155853
0.155165
0.154455
0.153606
0.153097
0.152509
0.151959
0.151429
0.150833
0.150306
0.149726
0.149147
0.148581
0.148001
0.147497
0.147004
0.146471
0.145985
0.145485
0.145199
0.144795
0.144354
0.143698
0.142862
0.142018
0.141161
0.140310
0.139442
0.138728
0.137851
0.136942
0.136122
0.135280
0.134444
0.133657
0.132770
0.132011
0.131126
0.130344
0.129494
0.128590
0.127804
0.126976
0.126218
0.125420
0.124678
0.123855
0.122967
0.122184
0.121335
0.120523
0.119704
0.118881
0.118091
0.117288
0.116504
0.115657
0.114899
0.114077
0.113375
0.112646
0.111894
0.111166
0.110364
0.109654
0.108916
0.108180
0.107673
0.107006
0.106281
0.105545
0.104818
0.104029
0.103348
0.102616
0.101869
0.101202
0.100497
0.099905
0.099197
0.098555
0.097752
0.097072
0.096470
0.095785
0.095124
0.094443
0.093877
0.093366
0.092733
0.092071
0.091400
0.090901
0.090215
0.089617
0.088992
0.088422
0.087806
0.087347
0.086727
0.086155
0.085587
0.084872
0.084309
0.083734
0.083161
0.082629
0.082023
0.081434
0.080832
0.080351
0.079695
0.079196
0.078700
0.078121
0.077639
0.076975
0.076494
0.075957
0.075451
0.074891
0.074320
0.073883
0.073404
0.072922
0.072356
0.071920
0.071393
0.070908
0.070431
0.069930
0.069504
0.068991
0.068561
0.068134
0.067698
0.067263
0.066774
0.066405
0.065966
0.065460
0.065073
0.064643
0.064207
0.063833
0.063426
0.063000
0.062605
0.062255
0.061833
0.061490
0.061121
0.060750
0.060332
0.059936
0.059567
0.059216
0.058814
0.058543
0.058177
0.057812
0.057482
0.057074
0.056668
0.056351
0.056050
0.055716
0.055398
0.055099
0.054755
0.054481
0.054162
0.053848
0.053490
0.053195
0.052882
0.052505
0.052218
0.052034
0.051753
0.051421
0.051076
0.050745
0.050479
0.050265
0.049961
0.049667
0.049377
0.049071
0.048814
0.048567
0.048310
0.048025
0.047750
0.047516
0.047154
0.046965
0.046726
0.046408
0.046188
0.045982
0.045724
0.045523
0.045225
0.044977
0.044809
0.044609
0.044393
0.044179
0.043984
0.043742
0.043596
0.043328
0.043120
0.042907
0.042756
0.042610
0.042406
0.042212
0.042015
0.041801
0.041660
0.041457
0.041271
0.040998
0.040964
0.040824
0.040554
0.040413
0.040316
0.040199
0.040061
0.039897
0.039696
0.039581
0.039397
0.039222
0.039124
0.039035
0.038906
0.038731
0.038591
0.038493
0.038335
0.038176
0.038118
0.037989
0.037899
0.037698
0.037518
0.037434
0.037393
0.037231
0.037151
0.037046
0.036908
0.036818
0.036653
0.036550
0.036497
0.036361
0.036248
0.036167
0.036054
0.035968
0.035923
0.035779
0.035702
0.035603
0.035498
0.035483
0.035297
0.035185
0.035185
0.035102
0.035090
0.035031
0.034963
0.034815
0.034749
0.034704
0.034597
0.034533
0.034425
0.034425
0.034336
0.034328
0.034236
0.034144
0.034115
0.034132
0.034039
0.034028
0.033944
0.033907
0.033856
0.033754
0.033721
0.033708
0.033708
0.033681
0.033596
0.033539
0.033531
0.033437
0.033426
0.033370
0.033356
0.033356
0.033293
0.033295
0.033326
0.033188
0.033188
0.033159
0.033152
0.033088
0.033043
0.033037
0.032989
0.032944
0.032901
0.032913
0.032820
0.032868
0.032878
0.032834
0.032745
0.032802
0.032797
0.032767
0.032770
0.032637
0.032637
0.032667
0.032653
0.032691
0.032604
0.032613
0.032569
0.032634
0.032636
0.032545
0.032545
0.032464
0.032504
0.032465
0.032490
0.032490
0.032452
0.032408
0.032371
0.032424
0.032457
0.032367
0.032367
0.032367
0.032323
0.032281
0.032289
0.032285
0.032238
0.032247
0.032191
0.032155
0.032248
0.032330
0.032345
0.032355
0.032273
0.032273
0.032275
0.032235
0.032232
0.032232
0.032232
0.032219
0.032178
0.032145
0.032154
0.032251
0.032214
0.032214
0.032175
0.032175
0.032175
0.032137
0.032215
0.032215
0.032177
0.032194
0.032194
0.032150
0.032212
0.032139
0.032165
0.032165
0.032165
0.032165
0.032166
0.032204
0.032204
0.032167
0.032121
0.032167
0.032167
0.032167
0.032179
0.032167
0.032132
0.032219
0.032219
0.032208
0.032169
0.032250
0.032204
0.032204
0.032204
0.032170
0.032170
0.032216
0.032141
0.032172
0.032211
0.032218
0.032199
0.032167
0.032129
0.032171
0.032182
0.032182
0.032196
0.032196
0.032196
0.032184
0.032267
0.032213
0.032203
0.032203
0.032203
0.032203
0.032203
0.032246
0.032260
0.032260
0.032247
0.032202
0.032174
0.032157
0.032157
0.032179
0.032225
0.032225
0.032225
0.032225
0.032225
0.032225
0.032248
0.032284
0.032239
0.032214
0.032221
0.032204
0.032160
0.032140
0.032140
0.032185
0.032185
0.032185
0.032185
0.032166
0.032205
0.032198
0.032198
0.032198
0.032176
0.032095
0.032189
0.032145
0.032145
0.032145
0.032145
0.032145
0.032128
0.032128
0.032202
0.032202
0.032202
0.032163
0.032163
0.032147
0.032108
0.032129
0.032110
0.032112
0.032112
0.032067
0.032052
0.032090
0.032090
0.032090
0.032090
0.032090
0.032076
0.032076
0.032121
0.032082
0.032098
0.032098
0.032043
0.032043
0.032110
0.032110
0.032110
0.032110
0.032082
0.032082
0.032082
0.032090
0.032110
0.032110
0.032060
0.032060
0.032023
0.032061
0.032020
0.032020
0.032010
0.032010
0.031971
0.031971
0.031971
0.031961
0.031961
0.032006
0.031958
0.031958
0.031958
0.031949
0.031949
0.031904
0.031904
0.031904
0.031855
0.031844
0.031844
0.031890
0.031924
0.031950
0.031950
0.031950
0.031950
0.031950
0.031902
0.031895
0.031895
0.031874
0.031874
0.031874
0.031889
0.031889
0.031889
0.031843
0.031843
0.031790
0.031790
0.031790
0.031790
0.031790
0.031786
0.031786
0.031786
0.031786
0.031737
0.031734
0.031734
0.031734
0.031734
0.031766
0.031764
0.031680
0.031649
0.031649
0.031649
0.031611
0.031610
0.031610
0.031561
0.031561
0.031555
0.031555
0.031631
0.031631
0.031631
0.031582
0.031539
0.031515
0.031515
0.031554
0.031554
0.031508
0.031508
0.031504
0.031504
0.031580
0.031605
0.031556
0.031556
0.031556
0.031535
0.031422
0.031467
0.031418
0.031418
0.031418
0.031418
0.031425
0.031462
0.031435
0.031435
0.031435
0.031422
0.031386
0.031374
0.031391
0.031315
0.031315
0.031325
0.031325
0.031277
0.031277
0.031279
0.031301
0.031275
0.031275
0.031228
0.031220
0.031257
0.031286
0.031210
0.031163
0.031163
0.031163
0.031163
0.031217
0.031217
0.031153
0.031117
0.031117
0.031117
0.031132
0.031207
0.031140
0.031140
0.031099
0.031099
0.031147
0.031102
0.031146
0.031146
0.031168
0.031131
0.031131
0.031105
0.031105
0.031105
0.031120
0.031128
0.031083
0.031059
0.031104
0.031104
0.031104
0.031104
0.031089
0.031046
0.031068
0.031068
0.031068
0.031068
0.031083
0.031048
0.031004
0.031028
0.031028
0.031028
0.031028
0.031028
0.031012
0.030971
0.030997
0.030997
0.030997
0.030997
0.031012
0.030972
0.030972
0.030999
0.030999
0.030999
0.030999
0.030965
0.030950
0.030910
0.030975
0.030975
0.030975
0.030967
0.030963
0.030963
0.030926
0.030926
0.030957
0.030957
0.030957
0.030920
0.030942
0.030942
0.030905
0.030905
0.030938
0.030916
0.030916
0.030953
0.030986
0.030986
0.030986
0.030985
0.030952
0.030915
0.030915
0.030937
0.030902
0.030902
0.030902
0.030915
0.030882
0.030926
0.030959
0.030998
0.030998
0.030998
0.030926
0.030925
0.030925
0.030894
0.030894
0.030894
0.030894
0.030894
0.030894
0.030968
0.031040
0.031040
0.031040
0.031040
0.030938
0.030937
0.030937
0.030976
0.030976
0.030976
0.030976
0.030976
0.030976
0.031014
0.031039
0.031051
0.031096
0.031096
0.031026
0.030987
0.030987
0.030987
0.030987
0.031028
0.031021
0.031021
0.031034
0.031034
0.031059
0.031059
0.031059
0.031100
0.031074
0.031040
0.031001
0.031033
0.031033
0.031033
0.031033
0.031020
0.031059
0.031093
0.031048
0.031031
0.031031
0.031031
0.031076
0.031042
0.031116
0.031077
0.031077
0.031077
0.031055
0.031094
0.031070
0.031104
0.031103
0.031103
0.031103
0.031137
0.031182
0.031179
0.031179
0.031179
0.031223
0.031223
0.031203
0.031203
0.031203
0.031207
0.031162
0.031162
0.031162
0.031206
0.031251
0.031248
0.031248
0.031248
0.031248
0.031248
0.031230
0.031275
0.031275
0.031264
0.031233
0.031233
0.031198
0.031198
0.031229
0.031240
0.031240
0.031279
0.031279
0.031279
0.031262
0.031262
0.031262
0.031251
0.031251
0.031251
0.031251
0.031297
0.031297
0.031308
0.031308
0.031308
0.031308
0.031308
0.031293
0.031293
0.031293
0.031282
0.031364
0.031343
0.031305
0.031326
0.031364
0.031375
0.031375
0.031375
0.031382
0.031382
0.031369
0.031369
0.031369
0.031358
0.031299
0.031299
0.031299
0.031299
0.031337
0.031369
0.031369
0.031416
0.031416
0.031416
0.031416
0.031416
0.031450
0.031334
0.031334
0.031299
0.031299
0.031299
0.031299
0.031403
0.031369
0.031369
0.031369
0.031369
0.031369
0.031369
0.031344
0.031299
0.031299
0.031337
0.031326
0.031326
0.031288
0.031371
0.031351
0.031351
0.031303
0.031303
0.031303
0.031303
0.031233
0.031233
0.031307
0.031307
0.031307
0.031307
0.031258
0.031258
0.031328
0.031328
0.031328
0.031328
0.031328
0.031307
0.031258
0.031297
0.031297
0.031297
0.031288
0.031288
0.031288
0.031249
0.031305
0.031326
0.031326
0.031326
0.031326
0.031267
0.031248
0.031287
0.031287
0.031287
0.031252
0.031252
0.031252
0.031213
0.031225
0.031263
0.031263
0.031256
0.031288
0.031218
0.031246
0.031246
0.031246
0.031246
0.031246
0.031246
0.031246
0.031240
0.031213
0.031244
0.031244
0.031244
0.031244
0.031244
0.031240
0.031275
0.031227
0.031223
0.031223
0.031223
0.031223
0.031223
0.031219
0.031219
0.031219
0.031219
0.031219
0.031255
0.031213
0.031213
0.031213
0.031213
0.031213
0.031164
0.031164
0.031195
0.031205
0.031166
0.031166
0.031166
0.031166
0.031205
0.031194
0.031163
0.031128
0.031079
0.031079
0.031079
0.031079
0.031110
0.031110
0.031128
0.031128
0.031128
0.031129
0.031084
0.031070
0.031070
0.031039
0.031039
0.031039
0.031039
0.031070
0.031072
0.031072
0.031035
0.031035
0.031035
0.031035
0.031059
0.031059
0.031059
0.031063
0.031063
0.031015
0.031015
0.031015
0.031015
0.031015
0.031026
0.031026
0.031031
0.030983
