2.304634
2.181092
2.076781
2.015153
1.988538
1.980328
1.978632
1.978549
1.978700
1.978712
1.978177
1.977528
1.976749
1.975592
1.974445
1.973202
1.971618
1.969672
1.968221
1.966702
1.964506
1.961753
1.958796
1.955878
1.952764
1.949919
1.946743
1.943476
1.939959
1.936601
1.932774
1.929301
1.925903
1.922400
1.918448
1.914940
1.911334
1.907445
1.903517
1.899634
1.895667
1.891939
1.888458
1.884815
1.881243
1.877489
1.873865
1.870023
1.866351
1.862382
1.858631
1.854936
1.851005
1.847114
1.843275
1.839206
1.835008
1.830526
1.826688
1.822711
1.818646
1.814249
1.809693
1.805260
1.800524
1.795819
1.791158
1.786843
1.782021
1.777264
1.772560
1.767858
1.762880
1.757710
1.752809
1.747837
1.742776
1.737982
1.733547
1.728823
1.724020
1.719404
1.714633
1.709777
1.705091
1.700370
1.695535
1.690476
1.685686
1.680707
1.675837
1.670743
1.665973
1.660925
1.656159
1.651153
1.646381
1.641449
1.636479
1.631654
1.627106
1.622303
1.617494
1.612788
1.607847
1.602778
1.597657
1.592422
1.587295
1.582205
1.577352
1.572283
1.567213
1.562281
1.557051
1.552196
1.547114
1.542148
1.537322
1.532225
1.527502
1.523196
1.519139
1.515431
1.511259
1.507152
1.503223
1.498843
1.495290
1.492575
1.490334
1.488220
1.486526
1.484893
1.483469
1.481529
1.479716
1.477347
1.474029
1.470367
1.465949
1.461372
1.456373
1.451746
1.446573
1.441854
1.437220
1.432351
1.428691
1.425559
1.423136
1.420650
1.418801
1.416958
1.414985
1.413040
1.411069
1.408374
1.405350
1.402340
1.398782
1.394797
1.390745
1.386963
1.383316
1.379755
1.375860
1.371925
1.368351
1.365328
1.362384
1.359781
1.357153
1.354601
1.352028
1.349428
1.346552
1.343546
1.340053
1.336712
1.333391
1.329735
1.326079
1.322638
1.319404
1.315993
1.312464
1.309104
1.306111
1.303631
1.301124
1.298838
1.296665
1.294481
1.292372
1.289606
1.286562
1.283185
1.279623
1.276207
1.272843
1.269622
1.266483
1.263306
1.260183
1.257276
1.255069
1.253149
1.251523
1.250252
1.248876
1.247720
1.246437
1.244428
1.241816
1.239000
1.236024
1.232886
1.229550
1.226586
1.223557
1.220445
1.217386
1.214095
1.210970
1.208421
1.206340
1.204368
1.202702
1.201011
1.199412
1.197592
1.195714
1.193675
1.191511
1.189108
1.186257
1.183591
1.180655
1.177633
1.174695
1.171645
1.168292
1.164939
1.161055
1.157775
1.154656
1.152171
1.149958
1.147963
1.146052
1.144262
1.142550
1.140585
1.138607
1.135810
1.132118
1.128696
1.125143
1.121280
1.117871
1.113941
1.110230
1.106443
1.102661
1.098628
1.095599
1.092974
1.090735
1.088391
1.086368
1.084359
1.082236
1.079911
1.076808
1.072800
1.068607
1.064486
1.060294
1.056196
1.051806
1.048072
1.045028
1.042530
1.040071
1.036708
1.032863
1.028806
1.024655
1.020640
1.017281
1.014724
1.012357
1.010222
1.008570
1.007232
1.005502
1.003848
1.001367
0.997939
0.993920
0.989643
0.985339
0.980989
0.976711
0.972216
0.967887
0.963407
0.958756
0.953970
0.949582
0.945789
0.942705
0.939909
0.937416
0.934932
0.932708
0.930353
0.927622
0.924046
0.920044
0.915884
0.911263
0.906534
0.901933
0.897228
0.892539
0.887948
0.883630
0.879365
0.876085
0.873064
0.870693
0.868439
0.866376
0.864424
0.862376
0.860013
0.856975
0.853418
0.849211
0.845055
0.840942
0.836883
0.832976
0.829082
0.825129
0.822079
0.819632
0.817693
0.816187
0.814636
0.813540
0.812234
0.810218
0.807781
0.804669
0.800974
0.797072
0.793031
0.789106
0.785266
0.781556
0.777904
0.774523
0.771772
0.769522
0.767146
0.765021
0.763455
0.761881
0.760495
0.759233
0.757574
0.755243
0.752192
0.748869
0.745457
0.742084
0.738492
0.734830
0.731682
0.728609
0.725257
0.722303
0.719573
0.716782
0.714032
0.712166
0.710478
0.708513
0.706951
0.705857
0.705068
0.704063
0.703243
0.702607
0.701560
0.699694
0.697227
0.694338
0.691554
0.688543
0.685497
0.682487
0.679543
0.676543
0.673565
0.671028
0.668995
0.666717
0.664260
0.662749
0.661525
0.659896
0.658710
0.657934
0.657180
0.656748
0.656445
0.656057
0.655143
0.653591
0.651398
0.648901
0.646307
0.643538
0.640975
0.638181
0.635361
0.632728
0.629955
0.627483
0.624845
0.622125
0.619492
0.616696
0.614007
0.611543
0.610081
0.609434
0.609143
0.609011
0.609282
0.609853
0.610225
0.610476
0.610157
0.609060
0.607015
0.604830
0.602461
0.599622
0.597159
0.594633
0.592351
0.589965
0.587794
0.586456
0.585544
0.584268
0.583391
0.583238
0.582998
0.582966
0.582900
0.582532
0.581656
0.579918
0.577720
0.575374
0.572862
0.570383
0.567967
0.565560
0.563295
0.561126
0.558807
0.556504
0.554165
0.551927
0.549523
0.547290
0.545272
0.544312
0.543970
0.544072
0.544708
0.545496
0.546428
0.547191
0.547934
0.547923
0.546874
0.545037
0.542987
0.540903
0.538763
0.536250
0.534043
0.531715
0.529530
0.527782
0.527238
0.526818
0.525912
0.525974
0.526298
0.526730
0.527027
0.526987
0.526240
0.524611
0.522642
0.520694
0.518624
0.516359
0.514236
0.511961
0.509817
0.507817
0.506245
0.505286
0.503771
0.502605
0.502329
0.502173
0.501589
0.501675
0.502298
0.502830
0.503658
0.503867
0.504268
0.503496
0.502020
0.500088
0.498406
0.496525
0.494528
0.492619
0.490695
0.488799
0.486944
0.485098
0.483308
0.481404
0.479622
0.477674
0.476047
0.474488
0.472866
0.472487
0.472500
0.473037
0.473739
0.474862
0.476171
0.477486
0.478721
0.479210
0.478570
0.477159
0.475660
0.474423
0.472741
0.471080
0.469593
0.468039
0.466487
0.464778
0.463114
0.461479
0.459814
0.458075
0.456664
0.455405
0.454064
0.452916
0.452537
0.452935
0.453486
0.454274
0.455270
0.456219
0.457260
0.458206
0.458665
0.457983
0.456860
0.455379
0.454013
0.452579
0.451029
0.449618
0.448162
0.446536
0.445087
0.443687
0.442116
0.440681
0.439156
0.437665
0.436047
0.434767
0.433411
0.432203
0.431763
0.431664
0.431892
0.432373
0.432971
0.433669
0.434276
0.434573
0.434419
0.433364
0.432106
0.430732
0.429253
0.427857
0.426455
0.425066
0.423657
0.422334
0.420873
0.419632
0.418269
0.416763
0.415363
0.413952
0.412541
0.411197
0.409881
0.408500
0.407795
0.407410
0.407431
0.407664
0.407975
0.408253
0.408505
0.408533
0.408090
0.406973
0.405776
0.404423
0.403226
0.401785
0.400333
0.399186
0.397854
0.396787
0.395525
0.394363
0.393039
0.391629
0.390458
0.389240
0.387991
0.386733
0.385444
0.384481
0.383446
0.382410
0.381603
0.380558
0.379948
0.379798
0.379796
0.379961
0.380304
0.380255
0.380299
0.380227
0.379966
0.379249
0.378595
0.377553
0.376360
0.375531
0.374311
0.373269
0.372085
0.370757
0.369388
0.368253
0.367183
0.366417
0.365857
0.365415
0.365105
0.364746
0.364162
0.363331
0.362264
0.361041
0.360113
0.358828
0.357907
0.356815
0.355807
0.354861
0.353883
0.352876
0.351860
0.350713
0.349833
0.348851
0.347867
0.346800
0.345983
0.344990
0.344225
0.343213
0.342251
0.341449
0.340483
0.339630
0.338789
0.337978
0.337061
0.336305
0.335390
0.334441
0.333699
0.332847
0.332012
0.331177
0.330340
0.329569
0.328619
0.327900
0.327129
0.326303
0.325341
0.324401
0.323528
0.322765
0.322034
0.321196
0.320531
0.319927
0.319290
0.318863
0.318262
0.317383
0.316593
0.315773
0.314925
0.314256
0.313486
0.312766
0.312165
0.311351
0.310580
0.309698
0.309073
0.308291
0.307505
0.306626
0.305729
0.305004
0.304188
0.303310
0.302517
0.301714
0.300931
0.299949
0.299070
0.298207
0.297369
0.296523
0.295653
0.294816
0.293851
0.292988
0.292072
0.291093
0.290123
0.289303
0.288358
0.287430
0.286447
0.285521
0.284468
0.283530
0.282535
0.281525
0.280405
0.279438
0.278422
0.277436
0.276384
0.275278
0.274297
0.273175
0.272209
0.271116
0.270021
0.268863
0.267846
0.266740
0.265599
0.264500
0.263241
0.262119
0.261078
0.259902
0.258849
0.257671
0.256490
0.255297
0.254186
0.253025
0.251844
0.250650
0.249412
0.248261
0.247007
0.245756
0.244562
0.243427
0.242247
0.241021
0.239826
0.238593
0.237371
0.236174
0.234885
0.233741
0.232437
0.231170
0.229918
0.228879
0.227628
0.226504
0.225118
0.223902
0.222743
0.221496
0.220387
0.219151
0.217879
0.216687
0.215493
0.214306
0.213155
0.212114
0.210974
0.209713
0.208555
0.207362
0.206303
0.205100
0.204040
0.202860
0.201783
0.200679
0.199642
0.198593
0.197439
0.196372
0.195359
0.194264
0.193270
0.192358
0.191376
0.190363
0.189295
0.188302
0.187180
0.186310
0.185279
0.184389
0.183427
0.182473
0.181601
0.180568
0.179606
0.178744
0.177849
0.176910
0.176012
0.175060
0.174217
0.173250
0.172490
0.171630
0.170612
0.169706
0.168821
0.167838
0.166903
0.166046
0.165229
0.164344
0.163402
0.162548
0.161584
0.160644
0.159672
0.158734
0.157847
0.156909
0.155970
0.155027
0.154132
0.153142
0.152205
0.151245
0.150274
0.149307
0.148325
0.147260
0.146321
0.145232
0.144262
0.143214
0.142192
0.141118
0.140093
0.139155
0.138076
0.137094
0.136097
0.135172
0.134191
0.133193
0.132174
0.131088
0.130052
0.129074
0.128056
0.127049
0.125924
0.125058
0.123981
0.123001
0.122131
0.121126
0.120211
0.119088
0.118231
0.117159
0.116213
0.115201
0.114247
0.113220
0.112320
0.111323
0.110339
0.109536
0.108629
0.107628
0.106642
0.105713
0.104773
0.103939
0.103050
0.102091
0.101323
0.100391
0.099563
0.098651
0.097762
0.096975
0.096174
0.095242
0.094487
0.093735
0.092952
0.092085
0.091360
0.090581
0.089732
0.088988
0.088294
0.087522
0.086913
0.086106
0.085494
0.084770
0.084176
0.083441
0.082802
0.082120
0.081505
0.080890
0.080373
0.079736
0.079190
0.078692
0.078012
0.077496
0.076946
0.076436
0.076020
0.075500
0.074898
0.074369
0.073947
0.073433
0.072987
0.072514
0.072107
0.071573
0.071227
0.070729
0.070401
0.070056
0.069646
0.069275
0.068948
0.068549
0.068162
0.067907
0.067468
0.067224
0.066814
0.066448
0.066227
0.065898
0.065610
0.065308
0.065032
0.064716
0.064392
0.064235
0.063882
0.063675
0.063370
0.063197
0.062887
0.062706
0.062439
0.062260
0.062033
0.061813
0.061620
0.061404
0.061247
0.060991
0.060731
0.060524
0.060365
0.060195
0.060032
0.059753
0.059711
0.059519
0.059370
0.059178
0.059076
0.058832
0.058679
0.058540
0.058354
0.058218
0.058127
0.058041
0.057768
0.057689
0.057546
0.057361
0.057257
0.056958
0.056908
0.056839
0.056673
0.056604
0.056454
0.056264
0.056186
0.056016
0.055893
0.055852
0.055762
0.055708
0.055586
0.055402
0.055311
0.055172
0.055027
0.054951
0.054819
0.054691
0.054575
0.054484
0.054299
0.054172
0.054088
0.053956
0.053861
0.053771
0.053636
0.053570
0.053451
0.053249
0.053196
0.053084
0.052933
0.052780
0.052681
0.052614
0.052540
0.052446
0.052364
0.052306
0.052208
0.052067
0.051774
0.051721
0.051666
0.051507
0.051474
0.051270
0.051229
0.051145
0.051056
0.050890
0.050877
0.050690
0.050571
0.050502
0.050298
0.050118
0.050093
0.049989
0.049916
0.049805
0.049701
0.049642
0.049426
0.049371
0.049280
0.049104
0.049000
0.048937
0.048728
0.048666
0.048546
0.048447
0.048350
0.048237
0.048050
0.047972
0.047875
0.047758
0.047658
0.047556
0.047530
0.047332
0.047184
0.047072
0.047032
0.046925
0.046824
0.046708
0.046584
0.046440
0.046339
0.046231
0.046080
0.046025
0.045751
0.045592
0.045495
0.045410
0.045319
0.045272
0.045128
0.045011
0.044906
0.044774
0.044706
0.044511
0.044440
0.044438
0.044346
0.044214
0.044130
0.043962
0.043866
0.043786
0.043688
0.043496
0.043499
0.043345
0.043220
0.043151
0.043072
0.042920
0.042804
0.042710
0.042551
0.042457
0.042318
0.042165
0.042125
0.042004
0.042006
0.041918
0.041720
0.041704
0.041627
0.041481
0.041265
0.041118
0.041083
0.040936
0.040803
0.040747
0.040703
0.040566
0.040506
0.040409
0.040373
0.040257
0.040084
0.039979
0.039883
0.039732
0.039648
0.039493
0.039447
0.039351
0.039322
0.039221
0.039098
0.039018
0.038952
0.038893
0.038872
0.038802
0.038689
0.038624
0.038459
0.038415
0.038305
0.038198
0.038174
0.038064
0.038025
0.037944
0.037895
0.037739
0.037687
0.037511
0.037485
0.037378
0.037298
0.037283
0.037112
0.037110
0.036971
0.036939
0.036860
0.036800
0.036708
0.036668
0.036631
0.036457
0.036409
0.036346
0.036251
0.036197
0.036087
0.036018
0.035848
0.035892
0.035874
0.035825
0.035718
0.035627
0.035559
0.035459
0.035515
0.035331
0.035323
0.035196
0.035192
0.035152
0.035035
0.034964
0.034915
0.034932
0.034790
0.034778
0.034702
0.034625
0.034586
0.034563
0.034491
0.034394
0.034374
0.034305
0.034230
0.034198
0.034149
0.034108
0.034067
0.034018
0.034022
0.034056
0.033968
0.033931
0.033856
0.033800
0.033770
0.033700
0.033654
0.033683
0.033670
0.033588
0.033546
0.033498
0.033527
0.033471
0.033423
0.033335
0.033357
0.033174
0.033124
0.033146
0.033098
0.033127
0.033090
0.033082
0.033117
0.033053
0.033076
0.032969
0.032969
0.032908
0.032872
0.032790
0.032776
0.032723
0.032660
0.032660
0.032774
0.032747
0.032734
0.032734
0.032657
0.032622
0.032613
0.032566
0.032603
0.032542
0.032508
0.032448
0.032396
0.032434
0.032419
0.032488
0.032425
0.032435
0.032471
0.032471
0.032423
0.032378
0.032378
0.032342
0.032334
0.032290
0.032280
0.032331
0.032327
0.032287
0.032287
0.032287
0.032270
0.032253
0.032253
0.032260
0.032292
0.032286
0.032242
0.032162
0.032168
0.032208
0.032206
0.032185
0.032213
0.032171
0.032208
0.032208
0.032237
0.032212
0.032212
0.032154
0.032142
0.032098
0.032098
0.032087
0.032094
0.032112
0.032153
0.032126
0.032100
0.032060
0.032090
0.032090
0.032090
0.032090
0.032120
0.032012
0.032012
0.031972
0.031933
0.031949
0.031980
0.031980
0.031955
0.031920
0.031920
0.031988
0.031949
0.031937
0.031941
0.031871
0.031839
0.031904
0.031904
0.031923
0.031885
0.031928
0.031930
0.031962
0.031902
0.031902
0.031864
0.031858
0.031858
0.031890
0.031890
0.031890
0.031827
0.031827
0.031725
0.031725
0.031725
0.031780
0.031743
0.031706
0.031683
0.031683
0.031683
0.031667
0.031661
0.031673
0.031637
0.031637
0.031637
0.031577
0.031577
0.031577
0.031540
0.031570
0.031604
0.031570
0.031570
0.031513
0.031513
0.031513
0.031469
0.031469
0.031469
0.031469
0.031433
0.031433
0.031376
0.031448
0.031425
0.031425
0.031425
0.031425
0.031425
0.031385
0.031379
0.031344
0.031298
0.031266
0.031303
0.031343
0.031308
0.031308
0.031289
0.031289
0.031255
0.031220
0.031180
0.031180
0.031135
0.031135
0.031117
0.031118
0.031113
0.031113
0.031153
0.031119
0.031119
0.031119
0.031056
0.031016
0.031016
0.030983
0.030983
0.030983
0.030945
0.030945
0.030895
0.030895
0.030826
0.030844
0.030844
0.030773
0.030773
0.030773
0.030758
0.030758
0.030711
0.030711
0.030678
0.030678
0.030678
0.030678
0.030668
0.030668
0.030621
0.030621
0.030592
0.030592
0.030523
0.030523
0.030509
0.030509
0.030462
0.030462
0.030467
0.030467
0.030467
0.030467
0.030422
0.030376
0.030376
0.030376
0.030376
0.030376
0.030376
0.030344
0.030266
0.030254
0.030254
0.030227
0.030196
0.030157
0.030157
0.030157
0.030110
0.030099
0.030068
0.030068
0.030068
0.030035
0.030035
0.029989
0.029990
0.029988
0.029988
0.029978
0.029978
0.029948
0.029901
0.029879
0.029847
0.029834
0.029834
0.029834
0.029834
0.029725
0.029725
0.029763
0.029818
0.029789
0.029789
0.029787
0.029708
0.029708
0.029708
0.029700
0.029700
0.029671
0.029671
0.029671
0.029624
0.029624
0.029554
0.029554
0.029554
0.029554
0.029548
0.029501
0.029501
0.029472
0.029472
0.029472
0.029440
0.029440
0.029440
0.029345
0.029345
0.029345
0.029345
0.029340
0.029340
0.029340
0.029312
0.029265
0.029265
0.029264
0.029264
0.029264
0.029264
0.029236
0.029236
0.029189
0.029189
0.029189
0.029186
0.029186
0.029159
0.029159
0.029159
0.029128
0.029082
0.029082
0.029082
0.029055
0.029055
0.029055
0.029055
0.029055
0.029055
0.029009
0.028982
0.028966
0.028966
0.028966
0.028966
0.028966
0.028966
0.028929
0.028902
0.028815
0.028815
0.028815
0.028857
0.028857
0.028857
0.028857
0.028831
0.028831
0.028831
0.028831
0.028786
0.028725
0.028725
0.028699
0.028699
0.028699
0.028699
0.028699
0.028699
0.028742
0.028742
0.028697
0.028697
0.028697
0.028629
0.028629
0.028667
0.028667
0.028667
0.028667
0.028667
0.028667
0.028604
0.028604
0.028560
0.028560
0.028549
0.028587
0.028591
0.028591
0.028562
0.028562
0.028537
0.028537
0.028537
0.028537
0.028537
0.028537
0.028537
0.028495
0.028495
0.028495
0.028495
0.028470
0.028507
0.028507
0.028507
0.028507
0.028507
0.028470
0.028470
0.028470
0.028470
0.028470
0.028470
0.028470
0.028405
0.028442
0.028442
0.028442
0.028442
0.028442
0.028442
0.028442
0.028405
0.028372
0.028372
0.028372
0.028349
0.028349
0.028390
0.028390
0.028390
0.028390
0.028390
0.028390
0.028349
0.028349
0.028309
0.028309
0.028281
0.028281
0.028259
0.028259
0.028259
0.028298
0.028298
0.028298
0.028298
0.028298
0.028298
0.028298
0.028259
0.028252
0.028252
0.028252
0.028252
0.028230
0.028230
0.028230
0.028230
0.028269
0.028229
0.028229
0.028229
0.028190
0.028190
0.028158
0.028158
0.028124
0.028124
0.028124
0.028124
0.028134
0.028134
0.028134
0.028134
0.028134
0.028134
0.028103
0.028103
0.028103
0.028103
0.028103
0.028076
0.028076
0.028076
0.028076
0.028115
0.028115
0.028093
0.028093
0.028093
0.028105
0.028066
0.028066
0.028066
0.028028
0.028028
0.028028
0.028067
0.028067
0.028067
0.028067
0.028067
0.028067
0.028067
0.028067
0.028067
0.028067
0.028067
0.028067
0.028067
0.028067
0.028067
0.028046
0.028046
0.028046
0.028046
0.028046
0.028046
0.028046
0.028046
0.028046
0.028046
0.028021
0.028021
0.028021
0.028021
0.028021
0.028021
0.028021
0.028021
0.028021
0.028021
0.028021
0.028021
0.028021
0.028021
0.028021
0.028021
0.028021
0.028021
0.028001
0.028001
0.028001
0.028001
0.028001
0.028001
0.028001
0.028001
0.028001
0.028001
0.027967
0.027967
0.027967
0.027967
0.027967
0.027967
0.027967
0.027967
0.027967
0.027967
0.027943
0.027943
0.027943
0.027907
0.027907
0.027907
0.027872
0.027872
0.027872
0.027827
0.027827
0.027827
0.027827
0.027827
0.027827
0.027872
0.027872
0.027872
0.027872
0.027872
0.027872
0.027872
0.027807
0.027807
0.027807
0.027807
0.027807
0.027807
0.027807
0.027807
0.027852
0.027852
0.027852
0.027852
0.027852
0.027807
0.027807
0.027807
0.027786
0.027786
0.027786
0.027786
0.027786
0.027786
0.027786
0.027786
0.027786
0.027786
0.027786
0.027786
0.027786
0.027825
0.027825
0.027825
0.027825
0.027825
0.027786
0.027786
0.027786
0.027786
0.027751
0.027751
0.027751
0.027790
0.027790
0.027790
0.027790
0.027790
0.027790
0.027790
0.027790
0.027790
0.027790
0.027790
0.027790
0.027771
0.027771
0.027771
0.027771
0.027771
0.027771
0.027771
0.027752
0.027752
0.027771
0.027771
0.027771
0.027771
0.027771
0.027771
0.027771
0.027771
0.027752
0.027752
0.027752
0.027752
0.027752
0.027752
0.027752
0.027752
0.027752
0.027752
0.027752
0.027737
0.027737
0.027767
0.027767
0.027767
0.027767
0.027767
0.027767
0.027767
0.027767
0.027721
0.027721
0.027721
0.027721
0.027721
0.027721
0.027721
0.027752
0.027752
0.027752
0.027752
0.027752
0.027752
0.027687
0.027687
0.027687
0.027687
0.027687
0.027687
0.027687
0.027687
0.027687
0.027687
0.027687
0.027687
0.027687
0.027687
0.027687
0.027687
0.027687
0.027687
0.027687
0.027687
0.027687
0.027687
0.027687
0.027687
0.027687
0.027687
0.027673
0.027673
0.027673
0.027673
0.027673
0.027634
0.027634
0.027634
0.027634
0.027673
0.027673
0.027711
0.027711
0.027711
0.027711
0.027711
0.027673
0.027673
0.027634
0.027634
0.027634
0.027634
0.027634
0.027634
0.027711
0.027711
0.027711
0.027711
0.027711
0.027711
0.027711
0.027634
0.027634
0.027634
0.027634
0.027634
0.027634
0.027634
0.027711
0.027677
0.027677
0.027677
0.027667
0.027667
0.027667
0.027628
0.027591
0.027591
0.027591
0.027591
0.027591
0.027628
0.027628
0.027707
0.027707
0.027707
0.027707
0.027707
0.027668
0.027628
0.027628
0.027628
0.027628
0.027628
0.027628
0.027668
0.027668
0.027668
0.027668
0.027668
0.027668
0.027668
0.027668
0.027668
0.027668
0.027668
0.027668
0.027668
0.027668
0.027668
0.027668
0.027668
0.027649
0.027649
0.027649
0.027649
0.027668
0.027668
0.027661
0.027661
0.027661
0.027661
0.027661
0.027661
0.027661
0.027643
0.027643
0.027643
0.027643
0.027643
0.027643
0.027661
0.027661
0.027661
0.027661
0.027661
0.027630
0.027630
0.027611
0.027611
0.027611
0.027611
0.027611
0.027611
0.027611
0.027611
0.027630
0.027630
0.027630
0.027630
0.027630
0.027630
0.027611
0.027611
0.027611
0.027611
0.027611
0.027611
0.027611
0.027611
0.027611
0.027630
0.027630
0.027630
0.027630
0.027611
0.027611
0.027611
0.027608
0.027608
0.027608
0.027608
0.027608
0.027608
0.027608
0.027608
0.027608
0.027608
0.027608
0.027608
0.027608
0.027608
0.027608
0.027608
0.027608
0.027608
0.027608
0.027608
0.027608
0.027608
0.027608
0.027608
0.027608
0.027608
0.027608
0.027608
0.027608
0.027608
0.027608
0.027608
0.027608
0.027608
0.027608
0.027579
0.027579
0.027579
0.027579
0.027579
0.027579
0.027579
0.027579
0.027579
0.027579
0.027579
0.027579
0.027550
0.027550
0.027550
0.027550
0.027550
0.027550
0.027550
0.027550
0.027579
0.027579
0.027579
0.027552
0.027552
0.027552
0.027552
0.027552
0.027552
0.027552
0.027552
0.027552
0.027552
0.027552
0.027506
0.027506
0.027506
0.027506
0.027506
0.027552
0.027552
0.027552
0.027552
0.027552
0.027552
0.027552
0.027552
0.027552
0.027506
0.027506
0.027506
0.027506
0.027506
0.027552
0.027552
0.027552
0.027552
0.027552
0.027552
0.027552
0.027552
0.027552
0.027506
0.027506
0.027506
0.027506
0.027546
0.027552
0.027552
0.027552
0.027552
0.027552
0.027552
0.027552
0.027552
0.027546
0.027546
0.027546
0.027546
0.027546
0.027546
0.027546
0.027552
0.027552
0.027552
0.027526
0.027526
0.027526
0.027566
0.027520
0.027520
0.027520
0.027520
0.027527
0.027527
0.027527
0.027573
0.027573
0.027573
0.027573
0.027573
0.027573
0.027573
0.027527
0.027527
0.027527
0.027527
0.027527
0.027527
0.027527
0.027573
0.027573
0.027573
0.027573
0.027573
0.027573
0.027573
0.027527
0.027527
0.027527
0.027527
0.027527
0.027527
0.027527
0.027573
0.027573
0.027573
0.027573
0.027573
0.027573
0.027573
0.027527
0.027527
0.027527
0.027527
0.027527
0.027527
0.027527
0.027527
0.027573
0.027573
0.027573
0.027573
0.027573
0.027527
0.027527
0.027527
0.027498
0.027498
0.027498
0.027498
0.027527
0.027527
0.027573
0.027573
0.027573
0.027573
0.027573
0.027527
0.027527
0.027498
0.027498
0.027498
0.027498
0.027498
0.027527
0.027527
0.027573
0.027571
0.027571
0.027571
0.027571
0.027525
0.027525
0.027495
0.027495
0.027495
0.027473
0.027473
0.027503
0.027503
0.027561
0.027561
0.027561
0.027561
0.027594
0.027515
0.027515
0.027486
0.027486
0.027486
0.027486
0.027486
0.027515
0.027515
0.027548
0.027594
0.027594
0.027594
0.027594
0.027515
0.027515
0.027486
0.027486
0.027486
0.027486
0.027486
0.027515
0.027515
0.027548
0.027509
0.027509
0.027509
0.027509
0.027515
0.027515
0.027486
0.027486
0.027486
0.027486
0.027486
0.027486
0.027515
0.027509
0.027509
0.027509
0.027509
0.027480
0.027509
0.027515
0.027486
0.027486
0.027486
0.027486
0.027486
0.027486
0.027509
0.027480
0.027480
0.027480
0.027480
0.027480
0.027480
0.027515
0.027486
0.027486
0.027486
0.027486
0.027486
0.027457
0.027480
0.027480
0.027480
0.027480
0.027480
0.027480
0.027480
0.027418
0.027457
0.027457
0.027457
0.027457
0.027457
0.027418
0.027480
0.027480
0.027480
0.027480
0.027480
0.027480
0.027480
0.027418
0.027418
0.027457
0.027457
0.027457
0.027457
0.027418
0.027480
0.027480
0.027480
0.027480
0.027480
0.027480
0.027480
0.027418
0.027418
0.027418
0.027418
0.027400
0.027400
0.027433
0.027463
0.027463
0.027463
0.027463
0.027463
0.027463
0.027463
0.027433
0.027418
0.027418
0.027418
0.027418
0.027418
