1.407590
1.237764
1.079274
0.969154
0.909028
0.883983
0.876730
0.877440
0.877884
0.877039
0.875572
0.873966
0.872857
0.871775
0.871135
0.870601
0.869950
0.869431
0.868707
0.868176
0.867564
0.866894
0.866513
0.866137
0.865561
0.865055
0.864739
0.863906
0.863578
0.863372
0.863072
0.863021
0.863087
0.862812
0.862443
0.861775
0.860827
0.859721
0.858272
0.857055
0.855494
0.854104
0.852709
0.851456
0.850219
0.849104
0.847810
0.846521
0.845191
0.843855
0.842557
0.841169
0.839879
0.838826
0.837788
0.836609
0.835460
0.834178
0.833044
0.831822
0.830647
0.829349
0.828219
0.827100
0.826073
0.824835
0.823707
0.822567
0.821383
0.820295
0.819119
0.817965
0.816911
0.815630
0.814609
0.813461
0.812474
0.811426
0.810323
0.809447
0.808490
0.807615
0.806658
0.805517
0.804497
0.803393
0.802400
0.801470
0.800488
0.799738
0.798722
0.797865
0.797086
0.796111
0.795214
0.794293
0.793238
0.792415
0.791565
0.790845
0.790042
0.789047
0.788135
0.786819
0.785756
0.784461
0.783249
0.782047
0.780874
0.779697
0.778522
0.777406
0.776045
0.774952
0.773876
0.772747
0.771691
0.770514
0.769300
0.768268
0.767408
0.766471
0.765610
0.764713
0.763819
0.762883
0.761980
0.760685
0.759668
0.758820
0.757978
0.756521
0.755026
0.753649
0.752279
0.750998
0.749332
0.747705
0.746159
0.744491
0.742993
0.741471
0.739774
0.738386
0.736784
0.735266
0.733495
0.731951
0.730407
0.728914
0.727510
0.726127
0.724554
0.723147
0.722001
0.720865
0.719836
0.718995
0.718328
0.717661
0.716843
0.715940
0.714794
0.713909
0.713014
0.712063
0.711011
0.710133
0.709356
0.708427
0.707511
0.706744
0.705872
0.705147
0.704365
0.703502
0.702826
0.701999
0.701246
0.700750
0.699877
0.699406
0.698874
0.698151
0.697415
0.696848
0.696206
0.695818
0.695374
0.694893
0.694486
0.694178
0.693854
0.693531
0.693098
0.692916
0.692418
0.692227
0.692000
0.691881
0.691502
0.691201
0.691122
0.690871
0.690910
0.690946
0.690716
0.690596
0.690595
0.690561
0.690564
0.690441
0.690639
0.690776
0.690996
0.691017
0.691340
0.691431
0.691652
0.691590
0.691959
0.692247
0.692615
0.692615
0.692771
0.693329
0.693748
0.694197
0.694529
0.694705
0.695334
0.695972
0.696241
0.696701
0.696967
0.697550
0.698286
0.699078
0.699482
0.699941
0.700373
0.701122
0.701961
0.702577
0.702786
0.703300
0.703927
0.704870
0.705599
0.706122
0.706597
0.707592
0.708472
0.709171
0.709862
0.710572
0.711384
0.712328
0.713036
0.713718
0.714756
0.715525
0.716291
0.717314
0.718022
0.718881
0.719603
0.720245
0.721079
0.721719
0.722616
0.723470
0.724387
0.725169
0.726232
0.727066
0.728165
0.728941
0.729774
0.730648
0.731466
0.732186
0.732970
0.733754
0.734605
0.735565
0.736343
0.737474
0.738176
0.739095
0.739899
0.740625
0.741520
0.742389
0.743188
0.743916
0.744699
0.745434
0.746056
0.746860
0.747529
0.748449
0.749305
0.749987
0.750676
0.751609
0.752197
0.753139
0.753896
0.754773
0.755520
0.756392
0.757220
0.757923
0.758907
0.759573
0.760336
0.761215
0.762043
0.762901
0.763743
0.764594
0.765402
0.766203
0.766937
0.767715
0.768647
0.769498
0.770386
0.771125
0.771905
0.772799
0.773607
0.774404
0.775146
0.775849
0.776772
0.777533
0.778356
0.779147
0.780007
0.780888
0.781798
0.782584
0.783376
0.784291
0.785093
0.786134
0.786824
0.787672
0.788487
0.789480
0.790115
0.790901
0.791685
0.792545
0.793286
0.794165
0.794953
0.795805
0.796606
0.797306
0.798092
0.798845
0.799609
0.800451
0.801295
0.802006
0.802696
0.803307
0.804168
0.804973
0.805710
0.806361
0.807153
0.807773
0.808599
0.809257
0.809903
0.810566
0.811293
0.812042
0.812663
0.813406
0.814061
0.814786
0.815369
0.816188
0.816977
0.817622
0.818190
0.818775
0.819572
0.820328
0.821084
0.821669
0.822330
0.823118
0.823788
0.824307
0.825119
0.825704
0.826365
0.827038
0.827696
0.828334
0.828819
0.829495
0.830121
0.830725
0.831405
0.832024
0.832621
0.833191
0.833757
0.834361
0.835109
0.835646
0.836287
0.836808
0.837392
0.837788
0.838439
0.838990
0.839645
0.840022
0.840561
0.841098
0.841654
0.842219
0.842589
0.843239
0.843646
0.844228
0.844615
0.845135
0.845553
0.846031
0.846300
0.846849
0.847256
0.847611
0.848027
0.848454
0.848862
0.849187
0.849607
0.850008
0.850424
0.850662
0.851025
0.851328
0.851596
0.851999
0.852303
0.852575
0.852861
0.853114
0.853389
0.853648
0.853946
0.854143
0.854432
0.854595
0.854825
0.854955
0.855248
0.855435
0.855699
0.855978
0.856002
0.856209
0.856395
0.856658
0.856774
0.856987
0.857141
0.857286
0.857259
0.857568
0.857596
0.857621
0.857712
0.858013
0.858099
0.858186
0.858302
0.858384
0.858452
0.858545
0.858566
0.858630
0.858781
0.858798
0.858962
0.859075
0.859143
0.859154
0.859214
0.859246
0.859421
0.859497
0.859727
0.860087
0.860181
0.860317
0.860593
0.860894
0.861018
0.861257
0.861408
0.861738
0.861966
0.862109
0.862285
0.862520
0.862709
0.862851
0.863033
0.863286
0.863417
0.863743
0.863876
0.863998
0.864222
0.864408
0.864703
0.864847
0.864951
0.865006
0.865233
0.865409
0.865600
0.865756
0.865853
0.865979
0.866044
0.866164
0.866238
0.866441
0.866549
0.866761
0.866793
0.866938
0.866886
0.867087
0.866995
0.867013
0.866912
0.866891
0.866656
0.866588
0.866359
0.866293
0.866093
0.866050
0.865926
0.865858
0.865682
0.865501
0.865499
0.865334
0.865093
0.864963
0.864855
0.864659
0.864392
0.864400
0.864232
0.864126
0.863934
0.863783
0.863685
0.863484
0.863422
0.863213
0.862958
0.862873
0.862748
0.862602
0.862474
0.862240
0.862093
0.861911
0.861672
0.861516
0.861463
0.861191
0.861019
0.861003
0.860708
0.860594
0.860422
0.860251
0.860020
0.859880
0.859766
0.859516
0.859290
0.859141
0.859066
0.858773
0.858811
0.858495
0.858217
0.858025
0.857925
0.857764
0.857568
0.857326
0.857228
0.857062
0.856900
0.856720
0.856563
0.856399
0.856210
0.856034
0.855793
0.855694
0.855489
0.855293
0.855067
0.854965
0.854841
0.854684
0.854430
0.854459
0.854194
0.854029
0.853833
0.853719
0.853477
0.853252
0.853106
0.852961
0.852813
0.852554
0.852518
0.852371
0.852171
0.851972
0.851866
0.851813
0.851616
0.851468
0.851331
0.851037
0.850891
0.850781
0.850628
0.850488
0.850296
0.850200
0.849953
0.849908
0.849763
0.849576
0.849395
0.849157
0.849058
0.848905
0.848712
0.848575
0.848433
0.848390
0.848237
0.848078
0.847948
0.847852
0.847684
0.847473
0.847446
0.847204
0.847016
0.846927
0.846789
0.846702
0.846555
0.846461
0.846287
0.846235
0.846066
0.845987
0.845889
0.845694
0.845669
0.845571
0.845475
0.845367
0.845222
0.845117
0.844985
0.844941
0.844780
0.844749
0.844654
0.844636
0.844578
0.844480
0.844503
0.844326
0.844178
0.844150
0.844057
0.843966
0.843879
0.843797
0.843782
0.843634
0.843543
0.843582
0.843489
0.843498
0.843404
0.843314
0.843224
0.843085
0.842957
0.842884
0.842983
0.842799
0.842737
0.842793
0.842746
0.842693
0.842666
0.842606
0.842565
0.842453
0.842335
0.842295
0.842237
0.842247
0.842236
0.842144
0.842087
0.842048
0.841987
0.841987
0.841949
0.841887
0.841832
0.841849
0.841699
0.841705
0.841617
0.841504
0.841660
0.841573
0.841548
0.841487
0.841450
0.841393
0.841307
0.841278
0.841233
0.841188
0.841119
0.841127
0.841009
0.841050
0.840974
0.840909
0.840914
0.840854
0.840840
0.840771
0.840772
0.840776
0.840735
0.840666
0.840633
0.840635
0.840601
0.840577
0.840586
0.840517
0.840423
0.840461
0.840420
0.840462
0.840393
0.840352
0.840359
0.840318
0.840195
0.840189
0.840169
0.840165
0.840094
0.840153
0.840123
0.840008
0.840059
0.840089
0.840070
0.840080
0.839975
0.840075
0.839957
0.839987
0.839907
0.839892
0.839913
0.839873
0.839852
0.839747
0.839780
0.839710
0.839712
0.839732
0.839693
0.839658
0.839660
0.839568
0.839563
0.839583
0.839544
0.839535
0.839467
0.839445
0.839424
0.839479
0.839469
0.839400
0.839486
0.839369
0.839363
0.839319
0.839369
0.839330
0.839384
0.839396
0.839396
0.839327
0.839327
0.839281
0.839279
0.839235
0.839154
0.839154
0.839192
0.839162
0.839112
0.839112
0.839082
0.838990
0.838983
0.839004
0.839015
0.839014
0.838980
0.838936
0.838872
0.838890
0.838890
0.838865
0.838797
0.838847
0.838847
0.838805
0.838866
0.838940
0.838990
0.838921
0.838922
0.838878
0.838791
0.838812
0.838812
0.838812
0.838825
0.838797
0.838797
0.838749
0.838759
0.838782
0.838782
0.838782
0.838738
0.838674
0.838650
0.838602
0.838654
0.838650
0.838672
0.838672
0.838672
0.838672
0.838658
0.838631
0.838538
0.838536
0.838539
0.838539
0.838526
0.838526
0.838561
0.838564
0.838564
0.838421
0.838421
0.838421
0.838378
0.838410
0.838410
0.838437
0.838384
0.838389
0.838439
0.838439
0.838440
0.838511
0.838490
0.838450
0.838450
0.838361
0.838411
0.838403
0.838403
0.838453
0.838434
0.838439
0.838439
0.838401
0.838359
0.838313
0.838313
0.838305
0.838338
0.838388
0.838349
0.838311
0.838310
0.838310
0.838310
0.838265
0.838265
0.838301
0.838284
0.838270
0.838189
0.838189
0.838249
0.838249
0.838199
0.838249
0.838205
0.838255
0.838204
0.838204
0.838207
0.838189
0.838189
0.838071
0.838071
0.838121
0.838171
0.838171
0.838128
0.838128
0.838129
0.838114
0.838114
0.838176
0.838176
0.838167
0.838167
0.838113
0.838113
0.838163
0.838198
0.838198
0.838156
0.838155
0.838190
0.838178
0.838179
0.838179
0.838143
0.838093
0.838093
0.838093
0.838051
0.838051
0.838051
0.838051
0.838101
0.838109
0.838109
0.838126
0.838127
0.838127
0.838177
0.838203
0.838169
0.838119
0.838119
0.838115
0.838115
0.838115
0.838115
0.838114
0.838114
0.838114
0.838164
0.838164
0.838164
0.838164
0.838136
0.838136
0.838149
0.838108
0.838108
0.838108
0.838070
0.838111
0.838111
0.838111
0.838111
0.838111
0.838111
0.838111
0.838110
0.838110
0.838110
0.838111
0.838111
0.838082
0.838082
0.838082
0.838082
0.838081
0.838081
0.838043
0.838044
0.838080
0.838080
0.838080
0.838180
0.838180
0.838150
0.838150
0.838150
0.838150
0.838150
0.838150
0.838126
0.838126
0.838126
0.838126
0.838127
0.838127
0.838127
0.838213
0.838213
0.838179
0.838229
0.838229
0.838249
0.838249
0.838249
0.838178
0.838178
0.838178
0.838178
0.838212
0.838207
0.838235
0.838235
0.838235
0.838235
0.838235
0.838285
0.838285
0.838235
0.838237
0.838237
0.838187
0.838174
0.838174
0.838174
0.838191
0.838191
0.838191
0.838189
0.838189
0.838190
0.838240
0.838240
0.838203
0.838203
0.838203
0.838239
0.838239
0.838221
0.838221
0.838221
0.838221
0.838221
0.838271
0.838271
0.838271
0.838272
0.838272
0.838272
0.838272
0.838272
0.838306
0.838306
0.838306
0.838306
0.838306
0.838306
0.838296
0.838246
0.838270
0.838278
0.838278
0.838378
0.838378
0.838378
0.838378
0.838365
0.838363
0.838278
0.838278
0.838278
0.838278
0.838278
0.838278
0.838278
0.838278
0.838328
0.838303
0.838339
0.838339
0.838302
0.838302
0.838302
0.838302
0.838302
0.838302
0.838302
0.838302
0.838302
0.838347
0.838347
0.838347
0.838347
0.838347
0.838347
0.838382
0.838382
0.838374
0.838366
0.838416
0.838416
0.838415
0.838415
0.838415
0.838415
0.838451
0.838451
0.838451
0.838451
0.838422
0.838422
0.838473
0.838472
0.838472
0.838472
0.838439
0.838441
0.838441
0.838391
0.838330
0.838330
0.838380
0.838380
0.838380
0.838380
0.838380
0.838380
0.838380
0.838380
0.838380
0.838380
0.838380
0.838380
0.838380
0.838380
0.838380
0.838380
0.838380
0.838380
0.838377
0.838377
0.838356
0.838357
0.838369
0.838369
0.838372
0.838372
0.838372
0.838371
0.838371
0.838371
0.838405
0.838405
0.838371
0.838371
0.838371
0.838372
0.838372
0.838422
0.838422
0.838422
0.838423
0.838423
0.838457
0.838407
0.838407
0.838407
0.838405
0.838405
0.838402
0.838402
0.838369
0.838369
0.838419
0.838476
0.838511
0.838511
0.838511
0.838511
0.838511
0.838511
0.838405
0.838405
0.838405
0.838435
0.838435
0.838485
0.838485
0.838535
0.838535
0.838549
0.838549
0.838549
0.838549
0.838549
0.838549
0.838549
0.838549
0.838499
0.838469
0.838469
0.838469
0.838469
0.838483
0.838483
0.838483
0.838483
0.838483
0.838483
0.838483
0.838483
0.838483
0.838485
0.838485
0.838485
0.838485
0.838485
0.838485
0.838456
0.838456
0.838456
0.838456
0.838456
0.838456
0.838456
0.838456
0.838456
0.838456
0.838456
0.838456
0.838456
0.838456
0.838456
0.838456
0.838456
0.838457
0.838457
0.838457
0.838457
0.838431
0.838431
0.838431
0.838431
0.838431
0.838431
0.838431
0.838431
0.838431
0.838431
0.838448
0.838448
0.838448
0.838448
0.838448
0.838448
0.838498
0.838498
0.838498
0.838498
0.838448
0.838441
0.838476
0.838476
0.838476
0.838476
0.838476
0.838440
0.838440
0.838455
0.838455
0.838455
0.838455
0.838455
0.838455
0.838490
0.838490
0.838490
0.838490
0.838490
0.838490
0.838490
0.838490
0.838490
0.838490
0.838490
0.838455
0.838490
0.838490
0.838490
0.838454
0.838454
0.838454
0.838454
0.838454
0.838454
0.838437
0.838437
0.838487
0.838487
0.838487
0.838487
0.838437
0.838438
0.838438
0.838407
0.838407
0.838407
0.838407
0.838457
0.838421
0.838420
0.838453
0.838453
0.838453
0.838454
0.838454
0.838454
0.838404
0.838404
0.838454
0.838468
0.838468
0.838468
0.838468
0.838468
0.838468
0.838468
0.838468
0.838432
0.838432
0.838432
0.838467
0.838467
0.838467
0.838467
0.838467
0.838467
0.838467
0.838467
0.838406
0.838406
0.838406
0.838406
0.838440
0.838405
0.838405
0.838405
0.838405
0.838405
0.838405
0.838405
0.838405
0.838405
0.838405
0.838405
0.838405
0.838405
0.838405
0.838405
0.838369
0.838369
0.838369
0.838369
0.838369
0.838369
0.838369
0.838419
0.838420
0.838420
0.838420
0.838419
0.838419
0.838369
0.838404
0.838368
0.838368
0.838368
0.838368
0.838368
0.838418
0.838383
0.838383
0.838384
0.838384
0.838384
0.838419
0.838419
0.838418
0.838418
0.838382
0.838382
0.838382
0.838382
0.838382
0.838382
0.838382
0.838382
0.838383
0.838384
0.838384
0.838384
0.838384
0.838384
0.838383
0.838383
0.838383
0.838347
0.838369
0.838369
0.838369
0.838369
0.838369
0.838369
0.838369
0.838370
0.838405
0.838405
0.838405
0.838405
0.838404
0.838404
0.838404
0.838404
0.838369
0.838333
0.838333
0.838368
0.838368
0.838368
0.838370
0.838388
0.838388
0.838388
0.838388
0.838387
0.838386
0.838386
0.838386
0.838386
0.838386
0.838351
0.838351
0.838353
0.838354
0.838513
0.839063
0.840514
0.843563
0.848151
0.853686
0.860458
0.867879
0.875993
0.883944
0.891420
0.900327
0.909872
0.919101
0.928352
0.936815
0.943966
0.949381
0.953372
0.955812
0.956923
0.957282
0.957108
0.956614
0.956363
0.956173
0.955784
0.955346
0.954872
0.954053
0.953210
0.952193
0.951154
0.950389
0.949497
0.948722
0.948398
0.947879
0.947578
0.947371
0.947230
0.946611
0.946008
0.945383
0.944355
0.943551
0.942470
0.941153
0.939845
0.938476
0.936365
0.932209
0.926200
0.918388
0.908912
0.899015
0.888874
0.879005
0.869818
0.860981
0.852598
0.844742
0.837179
0.829946
0.823790
0.818579
0.814856
0.812820
0.812160
0.812219
0.812954
0.813305
0.812951
0.811858
0.809752
0.806100
0.801674
0.796362
0.790610
0.784540
0.779015
0.774315
0.771489
0.770510
0.770816
0.771801
0.772854
0.773138
0.772491
0.771087
0.768916
0.766313
0.763749
0.761338
0.759421
0.757781
0.756233
0.754774
0.753430
0.751766
0.750260
0.748329
0.746550
0.744873
0.742969
0.740817
0.738984
0.737203
0.735299
0.733459
0.731470
0.729297
0.727200
0.725069
0.722973
0.721173
0.719312
0.717750
0.716294
0.715202
0.713776
0.712284
0.710774
0.709324
0.707884
0.706278
0.704724
0.703230
0.701653
0.700589
0.699264
0.697864
0.696326
0.694908
0.693426
0.692028
0.690513
0.689057
0.687552
0.686148
0.684646
0.683281
0.682003
0.680561
0.679109
0.677765
0.676470
0.675094
0.673736
0.672547
0.671219
0.669896
0.668597
0.667294
0.665980
0.664741
0.663355
0.662140
0.660853
0.659616
0.658484
0.657362
0.656014
0.654588
0.653301
0.651957
0.650704
0.649311
0.647997
0.646743
0.645400
0.644040
0.642613
0.641242
0.639827
0.638523
0.636987
0.635506
0.634192
0.632750
0.631159
0.629892
0.628784
0.627450
0.626048
0.624623
0.622985
0.621632
0.620086
0.618598
0.617173
0.615730
0.614408
0.612986
0.611496
0.610126
0.608457
0.606844
0.604923
0.603340
0.601785
0.600115
0.598571
0.596876
0.595455
0.593544
0.591346
0.589138
0.586740
0.584381
0.581703
0.579090
0.576988
0.575268
0.573570
0.572218
0.570943
0.569780
0.568532
0.567317
0.565491
0.563150
0.560558
0.557803
0.554845
0.552111
0.549441
0.546951
0.544536
0.541900
0.539234
0.536512
0.533815
0.531105
0.528394
0.526132
0.524577
0.523143
0.521949
0.521066
0.520212
0.519515
0.518912
0.518086
0.517071
0.515967
0.514653
0.512894
0.510610
0.508057
0.505753
0.503216
0.500665
0.498158
0.495648
0.493681
0.492241
0.491100
0.490311
0.489777
0.489309
0.488820
0.488683
0.488083
0.487347
0.486018
0.484508
0.482830
0.481036
0.479048
0.477306
0.475580
0.474130
0.473006
0.472190
0.471509
0.471230
0.471098
0.470932
0.470303
0.469679
0.468830
0.467689
0.466298
0.464577
0.462822
0.461101
0.459421
0.457392
0.455589
0.453778
0.452023
0.450693
0.449886
0.448839
0.448144
0.447442
0.446770
0.446046
0.445077
0.443960
0.442696
0.441380
0.439810
0.438036
0.436052
0.434351
0.432599
0.430898
0.429257
0.428200
0.427122
0.426226
0.425631
0.425093
0.424518
0.423972
0.422918
0.421797
0.420726
0.419664
0.418438
0.417215
0.415999
0.414907
0.413933
0.413026
0.412186
0.411442
0.410465
0.409759
0.409138
0.408547
0.407861
0.407346
0.406609
0.405488
0.404351
0.403065
0.401914
0.400602
0.399325
0.398182
0.396981
0.395860
0.394513
0.393322
0.392054
0.390748
0.389435
0.388204
0.386713
0.385354
0.383909
0.382568
0.381279
0.379927
0.378585
0.377370
0.376262
0.375296
0.374190
0.373174
0.371902
0.370709
0.369616
0.368416
0.367114
0.365998
0.364837
0.363676
0.362420
0.361064
0.359654
0.358279
0.357059
0.355894
0.354616
0.353325
0.351941
0.350585
0.349015
0.347642
0.346251
0.344786
0.343317
0.341742
0.340251
0.338823
0.337259
0.335764
0.334238
0.332705
0.331359
0.330012
0.328591
0.327096
0.325672
0.324238
0.322911
0.321453
0.320034
0.318784
0.317226
0.315962
0.314605
0.313184
0.311814
0.310442
0.309134
0.307750
0.306460
0.305257
0.304162
0.303152
0.301998
0.300691
0.299517
0.298166
0.296877
0.295487
0.294467
0.293221
0.291939
0.290844
0.289597
0.288480
0.287329
0.286127
0.285158
0.283895
0.282784
0.281695
0.280684
0.279715
0.278596
0.277550
0.276492
0.275541
0.274448
0.273516
0.272612
0.271731
0.270735
0.269685
0.268981
0.268242
0.267437
0.266609
0.265782
0.264889
0.264047
0.263021
0.262243
0.261294
0.260539
0.259586
0.258525
0.257710
0.256818
0.256186
0.255445
0.254767
0.254059
0.253449
0.252700
0.252044
0.251347
0.250651
0.249892
0.249461
0.248474
0.247485
0.246277
0.245210
0.244242
0.243357
0.242317
0.241339
0.240209
0.239052
0.238007
0.236891
0.235873
0.234888
0.233864
0.232800
0.231778
0.231061
0.230628
0.230099
0.229759
0.229487
0.229178
0.228819
0.228542
0.228287
0.227933
0.227425
0.226628
0.225828
0.224846
0.223905
0.222937
0.222264
0.221823
0.221365
0.221211
0.221006
0.220962
0.220926
0.220549
0.220438
0.220061
0.219490
0.218746
0.218189
0.217296
0.216469
0.215591
0.215037
0.214697
0.214351
0.214285
0.214145
0.214053
0.213950
0.213799
0.213739
0.213297
0.212637
0.211992
0.211276
0.210556
0.209853
0.209105
0.208638
0.208257
0.208066
0.208005
0.207917
0.207954
0.207772
0.207718
0.207483
0.207260
0.206653
0.206021
0.205334
0.204775
0.204144
0.203405
0.202783
0.202349
0.201972
0.201684
0.201441
0.201283
0.201103
0.200964
0.200766
0.200456
0.199875
0.199207
0.198538
0.197974
0.197465
0.196823
0.196273
0.195671
0.195113
0.194735
0.194730
0.194864
0.195143
0.195281
0.195567
0.195944
0.196290
0.196497
0.196803
0.196949
0.196841
0.196484
0.196182
0.195535
0.194976
0.194346
0.193889
0.193620
0.193393
0.193251
0.193360
0.193540
0.193729
0.193814
0.193802
0.193570
0.193296
0.192974
0.192759
0.192701
0.192455
0.192507
0.192700
0.192696
0.192686
0.192865
0.193057
0.193010
0.193222
0.193234
0.193066
0.192806
0.192376
0.191828
0.191304
0.190667
0.190162
0.189447
0.188992
0.188429
0.187991
0.187505
0.187048
0.186574
0.185915
0.185470
0.185033
0.184550
0.184049
0.183706
0.183072
0.182673
0.182327
0.181909
0.181411
0.180889
0.180339
0.179884
0.179572
0.179215
0.178738
0.178277
0.178000
0.177591
0.177260
0.176857
0.176489
0.175976
0.175621
0.175282
0.174968
0.174475
0.174077
0.173638
0.173269
0.172917
0.172488
0.172102
0.171680
0.171066
0.170601
0.170224
0.170015
0.169506
0.169055
0.168691
0.168200
0.167940
0.167503
0.167164
0.166717
0.166189
0.165795
0.165479
0.164921
0.164629
0.164234
0.163678
0.163329
0.163134
0.162554
0.161888
0.161583
0.161361
0.160713
0.160054
0.159884
0.159669
0.159143
0.158598
0.157969
0.157744
0.157387
0.156741
0.155974
0.155349
0.155147
0.154789
0.154046
0.153162
0.152384
0.151971
0.151658
0.150856
0.149994
0.149273
0.148726
0.148170
0.147415
0.146551
0.145813
0.145374
0.144778
0.143944
0.143422
0.142831
0.142189
0.141706
0.141123
0.140409
0.139835
0.139275
0.138976
0.138770
0.138604
0.138546
0.138352
0.138203
0.138045
0.137576
0.137422
0.137295
0.137123
0.136927
0.136709
0.136428
0.136223
0.135912
0.135643
0.135255
0.134926
0.134655
0.134317
0.133988
0.133606
0.133330
0.133006
0.132632
0.132340
0.131918
0.131583
0.131288
0.130867
0.130538
0.130209
0.129879
0.129517
0.129031
0.128672
0.128290
0.127860
0.127472
0.127091
0.126684
0.126292
0.125926
0.125522
0.125084
0.124696
0.124375
0.123951
0.123557
0.123142
0.122788
0.122350
0.121877
0.121554
0.121043
0.120604
0.120234
0.119910
0.119572
0.119114
0.118748
0.118310
0.117852
0.117510
0.117055
0.116667
0.116363
0.115945
0.115635
0.115320
0.114853
0.114572
0.114162
0.113793
0.113463
0.113169
0.112845
0.112568
0.112196
0.111930
0.111620
0.111359
0.111061
0.110805
0.110583
0.110290
0.110019
0.109789
0.109606
0.109303
0.109071
0.108928
0.108641
0.108519
0.108119
0.107974
0.107801
0.107606
0.107374
0.107168
0.107018
0.106764
0.106656
0.106440
0.106248
0.105974
0.105832
0.105544
0.105346
0.105198
0.104979
0.104879
0.104530
0.104301
0.104021
0.103721
0.103480
0.103213
0.102991
0.102802
0.102528
0.102255
0.101976
0.101792
0.101651
0.101442
0.101248
0.100974
0.100708
0.100538
0.100448
0.100161
0.100084
0.099886
0.099624
0.099471
0.099361
0.099156
0.098930
0.098759
0.098447
0.098340
0.098093
0.097847
0.097635
0.097425
0.097210
0.096958
0.096786
0.096507
0.096307
0.095996
0.095847
0.095609
0.095421
0.095115
0.094957
0.094751
0.094522
0.094412
0.094115
0.093988
0.093859
0.093682
0.093463
0.093376
0.093124
0.092840
0.092728
0.092659
0.092410
0.092277
0.092159
0.092050
0.091910
0.091815
0.091669
0.091572
0.091367
0.091195
0.091065
0.090914
0.090724
0.090699
0.090566
0.090458
0.090223
0.090163
0.090077
0.090009
0.089911
0.089869
0.089750
0.089652
0.089552
0.089449
0.089328
0.089291
0.089110
0.089096
0.088999
0.088965
0.088857
0.088822
0.088691
0.088610
0.088502
0.088497
0.088440
0.088264
0.088160
0.088101
0.088045
0.087921
0.087859
0.087795
0.087660
0.087547
0.087427
0.087379
0.087281
0.087243
0.087175
0.087048
0.086942
0.086728
0.086595
0.086534
0.086372
0.086266
0.086168
0.086025
0.085895
0.085724
0.085561
0.085310
0.085112
0.084981
0.084750
0.084472
0.084169
0.083919
0.083601
0.083164
0.082754
0.082324
0.081933
0.081430
0.081011
0.080644
0.080049
0.079763
0.079221
0.078729
0.078298
0.077875
0.077398
0.076856
0.076352
0.075943
0.075472
0.075137
0.074734
0.074201
0.073836
0.073303
0.072859
0.072418
0.072004
0.071655
0.071167
0.070610
0.070273
0.069829
0.069414
0.069039
0.068710
0.068148
0.067840
0.067506
0.067038
0.066658
0.066344
0.065909
0.065568
0.065339
0.064920
0.064583
0.064244
0.063829
0.063424
0.063133
0.062739
0.062390
0.062094
0.061751
0.061449
0.061174
0.060919
0.060528
0.060106
0.059781
0.059404
0.059231
0.058980
0.058626
0.058230
0.057939
0.057728
0.057470
0.057142
0.056871
0.056564
0.056324
0.055954
0.055664
0.055307
0.055108
0.054828
0.054602
0.054272
0.054082
0.053873
0.053674
0.053494
0.053238
0.052978
0.052811
0.052551
0.052320
0.052107
0.051994
0.051712
0.051435
0.051300
0.051096
0.050817
0.050658
0.050452
0.050219
0.050117
0.049941
0.049798
0.049679
0.049488
0.049349
0.049179
0.049052
0.048925
0.048713
0.048597
0.048462
0.048363
0.048200
0.048110
0.048026
0.047862
0.047724
0.047564
0.047433
0.047310
0.047167
0.047035
0.046954
0.046858
0.046787
0.046682
0.046498
0.046421
0.046330
0.046195
0.046118
0.045998
0.045887
0.045742
0.045627
0.045556
0.045482
0.045408
0.045335
0.045239
0.045192
0.045125
0.045015
0.044895
0.044805
0.044683
0.044614
0.044555
0.044492
0.044355
0.044341
0.044235
0.044147
0.044091
0.044009
0.043989
0.043837
0.043783
0.043688
0.043702
0.043583
0.043565
0.043440
0.043378
0.043361
0.043257
0.043133
0.043090
0.043005
0.042955
0.042860
0.042787
0.042712
0.042622
0.042569
0.042437
0.042405
0.042292
0.042275
0.042155
0.042138
0.042058
0.042039
0.041907
0.041824
0.041692
0.041574
0.041528
0.041489
0.041410
0.041347
0.041351
0.041285
0.041207
0.041107
0.041030
0.040991
0.040921
0.040844
0.040771
0.040733
0.040690
0.040634
0.040583
0.040427
0.040352
0.040328
0.040243
0.040173
0.040136
0.040086
0.039966
0.039896
0.039871
0.039790
0.039753
0.039683
0.039604
0.039484
0.039448
0.039363
0.039360
0.039278
0.039223
0.039177
0.039060
0.039025
0.038990
0.038860
0.038813
0.038813
0.038750
0.038667
0.038547
0.038446
0.038379
0.038343
0.038309
0.038265
0.038137
0.038123
0.038052
0.037935
0.037962
0.037883
0.037756
0.037719
0.037685
0.037615
0.037559
0.037585
0.037478
0.037402
0.037331
0.037331
0.037168
0.037169
0.037062
0.037057
0.037037
0.037000
0.037000
0.036881
0.036848
0.036810
0.036721
0.036650
0.036645
0.036571
0.036558
0.036526
0.036488
0.036340
0.036266
0.036234
0.036172
0.036102
0.036102
0.035992
0.036016
0.035946
0.035946
0.035875
0.035790
0.035656
0.035578
0.035547
0.035547
0.035501
0.035431
0.035359
0.035328
0.035269
0.035230
0.035199
0.035151
0.035109
0.035109
0.035035
0.034967
0.034967
0.034879
0.034812
0.034773
0.034753
0.034721
0.034683
0.034683
0.034652
0.034613
0.034531
0.034532
0.034462
0.034432
0.034360
0.034290
0.034294
0.034327
0.034239
0.034208
0.034208
0.034177
0.034142
0.034111
0.034111
0.033995
0.033995
0.033953
0.033910
0.033882
0.033851
0.033820
0.033782
0.033760
0.033760
0.033724
0.033606
0.033606
0.033580
0.033586
0.033547
0.033477
0.033496
0.033496
0.033487
0.033446
0.033422
0.033391
0.033391
0.033352
0.033352
0.033338
0.033338
0.033268
0.033268
0.033213
0.033161
0.033171
0.033132
0.033101
0.033101
0.033081
0.033081
0.033092
0.033053
0.033005
0.032987
0.032956
0.032909
0.032921
0.032843
0.032794
0.032794
0.032794
0.032794
0.032776
0.032690
0.032674
0.032674
0.032674
0.032704
0.032712
0.032747
0.032665
0.032633
0.032598
0.032598
0.032534
0.032534
0.032521
0.032521
0.032483
0.032483
0.032483
0.032499
0.032496
0.032531
0.032497
0.032497
0.032412
0.032412
0.032430
0.032421
0.032421
0.032351
0.032351
0.032347
0.032334
0.032288
0.032280
0.032276
0.032247
0.032192
0.032192
0.032212
0.032212
0.032206
0.032206
0.032206
0.032206
0.032206
0.032175
0.032157
0.032157
0.032153
0.032109
0.032062
0.032062
0.032062
0.032037
0.032037
0.032037
0.032034
0.032031
0.032031
0.032031
0.032031
0.032016
0.031985
0.031942
0.031942
0.031972
0.031942
0.031942
0.031942
0.031920
0.031920
0.031920
0.031926
0.031926
0.031926
0.031926
0.031927
0.031952
0.031872
0.031872
0.031841
0.031840
0.031793
0.031793
0.031793
0.031793
0.031820
0.031820
0.031823
0.031823
0.031823
0.031789
0.031749
0.031749
0.031702
0.031702
0.031730
0.031730
0.031730
0.031730
0.031730
0.031735
0.031735
0.031735
0.031617
0.031546
0.031506
0.031536
0.031536
0.031536
0.031536
0.031536
0.031536
0.031536
0.031491
0.031491
0.031499
0.031460
0.031460
0.031431
0.031461
0.031461
0.031461
0.031461
0.031416
0.031416
0.031416
0.031461
0.031461
0.031423
0.031423
0.031423
0.031425
0.031381
0.031381
0.031351
0.031351
0.031393
0.031393
0.031356
0.031356
0.031313
0.031313
0.031313
0.031274
0.031274
0.031274
0.031274
0.031274
0.031237
0.031195
0.031195
0.031195
0.031195
0.031195
0.031195
0.031195
0.031195
0.031199
0.031122
0.031122
0.031122
0.031122
0.031122
0.031089
0.031089
0.031089
0.031089
0.031068
0.031028
0.031028
0.031028
0.031028
0.031028
0.031028
0.031028
0.030998
0.030963
0.030963
0.030924
0.030924
0.030924
0.030930
0.030896
0.030896
0.030862
0.030856
0.030856
0.030856
0.030818
0.030790
0.030790
0.030790
0.030756
0.030756
0.030756
0.030756
0.030756
0.030785
0.030748
0.030720
0.030720
0.030687
0.030687
0.030687
0.030695
0.030695
0.030695
0.030695
0.030695
0.030624
0.030592
0.030592
0.030592
0.030592
0.030592
0.030592
0.030592
0.030592
0.030560
0.030606
0.030628
0.030596
0.030557
0.030557
0.030557
0.030557
0.030566
0.030535
0.030535
0.030505
0.030505
0.030505
0.030475
0.030438
0.030438
0.030438
0.030407
0.030407
0.030407
0.030407
0.030407
0.030407
0.030407
0.030407
0.030374
0.030346
0.030316
0.030327
0.030327
0.030327
0.030327
0.030327
0.030290
0.030290
0.030290
0.030260
0.030260
0.030260
0.030201
0.030201
0.030201
0.030201
0.030201
0.030201
0.030201
0.030172
0.030172
0.030185
0.030185
0.030224
0.030186
0.030186
0.030164
0.030164
0.030164
0.030164
0.030135
0.030135
0.030135
0.030170
0.030170
0.030211
0.030211
0.030211
0.030211
0.030211
0.030225
0.030099
0.030099
0.030099
0.030099
0.030099
0.030099
0.030140
0.030140
0.030140
0.030140
0.030140
0.030186
0.030158
0.030158
0.030158
0.030158
0.030159
0.030159
0.030120
0.030120
0.030120
0.030120
0.030120
0.030120
0.030120
0.030093
0.030093
0.030093
0.030138
0.030138
0.030138
0.030138
0.030138
0.030144
0.030144
0.030115
0.030075
0.030075
0.030075
0.030049
0.030049
0.030049
0.030049
0.030049
0.030049
0.030049
0.030016
0.030016
0.029983
0.030001
0.030001
0.030001
0.030001
0.029995
0.029970
0.029970
0.029930
0.029930
0.029930
0.029930
0.029930
0.029930
0.029930
0.029930
0.029949
0.029949
0.029949
0.029949
0.029949
0.029949
0.029949
0.029925
0.029925
0.029925
0.029969
0.029964
0.029964
0.029923
0.029944
0.029944
0.029908
0.029908
0.029908
0.029908
0.029908
0.029908
0.029944
0.029944
0.029944
0.029944
0.029944
0.029972
0.029949
0.029970
0.029970
0.029970
0.029970
0.029970
0.029942
0.029942
0.029942
0.029944
0.029904
0.029904
0.029932
0.029932
0.029995
0.029995
0.029995
0.029995
0.029995
0.029995
0.029955
0.029955
0.029955
0.029955
0.029904
0.029932
0.029973
0.029973
0.029997
0.029964
0.029964
0.029964
0.029964
0.029964
0.029964
0.029964
0.029964
0.029964
0.029964
0.029964
0.029924
0.029949
0.029949
0.029949
0.029949
0.029949
0.029990
0.029990
0.029990
0.029990
0.029990
0.029990
0.029990
0.029990
0.030016
0.030016
0.029994
0.029994
0.029994
0.029994
0.029994
0.029961
0.029961
0.029961
0.029961
0.029961
0.029961
0.029988
0.029988
0.029988
0.029988
0.029988
0.029988
0.029988
0.029988
0.029988
0.029988
0.029988
0.029988
0.029947
0.029916
0.029943
0.029943
0.029943
0.029975
0.029975
0.029975
0.030020
0.030020
0.030020
0.030020
0.030020
0.029989
0.029989
0.030017
0.030017
0.030017
0.030017
0.030017
0.030017
0.030017
0.030017
0.030017
0.029997
0.029997
0.029997
0.029997
0.029997
0.029997
0.029994
0.030029
0.030029
0.030029
0.030070
0.030029
0.030029
0.030029
0.030029
0.030029
0.030029
0.030029
0.030029
0.030029
0.030029
0.030070
0.030100
0.030100
0.030100
0.030100
0.030100
0.030100
0.030098
0.030098
0.030098
0.030098
0.030057
0.030057
0.030020
0.030020
0.030020
0.030020
0.030020
0.030020
0.030020
0.030051
0.030051
0.030051
0.030051
0.030051
0.030051
0.030051
0.030051
0.030051
0.030051
0.030051
0.030051
0.030051
0.030051
0.030051
0.030051
0.030051
0.030051
0.030051
0.030051
0.030051
0.030051
0.030014
0.030014
0.030014
0.030047
0.030047
0.030047
0.030047
0.030047
0.030047
0.030047
0.030047
0.030047
0.030047
0.030047
0.030014
0.030014
0.030042
0.030042
0.030042
0.030042
0.030007
0.029979
0.029979
0.029979
0.029979
0.029979
0.029979
0.029979
0.030009
0.030037
0.030037
0.030037
0.030037
0.030005
0.030005
0.030005
0.030005
0.029943
0.029943
0.029943
0.029943
0.029943
0.029971
0.029971
0.029971
0.029971
0.029971
0.029971
0.029971
0.029971
0.029971
0.029971
0.029937
0.029937
0.029937
0.029937
0.029937
0.029937
0.029937
0.029937
0.029937
0.029937
0.029937
0.029937
0.029937
0.029937
0.029903
0.029864
0.029864
0.029864
0.029864
0.029905
0.029905
0.029885
0.029885
0.029885
0.029885
0.029885
0.029850
0.029809
0.029776
0.029776
0.029776
0.029776
0.029817
0.029817
0.029817
0.029817
0.029817
0.029817
0.029817
0.029817
0.029817
0.029817
0.029817
0.029784
0.029784
0.029784
0.029784
0.029784
0.029784
0.029784
0.029784
0.029784
0.029784
0.029784
0.029784
0.029784
0.029784
0.029753
