1.697532
1.556020
1.431989
1.354238
1.318035
1.306852
1.305940
1.306587
1.306759
1.306386
1.305618
1.304667
1.303583
1.302653
1.301667
1.300690
1.299494
1.298172
1.296879
1.295563
1.294174
1.292871
1.291770
1.290469
1.289222
1.287832
1.286671
1.284918
1.283464
1.282142
1.280916
1.279595
1.278792
1.277895
1.277127
1.276533
1.276054
1.275555
1.275301
1.274736
1.274332
1.273751
1.273206
1.272725
1.272348
1.271864
1.271512
1.270932
1.270110
1.269354
1.268505
1.267545
1.266614
1.265767
1.264823
1.263964
1.263039
1.262100
1.261104
1.260303
1.259298
1.258463
1.257590
1.256939
1.256203
1.255417
1.254881
1.254080
1.253371
1.252618
1.252009
1.251387
1.250969
1.250481
1.250017
1.249614
1.249240
1.248691
1.248174
1.247672
1.247369
1.246871
1.246423
1.245837
1.245565
1.245013
1.244477
1.244052
1.243681
1.243222
1.242912
1.242613
1.242332
1.241958
1.241544
1.241119
1.240705
1.239944
1.239534
1.239251
1.238876
1.238444
1.238216
1.237900
1.237517
1.237054
1.236878
1.236536
1.235959
1.235848
1.235474
1.235113
1.234701
1.234438
1.234013
1.233555
1.233000
1.232872
1.232500
1.232004
1.231522
1.231266
1.230854
1.230525
1.230387
1.230099
1.229930
1.229457
1.229116
1.228725
1.228379
1.228012
1.227621
1.227371
1.226938
1.226744
1.226580
1.226385
1.226220
1.225873
1.225631
1.225386
1.225029
1.224898
1.224758
1.224751
1.224668
1.224519
1.224408
1.224408
1.224317
1.224292
1.224351
1.224233
1.224177
1.224027
1.224062
1.224042
1.224145
1.224106
1.223958
1.223974
1.223901
1.223924
1.223859
1.223876
1.223918
1.224177
1.224205
1.224349
1.224449
1.224718
1.224763
1.225089
1.225118
1.225285
1.225223
1.225218
1.225187
1.225193
1.225237
1.225355
1.225724
1.225820
1.226236
1.226451
1.226757
1.227140
1.227486
1.227668
1.228047
1.228227
1.228611
1.229063
1.229422
1.229628
1.230164
1.230452
1.230796
1.231058
1.231332
1.231753
1.232168
1.232731
1.232838
1.233275
1.233485
1.233853
1.234132
1.234348
1.234620
1.234827
1.234989
1.235298
1.235536
1.235865
1.235921
1.236054
1.236331
1.236538
1.236567
1.236660
1.236616
1.236883
1.236915
1.236847
1.236649
1.236634
1.236638
1.236564
1.236505
1.236408
1.236323
1.236380
1.236450
1.236551
1.236586
1.236436
1.236655
1.236536
1.236723
1.236705
1.236844
1.236794
1.236837
1.236783
1.236493
1.236683
1.236662
1.236918
1.236857
1.237115
1.237017
1.237335
1.237041
1.237291
1.237274
1.237387
1.237367
1.237448
1.237337
1.237533
1.237436
1.237538
1.237498
1.237512
1.237710
1.237649
1.237453
1.237571
1.237582
1.237530
1.237421
1.237302
1.237243
1.236987
1.236854
1.236699
1.236690
1.236441
1.236274
1.236165
1.235964
1.235695
1.235659
1.235354
1.235108
1.234763
1.234661
1.234444
1.234171
1.233781
1.233601
1.233163
1.233042
1.232631
1.232383
1.231867
1.231552
1.231189
1.230738
1.230212
1.230153
1.229692
1.229184
1.228608
1.228056
1.227458
1.227069
1.226474
1.225972
1.225351
1.225038
1.224529
1.224111
1.223677
1.223313
1.222877
1.222425
1.222064
1.221619
1.221262
1.220815
1.220493
1.220027
1.219618
1.219233
1.218875
1.218661
1.218045
1.217754
1.217484
1.217018
1.216796
1.216308
1.216142
1.215788
1.215323
1.215077
1.215093
1.214804
1.214524
1.214150
1.213831
1.213541
1.213398
1.213010
1.212826
1.212556
1.212311
1.212099
1.211789
1.211632
1.211417
1.211319
1.211146
1.210935
1.210751
1.210653
1.210452
1.210343
1.210366
1.210192
1.210086
1.210199
1.210084
1.210083
1.210025
1.210136
1.210053
1.210160
1.210200
1.210435
1.210290
1.210492
1.210731
1.210820
1.210961
1.211130
1.211229
1.211361
1.211490
1.211692
1.211870
1.212083
1.212328
1.212441
1.212686
1.212821
1.213208
1.213457
1.213744
1.214053
1.214126
1.214477
1.214759
1.214978
1.215249
1.215506
1.215782
1.216087
1.216322
1.216621
1.216971
1.217282
1.217577
1.217889
1.218201
1.218562
1.218568
1.218884
1.219235
1.219495
1.219684
1.219844
1.220006
1.220222
1.220509
1.220882
1.221184
1.221402
1.221675
1.221788
1.222080
1.222231
1.222447
1.222499
1.222765
1.223002
1.223137
1.223415
1.223579
1.223626
1.223967
1.224077
1.224134
1.224296
1.224444
1.224730
1.224853
1.224963
1.225143
1.225333
1.225263
1.225434
1.225656
1.225672
1.225703
1.225923
1.225914
1.226101
1.226290
1.226446
1.226568
1.226651
1.226853
1.226881
1.227068
1.227061
1.227217
1.227324
1.227352
1.227458
1.227504
1.227628
1.227675
1.227804
1.227882
1.227912
1.228078
1.228160
1.228198
1.228352
1.228604
1.228669
1.228813
1.228945
1.228977
1.229074
1.229314
1.229327
1.229439
1.229567
1.229727
1.229796
1.229954
1.230011
1.230225
1.230387
1.230392
1.230592
1.230674
1.230795
1.230914
1.231068
1.231239
1.231337
1.231516
1.231661
1.231799
1.232011
1.232056
1.232255
1.232348
1.232494
1.232624
1.232637
1.232911
1.233036
1.233183
1.233335
1.233472
1.233548
1.233794
1.233867
1.234122
1.234342
1.234464
1.234691
1.234794
1.234998
1.235134
1.235541
1.235620
1.235813
1.236144
1.236245
1.236483
1.236733
1.236825
1.237042
1.237272
1.237536
1.237766
1.237936
1.238125
1.238392
1.238728
1.238874
1.239156
1.239409
1.239613
1.239871
1.240084
1.240395
1.240664
1.240769
1.241217
1.241284
1.241647
1.241774
1.242183
1.242299
1.242638
1.242850
1.243189
1.243368
1.243628
1.243919
1.244197
1.244483
1.244835
1.245175
1.245432
1.245626
1.245862
1.246066
1.246343
1.246605
1.246992
1.247233
1.247496
1.247757
1.248030
1.248375
1.248552
1.248938
1.249120
1.249407
1.249697
1.249913
1.250211
1.250556
1.250768
1.251055
1.251357
1.251646
1.251909
1.252249
1.252536
1.252808
1.252966
1.253331
1.253670
1.253917
1.254065
1.254344
1.254641
1.254736
1.254970
1.255308
1.255520
1.255724
1.255918
1.256152
1.256398
1.256725
1.256749
1.257109
1.257296
1.257588
1.257617
1.257855
1.258052
1.258202
1.258396
1.258557
1.258840
1.258880
1.259162
1.259353
1.259500
1.259652
1.259933
1.260020
1.260216
1.260363
1.260441
1.260693
1.260830
1.261023
1.261163
1.261303
1.261356
1.261540
1.261651
1.261787
1.261927
1.262157
1.262241
1.262383
1.262434
1.262645
1.262784
1.262866
1.263102
1.263087
1.263116
1.263301
1.263339
1.263476
1.263660
1.263647
1.263770
1.263939
1.264067
1.264093
1.264218
1.264272
1.264273
1.264345
1.264483
1.264558
1.264636
1.264681
1.264819
1.264846
1.264904
1.264934
1.264992
1.265116
1.265158
1.265283
1.265248
1.265435
1.265512
1.265493
1.265449
1.265532
1.265593
1.265670
1.265620
1.265763
1.265777
1.265772
1.265851
1.265943
1.266008
1.266067
1.266087
1.266117
1.266177
1.266249
1.266254
1.266237
1.266228
1.266340
1.266278
1.266360
1.266373
1.266435
1.266416
1.266555
1.266535
1.266539
1.266597
1.266586
1.266655
1.266671
1.266686
1.266666
1.266646
1.266659
1.266770
1.266786
1.266705
1.266741
1.266787
1.266892
1.266812
1.266850
1.266828
1.266858
1.266858
1.266832
1.266855
1.266843
1.266890
1.266905
1.266905
1.266843
1.266890
1.266885
1.266831
1.266860
1.266812
1.266889
1.266904
1.266951
1.266951
1.266856
1.266872
1.266836
1.266898
1.266848
1.266863
1.266815
1.266891
1.266834
1.266906
1.266857
1.266937
1.266857
1.266852
1.266900
1.266829
1.266829
1.266894
1.266812
1.266713
1.266714
1.266728
1.266776
1.266785
1.266751
1.266721
1.266782
1.266657
1.266657
1.266800
1.266615
1.266614
1.266615
1.266629
1.266576
1.266567
1.266421
1.266396
1.266378
1.266440
1.266440
1.266486
1.266437
1.266450
1.266513
1.266415
1.266390
1.266390
1.266294
1.266323
1.266323
1.266323
1.266371
1.266304
1.266228
1.266202
1.266202
1.266249
1.266249
1.266263
1.266231
1.266183
1.266231
1.266221
1.266175
1.266172
1.266172
1.266124
1.266124
1.266121
1.266136
1.266150
1.266116
1.266116
1.266116
1.266101
1.266081
1.266065
1.265985
1.266001
1.266001
1.265968
1.265931
1.265936
1.265951
1.265951
1.265951
1.265930
1.265889
1.265795
1.265834
1.265834
1.265861
1.265877
1.265884
1.265835
1.265788
1.265804
1.265804
1.265804
1.265869
1.265869
1.265870
1.265835
1.265787
1.265787
1.265787
1.265813
1.265813
1.265813
1.265829
1.265781
1.265781
1.265734
1.265734
1.265702
1.265702
1.265669
1.265652
1.265700
1.265710
1.265725
1.265630
1.265630
1.265630
1.265630
1.265630
1.265583
1.265551
1.265567
1.265581
1.265581
1.265537
1.265536
1.265536
1.265565
1.265610
1.265608
1.265607
1.265590
1.265590
1.265542
1.265505
1.265447
1.265444
1.265492
1.265492
1.265496
1.265496
1.265496
1.265496
1.265561
1.265577
1.265577
1.265624
1.265565
1.265565
1.265581
1.265581
1.265548
1.265548
1.265519
1.265544
1.265544
1.265544
1.265592
1.265592
1.265592
1.265541
1.265514
1.265514
1.265517
1.265533
1.265533
1.265533
1.265548
1.265548
1.265548
1.265548
1.265598
1.265598
1.265589
1.265562
1.265562
1.265522
1.265519
1.265519
1.265519
1.265551
1.265487
1.265487
1.265487
1.265560
1.265591
1.265591
1.265591
1.265591
1.265589
1.265573
1.265523
1.265523
1.265484
1.265442
1.265442
1.265490
1.265480
1.265480
1.265480
1.265479
1.265432
1.265370
1.265371
1.265321
1.265321
1.265336
1.265361
1.265407
1.265391
1.265391
1.265391
1.265391
1.265406
1.265386
1.265289
1.265289
1.265289
1.265289
1.265274
1.265272
1.265319
1.265273
1.265263
1.265310
1.265310
1.265310
1.265227
1.265195
1.265195
1.265194
1.265194
1.265222
1.265222
1.265238
1.265238
1.265222
1.265222
1.265137
1.265101
1.265084
1.265131
1.265131
1.265148
1.265148
1.265148
1.265148
1.265148
1.265148
1.265098
1.265098
1.265098
1.265074
1.265074
1.265074
1.265074
1.265089
1.265089
1.265089
1.265151
1.265131
1.265131
1.265131
1.265131
1.265148
1.265148
1.265148
1.265080
1.265080
1.265064
1.265014
1.265014
1.264964
1.264948
1.264949
1.264949
1.264965
1.264965
1.264965
1.264918
1.264918
1.264918
1.264918
1.264869
1.264869
1.264957
1.264983
1.264960
1.264961
1.265040
1.265040
1.265040
1.265020
1.264973
1.264973
1.264973
1.264937
1.264937
1.264938
1.264938
1.264938
1.264908
1.264908
1.264955
1.264955
1.264955
1.264955
1.264908
1.264908
1.264858
1.264858
1.264872
1.264871
1.264871
1.264871
1.264871
1.264871
1.264854
1.264854
1.264820
1.264902
1.264886
1.264886
1.264836
1.264836
1.264852
1.264852
1.264852
1.264852
1.264852
1.264852
1.264845
1.264845
1.264845
1.264846
1.264846
1.264846
1.264846
1.264846
1.264796
1.264796
1.264796
1.264746
1.264733
1.264733
1.264733
1.264733
1.264733
1.264733
1.264733
1.264707
1.264674
1.264674
1.264711
1.264711
1.264759
1.264759
1.264760
1.264710
1.264710
1.264678
1.264678
1.264678
1.264678
1.264729
1.264729
1.264729
1.264729
1.264729
1.264777
1.264777
1.264777
1.264777
1.264777
1.264777
1.264777
1.264777
1.264727
1.264680
1.264681
1.264681
1.264681
1.264631
1.264631
1.264678
1.264678
1.264662
1.264662
1.264662
1.264715
1.264715
1.264715
1.264715
1.264731
1.264731
1.264731
1.264708
1.264708
1.264708
1.264708
1.264708
1.264691
1.264689
1.264689
1.264688
1.264688
1.264688
1.264640
1.264640
1.264640
1.264620
1.264620
1.264667
1.264667
1.264717
1.264667
1.264667
1.264667
1.264667
1.264682
1.264679
1.264679
1.264631
1.264631
1.264631
1.264631
1.264631
1.264631
1.264631
1.264679
1.264718
1.264718
1.264718
1.264718
1.264718
1.264766
1.264766
1.264718
1.264718
1.264718
1.264671
1.264671
1.264665
1.264665
1.264665
1.264665
1.264713
1.264713
1.264713
1.264728
1.264759
1.264759
1.264712
1.264712
1.264712
1.264762
1.264763
1.264715
1.264715
1.264715
1.264715
1.264716
1.264716
1.264763
1.264763
1.264763
1.264801
1.264754
1.264754
1.264755
1.264755
1.264755
1.264707
1.264707
1.264707
1.264707
1.264707
1.264707
1.264748
1.264764
1.264764
1.264764
1.264764
1.264764
1.264761
1.264761
1.264714
1.264714
1.264714
1.264714
1.264714
1.264714
1.264714
1.264711
1.264711
1.264660
1.264659
1.264659
1.264659
1.264658
1.264658
1.264658
1.264658
1.264658
1.264658
1.264658
1.264658
1.264658
1.264658
1.264658
1.264658
1.264673
1.264673
1.264673
1.264673
1.264673
1.264673
1.264673
1.264673
1.264673
1.264673
1.264673
1.264673
1.264707
1.264707
1.264707
1.264707
1.264707
1.264691
1.264691
1.264691
1.264675
1.264675
1.264675
1.264675
1.264675
1.264691
1.264691
1.264692
1.264692
1.264692
1.264692
1.264692
1.264693
1.264735
1.264750
1.264734
1.264734
1.264734
1.264734
1.264734
1.264734
1.264735
1.264751
1.264751
1.264751
1.264751
1.264751
1.264751
1.264751
1.264752
1.264752
1.264735
1.264735
1.264735
1.264735
1.264735
1.264735
1.264735
1.264752
1.264752
1.264752
1.264752
1.264752
1.264752
1.264752
1.264752
1.264736
1.264736
1.264736
1.264736
1.264736
1.264730
1.264745
1.264742
1.264742
1.264758
1.264758
1.264757
1.264757
1.264757
1.264741
1.264741
1.264724
1.264724
1.264724
1.264740
1.264740
1.264740
1.264741
1.264741
1.264741
1.264757
1.264757
1.264757
1.264757
1.264741
1.264741
1.264724
1.264724
1.264712
1.264712
1.264712
1.264728
1.264728
1.264728
1.264728
1.264728
1.264728
1.264744
1.264744
1.264744
1.264728
1.264702
1.264686
1.264686
1.264686
1.264686
1.264693
1.264708
1.264725
1.264725
1.264726
1.264726
1.264726
1.264726
1.264726
1.264710
1.264710
1.264710
1.264711
1.264711
1.264711
1.264711
1.264711
1.264711
1.264728
1.264680
1.264680
1.264680
1.264680
1.264681
1.264712
1.264712
1.264749
1.264749
1.264749
1.264749
1.264749
1.264749
1.264749
1.264749
1.264702
1.264718
1.264718
1.264718
1.264718
1.264718
1.264749
1.264749
1.264749
1.264749
1.264741
1.264741
1.264738
1.264738
1.264738
1.264737
1.264690
1.264690
1.264690
1.264642
1.264642
1.264642
1.264642
1.264689
1.264689
1.264689
1.264689
1.264689
1.264689
1.264689
1.264689
1.264641
1.264657
1.264657
1.264657
1.264657
1.264657
1.264657
1.264657
1.264704
1.264704
1.264712
1.264671
1.264671
1.264671
1.264671
1.264671
1.264623
1.264623
1.264623
1.264623
1.264623
1.264623
1.264623
1.264623
1.264623
1.264670
1.264671
1.264671
1.264671
1.264671
1.264672
1.264624
1.264625
1.264625
1.264625
1.264625
1.264625
1.264625
1.264626
1.264626
1.264626
1.264626
1.264674
1.264674
1.264674
1.264674
1.264674
1.264627
1.264627
1.264627
1.264627
1.264627
1.264627
1.264627
1.264627
1.264627
1.264627
1.264627
1.264627
1.355727
1.441232
1.473512
1.455210
1.424671
1.452666
1.557439
1.686335
1.821830
1.968735
2.125746
2.281317
2.419228
2.525183
2.593252
2.624398
2.627596
2.615069
2.597103
2.580819
2.571798
2.569352
2.572956
2.578970
2.584822
2.588057
2.585079
2.578920
2.569668
2.559293
2.550538
2.544257
2.540452
2.540617
2.542344
2.546116
2.549423
2.551959
2.553589
2.553829
2.554363
2.553975
2.553821
2.554208
2.555530
2.557301
2.560221
2.562137
2.564711
2.567126
2.568525
2.657821
2.733683
2.729666
2.635157
2.475300
2.289378
2.111789
1.958838
1.834948
1.735206
1.655073
1.590250
1.542449
1.515405
1.519126
1.573738
1.719768
1.904675
2.070572
2.190399
2.259848
2.290168
2.303671
2.329704
2.377650
2.399557
2.385884
2.334761
2.237206
2.177218
2.122063
2.056275
1.988965
1.925760
1.868369
1.818399
1.775389
1.738437
1.706224
1.679575
1.657247
1.640537
1.629625
1.625511
1.629512
1.639955
1.655679
1.675923
1.697820
1.719116
1.737848
1.754108
1.768138
1.778315
1.785870
1.789760
1.791519
1.789916
1.786287
1.780397
1.772908
1.763673
1.754608
1.745737
1.736119
1.727426
1.719837
1.713550
1.708059
1.703321
1.699958
1.697902
1.696617
1.697596
1.698325
1.698620
1.697571
1.696342
1.694924
1.693202
1.690715
1.689077
1.688682
1.688736
1.688715
1.687289
1.686057
1.683788
1.681069
1.678228
1.674595
1.671727
1.669174
1.666484
1.664314
1.662594
1.660559
1.659614
1.658911
1.657440
1.656549
1.655924
1.655035
1.654126
1.653195
1.652600
1.650952
1.649700
1.647894
1.646409
1.644736
1.643983
1.643253
1.641598
1.639941
1.638413
1.635787
1.633510
1.631744
1.629228
1.627637
1.625728
1.624143
1.622620
1.621784
1.620065
1.619034
1.618482
1.617173
1.616802
1.616040
1.615144
1.614311
1.613840
1.612587
1.611667
1.611004
1.609591
1.608891
1.607848
1.606688
1.605399
1.604326
1.603069
1.602350
1.600859
1.599649
1.599738
1.599125
1.600824
1.601200
1.602081
1.606219
1.610548
1.610642
1.610781
1.612025
1.612446
1.613291
1.612449
1.611457
1.610873
1.610952
1.610679
1.609063
1.607348
1.604572
1.601451
1.597687
1.593192
1.589423
1.586148
1.583363
1.581654
1.579486
1.578494
1.578002
1.576501
1.576639
1.576179
1.576528
1.576277
1.576336
1.576960
1.576751
1.577265
1.577267
1.577268
1.576771
1.576639
1.575741
1.574935
1.573884
1.573288
1.571717
1.570776
1.569231
1.568456
1.567107
1.565713
1.564804
1.563157
1.562416
1.561162
1.560265
1.559381
1.559056
1.557861
1.556981
1.556925
1.556365
1.556134
1.555749
1.555255
1.555118
1.554498
1.633351
1.713285
1.765737
1.803336
1.822334
1.825273
1.818916
1.809921
1.777681
1.732213
1.682029
1.630753
1.621574
1.613007
1.610798
1.610335
1.585433
1.556247
1.524570
1.493698
1.466324
1.442977
1.423724
1.407487
1.393555
1.381010
1.370386
1.363458
1.357329
1.356137
1.358419
1.345264
1.326298
1.325951
1.325683
1.324148
1.321423
1.318182
1.313845
1.310494
1.307409
1.305450
1.303870
1.303112
1.297683
1.295724
1.301524
1.317297
1.344713
1.375408
1.406729
1.415821
1.422235
1.427663
1.431739
1.435212
1.438885
1.442097
1.444775
1.446930
1.448829
1.450283
1.450640
1.450895
1.451213
1.451392
1.451540
1.451526
1.450959
1.450584
1.450677
1.450435
1.450105
1.449161
1.447968
1.447700
1.447365
1.446713
1.445128
1.443082
1.440819
1.438290
1.436698
1.435018
1.433653
1.431289
1.428800
1.426205
1.423069
1.420613
1.418713
1.416840
1.414475
1.411409
1.409005
1.406792
1.404358
1.401454
1.398451
1.395388
1.392074
1.388956
1.386009
1.382698
1.379170
1.375482
1.371820
1.367925
1.364051
1.360047
1.356016
1.352057
1.348138
1.344198
1.339943
1.336078
1.332036
1.328012
1.323844
1.319513
1.314966
1.310677
1.306245
1.301777
1.297419
1.292805
1.288368
1.284119
1.279708
1.275287
1.271353
1.267884
1.264663
1.261861
1.260230
1.258028
1.255235
1.251990
1.248480
1.244509
1.240316
1.236418
1.232510
1.228671
1.225147
1.221858
1.218670
1.215102
1.211327
1.207374
1.202961
1.198857
1.194837
1.191051
1.187810
1.185128
1.182238
1.179567
1.176968
1.174072
1.171132
1.167474
1.163981
1.160296
1.156197
1.152125
1.148183
1.144055
1.140272
1.136377
1.132297
1.128421
1.125009
1.121768
1.118694
1.115680
1.112798
1.110184
1.107244
1.104295
1.101287
1.098377
1.095308
1.091992
1.088957
1.085895
1.082763
1.079775
1.076727
1.073724
1.070616
1.066965
1.062957
1.059584
1.055846
1.051962
1.048173
1.044989
1.041680
1.038757
1.036008
1.033226
1.030846
1.028226
1.025689
1.023156
1.020672
1.017894
1.015344
1.012623
1.009595
1.006271
1.003232
0.999864
0.996655
0.993650
0.990535
0.987031
0.984229
0.981817
0.979475
0.977117
0.975008
0.973099
0.970934
0.968511
0.966174
0.963827
0.961421
0.958742
0.956189
0.953415
0.950470
0.947629
0.944705
0.942011
0.939068
0.936035
0.933371
0.930602
0.928073
0.925598
0.923516
0.921408
0.919456
0.917114
0.914955
0.912953
0.910487
0.907741
0.904918
0.902372
0.899612
0.896697
0.893530
0.890511
0.887719
0.884978
0.881595
0.878885
0.875951
0.872872
0.869540
0.866665
0.863851
0.860728
0.857735
0.854885
0.851908
0.848683
0.845788
0.842855
0.839699
0.836421
0.833568
0.830227
0.827068
0.824042
0.820844
0.817956
0.814684
0.811620
0.808716
0.805371
0.802543
0.799416
0.796262
0.793386
0.790242
0.787132
0.784138
0.781228
0.778409
0.775780
0.772995
0.770225
0.767532
0.764560
0.761701
0.758877
0.756117
0.753096
0.750673
0.748075
0.745353
0.742781
0.740182
0.737301
0.734468
0.731649
0.729054
0.726357
0.723591
0.721110
0.718352
0.715759
0.712976
0.710098
0.707434
0.704536
0.701381
0.698338
0.695181
0.692125
0.689086
0.686042
0.682806
0.679344
0.676089
0.673017
0.669717
0.666716
0.663567
0.660320
0.657245
0.654463
0.651737
0.648592
0.645291
0.642252
0.639257
0.636071
0.632884
0.629920
0.626941
0.623946
0.620883
0.617790
0.614786
0.611630
0.608663
0.605741
0.602818
0.599842
0.596795
0.593884
0.590998
0.588061
0.585130
0.582189
0.579298
0.576484
0.573683
0.570887
0.567853
0.565046
0.562223
0.559347
0.556497
0.553628
0.550743
0.547948
0.545146
0.542361
0.539485
0.536771
0.533866
0.531152
0.528352
0.525743
0.523140
0.520415
0.517706
0.515130
0.512386
0.509604
0.507096
0.504367
0.501755
0.499366
0.496806
0.494163
0.491635
0.489127
0.486642
0.484155
0.481610
0.479246
0.476783
0.474383
0.471976
0.469700
0.467273
0.465038
0.462801
0.460587
0.458229
0.455800
0.453450
0.451153
0.448973
0.446737
0.444332
0.441938
0.439689
0.437449
0.435320
0.433073
0.430779
0.428432
0.426245
0.423799
0.421613
0.419473
0.417233
0.414929
0.412802
0.410413
0.408122
0.405783
0.403655
0.401327
0.398918
0.396704
0.394383
0.392270
0.389847
0.387504
0.384971
0.382639
0.380240
0.377950
0.375533
0.373104
0.370693
0.368278
0.365992
0.363559
0.361294
0.358928
0.356666
0.354377
0.352202
0.349979
0.347722
0.345558
0.343482
0.341332
0.339490
0.337268
0.335413
0.333266
0.331248
0.329280
0.327411
0.325451
0.323428
0.321563
0.319813
0.318102
0.316241
0.314426
0.312665
0.310925
0.309022
0.307232
0.305522
0.303879
0.302218
0.300775
0.299030
0.297499
0.296215
0.294634
0.293129
0.291429
0.289940
0.288551
0.287072
0.285571
0.284436
0.282925
0.281476
0.280170
0.278909
0.277542
0.276201
0.275093
0.273704
0.272373
0.271201
0.269859
0.268790
0.267636
0.266348
0.265164
0.263990
0.262620
0.261550
0.260153
0.258795
0.257710
0.256402
0.255208
0.253987
0.252773
0.251560
0.250298
0.249113
0.247939
0.246762
0.245533
0.244425
0.243414
0.242281
0.241171
0.240234
0.239188
0.238217
0.237175
0.236175
0.235266
0.234485
0.233487
0.232553
0.231599
0.230884
0.229857
0.229173
0.228192
0.227278
0.226531
0.225699
0.224888
0.224088
0.223273
0.222429
0.221562
0.220859
0.220055
0.219358
0.218635
0.217906
0.217271
0.216604
0.215982
0.215318
0.214598
0.213924
0.213356
0.212795
0.212213
0.211619
0.211049
0.210450
0.209888
0.209269
0.208702
0.208214
0.207580
0.207105
0.206629
0.206101
0.205523
0.205047
0.204591
0.204109
0.203612
0.203234
0.202652
0.202281
0.201743
0.201405
0.200988
0.200479
0.199947
0.199539
0.199113
0.198798
0.198319
0.197973
0.197588
0.197168
0.196805
0.196398
0.196051
0.195735
0.195478
0.195072
0.194763
0.194448
0.194061
0.193753
0.193428
0.193172
0.192707
0.192421
0.192006
0.191678
0.191395
0.191003
0.190768
0.190432
0.190113
0.189733
0.189500
0.189184
0.188941
0.188647
0.188422
0.188153
0.187938
0.187602
0.187404
0.187117
0.186816
0.186452
0.186130
0.185945
0.185643
0.185405
0.185335
0.184987
0.184694
0.184541
0.184351
0.184093
0.183735
0.183483
0.183211
0.182954
0.182709
0.182498
0.182285
0.182067
0.181838
0.181625
0.181303
0.181040
0.180855
0.180594
0.180293
0.180074
0.179913
0.179620
0.179425
0.179243
0.179026
0.178856
0.178705
0.178383
0.178201
0.177973
0.177737
0.177616
0.177414
0.177296
0.176874
0.176799
0.176574
0.176476
0.176196
0.176105
0.175850
0.175771
0.175509
0.175373
0.175286
0.175109
0.175073
0.174812
0.174762
0.174670
0.174615
0.174511
0.174524
0.174346
0.174172
0.174098
0.174032
0.174027
0.173907
0.173799
0.173733
0.173550
0.173568
0.173544
0.173403
0.173395
0.173346
0.173169
0.173171
0.172941
0.172947
0.172925
0.172796
0.172796
0.172648
0.172580
0.172479
0.172352
0.172308
0.172341
0.172134
0.172074
0.172153
0.171960
0.171823
0.171908
0.171796
0.171656
0.171641
0.171588
0.171462
0.171445
0.171271
0.171361
0.171217
0.171168
0.171086
0.170999
0.170875
0.170834
0.170689
0.170723
0.170541
0.170442
0.170429
0.170362
0.170218
0.170228
0.170267
0.170096
0.169997
0.169852
0.169782
0.169682
0.169698
0.169551
0.169629
0.169582
0.169480
0.169407
0.169337
0.169194
0.169122
0.169024
0.169017
0.168896
0.168726
0.168722
0.168578
0.168501
0.168520
0.168488
0.168316
0.168372
0.168331
0.168329
0.168232
0.168135
0.168112
0.167959
0.167846
0.167846
0.167802
0.167722
0.167649
0.167591
0.167529
0.167522
0.167472
0.167406
0.167323
0.167303
0.167127
0.167104
0.166988
0.166985
0.166839
0.166796
0.166750
0.166773
0.166723
0.166634
0.166601
0.166415
0.166432
0.166394
0.166345
0.166362
0.166276
0.166216
0.166150
0.166144
0.165972
0.165903
0.165894
0.165903
0.165881
0.165807
0.165721
0.165668
0.165622
0.165530
0.165510
0.165470
0.165359
0.165343
0.165308
0.165120
0.165120
0.165085
0.164992
0.164993
0.164971
0.165011
0.164944
0.164920
0.164868
0.164834
0.164724
0.164724
0.164697
0.164697
0.164629
0.164547
0.164485
0.164401
0.164344
0.164319
0.164236
0.164267
0.164237
0.164187
0.164170
0.164148
0.164190
0.164057
0.164085
0.164030
0.164030
0.164030
0.163937
0.163907
0.163871
0.163897
0.163835
0.163817
0.163814
0.163762
0.163766
0.163639
0.163754
0.163804
0.163791
0.163743
0.163747
0.163673
0.163628
0.163580
0.163576
0.163595
0.163595
0.163541
0.163499
0.163509
0.163418
0.163405
0.163346
0.163346
0.163321
0.163313
0.163310
0.163275
0.163321
0.163255
0.163255
0.163243
0.163292
0.163275
0.163235
0.163224
0.163186
0.163138
0.163095
0.163166
0.163120
0.163008
0.163008
0.163035
0.163048
0.163056
0.163009
0.162990
0.162917
0.162917
0.163004
0.163014
0.162993
0.162945
0.162943
0.162943
0.162916
0.163008
0.163005
0.162964
0.162978
0.162969
0.163057
0.163086
0.163086
0.163038
0.162999
0.163026
0.163057
0.163027
0.163027
0.162941
0.162982
0.162982
0.162998
0.162966
0.163012
0.163012
0.163062
0.163015
0.162965
0.162962
0.162962
0.162979
0.162941
0.162978
0.162931
0.162972
0.162972
0.162972
0.162991
0.163006
0.163010
0.163010
0.163042
0.163042
0.163086
0.163031
0.163053
0.163016
0.163013
0.162964
0.163030
0.163030
0.163020
0.163020
0.163043
0.163069
0.163069
0.163069
0.163069
0.163020
0.163020
0.163017
0.163028
0.163028
0.163028
0.163042
0.163068
0.163022
0.162976
0.163017
0.163042
0.163042
0.163069
0.163089
0.163137
0.163137
0.163137
0.163164
0.163233
0.163269
0.163301
0.163301
0.163255
0.163284
0.163284
0.163277
0.163309
0.163294
0.163323
0.163323
0.163331
0.163331
0.163338
0.163377
0.163408
0.163408
0.163452
0.163417
0.163417
0.163417
0.163448
0.163431
0.163404
0.163404
0.163356
0.163356
0.163389
0.163412
0.163442
0.163442
0.163473
0.163442
0.163442
0.163475
0.163475
0.163506
0.163520
0.163520
0.163520
0.163495
0.163529
0.163529
0.163529
0.163561
0.163526
0.163570
0.163570
0.163558
0.163558
0.163521
0.163538
0.163547
0.163547
0.163547
0.163583
0.163577
0.163591
0.163591
0.163591
0.163591
0.163591
0.163591
0.163649
0.163619
0.163619
0.163639
0.163633
0.163633
0.163633
0.163668
0.163706
0.163706
0.163706
0.163640
0.163640
0.163640
0.163640
0.163684
0.163674
0.163674
0.163713
0.163751
0.163730
0.163730
0.163699
0.163748
0.163748
0.163781
0.163781
0.163817
0.163811
0.163811
0.163811
0.163811
0.163811
0.163781
0.163781
0.163781
0.163825
0.163862
0.163862
0.163928
0.163928
0.163977
0.163949
0.163963
0.163930
0.163930
0.163930
0.163930
0.163930
0.163975
0.163975
0.163948
0.163948
0.163964
0.163964
0.163943
0.163965
0.163923
0.163923
0.163926
0.163965
0.163965
0.163965
0.163965
0.163965
0.163965
0.164014
0.163989
0.163989
0.163989
0.164027
0.164021
0.164021
0.164036
0.164036
0.164012
0.164012
0.164012
0.164062
0.164062
0.164102
0.164102
0.164005
0.164005
0.164036
0.164058
0.164058
0.164100
0.164140
0.164119
0.164090
0.164090
0.164090
0.164090
0.164090
0.164090
0.164114
0.164076
0.164076
0.164076
0.164076
0.164085
0.164085
0.164088
0.164130
0.164130
0.164102
0.164110
0.164155
0.164136
0.164136
0.164179
0.164179
0.164179
0.164179
0.164136
0.164152
0.164152
0.164152
0.164152
0.164175
0.164175
0.164158
0.164239
0.164280
0.164280
0.164280
0.164327
0.164290
0.164334
0.164334
0.164334
0.164309
0.164287
0.164331
0.164331
0.164317
0.164363
0.164327
0.164327
0.164327
0.164288
0.164276
0.164252
0.164267
0.164267
0.164267
0.164312
0.164320
0.164288
0.164358
0.164358
0.164358
0.164335
0.164356
0.164297
0.164257
0.164293
0.164293
0.164293
0.164293
0.164293
0.164284
0.164358
0.164407
0.164407
0.164407
0.164440
0.164432
0.164432
0.164432
0.164407
0.164386
0.164318
0.164367
0.164361
0.164361
0.164361
0.164337
0.164360
0.164360
0.164335
0.164372
0.164372
0.164372
0.164417
0.164395
0.164391
0.164391
0.164391
0.164372
0.164372
0.164372
0.164372
0.164370
0.164370
0.164370
0.164414
0.164397
0.164353
0.164351
0.164351
0.164351
0.164351
0.164361
0.164456
0.164500
0.164484
0.164484
0.164484
0.164484
0.164484
0.164445
0.164398
0.164398
0.164383
0.164383
0.164401
0.164401
0.164355
0.164355
0.164355
0.164355
0.164341
0.164341
0.164341
0.164345
0.164340
0.164340
0.164350
0.164350
0.164375
0.164381
0.164381
0.164381
0.164381
0.164414
0.164414
0.164513
0.164480
0.164469
0.164469
0.164469
0.164502
0.164502
0.164466
0.164466
0.164511
0.164511
0.164605
0.164605
0.164566
0.164566
0.164521
0.164521
0.164556
0.164556
0.164540
0.164540
0.164496
0.164541
0.164634
0.164634
0.164639
0.164639
0.164639
0.164651
0.164651
0.164606
0.164619
0.164613
0.164613
0.164658
0.164706
0.164706
0.164721
0.164721
0.164721
0.164716
0.164716
0.164754
0.164792
0.164792
0.164792
0.164792
0.164788
0.164801
0.164818
0.164818
0.164818
0.164818
0.164866
0.164910
0.164928
0.164880
0.164880
0.164854
0.164854
0.164873
0.164873
0.164873
0.164873
0.164934
0.164934
0.164954
0.164954
0.164955
0.164955
0.164955
0.164977
0.164977
0.164977
0.164977
0.164979
0.165001
0.165001
0.165001
0.165001
0.164951
0.164997
0.165024
0.165024
0.165024
0.165024
0.165049
0.165073
0.165073
0.165117
0.165117
0.165149
0.165174
0.165222
0.165222
0.165229
0.165243
0.165243
0.165269
0.165269
0.165246
0.165198
0.165206
0.165232
0.165232
0.165280
0.165280
0.165280
0.165363
0.165363
0.165363
0.165363
0.165363
0.165363
0.165402
0.165402
0.165402
0.165402
0.165417
0.165495
0.165506
0.165506
0.165506
0.165554
0.165554
0.165536
0.165587
0.165587
0.165549
0.165549
0.165549
0.165579
0.165593
0.165647
0.165694
0.165694
0.165694
0.165725
0.165740
0.165740
0.165740
0.165740
0.165740
0.165750
0.165750
0.165750
0.165750
0.165750
0.165730
0.165796
0.165796
0.165796
0.165796
0.165796
0.165815
0.165815
0.165848
0.165848
0.165848
0.165848
0.165868
0.165868
0.165878
0.165959
0.166030
0.166050
0.166051
0.166097
0.166097
0.166135
0.166156
0.166191
0.166191
0.166191
0.166191
0.166214
0.166214
0.166178
0.166223
0.166260
0.166283
0.166283
0.166283
0.166238
0.166260
0.166260
0.166284
0.166284
0.166321
0.166309
0.166331
0.166356
0.166403
0.166403
0.166403
0.166451
0.166477
0.166536
0.166489
0.166489
0.166457
0.166457
0.166516
0.166601
0.166601
0.166554
0.166537
0.166565
0.166565
0.166540
0.166524
0.166510
0.166480
0.166509
0.166509
0.166548
0.166548
0.166594
0.166564
0.166598
0.166598
0.166598
0.166638
0.166658
0.166623
0.166610
0.166580
0.166585
0.166570
0.166570
0.166587
0.166618
0.166665
0.166626
0.166597
0.166597
0.166633
0.166665
0.166635
0.166676
0.166676
0.166676
0.166648
0.166648
0.166706
0.166784
0.166784
0.166802
0.166802
0.166777
0.166713
0.166772
0.166772
0.166783
0.166783
0.166783
0.166805
0.166817
0.166817
0.166851
0.166901
0.166947
0.166947
0.166911
0.166886
0.166886
0.166886
0.166960
0.167003
0.167003
0.167003
0.166979
0.166979
0.166998
0.166963
0.166963
0.166999
0.166976
0.166976
0.166976
0.166976
0.167023
0.167023
0.167038
0.166982
0.167019
0.167019
0.167019
0.167019
0.167019
0.167044
0.167044
0.167044
0.167011
0.166990
0.166944
0.166982
0.167004
0.167043
0.167062
0.167108
0.167077
0.167063
0.167088
0.167088
0.167088
0.167088
0.167088
0.167127
0.167097
0.167033
0.167033
0.167033
0.167033
0.167078
0.167078
0.167030
0.167030
0.167030
0.167096
0.167096
0.167096
0.167096
0.167035
0.167035
0.167076
0.167076
0.167076
0.167076
0.167078
0.167101
0.167101
0.167101
0.167101
0.167146
0.167130
0.167088
0.167088
0.167088
0.167040
0.167040
0.167079
0.167039
0.167039
0.167039
0.167039
0.167039
0.167039
0.167013
0.167000
0.167000
0.167040
0.167040
0.167015
0.167015
0.167003
0.167003
0.167023
0.167023
0.167045
0.167045
0.167082
0.167082
0.167082
0.167129
0.167106
0.167106
0.167106
0.167097
0.167097
0.167075
0.167075
0.167075
0.167075
0.167066
0.167066
0.167045
0.167045
0.167045
0.167043
0.167036
0.167036
0.167015
0.167077
0.167077
0.167077
0.167070
0.167045
0.167065
0.167065
0.167065
0.167065
0.167045
0.167022
0.167022
0.167022
0.167022
0.167022
0.167004
0.166971
0.166971
0.166971
0.166971
0.167017
0.166955
0.166952
0.166952
0.166952
0.166952
0.166943
0.166896
0.166896
0.166894
0.166940
0.166926
0.166926
0.166926
0.166926
0.166926
0.166926
0.166913
0.166913
0.166913
0.166913
0.166914
0.166903
0.166903
0.166903
0.166903
0.166903
0.166895
0.166879
0.166879
0.166879
0.166879
0.166879
0.166874
0.166873
0.166873
0.166873
0.166873
0.166865
0.166884
0.166884
