2.513066
2.389745
2.281918
2.214491
2.183566
2.173827
2.172419
2.172984
2.173443
2.173578
2.173834
2.174261
2.174029
2.173283
2.172097
2.170695
2.169496
2.168727
2.167393
2.165660
2.163872
2.161731
2.159679
2.157558
2.155523
2.152898
2.149561
2.146299
2.143030
2.139239
2.135445
2.131815
2.127997
2.124182
2.120319
2.116434
2.112831
2.109388
2.105697
2.102347
2.099072
2.095670
2.092660
2.089538
2.086467
2.083374
2.080527
2.077558
2.074965
2.072631
2.070215
2.067534
2.064658
2.061965
2.058773
2.055699
2.052439
2.049267
2.045964
2.043040
2.039616
2.036598
2.033300
2.029824
2.026633
2.023163
2.019685
2.016254
2.012644
2.009249
2.005594
2.002271
1.998685
1.995324
1.991922
1.988404
1.984952
1.981181
1.977434
1.974204
1.970558
1.967193
1.963753
1.960229
1.956830
1.953453
1.949836
1.946190
1.942768
1.938872
1.935205
1.931633
1.927736
1.923880
1.920176
1.916430
1.912539
1.908798
1.905128
1.901406
1.897483
1.893567
1.889878
1.886218
1.882832
1.879239
1.875857
1.872317
1.868854
1.865415
1.861443
1.857625
1.853831
1.849880
1.845905
1.841921
1.837858
1.834016
1.829978
1.825845
1.821626
1.818061
1.813927
1.810261
1.806307
1.802410
1.798575
1.794808
1.791153
1.787679
1.784160
1.780291
1.776306
1.772299
1.768155
1.763780
1.759533
1.754939
1.750175
1.745843
1.741710
1.737611
1.733686
1.730058
1.726393
1.722411
1.718562
1.714473
1.710345
1.706448
1.702230
1.698184
1.694076
1.689869
1.685398
1.681013
1.676697
1.672701
1.668344
1.664520
1.660635
1.656893
1.653049
1.649255
1.645082
1.641048
1.637071
1.632762
1.628347
1.624275
1.619619
1.615251
1.611001
1.606345
1.601547
1.597390
1.592987
1.588916
1.584888
1.581032
1.577563
1.574465
1.571688
1.569143
1.566621
1.564187
1.561843
1.559403
1.556408
1.553161
1.549944
1.546542
1.543317
1.539819
1.536059
1.532351
1.528627
1.524538
1.520546
1.517182
1.514425
1.511849
1.509585
1.507088
1.504384
1.501430
1.498553
1.495188
1.491132
1.487095
1.482869
1.478728
1.474690
1.470885
1.467187
1.463818
1.460397
1.457540
1.454396
1.451114
1.447692
1.444505
1.441259
1.437603
1.433611
1.429641
1.425874
1.422560
1.418645
1.414614
1.410886
1.407191
1.403453
1.400000
1.396122
1.392686
1.389414
1.385825
1.382088
1.378398
1.374961
1.371239
1.367918
1.364097
1.360450
1.356902
1.353001
1.349328
1.345855
1.342545
1.339060
1.335602
1.331949
1.328316
1.325071
1.321463
1.317959
1.314532
1.310950
1.307470
1.304001
1.300386
1.296739
1.292976
1.289248
1.285654
1.282110
1.278459
1.274910
1.271399
1.267603
1.263996
1.260292
1.256540
1.252680
1.248896
1.244914
1.241111
1.237405
1.233568
1.229874
1.226034
1.222562
1.218767
1.215298
1.211582
1.207890
1.204141
1.200397
1.196733
1.193055
1.189377
1.185502
1.181490
1.177575
1.173679
1.169539
1.165175
1.161076
1.156894
1.152670
1.148782
1.144761
1.141090
1.137432
1.133691
1.130064
1.126417
1.122709
1.118978
1.115231
1.111602
1.107940
1.104382
1.100655
1.097019
1.093245
1.089480
1.085941
1.081895
1.078225
1.074477
1.070624
1.066929
1.063233
1.059456
1.055958
1.052140
1.048162
1.044623
1.041010
1.037136
1.033213
1.029446
1.025415
1.020997
1.016893
1.012261
1.007794
1.003409
0.999141
0.995059
0.990973
0.986760
0.982960
0.978648
0.974632
0.970282
0.966246
0.962171
0.958564
0.954568
0.950920
0.947192
0.942925
0.939253
0.935722
0.932070
0.928089
0.924364
0.920563
0.917025
0.912897
0.908823
0.904612
0.900909
0.897221
0.893122
0.889130
0.885243
0.881764
0.878134
0.874724
0.870854
0.867227
0.863460
0.859618
0.856100
0.852591
0.848674
0.845303
0.842965
0.841109
0.839368
0.838087
0.836699
0.835368
0.834022
0.832619
0.830447
0.827651
0.824406
0.820943
0.817248
0.813485
0.809739
0.805864
0.802200
0.798420
0.795046
0.792471
0.790656
0.789248
0.787982
0.786922
0.785570
0.784527
0.782490
0.779685
0.776477
0.773092
0.769501
0.765798
0.762258
0.758918
0.755163
0.751862
0.749200
0.747167
0.745913
0.744774
0.744041
0.743157
0.742284
0.741576
0.740267
0.737925
0.735204
0.731771
0.727513
0.722594
0.717350
0.711959
0.707251
0.703078
0.700244
0.698481
0.697910
0.697799
0.698226
0.698904
0.699396
0.699784
0.699834
0.699690
0.698337
0.696289
0.693640
0.690913
0.687723
0.684666
0.681767
0.678861
0.675922
0.673482
0.672185
0.671551
0.671438
0.671390
0.671358
0.671300
0.671459
0.671475
0.670822
0.669276
0.667011
0.664028
0.660021
0.655253
0.650457
0.645091
0.639304
0.634239
0.630704
0.628810
0.628509
0.629171
0.630513
0.632333
0.634187
0.635815
0.637138
0.638039
0.637948
0.636468
0.634506
0.631489
0.627499
0.623130
0.619662
0.616534
0.613868
0.611908
0.611266
0.611700
0.612484
0.613737
0.615086
0.616357
0.617437
0.618194
0.618394
0.617325
0.615418
0.612955
0.609471
0.605287
0.600533
0.595547
0.590641
0.587063
0.584613
0.583678
0.583990
0.585514
0.587606
0.590103
0.592445
0.594619
0.596275
0.596952
0.596281
0.595096
0.592600
0.588910
0.584232
0.579378
0.574266
0.569689
0.566036
0.563718
0.563081
0.563837
0.565548
0.568117
0.570971
0.573878
0.575985
0.577467
0.578236
0.577674
0.576495
0.574502
0.570907
0.566677
0.561958
0.557247
0.553024
0.549759
0.547905
0.547492
0.548357
0.550385
0.553158
0.556239
0.559453
0.562118
0.564546
0.565780
0.565541
0.564367
0.562244
0.558874
0.554687
0.549946
0.545342
0.540899
0.537457
0.535391
0.535078
0.536148
0.538310
0.541396
0.544829
0.548393
0.551292
0.553661
0.555141
0.555053
0.554070
0.551840
0.548187
0.543937
0.539313
0.534669
0.530487
0.527469
0.525717
0.525560
0.526851
0.529270
0.532339
0.535786
0.539244
0.542216
0.544305
0.545412
0.545089
0.544210
0.542010
0.538699
0.534227
0.529722
0.525294
0.522159
0.519819
0.518263
0.518207
0.519768
0.522195
0.525398
0.528398
0.531647
0.534305
0.536381
0.537356
0.537164
0.536121
0.534042
0.530760
0.527181
0.523386
0.519761
0.516686
0.514755
0.513620
0.513997
0.515817
0.518010
0.520929
0.523948
0.526889
0.529460
0.531552
0.532732
0.532319
0.531289
0.529261
0.526189
0.522678
0.518329
0.514492
0.511426
0.509227
0.508111
0.508153
0.509518
0.511788
0.514558
0.517044
0.519388
0.521694
0.523743
0.524736
0.524619
0.523700
0.521663
0.518498
0.514249
0.509956
0.506137
0.503300
0.501140
0.500166
0.500520
0.502188
0.504485
0.507164
0.509969
0.512770
0.515421
0.517584
0.518717
0.518549
0.517585
0.515684
0.512460
0.509142
0.506423
0.504458
0.502915
0.501996
0.502294
0.503523
0.505436
0.507549
0.509586
0.511666
0.513620
0.515480
0.516477
0.516275
0.515329
0.513982
0.511892
0.509302
0.506939
0.505120
0.503288
0.502438
0.502507
0.503369
0.504616
0.506022
0.507434
0.509204
0.510951
0.512089
0.512112
0.511275
0.509375
0.506366
0.502137
0.497651
0.493565
0.490137
0.487465
0.486060
0.486385
0.487776
0.489972
0.492584
0.495330
0.498066
0.500557
0.502583
0.503920
0.503960
0.503134
0.501964
0.500688
0.499160
0.498029
0.496935
0.495596
0.494771
0.494966
0.496027
0.497457
0.499186
0.501020
0.503065
0.504909
0.506115
0.506017
0.505279
0.504194
0.502240
0.499226
0.495788
0.493165
0.491121
0.489425
0.488561
0.488841
0.490215
0.491904
0.493913
0.495842
0.497965
0.500023
0.501376
0.501280
0.500593
0.499301
0.497858
0.496465
0.494938
0.493517
0.492200
0.491491
0.491644
0.492807
0.494217
0.495529
0.497224
0.499018
0.500619
0.501834
0.501894
0.501084
0.499986
0.498524
0.497176
0.495550
0.494145
0.492709
0.491578
0.490377
0.489060
0.487783
0.486400
0.485138
0.483760
0.482904
0.482897
0.483761
0.485058
0.486704
0.488719
0.490790
0.492853
0.494905
0.496163
0.496221
0.495358
0.494170
0.492952
0.491448
0.489906
0.488556
0.487253
0.485844
0.485019
0.485255
0.486151
0.487557
0.489230
0.490939
0.492808
0.494531
0.495689
0.495752
0.495038
0.494051
0.493032
0.491895
0.490911
0.489934
0.489026
0.488049
0.487135
0.486754
0.486720
0.486394
0.486388
0.486981
0.488148
0.489515
0.491080
0.492692
0.494317
0.495923
0.496961
0.496952
0.496560
0.495779
0.495050
0.494276
0.493260
0.492249
0.491363
0.490593
0.489751
0.489573
0.489776
0.490138
0.490533
0.491364
0.492695
0.494066
0.495542
0.497112
0.498081
0.498091
0.497605
0.496880
0.495919
0.494937
0.494068
0.493199
0.492426
0.491678
0.491427
0.491909
0.492969
0.494271
0.495541
0.496841
0.498473
0.500040
0.501017
0.501067
0.500690
0.499867
0.498902
0.497883
0.496863
0.495854
0.495082
0.494334
0.493469
0.492594
0.491830
0.490920
0.490053
0.489531
0.489864
0.490756
0.492057
0.493438
0.494992
0.496729
0.498414
0.500061
0.500652
0.500427
0.499742
0.498923
0.497943
0.496643
0.495284
0.494082
0.492836
0.491673
0.491123
0.491444
0.492385
0.493771
0.495356
0.497024
0.498792
0.500333
0.501366
0.501351
0.500603
0.499678
0.498736
0.497756
0.496568
0.495197
0.493942
0.492776
0.491675
0.490572
0.489564
0.488460
0.487177
0.485913
0.485190
0.485276
0.485953
0.486840
0.488166
0.489776
0.491580
0.493052
0.494492
0.495119
0.494982
0.494426
0.493651
0.492743
0.491856
0.490828
0.489901
0.488959
0.488054
0.487193
0.486754
0.487093
0.487954
0.489078
0.490527
0.491834
0.493215
0.494601
0.495460
0.495359
0.494908
0.494114
0.493300
0.492293
0.491199
0.490150
0.489094
0.487935
0.486692
0.485433
0.484240
0.483074
0.481815
0.480615
0.479770
0.479790
0.480283
0.481157
0.482340
0.483572
0.484847
0.486119
0.487240
0.487716
0.487590
0.486925
0.486015
0.484871
0.483901
0.482778
0.481725
0.480785
0.479801
0.478911
0.478167
0.477547
0.476686
0.476303
0.476442
0.476940
0.477665
0.478804
0.479906
0.481018
0.482026
0.482981
0.483455
0.483522
0.483122
0.482355
0.481446
0.480162
0.478862
0.477718
0.476770
0.475824
0.475021
0.474125
0.473322
0.472572
0.471915
0.471202
0.470769
0.470620
0.470958
0.471539
0.472308
0.473316
0.474279
0.475177
0.476116
0.476638
0.476719
0.476519
0.476151
0.475314
0.474614
0.473735
0.472841
0.472142
0.471345
0.470554
0.469862
0.469167
0.468408
0.467695
0.466807
0.466013
0.465537
0.465599
0.466106
0.466829
0.467671
0.468508
0.469355
0.470309
0.471145
0.471633
0.471763
0.471355
0.470741
0.470170
0.469453
0.468703
0.468061
0.467248
0.466220
0.465381
0.464290
0.463197
0.462303
0.461444
0.460616
0.459900
0.459403
0.459275
0.459373
0.459732
0.460392
0.461099
0.461862
0.462635
0.463292
0.463571
0.463561
0.463117
0.462409
0.461618
0.460779
0.459886
0.459494
0.459054
0.458412
0.457911
0.457418
0.456796
0.456185
0.455615
0.455038
0.454412
0.453681
0.453421
0.453374
0.453745
0.454295
0.454981
0.455694
0.456249
0.456719
0.456930
0.456846
0.456431
0.455962
0.455153
0.454559
0.453733
0.452984
0.452310
0.451701
0.450876
0.449973
0.448776
0.447932
0.446949
0.445946
0.444854
0.443693
0.442641
0.441525
0.440625
0.440047
0.440093
0.440473
0.440942
0.441607
0.442525
0.443002
0.443367
0.443626
0.443249
0.442593
0.441786
0.440904
0.439818
0.438769
0.437658
0.436800
0.435793
0.434842
0.433926
0.433022
0.432293
0.431666
0.430982
0.430193
0.429352
0.428666
0.427851
0.427054
0.426115
0.425165
0.424188
0.423310
0.422366
0.421385
0.420555
0.419612
0.418984
0.418592
0.418415
0.417879
0.417581
0.417289
0.416917
0.416194
0.415489
0.414749
0.414097
0.413156
0.412409
0.411660
0.411036
0.410388
0.409792
0.409277
0.408560
0.408054
0.407260
0.406530
0.405667
0.404885
0.404054
0.403136
0.402348
0.401516
0.400860
0.400013
0.399171
0.398289
0.397599
0.396790
0.395940
0.395352
0.394504
0.393711
0.392840
0.391836
0.390635
0.389566
0.388511
0.387496
0.386422
0.385547
0.384401
0.383518
0.382366
0.381375
0.380256
0.379227
0.378121
0.377077
0.376017
0.374611
0.373112
0.371839
0.370487
0.369313
0.368354
0.367477
0.366538
0.365781
0.365029
0.364419
0.363636
0.362896
0.362245
0.361506
0.360839
0.360124
0.359450
0.358641
0.357924
0.357222
0.356204
0.355286
0.354276
0.353365
0.352404
0.351388
0.350494
0.349513
0.348534
0.347621
0.346644
0.345880
0.345125
0.344219
0.343340
0.342351
0.341474
0.340834
0.340199
0.339553
0.338873
0.338310
0.337803
0.337316
0.336628
0.335741
0.334839
0.334082
0.333125
0.332155
0.331299
0.330442
0.329570
0.328705
0.327731
0.326764
0.326188
0.325448
0.324849
0.324373
0.323847
0.323258
0.322822
0.322282
0.321809
0.321193
0.320309
0.319407
0.318648
0.317840
0.316831
0.315869
0.314840
0.313757
0.312885
0.311905
0.310873
0.309777
0.308826
0.307915
0.307078
0.306059
0.304984
0.303903
0.302812
0.301740
0.300578
0.299442
0.298279
0.297388
0.296358
0.295168
0.294021
0.292723
0.291507
0.290275
0.289024
0.287842
0.286601
0.285261
0.283965
0.282762
0.281490
0.280280
0.278994
0.277740
0.276387
0.275007
0.273781
0.272322
0.271069
0.269897
0.268443
0.267116
0.265759
0.264346
0.262910
0.261443
0.259988
0.258627
0.257079
0.255654
0.254215
0.252991
0.251774
0.250335
0.248858
0.247201
0.245818
0.244246
0.242855
0.241619
0.240180
0.238687
0.237280
0.235950
0.234578
0.233186
0.231741
0.230257
0.228840
0.227282
0.225840
0.224486
0.223075
0.221556
0.220070
0.218540
0.217144
0.215766
0.214363
0.212867
0.211428
0.210077
0.208758
0.207349
0.205939
0.204593
0.203239
0.201838
0.200471
0.199200
0.197970
0.196824
0.195780
0.194560
0.193256
0.192034
0.190912
0.189709
0.188463
0.187464
0.186416
0.185392
0.184221
0.183090
0.182124
0.180977
0.180048
0.178984
0.177928
0.176949
0.175956
0.174941
0.174007
0.172939
0.172042
0.171040
0.170150
0.169251
0.168378
0.167433
0.166539
0.165721
0.165140
0.164376
0.163689
0.162797
0.161941
0.161139
0.160216
0.159418
0.158562
0.157737
0.156916
0.156106
0.155301
0.154466
0.153729
0.153027
0.152190
0.151404
0.150667
0.149865
0.149056
0.148313
0.147637
0.146895
0.146206
0.145452
0.144802
0.144164
0.143396
0.142625
0.141938
0.141272
0.140607
0.139923
0.139146
0.138540
0.137793
0.137219
0.136845
0.136217
0.135621
0.135002
0.134333
0.133694
0.133008
0.132371
0.131641
0.130868
0.130361
0.129611
0.129069
0.128501
0.127733
0.127167
0.126563
0.125962
0.125249
0.124692
0.124216
0.123677
0.123170
0.122608
0.121940
0.121352
0.120785
0.120194
0.119513
0.118955
0.118346
0.117683
0.117180
0.116539
0.115901
0.115397
0.114739
0.114327
0.113761
0.113135
0.112605
0.111917
0.111351
0.110795
0.110197
0.109510
0.109140
0.108609
0.108070
0.107556
0.107002
0.106520
0.106028
0.105501
0.105005
0.104519
0.103944
0.103498
0.102936
0.102590
0.102271
0.101780
0.101234
0.100753
0.100242
0.099670
0.099139
0.098637
0.098189
0.097722
0.097214
0.096742
0.096262
0.095766
0.095144
0.094737
0.094196
0.093602
0.093235
0.092778
0.092252
0.091769
0.091289
0.090742
0.090266
0.089737
0.089291
0.088849
0.088271
0.087818
0.087393
0.087056
0.086477
0.086059
0.085666
0.085047
0.084567
0.084170
0.083652
0.083214
0.082770
0.082270
0.081835
0.081309
0.080904
0.080418
0.079887
0.079413
0.078897
0.078404
0.078111
0.077663
0.077239
0.076715
0.076249
0.075865
0.075381
0.074957
0.074444
0.074077
0.073640
0.073137
0.072756
0.072280
0.072020
0.071621
0.071285
0.070888
0.070459
0.070005
0.069614
0.069232
0.068828
0.068465
0.067936
0.067475
0.067076
0.066764
0.066322
0.065856
0.065338
0.065049
0.064590
0.064224
0.064022
0.063623
0.063320
0.063036
0.062564
0.062213
0.061860
0.061446
0.060988
0.060654
0.060292
0.060000
0.059509
0.059108
0.058820
0.058424
0.058006
0.057742
0.057277
0.057013
0.056583
0.056308
0.056052
0.055608
0.055208
0.054980
0.054642
0.054333
0.053988
0.053559
0.053203
0.053030
0.052709
0.052340
0.052036
0.051794
0.051450
0.051344
0.051004
0.050687
0.050465
0.050245
0.049973
0.049787
0.049417
0.049153
0.048944
0.048658
0.048459
0.048309
0.048003
0.047768
0.047586
0.047371
0.047144
0.046908
0.046744
0.046477
0.046332
0.046051
0.045897
0.045743
0.045518
0.045317
0.045171
0.045065
0.044838
0.044632
0.044486
0.044305
0.044160
0.044011
0.043801
0.043694
0.043480
0.043344
0.043192
0.043008
0.042905
0.042774
0.042540
0.042520
0.042314
0.042212
0.042066
0.041947
0.041776
0.041635
0.041546
0.041487
0.041270
0.041195
0.041096
0.040983
0.040843
0.040746
0.040606
0.040499
0.040364
0.040272
0.040115
0.040068
0.039973
0.039834
0.039649
0.039603
0.039513
0.039408
0.039393
0.039323
0.039202
0.039116
0.039044
0.038946
0.038845
0.038696
0.038606
0.038510
0.038487
0.038404
0.038342
0.038259
0.038142
0.038103
0.037985
0.037920
0.037804
0.037729
0.037715
0.037638
0.037540
0.037491
0.037456
0.037408
0.037312
0.037261
0.037110
0.037045
0.037042
0.036995
0.036962
0.036860
0.036768
0.036721
0.036642
0.036595
0.036499
0.036469
0.036449
0.036342
0.036267
0.036267
0.036239
0.036190
0.036144
0.036098
0.036052
0.035982
0.035899
0.035854
0.035842
0.035786
0.035741
0.035717
0.035673
0.035628
0.035556
0.035512
0.035457
0.035401
0.035401
0.035356
0.035273
0.035253
0.035208
0.035130
0.035087
0.035023
0.034989
0.034919
0.034876
0.034876
0.034833
0.034774
0.034784
0.034697
0.034655
0.034613
0.034571
0.034530
0.034530
0.034532
0.034491
0.034491
0.034450
0.034442
0.034340
0.034299
0.034299
0.034259
0.034259
0.034197
0.034165
0.034125
0.034125
0.034085
0.034051
0.033968
0.033911
0.033911
0.033903
0.033903
0.033864
0.033864
0.033826
0.033826
0.033821
0.033752
0.033788
0.033746
0.033670
0.033632
0.033606
0.033569
0.033537
0.033537
0.033477
0.033477
0.033440
0.033414
0.033403
0.033370
0.033328
0.033279
0.033279
0.033279
0.033217
0.033217
0.033148
0.033114
0.033114
0.033079
0.033079
0.033079
0.033010
0.032968
0.032985
0.032950
0.032950
0.032950
0.032881
0.032881
0.032881
0.032849
0.032849
0.032849
0.032816
0.032741
0.032764
0.032764
0.032730
0.032774
0.032738
0.032738
0.032705
0.032705
0.032705
0.032670
0.032636
0.032636
0.032597
0.032616
0.032584
0.032548
0.032548
0.032548
0.032552
0.032486
0.032465
0.032429
0.032397
0.032394
0.032356
0.032356
0.032377
0.032309
0.032309
0.032309
0.032309
0.032311
0.032279
0.032242
0.032242
0.032242
0.032242
0.032175
0.032210
0.032195
0.032195
0.032195
0.032195
0.032164
0.032116
0.032080
0.032034
0.032034
0.032034
0.031969
0.031969
0.031969
0.031988
0.032022
0.032022
0.031992
0.032000
0.032000
0.031900
0.031867
0.031841
0.031841
0.031812
0.031780
0.031780
0.031801
0.031799
0.031857
0.031891
0.031857
0.031828
0.031828
0.031759
0.031759
0.031801
0.031775
0.031746
0.031789
0.031784
0.031784
0.031748
0.031748
0.031778
0.031778
0.031778
0.031778
0.031734
0.031720
0.031656
0.031656
0.031630
0.031656
0.031656
0.031629
0.031629
0.031629
0.031594
0.031594
0.031594
0.031566
0.031566
0.031566
0.031566
0.031566
0.031592
0.031592
0.031535
0.031553
0.031553
0.031553
0.031553
0.031525
0.031525
0.031525
0.031525
0.031525
0.031491
0.031518
0.031518
0.031518
0.031518
0.031518
0.031518
0.031500
0.031499
0.031448
0.031448
0.031414
0.031400
0.031400
0.031428
0.031428
0.031428
0.031428
0.031428
0.031428
0.031428
0.031428
0.031428
0.031428
0.031396
0.031396
0.031383
0.031356
0.031385
0.031385
0.031385
0.031385
0.031385
0.031385
0.031385
0.031385
0.031385
0.031385
0.031385
0.031332
0.031332
0.031332
0.031368
0.031355
0.031355
0.031355
0.031355
0.031355
0.031355
0.031322
0.031322
0.031322
0.031342
0.031342
0.031304
0.031304
0.031278
0.031278
0.031249
0.031280
0.031280
0.031280
0.031280
0.031305
0.031305
0.031305
0.031305
0.031305
0.031305
0.031286
0.031286
0.031261
0.031261
0.031261
0.031261
0.031296
0.031272
0.031272
0.031304
0.031304
0.031304
0.031304
0.031304
0.031276
0.031276
0.031276
0.031276
0.031276
0.031239
0.031253
0.031253
0.031253
0.031253
0.031212
0.031212
0.031234
0.031192
0.031192
0.031176
0.031176
0.031176
0.031176
0.031218
0.031218
0.031218
0.031251
0.031251
0.031251
0.031230
0.031194
0.031152
0.031152
0.031152
0.031152
0.031152
0.031152
0.031152
0.031152
0.031152
0.031152
0.031154
0.031154
0.031154
0.031154
0.031154
0.031154
0.031154
0.031120
0.031080
0.031080
0.031080
0.031041
0.031041
0.031041
0.031041
0.031041
0.031041
0.031016
0.031016
0.031016
0.031016
0.031016
0.031031
0.031031
0.031031
0.031012
0.031013
0.031013
0.031013
0.031013
0.031013
0.030989
0.030989
0.030989
0.030989
0.030989
0.030955
0.030955
0.030946
0.030946
0.030946
0.030946
0.030908
0.030908
0.030908
0.030908
0.030908
0.030908
0.030908
0.030908
0.030875
0.030840
0.030840
0.030840
0.030840
0.030840
0.030840
0.030840
0.030840
0.030840
0.030840
0.030840
0.030840
0.030840
0.030840
0.030807
0.030792
0.030792
0.030786
0.030749
0.030749
0.030749
0.030749
0.030775
0.030775
0.030775
0.030748
0.030748
0.030722
0.030691
0.030691
0.030691
0.030691
0.030691
0.030691
0.030691
0.030691
0.030716
0.030680
0.030680
0.030680
0.030680
0.030643
0.030643
0.030577
0.030611
0.030611
0.030623
0.030598
0.030597
0.030621
0.030621
0.030646
0.030646
0.030570
0.030570
0.030570
0.030570
0.030570
0.030570
0.030573
0.030549
0.030591
0.030591
0.030556
0.030556
0.030522
0.030522
0.030431
0.030431
0.030431
0.030455
0.030455
0.030455
0.030455
0.030455
0.030401
0.030401
0.030401
0.030357
0.030359
0.030402
0.030402
0.030402
0.030368
0.030368
0.030368
0.030368
0.030368
0.030368
0.030368
0.030368
0.030368
0.030338
0.030301
0.030257
0.030257
0.030229
0.030273
0.030240
0.030240
0.030273
0.030273
0.030273
0.030239
0.030239
0.030239
0.030239
0.030239
0.030239
0.030239
0.030134
0.030139
0.030139
0.030183
0.030215
0.030215
0.030252
0.030252
0.030214
0.030214
0.030214
0.030141
0.030141
0.030076
0.030076
0.030076
0.030033
0.030033
0.030065
0.030116
0.030116
0.030116
0.030116
0.030116
0.030116
0.030116
0.030080
0.030047
0.030047
0.030047
0.030076
0.030076
0.030065
0.030009
0.030019
0.030086
0.030086
0.030086
0.030057
0.030029
0.030029
0.029960
0.029953
0.029953
0.029953
0.029953
0.030022
0.029998
0.029955
0.029955
0.029998
0.029998
0.029998
0.029969
0.029927
0.029918
0.029918
0.029918
0.029880
0.029880
0.029912
0.029889
0.029861
0.029861
0.029861
0.029861
0.029861
0.029874
0.029874
0.029874
0.029874
0.029841
0.029841
0.029841
0.029846
0.029846
0.029846
0.029845
0.029845
0.029845
0.029845
0.029845
0.029845
0.029845
0.029807
0.029807
0.029807
0.029802
0.029774
0.029774
0.029745
0.029745
0.029745
0.029745
0.029745
0.029745
0.029758
0.029758
0.029753
0.029753
0.029770
0.029770
0.029770
0.029770
0.029770
0.029770
0.029770
0.029770
0.029770
0.029770
0.029770
0.029770
0.029732
0.029732
0.029732
0.029732
0.029732
0.029705
0.029705
0.029681
0.029681
0.029681
0.029681
0.029681
0.029681
0.029681
0.029681
0.029681
0.029681
0.029681
0.029681
0.029667
0.029667
0.029667
0.029667
0.029667
0.029667
0.029667
0.029667
0.029667
0.029667
0.029667
0.029629
0.029629
0.029578
0.029578
0.029578
0.029578
0.029578
0.029578
0.029537
0.029537
0.029537
0.029537
0.029510
0.029510
0.029510
0.029510
0.029510
0.029510
0.029510
0.029510
0.029552
0.029552
0.029510
0.029510
0.029510
0.029510
0.029537
0.029537
0.029537
0.029519
0.029492
0.029475
0.029475
0.029452
0.029414
0.029414
0.029414
0.029414
0.029385
0.029385
0.029408
0.029435
0.029435
0.029435
0.029435
0.029435
0.029435
0.029408
0.029385
0.029385
0.029385
0.029385
0.029385
0.029385
0.029385
0.029385
0.029385
0.029470
0.029470
0.029444
0.029430
0.029402
0.029402
0.029378
0.029316
0.029330
0.029364
0.029364
0.029364
0.029364
0.029364
0.029364
0.029354
0.029354
0.029354
0.029354
0.029354
0.029354
0.029354
0.029354
0.029326
0.029326
0.029326
0.029321
0.029321
0.029321
0.029321
0.029321
0.029385
0.029385
0.029344
0.029344
0.029344
0.029308
0.029308
