1.534704
1.366902
1.209655
1.099011
1.036961
1.010391
1.002745
1.003475
1.004177
1.003825
1.002984
1.001771
1.000432
0.999269
0.998130
0.997078
0.995948
0.994462
0.993153
0.991619
0.990333
0.988852
0.987242
0.985732
0.984149
0.982760
0.981118
0.979237
0.977645
0.976245
0.975238
0.974259
0.973543
0.972953
0.972442
0.971841
0.971226
0.970705
0.969890
0.969116
0.968418
0.967541
0.966523
0.965119
0.963536
0.961420
0.959373
0.957279
0.954935
0.952766
0.950752
0.948510
0.946467
0.944228
0.942057
0.939919
0.937775
0.935327
0.933184
0.930882
0.928673
0.926420
0.924396
0.922198
0.920109
0.917810
0.915632
0.913237
0.910905
0.908505
0.906267
0.904016
0.901996
0.899607
0.897755
0.895630
0.893432
0.891434
0.889095
0.886866
0.884620
0.882427
0.880099
0.877764
0.875382
0.873141
0.870955
0.868523
0.866417
0.864031
0.861621
0.859350
0.856725
0.854296
0.852068
0.849669
0.847330
0.844776
0.842319
0.839752
0.837238
0.834645
0.832159
0.829611
0.827026
0.824299
0.821621
0.819078
0.816310
0.813639
0.811013
0.808283
0.805530
0.803114
0.800425
0.797940
0.795369
0.792775
0.790135
0.787474
0.785166
0.782764
0.780293
0.777577
0.775185
0.772552
0.770103
0.767376
0.764968
0.762447
0.759781
0.757246
0.754456
0.751850
0.749113
0.746249
0.743664
0.740925
0.738339
0.735511
0.733191
0.730627
0.727996
0.725168
0.722737
0.720248
0.717651
0.715187
0.712488
0.709938
0.707358
0.704870
0.702401
0.699957
0.697522
0.694910
0.692301
0.689764
0.687194
0.684662
0.681986
0.679464
0.676700
0.674252
0.671634
0.669239
0.666766
0.664372
0.661958
0.659608
0.657428
0.655190
0.652840
0.650531
0.648047
0.645583
0.643260
0.640852
0.638175
0.635868
0.633663
0.631343
0.629032
0.626744
0.624466
0.622274
0.620331
0.617978
0.616037
0.613948
0.611792
0.609705
0.607545
0.605505
0.603276
0.601298
0.599119
0.597099
0.595034
0.592996
0.590963
0.589113
0.587033
0.585040
0.582862
0.580935
0.578790
0.576695
0.574760
0.572763
0.570694
0.568986
0.566774
0.564742
0.562802
0.560766
0.558806
0.556793
0.554712
0.552736
0.550844
0.548915
0.546956
0.544891
0.542926
0.540996
0.539043
0.537275
0.535271
0.533308
0.531447
0.529462
0.527609
0.525716
0.523877
0.521890
0.520127
0.518204
0.516273
0.514478
0.512429
0.510365
0.508335
0.506054
0.504085
0.502156
0.500161
0.498079
0.495869
0.494047
0.492079
0.489920
0.488005
0.485860
0.483608
0.481835
0.479685
0.477466
0.475844
0.473554
0.471452
0.469122
0.466869
0.464790
0.462352
0.460053
0.457933
0.455768
0.453968
0.452092
0.450536
0.448868
0.447341
0.445730
0.444065
0.442462
0.440446
0.438449
0.436375
0.434379
0.432615
0.430439
0.428521
0.426687
0.424538
0.422508
0.420501
0.418274
0.416136
0.414163
0.411917
0.409647
0.407403
0.405362
0.403124
0.400802
0.398384
0.396136
0.394131
0.391837
0.389558
0.387406
0.385471
0.383259
0.380971
0.378899
0.376524
0.374224
0.371968
0.369681
0.367473
0.365274
0.362913
0.360798
0.358669
0.356427
0.354242
0.351944
0.349741
0.347588
0.345375
0.343294
0.341179
0.338716
0.336674
0.334405
0.332320
0.330496
0.328494
0.326121
0.324128
0.322157
0.320228
0.318093
0.316101
0.314005
0.311911
0.309784
0.307744
0.305540
0.303676
0.301410
0.299360
0.297267
0.295263
0.293201
0.291123
0.289096
0.287140
0.285146
0.283098
0.281145
0.279225
0.277269
0.275207
0.273364
0.271318
0.269418
0.267479
0.265550
0.263680
0.261895
0.260096
0.258271
0.256476
0.254868
0.253219
0.251445
0.249786
0.248184
0.246556
0.244910
0.243231
0.241668
0.239876
0.238302
0.236738
0.235178
0.233644
0.232100
0.230568
0.229147
0.227822
0.226210
0.224823
0.223465
0.221983
0.220581
0.219052
0.217684
0.216346
0.214901
0.213540
0.212189
0.210836
0.209446
0.208095
0.206826
0.205484
0.204157
0.202819
0.201490
0.200166
0.198973
0.197795
0.196509
0.195189
0.194089
0.192849
0.191679
0.190360
0.189152
0.187954
0.186680
0.185523
0.184345
0.182997
0.181822
0.180666
0.179610
0.178524
0.177318
0.176256
0.175164
0.173926
0.172976
0.171895
0.170762
0.169846
0.168860
0.167755
0.166734
0.165585
0.164500
0.163577
0.162485
0.161514
0.160609
0.159585
0.158515
0.157550
0.156504
0.155391
0.154306
0.153188
0.152317
0.151303
0.150414
0.149346
0.148463
0.147429
0.146485
0.145528
0.144586
0.143439
0.142484
0.141623
0.140780
0.139848
0.138915
0.138045
0.137085
0.136215
0.135306
0.134450
0.133628
0.132759
0.131783
0.130969
0.130084
0.129221
0.128349
0.127402
0.126547
0.125742
0.124891
0.124125
0.123308
0.122461
0.121612
0.120899
0.120012
0.119353
0.118519
0.117786
0.116969
0.116295
0.115420
0.114625
0.113932
0.113084
0.112359
0.111617
0.110790
0.110028
0.109407
0.108578
0.107771
0.107148
0.106497
0.105584
0.104939
0.104162
0.103571
0.102850
0.102068
0.101468
0.100686
0.099977
0.099113
0.098432
0.097693
0.097173
0.096478
0.095709
0.095002
0.094332
0.093745
0.092999
0.092367
0.091727
0.091082
0.090385
0.089740
0.089168
0.088567
0.087782
0.087297
0.086570
0.085992
0.085339
0.084610
0.083966
0.083426
0.082788
0.082091
0.081501
0.080959
0.080285
0.079763
0.079112
0.078703
0.078069
0.077424
0.076970
0.076359
0.075710
0.075292
0.074737
0.074056
0.073591
0.073073
0.072507
0.072069
0.071338
0.070877
0.070390
0.069833
0.069354
0.068938
0.068364
0.067974
0.067448
0.066976
0.066500
0.066071
0.065651
0.065188
0.064801
0.064384
0.063872
0.063411
0.063009
0.062546
0.062127
0.061712
0.061367
0.060861
0.060463
0.060144
0.059711
0.059346
0.059050
0.058753
0.058203
0.057901
0.057692
0.057272
0.056871
0.056656
0.056289
0.055920
0.055658
0.055295
0.055004
0.054573
0.054268
0.054019
0.053646
0.053400
0.053072
0.052815
0.052521
0.052228
0.051876
0.051692
0.051469
0.051214
0.050919
0.050612
0.050384
0.050182
0.049958
0.049620
0.049444
0.049319
0.049017
0.048776
0.048509
0.048348
0.048136
0.047857
0.047607
0.047437
0.047224
0.046994
0.046715
0.046571
0.046459
0.046159
0.046069
0.045776
0.045693
0.045610
0.045395
0.045166
0.044938
0.044835
0.044627
0.044500
0.044361
0.044127
0.043981
0.043826
0.043663
0.043541
0.043379
0.043203
0.043072
0.042921
0.042781
0.042610
0.042503
0.042427
0.042322
0.042217
0.042040
0.041861
0.041754
0.041731
0.041631
0.041447
0.041318
0.041324
0.041150
0.041003
0.040935
0.040840
0.040784
0.040618
0.040585
0.040438
0.040330
0.040141
0.040125
0.039954
0.039846
0.039777
0.039731
0.039599
0.039645
0.039417
0.039417
0.039306
0.039279
0.039102
0.039122
0.039047
0.038896
0.038801
0.038760
0.038675
0.038470
0.038370
0.038340
0.038305
0.038209
0.038120
0.038047
0.037997
0.037894
0.037898
0.037825
0.037704
0.037680
0.037579
0.037413
0.037362
0.037319
0.037279
0.037272
0.037249
0.037212
0.037067
0.037019
0.036975
0.036914
0.036871
0.036795
0.036715
0.036650
0.036556
0.036473
0.036507
0.036496
0.036453
0.036414
0.036365
0.036299
0.036288
0.036231
0.036149
0.036149
0.036098
0.036115
0.036026
0.036026
0.035868
0.035845
0.035795
0.035805
0.035811
0.035738
0.035765
0.035772
0.035691
0.035730
0.035657
0.035625
0.035538
0.035535
0.035504
0.035517
0.035528
0.035447
0.035406
0.035393
0.035406
0.035326
0.035302
0.035228
0.035245
0.035207
0.035160
0.035119
0.035081
0.035027
0.035027
0.034948
0.034935
0.034942
0.034905
0.034905
0.034824
0.034824
0.034824
0.034841
0.034834
0.034788
0.034748
0.034672
0.034651
0.034684
0.034577
0.034511
0.034449
0.034384
0.034391
0.034391
0.034385
0.034341
0.034375
0.034320
0.034272
0.034280
0.034278
0.034242
0.034227
0.034196
0.034157
0.034077
0.034033
0.034033
0.034055
0.034055
0.034020
0.034019
0.034019
0.033905
0.033851
0.033888
0.033811
0.033811
0.033811
0.033844
0.033900
0.033901
0.033858
0.033840
0.033800
0.033714
0.033675
0.033643
0.033643
0.033677
0.033635
0.033600
0.033570
0.033560
0.033568
0.033573
0.033542
0.033514
0.033449
0.033449
0.033457
0.033457
0.033466
0.033466
0.033476
0.033476
0.033407
0.033407
0.033435
0.033410
0.033410
0.033321
0.033370
0.033407
0.033366
0.033366
0.033333
0.033375
0.033337
0.033337
0.033337
0.033262
0.033195
0.033178
0.033178
0.033138
0.033151
0.033136
0.033128
0.033128
0.033094
0.033065
0.033065
0.033102
0.033058
0.033057
0.033057
0.033057
0.032998
0.032942
0.032926
0.032914
0.032907
0.032907
0.032869
0.032864
0.032833
0.032792
0.032789
0.032753
0.032750
0.032711
0.032711
0.032673
0.032673
0.032711
0.032710
0.032710
0.032674
0.032642
0.032642
0.032650
0.032614
0.032580
0.032544
0.032544
0.032544
0.032544
0.032544
0.032512
0.032477
0.032477
0.032467
0.032467
0.032435
0.032365
0.032326
0.032330
0.032290
0.032255
0.032255
0.032187
0.032187
0.032187
0.032187
0.032196
0.032156
0.032167
0.032173
0.032180
0.032180
0.032126
0.032102
0.032079
0.032079
0.032089
0.032089
0.032031
0.031991
0.031991
0.031968
0.031968
0.031968
0.031948
0.031948
0.031982
0.031986
0.031949
0.031930
0.031930
0.031930
0.031930
0.031956
0.031956
0.031888
0.031888
0.031888
0.031869
0.031803
0.031803
0.031772
0.031744
0.031744
0.031712
0.031712
0.031682
0.031652
0.031652
0.031612
0.031502
0.031493
0.031477
0.031440
0.031402
0.031438
0.031393
0.031389
0.031389
0.031356
0.031353
0.031424
0.031422
0.031382
0.031382
0.031280
0.031252
0.031282
0.031281
0.031249
0.031249
0.031215
0.031198
0.031198
0.031197
0.031157
0.031157
0.031126
0.031159
0.031132
0.031132
0.031062
0.031057
0.031057
0.031025
0.031025
0.030999
0.030948
0.030948
0.030948
0.030948
0.030948
0.030948
0.030948
0.030892
0.030892
0.030892
0.030831
0.030835
0.030835
0.030816
0.030823
0.030798
0.030806
0.030814
0.030823
0.030823
0.030833
0.030799
0.030779
0.030755
0.030682
0.030652
0.030652
0.030622
0.030633
0.030633
0.030667
0.030667
0.030643
0.030656
0.030656
0.030656
0.030623
0.030623
0.030623
0.030541
0.030511
0.030489
0.030502
0.030502
0.030502
0.030502
0.030502
0.030502
0.030502
0.030502
0.030502
0.030542
0.030521
0.030521
0.030410
0.030400
0.030354
0.030347
0.030339
0.030300
0.030294
0.030289
0.030289
0.030296
0.030292
0.030215
0.030212
0.030194
0.030164
0.030163
0.030089
0.030089
0.030088
0.030088
0.030088
0.030055
0.030035
0.030035
0.030005
0.029966
0.029966
0.029966
0.029966
0.029966
0.029966
0.029966
0.029966
0.029966
0.029966
0.029923
0.029905
0.029905
0.029905
0.029905
0.029905
0.029866
0.029866
0.029866
0.029866
0.029866
0.029866
0.029875
0.029879
0.029889
0.029895
0.029871
0.029854
0.029862
0.029810
0.029750
0.029781
0.029791
0.029791
0.029801
0.029758
0.029758
0.029756
0.029756
0.029725
0.029779
0.029779
0.029779
0.029788
0.029750
0.029746
0.029746
0.029746
0.029709
0.029709
0.029709
0.029709
0.029709
0.029709
0.029723
0.029723
0.029723
0.029760
0.029721
0.029721
0.029721
0.029721
0.029721
0.029684
0.029686
0.029654
0.029585
0.029576
0.029560
0.029537
0.029568
0.029524
0.029480
0.029444
0.029482
0.029478
0.029474
0.029437
0.029397
0.029397
0.029365
0.029395
0.029395
0.029395
0.029402
0.029402
0.029343
0.029337
0.029374
0.029334
0.029374
0.029337
0.029337
0.029337
0.029337
0.029227
0.029227
0.029215
0.029252
0.029253
0.029220
0.029224
0.029224
0.029263
0.029327
0.029290
0.029290
0.029290
0.029290
0.029290
0.029258
0.029222
0.029230
0.029201
0.029211
0.029180
0.029187
0.029187
0.029232
0.029236
0.029213
0.029213
0.029223
0.029223
0.029234
0.029234
0.029238
0.029249
0.029249
0.029173
0.029185
0.029185
0.029185
0.029186
0.029219
0.029231
0.029206
0.029196
0.029196
0.029163
0.029201
0.029134
0.029134
0.029134
0.029147
0.029113
0.029113
0.029075
0.029060
0.029060
0.029031
0.029031
0.029031
0.029031
0.029068
0.029036
0.028998
0.028929
0.028953
0.028937
0.028973
0.028930
0.028930
0.028924
0.028919
0.028919
0.028915
0.028879
0.028917
0.028914
0.028914
0.028914
0.028875
0.028835
0.028875
0.028836
0.028836
0.028836
0.028836
0.028836
0.028836
0.028796
0.028796
0.028833
0.028833
0.028833
0.028839
0.028839
0.028802
0.028802
0.028802
0.028802
0.028765
0.028765
0.028765
0.028757
0.028757
0.028771
0.028771
0.028771
0.028771
0.028771
0.028733
0.028742
0.028746
0.028757
0.028763
0.028770
0.028770
0.028777
0.028786
0.028832
0.028832
0.028776
0.028776
0.028787
0.028745
0.028745
0.028756
0.028756
0.028756
0.028768
0.028768
0.028783
0.028783
0.028783
0.028832
0.028832
0.028795
0.028795
0.028795
0.028795
0.028758
0.028758
0.028758
0.028771
0.028771
0.028771
0.028771
0.028771
0.028771
0.028771
0.028737
0.028737
0.028737
0.028737
0.028737
0.028737
0.028669
0.028660
0.028644
0.028637
0.028631
0.028631
0.028625
0.028620
0.028620
0.028616
0.028613
0.028576
0.028574
0.028574
0.028574
0.028572
0.028572
0.028572
0.028571
0.028571
0.028571
0.028571
0.028571
0.028570
0.028570
0.028540
0.028540
0.028518
0.028518
0.028518
0.028549
0.028549
0.028549
0.028516
0.028516
0.028479
0.028473
0.028473
0.028473
0.028473
0.028442
0.028442
0.028442
0.028442
0.028442
0.028451
0.028455
0.028496
0.028548
0.028555
0.028555
0.028562
0.028571
0.028571
0.028580
0.028524
0.028524
0.028535
0.028535
0.028535
0.028546
0.028546
0.028546
0.028558
0.028589
0.028589
0.028589
0.028589
0.028601
0.028601
0.028570
0.028570
0.028570
0.028570
0.028570
0.028542
0.028506
0.028506
0.028519
0.028519
0.028519
0.028547
0.028547
0.028547
0.028547
0.028547
0.028547
0.028519
0.028519
0.028519
0.028519
0.028450
0.028441
0.028425
0.028418
0.028412
0.028412
0.028445
0.028441
0.028437
0.028437
0.028433
0.028394
0.028392
0.028392
0.028392
0.028390
0.028390
0.028390
0.028389
0.028389
0.028355
0.028394
0.028394
0.028394
0.028394
0.028394
0.028394
0.028394
0.028355
0.028355
0.028355
0.028355
0.028355
0.028322
0.028286
0.028286
0.028325
0.028325
0.028325
0.028325
0.028320
0.028320
0.028331
0.028331
0.028292
0.028301
0.028301
0.028311
0.028318
0.028325
0.028325
0.028332
0.028379
0.028379
0.028389
0.028398
0.028398
0.028409
0.028409
0.028409
0.028420
0.028381
0.028381
0.028393
0.028393
0.028393
0.028393
0.028432
0.028444
0.028444
0.028444
0.028444
0.028444
0.028444
0.028444
0.028444
0.028444
0.028444
0.028418
0.028418
0.028418
0.028418
0.034350
0.034389
0.034342
0.034152
0.033988
0.034005
0.033894
0.033833
0.033717
0.033602
0.033461
0.033408
0.033309
0.033262
0.033132
0.033088
0.032953
0.032903
0.032738
0.032692
0.032677
0.032586
0.032541
0.032494
0.032404
0.032359
0.032313
0.032191
0.032147
0.032102
0.032058
0.031970
0.031926
0.031882
0.031889
0.031846
0.031802
0.031759
0.031716
0.031631
0.031588
0.031513
0.031471
0.031429
0.031387
0.031390
0.031348
0.031281
0.031240
0.031232
0.031232
0.031163
0.031122
0.031082
0.031013
0.030977
0.030947
0.030914
0.030921
0.030921
0.030890
0.030898
0.030868
0.030830
0.030834
0.030796
0.030807
0.030769
0.030700
0.030674
0.030604
0.030604
0.030580
0.030544
0.030544
0.030511
0.030476
0.030488
0.030453
0.030419
0.030419
0.030385
0.030373
0.030355
0.030323
0.030290
0.030266
0.030266
0.030266
0.030234
0.030234
0.030203
0.030203
0.030172
0.030172
0.030141
0.030112
0.030112
0.030083
0.030014
0.029977
0.029920
0.029885
0.029907
0.029880
0.029875
0.029870
0.029843
0.029839
0.029836
0.029810
0.029808
0.029808
0.029783
0.029781
0.029686
0.029727
0.029668
0.029668
0.029628
0.029628
0.029628
0.029628
0.029628
0.029576
0.029576
0.029542
0.029521
0.029477
0.029486
0.029486
0.029532
0.029560
0.029504
0.029504
0.029504
0.029486
0.029486
0.029486
0.029396
0.029333
0.029333
0.029333
0.029333
0.029342
0.029366
0.029376
0.029410
0.029417
0.029417
0.029424
0.029387
0.029359
0.029330
0.029309
0.029281
0.029291
0.029291
0.029337
0.029348
0.029348
0.029330
0.029372
0.029372
0.029372
0.029344
0.029329
0.029342
0.029342
0.029342
0.029312
0.029266
0.029266
0.029266
0.029266
0.029293
0.029293
0.029293
0.029323
0.029295
0.029249
0.029249
0.029211
0.029211
0.029211
0.029257
0.029227
0.029227
0.029227
0.029195
0.029127
0.029118
0.029102
0.029095
0.029061
0.029091
0.029085
0.029086
0.029036
0.029036
0.029033
0.028991
0.028988
0.028988
0.029057
0.029028
0.028940
0.028903
0.028902
0.028902
0.028902
0.028902
0.028932
0.028921
0.028921
0.028874
0.028844
0.028886
0.028886
0.028886
0.028932
0.028932
0.028891
0.028852
0.028852
0.028852
0.028852
0.028842
0.028842
0.028842
0.028847
0.028847
0.028801
0.028801
0.028801
0.028810
0.028814
0.028783
0.028789
0.028796
0.028750
0.028749
0.028757
0.028798
0.028807
0.028817
0.028817
0.028828
0.028828
0.028782
0.028793
0.028758
0.028758
0.028770
0.028770
0.028770
0.028770
0.028770
0.028729
0.028729
0.028729
0.028738
0.028738
0.028738
0.028710
0.028710
0.028710
0.028710
0.028678
0.028678
0.028678
0.028678
0.028690
0.028690
0.028690
0.028690
0.028684
0.028639
0.028639
0.028639
0.028570
0.028561
0.028545
0.028538
0.028532
0.028532
0.028526
0.028476
0.028476
0.028472
0.028469
0.028479
0.028444
0.028484
0.028484
0.028482
0.028482
0.028442
0.028397
0.028393
0.028393
0.028393
0.028393
0.028392
0.028392
0.028392
0.028392
0.028392
0.028432
0.028432
0.028388
0.028388
0.028357
0.028318
0.028318
0.028330
0.028330
0.028330
0.028330
0.028301
0.028287
0.028287
0.028243
0.028203
0.028203
0.028203
0.028212
0.028216
0.028244
0.028248
0.028216
0.028216
0.028223
0.028202
0.028256
0.028256
0.028275
0.028275
0.028285
0.028325
0.028325
0.028336
0.028336
0.028336
0.028348
0.028348
0.028308
0.028308
0.028308
0.028321
0.028321
0.028278
0.028278
0.028232
0.028244
0.028244
0.028244
0.028259
0.028272
0.028272
0.028272
0.028272
0.028232
0.028232
0.028232
0.028232
0.028232
0.028232
0.028191
0.028191
0.028194
0.028125
0.028089
0.028073
0.028112
0.028122
0.028096
0.028090
0.028085
0.028046
0.028042
0.028038
0.027992
0.027990
0.027990
0.027990
0.028028
0.028028
0.028028
0.027986
0.027986
0.027986
0.027986
0.027986
0.028048
0.028008
0.028008
0.028008
0.028008
0.028008
0.027984
0.028024
0.028024
0.028024
0.028024
0.028024
0.028024
0.028024
0.028024
0.028024
0.028043
0.028043
0.028003
0.028003
0.028003
0.027964
0.027973
0.028016
0.028027
0.028033
0.028040
0.028040
0.028048
0.028056
0.028056
0.028044
0.028074
0.028045
0.028055
0.028055
0.028055
0.028066
0.028066
0.028066
0.028047
0.028047
0.028041
0.028041
0.028041
0.028053
0.028095
0.028116
0.028116
0.028116
0.028116
0.028116
0.028116
0.028116
0.028075
0.028088
0.028050
0.028050
0.028044
0.028067
0.028110
0.028110
0.028110
0.028132
0.028132
0.028132
0.028132
0.028132
0.028063
0.028054
0.028038
0.028037
0.028031
0.028031
0.028025
0.028020
0.028016
0.028040
0.028036
0.028036
0.028034
0.028034
0.028034
0.028032
0.028032
0.028032
0.028031
0.028031
0.028031
0.028031
0.028031
0.028016
0.028012
0.028012
0.028012
0.028012
0.028012
0.028012
0.028012
0.028012
0.028012
0.028012
0.028012
0.028012
0.028012
0.028012
0.028038
0.028038
0.028038
0.028038
0.028038
0.028038
0.028038
0.028047
0.028051
0.028061
0.028067
0.028074
0.028074
0.028082
0.028090
0.028079
0.028126
0.028136
0.028136
0.028146
0.028146
0.028146
0.028110
0.028110
0.028110
0.028122
0.028125
0.028125
0.028125
0.028125
0.028175
0.028202
0.028162
0.028162
0.028162
0.028128
0.028128
0.028128
0.028128
0.028128
0.028104
0.028104
0.028104
0.028104
0.028141
0.028141
0.028141
0.028170
0.028170
0.028209
0.028183
0.028183
0.028115
0.028068
0.028052
0.028045
0.028039
0.028039
0.028071
0.028066
0.028066
0.028062
0.028020
0.028020
0.028017
0.028047
0.028047
0.028000
0.028000
0.028000
0.027999
0.027999
0.027999
0.028037
0.028037
0.028036
0.028036
0.028036
0.028036
0.028036
0.028003
0.027966
0.027966
0.027966
0.027966
0.027966
0.027966
0.028034
0.028034
0.028002
0.028002
0.028002
0.028039
0.028071
0.028033
0.028033
0.028033
0.028033
0.028042
0.028046
0.028057
0.028100
0.028075
0.028075
0.028045
0.028054
0.028063
0.028095
0.028067
0.028067
0.028078
0.028078
0.028078
0.028089
0.028056
0.028094
0.028073
0.028105
0.028105
0.028105
0.028105
0.028150
0.028112
0.028112
0.028090
0.028090
0.028090
0.028090
0.028088
0.028125
0.028070
0.028070
0.028070
0.028070
0.028070
0.028070
0.028065
0.028107
0.028107
0.028107
0.028107
0.028107
0.028065
0.027964
0.027960
0.027944
0.027937
0.027931
0.027931
0.027926
0.027957
0.027922
0.027889
0.027886
0.027886
0.027883
0.027912
0.027880
0.027874
0.027874
0.027874
0.027873
0.027873
0.027914
0.027909
0.027909
0.027909
0.027874
0.027845
0.027845
0.027845
0.027781
0.027819
0.027848
0.027848
0.027848
0.027848
0.027811
0.027853
0.027853
0.027853
0.027853
0.027853
0.027819
0.027779
0.027712
0.027750
0.027750
0.027759
0.027792
0.027802
0.027771
0.027778
0.027848
0.027856
0.027864
0.027864
0.027843
0.027820
0.027791
0.027839
0.027839
0.027805
0.027816
0.027814
0.027805
0.027817
0.027850
0.027850
0.027850
0.027850
0.027862
0.027830
0.027830
0.027830
0.027838
0.027838
0.027838
0.027820
0.027782
0.027782
0.027797
0.027797
0.027797
0.027797
0.027797
0.027729
0.027729
0.027729
0.027767
0.027767
0.027738
0.027738
0.027700
0.027631
0.027622
0.027639
0.027628
0.027589
0.027589
0.027584
0.027579
0.027575
0.027575
0.027572
0.027542
0.027539
0.027510
0.027510
0.027508
0.027508
0.027508
0.027507
0.027537
0.027537
0.027576
0.027576
0.027576
0.027576
0.027544
0.027509
0.027509
0.027509
0.027479
0.027479
0.027479
0.027480
0.027480
0.027480
0.027451
0.027480
0.027480
0.027480
0.027480
0.027480
0.027480
0.027480
0.027480
0.027451
0.027460
0.027432
0.027442
0.027449
0.027456
0.027456
0.027463
0.027501
0.027501
0.027510
0.027520
0.027520
0.027494
0.027494
0.027494
0.027476
0.027448
0.027448
0.027460
0.027460
0.027460
0.027500
0.027469
0.027511
0.027511
0.027511
0.027511
0.027511
0.027511
0.027511
0.027511
0.027482
0.027482
0.027495
0.027495
0.027495
0.027495
0.027495
0.027495
0.027524
0.027524
0.027497
0.027461
0.027461
0.027461
0.027461
0.027392
0.027323
0.027307
0.027300
0.027294
0.027263
0.027257
0.027253
0.027249
0.027278
0.027275
0.027275
0.027272
0.027272
0.027272
0.027270
0.027270
0.027305
0.027304
0.027304
0.027304
0.027304
0.027304
0.027303
0.027277
0.027270
0.027270
0.027270
0.027270
0.027240
0.027240
0.027214
0.027214
0.027185
0.027211
0.027211
0.027211
0.027211
0.027211
0.027211
0.027211
0.027240
0.027240
0.027214
0.027223
0.027227
0.027237
0.027243
0.027250
0.027234
0.027284
0.027292
0.027334
0.027343
0.027353
0.027275
0.027234
0.027234
0.027263
0.027274
0.027244
0.027244
0.027256
0.027324
0.027324
0.027295
0.027295
0.027295
0.027307
0.027307
0.027282
0.027239
0.027239
0.027239
0.027269
0.027269
0.027311
0.027350
0.027350
0.027350
0.027321
0.027321
0.027321
0.027321
0.027321
0.027295
0.027295
0.027337
0.027302
0.027302
0.027357
0.027263
0.027254
0.027238
0.027231
0.027225
0.027196
0.027191
0.027186
0.027127
0.027127
0.027123
0.027123
0.027121
0.027146
0.027146
0.027174
0.027174
0.027174
0.027173
0.027173
0.027173
0.027118
0.027118
0.027117
0.027117
0.027117
0.027117
0.027117
0.027143
0.027143
0.027143
0.027180
0.027181
0.027146
0.027185
0.027203
0.027163
0.027134
0.027134
0.027134
0.027134
0.027134
0.027134
0.027159
0.027168
0.027148
0.027159
0.027168
0.027215
0.027186
0.027194
0.027202
0.027202
0.027142
0.027152
0.027152
0.027163
0.027163
0.027159
0.027170
0.027145
0.027145
0.027156
0.027186
0.027226
0.027226
0.027226
0.027238
0.027238
0.027169
0.027213
0.027238
0.027238
0.027238
0.027203
0.027178
0.027178
0.027191
0.027191
0.027220
0.027260
0.027260
0.027260
