1.538109
1.373775
1.222969
1.121137
1.067488
1.045614
1.039305
1.040510
1.041727
1.041936
1.041872
1.041530
1.041091
1.040570
1.040031
1.039581
1.038998
1.038562
1.038811
1.038373
1.037096
1.035180
1.033195
1.031178
1.028944
1.026420
1.023294
1.019916
1.016785
1.013669
1.010608
1.007642
1.004712
1.001776
0.998813
0.995995
0.992977
0.990395
0.987770
0.985187
0.982384
0.979756
0.977185
0.974691
0.971954
0.969219
0.966466
0.963407
0.960545
0.957466
0.954489
0.951532
0.948735
0.945847
0.942747
0.939764
0.936763
0.934170
0.931425
0.928603
0.925677
0.922711
0.919850
0.917013
0.914028
0.911116
0.907987
0.905382
0.902630
0.899662
0.896443
0.893515
0.890356
0.887115
0.883858
0.880476
0.877114
0.874059
0.870993
0.867737
0.864416
0.860875
0.857708
0.854398
0.851220
0.847873
0.844552
0.841370
0.837922
0.834397
0.830752
0.827121
0.823510
0.819817
0.816231
0.813074
0.809169
0.805545
0.802274
0.798839
0.795083
0.791295
0.787626
0.784300
0.780493
0.776586
0.772974
0.769566
0.765971
0.762254
0.758556
0.755119
0.751347
0.747306
0.743565
0.739875
0.736053
0.732052
0.728263
0.724415
0.720600
0.716815
0.712804
0.709048
0.705251
0.701339
0.697551
0.693730
0.689998
0.686218
0.682512
0.678741
0.674973
0.671230
0.667658
0.664078
0.660416
0.656778
0.653104
0.649362
0.645748
0.642515
0.639045
0.635512
0.631884
0.628311
0.624748
0.621774
0.618424
0.615044
0.611748
0.608311
0.604940
0.601734
0.598586
0.595391
0.592227
0.589063
0.585955
0.582887
0.580065
0.577035
0.573915
0.571046
0.568235
0.565300
0.562329
0.559437
0.556576
0.553888
0.551239
0.548431
0.545682
0.543001
0.540367
0.537763
0.535158
0.532543
0.530157
0.527867
0.525226
0.522882
0.520512
0.517938
0.515520
0.513239
0.510928
0.508485
0.506046
0.503670
0.501299
0.499274
0.497193
0.495140
0.493088
0.490894
0.488919
0.486710
0.484511
0.482360
0.480264
0.478071
0.475917
0.473884
0.471809
0.469765
0.467848
0.465573
0.463716
0.461620
0.459587
0.457708
0.455604
0.453633
0.451723
0.449751
0.447876
0.446075
0.444327
0.442283
0.440481
0.438478
0.436692
0.434540
0.432621
0.430614
0.428753
0.426846
0.424978
0.423229
0.421199
0.419440
0.417341
0.415687
0.413832
0.411902
0.409947
0.408040
0.406211
0.404441
0.402578
0.400640
0.398758
0.396930
0.395065
0.393130
0.391439
0.389540
0.387583
0.385791
0.383986
0.382134
0.380211
0.378446
0.376686
0.374777
0.372972
0.371156
0.369307
0.367531
0.365731
0.363960
0.362094
0.360242
0.358550
0.356773
0.354984
0.353241
0.351575
0.349845
0.348043
0.346442
0.344808
0.343155
0.341425
0.339747
0.338078
0.336553
0.334983
0.333365
0.331718
0.330146
0.328496
0.326975
0.325411
0.323975
0.322377
0.320777
0.319252
0.317858
0.316362
0.314908
0.313294
0.311715
0.310434
0.309018
0.307573
0.306337
0.304796
0.303525
0.302150
0.300845
0.299483
0.298273
0.297044
0.295806
0.294570
0.293503
0.292254
0.291065
0.289885
0.288695
0.287544
0.286432
0.285178
0.284216
0.283098
0.281959
0.280967
0.280001
0.278806
0.277732
0.276659
0.275616
0.274536
0.273488
0.272380
0.271307
0.270279
0.269221
0.268173
0.267230
0.266103
0.265121
0.264101
0.263181
0.262069
0.260999
0.260043
0.258989
0.257844
0.256886
0.255894
0.254839
0.253699
0.252638
0.251503
0.250505
0.249292
0.248284
0.247245
0.246189
0.245127
0.243844
0.242666
0.241533
0.240394
0.239203
0.237996
0.236830
0.235645
0.234372
0.233334
0.232133
0.230911
0.229715
0.228429
0.227347
0.225953
0.224756
0.223454
0.222173
0.221045
0.219749
0.218509
0.217134
0.215992
0.214796
0.213762
0.212487
0.211283
0.210021
0.208901
0.207886
0.206766
0.205596
0.204388
0.203343
0.202174
0.201003
0.199875
0.198745
0.197633
0.196581
0.195535
0.194414
0.193568
0.192494
0.191485
0.190339
0.189459
0.188353
0.187506
0.186422
0.185421
0.184439
0.183453
0.182546
0.181654
0.180697
0.179744
0.178916
0.178004
0.177091
0.176190
0.175265
0.174377
0.173539
0.172519
0.171841
0.170950
0.170097
0.169205
0.168379
0.167624
0.166766
0.165945
0.165054
0.164185
0.163462
0.162690
0.161742
0.160968
0.160188
0.159419
0.158652
0.157890
0.157061
0.156112
0.155304
0.154508
0.153827
0.152924
0.152205
0.151309
0.150508
0.149574
0.148869
0.148059
0.147257
0.146444
0.145592
0.144749
0.143937
0.143141
0.142357
0.141503
0.140546
0.139778
0.138973
0.138150
0.137410
0.136477
0.135580
0.134905
0.133951
0.133084
0.132226
0.131568
0.130631
0.129834
0.128893
0.128094
0.127262
0.126336
0.125457
0.124584
0.123799
0.122863
0.121942
0.121094
0.120191
0.119329
0.118485
0.117593
0.116798
0.115831
0.114869
0.113998
0.113186
0.112236
0.111417
0.110667
0.109837
0.109001
0.108172
0.107271
0.106428
0.105604
0.104729
0.103977
0.103108
0.102400
0.101560
0.100721
0.099922
0.099244
0.098599
0.097809
0.097063
0.096383
0.095684
0.095013
0.094263
0.093556
0.092821
0.092213
0.091547
0.090875
0.090301
0.089545
0.088927
0.088332
0.087618
0.086979
0.086442
0.085885
0.085224
0.084583
0.084041
0.083366
0.082832
0.082345
0.081783
0.081163
0.080538
0.079963
0.079523
0.079020
0.078454
0.077947
0.077441
0.076894
0.076396
0.075902
0.075323
0.074777
0.074194
0.073691
0.073209
0.072648
0.072142
0.071619
0.071122
0.070647
0.070171
0.069578
0.069069
0.068659
0.068083
0.067629
0.067044
0.066658
0.066180
0.065628
0.065165
0.064865
0.064370
0.063846
0.063457
0.063049
0.062619
0.062189
0.061747
0.061380
0.060900
0.060396
0.060022
0.059664
0.059267
0.058761
0.058347
0.057995
0.057607
0.057096
0.056672
0.056310
0.055845
0.055394
0.055004
0.054539
0.054245
0.053858
0.053423
0.052999
0.052630
0.052262
0.051811
0.051447
0.051031
0.050614
0.050123
0.049761
0.049405
0.048985
0.048708
0.048256
0.047901
0.047514
0.047066
0.046672
0.046324
0.045906
0.045571
0.045149
0.044698
0.044409
0.043942
0.043605
0.043196
0.042947
0.042560
0.042223
0.041900
0.041442
0.041204
0.040775
0.040416
0.040161
0.039697
0.039422
0.039068
0.038761
0.038443
0.038162
0.037887
0.037580
0.037212
0.036895
0.036627
0.036271
0.035947
0.035680
0.035380
0.035115
0.034823
0.034522
0.034283
0.033993
0.033819
0.033544
0.033263
0.032955
0.032695
0.032420
0.032229
0.032086
0.031866
0.031550
0.031283
0.031072
0.030765
0.030603
0.030375
0.030153
0.029992
0.029729
0.029597
0.029426
0.029294
0.028988
0.028820
0.028633
0.028528
0.028412
0.028196
0.027994
0.027738
0.027585
0.027554
0.027400
0.027234
0.027082
0.026945
0.026777
0.026651
0.026581
0.026458
0.026257
0.026181
0.025999
0.025924
0.025884
0.025785
0.025722
0.025605
0.025529
0.025454
0.025387
0.025370
0.025261
0.025241
0.025162
0.025038
0.025007
0.024920
0.024879
0.024808
0.024868
0.024841
0.024896
0.024781
0.024754
0.024752
0.024732
0.024674
0.024697
0.024646
0.024617
0.024563
0.024583
0.024522
0.024454
0.024493
0.024434
0.024420
0.024420
0.024375
0.024374
0.024312
0.024378
0.024417
0.024405
0.024399
0.024413
0.024397
0.024343
0.024338
0.024415
0.024329
0.024336
0.024289
0.024331
0.024332
0.024342
0.024419
0.024377
0.024377
0.024438
0.024353
0.024334
0.024403
0.024443
0.024443
0.024424
0.024441
0.024441
0.024427
0.024399
0.024341
0.024433
0.024368
0.024324
0.024324
0.024396
0.024396
0.024436
0.024465
0.024481
0.024473
0.024488
0.024523
0.024482
0.024542
0.024542
0.024557
0.024532
0.024570
0.024547
0.024578
0.024593
0.024615
0.024535
0.024567
0.024605
0.024597
0.024490
0.024504
0.024532
0.024473
0.024519
0.024613
0.024654
0.024654
0.024627
0.024668
0.024668
0.024657
0.024694
0.024767
0.024778
0.024736
0.024769
0.024664
0.024628
0.024682
0.024719
0.024658
0.024691
0.024777
0.024777
0.024777
0.024759
0.024796
0.024847
0.024801
0.024801
0.024743
0.024740
0.024740
0.024763
0.024783
0.024767
0.024821
0.024821
0.024885
0.024894
0.024928
0.024916
0.024902
0.024867
0.024877
0.024825
0.024851
0.024885
0.024896
0.024894
0.024829
0.024872
0.024864
0.024838
0.024838
0.024873
0.024861
0.024873
0.024834
0.024834
0.024863
0.024861
0.024880
0.024870
0.024925
0.024889
0.024951
0.024972
0.024923
0.024910
0.024912
0.024947
0.024976
0.025005
0.025033
0.025057
0.025021
0.025007
0.025014
0.025013
0.025013
0.025006
0.025006
0.024996
0.025001
0.025036
0.025014
0.024989
0.025014
0.025028
0.025028
0.025088
0.025123
0.025123
0.025110
0.025145
0.025141
0.025141
0.025204
0.025204
0.025201
0.025276
0.025248
0.025303
0.025302
0.025339
0.025339
0.025357
0.025357
0.025355
0.025355
0.025398
0.025342
0.025429
0.025505
0.025505
0.025526
0.025551
0.025551
0.025555
0.025583
0.025625
0.025636
0.025707
0.025707
0.025734
0.025821
0.025853
0.025886
0.025866
0.025866
0.025946
0.025946
0.025935
0.025970
0.026044
0.026044
0.025994
0.026080
0.026154
0.026115
0.026155
0.026202
0.026187
0.026258
0.026258
0.026301
0.026353
0.026400
0.026400
0.026436
0.026436
0.026436
0.026483
0.026527
0.026478
0.026478
0.026522
0.026547
0.026640
0.026640
0.026604
0.026643
0.026611
0.026705
0.026660
0.026731
0.026856
0.026856
0.026856
0.026905
0.026905
0.026905
0.027032
0.027032
0.027067
0.027104
0.027156
0.027205
0.027239
0.027239
0.027286
0.027335
0.027335
0.027351
0.027351
0.027381
0.027428
0.027474
0.027474
0.027482
0.027529
0.027576
0.027541
0.027626
0.027672
0.027701
0.027710
0.027710
0.027757
0.027757
0.027807
0.027807
0.027864
0.027912
0.027912
0.027912
0.027962
0.028009
0.028009
0.028020
0.028098
0.028098
0.028098
0.028098
0.028158
0.028130
0.028143
0.028206
0.028206
0.028208
0.028255
0.028290
0.028351
0.028364
0.028411
0.028407
0.028445
0.028445
0.028445
0.028574
0.028590
0.028552
0.028552
0.028626
0.028644
0.028644
0.028644
0.028682
0.028728
0.028739
0.028739
0.028788
0.028788
0.028758
0.028717
0.028732
0.028796
0.028796
0.028790
0.028795
0.028795
0.028841
0.028836
0.028886
0.028886
0.028901
0.028947
0.028952
0.028952
0.029001
0.029042
0.029042
0.029042
0.029089
0.029089
0.029105
0.029136
0.029136
0.029186
0.029232
0.029232
0.029232
0.029232
0.029238
0.029287
0.029287
0.029350
0.029350
0.029321
0.029314
0.029314
0.029314
0.029314
0.029314
0.029361
0.029417
0.029417
0.029417
0.029460
0.029516
0.029516
0.029562
0.029531
0.029580
0.029554
0.029554
0.029563
0.029563
0.029563
0.029595
0.029609
0.029609
0.029617
0.029666
0.029683
0.029715
0.029715
0.029715
0.029761
0.029761
0.029761
0.029761
0.029761
0.029761
0.029734
0.029734
0.029734
0.029829
0.029829
0.029839
0.029839
0.029839
0.029841
0.029832
0.029832
0.029841
0.029841
0.029888
0.029904
0.029904
0.029904
0.029914
0.029914
0.029914
0.029914
0.029914
0.029963
0.030047
0.030047
0.030047
0.030047
0.030079
0.030047
0.030019
0.030019
0.030019
0.030019
0.030066
0.030035
0.030067
0.030105
0.030105
0.030105
0.030105
0.030080
0.030080
0.030080
0.030080
0.030127
0.030177
0.030177
0.030177
0.030183
0.030183
0.030183
0.030183
0.030183
0.030183
0.030183
0.030183
0.030229
0.030258
0.030258
0.030258
0.030258
0.030258
0.030258
0.030258
0.030302
0.030302
0.030302
0.030288
0.030334
0.030334
0.030334
0.030334
0.030334
0.030348
0.030348
0.030348
0.030348
0.030348
0.030348
0.030348
0.030394
0.030394
0.030394
0.030394
0.030372
0.030352
0.030352
0.030352
0.030320
0.030320
0.030320
0.030320
0.030399
0.030399
0.030399
0.030434
0.030402
0.030402
0.030402
0.030402
0.030402
0.030442
0.030458
0.030504
0.030504
0.030504
0.030504
0.030504
0.030504
0.030504
0.030504
0.030504
0.030504
0.030504
0.030555
0.030555
0.030602
0.030576
0.030576
0.030576
0.030576
0.030576
0.030576
0.030576
0.030529
0.030529
0.030546
0.030546
0.030546
0.030593
0.030593
0.030593
0.030593
0.030593
0.030593
0.030593
0.030593
0.030559
0.030576
0.030576
0.030576
0.030545
0.030592
0.030592
0.030592
0.030592
0.030545
0.030545
0.030545
0.030564
0.030549
0.030549
0.030549
0.030590
0.030605
0.030605
0.030652
0.030652
0.030652
0.030671
0.030671
0.030671
0.030671
0.030612
0.030620
0.030620
0.030620
0.030620
0.030620
0.030636
0.030654
0.030654
0.030674
0.030674
0.030674
0.030674
0.030692
0.030692
0.030692
0.030692
0.030692
0.030692
0.030692
0.030740
0.030721
0.030721
0.030721
0.030741
0.030774
0.030774
0.030760
0.030760
0.030715
0.030715
0.030715
0.030684
0.030732
0.030732
0.030746
0.030711
0.030711
0.030711
0.030711
0.030753
0.030739
0.030739
0.030739
0.030739
0.030760
0.030760
0.030807
0.030807
0.030821
0.030776
0.030776
0.030776
0.030776
0.030776
0.030744
0.030744
0.030781
0.030781
0.030781
0.030781
0.030781
0.030864
0.030864
0.030864
0.030864
0.030864
0.030864
0.030864
0.030864
0.030864
0.030850
0.030829
0.030829
0.030829
0.030843
0.030799
0.030799
0.030846
0.030869
0.030885
0.030885
0.030885
0.030885
0.030885
0.030885
0.030885
0.030885
0.030885
0.030928
0.030928
0.030898
0.030898
0.030898
0.030898
0.030898
0.030946
0.030946
0.030946
0.030946
0.030946
0.030946
0.030946
0.030902
0.030902
0.030939
0.030939
0.030939
0.030939
0.030939
0.030960
0.030960
0.030925
0.030925
0.030925
0.030902
0.030902
0.030902
0.030902
0.030950
0.030950
0.030950
0.030950
0.030950
0.030950
0.030950
0.030950
0.030950
0.030950
0.030950
0.030907
0.030907
0.030907
0.030878
0.030902
0.030902
0.030902
0.030902
0.030902
0.030902
0.030902
0.030946
0.030946
0.030946
0.030946
0.030946
0.030946
0.030946
0.030946
0.030961
0.030961
0.030961
0.030961
0.030961
0.030994
0.030979
0.030979
0.030984
0.030984
0.031031
0.030998
0.030998
0.030998
0.030998
0.030998
0.030998
0.031036
0.031070
0.031070
0.031070
0.031070
0.031070
0.031070
0.031042
0.031042
0.031033
0.031033
0.031033
0.031033
0.031033
0.031067
0.031067
0.031067
0.031067
0.031067
0.031067
0.031067
0.031067
0.031036
0.031036
0.031000
0.031000
0.031000
0.030958
0.030995
0.030995
0.030995
0.030995
0.030995
0.030995
0.030995
0.030995
0.031011
0.030975
0.030975
0.030940
0.030940
0.031006
0.031042
0.031042
0.031042
0.031042
0.031042
0.031042
0.031042
0.031042
0.030963
0.030980
0.030980
0.030980
0.030980
0.030980
0.030980
0.031017
0.031017
0.031017
0.031017
0.031017
0.031017
0.031017
0.030980
0.031006
0.031024
0.031024
0.031024
0.031024
0.063919
0.063975
0.063975
0.063935
0.063935
0.063935
0.063889
0.063889
0.063758
0.063593
0.063356
0.063186
0.062950
0.062714
0.062479
0.062243
0.062045
0.061874
0.061639
0.061405
0.061210
0.060940
0.060753
0.060520
0.060287
0.060054
0.059821
0.059589
0.059403
0.059172
0.058940
0.058667
0.058436
0.058271
0.058060
0.057877
0.057647
0.057418
0.057235
0.057007
0.056784
0.056557
0.056375
0.056193
0.055967
0.055786
0.055786
0.055650
0.055469
0.055266
0.055122
0.054943
0.054719
0.054541
0.054318
0.054096
0.053919
0.053697
0.053521
0.053300
0.053124
0.052949
0.052730
0.052556
0.052382
0.052163
0.052120
0.052033
0.051861
0.051652
0.051480
0.051266
0.051096
0.050899
0.050723
0.050554
0.050412
0.050210
0.050039
0.049872
0.049678
0.049534
0.049369
0.049163
0.048971
0.048848
0.048635
0.048433
0.048230
0.048061
0.047901
0.047728
0.047570
0.047381
0.047193
0.047001
0.046854
0.046668
0.046514
0.046374
0.046228
0.046043
0.045874
0.045691
0.045545
0.045363
0.045213
0.045032
0.044843
0.044663
0.044520
0.044341
0.044199
0.044057
0.043880
0.043703
0.043562
0.043421
0.043281
0.043071
0.042931
0.042749
0.042597
0.042458
0.042367
0.042225
0.042088
0.041922
0.041785
0.041631
0.041460
0.041319
0.041184
0.041060
0.040926
0.040767
0.040625
0.040485
0.040344
0.040243
0.040071
0.039989
0.039816
0.039634
0.039533
0.039393
0.039253
0.039109
0.038993
0.038853
0.038753
0.038643
0.038503
0.038417
0.038307
0.038208
0.038040
0.037929
0.037831
0.037720
0.037581
0.037511
0.037470
0.037339
0.037226
0.037184
0.037037
0.036927
0.036857
0.036705
0.036635
0.036531
0.036461
0.036351
0.036306
0.036161
0.036092
0.036022
0.035941
0.035828
0.035739
0.035670
0.035600
0.035533
0.035545
0.035445
0.035375
0.035265
0.035181
0.035112
0.035008
0.034889
0.034845
0.034804
0.034743
0.034674
0.034634
0.034559
0.034519
0.034449
0.034410
0.034340
0.034300
0.034261
0.034157
0.034078
0.033979
0.033940
0.033902
0.033832
0.033832
0.033828
0.033758
0.033690
0.033611
0.033541
0.033504
0.033504
0.033434
0.033362
0.033308
0.033308
0.033281
0.033244
0.033278
0.033278
0.033214
0.033186
0.033159
0.033081
0.033068
0.033068
0.032998
0.032998
0.032963
0.032889
0.032855
0.032857
0.032857
0.032794
0.032794
0.032725
0.032684
0.032651
0.032651
0.032619
0.032582
0.032549
0.032549
0.032518
0.032553
0.032528
0.032497
0.032497
0.032466
0.032466
0.032421
0.032390
0.032416
0.032386
0.032348
0.032322
0.032293
0.032286
0.032286
0.032258
0.032258
0.032228
0.032200
0.032159
0.032159
0.032124
0.032054
0.032054
0.032054
0.032003
0.032013
0.032013
0.032013
0.031986
0.032030
0.032030
0.032030
0.031992
0.031966
0.031966
0.031889
0.031889
0.031890
0.031901
0.031901
0.031901
0.031901
0.031877
0.031877
0.031869
0.031829
0.031829
0.031829
0.031806
0.031806
0.031785
0.031785
0.031785
0.031785
0.031725
0.031681
0.031681
0.031644
0.031644
0.031644
0.031644
0.031622
0.031622
0.031622
0.031622
0.031581
0.031581
0.031581
0.031581
0.031560
0.031560
0.031560
0.031531
0.031531
0.031494
0.031494
0.031450
0.031450
0.031411
0.031439
0.031439
0.031439
0.031439
0.031439
0.031439
0.031439
0.031439
0.031439
0.031419
0.031419
0.031449
0.031493
0.031493
0.031468
0.031432
0.031387
0.031387
0.031387
0.031387
0.031368
0.031368
0.031368
0.031368
0.031368
0.031341
0.031341
0.031341
0.031305
0.031305
0.031250
0.031250
0.031233
0.031233
0.031152
0.031152
0.031152
0.031166
0.031166
0.031166
0.031166
0.031166
0.031194
0.031153
0.031136
0.031134
0.031134
0.031134
0.031134
0.031088
0.031088
0.031088
0.031060
0.031060
0.031026
0.031026
0.031026
0.031026
0.031010
0.031010
0.031003
0.031003
0.031003
0.030932
0.030932
0.030921
0.030921
0.030921
0.030921
0.030921
0.030921
0.030921
0.030898
0.030883
0.030850
0.030850
0.030804
0.030804
0.030804
0.030804
0.030804
0.030804
0.030804
0.030804
0.030804
0.030804
0.030804
0.030804
0.030744
0.030744
0.030744
0.030744
0.030728
0.030728
0.030728
0.030697
0.030697
0.030697
0.030726
0.030645
0.030645
0.030645
0.030645
0.030631
0.030711
0.030711
0.030711
0.030711
0.030704
0.030704
0.030658
0.030658
0.030658
0.030653
0.030653
0.030627
0.030627
0.030572
0.030572
0.030607
0.030595
0.030549
0.030549
0.030549
0.030549
0.030549
0.030473
0.030473
0.030429
0.030429
0.030429
0.030383
0.030383
0.030418
0.030398
0.030438
0.030438
0.030438
0.030426
0.030350
0.030315
0.030241
0.030238
0.030238
0.030238
0.030241
0.030241
0.030280
0.030297
0.030297
0.030262
0.030223
0.030177
0.030141
0.030141
0.030141
0.030141
0.030141
0.030131
0.030167
0.030167
0.030164
0.030118
0.030134
0.030134
0.030134
0.030109
0.030073
0.030073
0.030103
0.030103
0.030103
0.030057
0.030057
0.030057
0.030028
0.030028
0.030028
0.030028
0.030019
0.030019
0.030022
0.029977
0.029977
0.029977
0.029977
0.029977
0.029977
0.029977
0.029977
0.029977
0.029955
0.029955
0.029910
0.029910
0.029887
0.029887
0.029887
0.029887
0.029922
0.029922
0.029922
0.029922
0.029922
0.029869
0.029869
0.029869
0.029869
0.029869
0.029869
0.029869
0.029869
0.029869
0.029869
0.029869
0.029825
0.029825
0.029825
0.029825
0.029825
0.029825
0.029825
0.029811
0.029811
0.029811
0.029811
0.029792
0.029748
0.029748
0.029705
0.029705
0.029705
0.029705
0.029699
0.029699
0.029699
0.029701
0.029701
0.029701
0.029658
0.029658
0.029676
0.029676
0.029676
0.029676
0.029676
0.029676
0.029676
0.029676
0.029707
0.029707
0.029682
0.029639
0.029639
0.029639
0.029639
0.029639
0.029639
0.029639
0.029639
0.029639
0.029639
0.029623
0.029658
0.029658
0.029623
0.029623
0.029581
0.029611
0.029611
0.029611
0.029611
0.029577
0.029577
0.029612
0.029612
0.029612
0.029612
0.029612
0.029607
0.029607
0.029607
0.029607
0.029565
0.029565
0.029547
0.029547
0.029505
0.029540
0.029540
0.029561
0.029561
0.029561
0.029561
0.029526
0.029526
0.029526
0.029526
0.029526
0.029526
0.029485
0.029520
0.029528
0.029528
0.029516
0.029516
0.029516
0.029516
0.029481
0.029481
0.029499
0.029499
0.029499
0.029499
0.029499
0.029534
0.029534
0.029534
0.029534
0.029534
0.029534
0.029473
0.029438
0.029438
0.029399
0.029399
0.029364
0.029425
0.029425
0.029460
0.029420
0.029419
0.029419
0.029419
0.029419
0.029419
0.029419
0.029345
0.029345
0.029345
0.029345
0.029345
0.029379
0.029419
0.029419
0.029419
0.029381
0.029381
0.029381
0.029381
0.029341
0.029341
0.029307
0.029307
0.029307
0.029307
0.029341
0.029341
0.029381
0.029373
0.029373
0.029373
0.029373
0.029334
0.029295
0.029324
0.029324
0.029324
0.029324
0.029324
0.029324
0.029324
0.029324
0.029324
0.029363
0.029363
0.029324
0.029324
0.029354
0.029318
0.029318
0.029318
0.029318
0.029354
0.029354
0.029354
0.029354
0.029318
0.029318
0.029318
0.029318
0.029300
0.029262
0.029262
0.029262
0.029298
0.029298
0.029298
0.029298
0.029298
0.029298
0.029298
0.029298
0.029262
0.029262
0.029262
0.029262
0.029262
0.029298
0.029298
0.029298
0.029298
0.029298
0.029298
0.029298
0.029298
0.029298
0.029261
0.029261
0.029261
0.029261
0.029261
0.029261
0.029261
0.029261
0.029261
0.029261
0.029261
0.029261
0.029261
0.029261
0.029261
0.029261
0.029261
0.029263
0.029229
0.029216
0.029216
0.029198
0.029198
0.029162
0.029162
0.029162
0.029160
0.029160
0.029160
0.029160
0.029160
0.029152
0.029152
0.029152
0.029152
0.029152
0.029152
0.029152
0.029152
0.029152
0.029152
0.029152
0.029152
0.029152
0.029118
0.029118
0.029118
0.029118
0.029118
0.029118
0.029118
0.029118
0.029118
0.029118
0.029118
0.029118
0.029118
0.029077
0.029077
0.029077
0.029077
0.029077
0.029077
0.029077
0.029077
0.029043
0.029043
0.029043
0.029043
0.029043
0.029043
0.029043
0.029043
0.029043
0.029043
0.029074
0.029074
0.029074
0.029074
0.029043
0.029043
0.029043
0.029043
0.029043
0.029043
0.029010
0.029010
0.029041
0.029041
0.029041
0.029041
0.029041
0.029041
0.029041
0.029041
0.029041
0.029041
0.029041
0.029010
0.029054
0.029054
0.029054
0.029054
0.029054
0.029054
0.029054
0.029024
0.029024
0.029024
0.029024
0.029024
0.029024
0.028995
0.028995
0.028995
0.028995
0.028995
0.028995
0.028995
0.028995
0.028995
0.028995
0.028995
0.028995
0.028995
0.028995
0.028965
0.028965
0.028965
0.028965
0.028965
0.028965
0.028965
0.028965
0.028965
0.028965
0.028965
0.028965
0.028965
0.028965
0.028965
0.028965
0.028965
0.028965
0.028965
0.028965
0.028965
0.028937
0.028937
0.028937
0.028937
0.028937
0.028976
0.028976
0.028976
0.028976
0.028901
0.028901
0.028937
0.028937
0.028937
0.028937
0.028937
0.028976
0.028976
0.028947
0.028947
0.028947
0.028911
0.028911
0.028885
0.028885
0.028885
0.028885
0.028921
0.028921
0.028921
0.028921
0.028921
0.028921
0.028921
0.028885
0.028885
0.028885
0.028885
0.028885
0.028920
0.028920
0.028920
0.028955
0.028955
0.028955
0.028955
0.028931
0.028896
0.028896
0.028896
0.028896
0.028896
0.028896
0.028904
0.028904
0.028904
0.028904
0.028904
0.028904
0.028904
0.028904
0.028904
0.028922
0.028922
0.028922
0.028922
0.028922
0.028922
0.028922
0.028922
0.028922
0.028922
0.028901
0.028871
0.028871
0.028871
0.028871
0.028871
0.028871
0.028871
0.028871
0.028871
0.028871
0.028871
0.028871
0.028871
0.028871
0.028871
0.028871
0.028871
0.028871
0.028871
0.028871
0.028871
0.028871
0.028871
0.028871
0.028903
0.028903
0.028903
0.028853
0.028853
0.028853
0.028853
0.028892
