2.376394
2.248216
2.137080
2.068207
2.036209
2.026015
2.024903
2.026109
2.027302
2.028039
2.028658
2.028693
2.028752
2.028693
2.028776
2.029196
2.029284
2.029446
2.029133
2.026355
2.028252
2.030924
2.032013
2.033092
2.032029
2.029601
2.025894
2.022677
2.019381
2.016353
2.013529
2.011489
2.008503
2.007126
2.004209
2.000929
1.997490
1.994117
1.990524
1.987435
1.984894
1.982173
1.979843
1.977587
1.975256
1.973527
1.971108
1.969386
1.968884
1.969244
1.970533
1.973070
1.976264
1.980333
1.984668
1.988830
1.992843
1.996491
1.998204
1.998382
1.997137
1.995535
1.993143
1.989334
1.985508
1.981795
1.977265
1.973580
1.971301
1.969029
1.966564
1.965085
1.965179
1.965102
1.965541
1.966180
1.965808
1.964642
1.963508
1.961915
1.958743
1.954727
1.950677
1.946173
1.941868
1.937534
1.933369
1.929847
1.927561
1.927336
1.928167
1.930327
1.933385
1.936636
1.941216
1.946162
1.949496
1.950780
1.950786
1.950683
1.949425
1.947826
1.945169
1.941839
1.938592
1.935401
1.932107
1.930694
1.930009
1.928416
1.927645
1.929121
1.931874
1.934064
1.936735
1.939270
1.939719
1.937535
1.934706
1.930663
1.926003
1.921275
1.917135
1.913061
1.908870
1.904690
1.900007
1.895345
1.890528
1.885713
1.880868
1.876151
1.871420
1.866499
1.862107
1.859878
1.859875
1.861145
1.863620
1.866992
1.871403
1.876556
1.881482
1.886033
1.889664
1.891057
1.890350
1.888865
1.886766
1.884441
1.881406
1.877823
1.874305
1.870172
1.866408
1.863759
1.861119
1.858118
1.856787
1.856789
1.855876
1.855341
1.855285
1.854853
1.854518
1.854809
1.853364
1.850351
1.846497
1.842520
1.838190
1.833685
1.829103
1.824722
1.820399
1.816883
1.815444
1.815849
1.816967
1.819186
1.822617
1.826786
1.831452
1.836090
1.839258
1.840105
1.839044
1.836980
1.834121
1.830808
1.826830
1.822523
1.818018
1.813974
1.810129
1.807709
1.805304
1.802378
1.800454
1.799052
1.796776
1.794930
1.792995
1.790231
1.786441
1.782422
1.778444
1.774288
1.769651
1.765224
1.761411
1.759857
1.760041
1.761700
1.764390
1.768202
1.772860
1.777330
1.781476
1.784929
1.785963
1.785002
1.782945
1.780280
1.777416
1.773661
1.769684
1.765378
1.761499
1.759590
1.759932
1.761437
1.764042
1.767332
1.770957
1.774645
1.777951
1.778705
1.777570
1.775188
1.772589
1.768638
1.764246
1.759549
1.755184
1.750894
1.746932
1.742640
1.738536
1.734652
1.730651
1.726549
1.722472
1.718287
1.714487
1.710806
1.709098
1.709123
1.710578
1.713027
1.716266
1.720199
1.724378
1.728377
1.731458
1.731455
1.729248
1.726085
1.722599
1.718462
1.714491
1.710297
1.706275
1.702447
1.698854
1.697426
1.695298
1.692767
1.691633
1.690219
1.687434
1.683696
1.680140
1.676389
1.672673
1.668341
1.664649
1.661039
1.659326
1.660047
1.662207
1.665186
1.669506
1.674120
1.678888
1.683826
1.687103
1.687603
1.685544
1.682279
1.678922
1.674712
1.670252
1.666163
1.662455
1.658828
1.655486
1.653701
1.652017
1.649676
1.648404
1.646539
1.643271
1.639371
1.635127
1.630857
1.626431
1.621956
1.617436
1.612836
1.608858
1.606878
1.606721
1.607981
1.609934
1.613129
1.617070
1.620775
1.624341
1.627663
1.628034
1.626225
1.623165
1.620149
1.616549
1.612556
1.609128
1.605522
1.601357
1.597111
1.593102
1.588663
1.584334
1.579921
1.575426
1.571091
1.566560
1.562462
1.558160
1.553781
1.549850
1.547892
1.547887
1.548688
1.550622
1.553581
1.557270
1.561359
1.564693
1.567689
1.568268
1.566467
1.563358
1.559513
1.555986
1.551759
1.548041
1.544251
1.540478
1.536419
1.532503
1.528878
1.525118
1.521059
1.516922
1.513171
1.509281
1.505460
1.501699
1.497994
1.494327
1.490412
1.486310
1.482106
1.478323
1.474487
1.471880
1.471360
1.471584
1.473081
1.474911
1.477520
1.480705
1.483703
1.485416
1.484275
1.481089
1.477665
1.473963
1.470022
1.465922
1.461798
1.457886
1.454368
1.451296
1.448566
1.445994
1.443415
1.440534
1.437822
1.434865
1.431940
1.429259
1.426775
1.424128
1.421461
1.418960
1.416519
1.414655
1.414072
1.412706
1.410839
1.410526
1.410952
1.411336
1.411130
1.411183
1.412022
1.413156
1.414188
1.413236
1.410478
1.407600
1.404536
1.401239
1.397762
1.394301
1.390913
1.387780
1.384679
1.381830
1.378719
1.375671
1.372537
1.369322
1.366401
1.363410
1.360780
1.357910
1.355330
1.352459
1.349648
1.346750
1.344007
1.341262
1.338784
1.336375
1.333683
1.330371
1.328001
1.326592
1.325032
1.323720
1.322947
1.322241
1.321658
1.321547
1.320704
1.318488
1.314919
1.310992
1.306741
1.302683
1.298713
1.294673
1.290605
1.286668
1.283200
1.279414
1.275031
1.270416
1.264797
1.259537
1.253763
1.247971
1.242364
1.236911
1.232106
1.227644
1.223468
1.219166
1.215182
1.210895
1.206635
1.202472
1.198191
1.194105
1.190384
1.186803
1.183114
1.179423
1.175916
1.172370
1.168781
1.165360
1.162051
1.158536
1.154957
1.151396
1.147862
1.144332
1.140707
1.137038
1.133467
1.129821
1.125990
1.122323
1.118708
1.115290
1.111616
1.108083
1.104270
1.100677
1.097188
1.093794
1.090434
1.086607
1.083160
1.079274
1.075340
1.070896
1.066438
1.062238
1.057764
1.052791
1.047848
1.043422
1.038873
1.034381
1.030396
1.026182
1.021996
1.017992
1.014365
1.010679
1.007366
1.003769
1.000168
0.996414
0.993009
0.989815
0.986263
0.983170
0.980023
0.976390
0.973141
0.969861
0.966407
0.963134
0.959961
0.956549
0.953292
0.950044
0.946832
0.943678
0.940585
0.937463
0.934244
0.930755
0.927303
0.923891
0.920216
0.916613
0.913214
0.909743
0.905959
0.902789
0.899542
0.895717
0.892387
0.889056
0.885916
0.882664
0.878961
0.875574
0.872046
0.868612
0.865301
0.862013
0.858499
0.854999
0.851567
0.848045
0.844682
0.841317
0.837815
0.834454
0.831041
0.827643
0.824466
0.821043
0.817597
0.814160
0.810731
0.807484
0.804283
0.800833
0.797336
0.793952
0.790530
0.787213
0.784280
0.781075
0.777880
0.774782
0.771629
0.768516
0.765320
0.762126
0.758926
0.755661
0.752662
0.749427
0.746301
0.742791
0.739305
0.735415
0.731725
0.728038
0.724242
0.720551
0.716654
0.712812
0.709053
0.705287
0.701279
0.697495
0.693362
0.689428
0.685510
0.681458
0.677536
0.673377
0.669421
0.665408
0.661454
0.657513
0.653994
0.650401
0.647084
0.643828
0.640481
0.637662
0.634854
0.631778
0.628549
0.625227
0.621461
0.617581
0.613492
0.609331
0.605194
0.601010
0.596914
0.592944
0.588770
0.584833
0.580691
0.576844
0.572505
0.568519
0.564451
0.560435
0.556469
0.552714
0.548868
0.545016
0.541108
0.537266
0.533733
0.529852
0.526003
0.522171
0.518223
0.514532
0.510402
0.506644
0.503005
0.499604
0.496089
0.492919
0.489622
0.486606
0.483770
0.480923
0.478382
0.475663
0.472593
0.469490
0.466184
0.462933
0.459678
0.456405
0.453128
0.450067
0.446914
0.443870
0.440904
0.437885
0.434762
0.431691
0.428864
0.425849
0.422914
0.420077
0.417291
0.414620
0.411919
0.408877
0.406451
0.404225
0.401687
0.399255
0.396820
0.394444
0.391867
0.389507
0.387146
0.384820
0.382626
0.380245
0.378036
0.375790
0.373693
0.371457
0.369435
0.367513
0.365367
0.362998
0.360741
0.358486
0.356113
0.354003
0.351636
0.349629
0.347160
0.345526
0.343792
0.342205
0.340567
0.338899
0.337261
0.335652
0.334023
0.332409
0.330763
0.329221
0.327582
0.325948
0.324458
0.322847
0.320772
0.319366
0.317831
0.316315
0.314693
0.313255
0.311535
0.310009
0.308416
0.307019
0.305531
0.303951
0.302545
0.301175
0.299659
0.298436
0.296812
0.295391
0.293984
0.292719
0.291258
0.289833
0.288362
0.287058
0.285645
0.284244
0.282796
0.281478
0.280107
0.278774
0.277288
0.275928
0.274466
0.273278
0.271766
0.270360
0.268883
0.267428
0.266013
0.264502
0.263097
0.261798
0.260379
0.258911
0.257522
0.255993
0.254728
0.252661
0.251116
0.249673
0.248413
0.247048
0.245564
0.244375
0.243034
0.241703
0.240309
0.239016
0.237544
0.236135
0.234732
0.233388
0.232075
0.230718
0.229353
0.228129
0.226839
0.225514
0.224067
0.222816
0.221532
0.220289
0.218839
0.217573
0.216329
0.215051
0.213761
0.212441
0.211255
0.210183
0.208941
0.207831
0.206598
0.205453
0.204201
0.202938
0.201775
0.200608
0.199431
0.198240
0.197230
0.195385
0.193999
0.192935
0.191847
0.190752
0.189673
0.188653
0.187691
0.186697
0.185930
0.185135
0.184054
0.183341
0.182200
0.181269
0.180553
0.179615
0.178802
0.178048
0.177222
0.176185
0.175320
0.174563
0.173585
0.173155
0.172248
0.171476
0.170568
0.169818
0.169057
0.168326
0.167609
0.166821
0.166264
0.165386
0.164700
0.163947
0.163223
0.162506
0.161820
0.160992
0.160296
0.159546
0.158902
0.158081
0.157257
0.156660
0.155088
0.154375
0.153568
0.152851
0.152173
0.151436
0.150685
0.150010
0.149426
0.148641
0.147942
0.147064
0.146636
0.145754
0.145183
0.144620
0.143780
0.142906
0.142518
0.141699
0.140887
0.140081
0.139262
0.138638
0.137750
0.137101
0.136310
0.135559
0.134790
0.134008
0.133122
0.132386
0.131669
0.130741
0.129766
0.129044
0.128255
0.127354
0.126495
0.125662
0.124829
0.123836
0.123075
0.122261
0.120462
0.119491
0.118552
0.117769
0.116836
0.115988
0.115025
0.114385
0.113584
0.112784
0.112160
0.111392
0.110687
0.109860
0.109077
0.108331
0.107672
0.106693
0.106148
0.105446
0.104679
0.104034
0.103141
0.102626
0.101867
0.101226
0.100295
0.099645
0.099014
0.098287
0.097681
0.096874
0.096290
0.095892
0.095080
0.094524
0.093898
0.093186
0.092662
0.091999
0.091430
0.090882
0.090201
0.089684
0.089096
0.088503
0.088057
0.086474
0.085765
0.085032
0.084542
0.084057
0.083609
0.083094
0.082752
0.082233
0.081890
0.081615
0.081188
0.080769
0.080413
0.080017
0.079659
0.079376
0.079176
0.078828
0.078420
0.078072
0.077687
0.077347
0.077283
0.076846
0.076525
0.076223
0.075974
0.075530
0.075340
0.075008
0.074776
0.074564
0.074273
0.074067
0.073756
0.073570
0.073255
0.073024
0.072743
0.072524
0.072207
0.071966
0.071792
0.070407
0.070202
0.069761
0.069393
0.069102
0.068939
0.068822
0.068611
0.068465
0.068399
0.068363
0.068090
0.068037
0.067931
0.067770
0.067620
0.067340
0.067137
0.067166
0.066957
0.066855
0.066720
0.066543
0.066554
0.066389
0.066206
0.066089
0.065852
0.065728
0.065581
0.065290
0.065115
0.064998
0.065066
0.064998
0.064762
0.064579
0.064385
0.064298
0.064070
0.063951
0.063830
0.063751
0.063525
0.063344
0.063267
0.063115
0.061740
0.061463
0.061234
0.061084
0.060837
0.060664
0.060711
0.060630
0.060517
0.060375
0.060467
0.060282
0.060123
0.059986
0.059848
0.059877
0.059687
0.059475
0.059578
0.059455
0.059345
0.059219
0.059032
0.059101
0.059056
0.058862
0.058723
0.058489
0.058373
0.058246
0.058069
0.058006
0.058055
0.057967
0.057818
0.057748
0.057477
0.057338
0.057201
0.056951
0.056837
0.056601
0.056482
0.056312
0.054835
0.054588
0.054230
0.054029
0.054032
0.053930
0.053704
0.053690
0.053570
0.053514
0.053435
0.053296
0.053189
0.053088
0.052895
0.052920
0.052733
0.052559
0.052684
0.052563
0.052393
0.052281
0.052118
0.052251
0.052017
0.051829
0.051695
0.051532
0.051331
0.051200
0.051118
0.050989
0.050798
0.050966
0.050805
0.050694
0.050433
0.050337
0.050221
0.049934
0.049793
0.049646
0.049533
0.049392
0.049261
0.048969
0.047566
0.047321
0.047121
0.046880
0.046777
0.046714
0.046595
0.046505
0.046497
0.046359
0.046400
0.046259
0.046408
0.046212
0.046093
0.046139
0.045942
0.045873
0.045956
0.045820
0.045658
0.045490
0.045378
0.045599
0.045410
0.045260
0.045041
0.045016
0.044914
0.044883
0.044693
0.044472
0.044746
0.044585
0.044338
0.044245
0.044137
0.043977
0.043880
0.043738
0.043645
0.043538
0.043391
0.043333
0.043091
0.041557
0.041293
0.041015
0.040930
0.040779
0.040597
0.040565
0.040532
0.040475
0.040450
0.040552
0.040504
0.040553
0.040451
0.040265
0.040357
0.040178
0.040055
0.040245
0.040157
0.040019
0.039968
0.039871
0.040094
0.040024
0.039927
0.039878
0.039764
0.039714
0.039666
0.039446
0.039423
0.039300
0.039520
0.039365
0.039326
0.039298
0.039212
0.039164
0.039164
0.039075
0.039024
0.038999
0.038904
0.038815
0.038778
0.037189
0.036922
0.036778
0.036691
0.036633
0.036558
0.036605
0.036633
0.036754
0.036652
0.036796
0.036748
0.036896
0.036824
0.036795
0.037003
0.036951
0.036904
0.037177
0.037087
0.037058
0.036967
0.036948
0.037188
0.037116
0.037091
0.037004
0.036918
0.036895
0.036870
0.036785
0.036785
0.037116
0.037094
0.037077
0.037077
0.036992
0.036992
0.036842
0.036774
0.036733
0.036691
0.036661
0.036575
0.036544
0.034810
0.034645
0.034430
0.034303
0.034336
0.034250
0.034290
0.034384
0.034301
0.034437
0.034528
0.034413
0.034569
0.034527
0.034494
0.034733
0.034692
0.034657
0.034928
0.034847
0.034876
0.034887
0.034805
0.035084
0.035084
0.034968
0.034937
0.034902
0.034864
0.034824
0.034858
0.034821
0.035188
0.035188
0.035152
0.035095
0.035055
0.035130
0.035124
0.035059
0.035035
0.035001
0.034974
0.034974
0.034974
0.033331
0.033158
0.033021
0.033000
0.032974
0.032934
0.033032
0.033173
0.033173
0.033352
0.033490
0.033490
0.033734
0.033735
0.033735
0.034008
0.033933
0.033881
0.034143
0.034143
0.034129
0.034104
0.034038
0.034386
0.034386
0.034383
0.034370
0.034358
0.034333
0.034294
0.034294
0.034294
0.034294
0.034662
0.034640
0.034640
0.034623
0.034653
0.034615
0.034555
0.034555
0.034503
0.034535
0.034496
0.034530
0.034561
0.032696
0.032510
0.032257
0.032060
0.032028
0.032028
0.032070
0.032179
0.032318
0.032318
0.032503
0.032449
0.032689
0.032580
0.032580
0.032847
0.032847
0.032847
0.033112
0.033149
0.033149
0.033113
0.033090
0.033459
0.033459
0.033439
0.033405
0.033405
0.033405
0.033362
0.033362
0.033302
0.033704
0.033704
0.033639
0.033607
0.033607
0.033607
0.033579
0.033595
0.033595
0.033556
0.033565
0.033565
0.033565
0.031753
0.031611
0.031454
0.031469
0.031534
0.031534
0.031570
0.031728
0.031728
0.031947
0.032145
0.032055
0.032352
0.032352
0.032352
0.032586
0.032586
0.032586
0.032914
0.032914
0.032856
0.032892
0.032886
0.033283
0.033283
0.033196
0.033141
0.033183
0.033183
0.033146
0.033146
0.033146
0.033614
0.033614
0.033614
0.033614
0.033597
0.033619
0.033619
0.033619
0.033576
0.033576
0.033576
0.033576
0.033544
0.031579
0.031373
0.031087
0.030973
0.030953
0.030978
0.031010
0.031137
0.031137
0.031244
0.031433
0.031433
0.031663
0.031663
0.031663
0.031939
0.031857
0.031857
0.032196
0.032196
0.032196
0.032196
0.032196
0.032571
0.032571
0.032528
0.032528
0.032528
0.032528
0.032528
0.032528
0.032557
0.032557
0.032964
0.032964
0.032933
0.032933
0.032933
0.032933
0.032974
0.032949
0.032949
0.032917
0.032917
0.032944
0.032944
0.030967
0.030817
0.030696
0.030710
0.030783
0.030783
0.030909
0.031047
0.031211
0.031252
0.031500
0.031490
0.031769
0.031769
0.031769
0.032055
0.032055
0.032016
0.032354
0.032354
0.032354
0.032316
0.032316
0.032696
0.032730
0.032758
0.032758
0.032693
0.032693
0.032727
0.032770
0.032770
0.033172
0.033172
0.033172
0.033172
0.033110
0.033153
0.033153
0.033182
0.033175
0.033175
0.033163
0.033163
0.033128
0.031139
0.030927
0.030650
0.030577
0.030525
0.030525
0.030558
0.030643
0.030611
0.030787
0.030964
0.030927
0.031227
0.031227
0.031227
0.031529
0.031492
0.031492
0.031825
0.031825
0.031792
0.031792
0.031792
0.032167
0.032167
0.032167
0.032198
0.032198
0.032168
0.032148
0.032182
0.032182
0.032628
0.032628
0.032591
0.032548
0.032548
0.032591
0.032591
0.032603
0.032603
0.032603
0.032603
0.032603
0.032524
0.030564
0.030419
0.030336
0.030356
0.030391
0.030391
0.030514
0.030682
0.030682
0.030861
0.031106
0.031106
0.031383
0.031383
0.031346
0.031653
0.031653
0.031646
0.031915
0.031915
0.031915
0.031915
0.031915
0.032296
0.032296
0.032329
0.032293
0.032293
0.032257
0.032299
0.032266
0.032266
0.032229
0.032667
0.032667
0.032701
0.032701
0.032701
0.032701
0.032701
0.032672
0.032708
0.032708
0.032674
0.032674
0.032674
0.030687
0.030473
0.030182
0.030109
0.030089
0.030089
0.030121
0.030206
0.030351
0.030351
0.030566
0.030566
0.030762
0.030724
0.030698
0.031003
0.031003
0.031003
0.031339
0.031304
0.031304
0.031304
0.031304
0.031654
0.031654
0.031654
0.031620
0.031587
0.031587
0.031587
0.031586
0.031586
0.032036
0.032008
0.032008
0.032008
0.032008
0.032008
0.031971
0.031971
0.031938
0.031938
0.031938
0.031895
0.031895
0.029925
0.029758
0.029672
0.029653
0.029727
0.029727
0.029853
0.030026
0.029982
0.030162
0.030411
0.030411
0.030691
0.030654
0.030664
0.030971
0.030971
0.030935
0.031269
0.031269
0.031269
0.031225
0.031224
0.031564
0.031565
0.031565
0.031531
0.031531
0.031575
0.031575
0.031610
0.031644
0.031644
0.032100
0.032057
0.032014
0.032014
0.031980
0.031950
0.031913
0.031886
0.031886
0.031851
0.031894
0.031894
0.029884
0.029669
0.029329
0.029210
0.029188
0.029188
0.029219
0.029265
0.029265
0.029388
0.029633
0.029608
0.029940
0.029940
0.029940
0.030212
0.030212
0.030173
0.030517
0.030451
0.030451
0.030451
0.030415
0.030771
0.030771
0.030794
0.030794
0.030794
0.030794
0.030757
0.030757
0.030734
0.030770
0.031228
0.031228
0.031228
0.031186
0.031186
0.031186
0.031157
0.031157
0.031157
0.031081
0.031081
0.031115
0.031115
0.029060
0.028895
0.028745
0.028766
0.028842
0.028856
0.028949
0.029087
0.029311
0.029355
0.029536
0.029536
0.029823
0.029788
0.029784
0.030099
0.030021
0.030021
0.030364
0.030364
0.030364
0.030364
0.030443
0.030824
0.030824
0.030789
0.030789
0.030745
0.030780
0.030752
0.030724
0.030685
0.031153
0.031153
0.031077
0.031120
0.031120
0.031165
0.031165
0.031200
0.031200
0.031200
0.031156
0.031121
0.031085
0.029030
0.028809
0.028501
0.028390
0.028419
0.028375
0.028375
0.028422
0.028422
0.028555
0.028745
0.028701
0.028994
0.028994
0.028960
0.029283
0.029283
0.029328
0.029680
0.029680
0.029638
0.029638
0.029638
0.030033
0.030033
0.030033
0.030033
0.030006
0.030006
0.030006
0.029970
0.029970
0.029970
0.030437
0.030437
0.030437
0.030359
0.030359
0.030359
0.030359
0.030359
0.030359
0.030359
0.030359
0.030359
0.028265
0.028131
0.028012
0.028032
0.028109
0.028086
0.028173
0.028354
0.028358
0.028553
0.028814
0.028814
0.029107
0.029107
0.029107
0.029430
0.029430
0.029430
0.029779
0.029740
0.029700
0.029700
0.029700
0.030057
0.030057
0.030057
0.030021
0.030021
0.030021
0.030021
0.030021
0.030021
0.030021
0.030498
0.030498
0.030460
0.030460
0.030460
0.030505
0.030470
0.030439
0.030439
0.030414
0.030414
0.030393
0.030393
0.028255
0.028029
0.027721
0.027644
0.027618
0.027576
0.027613
0.027699
0.027838
0.027838
0.028097
0.028097
0.028398
0.028398
0.028398
0.028729
0.028729
0.028729
0.029090
0.029052
0.029052
0.029052
0.029052
0.029456
0.029421
0.029421
0.029421
0.029456
0.029456
0.029456
0.029456
0.029456
0.029934
0.029898
0.029898
0.029898
0.029871
0.029871
0.029871
0.029854
0.029833
0.029809
0.029771
0.029771
0.029740
0.027568
0.027424
0.027293
0.027312
0.027390
0.027368
0.027526
0.027672
0.027672
0.027905
0.028176
0.028176
0.028482
0.028482
0.028482
0.028817
0.028817
0.028864
0.029204
0.029214
0.029214
0.029236
0.029236
0.029638
0.029638
0.029604
0.029604
0.029604
0.029604
0.029604
0.029582
0.029582
0.029582
0.030035
0.030035
0.030057
0.030057
0.030057
0.030057
0.030057
0.030057
0.030057
0.030020
0.030020
0.029998
0.027761
0.027525
0.027210
0.027095
0.027100
0.027135
0.027176
0.027270
0.027270
0.027418
0.027687
0.027687
0.027977
0.027977
0.027977
0.028285
0.028285
0.028285
0.028657
0.028680
0.028724
0.028692
0.028692
0.029109
0.029109
0.029084
0.029111
0.029076
0.029076
0.029076
0.029076
0.029111
0.029084
0.029639
0.029639
0.029639
0.029639
0.029609
0.029609
0.029609
0.029587
0.029587
0.029587
0.029587
0.029587
0.029525
0.027297
0.027168
0.027044
0.027061
0.027177
0.027177
0.027316
0.027509
0.027726
0.027650
0.027930
0.027930
0.028219
0.028219
0.028219
0.028587
0.028587
0.028587
0.028961
0.028961
0.028961
0.028961
0.028939
0.029368
0.029368
0.029368
0.029368
0.029368
0.029412
0.029434
0.029408
0.029408
0.029907
0.029907
0.029907
0.029907
0.029885
0.029885
0.029885
0.029885
0.029885
0.029885
0.029902
0.029924
0.029924
0.027692
0.027450
0.027113
0.027032
0.026994
0.026994
0.027039
0.027138
0.027138
0.027292
0.027569
0.027569
0.027911
0.027911
0.027911
0.028262
0.028282
0.028282
0.028640
0.028678
0.028654
0.028654
0.028654
0.029043
0.029043
0.029043
0.029065
0.029065
0.029108
0.029143
0.029143
0.029143
0.029121
0.029636
0.029567
0.029567
0.029567
0.029567
0.029567
0.029567
0.029567
0.029588
0.029572
0.029572
0.029572
0.027304
0.027124
0.026974
0.026989
0.027071
0.027093
0.027237
0.027436
0.027436
0.027682
0.027991
0.027957
0.028278
0.028278
0.028278
0.028608
0.028608
0.028608
0.028987
0.028987
0.028987
0.028987
0.029011
0.029428
0.029450
0.029418
0.029418
0.029435
0.029415
0.029393
0.029425
0.029425
0.029393
0.029897
0.029897
0.029897
0.029897
0.029897
0.029942
0.029942
0.029942
0.029942
0.029942
0.029921
0.029921
0.029921
0.027649
0.027399
0.027051
0.026969
0.026955
0.026955
0.027070
0.027176
0.027363
0.027363
0.027648
0.027626
0.027909
0.027870
0.027870
0.028229
0.028194
0.028194
0.028627
0.028627
0.028648
0.028648
0.028620
0.029085
0.029089
0.029089
0.029089
0.029095
0.029095
0.029095
0.029095
0.029095
0.029596
0.029596
0.029618
0.029618
0.029618
0.029618
0.029596
0.029596
0.029583
0.029609
0.029609
0.029609
0.029609
0.027306
0.027141
0.026981
0.027017
0.027100
0.027100
0.027248
0.027431
0.027431
0.027684
0.027978
0.027978
0.028305
0.028333
0.028333
0.028689
0.028689
0.028711
0.029095
0.029095
0.029073
0.029073
0.029073
0.029495
0.029495
0.029495
0.029495
0.029495
0.029495
0.029464
0.029464
0.029464
0.029514
0.030005
0.029983
0.029983
0.029983
0.029983
0.030014
0.030014
0.030014
0.029983
0.029983
0.029983
0.029983
0.027682
0.027447
0.027087
0.026981
0.026969
0.026969
0.027023
0.027096
0.027096
0.027266
0.027588
0.027588
0.027922
0.027922
0.027922
0.028308
0.028308
0.028286
0.028678
0.028678
0.028678
0.028678
0.028678
0.029112
0.029078
0.029078
0.029078
0.029049
0.029012
0.029033
0.029046
0.029046
0.029046
0.029551
0.029551
0.029517
0.029517
0.029517
0.029517
0.029517
0.029517
0.029548
0.029548
0.029548
0.029548
0.029548
0.027221
0.027050
0.026881
0.026894
0.026978
0.026978
0.027130
0.027340
0.027598
0.027570
0.027869
0.027869
0.028202
0.028165
0.028165
0.028527
0.028527
0.028527
0.028916
0.028916
0.028916
0.028916
0.028916
0.029342
0.029342
0.029342
0.029342
0.029342
0.029342
0.029342
0.029342
0.029373
0.029882
0.029882
0.029882
0.029852
0.029816
0.029816
0.029861
0.029861
0.029861
0.029861
0.029861
0.029892
0.029847
0.027527
0.027268
0.026905
0.026820
0.026808
0.026853
0.026909
0.026992
0.026992
0.027194
0.027488
0.027488
0.027788
0.027788
0.027788
0.028155
0.028155
0.028155
0.028550
0.028550
0.028550
0.028550
0.028550
0.028986
0.028986
0.028943
0.028943
0.028943
0.028943
0.028943
0.028943
0.028943
0.028908
0.029384
0.029384
0.029384
0.029384
0.029384
0.029384
0.029384
0.029384
0.029384
0.029384
0.029384
0.029384
0.026996
0.026821
0.026643
0.026654
0.026740
0.026774
0.026930
0.027145
0.027109
0.027373
0.027676
0.027676
0.027979
0.027979
0.027979
0.028345
0.028345
0.028345
0.028737
0.028737
0.028737
0.028737
0.028737
0.029167
0.029167
0.029167
0.029167
0.029167
0.029167
0.029134
0.029134
0.029134
0.029134
0.029614
0.029614
0.029614
0.029614
0.029614
0.029652
0.029652
0.029652
0.029652
0.029652
0.029652
0.029652
0.029652
0.027307
0.027044
0.026673
0.026587
0.026576
0.026576
0.026600
0.026719
0.026895
0.026895
0.027194
0.027194
0.027534
0.027534
