2.052022
1.907726
1.777647
1.691900
1.648736
1.633303
1.630393
1.630250
1.630028
1.629504
1.628591
1.627686
1.627315
1.627304
1.627212
1.627092
1.626882
1.626496
1.626137
1.625619
1.625014
1.624363
1.623666
1.622979
1.622488
1.621747
1.621308
1.620587
1.620087
1.619536
1.618829
1.618086
1.617500
1.616895
1.616341
1.615790
1.615270
1.614721
1.614401
1.613832
1.613411
1.612909
1.612591
1.612196
1.612007
1.611480
1.611002
1.610338
1.609811
1.609326
1.608580
1.607714
1.607009
1.606939
1.606412
1.605796
1.605365
1.604727
1.604057
1.603447
1.602820
1.602405
1.601939
1.601289
1.600705
1.599943
1.599201
1.598797
1.597945
1.597273
1.596722
1.596158
1.595437
1.594770
1.594238
1.593598
1.592929
1.592341
1.591818
1.591782
1.591298
1.590790
1.590028
1.589632
1.589216
1.588498
1.587936
1.587727
1.587211
1.586661
1.586363
1.585888
1.585301
1.584987
1.584773
1.584298
1.583806
1.583424
1.583086
1.582500
1.581985
1.581624
1.581287
1.581226
1.581191
1.581052
1.581098
1.581039
1.581090
1.580573
1.580568
1.580596
1.580820
1.581004
1.581324
1.581332
1.581273
1.581400
1.581586
1.581752
1.581851
1.581307
1.581049
1.581218
1.581113
1.581566
1.581982
1.582352
1.582680
1.583061
1.583388
1.584122
1.584809
1.585081
1.585913
1.586559
1.586542
1.587332
1.588140
1.588444
1.589189
1.590078
1.590530
1.591064
1.591901
1.592715
1.593238
1.593950
1.594702
1.595383
1.595894
1.596855
1.597807
1.598416
1.599098
1.599806
1.600737
1.601156
1.601709
1.602643
1.603418
1.604003
1.604640
1.605435
1.605817
1.606136
1.606844
1.607540
1.608143
1.608924
1.609772
1.610711
1.611712
1.612499
1.613188
1.613981
1.614880
1.615756
1.616537
1.617394
1.618177
1.619097
1.620308
1.621383
1.622499
1.623611
1.624797
1.625972
1.627156
1.628095
1.629280
1.630463
1.631527
1.632635
1.633665
1.634807
1.635983
1.637238
1.638104
1.639337
1.640372
1.641423
1.642426
1.643395
1.644540
1.645625
1.646597
1.647616
1.648607
1.649422
1.650222
1.651068
1.651723
1.652477
1.653240
1.653894
1.654714
1.655843
1.656423
1.657250
1.657753
1.658271
1.659013
1.659788
1.660466
1.661028
1.661674
1.662341
1.662953
1.663513
1.664496
1.665099
1.665675
1.666216
1.666712
1.667282
1.667902
1.668511
1.669201
1.669848
1.670345
1.670993
1.671593
1.672081
1.672380
1.672829
1.673148
1.673392
1.673727
1.673957
1.674153
1.674339
1.674588
1.674591
1.674599
1.674667
1.674724
1.675019
1.674920
1.674998
1.675064
1.675289
1.675335
1.675364
1.675442
1.675614
1.675574
1.675585
1.675824
1.675880
1.675931
1.676082
1.676041
1.676147
1.676129
1.676096
1.675998
1.676046
1.676080
1.675933
1.675856
1.675810
1.675742
1.675452
1.675522
1.675354
1.674670
1.674155
1.674196
1.673917
1.673556
1.673113
1.672943
1.672609
1.672322
1.672452
1.672385
1.672268
1.672526
1.673228
1.673534
1.673737
1.674210
1.674476
1.674952
1.675173
1.675051
1.675293
1.675345
1.675394
1.675408
1.675310
1.675338
1.675010
1.674787
1.674544
1.674344
1.674161
1.673942
1.673734
1.673530
1.673382
1.673289
1.673305
1.673307
1.673363
1.673449
1.673454
1.673516
1.673610
1.673523
1.673579
1.673589
1.673768
1.673761
1.673693
1.673636
1.673691
1.673614
1.673385
1.673373
1.673393
1.673318
1.673245
1.673212
1.673204
1.673060
1.673130
1.673040
1.673000
1.672862
1.672851
1.672696
1.672571
1.672543
1.672442
1.672266
1.672318
1.672211
1.672140
1.671917
1.671893
1.671821
1.671750
1.671623
1.671675
1.671431
1.671426
1.671196
1.671139
1.671004
1.670970
1.670805
1.670894
1.670794
1.670663
1.670586
1.670498
1.670348
1.670245
1.670025
1.669949
1.669883
1.669774
1.669584
1.669637
1.669419
1.669283
1.669098
1.669017
1.668889
1.668767
1.668530
1.668377
1.668225
1.668173
1.667771
1.667551
1.667522
1.667367
1.667171
1.667125
1.667072
1.667132
1.666926
1.666862
1.666744
1.666618
1.666609
1.666304
1.666260
1.666131
1.665933
1.665736
1.665723
1.665537
1.665424
1.665298
1.665038
1.665015
1.664851
1.664759
1.664547
1.664520
1.664252
1.664250
1.664026
1.663997
1.663860
1.663677
1.663454
1.663377
1.663247
1.663036
1.663110
1.663017
1.662899
1.662634
1.662489
1.662248
1.662091
1.661957
1.661754
1.661507
1.661213
1.661008
1.660940
1.660729
1.660522
1.660362
1.660136
1.659939
1.659745
1.659462
1.659209
1.659011
1.658837
1.658690
1.658237
1.658162
1.657890
1.657624
1.657285
1.657060
1.656778
1.656572
1.656437
1.656139
1.655817
1.655570
1.655265
1.655118
1.654988
1.654834
1.654691
1.654340
1.654013
1.653668
1.653481
1.653157
1.652817
1.652630
1.652299
1.651976
1.651660
1.651315
1.651079
1.650728
1.650406
1.650135
1.649902
1.649552
1.649215
1.648912
1.648480
1.648212
1.647924
1.647566
1.647281
1.646937
1.646697
1.646327
1.645890
1.645623
1.645179
1.644928
1.644538
1.644220
1.643681
1.643381
1.643031
1.642737
1.642344
1.642008
1.641791
1.641481
1.640900
1.640635
1.640197
1.639873
1.639376
1.639021
1.638609
1.638194
1.637783
1.637391
1.637015
1.636631
1.636180
1.635861
1.635322
1.635016
1.634601
1.634038
1.633688
1.633300
1.632923
1.632465
1.631994
1.631610
1.631264
1.630875
1.630482
1.630074
1.629687
1.629331
1.628968
1.628549
1.628157
1.627660
1.627360
1.627013
1.626668
1.626390
1.626125
1.625883
1.625496
1.625222
1.624830
1.624404
1.624053
1.623794
1.623418
1.623084
1.622838
1.622504
1.621975
1.621799
1.621490
1.621236
1.620881
1.620530
1.620229
1.620031
1.619654
1.619419
1.619065
1.618851
1.618494
1.618186
1.617957
1.617676
1.617509
1.617173
1.616999
1.616636
1.616467
1.616200
1.615838
1.615699
1.615480
1.615277
1.615150
1.614899
1.614572
1.614428
1.614214
1.613974
1.613739
1.613466
1.613271
1.613056
1.612838
1.612626
1.612420
1.612129
1.611952
1.611744
1.611504
1.611300
1.611185
1.610908
1.610721
1.610518
1.610422
1.610209
1.609999
1.609727
1.609571
1.609372
1.609307
1.609099
1.608933
1.608730
1.608713
1.608574
1.608354
1.608173
1.608040
1.607847
1.607670
1.607495
1.607374
1.607281
1.607086
1.606893
1.606787
1.606638
1.606607
1.606394
1.606133
1.606107
1.605933
1.605757
1.605647
1.605560
1.605540
1.605367
1.605177
1.605092
1.605073
1.604970
1.604804
1.604727
1.604661
1.604498
1.604530
1.604325
1.604170
1.604090
1.603899
1.603955
1.603706
1.603765
1.603585
1.603518
1.603479
1.603274
1.603209
1.603097
1.603052
1.602927
1.602848
1.602718
1.602616
1.602603
1.602510
1.602363
1.602371
1.602261
1.602178
1.602109
1.602018
1.601954
1.601766
1.601684
1.601683
1.601634
1.601598
1.601472
1.601436
1.601311
1.601244
1.601145
1.601093
1.601067
1.600952
1.600974
1.600871
1.600802
1.600770
1.600685
1.600604
1.600547
1.600383
1.600396
1.600273
1.600272
1.600206
1.600224
1.600108
1.600102
1.600103
1.600049
1.599933
1.599807
1.599819
1.599685
1.599663
1.599594
1.599518
1.599562
1.599497
1.599390
1.599293
1.599245
1.599195
1.599200
1.599005
1.598907
1.598861
1.598826
1.598776
1.598680
1.598680
1.598553
1.598564
1.598565
1.598581
1.598474
1.598450
1.598401
1.598288
1.598253
1.598219
1.598186
1.598089
1.598106
1.598074
1.598023
1.597980
1.597980
1.597907
1.597871
1.597922
1.597838
1.597716
1.597659
1.597622
1.597549
1.597486
1.597536
1.597451
1.597407
1.597407
1.597312
1.597326
1.597252
1.597184
1.597148
1.597148
1.597103
1.596984
1.597047
1.597026
1.596956
1.596957
1.596971
1.596953
1.596955
1.596955
1.596846
1.596846
1.596812
1.596790
1.596769
1.596638
1.596688
1.596653
1.596604
1.596570
1.596461
1.596461
1.596415
1.596429
1.596429
1.596314
1.596296
1.596297
1.596297
1.596273
1.596225
1.596180
1.596146
1.596160
1.596075
1.596052
1.596097
1.596097
1.596057
1.596056
1.596033
1.596010
1.596037
1.596011
1.595974
1.595909
1.595877
1.595877
1.595881
1.595895
1.595912
1.595889
1.595795
1.595761
1.595725
1.595725
1.595661
1.595655
1.595646
1.595660
1.595567
1.595533
1.595531
1.595581
1.595623
1.595552
1.595577
1.595577
1.595577
1.595457
1.595421
1.595421
1.595421
1.595442
1.595442
1.595398
1.595353
1.595319
1.595317
1.595294
1.595294
1.595210
1.595305
1.595309
1.595362
1.595362
1.595350
1.595314
1.595314
1.595314
1.595271
1.595276
1.595300
1.595172
1.595170
1.595135
1.595134
1.595114
1.595114
1.595050
1.595013
1.594989
1.594989
1.594916
1.594916
1.594908
1.594829
1.594828
1.594828
1.594828
1.594828
1.594828
1.594855
1.594770
1.594824
1.594785
1.594750
1.594708
1.594703
1.594731
1.594694
1.594700
1.594700
1.594651
1.594651
1.594601
1.594631
1.594558
1.594558
1.594564
1.594526
1.594577
1.594503
1.594503
1.594533
1.594453
1.594459
1.594459
1.594459
1.594459
1.594424
1.594424
1.594338
1.594340
1.594340
1.594341
1.594341
1.594313
1.594314
1.594313
1.594314
1.594284
1.594284
1.594366
1.594347
1.594298
1.594290
1.594290
1.594256
1.594244
1.594207
1.594207
1.594208
1.594242
1.594207
1.594207
1.594214
1.594215
1.594278
1.594241
1.594207
1.594158
1.594158
1.594131
1.594102
1.594102
1.594126
1.594126
1.594126
1.594089
1.594088
1.594107
1.594075
1.594075
1.594075
1.594073
1.594073
1.594072
1.594037
1.594000
1.594042
1.593976
1.594014
1.594064
1.594064
1.594000
1.593964
1.593963
1.593963
1.593933
1.593942
1.593919
1.593961
1.593967
1.593967
1.593967
1.593989
1.593989
1.593960
1.593960
1.594004
1.593988
1.593952
1.593952
1.593952
1.593923
1.593923
1.593923
1.593963
1.593969
1.593969
1.593969
1.593969
1.593893
1.593847
1.593860
1.593860
1.593834
1.593834
1.593814
1.593814
1.593789
1.593789
1.593759
1.593719
1.593724
1.593725
1.593725
1.593701
1.593665
1.593665
1.593665
1.593665
1.593665
1.593672
1.593649
1.593648
1.593648
1.593683
1.593683
1.593683
1.593683
1.593689
1.593668
1.593668
1.593668
1.593668
1.593631
1.593631
1.593631
1.593616
1.593616
1.593617
1.593617
1.593617
1.593617
1.593716
1.593716
1.593697
1.593702
1.593702
1.593702
1.593702
1.593702
1.593702
1.593700
1.593681
1.593681
1.593651
1.593651
1.593651
1.593650
1.593650
1.593684
1.593666
1.593666
1.593667
1.593673
1.593673
1.593673
1.593673
1.593657
1.593657
1.593657
1.593656
1.593656
1.593663
1.593662
1.593662
1.593647
1.593647
1.593647
1.593611
1.593611
1.593611
1.593618
1.593639
1.593639
1.593689
1.593689
1.593689
1.593639
1.593639
1.593639
1.593626
1.593633
1.593613
1.593613
1.593613
1.593613
1.593613
1.593603
1.593603
1.593603
1.593628
1.593628
1.593628
1.593592
1.593579
1.593570
1.593570
1.593534
1.593534
1.593534
1.593541
1.593507
1.593499
1.593526
1.593526
1.593527
1.593562
1.593562
1.593562
1.593576
1.593576
1.593576
1.593576
1.593576
1.593576
1.593604
1.593604
1.593607
1.593571
1.593572
1.593614
1.593656
1.593656
1.593656
1.593625
1.593625
1.593652
1.593652
1.593652
1.593652
1.593659
1.593659
1.593655
1.593655
1.593689
1.593689
1.593688
1.593688
1.593688
1.593688
1.593695
1.593695
1.593659
1.593659
1.593659
1.593658
1.593659
1.593694
1.593693
1.593693
1.593643
1.593651
1.593651
1.593653
1.593653
1.593653
1.593653
1.593653
1.593653
1.593653
1.593692
1.593700
1.593700
1.593700
1.593699
1.593699
1.593699
1.593669
1.593669
1.593719
1.593676
1.593726
1.593768
1.593768
1.593755
1.593755
1.593755
1.593756
1.593803
1.593804
1.593804
1.593812
1.593812
1.593820
1.593820
1.593855
1.593855
1.593865
1.593865
1.593865
1.593865
1.593865
1.593866
1.593866
1.593849
1.593849
1.593849
1.593849
1.593884
1.593884
1.593897
1.593896
1.593896
1.593896
1.593896
1.593904
1.593917
1.593917
1.593917
1.593917
1.593918
1.593953
1.593968
1.593968
1.593967
1.593980
1.593988
1.593988
1.593959
1.594005
1.593955
1.593942
1.593942
1.593941
1.593922
1.593956
1.594006
1.594025
1.594025
1.594025
1.594043
1.594042
1.594042
1.594042
1.594042
1.594015
1.594035
1.594035
1.594039
1.594074
1.594074
1.594094
1.594094
1.594094
1.594094
1.594094
1.594094
1.594116
1.594116
1.594162
1.594162
1.594162
1.594162
1.594184
1.594219
1.594219
1.594177
1.594177
1.594201
1.594201
1.594149
1.594126
1.594168
1.594168
1.594193
1.594193
1.594215
1.594215
1.594216
1.594241
1.594241
1.594281
1.594308
1.594308
1.594309
1.594335
1.594285
1.594285
1.594286
1.594286
1.594286
1.594315
1.594369
1.594319
1.594319
1.594319
1.594347
1.594347
1.594347
1.594382
1.594382
1.594382
1.594411
1.594411
1.594414
1.594414
1.594414
1.594414
1.594414
1.594444
1.594444
1.594406
1.594406
1.594406
1.594406
1.594441
1.594405
1.594405
1.594405
1.594441
1.594441
1.594441
1.594473
1.594470
1.594470
1.594470
1.594476
1.594504
1.594476
1.594508
1.594508
1.594508
1.594508
1.594508
1.594471
1.594471
1.594525
1.594537
1.594544
1.594544
1.594544
1.594544
1.594544
1.594539
1.594573
1.594573
1.594573
1.594573
1.594553
1.594593
1.594565
1.594615
1.594649
1.594599
1.594599
1.594599
1.594599
1.594599
1.594599
1.594599
1.594635
1.594635
1.594642
1.594630
1.594630
1.594630
1.594608
1.594608
1.594608
1.594609
1.594645
1.594645
1.594645
1.594667
1.594635
1.594642
1.594642
1.594643
1.594643
1.594643
1.594680
1.594681
1.594681
1.594658
1.594627
1.594627
1.594627
1.594628
1.594657
1.594657
1.594657
1.594607
1.594645
1.594645
1.594615
1.594593
1.594593
1.594593
1.594593
1.594593
1.594593
1.594594
1.594564
1.594571
1.594521
1.594521
1.594561
1.594561
1.594561
1.594561
1.594533
1.594568
1.594568
1.594568
1.594608
1.594607
1.594657
1.594629
1.594629
1.594594
1.594594
1.594594
1.594594
1.594643
1.594643
1.594597
1.594588
1.594630
1.594630
1.594630
1.594630
1.594630
1.594605
1.594655
1.594655
1.594655
1.594619
1.594618
1.594594
1.594594
1.594600
1.594600
1.594600
1.594600
1.594600
1.594599
1.594599
1.594599
1.594599
1.594611
1.594611
1.594589
1.594589
1.594589
1.594539
1.594526
1.594526
1.594504
1.594504
1.594504
1.594505
1.594518
1.594518
1.594497
1.594497
1.594515
1.594515
1.594515
1.594515
1.594495
1.594495
1.594496
1.594496
1.594496
1.594545
1.594477
1.594477
1.594478
1.594478
1.594478
1.594513
1.594513
1.594495
1.594495
1.594532
1.594532
1.594532
1.594529
1.594512
1.594512
1.594464
1.594464
1.594464
1.594464
1.594426
1.594426
1.594474
1.594424
1.594424
1.594424
1.594407
1.594429
1.594429
1.594429
1.594429
1.594573
1.595538
1.610714
1.601919
1.618780
1.615991
1.635801
1.635383
1.645252
1.654806
1.664833
1.671896
1.678310
1.683785
1.687808
1.690204
1.691524
1.691530
1.690780
1.688691
1.686762
1.684968
1.683039
1.681772
1.680067
1.678677
1.677128
1.675327
1.673792
1.671782
1.669714
1.668025
1.666289
1.664558
1.662987
1.661756
1.660317
1.659166
1.657792
1.656562
1.655287
1.653869
1.652396
1.651105
1.649667
1.648241
1.646759
1.645372
1.644075
1.642555
1.641174
1.639531
1.637157
1.633103
1.626936
1.618962
1.609642
1.599434
1.588883
1.578506
1.568251
1.558301
1.548302
1.538486
1.528389
1.518613
1.509215
1.500111
1.491761
1.484602
1.478740
1.474021
1.470621
1.468182
1.467068
1.466582
1.467323
1.468524
1.469609
1.469746
1.469169
1.467876
1.465662
1.463092
1.460814
1.458453
1.455701
1.453169
1.450922
1.448719
1.446290
1.443672
1.441446
1.439304
1.436872
1.434894
1.432996
1.430716
1.428244
1.425003
1.421354
1.417759
1.414914
1.412112
1.409945
1.408137
1.406582
1.405233
1.403722
1.401868
1.399731
1.397304
1.395254
1.393307
1.391421
1.389071
1.386492
1.383709
1.381112
1.379012
1.377365
1.375640
1.373918
1.371796
1.369736
1.367544
1.365472
1.362850
1.360276
1.357733
1.355327
1.353125
1.351220
1.348829
1.346086
1.343474
1.341428
1.339235
1.336870
1.334397
1.332165
1.329964
1.327173
1.324844
1.322653
1.320490
1.318099
1.315361
1.313078
1.311206
1.309085
1.306723
1.304289
1.301775
1.299365
1.296912
1.294724
1.292342
1.289999
1.287543
1.285084
1.282805
1.280599
1.278509
1.276338
1.274187
1.272054
1.269706
1.267321
1.265000
1.262746
1.260383
1.257977
1.255671
1.253137
1.250951
1.248537
1.246192
1.243750
1.241287
1.239102
1.236835
1.234585
1.232265
1.230268
1.228258
1.226103
1.223869
1.221492
1.219091
1.217050
1.214652
1.212248
1.209927
1.207543
1.205187
1.202793
1.200545
1.198258
1.195996
1.193613
1.191258
1.189220
1.186915
1.184782
1.182738
1.180677
1.178630
1.176485
1.174316
1.172211
1.169899
1.167592
1.165436
1.163182
1.160918
1.158818
1.156494
1.154580
1.152657
1.150849
1.148992
1.147335
1.145678
1.143827
1.142054
1.140316
1.138635
1.136896
1.135151
1.133306
1.131622
1.129852
1.128183
1.126453
1.124727
1.123032
1.121359
1.119701
1.118037
1.116406
1.114970
1.113509
1.111798
1.110208
1.108566
1.106953
1.105311
1.103521
1.101798
1.100100
1.098521
1.096911
1.095184
1.093603
1.091973
1.090430
1.088688
1.087077
1.085353
1.083776
1.082305
1.080696
1.079113
1.077581
1.075856
1.074310
1.072598
1.070991
1.069228
1.067591
1.065907
1.064265
1.062793
1.060993
1.059475
1.057582
1.055806
1.053930
1.051944
1.050131
1.048316
1.046333
1.044425
1.042426
1.040528
1.038561
1.036757
1.034854
1.033019
1.031123
1.029102
1.026957
1.024875
1.022744
1.020570
1.018553
1.016241
1.014497
1.012794
1.011306
1.009539
1.007921
1.006254
1.004672
1.003215
1.001714
1.000225
0.998824
0.997134
0.995588
0.994134
0.993076
0.992172
0.991513
0.990733
0.990138
0.989577
0.988934
0.988243
0.987446
0.986628
0.985803
0.984836
0.983922
0.982908
0.981847
0.980980
0.980025
0.979251
0.978264
0.977201
0.975957
0.974702
0.973146
0.971249
0.969425
0.967398
0.965612
0.964158
0.963031
0.962206
0.961400
0.960905
0.960332
0.959733
0.959108
0.958460
0.957606
0.956877
0.955740
0.954836
0.953878
0.952928
0.952097
0.951278
0.950402
0.949533
0.948683
0.947770
0.946671
0.945149
0.943736
0.942205
0.940625
0.938873
0.937250
0.935789
0.934598
0.933529
0.932868
0.932191
0.931602
0.931200
0.930814
0.930308
0.930005
0.929443
0.928858
0.928164
0.927588
0.926860
0.925559
0.924116
0.922254
0.920554
0.919013
0.917593
0.915983
0.914107
0.912806
0.911626
0.910765
0.910014
0.909737
0.909585
0.909740
0.910007
0.910108
0.910021
0.909480
0.908861
0.908479
0.907549
0.906991
0.905891
0.905001
0.903741
0.902325
0.901004
0.899359
0.898063
0.896697
0.895418
0.894703
0.894029
0.893462
0.893173
0.892724
0.892473
0.892107
0.891508
0.890559
0.888942
0.886940
0.885010
0.883116
0.881421
0.879886
0.878224
0.877019
0.876129
0.875612
0.875143
0.875165
0.875048
0.875260
0.875015
0.874447
0.873506
0.872245
0.870871
0.869472
0.867887
0.866635
0.865543
0.864045
0.862405
0.860798
0.859168
0.857399
0.855619
0.853758
0.852336
0.851087
0.850134
0.849209
0.848386
0.847611
0.846757
0.846030
0.845231
0.844341
0.843436
0.842118
0.840652
0.839314
0.837991
0.836600
0.835027
0.833376
0.831702
0.830092
0.828536
0.826911
0.825171
0.823358
0.821566
0.820153
0.819035
0.818152
0.817371
0.816932
0.816555
0.816175
0.815782
0.815170
0.814251
0.812970
0.811549
0.810101
0.808515
0.806886
0.805131
0.803681
0.802039
0.800333
0.798708
0.796992
0.794885
0.792563
0.790051
0.787508
0.784900
0.782485
0.779964
0.777985
0.776093
0.774670
0.773276
0.771675
0.770096
0.768314
0.766867
0.765446
0.763950
0.762730
0.761590
0.760897
0.760158
0.759021
0.757932
0.756738
0.755435
0.753997
0.752295
0.750631
0.748779
0.747089
0.745337
0.743944
0.742526
0.741097
0.739557
0.738023
0.736467
0.734906
0.733350
0.731751
0.730027
0.728551
0.727010
0.725225
0.723092
0.721018
0.718808
0.716249
0.713700
0.710934
0.708524
0.706578
0.704688
0.703015
0.701388
0.700172
0.699472
0.698392
0.697159
0.695945
0.694457
0.692802
0.690943
0.688961
0.687293
0.685530
0.683709
0.681859
0.679992
0.678258
0.676532
0.674524
0.672328
0.670280
0.668148
0.665935
0.663824
0.661572
0.659296
0.657502
0.655878
0.654264
0.652760
0.651085
0.649497
0.647717
0.646111
0.644327
0.642700
0.640927
0.639136
0.637354
0.635644
0.633862
0.631502
0.629071
0.626977
0.624960
0.623210
0.621540
0.619914
0.618269
0.616697
0.615252
0.613498
0.611861
0.610298
0.608974
0.607457
0.605850
0.604249
0.602652
0.601086
0.599561
0.598073
0.596738
0.595386
0.594101
0.592675
0.591443
0.590109
0.588911
0.587568
0.586088
0.584544
0.582795
0.581241
0.579662
0.578024
0.576416
0.574784
0.573151
0.571425
0.569772
0.568117
0.566317
0.564653
0.562809
0.561097
0.559258
0.557444
0.555645
0.553893
0.552018
0.550182
0.548355
0.546420
0.544471
0.542661
0.540873
0.538847
0.536840
0.534814
0.532931
0.530861
0.528976
0.526811
0.524934
0.522832
0.520920
0.518731
0.516681
0.514612
0.512535
0.510515
0.508347
0.506326
0.504159
0.501965
0.499946
0.497824
0.495717
0.493683
0.491546
0.489500
0.487441
0.485375
0.483267
0.481270
0.479399
0.477587
0.475696
0.473856
0.472046
0.470108
0.468326
0.466491
0.464706
0.462708
0.460939
0.459095
0.457124
0.455282
0.453706
0.451718
0.449977
0.448135
0.446431
0.444797
0.443070
0.441537
0.439983
0.438394
0.436892
0.435264
0.433600
0.431950
0.430287
0.428620
0.427107
0.425354
0.423922
0.422418
0.421053
0.419497
0.418017
0.416573
0.415088
0.413742
0.412320
0.411070
0.409652
0.408418
0.407073
0.405622
0.404435
0.403120
0.401793
0.400407
0.399102
0.397866
0.396604
0.395273
0.393914
0.392568
0.391290
0.389949
0.388579
0.387314
0.385997
0.384730
0.383383
0.382014
0.380648
0.379308
0.377840
0.376488
0.375047
0.373646
0.372136
0.370834
0.369463
0.368137
0.366961
0.365576
0.364236
0.362890
0.361624
0.360117
0.358712
0.357213
0.355787
0.354227
0.352756
0.351144
0.349479
0.347961
0.346252
0.344706
0.343058
0.341459
0.339761
0.338085
0.336265
0.334369
0.332435
0.330585
0.328653
0.326801
0.324929
0.322992
0.320984
0.318962
0.316994
0.314945
0.313095
0.310914
0.308937
0.306754
0.304723
0.302822
0.300729
0.298546
0.296475
0.294241
0.292093
0.290045
0.287653
0.285478
0.283288
0.281239
0.278984
0.276900
0.274659
0.272461
0.270261
0.268035
0.265900
0.263762
0.261626
0.259433
0.257477
0.255343
0.253248
0.250879
0.248723
0.246672
0.244508
0.242620
0.240594
0.238371
0.236228
0.234364
0.232308
0.230352
0.228384
0.226354
0.224540
0.222534
0.220579
0.218667
0.216926
0.215141
0.213334
0.211891
0.210341
0.208890
0.207063
0.205511
0.203856
0.202104
0.200509
0.198975
0.197407
0.196000
0.194425
0.192818
0.191473
0.190006
0.188602
0.187263
0.185921
0.184566
0.183108
0.181812
0.180532
0.179262
0.177860
0.176663
0.175383
0.174232
0.173100
0.172005
0.170902
0.169779
0.168736
0.167498
0.166493
0.165307
0.164064
0.162927
0.161838
0.160883
0.159758
0.158750
0.157711
0.156606
0.155695
0.154622
0.153576
0.152568
0.151608
0.150625
0.149633
0.148674
0.147664
0.146707
0.145790
0.144802
0.143830
0.142648
0.141707
0.140784
0.139611
0.138624
0.137599
0.136687
0.135575
0.134688
0.133719
0.132927
0.131922
0.131029
0.129996
0.129066
0.127986
0.127069
0.126129
0.125107
0.124145
0.123158
0.122294
0.121319
0.120325
0.119413
0.118506
0.117717
0.116699
0.115772
0.114848
0.114014
0.113116
0.112268
0.111314
0.110673
0.109706
0.108865
0.108053
0.107304
0.106350
0.105618
0.104738
0.104009
0.103176
0.102345
0.101668
0.100832
0.100204
0.099370
0.098703
0.097916
0.097294
0.096594
0.095922
0.095185
0.094576
0.094216
0.093631
0.092963
0.092445
0.091784
0.091075
0.090619
0.089875
0.089252
0.088658
0.088223
0.087583
0.086987
0.086445
0.085825
0.085252
0.084794
0.084278
0.083754
0.083249
0.082634
0.082170
0.081668
0.081205
0.080801
0.080266
0.079891
0.079405
0.078984
0.078546
0.078123
0.077589
0.077089
0.076709
0.076130
0.075839
0.075424
0.075156
0.074589
0.074245
0.073771
0.073496
0.073069
0.072613
0.072391
0.071895
0.071462
0.071018
0.070766
0.070495
0.070061
0.069858
0.069515
0.069060
0.068602
0.068375
0.068023
0.067715
0.067340
0.067033
0.066669
0.066306
0.065961
0.065682
0.065320
0.064998
0.064631
0.064282
0.064110
0.063763
0.063340
0.063094
0.062765
0.062517
0.062133
0.061877
0.061574
0.061247
0.061017
0.060597
0.060333
0.060111
0.059875
0.059565
0.059249
0.058912
0.058792
0.058422
0.058130
0.057870
0.057618
0.057409
0.057112
0.056817
0.056484
0.056261
0.056135
0.055769
0.055497
0.055212
0.054918
0.054749
0.054520
0.054280
0.054055
0.053737
0.053587
0.053354
0.053139
0.052885
0.052714
0.052519
0.052243
0.052027
0.051849
0.051673
0.051355
0.051114
0.050984
0.050713
0.050574
0.050306
0.050158
0.050023
0.049729
0.049722
0.049452
0.049302
0.049007
0.048971
0.048672
0.048456
0.048362
0.048179
0.047965
0.047775
0.047621
0.047609
0.047401
0.047190
0.047033
0.046893
0.046734
0.046548
0.046336
0.046250
0.045946
0.045814
0.045746
0.045538
0.045414
0.045335
0.045204
0.045006
0.044864
0.044726
0.044453
0.044427
0.044184
0.044077
0.044052
0.043882
0.043750
0.043546
0.043367
0.043192
0.043185
0.042943
0.042802
0.042638
0.042513
0.042445
0.042389
0.042231
0.041995
0.041943
0.041972
0.041794
0.041810
0.041674
0.041557
0.041459
0.041354
0.041217
0.041004
0.040876
0.040745
0.040615
0.040456
0.040444
0.040356
0.040268
0.040245
0.040188
0.040083
0.039928
0.039804
0.039674
0.039580
0.039484
0.039431
0.039270
0.039263
0.039168
0.039017
0.039018
0.039033
0.038959
0.038804
0.038710
0.038561
0.038483
0.038326
0.038230
0.038165
0.038041
0.037958
0.037944
0.037932
0.037812
0.037817
0.037681
0.037581
0.037569
0.037525
0.037390
0.037263
0.037096
0.037049
0.036995
0.036812
0.036827
0.036679
0.036576
0.036539
0.036511
0.036493
0.036418
0.036356
0.036119
0.036092
0.036107
0.035975
0.035848
0.035827
0.035726
0.035696
0.035619
0.035487
0.035461
0.035309
0.035213
0.035213
0.035183
0.035071
0.035038
0.034936
0.034853
0.034833
0.034824
0.034779
0.034782
0.034643
0.034645
0.034597
0.034554
0.034552
0.034450
0.034318
0.034217
0.034199
0.034070
0.034032
0.033958
0.033826
0.033809
0.033767
0.033714
0.033748
0.033737
0.033688
0.033559
0.033410
0.033360
0.033322
0.033306
0.033216
0.033272
0.033149
0.033149
0.033062
0.033062
0.033023
0.033085
0.033032
0.032873
0.032789
0.032779
0.032657
0.032657
0.032605
0.032607
0.032487
0.032411
0.032332
0.032294
0.032232
0.032189
0.032202
0.032172
0.032014
0.031891
0.031846
0.031838
0.031789
0.031796
0.031691
0.031721
0.031627
0.031618
0.031565
0.031516
0.031560
0.031501
0.031453
0.031505
0.031400
0.031390
0.031321
0.031249
0.031208
0.031174
0.031173
0.031207
0.031163
0.031021
0.030987
0.030998
0.030916
0.030942
0.030955
0.030858
0.030814
0.030776
0.030756
0.030756
0.030722
0.030640
0.030640
0.030684
0.030684
0.030616
0.030513
0.030466
0.030455
0.030351
0.030349
0.030379
0.030374
0.030293
0.030293
0.030218
0.030252
0.030220
0.030237
0.030223
0.030188
0.030175
0.030157
0.030157
0.030121
0.029978
0.029998
0.030038
0.030011
0.030011
0.029984
0.029984
0.029936
0.029936
0.029892
0.029878
0.029844
0.029788
0.029739
0.029761
0.029761
0.029731
0.029732
0.029773
0.029780
0.029698
0.029594
0.029529
0.029529
0.029553
0.029553
0.029615
0.029568
0.029564
0.029530
0.029530
0.029530
0.029541
0.029584
0.029584
0.029504
0.029455
0.029455
0.029424
0.029383
0.029413
0.029456
0.029457
0.029426
0.029404
0.029404
0.029372
0.029372
0.029399
0.029399
0.029349
0.029409
0.029329
0.029318
0.029318
0.029367
0.029390
0.029435
0.029363
0.029332
0.029332
0.029264
0.029258
0.029258
0.029214
0.029172
0.029224
0.029144
0.029106
0.029106
0.029126
0.029157
0.029157
0.029157
0.029186
0.029160
0.029191
0.029182
0.029134
0.029171
0.029193
0.029149
0.029180
0.029121
0.029177
0.029177
0.029146
0.029139
0.029183
0.029131
0.029141
0.029141
0.029141
0.029098
0.029140
0.029173
0.029173
0.029144
0.029144
0.029119
0.029105
0.029139
0.029139
0.029139
0.029139
0.029110
0.029098
0.029067
0.029102
0.029149
0.029149
0.029136
0.029136
0.029136
0.029169
0.029169
0.029169
0.029169
0.029169
0.029169
0.029169
0.029126
0.029046
0.029011
0.029011
0.029054
0.029054
0.029054
0.029054
0.029054
0.029054
0.029054
0.029113
0.029077
0.029067
0.029082
0.029118
0.029106
0.029106
0.029106
0.029106
0.029066
0.029066
0.029032
0.029074
0.029022
0.029022
0.029022
0.029050
0.029050
0.029050
0.029050
0.029083
0.029083
0.029075
0.029075
0.029075
0.029075
0.029027
0.028993
0.028993
0.028993
0.028993
0.028947
0.028905
0.028947
0.028923
0.028923
0.028895
0.028895
0.028895
0.028909
0.028909
0.028909
0.028870
0.028870
0.028829
0.028867
0.028867
0.028867
0.028840
0.028840
0.028840
0.028840
0.028840
0.028874
0.028915
0.028951
0.028847
0.028847
0.028875
0.028875
0.028801
0.028840
0.028783
0.028734
0.028732
0.028732
0.028732
0.028768
0.028768
0.028803
0.028771
0.028771
0.028740
0.028740
0.028768
0.028768
0.028749
0.028664
0.028672
0.028672
0.028672
0.028672
0.028672
0.028672
0.028700
0.028669
0.028628
0.028630
0.028644
0.028644
0.028583
0.028583
0.028583
0.028583
0.028626
0.028590
0.028590
0.028541
0.028501
0.028470
0.028499
0.028464
0.028444
0.028428
0.028428
0.028428
0.028352
0.028352
0.028376
0.028382
0.028382
0.028382
0.028382
0.028382
0.028303
0.028303
0.028310
0.028313
0.028342
0.028313
0.028313
0.028313
0.028228
0.028228
0.028236
0.028241
0.028271
0.028271
0.028271
0.028154
0.028154
0.028154
0.028153
0.028191
0.028191
0.028191
0.028144
0.028144
0.028144
0.028156
0.028156
0.028156
0.028117
0.028062
0.028062
0.028033
0.028094
0.028069
0.028049
0.028057
0.028011
0.028011
0.028011
0.028011
0.028041
0.028018
0.028018
0.028018
0.027997
0.027997
0.027990
0.027990
0.027961
0.027961
0.027979
0.027902
0.027902
0.027902
0.027947
0.027947
0.027941
0.027941
0.027916
0.027916
0.027911
0.027911
0.027911
0.027911
0.027880
0.027880
0.027840
0.027862
0.027862
0.027862
0.027862
0.027862
0.027862
0.027871
0.027827
0.027790
0.027814
0.027850
0.027850
0.027850
0.027793
0.027793
0.027752
0.027752
0.027782
0.027754
0.027763
0.027726
0.027733
0.027733
0.027769
0.027698
0.027656
0.027656
0.027692
0.027752
0.027752
0.027750
0.027750
0.027756
0.027691
0.027728
0.027693
0.027693
0.027701
0.027730
0.027730
0.027703
0.027703
0.027667
0.027667
0.027702
0.027702
0.027735
0.027738
0.027738
0.027770
0.027735
0.027702
0.027702
0.027667
0.027667
0.027667
0.027667
0.027735
0.027735
0.027774
0.027774
0.027774
0.027774
0.027736
0.027703
0.027641
0.027641
0.027656
0.027656
0.027656
0.027690
0.027779
0.027773
0.027773
0.027773
0.027773
0.027773
0.027741
0.027741
0.027706
0.027706
0.027743
0.027772
0.027782
0.027852
0.027838
0.027838
0.027837
0.027837
0.027837
0.027837
0.027845
0.027807
0.027843
0.027804
0.027771
0.027745
0.027745
0.027813
0.027813
0.027778
0.027778
0.027817
0.027817
0.027817
0.027830
0.027830
0.027803
0.027768
0.027774
0.027819
0.027880
0.027880
0.027884
0.027884
0.027884
0.027884
0.027884
0.027884
0.027884
0.027884
0.027899
0.027864
0.027905
0.027941
0.027951
0.027913
0.027913
0.027913
0.027948
0.027968
0.027968
0.027968
0.028009
0.028009
0.028009
0.027927
0.027892
0.027927
0.027962
0.027962
0.027997
0.027997
0.028039
0.028039
0.028039
0.028017
0.028017
0.028017
0.028017
0.028017
0.028051
0.028051
0.028094
0.028094
0.028094
0.028094
0.028094
0.028157
0.028157
0.028157
0.028157
0.028157
0.028163
0.028163
0.028163
0.028125
0.028125
0.028125
0.028125
0.028105
0.028105
0.028115
0.028151
0.028151
0.028151
0.028115
0.028105
0.028105
0.028105
0.028105
0.028105
0.028150
0.028150
0.028150
0.028138
0.028138
0.028138
0.028174
0.028174
0.028174
0.028219
0.028218
0.028218
0.028245
0.028236
0.028195
0.028195
0.028196
0.028196
0.028241
0.028241
0.028241
0.028241
0.028265
0.028254
0.028254
0.028288
0.028288
0.028334
0.028334
0.028300
0.028300
0.028300
0.028300
0.028300
0.028300
0.028336
0.028382
0.028345
0.028345
0.028345
0.028330
0.028358
0.028358
0.028358
0.028358
0.028405
0.028405
0.028405
0.028405
0.028405
0.028405
0.028405
0.028439
0.028439
0.028439
0.028497
0.028497
0.028497
0.028497
0.028497
0.028497
0.028505
0.028505
0.028542
0.028558
0.028605
0.028605
0.028577
0.028577
0.028537
0.028537
0.028537
0.028537
0.028566
0.028566
0.028606
0.028653
0.028634
0.028634
0.028666
0.028666
0.028706
0.028706
0.028706
0.028706
0.028706
0.028695
0.028736
0.028736
0.028772
0.028808
0.028808
0.028861
0.028861
0.028861
0.028861
0.028861
0.028861
0.028861
0.028929
0.028965
0.028965
0.028965
0.029025
0.029025
0.029025
0.029042
0.029042
0.029042
0.029006
0.029039
0.029071
0.029071
0.029071
0.029071
0.029071
0.029071
0.029071
0.029071
0.029135
0.029135
0.029135
0.029163
0.029163
0.029163
0.029163
0.029163
0.029205
0.029205
0.029205
0.029250
0.029250
0.029250
0.029250
0.029250
0.029250
0.029250
0.029256
0.029256
0.029237
0.029237
0.029237
0.029237
0.029237
0.029237
0.029237
0.029237
0.029264
0.029309
0.029351
0.029370
0.029379
0.029345
0.029345
0.029382
0.029382
0.029382
0.029409
0.029409
0.029409
0.029409
0.029409
0.029409
0.029409
0.029403
0.029403
0.029403
0.029449
0.029449
0.029449
0.029449
0.029449
0.029449
0.029449
0.029451
0.029451
0.029397
0.029397
0.029397
0.029397
0.029419
0.029419
0.029453
0.029453
0.029416
0.029416
0.029379
0.029402
0.029402
