2.176693
2.045594
1.931724
1.860582
1.826851
1.815249
1.813118
1.813182
1.813162
1.812765
1.811987
1.811224
1.810872
1.810212
1.809482
1.808726
1.808117
1.807674
1.807105
1.806189
1.805205
1.804029
1.802886
1.801508
1.800324
1.799005
1.797708
1.796422
1.794939
1.793245
1.791856
1.790561
1.788865
1.787123
1.785374
1.783574
1.781852
1.780117
1.778444
1.776724
1.775037
1.773504
1.772369
1.770898
1.769437
1.767793
1.766090
1.764404
1.762653
1.760856
1.759155
1.757248
1.756004
1.754230
1.752514
1.750751
1.748829
1.747107
1.745278
1.743548
1.741812
1.740079
1.738180
1.736477
1.734937
1.733314
1.731466
1.729702
1.727812
1.726249
1.724607
1.722882
1.721108
1.719197
1.717319
1.715387
1.713426
1.711532
1.709809
1.708165
1.706693
1.704910
1.702840
1.701207
1.699527
1.698067
1.696467
1.695061
1.693422
1.691931
1.690650
1.689195
1.687260
1.685726
1.684319
1.683010
1.681776
1.680522
1.679450
1.678214
1.677337
1.676613
1.675784
1.674343
1.673424
1.672361
1.671160
1.669935
1.669071
1.667812
1.666829
1.665659
1.664805
1.663881
1.662979
1.661718
1.660891
1.659850
1.658802
1.658027
1.657364
1.656676
1.655946
1.655291
1.654571
1.654010
1.653169
1.652523
1.651661
1.650977
1.649725
1.648449
1.647215
1.645875
1.644882
1.643162
1.641980
1.641025
1.639954
1.638885
1.637864
1.636872
1.635754
1.634489
1.633538
1.632621
1.632002
1.631123
1.630488
1.629966
1.629391
1.628921
1.627770
1.627099
1.626158
1.625142
1.623904
1.622967
1.622000
1.621181
1.620469
1.619910
1.619561
1.619211
1.618831
1.618826
1.618281
1.617724
1.617353
1.617010
1.616345
1.616081
1.615510
1.615121
1.614558
1.613782
1.613015
1.612071
1.611466
1.610678
1.610003
1.609202
1.608496
1.608036
1.607682
1.607857
1.607397
1.607037
1.606647
1.606135
1.605675
1.605161
1.604535
1.603801
1.603218
1.602417
1.601865
1.601431
1.600847
1.600269
1.599789
1.599184
1.598546
1.597998
1.597534
1.596886
1.596407
1.595677
1.595048
1.594073
1.592757
1.591607
1.590108
1.588714
1.587330
1.586222
1.585761
1.585046
1.584263
1.583782
1.583686
1.583264
1.582834
1.582538
1.581837
1.581616
1.581043
1.580263
1.579486
1.578595
1.577650
1.576392
1.575493
1.574752
1.573938
1.573100
1.572284
1.571505
1.570517
1.569542
1.568719
1.567742
1.566735
1.565546
1.563946
1.562388
1.560851
1.559520
1.557829
1.556463
1.555324
1.554127
1.552863
1.551548
1.550572
1.549775
1.548853
1.547832
1.547291
1.546184
1.544936
1.543747
1.542390
1.541470
1.540531
1.539493
1.538618
1.537894
1.537608
1.536955
1.536350
1.536075
1.535379
1.534800
1.534335
1.533758
1.533318
1.532541
1.531540
1.530280
1.529105
1.528064
1.527248
1.526260
1.525217
1.524382
1.523856
1.523215
1.522999
1.522606
1.522071
1.521767
1.521509
1.520960
1.520747
1.520545
1.519804
1.518532
1.517851
1.517011
1.515957
1.514560
1.513862
1.513525
1.512721
1.511971
1.511680
1.511582
1.511203
1.510650
1.509693
1.509010
1.508568
1.507923
1.506914
1.505098
1.503774
1.502729
1.502063
1.500816
1.499296
1.498142
1.497684
1.497496
1.496770
1.495938
1.495401
1.495102
1.495003
1.494439
1.493727
1.492880
1.492336
1.491643
1.491297
1.490261
1.489054
1.487778
1.487151
1.486358
1.485901
1.485591
1.484864
1.484054
1.483561
1.483329
1.483530
1.483572
1.483024
1.482218
1.481502
1.480981
1.480582
1.480180
1.479655
1.478471
1.477396
1.475895
1.474944
1.474377
1.474129
1.473895
1.473349
1.472589
1.471798
1.471414
1.471211
1.471406
1.471062
1.470111
1.468861
1.467290
1.466249
1.465244
1.464719
1.464387
1.463678
1.462739
1.462039
1.461191
1.461475
1.462528
1.464326
1.465703
1.466169
1.465861
1.464927
1.463835
1.462959
1.462318
1.461784
1.460675
1.459524
1.458621
1.458055
1.457511
1.457185
1.456413
1.455305
1.454026
1.452891
1.452084
1.452059
1.451585
1.450324
1.449630
1.449459
1.449827
1.450252
1.450192
1.450387
1.451008
1.451208
1.451228
1.451272
1.451177
1.451019
1.450870
1.450818
1.450847
1.450477
1.450210
1.449796
1.449229
1.449109
1.448984
1.449074
1.449230
1.449372
1.449192
1.449235
1.449217
1.449009
1.449356
1.449125
1.448911
1.448801
1.448626
1.448328
1.448158
1.448138
1.448040
1.448124
1.448473
1.448576
1.448465
1.448375
1.448058
1.447501
1.447340
1.447009
1.446599
1.446357
1.446070
1.445896
1.445638
1.445428
1.445251
1.445045
1.444812
1.444618
1.444305
1.444046
1.443683
1.443497
1.443245
1.443078
1.442651
1.442278
1.441798
1.441716
1.441723
1.441828
1.442694
1.444502
1.446277
1.447591
1.448262
1.448458
1.447832
1.447056
1.445661
1.444465
1.443314
1.442177
1.441264
1.440215
1.439375
1.438310
1.437904
1.438448
1.439445
1.441095
1.442636
1.444357
1.445788
1.447052
1.447404
1.447232
1.446334
1.445256
1.444109
1.442577
1.441184
1.439750
1.438130
1.436617
1.435026
1.433498
1.432076
1.430734
1.429211
1.428047
1.426846
1.425946
1.425205
1.424565
1.424301
1.424093
1.424026
1.423967
1.424181
1.424267
1.424401
1.424279
1.423914
1.423179
1.422262
1.420681
1.418965
1.417102
1.415155
1.413304
1.411540
1.409963
1.408574
1.407336
1.406369
1.405644
1.405055
1.404561
1.404217
1.403727
1.403338
1.402837
1.402281
1.401371
1.400165
1.398685
1.397400
1.395899
1.394301
1.392865
1.390996
1.388983
1.387312
1.385869
1.384549
1.383092
1.381710
1.380525
1.379382
1.377848
1.376240
1.374183
1.372233
1.370177
1.368183
1.366374
1.364330
1.362339
1.360561
1.358556
1.356436
1.354613
1.352347
1.350367
1.348259
1.346143
1.343856
1.341708
1.339596
1.337633
1.335689
1.334034
1.332489
1.330708
1.328972
1.327428
1.325455
1.323400
1.321172
1.319134
1.316878
1.314671
1.312541
1.310241
1.308139
1.306030
1.303845
1.301691
1.299530
1.297324
1.295185
1.293098
1.291016
1.288821
1.286673
1.284626
1.282659
1.280588
1.278525
1.276414
1.274220
1.271986
1.269807
1.267670
1.265537
1.263423
1.261078
1.258900
1.256726
1.254517
1.252257
1.250135
1.247936
1.245819
1.243657
1.241543
1.239391
1.237403
1.235316
1.233087
1.230790
1.228479
1.226464
1.224271
1.222057
1.219882
1.217727
1.215634
1.213462
1.211273
1.209181
1.207056
1.204933
1.203074
1.201032
1.198932
1.196939
1.194892
1.192790
1.190919
1.188961
1.186900
1.184906
1.182794
1.180892
1.178960
1.176999
1.175177
1.173222
1.171263
1.169294
1.167423
1.165656
1.163803
1.162194
1.160676
1.158987
1.157280
1.155532
1.153733
1.152002
1.150316
1.148737
1.146993
1.145344
1.143785
1.142218
1.140822
1.139086
1.137669
1.136156
1.134578
1.133207
1.131794
1.130434
1.129118
1.127746
1.126507
1.125133
1.123854
1.122670
1.121389
1.120131
1.118752
1.117647
1.116344
1.115208
1.114193
1.113028
1.112131
1.111086
1.110202
1.109261
1.108314
1.107343
1.106421
1.105541
1.104612
1.103736
1.102880
1.102053
1.101233
1.100408
1.099685
1.099005
1.098344
1.097629
1.096959
1.096299
1.095629
1.095044
1.094442
1.093850
1.093432
1.092787
1.092228
1.091730
1.091141
1.090598
1.090185
1.089640
1.089216
1.088869
1.088408
1.088016
1.087575
1.087260
1.086967
1.086579
1.086253
1.085906
1.085584
1.085260
1.084849
1.084612
1.084288
1.083935
1.083704
1.083452
1.083189
1.082923
1.082746
1.082499
1.082288
1.082125
1.082064
1.081822
1.081586
1.081390
1.081326
1.081178
1.080941
1.080897
1.080811
1.080441
1.080464
1.080363
1.080153
1.080140
1.080114
1.080028
1.079804
1.079948
1.079930
1.079801
1.079710
1.079763
1.079719
1.079688
1.079684
1.079700
1.079613
1.079635
1.079654
1.079585
1.079604
1.079669
1.079726
1.079674
1.079820
1.079873
1.079961
1.079968
1.080001
1.080029
1.080155
1.080179
1.080309
1.080387
1.080410
1.080430
1.080550
1.080667
1.080775
1.080911
1.081000
1.081085
1.081279
1.081411
1.081508
1.081634
1.081687
1.081782
1.081917
1.082057
1.082110
1.082270
1.082344
1.082424
1.082648
1.082824
1.082887
1.083044
1.083156
1.083332
1.083490
1.083498
1.083650
1.083806
1.083837
1.083905
1.084023
1.084130
1.084302
1.084338
1.084438
1.084638
1.084618
1.084759
1.084875
1.084956
1.084986
1.085097
1.085257
1.085314
1.085293
1.085359
1.085385
1.085531
1.085671
1.085664
1.085732
1.085916
1.086066
1.086135
1.086064
1.086109
1.086308
1.086289
1.086350
1.086470
1.086517
1.086618
1.086691
1.086648
1.086743
1.086794
1.086848
1.087020
1.086925
1.087064
1.087270
1.087248
1.087288
1.087426
1.087381
1.087490
1.087603
1.087554
1.087577
1.087686
1.087680
1.087871
1.087905
1.087938
1.088099
1.088012
1.088168
1.088206
1.088323
1.088419
1.088304
1.088462
1.088516
1.088498
1.088613
1.088729
1.088700
1.088765
1.088804
1.088875
1.088921
1.088962
1.089068
1.089050
1.089091
1.089164
1.089170
1.089224
1.089279
1.089248
1.089306
1.089389
1.089478
1.089513
1.089473
1.089537
1.089577
1.089694
1.089790
1.089720
1.089671
1.089808
1.089860
1.089911
1.089875
1.089827
1.089914
1.089939
1.090033
1.090009
1.090026
1.089937
1.090027
1.090106
1.090109
1.090118
1.090039
1.090076
1.090075
1.090116
1.090218
1.090167
1.090131
1.090080
1.090237
1.090283
1.090247
1.090304
1.090277
1.090326
1.090239
1.090237
1.090299
1.090279
1.090229
1.090322
1.090367
1.090331
1.090341
1.090298
1.090265
1.090241
1.090254
1.090295
1.090295
1.090375
1.090340
1.090301
1.090350
1.090181
1.090194
1.090192
1.090289
1.090291
1.090290
1.090395
1.090346
1.090375
1.090375
1.090341
1.090342
1.090385
1.090355
1.090359
1.090289
1.090389
1.090339
1.090223
1.090272
1.090316
1.090365
1.090319
1.090410
1.090341
1.090355
1.090261
1.090261
1.090258
1.090276
1.090262
1.090261
1.090276
1.090243
1.090233
1.090299
1.090350
1.090352
1.090352
1.090307
1.090329
1.090340
1.090391
1.090375
1.090383
1.090334
1.090398
1.090399
1.090450
1.090495
1.090445
1.090448
1.090463
1.090514
1.090443
1.090460
1.090462
1.090484
1.090552
1.090509
1.090558
1.090561
1.090627
1.090629
1.090593
1.090603
1.090578
1.090670
1.090675
1.090701
1.090680
1.090644
1.090662
1.090762
1.090814
1.090862
1.090828
1.090930
1.090894
1.090898
1.090948
1.090999
1.090951
1.090967
1.090970
1.090982
1.091074
1.091151
1.091126
1.091090
1.091193
1.091193
1.091255
1.091222
1.091238
1.091284
1.091300
1.091251
1.091218
1.091271
1.091371
1.091390
1.091390
1.091445
1.091459
1.091435
1.091588
1.091579
1.091583
1.091615
1.091634
1.091700
1.091705
1.091755
1.091802
1.091756
1.091806
1.091806
1.091860
1.091883
1.091898
1.091898
1.091951
1.091957
1.091982
1.092079
1.092083
1.092167
1.092131
1.092137
1.092162
1.092162
1.092223
1.092274
1.092274
1.092377
1.092410
1.092429
1.092443
1.092495
1.092550
1.092600
1.092628
1.092609
1.092605
1.092656
1.092659
1.092623
1.092678
1.092728
1.092728
1.092783
1.092868
1.092868
1.092922
1.092973
1.092952
1.093052
1.093120
1.093170
1.093171
1.093121
1.093241
1.093216
1.093217
1.093269
1.093269
1.093316
1.093320
1.093390
1.093440
1.093427
1.093514
1.093521
1.093568
1.093568
1.093570
1.093619
1.093619
1.093619
1.093585
1.093637
1.093670
1.093754
1.093754
1.093804
1.093801
1.093900
1.093952
1.093952
1.093952
1.094001
1.093909
1.093882
1.093832
1.093921
1.093971
1.093973
1.094022
1.094019
1.094069
1.094069
1.094171
1.094121
1.094115
1.094066
1.094066
1.094147
1.094147
1.094150
1.094151
1.094201
1.094248
1.094298
1.094298
1.094348
1.094350
1.094364
1.094395
1.094445
1.094435
1.094485
1.094459
1.094459
1.094460
1.094507
1.094507
1.094509
1.094594
1.094596
1.094606
1.094606
1.094611
1.094611
1.094642
1.094691
1.094691
1.094738
1.094740
1.094825
1.094827
1.094872
1.094872
1.094872
1.094861
1.094861
1.094910
1.094960
1.094911
1.094992
1.094988
1.094988
1.095038
1.095015
1.095065
1.095065
1.095065
1.095065
1.095023
1.095018
1.095020
1.095101
1.095101
1.095103
1.095150
1.095146
1.095146
1.095196
1.095246
1.095281
1.095333
1.095383
1.095379
1.095379
1.095379
1.095379
1.095343
1.095350
1.095350
1.095347
1.095381
1.095379
1.095379
1.095361
1.095407
1.095385
1.095385
1.095385
1.095381
1.095431
1.095431
1.095462
1.095417
1.095417
1.095381
1.095381
1.095381
1.095427
1.095427
1.095477
1.095577
1.095577
1.095608
1.095591
1.095641
1.095641
1.095596
1.095598
1.095598
1.095595
1.095593
1.095640
1.095640
1.095725
1.095686
1.095736
1.095786
1.095786
1.095743
1.095693
1.095738
1.095703
1.095752
1.095802
1.095805
1.095840
1.095840
1.095836
1.095834
1.095839
1.095891
1.095891
1.095888
1.095888
1.095860
1.095810
1.095860
1.095860
1.095859
1.095840
1.095795
1.095895
1.095897
1.095897
1.095947
1.095947
1.095944
1.095944
1.095944
1.095944
1.096044
1.095999
1.096034
1.096028
1.096028
1.095978
1.095963
1.095966
1.095966
1.095950
1.096000
1.096002
1.096002
1.096002
1.096002
1.096002
1.095999
1.096034
1.096131
1.096145
1.096145
1.096100
1.096150
1.096100
1.096089
1.096089
1.096138
1.096135
1.096185
1.096183
1.096183
1.096138
1.096138
1.096138
1.096173
1.096173
1.096170
1.096220
1.096220
1.096270
1.096270
1.096226
1.096226
1.096262
1.096262
1.096265
1.096265
1.096262
1.096262
1.096260
1.096260
1.096254
1.096253
1.096338
1.096338
1.096338
1.096338
1.096335
1.096385
1.096382
1.096382
1.096347
1.096303
1.096353
1.096340
1.096390
1.096390
1.096390
1.096390
1.096390
1.096390
1.096390
1.096399
1.096396
1.096396
1.096396
1.096381
1.096381
1.096381
1.096381
1.096381
1.096381
1.096481
1.096481
1.096438
1.096438
1.096438
1.096436
1.096436
1.096474
1.096474
1.096521
1.096521
1.096521
1.096521
1.096429
1.096429
1.096429
1.096422
1.096422
1.096422
1.096472
1.096519
1.096519
1.096519
1.096554
1.096604
1.096604
1.096562
1.096535
1.096538
1.096588
1.096588
1.096588
1.096588
1.096585
1.096585
1.096585
1.096550
1.096550
1.096553
1.096551
1.096551
1.096551
1.096551
1.096551
1.096551
1.096551
1.096549
1.096549
1.096549
1.096549
1.096599
1.096649
1.096649
1.096608
1.096608
1.096608
1.096608
1.096608
1.096558
1.096558
1.096508
1.096608
1.096608
1.096608
1.096693
1.096693
1.096690
1.096690
1.096690
1.096650
1.096650
1.096648
1.096698
1.096698
1.096698
1.096698
1.096698
1.096698
1.096698
1.096698
1.096698
1.096698
1.096698
1.096698
1.096740
1.096740
1.096740
1.096740
1.096751
1.096751
1.096749
1.096799
1.096799
1.096848
1.096848
1.096949
1.097949
1.105296
1.105073
1.114102
1.118932
1.131589
1.138820
1.148541
1.155952
1.163789
1.170049
1.176678
1.181758
1.186328
1.189488
1.191598
1.192974
1.192759
1.191464
1.189845
1.187209
1.184924
1.182168
1.179823
1.177621
1.175128
1.172743
1.170289
1.167641
1.165108
1.162661
1.160515
1.158314
1.156226
1.154341
1.152373
1.150696
1.148823
1.146925
1.145005
1.142999
1.141120
1.139078
1.137039
1.135222
1.133253
1.131253
1.129175
1.127292
1.125178
1.123186
1.119985
1.115449
1.108711
1.100228
1.090077
1.079197
1.068210
1.057097
1.046241
1.035781
1.025349
1.014881
1.004346
0.994212
0.984470
0.975065
0.966828
0.959693
0.953828
0.949071
0.945587
0.943241
0.941881
0.941808
0.942407
0.943145
0.943877
0.944046
0.943282
0.941378
0.938240
0.934027
0.929282
0.924256
0.919802
0.915942
0.912764
0.910263
0.907644
0.904718
0.901492
0.898403
0.895874
0.893763
0.891754
0.890052
0.888224
0.886334
0.884487
0.882547
0.880618
0.878696
0.876719
0.874576
0.872412
0.870377
0.868135
0.866099
0.863890
0.861631
0.859360
0.857001
0.854646
0.852519
0.850569
0.848222
0.846100
0.843888
0.841691
0.839794
0.837665
0.835606
0.833364
0.831087
0.828854
0.826713
0.824531
0.822287
0.819918
0.817724
0.815396
0.813055
0.810940
0.808705
0.806555
0.804205
0.801958
0.799523
0.797230
0.794962
0.792599
0.790313
0.788003
0.785833
0.783563
0.781463
0.779436
0.777256
0.775308
0.773075
0.770781
0.768819
0.766617
0.764529
0.762279
0.760235
0.757937
0.755719
0.753622
0.751519
0.749403
0.747480
0.745341
0.743122
0.741236
0.739210
0.737137
0.735006
0.733064
0.731016
0.729077
0.727226
0.725338
0.723667
0.721847
0.720023
0.718374
0.716945
0.715253
0.713628
0.712430
0.710914
0.709270
0.707856
0.706361
0.704893
0.703543
0.702048
0.700653
0.699434
0.697944
0.696705
0.695308
0.693794
0.692596
0.691192
0.689835
0.688566
0.687224
0.685942
0.684512
0.683279
0.682014
0.680742
0.679461
0.678073
0.676809
0.675561
0.674445
0.673278
0.671990
0.670688
0.669438
0.668126
0.667126
0.665902
0.664551
0.663261
0.662054
0.660834
0.659851
0.658679
0.657431
0.656408
0.655120
0.654067
0.653030
0.652088
0.650997
0.649844
0.648688
0.647562
0.646328
0.645354
0.644137
0.642954
0.642019
0.640778
0.639670
0.638625
0.637411
0.636384
0.635144
0.634124
0.633043
0.631919
0.630715
0.629654
0.628562
0.627547
0.626634
0.625486
0.624472
0.623281
0.622093
0.620982
0.619865
0.618778
0.617844
0.616638
0.615585
0.614462
0.613475
0.612370
0.611259
0.610289
0.609206
0.608065
0.606902
0.605769
0.604808
0.603734
0.602681
0.601586
0.600553
0.599516
0.598672
0.597712
0.596777
0.595732
0.594734
0.593777
0.592784
0.591840
0.590945
0.589872
0.588873
0.587940
0.586933
0.585968
0.585039
0.584122
0.583139
0.582306
0.581368
0.580582
0.579698
0.578883
0.578175
0.577500
0.576555
0.575771
0.574999
0.574310
0.573519
0.572763
0.571730
0.570560
0.569486
0.568452
0.567485
0.566416
0.565272
0.564257
0.563342
0.562310
0.561173
0.560242
0.559164
0.558204
0.557271
0.556332
0.555304
0.554526
0.553628
0.552547
0.551816
0.550960
0.550049
0.549042
0.548136
0.547296
0.546422
0.545521
0.544661
0.543722
0.542863
0.541985
0.541154
0.540162
0.539426
0.538533
0.537802
0.536930
0.536120
0.535186
0.534419
0.533508
0.532720
0.531877
0.531098
0.530240
0.529320
0.528582
0.527733
0.526900
0.525962
0.525221
0.524415
0.523577
0.522712
0.521961
0.521158
0.520350
0.519543
0.518837
0.517955
0.517163
0.516395
0.515596
0.514809
0.514010
0.513117
0.512421
0.511472
0.510817
0.509990
0.509285
0.508545
0.507690
0.506916
0.506163
0.505364
0.504591
0.504114
0.503209
0.502452
0.501734
0.500971
0.500180
0.499357
0.498612
0.497895
0.497130
0.496458
0.495773
0.495007
0.494353
0.493626
0.492824
0.492121
0.491499
0.490793
0.490093
0.489311
0.488755
0.487998
0.487349
0.486708
0.485917
0.485345
0.484633
0.483907
0.483148
0.482518
0.481901
0.481172
0.480635
0.479971
0.479215
0.478588
0.477974
0.477301
0.476669
0.475950
0.475386
0.474720
0.474272
0.473532
0.472942
0.472254
0.471629
0.471037
0.470436
0.469759
0.469243
0.468529
0.467813
0.467329
0.466743
0.466162
0.465557
0.464928
0.464262
0.463626
0.463062
0.462481
0.461896
0.461438
0.460785
0.460116
0.459482
0.458772
0.458362
0.457635
0.457142
0.456409
0.455947
0.455348
0.454580
0.454010
0.453500
0.452874
0.452182
0.451614
0.450960
0.450341
0.449750
0.449122
0.448480
0.447805
0.447234
0.446615
0.446036
0.445291
0.444670
0.444083
0.443345
0.442724
0.442147
0.441533
0.440874
0.440209
0.439543
0.439019
0.438299
0.437405
0.436622
0.435797
0.435128
0.434208
0.433490
0.432569
0.431784
0.431058
0.430316
0.429434
0.428586
0.427769
0.427051
0.426147
0.425479
0.424626
0.423918
0.423195
0.422516
0.421747
0.420954
0.420152
0.419369
0.418519
0.417790
0.416978
0.416108
0.415262
0.414470
0.413625
0.412915
0.412167
0.411476
0.410799
0.410043
0.409247
0.408311
0.407469
0.406640
0.405997
0.405192
0.404375
0.403535
0.402811
0.402027
0.401265
0.400449
0.399636
0.398962
0.398134
0.397415
0.396818
0.395996
0.395345
0.394670
0.393922
0.393083
0.392020
0.391099
0.390160
0.389217
0.388201
0.387335
0.386420
0.385467
0.384549
0.383505
0.382557
0.381604
0.380734
0.379934
0.379003
0.378131
0.377020
0.376171
0.375503
0.374662
0.373791
0.372777
0.371842
0.370773
0.369748
0.368780
0.367827
0.366811
0.365796
0.364852
0.363847
0.362801
0.361714
0.360849
0.359835
0.358778
0.357895
0.356993
0.356124
0.355099
0.354166
0.353324
0.352380
0.351347
0.350403
0.349448
0.348546
0.347532
0.346632
0.345568
0.344675
0.343754
0.342808
0.341846
0.340842
0.340051
0.339031
0.338151
0.337196
0.336239
0.335388
0.334438
0.333531
0.332591
0.331610
0.330772
0.329804
0.328870
0.327926
0.327077
0.326191
0.325290
0.324427
0.323482
0.322666
0.321722
0.320789
0.319953
0.318996
0.318141
0.317149
0.316418
0.315550
0.314704
0.313892
0.313095
0.312152
0.311384
0.310600
0.309759
0.308897
0.308080
0.307271
0.306505
0.305730
0.304994
0.304159
0.303411
0.302710
0.301911
0.301112
0.300476
0.299687
0.298961
0.298378
0.297720
0.297234
0.296586
0.296083
0.295571
0.295032
0.294567
0.293937
0.293423
0.292825
0.292311
0.291751
0.291284
0.290728
0.290127
0.289561
0.288810
0.288162
0.287461
0.286807
0.286133
0.285452
0.284810
0.284129
0.283510
0.282879
0.282276
0.281640
0.281167
0.280559
0.279935
0.279417
0.278811
0.278290
0.277698
0.277142
0.276601
0.276065
0.275509
0.275027
0.274466
0.273979
0.273415
0.272878
0.272434
0.271926
0.271439
0.270892
0.270354
0.269875
0.269371
0.268849
0.268427
0.268004
0.267500
0.267006
0.266519
0.266069
0.265620
0.265156
0.264658
0.264179
0.263692
0.263241
0.262730
0.262293
0.261778
0.261264
0.260774
0.260343
0.259738
0.259295
0.258703
0.258122
0.257723
0.257231
0.256689
0.256228
0.255705
0.255188
0.254724
0.254263
0.253700
0.253253
0.252778
0.252315
0.251842
0.251361
0.250731
0.250126
0.249543
0.248995
0.248360
0.247840
0.247305
0.246823
0.246156
0.245637
0.245043
0.244413
0.243776
0.243179
0.242593
0.242072
0.241315
0.240717
0.240079
0.239491
0.238829
0.238157
0.237547
0.236940
0.236232
0.235639
0.234947
0.234284
0.233667
0.232993
0.232253
0.231604
0.230866
0.230187
0.229489
0.228772
0.227980
0.227333
0.226694
0.225973
0.225171
0.224347
0.223648
0.222803
0.221982
0.221201
0.220358
0.219503
0.218612
0.217697
0.216908
0.216031
0.215167
0.214149
0.213373
0.212574
0.211623
0.210653
0.209720
0.208731
0.207838
0.206730
0.205731
0.204639
0.203702
0.202555
0.201578
0.200516
0.199495
0.198487
0.197412
0.196227
0.195125
0.194009
0.193156
0.192044
0.191019
0.189900
0.188707
0.187588
0.186567
0.185448
0.184410
0.183270
0.182128
0.181020
0.179918
0.178839
0.177816
0.176669
0.175615
0.174453
0.173399
0.172314
0.171352
0.170483
0.169556
0.168628
0.167570
0.166523
0.165474
0.164562
0.163515
0.162466
0.161493
0.160426
0.159537
0.158580
0.157630
0.156773
0.155699
0.154814
0.153845
0.153026
0.152130
0.151284
0.150322
0.149458
0.148567
0.147746
0.146886
0.146003
0.145245
0.144394
0.143599
0.142833
0.142080
0.141291
0.140569
0.139724
0.139019
0.138155
0.137449
0.136698
0.136085
0.135452
0.134785
0.134060
0.133315
0.132539
0.131872
0.131110
0.130409
0.129687
0.128984
0.128273
0.127611
0.126860
0.126182
0.125470
0.124861
0.124124
0.123479
0.122743
0.122087
0.121433
0.120723
0.119929
0.119216
0.118538
0.117887
0.117174
0.116486
0.115786
0.115086
0.114520
0.113771
0.113178
0.112362
0.111774
0.111019
0.110357
0.109596
0.108958
0.108163
0.107416
0.106674
0.106034
0.105309
0.104558
0.103871
0.103187
0.102423
0.101766
0.100968
0.100229
0.099507
0.098836
0.098176
0.097444
0.096744
0.096042
0.095303
0.094647
0.093955
0.093268
0.092580
0.092101
0.091596
0.090940
0.090239
0.089587
0.089012
0.088324
0.087629
0.086982
0.086387
0.085758
0.085138
0.084566
0.084003
0.083315
0.082747
0.082201
0.081584
0.080989
0.080385
0.079861
0.079241
0.078691
0.078085
0.077594
0.077033
0.076458
0.075990
0.075389
0.074923
0.074395
0.073790
0.073294
0.072829
0.072370
0.071822
0.071327
0.070823
0.070366
0.069954
0.069480
0.069010
0.068566
0.068085
0.067683
0.067179
0.066742
0.066342
0.065899
0.065572
0.065109
0.064706
0.064284
0.063890
0.063492
0.063085
0.062748
0.062268
0.061885
0.061529
0.061230
0.060876
0.060459
0.060152
0.059780
0.059469
0.059071
0.058793
0.058502
0.058250
0.057967
0.057685
0.057334
0.057077
0.056768
0.056384
0.056174
0.055894
0.055602
0.055313
0.055003
0.054821
0.054516
0.054289
0.054014
0.053777
0.053535
0.053204
0.052966
0.052698
0.052511
0.052250
0.052017
0.051717
0.051501
0.051286
0.051118
0.050929
0.050757
0.050540
0.050274
0.050043
0.049922
0.049708
0.049462
0.049216
0.049030
0.048853
0.048697
0.048601
0.048485
0.048360
0.048175
0.048000
0.047853
0.047588
0.047489
0.047341
0.047158
0.046908
0.046751
0.046581
0.046496
0.046394
0.046252
0.046083
0.045956
0.045862
0.045752
0.045582
0.045491
0.045343
0.045195
0.045107
0.044903
0.044716
0.044678
0.044543
0.044498
0.044336
0.044189
0.044129
0.044036
0.043990
0.043844
0.043725
0.043580
0.043488
0.043358
0.043297
0.043124
0.043037
0.042970
0.042934
0.042728
0.042699
0.042660
0.042548
0.042439
0.042318
0.042177
0.042116
0.042050
0.041952
0.041895
0.041789
0.041744
0.041642
0.041565
0.041551
0.041490
0.041437
0.041331
0.041259
0.041168
0.041111
0.040961
0.040932
0.040851
0.040779
0.040737
0.040682
0.040662
0.040610
0.040516
0.040474
0.040432
0.040240
0.040240
0.040104
0.040047
0.040040
0.039896
0.039883
0.039811
0.039724
0.039682
0.039709
0.039586
0.039556
0.039556
0.039414
0.039350
0.039263
0.039251
0.039136
0.039091
0.038999
0.038952
0.038889
0.038922
0.038911
0.038867
0.038774
0.038757
0.038690
0.038645
0.038562
0.038562
0.038513
0.038421
0.038372
0.038372
0.038352
0.038335
0.038239
0.038189
0.038161
0.037991
0.037989
0.037943
0.037922
0.037893
0.037835
0.037831
0.037754
0.037705
0.037701
0.037686
0.037653
0.037604
0.037610
0.037523
0.037478
0.037502
0.037479
0.037389
0.037356
0.037242
0.037242
0.037170
0.037242
0.037193
0.037203
0.037113
0.037075
0.037062
0.037000
0.036996
0.036996
0.036907
0.036822
0.036822
0.036776
0.036795
0.036748
0.036748
0.036674
0.036630
0.036592
0.036594
0.036548
0.036461
0.036434
0.036348
0.036348
0.036348
0.036356
0.036330
0.036283
0.036283
0.036294
0.036210
0.036168
0.036091
0.036096
0.036085
0.036058
0.036013
0.035991
0.035905
0.035895
0.035850
0.035860
0.035815
0.035816
0.035779
0.035686
0.035676
0.035631
0.035641
0.035594
0.035594
0.035547
0.035494
0.035451
0.035477
0.035488
0.035422
0.035385
0.035354
0.035311
0.035301
0.035200
0.035255
0.035200
0.035179
0.035137
0.035137
0.035137
0.035137
0.035151
0.035105
0.034997
0.034966
0.034892
0.034866
0.034829
0.034788
0.034825
0.034784
0.034784
0.034784
0.034740
0.034757
0.034757
0.034668
0.034668
0.034623
0.034584
0.034555
0.034544
0.034427
0.034419
0.034380
0.034380
0.034380
0.034384
0.034405
0.034361
0.034324
0.034286
0.034286
0.034255
0.034145
0.034143
0.034143
0.034103
0.034140
0.034071
0.034033
0.034060
0.034084
0.034047
0.034049
0.033981
0.033946
0.033877
0.033839
0.033865
0.033825
0.033793
0.033793
0.033794
0.033758
0.033711
0.033670
0.033708
0.033672
0.033672
0.033672
0.033634
0.033536
0.033566
0.033532
0.033532
0.033453
0.033453
0.033436
0.033436
0.033440
0.033401
0.033401
0.033373
0.033338
0.033338
0.033372
0.033265
0.033265
0.033230
0.033230
0.033230
0.033230
0.033204
0.033204
0.033204
0.033156
0.033190
0.033124
0.033124
0.033124
0.033089
0.033051
0.033000
0.032970
0.032970
0.032970
0.033008
0.032973
0.032940
0.032947
0.032981
0.032981
0.032981
0.032913
0.032913
0.032878
0.032845
0.032885
0.032885
0.032885
0.032815
0.032815
0.032789
0.032833
0.032874
0.032874
0.032807
0.032807
0.032783
0.032783
0.032783
0.032749
0.032791
0.032722
0.032638
0.032638
0.032672
0.032670
0.032670
0.032670
0.032679
0.032626
0.032626
0.032626
0.032600
0.032600
0.032591
0.032585
0.032592
0.032592
0.032560
0.032602
0.032602
0.032602
0.032602
0.032472
0.032553
0.032527
0.032531
0.032562
0.032562
0.032530
0.032449
0.032479
0.032567
0.032571
0.032535
0.032535
0.032535
0.032478
0.032452
0.032488
0.032488
0.032501
0.032501
0.032501
0.032488
0.032465
0.032491
0.032491
0.032461
0.032461
0.032470
0.032444
0.032394
0.032426
0.032462
0.032462
0.032462
0.032462
0.032472
0.032399
0.032438
0.032427
0.032427
0.032484
0.032458
0.032420
0.032451
0.032400
0.032408
0.032444
0.032486
0.032529
0.032529
0.032567
0.032499
0.032492
0.032463
0.032463
0.032463
0.032463
0.032455
0.032455
0.032450
0.032450
0.032450
0.032422
0.032430
0.032469
0.032438
0.032438
0.032442
0.032442
0.032442
0.032473
0.032473
0.032475
0.032475
0.032475
0.032438
0.032438
0.032472
0.032472
0.032461
0.032429
0.032429
0.032444
0.032475
0.032473
0.032473
0.032473
0.032473
0.032473
0.032473
0.032473
0.032473
0.032473
0.032438
0.032438
0.032438
0.032507
0.032507
0.032507
0.032507
0.032472
0.032522
0.032522
0.032487
0.032487
0.032522
0.032522
0.032522
0.032565
0.032599
0.032601
0.032601
0.032559
0.032559
0.032559
0.032524
0.032524
0.032524
0.032573
0.032576
0.032576
0.032619
0.032653
0.032653
0.032617
0.032619
0.032619
0.032577
0.032617
0.032583
0.032583
0.032583
0.032583
0.032631
0.032641
0.032641
0.032675
0.032617
0.032617
0.032631
0.032631
0.032631
0.032588
0.032624
0.032590
0.032615
0.032615
0.032658
0.032624
0.032658
0.032709
0.032709
0.032709
0.032709
0.032679
0.032679
0.032678
0.032635
0.032671
0.032714
0.032714
0.032714
0.032723
0.032726
0.032726
0.032726
0.032726
0.032726
0.032687
0.032687
0.032697
0.032697
0.032697
0.032669
0.032669
0.032669
0.032708
0.032708
0.032726
0.032726
0.032726
0.032726
0.032726
0.032688
0.032688
0.032661
0.032661
0.032673
0.032687
0.032687
0.032725
0.032725
0.032725
0.032725
0.032725
0.032702
0.032702
0.032702
0.032664
0.032664
0.032664
0.032664
0.032664
0.032717
0.032717
0.032717
0.032717
0.032717
0.032717
0.032717
0.032717
0.032733
0.032733
0.032661
0.032661
0.032661
0.032661
0.032661
0.032687
0.032687
0.032704
0.032704
0.032704
0.032704
0.032704
0.032633
0.032633
0.032633
0.032633
0.032651
0.032651
0.032651
0.032651
0.032677
0.032632
0.032632
0.032607
0.032607
0.032582
0.032602
0.032602
0.032602
0.032558
0.032558
0.032558
0.032558
0.032558
0.032558
0.032558
0.032526
0.032512
0.032512
0.032512
0.032512
0.032547
0.032504
0.032504
0.032535
0.032535
0.032504
0.032504
0.032461
0.032461
0.032450
0.032450
0.032450
0.032450
0.032408
0.032378
0.032444
0.032444
0.032444
0.032444
0.032403
0.032371
0.032397
0.032362
0.032362
0.032362
0.032321
0.032321
0.032287
0.032318
0.032353
0.032353
0.032313
0.032313
0.032341
0.032310
0.032310
0.032235
0.032235
0.032235
0.032235
0.032235
0.032243
0.032204
0.032235
0.032270
0.032270
0.032270
0.032270
0.032233
0.032166
0.032205
0.032177
0.032177
0.032209
0.032134
0.032165
0.032140
0.032140
0.032140
0.032140
0.032105
0.032105
0.032163
0.032171
0.032171
0.032171
0.032137
0.032137
0.032203
0.032139
0.032104
0.032139
0.032107
0.032107
0.032072
0.032072
0.032111
0.032111
0.032111
0.032117
0.032152
0.032186
0.032186
0.032148
0.032113
0.032083
0.032083
0.032083
0.032121
0.032121
0.032160
0.032097
0.032131
0.032131
0.032166
0.032145
0.032185
0.032185
0.032084
0.032084
0.032084
0.032084
0.032084
0.032123
0.032123
0.032109
0.032109
0.032144
0.032144
0.032144
0.032144
0.032099
0.032099
0.032068
0.032068
0.032068
0.032068
0.032106
0.032084
0.032084
0.032084
0.032163
0.032163
0.032163
0.032163
0.032142
0.032142
0.032107
0.032107
0.032151
0.032151
0.032151
0.032151
0.032132
0.032132
0.032167
0.032167
0.032212
0.032212
0.032212
0.032195
0.032135
0.032135
0.032135
0.032135
0.032135
0.032205
0.032189
0.032225
0.032225
0.032225
0.032190
0.032190
0.032165
0.032200
0.032197
0.032197
0.032197
0.032197
0.032197
0.032197
0.032221
0.032260
0.032260
0.032272
0.032272
0.032248
0.032248
0.032283
0.032283
0.032236
0.032236
0.032236
0.032236
0.032236
0.032284
0.032319
0.032274
0.032274
0.032274
0.032274
0.032274
0.032274
0.032309
0.032274
0.032235
0.032235
0.032235
0.032235
0.032235
0.032236
0.032236
0.032210
0.032210
0.032174
0.032174
0.032174
0.032174
0.032174
0.032174
0.032168
0.032168
0.032168
0.032203
0.032168
0.032168
0.032168
0.032163
0.032163
0.032163
0.032163
0.032163
0.032194
0.032194
0.032194
0.032159
0.032159
0.032159
0.032159
0.032159
0.032133
0.032133
0.032133
0.032131
0.032162
0.032210
0.032210
0.032210
0.032210
0.032210
0.032179
0.032179
0.032178
0.032217
0.032217
0.032178
0.032178
0.032178
0.032210
0.032186
0.032186
0.032186
0.032186
0.032186
0.032179
0.032179
0.032217
0.032190
0.032191
0.032191
0.032153
0.032233
0.032209
0.032209
0.032209
0.032209
0.032209
0.032212
0.032212
0.032243
0.032243
0.032243
0.032243
0.032243
0.032219
0.032216
0.032264
0.032264
0.032264
0.032264
0.032264
0.032264
0.032264
0.032308
0.032277
0.032277
0.032277
0.032277
0.032308
0.032270
0.032270
0.032276
0.032276
0.032324
0.032324
0.032308
0.032346
0.032346
0.032346
0.032354
0.032354
0.032354
0.032354
0.032354
0.032315
0.032315
0.032315
0.032324
0.032324
0.032324
0.032362
0.032362
0.032362
0.032362
0.032362
0.032413
0.032413
0.032461
0.032423
0.032423
0.032423
0.032423
0.032423
0.032472
0.032472
0.032472
0.032472
0.032472
0.032472
0.032472
0.032472
0.032483
0.032483
0.032445
0.032445
0.032445
0.032445
0.032483
0.032483
0.032496
0.032540
0.032540
0.032458
0.032414
0.032414
0.032414
0.032449
0.032463
0.032463
0.032463
0.032463
0.032463
0.032463
0.032463
