1.534704
1.366902
1.209655
1.099011
1.036961
1.010391
1.002745
1.003475
1.004177
1.003825
1.002984
1.001771
1.000432
0.999269
0.998130
0.997078
0.995948
0.994462
0.993153
0.991619
0.990333
0.988852
0.987242
0.985732
0.984149
0.982760
0.981118
0.979237
0.977645
0.976245
0.975238
0.974259
0.973543
0.972953
0.972442
0.971841
0.971226
0.970705
0.969890
0.969116
0.968418
0.967541
0.966523
0.965119
0.963536
0.961420
0.959373
0.957279
0.954935
0.952766
0.950752
0.948510
0.946467
0.944228
0.942057
0.939919
0.937775
0.935327
0.933184
0.930882
0.928673
0.926420
0.924396
0.922198
0.920109
0.917810
0.915632
0.913237
0.910905
0.908505
0.906267
0.904016
0.901996
0.899607
0.897755
0.895630
0.893432
0.891434
0.889095
0.886866
0.884620
0.882427
0.880099
0.877764
0.875382
0.873141
0.870955
0.868523
0.866417
0.864031
0.861621
0.859350
0.856725
0.854296
0.852068
0.849669
0.847330
0.844776
0.842319
0.839752
0.837238
0.834645
0.832159
0.829611
0.827026
0.824299
0.821621
0.819078
0.816310
0.813639
0.811013
0.808283
0.805530
0.803114
0.800425
0.797940
0.795369
0.792775
0.790135
0.787474
0.785166
0.782764
0.780293
0.777577
0.775185
0.772552
0.770103
0.767376
0.764968
0.762447
0.759781
0.757246
0.754456
0.751850
0.749113
0.746249
0.743664
0.740925
0.738339
0.735511
0.733191
0.730627
0.727996
0.725168
0.722737
0.720248
0.717651
0.715187
0.712488
0.709938
0.707358
0.704870
0.702401
0.699957
0.697522
0.694910
0.692301
0.689764
0.687194
0.684662
0.681986
0.679464
0.676700
0.674252
0.671634
0.669239
0.666766
0.664372
0.661958
0.659608
0.657428
0.655190
0.652840
0.650531
0.648047
0.645583
0.643260
0.640852
0.638175
0.635868
0.633663
0.631343
0.629032
0.626744
0.624466
0.622274
0.620331
0.617978
0.616037
0.613948
0.611792
0.609705
0.607545
0.605505
0.603276
0.601298
0.599119
0.597099
0.595034
0.592996
0.590963
0.589113
0.587033
0.585040
0.582862
0.580935
0.578790
0.576695
0.574760
0.572763
0.570694
0.568986
0.566774
0.564742
0.562802
0.560766
0.558806
0.556793
0.554712
0.552736
0.550844
0.548915
0.546956
0.544891
0.542926
0.540996
0.539043
0.537275
0.535271
0.533308
0.531447
0.529462
0.527609
0.525716
0.523877
0.521890
0.520127
0.518204
0.516273
0.514478
0.512429
0.510365
0.508335
0.506054
0.504085
0.502156
0.500161
0.498079
0.495869
0.494047
0.492079
0.489920
0.488005
0.485860
0.483608
0.481835
0.479685
0.477466
0.475844
0.473554
0.471452
0.469122
0.466869
0.464790
0.462352
0.460053
0.457933
0.455768
0.453968
0.452092
0.450536
0.448868
0.447341
0.445730
0.444065
0.442462
0.440446
0.438449
0.436375
0.434379
0.432615
0.430439
0.428521
0.426687
0.424538
0.422508
0.420501
0.418274
0.416136
0.414163
0.411917
0.409647
0.407403
0.405362
0.403124
0.400802
0.398384
0.396136
0.394131
0.391837
0.389558
0.387406
0.385471
0.383259
0.380971
0.378899
0.376524
0.374224
0.371968
0.369681
0.367473
0.365274
0.362913
0.360798
0.358669
0.356427
0.354242
0.351944
0.349741
0.347588
0.345375
0.343294
0.341179
0.338716
0.336674
0.334405
0.332320
0.330496
0.328494
0.326121
0.324128
0.322157
0.320228
0.318093
0.316101
0.314005
0.311911
0.309784
0.307744
0.305540
0.303676
0.301410
0.299360
0.297267
0.295263
0.293201
0.291123
0.289096
0.287140
0.285146
0.283098
0.281145
0.279225
0.277269
0.275207
0.273364
0.271318
0.269418
0.267479
0.265550
0.263680
0.261895
0.260096
0.258271
0.256476
0.254868
0.253219
0.251445
0.249786
0.248184
0.246556
0.244910
0.243231
0.241668
0.239876
0.238302
0.236738
0.235178
0.233644
0.232100
0.230568
0.229147
0.227822
0.226210
0.224823
0.223465
0.221983
0.220581
0.219052
0.217684
0.216346
0.214901
0.213540
0.212189
0.210836
0.209446
0.208095
0.206826
0.205484
0.204157
0.202819
0.201490
0.200166
0.198973
0.197795
0.196509
0.195189
0.194089
0.192849
0.191679
0.190360
0.189152
0.187954
0.186680
0.185523
0.184345
0.182997
0.181822
0.180666
0.179610
0.178524
0.177318
0.176256
0.175164
0.173926
0.172976
0.171895
0.170762
0.169846
0.168860
0.167755
0.166734
0.165585
0.164500
0.163577
0.162485
0.161514
0.160609
0.159585
0.158515
0.157550
0.156504
0.155391
0.154306
0.153188
0.152317
0.151303
0.150414
0.149346
0.148463
0.147429
0.146485
0.145528
0.144586
0.143439
0.142484
0.141623
0.140780
0.139848
0.138915
0.138045
0.137085
0.136215
0.135306
0.134450
0.133628
0.132759
0.131783
0.130969
0.130084
0.129221
0.128349
0.127402
0.126547
0.125742
0.124891
0.124125
0.123308
0.122461
0.121612
0.120899
0.120012
0.119353
0.118519
0.117786
0.116969
0.116295
0.115420
0.114625
0.113932
0.113084
0.112359
0.111617
0.110790
0.110028
0.109407
0.108578
0.107771
0.107148
0.106497
0.105584
0.104939
0.104162
0.103571
0.102850
0.102068
0.101468
0.100686
0.099977
0.099113
0.098432
0.097693
0.097173
0.096478
0.095709
0.095002
0.094332
0.093745
0.092999
0.092367
0.091727
0.091082
0.090385
0.089740
0.089168
0.088567
0.087782
0.087297
0.086570
0.085992
0.085339
0.084610
0.083966
0.083426
0.082788
0.082091
0.081501
0.080959
0.080285
0.079763
0.079112
0.078703
0.078069
0.077424
0.076970
0.076359
0.075710
0.075292
0.074737
0.074056
0.073591
0.073073
0.072507
0.072069
0.071338
0.070877
0.070390
0.069833
0.069354
0.068938
0.068364
0.067974
0.067448
0.066976
0.066500
0.066071
0.065651
0.065188
0.064801
0.064384
0.063872
0.063411
0.063009
0.062546
0.062127
0.061712
0.061367
0.060861
0.060463
0.060144
0.059711
0.059346
0.059050
0.058753
0.058203
0.057901
0.057692
0.057272
0.056871
0.056656
0.056289
0.055920
0.055658
0.055295
0.055004
0.054573
0.054268
0.054019
0.053646
0.053400
0.053072
0.052815
0.052521
0.052228
0.051876
0.051692
0.051469
0.051214
0.050919
0.050612
0.050384
0.050182
0.049958
0.049620
0.049444
0.049319
0.049017
0.048776
0.048509
0.048348
0.048136
0.047857
0.047607
0.047437
0.047224
0.046994
0.046715
0.046571
0.046459
0.046159
0.046069
0.045776
0.045693
0.045610
0.045395
0.045166
0.044938
0.044835
0.044627
0.044500
0.044361
0.044127
0.043981
0.043826
0.043663
0.043541
0.043379
0.043203
0.043072
0.042921
0.042781
0.042610
0.042503
0.042427
0.042322
0.042217
0.042040
0.041861
0.041754
0.041731
0.041631
0.041447
0.041318
0.041324
0.041150
0.041003
0.040935
0.040840
0.040784
0.040618
0.040585
0.040438
0.040330
0.040141
0.040125
0.039954
0.039846
0.039777
0.039731
0.039599
0.039645
0.039417
0.039417
0.039306
0.039279
0.039102
0.039122
0.039047
0.038896
0.038801
0.038760
0.038675
0.038470
0.038370
0.038340
0.038305
0.038209
0.038120
0.038047
0.037997
0.037894
0.037898
0.037825
0.037704
0.037680
0.037579
0.037413
0.037362
0.037319
0.037279
0.037272
0.037249
0.037212
0.037067
0.037019
0.036975
0.036914
0.036871
0.036795
0.036715
0.036650
0.036556
0.036473
0.036507
0.036496
0.036453
0.036414
0.036365
0.036299
0.036288
0.036231
0.036149
0.036149
0.036098
0.036115
0.036026
0.036026
0.035868
0.035845
0.035795
0.035805
0.035811
0.035738
0.035765
0.035772
0.035691
0.035730
0.035657
0.035625
0.035538
0.035535
0.035504
0.035517
0.035528
0.035447
0.035406
0.035393
0.035406
0.035326
0.035302
0.035228
0.035245
0.035207
0.035160
0.035119
0.035081
0.035027
0.035027
0.034948
0.034935
0.034942
0.034905
0.034905
0.034824
0.034824
0.034824
0.034841
0.034834
0.034788
0.034748
0.034672
0.034651
0.034684
0.034577
0.034511
0.034449
0.034384
0.034391
0.034391
0.034385
0.034341
0.034375
0.034320
0.034272
0.034280
0.034278
0.034242
0.034227
0.034196
0.034157
0.034077
0.034033
0.034033
0.034055
0.034055
0.034020
0.034019
0.034019
0.033905
0.033851
0.033888
0.033811
0.033811
0.033811
0.033844
0.033900
0.033901
0.033858
0.033840
0.033800
0.033714
0.033675
0.033643
0.033643
0.033677
0.033635
0.033600
0.033570
0.033560
0.033568
0.033573
0.033542
0.033514
0.033449
0.033449
0.033457
0.033457
0.033466
0.033466
0.033476
0.033476
0.033407
0.033407
0.033435
0.033410
0.033410
0.033321
0.033370
0.033407
0.033366
0.033366
0.033333
0.033375
0.033337
0.033337
0.033337
0.033262
0.033195
0.033178
0.033178
0.033138
0.033151
0.033136
0.033128
0.033128
0.033094
0.033065
0.033065
0.033102
0.033058
0.033057
0.033057
0.033057
0.032998
0.032942
0.032926
0.032914
0.032907
0.032907
0.032869
0.032864
0.032833
0.032792
0.032789
0.032753
0.032750
0.032711
0.032711
0.032673
0.032673
0.032711
0.032710
0.032710
0.032674
0.032642
0.032642
0.032650
0.032614
0.032580
0.032544
0.032544
0.032544
0.032544
0.032544
0.032512
0.032477
0.032477
0.032467
0.032467
0.032435
0.032365
0.032326
0.032330
0.032290
0.032255
0.032255
0.032187
0.032187
0.032187
0.032187
0.032196
0.032156
0.032167
0.032173
0.032180
0.032180
0.032126
0.032102
0.032079
0.032079
0.032089
0.032089
0.032031
0.031991
0.031991
0.031968
0.031968
0.031968
0.031948
0.031948
0.031982
0.031986
0.031949
0.031930
0.031930
0.031930
0.031930
0.031956
0.031956
0.031888
0.031888
0.031888
0.031869
0.031803
0.031803
0.031772
0.031744
0.031744
0.031712
0.031712
0.031682
0.031652
0.031652
0.031612
0.031502
0.031493
0.031477
0.031440
0.031402
0.031438
0.031393
0.031389
0.031389
0.031356
0.031353
0.031424
0.031422
0.031382
0.031382
0.031280
0.031252
0.031282
0.031281
0.031249
0.031249
0.031215
0.031198
0.031198
0.031197
0.031157
0.031157
0.031126
0.031159
0.031132
0.031132
0.031062
0.031057
0.031057
0.031025
0.031025
0.030999
0.030948
0.030948
0.030948
0.030948
0.030948
0.030948
0.030948
0.030892
0.030892
0.030892
0.030831
0.030835
0.030835
0.030816
0.030823
0.030798
0.030806
0.030814
0.030823
0.030823
0.030833
0.030799
0.030779
0.030755
0.030682
0.030652
0.030652
0.030622
0.030633
0.030633
0.030667
0.030667
0.030643
0.030656
0.030656
0.030656
0.030623
0.030623
0.030623
0.030541
0.030511
0.030489
0.030502
0.030502
0.030502
0.030502
0.030502
0.030502
0.030502
0.030502
0.030502
0.030542
0.030521
0.030521
0.030410
0.030400
0.030354
0.030347
0.030339
0.030300
0.030294
0.030289
0.030289
0.030296
0.030292
0.030215
0.030212
0.030194
0.030164
0.030163
0.030089
0.030089
0.030088
0.030088
0.030088
0.030055
0.030035
0.030035
0.030005
0.029966
0.029966
0.029966
0.029966
0.029966
0.029966
0.029966
0.029966
0.029966
0.029966
0.029923
0.029905
0.029905
0.029905
0.029905
0.029905
0.029866
0.029866
0.029866
0.029866
0.029866
0.029866
0.029875
0.029879
0.029889
0.029895
0.029871
0.029854
0.029862
0.029810
0.029750
0.029781
0.029791
0.029791
0.029801
0.029758
0.029758
0.029756
0.029756
0.029725
0.029779
0.029779
0.029779
0.029788
0.029750
0.029746
0.029746
0.029746
0.029709
0.029709
0.029709
0.029709
0.029709
0.029709
0.029723
0.029723
0.029723
0.029760
0.029721
0.029721
0.029721
0.029721
0.029721
0.029684
0.029686
0.029654
0.029585
0.029576
0.029560
0.029537
0.029568
0.029524
0.029480
0.029444
0.029482
0.029478
0.029474
0.029437
0.029397
0.029397
0.029365
0.029395
0.029395
0.029395
0.029402
0.029402
0.029343
0.029337
0.029374
0.029334
0.029374
0.029337
0.029337
0.029337
0.029337
0.029227
0.029227
0.029215
0.029252
0.029253
0.029220
0.029224
0.029224
0.029263
0.029327
0.029290
0.029290
0.029290
0.029290
0.029290
0.029258
0.029222
0.029230
0.029201
0.029211
0.029180
0.029187
0.029187
0.029232
0.029236
0.029213
0.029213
0.029223
0.029223
0.029234
0.029234
0.029238
0.029249
0.029249
0.029173
0.029185
0.029185
0.029185
0.029186
0.029219
0.029231
0.029206
0.029196
0.029196
0.029163
0.029201
0.029134
0.029134
0.029134
0.029147
0.029113
0.029113
0.029075
0.029060
0.029060
0.029031
0.029031
0.029031
0.029031
0.029068
0.029036
0.028998
0.028929
0.028953
0.028937
0.028973
0.028930
0.028930
0.028924
0.028919
0.028919
0.028915
0.028879
0.028917
0.028914
0.028914
0.028914
0.028875
0.028835
0.028875
0.028836
0.028836
0.028836
0.028836
0.028836
0.028836
0.028796
0.028796
0.028833
0.028833
0.028833
0.028839
0.028839
0.028802
0.028802
0.028802
0.028802
0.028765
0.028765
0.028765
0.028757
0.028757
0.028771
0.028771
0.028771
0.028771
0.028771
0.028733
0.028742
0.028746
0.028757
0.028763
0.028770
0.028770
0.028777
0.028786
0.028832
0.028832
0.028776
0.028776
0.028787
0.028745
0.028745
0.028756
0.028756
0.028756
0.028768
0.028768
0.028783
0.028783
0.028783
0.028832
0.028832
0.028795
0.028795
0.028795
0.028795
0.028758
0.028758
0.028758
0.028771
0.028771
0.028771
0.028771
0.028771
0.028771
0.028771
0.028737
0.028737
0.028737
0.028737
0.028737
0.028737
0.028669
0.028660
0.028644
0.028637
0.028631
0.028631
0.028625
0.028620
0.028620
0.028616
0.028613
0.028576
0.028574
0.028574
0.028574
0.028572
0.028572
0.028572
0.028571
0.028571
0.028571
0.028571
0.028571
0.028570
0.028570
0.028540
0.028540
0.028518
0.028518
0.028518
0.028549
0.028549
0.028549
0.028516
0.028516
0.028479
0.028473
0.028473
0.028473
0.028473
0.028442
0.028442
0.028442
0.028442
0.028442
0.028451
0.028455
0.028496
0.028548
0.028555
0.028555
0.028562
0.028571
0.028571
0.028580
0.028524
0.028524
0.028535
0.028535
0.028535
0.028546
0.028546
0.028546
0.028558
0.028589
0.028589
0.028589
0.028589
0.028601
0.028601
0.028570
0.028570
0.028570
0.028570
0.028570
0.028542
0.028506
0.028506
0.028519
0.028519
0.028519
0.028547
0.028547
0.028547
0.028547
0.028547
0.028547
0.028519
0.028519
0.028519
0.028519
0.028450
0.028441
0.028425
0.028418
0.028412
0.028412
0.028445
0.028441
0.028437
0.028437
0.028433
0.028394
0.028392
0.028392
0.028392
0.028390
0.028390
0.028390
0.028389
0.028389
0.028355
0.028394
0.028394
0.028394
0.028394
0.028394
0.028394
0.028394
0.028355
0.028355
0.028355
0.028355
0.028355
0.028322
0.028286
0.028286
0.028325
0.028325
0.028325
0.028325
0.028320
0.028320
0.028331
0.028331
0.028292
0.028301
0.028301
0.028311
0.028318
0.028325
0.028325
0.028332
0.028379
0.028379
0.028389
0.028398
0.028398
0.028409
0.028409
0.028409
0.028420
0.028381
0.028381
0.028393
0.028393
0.028393
0.028393
0.028432
0.028444
0.028444
0.028444
0.028444
0.028444
0.028444
0.028444
0.028444
0.028444
0.028444
0.028418
0.028418
0.028418
0.028418
0.142504
0.142543
0.142508
0.142508
0.142508
0.142541
0.142506
0.142506
0.142437
0.142428
0.142342
0.142195
0.142014
0.141839
0.141662
0.141483
0.141266
0.141088
0.140842
0.140669
0.140526
0.140354
0.140181
0.140008
0.139836
0.139699
0.139527
0.139324
0.139153
0.138983
0.138813
0.138643
0.138474
0.138305
0.138187
0.138019
0.137884
0.137717
0.137549
0.137382
0.137248
0.137083
0.136983
0.136883
0.136750
0.136612
0.136475
0.136376
0.136314
0.136314
0.136213
0.136147
0.135836
0.135556
0.135174
0.134875
0.134474
0.134101
0.133705
0.133399
0.132994
0.132711
0.132467
0.132094
0.131730
0.131381
0.131022
0.130763
0.130394
0.130064
0.129724
0.129429
0.129069
0.128664
0.128296
0.127914
0.127591
0.127242
0.126923
0.126603
0.126205
0.125867
0.125710
0.125481
0.125158
0.124873
0.124593
0.124291
0.123992
0.123767
0.123662
0.123525
0.123361
0.123267
0.123048
0.122912
0.122789
0.122693
0.122583
0.122341
0.122180
0.122091
0.122002
0.121906
0.121855
0.121835
0.121740
0.121661
0.121704
0.121656
0.121625
0.121442
0.121317
0.121313
0.121281
0.121228
0.121132
0.121043
0.121049
0.121051
0.120990
0.120958
0.120807
0.120769
0.120694
0.120678
0.120593
0.120607
0.120510
0.120470
0.120348
0.120355
0.120135
0.120101
0.119960
0.119854
0.119844
0.119673
0.119567
0.119425
0.119538
0.119501
0.119280
0.119191
0.119083
0.118953
0.118879
0.118724
0.118690
0.118469
0.118379
0.118275
0.118227
0.118132
0.118016
0.117886
0.117628
0.117542
0.117213
0.116903
0.116513
0.116172
0.115775
0.115482
0.115062
0.114710
0.114258
0.113886
0.113551
0.113073
0.112834
0.112465
0.112082
0.111677
0.111386
0.110946
0.110594
0.110275
0.109968
0.109621
0.109305
0.108889
0.108495
0.108173
0.107839
0.107530
0.107215
0.106792
0.106437
0.106224
0.105810
0.105446
0.105203
0.104814
0.104509
0.104259
0.103821
0.103648
0.103299
0.103000
0.102739
0.102459
0.102129
0.101805
0.101602
0.101275
0.100973
0.100711
0.100424
0.100261
0.100068
0.099730
0.099480
0.099217
0.098956
0.098750
0.098456
0.098203
0.097983
0.097860
0.097635
0.097394
0.097155
0.097001
0.096853
0.096681
0.096513
0.096258
0.096005
0.095799
0.095648
0.095514
0.095291
0.095106
0.094789
0.094664
0.094394
0.094312
0.094132
0.093917
0.093739
0.093473
0.093421
0.093333
0.093338
0.093375
0.093357
0.093370
0.093395
0.093366
0.093449
0.093486
0.093532
0.093547
0.093537
0.093496
0.093314
0.093150
0.092986
0.092775
0.092604
0.092426
0.092183
0.091966
0.091793
0.091649
0.091439
0.091216
0.091030
0.090835
0.090673
0.090509
0.090333
0.090099
0.089905
0.089664
0.089423
0.089195
0.089024
0.088808
0.088448
0.088380
0.088115
0.087787
0.087594
0.087461
0.087207
0.086993
0.086726
0.086536
0.086297
0.086085
0.085823
0.085645
0.085445
0.085170
0.084986
0.084768
0.084610
0.084327
0.084166
0.083957
0.083709
0.083472
0.083245
0.083004
0.082747
0.082499
0.082268
0.082083
0.081905
0.081688
0.081449
0.081202
0.080960
0.080747
0.080568
0.080278
0.080030
0.079859
0.079576
0.079422
0.079221
0.078931
0.078713
0.078508
0.078278
0.078064
0.077855
0.077567
0.077328
0.077160
0.076960
0.076748
0.076507
0.076255
0.076037
0.075755
0.075537
0.075325
0.075108
0.074836
0.074685
0.074402
0.074202
0.073888
0.073638
0.073319
0.073155
0.072977
0.072765
0.072476
0.072235
0.071952
0.071771
0.071553
0.071427
0.071145
0.071031
0.070787
0.070565
0.070317
0.070030
0.069784
0.069594
0.069420
0.069131
0.068919
0.068636
0.068390
0.068117
0.067764
0.067636
0.067372
0.067118
0.066928
0.066680
0.066463
0.066210
0.065981
0.065720
0.065561
0.065312
0.065076
0.064788
0.064606
0.064370
0.064158
0.063914
0.063678
0.063402
0.063219
0.062976
0.062778
0.062529
0.062317
0.062034
0.061824
0.061536
0.061290
0.061042
0.060894
0.060634
0.060420
0.060172
0.060008
0.059725
0.059513
0.059265
0.059016
0.058770
0.058560
0.058343
0.058166
0.057878
0.057661
0.057434
0.057190
0.056951
0.056701
0.056499
0.056251
0.055976
0.055772
0.055524
0.055284
0.055081
0.054869
0.054631
0.054421
0.054180
0.053943
0.053696
0.053448
0.053212
0.052964
0.052664
0.052451
0.052234
0.051999
0.051751
0.051552
0.051372
0.051124
0.050911
0.050696
0.050483
0.050270
0.050022
0.049753
0.049505
0.049344
0.049097
0.048885
0.048627
0.048379
0.048147
0.047903
0.047658
0.047410
0.047193
0.046946
0.046677
0.046491
0.046227
0.045960
0.045707
0.045495
0.045274
0.045022
0.044806
0.044595
0.044325
0.044127
0.043911
0.043699
0.043418
0.043170
0.042955
0.042709
0.042498
0.042288
0.042014
0.041769
0.041643
0.041397
0.041117
0.040835
0.040612
0.040352
0.040145
0.039934
0.039722
0.039609
0.039470
0.039308
0.039104
0.038919
0.038747
0.038574
0.038363
0.038191
0.038020
0.037821
0.037611
0.037488
0.037317
0.037156
0.037020
0.036851
0.036687
0.036574
0.036404
0.036263
0.036103
0.036004
0.035893
0.035764
0.035662
0.035505
0.035407
0.035269
0.035113
0.035006
0.034909
0.034782
0.034686
0.034541
0.034459
0.034356
0.034274
0.034136
0.034042
0.033905
0.033786
0.033709
0.033654
0.033561
0.033425
0.033391
0.033312
0.033226
0.033125
0.033067
0.033022
0.032906
0.032816
0.032749
0.032660
0.032593
0.032459
0.032356
0.032198
0.032123
0.032040
0.031996
0.031924
0.031895
0.031863
0.031773
0.031680
0.031608
0.031540
0.031457
0.031391
0.031326
0.031239
0.031174
0.031110
0.031046
0.031078
0.031000
0.030947
0.030884
0.030822
0.030774
0.030760
0.030697
0.030636
0.030542
0.030481
0.030469
0.030408
0.030348
0.030289
0.030278
0.030219
0.030181
0.030159
0.030101
0.030091
0.030091
0.030071
0.030092
0.030064
0.030009
0.030002
0.029908
0.029862
0.029881
0.029836
0.029848
0.029806
0.029752
0.029728
0.029714
0.029757
0.029708
0.029648
0.029598
0.029607
0.029555
0.029519
0.029480
0.029523
0.029473
0.029485
0.029436
0.029436
0.029387
0.029426
0.029409
0.029362
0.029365
0.029315
0.029318
0.029318
0.029246
0.029246
0.029197
0.029215
0.029247
0.029204
0.029204
0.029199
0.029169
0.029169
0.029095
0.029059
0.029059
0.029018
0.029021
0.029021
0.028924
0.028914
0.028898
0.028852
0.028845
0.028884
0.028811
0.028768
0.028748
0.028755
0.028721
0.028721
0.028706
0.028706
0.028658
0.028656
0.028670
0.028622
0.028621
0.028631
0.028656
0.028624
0.028624
0.028624
0.028592
0.028545
0.028506
0.028521
0.028538
0.028538
0.028491
0.028491
0.028491
0.028519
0.028519
0.028434
0.028434
0.028434
0.028435
0.028451
0.028367
0.028367
0.028367
0.028367
0.028429
0.028454
0.028397
0.028446
0.028452
0.028469
0.028469
0.028432
0.028393
0.028393
0.028393
0.028403
0.028441
0.028452
0.028408
0.028408
0.028419
0.028495
0.028495
0.028508
0.028491
0.028448
0.028410
0.028410
0.028478
0.028439
0.028447
0.028447
0.028424
0.028381
0.028419
0.028419
0.028457
0.028457
0.028470
0.028470
0.028470
0.028513
0.028471
0.028433
0.028433
0.028433
0.028433
0.028433
0.028433
0.028433
0.028433
0.028400
0.028391
0.028294
0.028305
0.028299
0.028296
0.028291
0.028295
0.028291
0.028272
0.028269
0.028269
0.028247
0.028247
0.028205
0.028250
0.028288
0.028288
0.028287
0.028287
0.028287
0.028282
0.028237
0.028237
0.028237
0.028224
0.028224
0.028185
0.028185
0.028144
0.028144
0.028182
0.028210
0.028210
0.028231
0.028231
0.028231
0.028231
0.028231
0.028231
0.028231
0.028231
0.028193
0.028193
0.028169
0.028178
0.028138
0.028186
0.028214
0.028181
0.028181
0.028189
0.028197
0.028197
0.028207
0.028246
0.028206
0.028200
0.028162
0.028162
0.028160
0.028160
0.028183
0.028207
0.028163
0.028163
0.028163
0.028207
0.028220
0.028219
0.028219
0.028219
0.028219
0.028174
0.028135
0.028135
0.028097
0.028120
0.028171
0.028171
0.028171
0.028162
0.028131
0.028108
0.028108
0.028108
0.028139
0.028139
0.028139
0.028169
0.028169
0.028061
0.027968
0.027952
0.027945
0.028021
0.028021
0.028015
0.028010
0.027975
0.027975
0.027995
0.027983
0.027980
0.027980
0.028041
0.028001
0.028002
0.027990
0.027989
0.027989
0.028027
0.028044
0.028044
0.028044
0.028044
0.028044
0.028068
0.028018
0.028018
0.028018
0.027980
0.027941
0.027942
0.027947
0.027947
0.027986
0.027986
0.028024
0.028024
0.028027
0.028010
0.027967
0.027967
0.027967
0.027976
0.027942
0.027952
0.027959
0.027966
0.027938
0.027945
0.027954
0.027979
0.027988
0.028036
0.028036
0.028047
0.028047
0.028039
0.028051
0.028051
0.028013
0.028025
0.028025
0.028025
0.028025
0.028025
0.028025
0.028072
0.028075
0.028113
0.028113
0.028113
0.028113
0.028113
0.028113
0.028075
0.028088
0.028088
0.028088
0.028085
0.028043
0.028043
0.028043
0.028043
0.028040
0.028040
0.028040
0.028078
0.028078
0.028078
0.027927
0.027917
0.027901
0.027913
0.027933
0.027933
0.027927
0.027923
0.027918
0.027880
0.027876
0.027876
0.027874
0.027874
0.027874
0.027872
0.027872
0.027872
0.027871
0.027871
0.027829
0.027818
0.027858
0.027858
0.027858
0.027858
0.027858
0.027858
0.027858
0.027858
0.027858
0.027885
0.027885
0.027885
0.027879
0.027879
0.027879
0.027879
0.027879
0.027879
0.027879
0.027857
0.027810
0.027810
0.027819
0.027831
0.027858
0.027864
0.027892
0.027892
0.027887
0.027895
0.027895
0.027904
0.027887
0.027860
0.027870
0.027870
0.027870
0.027909
0.027909
0.027868
0.027880
0.027880
0.027880
0.027912
0.027912
0.027925
0.027925
0.027925
0.027925
0.027925
0.027925
0.027925
0.027955
0.027955
0.027955
0.027969
0.027969
0.027969
0.027969
0.027969
0.027969
