1.390720
1.227433
1.078553
0.978725
0.925927
0.903969
0.897273
0.897883
0.898221
0.897427
0.896179
0.894679
0.893558
0.892689
0.892429
0.892412
0.892153
0.891715
0.891289
0.890844
0.890253
0.889669
0.889193
0.888919
0.888685
0.888405
0.887850
0.886761
0.885490
0.883519
0.881217
0.878722
0.876490
0.874113
0.871842
0.869580
0.867179
0.864955
0.862588
0.860460
0.858072
0.855867
0.853754
0.851743
0.849726
0.847492
0.845358
0.843029
0.840728
0.838262
0.836050
0.833642
0.831433
0.828982
0.826823
0.824289
0.822027
0.819461
0.817281
0.815197
0.813048
0.810704
0.808731
0.806505
0.804415
0.802284
0.800056
0.797476
0.795019
0.792665
0.789996
0.787544
0.785002
0.782264
0.779808
0.777160
0.774565
0.771934
0.769319
0.766551
0.764124
0.761477
0.758534
0.755953
0.753442
0.750827
0.748287
0.745484
0.742749
0.739967
0.737097
0.734287
0.731532
0.728727
0.725759
0.723022
0.720131
0.717345
0.714775
0.712017
0.709260
0.706280
0.703528
0.700606
0.697647
0.694752
0.691746
0.688777
0.685723
0.682768
0.679848
0.676914
0.673903
0.670921
0.667900
0.665195
0.662353
0.659442
0.656621
0.653710
0.650657
0.647869
0.644742
0.641860
0.638868
0.635873
0.633126
0.630139
0.627374
0.624471
0.621492
0.618964
0.616092
0.613243
0.610585
0.607610
0.604844
0.602188
0.599342
0.596728
0.593905
0.591209
0.588617
0.585901
0.583163
0.580367
0.577686
0.574880
0.572198
0.569617
0.566746
0.564287
0.561599
0.559029
0.556483
0.554024
0.551499
0.549080
0.546660
0.544233
0.541773
0.539398
0.537447
0.535273
0.533111
0.530951
0.528458
0.526236
0.524022
0.521679
0.519506
0.517138
0.514830
0.512528
0.510439
0.508183
0.505931
0.503797
0.501769
0.499448
0.497391
0.495189
0.493049
0.491026
0.488871
0.486805
0.484825
0.482795
0.480832
0.478797
0.476857
0.474823
0.472800
0.470922
0.469073
0.467107
0.465377
0.463319
0.461485
0.459580
0.457727
0.455834
0.454004
0.452246
0.450304
0.448594
0.446720
0.444906
0.443066
0.441381
0.439649
0.437785
0.436265
0.434481
0.432697
0.431052
0.429468
0.427810
0.426070
0.424528
0.422857
0.421103
0.419576
0.417962
0.416463
0.414879
0.413359
0.411780
0.410256
0.408698
0.407202
0.405694
0.404242
0.402728
0.401319
0.400015
0.398677
0.397293
0.396166
0.394822
0.393538
0.392212
0.391084
0.389913
0.388618
0.387403
0.386243
0.385003
0.383924
0.382743
0.381592
0.380605
0.379377
0.378511
0.377296
0.376249
0.375360
0.374417
0.373592
0.372621
0.371755
0.370921
0.369914
0.368946
0.368027
0.367273
0.366486
0.365598
0.364843
0.363877
0.363117
0.362377
0.361567
0.360870
0.360126
0.359401
0.358563
0.357846
0.357208
0.356531
0.355905
0.355468
0.354751
0.354044
0.353170
0.352708
0.352232
0.351482
0.350863
0.350370
0.349779
0.349326
0.348608
0.347978
0.347517
0.346950
0.346306
0.345862
0.345381
0.344797
0.344407
0.343918
0.343470
0.343001
0.342615
0.342113
0.341749
0.341182
0.340613
0.340048
0.339795
0.339428
0.339019
0.338542
0.338021
0.337620
0.337147
0.336778
0.336453
0.335997
0.335619
0.335132
0.334729
0.334439
0.333991
0.333707
0.333294
0.333015
0.332808
0.332392
0.332037
0.331732
0.331438
0.331278
0.330946
0.330729
0.330463
0.330205
0.329945
0.329506
0.329130
0.328876
0.328650
0.328349
0.328062
0.327767
0.327464
0.327239
0.327081
0.326901
0.326533
0.326302
0.326063
0.325836
0.325804
0.325550
0.325254
0.325145
0.324840
0.324645
0.324520
0.324205
0.324082
0.323990
0.323905
0.323652
0.323469
0.323249
0.323057
0.322829
0.322666
0.322590
0.322293
0.322098
0.321982
0.321952
0.321710
0.321654
0.321437
0.321347
0.321169
0.321127
0.321024
0.320806
0.320858
0.320677
0.320706
0.320640
0.320553
0.320458
0.320407
0.320450
0.320260
0.320105
0.320012
0.319988
0.319855
0.319797
0.319644
0.319618
0.319436
0.319403
0.319239
0.319090
0.319166
0.318991
0.318914
0.318914
0.318878
0.318730
0.318653
0.318555
0.318413
0.318335
0.318344
0.318298
0.318182
0.318033
0.318018
0.317952
0.317925
0.317812
0.317793
0.317792
0.317674
0.317676
0.317556
0.317549
0.317490
0.317330
0.317298
0.317157
0.317140
0.316874
0.316802
0.316721
0.316523
0.316524
0.316450
0.316316
0.316204
0.316165
0.316199
0.316097
0.315982
0.316025
0.316022
0.316073
0.316074
0.315924
0.315935
0.315851
0.315803
0.315851
0.315669
0.315748
0.315773
0.315790
0.315864
0.315815
0.315794
0.315879
0.315787
0.315826
0.315784
0.315834
0.315850
0.315751
0.315746
0.315792
0.315766
0.315870
0.315737
0.315782
0.315958
0.315979
0.316100
0.316154
0.316193
0.316304
0.316340
0.316467
0.316560
0.316553
0.316663
0.316774
0.316814
0.316879
0.316943
0.317054
0.317080
0.317087
0.317098
0.317222
0.317360
0.317451
0.317421
0.317481
0.317631
0.317775
0.317853
0.317949
0.318000
0.318168
0.318240
0.318310
0.318366
0.318504
0.318632
0.318815
0.318895
0.319058
0.319105
0.319180
0.319363
0.319528
0.319609
0.319733
0.319878
0.320017
0.320080
0.320294
0.320474
0.320696
0.320818
0.320979
0.320853
0.320894
0.320949
0.321052
0.321203
0.321401
0.321491
0.321657
0.321804
0.322042
0.322219
0.322408
0.322409
0.322644
0.322953
0.323084
0.323214
0.323509
0.323656
0.323862
0.324112
0.324319
0.324565
0.324816
0.325036
0.325217
0.325409
0.325718
0.325842
0.326148
0.326372
0.326629
0.326869
0.327169
0.327416
0.327635
0.327952
0.328197
0.328422
0.328720
0.328905
0.329211
0.329563
0.329800
0.330154
0.330436
0.330677
0.330953
0.331202
0.331524
0.331748
0.332041
0.332295
0.332543
0.332812
0.333064
0.333264
0.333568
0.333788
0.334012
0.334266
0.334576
0.334774
0.335008
0.335143
0.335375
0.335705
0.335942
0.336130
0.336394
0.336467
0.336710
0.336922
0.337219
0.337390
0.337598
0.337914
0.338114
0.338223
0.338434
0.338591
0.338854
0.338997
0.339162
0.339338
0.339554
0.339688
0.339813
0.340013
0.340112
0.340332
0.340195
0.340280
0.340315
0.340435
0.340497
0.340651
0.340769
0.340912
0.340985
0.341144
0.341160
0.341322
0.341485
0.341605
0.341716
0.341764
0.341845
0.341996
0.342138
0.342251
0.342381
0.342529
0.342692
0.342799
0.342810
0.342892
0.343044
0.343177
0.343272
0.343389
0.343554
0.343669
0.343762
0.343928
0.344014
0.344048
0.344214
0.344307
0.344385
0.344502
0.344589
0.344757
0.344818
0.345058
0.345167
0.345343
0.345476
0.345658
0.345858
0.345993
0.346072
0.346193
0.346331
0.346428
0.346509
0.346597
0.346692
0.346748
0.346917
0.346967
0.347126
0.347176
0.347337
0.347426
0.347447
0.347567
0.347567
0.347706
0.347758
0.347893
0.347955
0.348043
0.348126
0.348192
0.348276
0.348315
0.348365
0.348486
0.348502
0.348592
0.348643
0.348694
0.348780
0.348832
0.348904
0.348954
0.349043
0.349076
0.349122
0.349183
0.349265
0.349007
0.349010
0.349031
0.349064
0.348997
0.349048
0.349091
0.349077
0.349081
0.349170
0.349208
0.349247
0.349255
0.349289
0.349327
0.349358
0.349362
0.349450
0.349474
0.349506
0.349558
0.349580
0.349632
0.349671
0.349741
0.349774
0.349784
0.349904
0.349906
0.349972
0.350042
0.350094
0.350075
0.350142
0.350182
0.350232
0.350316
0.350306
0.350376
0.350408
0.350406
0.350497
0.350497
0.350730
0.350776
0.350912
0.350994
0.351093
0.351093
0.351256
0.351305
0.351255
0.351387
0.351474
0.351477
0.351608
0.351608
0.351658
0.351746
0.351802
0.351852
0.351854
0.352024
0.351974
0.351976
0.352059
0.352107
0.352128
0.352210
0.352210
0.352233
0.352192
0.352312
0.352291
0.352291
0.352324
0.352412
0.352466
0.352498
0.352498
0.352548
0.352611
0.352693
0.352691
0.352691
0.352712
0.352746
0.352785
0.352837
0.352819
0.352819
0.352597
0.352580
0.352520
0.352474
0.352426
0.352476
0.352460
0.352413
0.352366
0.352405
0.352442
0.352418
0.352376
0.352460
0.352499
0.352464
0.352496
0.352496
0.352490
0.352490
0.352490
0.352523
0.352547
0.352537
0.352637
0.352619
0.352569
0.352569
0.352651
0.352689
0.352692
0.352711
0.352754
0.352783
0.352833
0.352833
0.352833
0.352816
0.352886
0.352836
0.352888
0.352921
0.352893
0.352893
0.353076
0.353202
0.353297
0.353345
0.353432
0.353432
0.353481
0.353562
0.353562
0.353664
0.353696
0.353696
0.353745
0.353775
0.353807
0.353974
0.353974
0.353974
0.354023
0.354023
0.354056
0.354056
0.354056
0.354105
0.354152
0.354152
0.354102
0.354105
0.354095
0.354095
0.354095
0.354095
0.354095
0.354195
0.354195
0.354266
0.354266
0.354266
0.354266
0.354298
0.354298
0.354348
0.354380
0.354412
0.354412
0.354412
0.354157
0.354108
0.353973
0.353927
0.353820
0.353841
0.353796
0.353798
0.353784
0.353784
0.353775
0.353769
0.353727
0.353769
0.353769
0.353764
0.353764
0.353797
0.353722
0.353684
0.353766
0.353717
0.353644
0.353646
0.353678
0.353678
0.353678
0.353713
0.353713
0.353713
0.353713
0.353713
0.353694
0.353727
0.353777
0.353779
0.353738
0.353733
0.353733
0.353733
0.353733
0.353715
0.353715
0.353715
0.353715
0.353854
0.353903
0.354033
0.354033
0.354082
0.354115
0.354176
0.354232
0.354232
0.354281
0.354331
0.354331
0.354346
0.354346
0.354346
0.354396
0.354429
0.354391
0.354440
0.354473
0.354473
0.354473
0.354473
0.354486
0.354486
0.354486
0.354486
0.354486
0.354448
0.354498
0.354531
0.354493
0.354443
0.354493
0.354455
0.354455
0.354455
0.354455
0.354455
0.354455
0.354420
0.354420
0.354420
0.354388
0.354346
0.354048
0.353998
0.353937
0.353920
0.353871
0.353871
0.353784
0.353735
0.353735
0.353655
0.353608
0.353658
0.353611
0.353611
0.353607
0.353563
0.353563
0.353563
0.353488
0.353488
0.353457
0.353457
0.353420
0.353404
0.353404
0.353404
0.353437
0.353349
0.353311
0.353314
0.353347
0.353347
0.353317
0.353333
0.353333
0.353333
0.353333
0.353295
0.353295
0.353293
0.353295
0.353260
0.353293
0.353227
0.353227
0.353188
0.353361
0.353459
0.353557
0.353607
0.353618
0.353618
0.353630
0.353679
0.353700
0.353702
0.353752
0.353741
0.353791
0.353824
0.353824
0.353874
0.353874
0.353874
0.353891
0.353891
0.353863
0.353825
0.353851
0.353901
0.353823
0.353773
0.353769
0.353769
0.353769
0.353769
0.353811
0.353811
0.353861
0.353766
0.353766
0.353799
0.353761
0.353761
0.353761
0.353761
0.353795
0.353732
0.353732
0.353732
0.353692
0.353393
0.353273
0.353146
0.353097
0.353081
0.353081
0.353032
0.352946
0.352948
0.352933
0.352885
0.352885
0.352839
0.352839
0.352803
0.352734
0.352734
0.352734
0.352621
0.352621
0.352623
0.352623
0.352623
0.352533
0.352533
0.352533
0.352533
0.352533
0.352501
0.352501
0.352476
0.352476
0.352476
0.352492
0.352492
0.352488
0.352488
0.352488
0.352448
0.352448
0.352448
0.352448
0.352448
0.352412
0.352412
0.352412
0.352585
0.352558
0.352623
0.352623
0.352646
0.352679
0.352729
0.352778
0.352855
0.352828
0.352878
0.352840
0.352857
0.352857
0.352857
0.352900
0.352927
0.352892
0.352941
0.352941
0.352904
0.352880
0.352880
0.352930
0.352930
0.352930
0.352930
0.352930
0.352930
0.352899
0.352899
0.352900
0.352949
0.352912
0.352962
0.352962
0.352962
0.352928
0.352888
0.352888
0.352888
0.352865
0.352865
0.352865
0.352566
0.352516
0.352417
0.352330
0.352281
0.352281
0.352232
0.352183
0.352183
0.352135
0.352029
0.352029
0.351983
0.351983
0.351949
0.351940
0.351940
0.351940
0.351867
0.351867
0.351867
0.351826
0.351826
0.351845
0.351829
0.351829
0.351829
0.351829
0.351788
0.351788
0.351756
0.351756
0.351756
0.351772
0.351710
0.351751
0.351751
0.351751
0.351751
0.351751
0.351751
0.351751
0.351714
0.351747
0.351747
0.351747
0.351747
0.351921
0.351969
0.352067
0.352116
0.352166
0.352166
0.352215
0.352265
0.352285
0.352244
0.352300
0.352185
0.352207
0.352207
0.352207
0.352256
0.352256
0.352306
0.352356
0.352356
0.352356
0.352356
0.352356
0.352374
0.352357
0.352357
0.352357
0.352356
0.352356
0.352356
0.352327
0.352327
0.352377
0.352377
0.352348
0.352348
0.352348
0.352348
0.352311
0.352311
0.352311
0.352311
0.352311
0.352312
0.352013
0.351963
0.351863
0.351814
0.351764
0.351764
0.351714
0.351665
0.351665
0.351589
0.351577
0.351536
0.351488
0.351488
0.351460
0.351414
0.351393
0.351393
0.351352
0.351352
0.351352
0.351352
0.351255
0.351237
0.351187
0.351187
0.351187
0.351187
0.351184
0.351184
0.351184
0.351184
0.351184
0.351234
0.351210
0.351210
0.351210
0.351212
0.351188
0.351188
0.351188
0.351188
0.351185
0.351185
0.351185
0.351185
0.351185
0.351385
0.351435
0.351535
0.351619
0.351671
0.351662
0.351712
0.351762
0.351812
0.351812
0.351860
0.351860
0.351910
0.351910
0.351888
0.351938
0.351916
0.351916
0.351936
0.351936
0.351936
0.351936
0.351936
0.351986
0.351983
0.351983
0.351983
0.351983
0.351983
0.351983
0.351983
0.351983
0.352036
0.351995
0.351995
0.351995
0.351995
0.351969
0.352008
0.352008
0.352008
0.352008
0.352008
0.351988
0.351669
0.351611
0.351513
0.351463
0.351413
0.351413
0.351405
0.351355
0.351352
0.351302
0.351252
0.351252
0.351202
0.351202
0.351165
0.351115
0.351118
0.351118
0.351068
0.351036
0.351017
0.351017
0.351015
0.350965
0.350965
0.350965
0.350947
0.350947
0.350947
0.350947
0.350950
0.350950
0.350950
0.351000
0.350984
0.350982
0.350982
0.350982
0.350982
0.350982
0.350982
0.350982
0.350982
0.350982
0.350984
0.350984
0.350984
0.351212
0.351262
0.351360
0.351382
0.351432
0.351432
0.351482
0.351532
0.351610
0.351610
0.351660
0.351682
0.351732
0.351732
0.351732
0.351757
0.351754
0.351754
0.351804
0.351804
0.351804
0.351804
0.351804
0.351822
0.351822
0.351774
0.351737
0.351737
0.351725
0.351725
0.351810
0.351810
0.351860
0.351860
0.351860
0.351860
0.351860
0.351860
0.351773
0.351773
0.351775
0.351775
0.351775
0.351762
0.351462
0.351462
0.351362
0.351312
0.351262
0.351262
0.351172
0.351072
0.351072
0.351022
0.350972
0.350972
0.350922
0.350922
0.350922
0.350872
0.350872
0.350922
0.350822
0.350822
0.350822
0.350822
0.350822
0.350772
0.350772
0.350772
0.350772
0.350772
0.350772
0.350772
0.350772
0.350772
0.350772
0.350822
0.350822
0.350786
0.350786
0.350786
0.350819
0.350819
0.350819
0.350847
0.350819
0.350819
0.350819
0.350819
0.351019
0.351069
0.351169
0.351219
0.351297
0.351331
0.351381
0.351408
0.351458
0.351458
0.351508
0.351475
0.351525
0.351525
0.351525
0.351575
0.351575
0.351608
0.351658
0.351658
0.351658
0.351631
0.351483
0.352602
0.356867
0.363632
0.372095
0.381537
0.391278
0.400987
0.410454
0.419676
0.428731
0.437874
0.447132
0.456620
0.466361
0.476131
0.485516
0.493913
0.500785
0.505793
0.509006
0.510603
0.510982
0.510366
0.509714
0.509155
0.508884
0.508865
0.509024
0.509170
0.509167
0.509072
0.508642
0.508117
0.507451
0.506863
0.506393
0.506042
0.505818
0.505818
0.505885
0.505930
0.505993
0.505993
0.506009
0.505962
0.505817
0.505722
0.505674
0.505674
0.505580
0.504742
0.502256
0.497890
0.491794
0.484348
0.476255
0.468053
0.460141
0.452785
0.446208
0.440515
0.435842
0.432022
0.429139
0.427047
0.425828
0.425258
0.425163
0.425542
0.425762
0.425956
0.425951
0.425947
0.425827
0.425907
0.426102
0.426449
0.426936
0.427630
0.428392
0.429211
0.429832
0.430289
0.430486
0.430318
0.429952
0.429481
0.428980
0.428612
0.428471
0.428508
0.428788
0.429171
0.429643
0.430316
0.431024
0.431663
0.432157
0.432312
0.432136
0.431753
0.431108
0.430453
0.429929
0.429503
0.429218
0.429205
0.429332
0.429631
0.429860
0.429981
0.430004
0.429540
0.429252
0.428834
0.428367
0.427930
0.427551
0.427137
0.426921
0.426813
0.426738
0.426682
0.426722
0.426648
0.426656
0.426650
0.426516
0.426345
0.426140
0.425718
0.425350
0.424983
0.424627
0.424276
0.423758
0.423558
0.423425
0.423416
0.423359
0.423354
0.423342
0.423381
0.423300
0.423208
0.423084
0.422759
0.422266
0.421860
0.421457
0.420904
0.420446
0.419988
0.419559
0.419392
0.419184
0.419029
0.418921
0.418866
0.418832
0.418770
0.418713
0.418381
0.418079
0.417402
0.416826
0.416317
0.415722
0.415064
0.414575
0.414099
0.413896
0.413738
0.413506
0.413468
0.413366
0.413341
0.413194
0.412949
0.412428
0.412029
0.411515
0.411152
0.410562
0.410218
0.409708
0.409383
0.409083
0.408822
0.408489
0.408113
0.407663
0.407307
0.406879
0.406446
0.406282
0.406015
0.405834
0.405734
0.405602
0.405384
0.405235
0.405007
0.404673
0.404439
0.404208
0.403938
0.403829
0.403537
0.403254
0.403136
0.403008
0.402793
0.402638
0.402609
0.402461
0.402296
0.402144
0.402020
0.401845
0.401819
0.401743
0.401628
0.401399
0.401294
0.401081
0.401022
0.400929
0.400787
0.400697
0.400626
0.400432
0.400321
0.400246
0.400154
0.399996
0.399873
0.399736
0.399613
0.399450
0.399378
0.399208
0.399047
0.398960
0.398821
0.398730
0.398436
0.398414
0.398315
0.398166
0.398021
0.397865
0.397816
0.397549
0.397429
0.397216
0.396997
0.396838
0.396615
0.396360
0.396103
0.395814
0.395538
0.395258
0.394997
0.394738
0.394416
0.394151
0.393919
0.393640
0.393375
0.393062
0.392779
0.392710
0.392356
0.392134
0.391818
0.391552
0.391321
0.390989
0.390771
0.390368
0.390123
0.389916
0.389726
0.389323
0.389137
0.389279
0.389605
0.390052
0.390766
0.391534
0.392356
0.393051
0.393428
0.393787
0.394097
0.394352
0.394710
0.394922
0.395046
0.395322
0.395454
0.395665
0.395784
0.396050
0.396016
0.396117
0.395750
0.395261
0.394926
0.394709
0.394631
0.394530
0.394470
0.394569
0.394761
0.394976
0.395330
0.395556
0.395837
0.395775
0.395505
0.395190
0.394540
0.394095
0.393524
0.393065
0.392388
0.391743
0.391159
0.390542
0.389901
0.389566
0.388961
0.388356
0.387881
0.387183
0.386761
0.386622
0.386963
0.387833
0.388925
0.390467
0.391826
0.393163
0.394556
0.395726
0.396601
0.397259
0.397439
0.397229
0.396421
0.395177
0.393602
0.391642
0.389541
0.387289
0.384857
0.382649
0.380631
0.378962
0.377765
0.376579
0.375600
0.374572
0.373816
0.373128
0.372541
0.371813
0.371312
0.370910
0.370550
0.370206
0.369997
0.369624
0.369204
0.368724
0.368051
0.367254
0.366296
0.365300
0.364055
0.362460
0.361115
0.359548
0.358132
0.356619
0.355134
0.353662
0.352311
0.351057
0.349821
0.348548
0.347287
0.346068
0.344726
0.343588
0.342222
0.340867
0.339612
0.338473
0.337042
0.335695
0.334238
0.332932
0.331451
0.329994
0.328447
0.326812
0.325323
0.323714
0.322312
0.320744
0.319229
0.317582
0.316138
0.314541
0.313087
0.311586
0.310069
0.308449
0.306975
0.305481
0.303886
0.302365
0.300750
0.299225
0.297641
0.296199
0.294672
0.293221
0.291705
0.290258
0.288704
0.287257
0.285811
0.284516
0.283165
0.281845
0.280514
0.279194
0.277855
0.276659
0.275412
0.274317
0.273082
0.271817
0.270562
0.269348
0.268149
0.266899
0.265605
0.264391
0.263246
0.261930
0.260765
0.259535
0.258559
0.257481
0.256456
0.255571
0.254576
0.253581
0.252851
0.251888
0.251056
0.250274
0.249404
0.248454
0.247636
0.246865
0.245929
0.245249
0.244423
0.243724
0.242855
0.242136
0.241380
0.240712
0.240014
0.239345
0.238621
0.237904
0.237214
0.236619
0.235793
0.235048
0.234439
0.233740
0.233131
0.232492
0.231766
0.231033
0.230429
0.229672
0.229039
0.228573
0.228121
0.227350
0.226935
0.226430
0.225942
0.225499
0.224973
0.224554
0.224051
0.223671
0.223233
0.222756
0.222209
0.221923
0.221406
0.220816
0.220172
0.219590
0.219025
0.218332
0.217702
0.217060
0.216495
0.215996
0.215266
0.214583
0.213850
0.213318
0.212802
0.212149
0.211559
0.210976
0.210268
0.209629
0.208942
0.208308
0.207607
0.206782
0.206193
0.205343
0.204748
0.204014
0.203384
0.202887
0.202314
0.201506
0.200714
0.199965
0.199140
0.198407
0.197692
0.196861
0.196111
0.195144
0.194516
0.193626
0.192771
0.192035
0.191309
0.190528
0.189905
0.189035
0.188360
0.187494
0.186656
0.185744
0.184965
0.183936
0.183028
0.182074
0.181272
0.180299
0.179348
0.178619
0.177707
0.176821
0.175962
0.175044
0.174161
0.173173
0.172487
0.171759
0.171133
0.170211
0.169414
0.168454
0.167637
0.166648
0.165802
0.164996
0.164120
0.163262
0.162494
0.161595
0.160820
0.160076
0.159356
0.158516
0.157851
0.157220
0.156521
0.155788
0.155012
0.154245
0.153606
0.152922
0.152364
0.151761
0.151084
0.150416
0.150005
0.149301
0.148706
0.148064
0.147526
0.146863
0.146386
0.145940
0.145486
0.144960
0.144403
0.143907
0.143305
0.142853
0.142268
0.141870
0.141304
0.140830
0.140323
0.139846
0.139322
0.138945
0.138534
0.138122
0.137746
0.137333
0.136765
0.136320
0.135865
0.135524
0.135134
0.134740
0.134291
0.133760
0.133428
0.132968
0.132654
0.132272
0.131860
0.131365
0.130999
0.130668
0.130263
0.129963
0.129586
0.129267
0.128853
0.128426
0.128055
0.127567
0.127329
0.126777
0.126446
0.126097
0.125657
0.125302
0.125005
0.124532
0.124226
0.123828
0.123439
0.123068
0.122698
0.122318
0.122008
0.121640
0.121288
0.120855
0.120560
0.120137
0.119803
0.119387
0.118947
0.118591
0.118219
0.117789
0.117456
0.117074
0.116760
0.116338
0.116038
0.115612
0.115320
0.114956
0.114660
0.114106
0.113879
0.113578
0.113164
0.112852
0.112409
0.112071
0.111572
0.111255
0.110800
0.110474
0.110167
0.109834
0.109469
0.109033
0.108646
0.108200
0.107949
0.107468
0.106996
0.106651
0.106333
0.106087
0.105599
0.105169
0.104789
0.104279
0.103967
0.103551
0.103173
0.102849
0.102403
0.102052
0.101779
0.101356
0.100918
0.100558
0.100255
0.099740
0.099225
0.098908
0.098554
0.098140
0.097786
0.097415
0.097071
0.096646
0.096336
0.095917
0.095533
0.095139
0.094749
0.094377
0.094085
0.093711
0.093249
0.092962
0.092592
0.092273
0.091937
0.091471
0.091086
0.090686
0.090254
0.089933
0.089716
0.089348
0.088841
0.088570
0.088217
0.087779
0.087438
0.086937
0.086693
0.086258
0.085900
0.085641
0.085234
0.084921
0.084618
0.084289
0.083845
0.083469
0.083205
0.082892
0.082472
0.082157
0.081845
0.081519
0.081260
0.080882
0.080446
0.079996
0.079677
0.079327
0.079024
0.078689
0.078325
0.077942
0.077623
0.077234
0.076925
0.076583
0.076323
0.075888
0.075538
0.075156
0.074922
0.074528
0.074239
0.073866
0.073588
0.073208
0.072827
0.072537
0.072231
0.071897
0.071553
0.071231
0.070880
0.070480
0.070195
0.069834
0.069416
0.069077
0.068812
0.068530
0.068273
0.067836
0.067602
0.067307
0.067024
0.066676
0.066269
0.066001
0.065673
0.065359
0.065059
0.064762
0.064363
0.064084
0.063737
0.063505
0.063194
0.062991
0.062624
0.062279
0.061945
0.061682
0.061326
0.061000
0.060722
0.060306
0.060043
0.059701
0.059456
0.059105
0.058771
0.058548
0.058272
0.057972
0.057698
0.057346
0.057121
0.056779
0.056465
0.056163
0.055900
0.055630
0.055298
0.054992
0.054727
0.054461
0.054098
0.053777
0.053559
0.053325
0.053060
0.052786
0.052488
0.052239
0.051956
0.051720
0.051485
0.051168
0.050865
0.050665
0.050360
0.050092
0.049838
0.049514
0.049246
0.048954
0.048716
0.048550
0.048242
0.047960
0.047719
0.047446
0.047177
0.046965
0.046610
0.046435
0.046150
0.045910
0.045622
0.045398
0.045174
0.044952
0.044723
0.044550
0.044261
0.044064
0.043882
0.043654
0.043471
0.043213
0.042963
0.042790
0.042571
0.042384
0.042134
0.041998
0.041765
0.041627
0.041454
0.041327
0.041223
0.041053
0.040790
0.040573
0.040424
0.040288
0.040153
0.039985
0.039827
0.039649
0.039494
0.039377
0.039242
0.039124
0.038901
0.038806
0.038697
0.038469
0.038327
0.038212
0.038079
0.037921
0.037806
0.037693
0.037574
0.037420
0.037329
0.037242
0.037172
0.037020
0.036938
0.036840
0.036726
0.036574
0.036455
0.036361
0.036236
0.036169
0.036047
0.035993
0.035889
0.035807
0.035702
0.035649
0.035498
0.035376
0.035339
0.035226
0.035127
0.035030
0.034968
0.034958
0.034862
0.034679
0.034686
0.034546
0.034496
0.034388
0.034338
0.034288
0.034145
0.034207
0.034094
0.034044
0.033953
0.033853
0.033766
0.033788
0.033715
0.033665
0.033618
0.033593
0.033492
0.033442
0.033396
0.033346
0.033256
0.033141
0.033127
0.033113
0.033109
0.033085
0.033041
0.033011
0.032962
0.032823
0.032807
0.032711
0.032662
0.032634
0.032490
0.032441
0.032420
0.032450
0.032401
0.032368
0.032380
0.032363
0.032276
0.032254
0.032166
0.032148
0.032114
0.032118
0.032118
0.032030
0.031981
0.031920
0.031869
0.031833
0.031844
0.031815
0.031778
0.031730
0.031730
0.031709
0.031651
0.031602
0.031602
0.031522
0.031486
0.031507
0.031542
0.031495
0.031447
0.031404
0.031356
0.031386
0.031338
0.031327
0.031327
0.031288
0.031288
0.031241
0.031152
0.031208
0.031196
0.031200
0.031200
0.031153
0.031169
0.031156
0.031156
0.031113
0.031139
0.031085
0.031085
0.031086
0.031052
0.031045
0.031052
0.031005
0.030965
0.030919
0.030946
0.030933
0.030968
0.030992
0.030896
0.030896
0.030849
0.030839
0.030841
0.030851
0.030851
0.030852
0.030889
0.030853
0.030904
0.030904
0.030863
0.030863
0.030863
0.030817
0.030799
0.030807
0.030807
0.030807
0.030761
0.030784
0.030784
0.030703
0.030703
0.030779
0.030776
0.030789
0.030789
0.030725
0.030725
0.030765
0.030765
0.030719
0.030734
0.030731
0.030686
0.030686
0.030701
0.030745
0.030666
0.030666
0.030615
0.030615
0.030570
0.030614
0.030643
0.030705
0.030695
0.030648
0.030661
0.030678
0.030633
0.030633
0.030658
0.030658
0.030613
0.030627
0.030627
0.030627
0.030657
0.030612
0.030612
0.030658
0.030643
0.030643
0.030614
0.030614
0.030733
0.030688
0.030658
0.030613
0.030613
0.030564
0.030583
0.030673
0.030673
0.030609
0.030585
0.030630
0.030621
0.030592
0.030611
0.030611
0.030597
0.030597
0.030562
0.030562
0.030582
0.030582
0.030583
0.030535
0.030600
0.030572
0.030572
0.030572
0.030572
0.030528
0.030542
0.030542
0.030542
0.030541
0.030541
0.030521
0.030521
0.030522
0.030522
0.030496
0.030476
0.030514
0.030509
0.030509
0.030462
0.030508
0.030464
0.030464
0.030464
0.030464
0.030525
0.030544
0.030527
0.030573
0.030573
0.030596
0.030552
0.030552
0.030552
0.030552
0.030593
0.030593
0.030628
0.030628
0.030605
0.030605
0.030672
0.030640
0.030641
0.030641
0.030641
0.030641
0.030641
0.030641
0.030676
0.030722
0.030722
0.030756
0.030758
0.030758
0.030709
0.030752
0.030708
0.030708
0.030754
0.030709
0.030709
0.030632
0.030632
0.030632
0.030657
0.030746
0.030746
0.030726
0.030726
0.030726
0.030751
0.030751
0.030751
0.030798
0.030754
0.030754
0.030754
0.030754
0.030740
0.030740
0.030740
0.030829
0.030812
0.030837
0.030837
0.030837
0.030742
0.030739
0.030786
0.030786
0.030786
0.030786
0.030786
0.030826
0.030826
0.030826
0.030873
0.030838
0.030879
0.030876
0.030863
0.030793
0.030793
0.030840
0.030840
0.030840
0.030840
0.030840
0.030882
0.030882
0.030965
0.030991
0.030977
0.030922
0.030922
0.030922
0.030873
0.030873
0.030921
0.030921
0.030921
0.030921
0.030921
0.030910
0.030900
0.030990
0.030990
0.030990
0.031002
0.030991
0.030950
0.030950
0.030970
0.030970
0.030926
0.030993
0.030993
0.030993
0.030995
0.031037
0.031037
0.031037
0.031037
0.031068
0.031068
0.031107
0.031107
0.031099
0.031099
0.031099
0.031099
0.031126
0.031162
0.031203
0.031196
0.031196
0.031149
0.031186
0.031145
0.031167
0.031167
0.031169
0.031203
0.031180
0.031222
0.031271
0.031271
0.031271
0.031298
0.031298
0.031298
0.031253
0.031295
0.031297
0.031297
0.031297
0.031297
0.031297
0.031341
0.031341
0.031341
0.031341
0.031341
0.031317
0.031317
0.031361
0.031360
0.031360
0.031360
0.031352
0.031352
0.031400
0.031441
0.031441
0.031469
0.031512
0.031512
0.031515
0.031515
0.031561
0.031561
0.031596
0.031592
0.031596
0.031679
0.031657
0.031657
0.031657
0.031657
0.031657
0.031706
0.031672
0.031672
0.031592
0.031592
0.031627
0.031676
0.031676
0.031676
0.031676
0.031626
0.031667
0.031716
0.031743
0.031748
0.031727
0.031731
0.031731
0.031731
0.031785
0.031785
0.031827
0.031782
0.031796
0.031841
0.031841
0.031882
0.031882
0.031882
0.031882
0.031881
0.031887
0.031887
0.031868
0.031917
0.031926
0.031926
0.031926
0.031926
0.031926
0.031926
0.032016
0.032024
0.032024
0.032024
0.031982
0.031982
0.031982
0.031982
0.032030
0.032014
0.032014
0.032014
0.031997
0.031997
0.032005
0.032053
0.032053
0.032010
0.031960
0.032004
0.032004
0.032024
0.032024
0.032024
0.032073
0.032058
0.032058
0.032058
0.032059
0.032059
0.032059
0.032059
0.032150
0.032150
0.032150
0.032193
0.032173
0.032173
0.032175
0.032185
0.032205
0.032205
0.032218
0.032198
0.032198
0.032148
0.032113
0.032063
0.032063
0.032104
0.032103
0.032103
0.032103
0.032128
0.032128
0.032159
0.032159
0.032159
0.032159
0.032207
0.032207
0.032207
0.032242
0.032238
0.032196
0.032207
0.032207
0.032235
0.032229
0.032295
0.032287
0.032322
0.032322
0.032365
0.032315
0.032327
0.032368
0.032368
0.032334
0.032334
0.032289
0.032378
0.032378
0.032378
0.032390
0.032343
0.032343
0.032343
0.032343
0.032343
0.032343
0.032343
0.032300
0.032311
0.032311
0.032339
0.032387
0.032387
0.032387
0.032395
0.032392
0.032446
0.032406
0.032422
0.032422
0.032422
0.032422
0.032422
0.032515
0.032528
0.032528
0.032613
0.032613
0.032613
0.032613
0.032612
0.032614
0.032628
0.032633
0.032633
0.032681
0.032681
0.032681
0.032681
0.032737
0.032737
0.032737
0.032719
0.032719
0.032719
0.032719
0.032719
0.032734
0.032696
0.032702
0.032702
0.032702
0.032702
0.032702
0.032717
0.032717
0.032735
0.032735
0.032735
0.032765
0.032765
0.032781
0.032781
0.032781
0.032781
0.032785
0.032785
0.032802
0.032763
0.032724
0.032724
0.032724
0.032724
0.032770
0.032787
0.032787
0.032790
0.032790
0.032790
0.032835
0.032835
0.032852
0.032881
0.032881
0.032845
0.032845
0.032866
0.032885
0.032885
0.032885
0.032887
0.032887
0.032887
0.032905
0.032905
0.032946
0.032901
0.032901
0.032920
0.032920
0.032920
0.032920
0.032920
0.032920
0.032920
0.032885
0.032904
0.032904
0.032904
0.032904
0.032924
0.032924
0.032931
0.032931
0.032974
0.032974
0.032974
0.033013
0.033013
0.033013
0.033020
0.033020
0.033065
0.033086
0.033053
0.033053
0.033053
0.033011
0.033011
0.033077
0.033077
0.033077
0.033057
0.033067
0.033067
0.033074
0.033095
0.033051
0.033051
0.033099
0.033099
0.033121
0.033121
0.033121
0.033089
0.033109
0.033109
0.033085
0.033107
0.033107
0.033107
0.033119
0.033119
0.033142
0.033142
0.033138
0.033138
0.033138
0.033138
0.033138
0.033138
0.033162
0.033162
0.033162
0.033162
0.033162
0.033178
0.033191
0.033185
0.033185
0.033185
0.033185
0.033156
0.033180
0.033192
0.033213
0.033213
0.033213
0.033298
0.033368
0.033383
0.033411
0.033411
0.033411
0.033411
0.033408
0.033408
0.033408
0.033408
0.033408
0.033408
0.033408
0.033449
0.033520
0.033477
0.033477
0.033477
0.033503
0.033503
0.033503
0.033545
0.033545
0.033490
0.033490
0.033519
0.033545
0.033524
0.033524
0.033524
0.033542
0.033569
0.033569
0.033575
0.033575
0.033575
0.033546
0.033546
0.033588
0.033615
0.033573
0.033602
0.033602
0.033602
0.033602
0.033629
0.033629
0.033629
0.033649
0.033620
0.033620
0.033620
0.033620
0.033648
0.033648
0.033676
0.033671
0.033671
0.033647
0.033647
0.033675
0.033675
0.033696
0.033676
0.033676
0.033745
0.033745
0.033745
0.033788
0.033816
0.033816
0.033816
0.033816
0.033816
0.033816
0.033867
0.033867
0.033867
0.033867
0.033830
0.033830
0.033830
0.033830
0.033806
0.033835
0.033877
0.033877
0.033877
0.033877
0.033877
0.033877
0.033877
0.033897
0.033926
0.033926
0.033926
0.033932
0.033891
0.033891
0.033891
0.033891
0.033920
0.033899
0.033899
0.033899
0.033899
0.033899
0.033899
0.033899
0.033899
0.033899
0.033929
0.033929
0.033970
0.033970
0.033960
0.033960
0.033960
0.033960
0.033944
0.033944
0.033975
0.033975
0.033975
0.033975
0.034015
0.034019
0.034019
0.034019
0.034019
0.034050
0.034050
0.034050
0.034050
0.034050
0.034050
0.034050
0.034050
0.034050
0.034050
0.034011
0.034042
0.034042
0.034042
0.034042
0.034042
0.034042
0.034042
0.034042
0.034042
0.034042
0.034042
0.034042
0.034073
0.034073
0.034073
0.034079
0.034079
0.034062
0.034062
0.034062
0.034039
0.034039
0.034039
0.034070
0.034070
0.034070
0.034070
0.034053
0.034053
0.034053
0.034053
0.034053
0.034053
0.034053
0.034053
0.034057
0.034057
0.034051
0.034051
0.034051
0.034079
0.034079
0.034079
0.034079
0.034126
0.034126
0.034158
0.034158
0.034158
0.034158
0.034158
0.034158
0.034158
0.034158
0.034158
0.034157
0.034157
0.034157
0.034190
0.034190
0.034190
0.034190
0.034190
0.034190
0.034190
0.034190
0.034190
0.034190
0.034190
0.034152
0.034162
0.034195
0.034195
0.034195
0.034172
0.034172
0.034132
0.034103
0.034109
0.034109
0.034109
0.034109
0.034137
0.034137
0.034137
0.034170
0.034170
0.034170
0.034170
0.034170
0.034142
0.034142
0.034142
0.034142
0.034142
0.034142
0.034142
0.034142
0.034170
0.034182
0.034176
0.034176
0.034176
0.034148
0.034148
0.034148
0.034148
0.034148
0.034148
0.034148
0.034148
0.034176
0.034176
0.034166
0.034166
0.034166
0.034166
0.034166
0.034139
0.034139
0.034139
0.034139
0.034155
0.034155
0.034155
0.034183
0.034183
0.034217
0.034181
0.034181
0.034181
0.034181
0.034189
0.034189
0.034189
0.034189
0.034153
0.034153
0.034153
0.034153
0.034181
0.034186
0.034159
0.034159
0.034159
0.034131
0.034131
0.034131
0.034118
0.034118
0.034076
0.034076
0.034076
0.034076
0.034076
0.034076
0.034076
0.034111
0.034111
0.034111
0.034111
0.034152
0.034152
0.034152
0.034152
0.034152
0.034155
0.034155
0.034155
0.034155
