2.172151
2.039989
1.923177
1.848289
1.811878
1.799165
1.796813
1.796885
1.797070
1.797073
1.796609
1.796101
1.795296
1.794303
1.793020
1.791721
1.790462
1.789152
1.787923
1.787008
1.785677
1.783483
1.781309
1.779370
1.776536
1.773853
1.771605
1.768922
1.766288
1.763960
1.761966
1.759906
1.757194
1.754976
1.752998
1.750963
1.748345
1.745393
1.742800
1.740477
1.738335
1.735450
1.732666
1.729834
1.727587
1.725513
1.723120
1.720353
1.717271
1.714901
1.712413
1.709757
1.707009
1.703669
1.700933
1.698808
1.695856
1.692993
1.690013
1.686990
1.683915
1.680875
1.677829
1.674894
1.671771
1.668664
1.665493
1.662243
1.659101
1.655545
1.652318
1.648970
1.645423
1.642172
1.639263
1.635351
1.631757
1.628141
1.624358
1.620178
1.616101
1.612499
1.608880
1.604815
1.600797
1.596855
1.593539
1.589902
1.586403
1.582030
1.577551
1.572806
1.568388
1.563789
1.558895
1.553766
1.549082
1.545005
1.541035
1.537042
1.532505
1.528503
1.524875
1.521175
1.517405
1.512981
1.508496
1.504482
1.500884
1.497347
1.493947
1.490429
1.486735
1.483083
1.479003
1.474745
1.470090
1.465327
1.460631
1.456062
1.451795
1.447369
1.443138
1.439336
1.435325
1.431158
1.427044
1.423037
1.418597
1.414424
1.410333
1.406090
1.401989
1.397792
1.394255
1.390578
1.386913
1.382705
1.378519
1.373941
1.369803
1.365966
1.362413
1.359051
1.355661
1.352314
1.348799
1.345233
1.341760
1.338208
1.334579
1.330986
1.327457
1.323830
1.320257
1.316954
1.313348
1.309981
1.306569
1.303305
1.300088
1.296695
1.293622
1.290152
1.286687
1.283403
1.280025
1.276667
1.273477
1.270341
1.267166
1.263972
1.260566
1.257486
1.254259
1.251241
1.248288
1.245164
1.242076
1.238860
1.235995
1.233266
1.230774
1.228849
1.226933
1.225515
1.224253
1.223046
1.221938
1.220846
1.219218
1.217062
1.214756
1.212005
1.209136
1.206155
1.202779
1.199214
1.196117
1.193527
1.191312
1.189783
1.188367
1.187510
1.186400
1.185761
1.184518
1.183534
1.182358
1.180726
1.178866
1.176591
1.174381
1.171850
1.169355
1.166819
1.164623
1.162263
1.159999
1.158028
1.156355
1.155066
1.154181
1.153247
1.152745
1.152176
1.151827
1.151024
1.149694
1.147660
1.145222
1.142545
1.139802
1.136990
1.134375
1.132046
1.129182
1.126656
1.124594
1.122948
1.121256
1.119775
1.118649
1.117233
1.115845
1.114993
1.113451
1.111446
1.108895
1.106321
1.103638
1.101222
1.098226
1.095302
1.092594
1.089870
1.087908
1.086604
1.085631
1.084964
1.084838
1.084713
1.084538
1.084386
1.083187
1.081242
1.078848
1.076083
1.073393
1.070654
1.067793
1.065122
1.062435
1.060520
1.059095
1.058291
1.057674
1.057268
1.057125
1.056792
1.055643
1.053359
1.050958
1.048111
1.045209
1.042394
1.039613
1.036913
1.034719
1.032092
1.030415
1.028692
1.026555
1.024836
1.023005
1.020466
1.017858
1.015216
1.012416
1.009676
1.007089
1.004332
1.001736
0.999788
0.998550
0.997771
0.997417
0.997321
0.997373
0.997368
0.997407
0.996369
0.994505
0.992123
0.989540
0.986642
0.984158
0.981518
0.979159
0.976694
0.974907
0.973590
0.972911
0.972222
0.971958
0.971919
0.971693
0.970402
0.968390
0.966283
0.963798
0.961139
0.958504
0.955787
0.953570
0.951191
0.948827
0.946650
0.944373
0.942207
0.940313
0.938120
0.935896
0.933624
0.931629
0.929504
0.928258
0.928373
0.929038
0.929988
0.931680
0.933572
0.935207
0.936826
0.938186
0.937959
0.936935
0.935204
0.933329
0.931337
0.929060
0.926867
0.924800
0.922696
0.920536
0.919019
0.917443
0.915572
0.914199
0.912674
0.911014
0.908900
0.906809
0.905083
0.902864
0.900690
0.898637
0.896850
0.896335
0.896317
0.897153
0.898531
0.899810
0.901100
0.902699
0.903557
0.903800
0.903222
0.902045
0.900415
0.898150
0.895623
0.893219
0.890760
0.888652
0.886159
0.884083
0.882215
0.880166
0.878012
0.876418
0.874797
0.872858
0.870807
0.868403
0.866184
0.863772
0.861171
0.858764
0.856374
0.854592
0.853952
0.854164
0.854892
0.855912
0.857079
0.858701
0.860134
0.860239
0.858831
0.856938
0.854343
0.852004
0.849492
0.847311
0.844784
0.842679
0.840487
0.838859
0.837844
0.836548
0.835640
0.834663
0.833836
0.832490
0.830624
0.828376
0.826114
0.823531
0.821080
0.818787
0.816499
0.814236
0.812271
0.811162
0.810385
0.809599
0.809302
0.809415
0.809309
0.809054
0.808901
0.808265
0.807123
0.805345
0.803285
0.801102
0.798750
0.796467
0.794196
0.791953
0.789630
0.787361
0.785471
0.783911
0.782587
0.781133
0.780241
0.779535
0.778948
0.778169
0.777108
0.775446
0.772998
0.770725
0.768475
0.766150
0.763791
0.761288
0.759053
0.756685
0.754376
0.752044
0.749906
0.747844
0.745579
0.743326
0.740830
0.739112
0.737256
0.735350
0.734102
0.732505
0.730331
0.728673
0.727616
0.726145
0.724258
0.722708
0.721627
0.720691
0.719802
0.718741
0.717654
0.716619
0.715387
0.714066
0.712218
0.710015
0.707687
0.705425
0.702916
0.700951
0.698819
0.696656
0.694454
0.692102
0.689904
0.687705
0.685597
0.683301
0.681121
0.678916
0.676839
0.674567
0.672615
0.670520
0.668385
0.666222
0.664294
0.662103
0.660019
0.658011
0.656032
0.654012
0.652024
0.650012
0.648068
0.646058
0.644200
0.642205
0.640113
0.638301
0.636409
0.634521
0.632632
0.630874
0.629054
0.627008
0.624895
0.622812
0.620603
0.618715
0.616671
0.614734
0.612879
0.610919
0.609115
0.607542
0.605859
0.604171
0.602346
0.600774
0.599275
0.597725
0.596224
0.594551
0.593109
0.591561
0.589996
0.588380
0.586982
0.585333
0.583872
0.582265
0.580824
0.579332
0.577925
0.576430
0.574987
0.573365
0.571687
0.570165
0.568554
0.566902
0.565243
0.563641
0.562039
0.560566
0.559033
0.557297
0.555777
0.554287
0.552716
0.551122
0.549809
0.548711
0.547774
0.546767
0.546113
0.545440
0.544565
0.543862
0.542634
0.541182
0.539657
0.537493
0.535355
0.533055
0.530541
0.528081
0.525734
0.523610
0.521905
0.520665
0.519649
0.518754
0.518189
0.517578
0.517002
0.516267
0.515506
0.514138
0.512491
0.510682
0.508357
0.505579
0.502777
0.500091
0.497278
0.495038
0.493218
0.491231
0.489915
0.488886
0.487905
0.486846
0.485870
0.484869
0.483739
0.482101
0.480306
0.478505
0.476334
0.473815
0.471606
0.469474
0.467522
0.465487
0.463571
0.461549
0.459812
0.457663
0.455766
0.454054
0.452210
0.450396
0.448444
0.446425
0.444548
0.442589
0.440487
0.438843
0.436946
0.434820
0.432764
0.431059
0.428945
0.426820
0.424598
0.422861
0.420691
0.418596
0.416465
0.414615
0.412641
0.410428
0.408177
0.406284
0.404537
0.402473
0.400267
0.397946
0.396110
0.394203
0.392057
0.389814
0.387567
0.385649
0.383678
0.381574
0.379245
0.376935
0.374943
0.372856
0.370969
0.368893
0.366465
0.364023
0.361949
0.360162
0.358214
0.355922
0.353517
0.351384
0.349350
0.347525
0.345491
0.343154
0.340882
0.338682
0.336910
0.335097
0.332873
0.330596
0.328355
0.326308
0.324408
0.322745
0.320621
0.318322
0.316581
0.314966
0.313250
0.311317
0.309607
0.307910
0.306358
0.304624
0.302953
0.301291
0.299532
0.297949
0.296367
0.294814
0.293101
0.291474
0.289734
0.287921
0.286106
0.284412
0.282654
0.280608
0.278697
0.276912
0.274963
0.273129
0.271278
0.269392
0.267581
0.265749
0.263867
0.262180
0.260492
0.258806
0.257157
0.255358
0.253776
0.252207
0.250487
0.248783
0.247201
0.245473
0.243807
0.242196
0.240528
0.238939
0.237382
0.235722
0.234139
0.232495
0.230950
0.229330
0.227774
0.226282
0.224709
0.223108
0.221656
0.220018
0.218552
0.217160
0.215657
0.214065
0.212627
0.211075
0.209524
0.208114
0.206715
0.205117
0.203618
0.202024
0.200654
0.199153
0.197842
0.196280
0.194717
0.193402
0.191815
0.190465
0.188860
0.187378
0.186039
0.184626
0.183195
0.181713
0.180348
0.179003
0.177527
0.176175
0.174839
0.173431
0.172028
0.170676
0.169453
0.167973
0.166617
0.165258
0.163988
0.162611
0.161321
0.159966
0.158816
0.157447
0.156183
0.154870
0.153631
0.152352
0.151170
0.149874
0.148679
0.147491
0.146179
0.144983
0.143744
0.142651
0.141405
0.140156
0.138949
0.137895
0.136736
0.135728
0.134556
0.133504
0.132268
0.131242
0.130211
0.129148
0.128047
0.126966
0.126081
0.124955
0.123988
0.122976
0.122042
0.121097
0.120006
0.119127
0.118182
0.117239
0.116319
0.115350
0.114460
0.113588
0.112605
0.111727
0.110899
0.110041
0.109287
0.108383
0.107495
0.106711
0.105877
0.105113
0.104277
0.103409
0.102558
0.101817
0.101072
0.100185
0.099468
0.098632
0.097956
0.097107
0.096369
0.095611
0.094983
0.094223
0.093426
0.092789
0.092080
0.091262
0.090539
0.089847
0.089176
0.088410
0.087758
0.087074
0.086439
0.085633
0.085064
0.084432
0.083697
0.083083
0.082314
0.081831
0.081189
0.080462
0.079823
0.079254
0.078610
0.077969
0.077386
0.076709
0.076128
0.075518
0.074869
0.074244
0.073766
0.073092
0.072588
0.071878
0.071399
0.070826
0.070194
0.069667
0.069110
0.068580
0.067996
0.067520
0.066878
0.066379
0.065848
0.065244
0.064832
0.064237
0.063782
0.063255
0.062808
0.062250
0.061804
0.061335
0.060767
0.060228
0.059883
0.059393
0.058854
0.058419
0.057892
0.057533
0.057058
0.056715
0.056205
0.055833
0.055420
0.055088
0.054547
0.054197
0.053853
0.053511
0.053106
0.052734
0.052217
0.051923
0.051535
0.051232
0.050911
0.050566
0.050177
0.049876
0.049566
0.049286
0.049025
0.048607
0.048340
0.048042
0.047784
0.047401
0.047128
0.046812
0.046561
0.046395
0.046119
0.045935
0.045705
0.045508
0.045252
0.044837
0.044579
0.044290
0.044094
0.043908
0.043670
0.043363
0.043120
0.042998
0.042746
0.042484
0.042344
0.042121
0.041944
0.041774
0.041543
0.041363
0.041174
0.040903
0.040787
0.040626
0.040375
0.040213
0.040095
0.039959
0.039761
0.039668
0.039456
0.039121
0.039004
0.038848
0.038693
0.038517
0.038412
0.038264
0.038136
0.038030
0.037934
0.037771
0.037579
0.037473
0.037271
0.037175
0.037042
0.036968
0.036799
0.036778
0.036664
0.036576
0.036371
0.036321
0.036266
0.036140
0.035967
0.035911
0.035817
0.035752
0.035690
0.035530
0.035456
0.035343
0.035189
0.035124
0.035113
0.035056
0.034926
0.034900
0.034859
0.034701
0.034657
0.034586
0.034480
0.034502
0.034467
0.034401
0.034335
0.034372
0.034366
0.034346
0.034319
0.034097
0.034117
0.034108
0.034071
0.033959
0.033978
0.034006
0.033982
0.034041
0.033891
0.033954
0.033858
0.033789
0.033773
0.033789
0.033757
0.033714
0.033773
0.033573
0.033555
0.033533
0.033497
0.033448
0.033435
0.033379
0.033367
0.033343
0.033398
0.033344
0.033319
0.033414
0.033329
0.033304
0.033291
0.033232
0.033178
0.033107
0.033093
0.033119
0.033091
0.033116
0.033083
0.033134
0.033062
0.033076
0.033006
0.032961
0.032948
0.032912
0.032901
0.032930
0.032863
0.032863
0.032852
0.032878
0.032815
0.032760
0.032712
0.032689
0.032677
0.032666
0.032614
0.032683
0.032611
0.032618
0.032632
0.032587
0.032574
0.032651
0.032590
0.032591
0.032552
0.032633
0.032594
0.032632
0.032581
0.032568
0.032491
0.032402
0.032419
0.032370
0.032424
0.032423
0.032450
0.032406
0.032384
0.032283
0.032320
0.032230
0.032286
0.032293
0.032291
0.032283
0.032216
0.032216
0.032203
0.032166
0.032072
0.032116
0.032099
0.032127
0.032119
0.032189
0.032134
0.032148
0.032070
0.032070
0.032015
0.032028
0.031926
0.031993
0.031959
0.031990
0.031964
0.031896
0.031831
0.031878
0.031824
0.031795
0.031748
0.031723
0.031672
0.031711
0.031676
0.031657
0.031711
0.031626
0.031659
0.031571
0.031616
0.031571
0.031570
0.031522
0.031477
0.031463
0.031435
0.031425
0.031474
0.031497
0.031497
0.031453
0.031453
0.031409
0.031373
0.031375
0.031332
0.031390
0.031347
0.031347
0.031318
0.031301
0.031301
0.031262
0.031202
0.031243
0.031247
0.031282
0.031353
0.031266
0.031267
0.031270
0.031204
0.031204
0.031173
0.031142
0.031171
0.031191
0.031161
0.031124
0.031132
0.031133
0.031133
0.031133
0.031178
0.031139
0.031190
0.031190
0.031151
0.031163
0.031163
0.031094
0.031094
0.031094
0.031049
0.031012
0.031043
0.031025
0.030988
0.030988
0.031002
0.030986
0.030950
0.031036
0.031036
0.031036
0.031063
0.031096
0.031098
0.031132
0.031067
0.031070
0.031070
0.031070
0.031036
0.030992
0.030958
0.030991
0.030980
0.030980
0.030980
0.031014
0.030912
0.030899
0.030856
0.030849
0.030842
0.030809
0.030790
0.030785
0.030777
0.030750
0.030714
0.030714
0.030712
0.030712
0.030718
0.030684
0.030718
0.030718
0.030740
0.030726
0.030694
0.030694
0.030617
0.030617
0.030579
0.030548
0.030548
0.030556
0.030556
0.030556
0.030556
0.030552
0.030552
0.030552
0.030552
0.030506
0.030506
0.030476
0.030437
0.030421
0.030430
0.030434
0.030455
0.030458
0.030458
0.030465
0.030473
0.030482
0.030482
0.030491
0.030433
0.030433
0.030426
0.030436
0.030436
0.030411
0.030411
0.030422
0.030422
0.030434
0.030390
0.030425
0.030425
0.030425
0.030410
0.030410
0.030410
0.030410
0.030373
0.030400
0.030315
0.030315
0.030316
0.030353
0.030321
0.030294
0.030294
0.030294
0.030294
0.030254
0.030228
0.030228
0.030196
0.030196
0.030196
0.030229
0.030229
0.030261
0.030250
0.030224
0.030210
0.030210
0.030226
0.030192
0.030116
0.030116
0.030081
0.030024
0.029990
0.029983
0.029930
0.029961
0.029955
0.029950
0.029946
0.029946
0.029903
0.029932
0.029904
0.029904
0.029904
0.029903
0.029908
0.029908
0.029824
0.029785
0.029785
0.029785
0.029785
0.029678
0.029678
0.029678
0.029678
0.029638
0.029638
0.029638
0.029638
0.029600
0.029600
0.029600
0.029630
0.029606
0.029523
0.029523
0.029523
0.029498
0.029493
0.029497
0.029508
0.029514
0.029514
0.029481
0.029489
0.029533
0.029509
0.029518
0.029528
0.029486
0.029471
0.029482
0.029482
0.029453
0.029453
0.029453
0.029453
0.029465
0.029465
0.029465
0.029465
0.029473
0.029486
0.029359
0.029359
0.029370
0.029370
0.029370
0.029370
0.029370
0.029370
0.029370
0.029370
0.029345
0.029345
0.029299
0.029260
0.029260
0.029237
0.029237
0.029237
0.029237
0.029239
0.029239
0.029234
0.029234
0.029188
0.029150
0.029137
0.029099
0.029099
0.029099
0.029099
0.029099
0.029131
0.029062
0.029007
0.028954
0.028947
0.028918
0.028976
0.028935
0.028930
0.028926
0.028926
0.028923
0.028923
0.028874
0.028874
0.028825
0.028824
0.028824
0.028824
0.028788
0.028788
0.028788
0.028788
0.028741
0.028741
0.028706
0.028706
0.028706
0.028706
0.028670
0.028648
0.028616
0.028616
0.028616
0.028570
0.028537
0.028568
0.028558
0.028558
0.028558
0.028558
0.028535
0.028540
0.028550
0.028476
0.028476
0.028483
0.028490
0.028499
0.028466
0.028475
0.028485
0.028485
0.028447
0.028490
0.028444
0.028456
0.028489
0.028458
0.028491
0.028494
0.028494
0.028473
0.028438
0.028405
0.028409
0.028409
0.028402
0.028402
0.028402
0.028365
0.028370
0.028370
0.028370
0.028370
0.028370
0.028338
0.028372
0.028376
0.028342
0.028342
0.028342
0.028342
0.028374
0.028407
0.028337
0.028311
0.028303
0.028292
0.028292
0.028292
0.028328
0.028328
0.028296
0.028296
0.028296
0.028296
0.028225
0.028241
0.028213
0.028159
0.028153
0.028153
0.028148
0.028143
0.028139
0.028139
0.028103
0.028103
0.028068
0.028101
0.028101
0.028055
0.028053
0.028088
0.028087
0.028081
0.028081
0.028081
0.028080
0.028080
0.028080
0.028080
0.028045
0.028045
0.028001
0.028001
0.028001
0.028002
0.028002
0.027984
0.027984
0.027984
0.027984
0.027954
0.027954
0.027954
0.027963
0.027967
0.027934
0.027941
0.027941
0.027948
0.027955
0.027964
0.027964
0.027973
0.027983
0.027983
0.027983
0.027993
0.027989
0.028000
0.027958
0.027958
0.027958
0.027970
0.027970
0.027939
0.027939
0.027939
0.027968
0.027994
0.027994
0.027966
0.027966
0.027966
0.027966
0.027935
0.027935
0.027894
0.027894
0.027907
0.027907
0.027907
0.027941
0.027941
0.027941
0.027907
0.027907
0.027907
0.027907
0.027907
0.027907
0.027907
0.027907
0.027941
0.027941
0.027900
0.027900
0.027900
0.027900
0.027900
0.027871
0.027853
0.027846
0.027800
0.027793
0.027793
0.027788
0.027783
0.027779
0.027779
0.027804
0.027804
0.027801
0.027801
0.027801
0.027799
0.027799
0.027762
0.027794
0.027716
0.027751
0.027751
0.027790
0.027790
0.027790
0.027790
0.027790
0.027755
0.027755
0.027755
0.027755
0.027755
0.027755
0.027755
0.027716
0.027755
0.027755
0.027755
0.027755
0.027755
0.027755
0.027764
0.027768
0.027778
0.027785
0.027785
0.027792
0.027760
0.027769
0.027742
0.027790
0.027800
0.027800
0.027762
0.027773
0.027773
0.027784
0.027784
0.027784
0.027784
0.027796
0.027796
0.027796
0.027796
0.027796
0.027808
0.027808
0.027835
0.027835
0.027835
0.027835
0.027835
0.027835
0.027835
0.027835
0.027848
0.027848
0.027848
0.027848
0.027848
0.027882
0.027882
0.027882
0.027848
0.027848
0.027848
0.027848
0.027848
0.027848
0.027848
0.027823
0.027857
0.027788
0.027763
0.027756
0.027749
0.027706
0.027706
0.027701
0.027696
0.027692
0.027627
0.027623
0.027659
0.027656
0.027656
0.027656
0.027654
0.027654
0.027654
0.027653
0.027653
0.027618
0.027618
0.027618
0.027618
0.027618
0.027618
0.027618
0.027618
0.027618
0.027618
0.027618
0.027618
0.027618
0.027618
0.027618
0.027618
0.027618
0.027618
0.027618
0.027618
0.027618
0.027618
0.027627
0.027657
0.027667
0.027673
0.027673
0.027718
0.027725
0.027734
0.027734
0.027706
0.027716
0.027716
0.027726
0.027726
0.027726
0.027737
0.027737
0.027737
0.027774
0.027786
0.027786
0.027786
0.027786
0.027786
0.027762
0.027762
0.027762
0.027762
0.027762
0.027762
0.027762
0.027773
0.027773
0.027773
0.027786
0.027786
0.027786
0.027788
0.027751
0.027751
0.027749
0.027749
0.027749
0.027783
0.027820
0.027820
0.027820
0.027846
0.027812
0.027742
0.027725
0.027754
0.027747
0.027703
0.027741
0.027735
0.027731
0.027764
0.027764
0.027760
0.027760
0.027758
0.027758
0.027723
0.027721
0.027721
0.027721
0.027720
0.027720
0.027720
0.027720
0.027755
0.027754
0.027754
0.027719
0.027719
0.027719
0.027719
0.027719
0.027719
0.027719
0.027690
0.027690
0.027690
0.027690
0.027690
0.027690
0.027690
0.027720
0.027690
0.027690
0.027690
0.027699
0.027703
0.027713
0.027717
0.027724
0.027724
0.027732
0.027740
0.027740
0.027749
0.027759
0.027759
0.027770
0.027770
0.027803
0.027814
0.027814
0.027814
0.027814
0.027826
0.027826
0.027826
0.027826
0.027826
0.027839
0.027839
0.027839
0.027839
0.027839
0.027839
0.027841
0.027841
0.027841
0.027855
0.027855
0.027855
0.027855
0.027855
0.027855
0.027855
0.027855
0.027855
0.027855
0.027855
0.027855
0.027855
0.027855
0.027855
0.027820
0.027811
0.027795
0.027788
0.027782
0.027782
0.027776
0.027736
0.027732
0.027732
0.027729
0.027726
0.027724
0.027759
0.027759
0.027757
0.027757
0.027757
0.027756
0.027721
0.027721
0.027721
0.027721
0.027720
0.027720
0.027720
0.027720
0.027720
0.027720
0.027720
0.027720
0.027720
0.027721
0.027721
0.027721
0.027721
0.027721
0.027721
0.027721
0.027721
0.027721
0.027721
0.027721
0.027730
0.027734
0.027747
0.027753
0.027800
0.027800
0.027808
0.027816
0.027816
0.027785
0.027795
0.027766
0.027777
0.027777
0.027777
0.027857
0.027857
0.027857
0.027857
0.027869
0.027869
0.027869
0.027838
0.027838
0.027850
0.027850
0.027850
0.027850
0.027850
0.027850
0.027850
0.027850
0.027850
0.027850
0.027864
0.027864
0.027864
0.027864
0.027864
0.027864
0.027864
0.027864
0.027864
0.027897
0.027897
0.027864
0.027864
0.027864
0.027864
0.027794
0.027785
0.027769
0.027762
0.027756
0.027790
0.027785
0.027780
0.027776
0.027776
0.027773
0.027773
0.027735
0.027735
0.027735
0.027733
0.027736
0.027736
0.027735
0.027735
0.027735
0.027770
0.027770
0.027734
0.027734
0.027734
0.027734
0.027734
0.027734
0.027734
0.027734
0.027732
0.027732
0.027732
0.027732
0.027732
0.027732
0.027732
0.027732
0.027732
0.027732
0.027732
0.027732
0.027741
0.027745
0.027756
0.027762
0.027769
0.027769
0.027776
0.027785
0.027785
0.027794
0.027804
0.027804
0.027814
0.027814
0.027814
0.027826
0.027826
0.027826
0.027826
0.027838
0.027838
0.027838
0.027838
0.027838
0.027850
0.027850
0.027850
0.027850
0.027850
0.027850
0.027822
0.027822
0.027822
0.027835
0.027835
0.027835
0.027866
0.027866
0.027866
0.027866
0.027866
0.027866
0.027835
0.027835
0.027835
0.027835
0.027835
0.027766
0.027791
0.027775
0.027769
0.027762
0.027762
0.027722
0.027717
0.027713
0.027713
0.027710
0.027710
0.027707
0.027707
0.027742
0.027740
0.027740
0.027740
0.027780
0.027745
0.027745
0.027745
0.027745
0.027745
0.027704
0.027704
0.027704
0.027704
0.027704
0.027704
0.027745
0.027745
0.027745
0.027745
0.027745
0.027745
0.027745
0.027745
0.027745
0.027745
0.027745
0.027745
0.027745
0.027745
0.027754
0.027758
0.027768
0.027775
0.027782
0.027782
0.027789
0.027798
0.027798
0.027807
0.027817
0.027817
0.027827
0.027827
0.027827
0.027839
0.027839
0.027839
0.027851
0.027851
0.027851
0.027851
0.027851
0.027851
0.027863
0.027863
0.027863
0.027863
0.027863
0.027863
0.027863
0.027863
0.027863
0.027876
0.027876
0.027876
0.027876
0.027876
0.027876
0.027876
0.027876
0.027876
0.027876
0.027876
0.027914
0.027914
0.027914
0.027844
0.027835
0.027782
0.027775
0.027741
0.027741
0.027736
0.027766
0.027762
0.027762
0.027786
0.027823
0.027821
0.027785
0.027785
0.027756
0.027756
0.027719
0.027718
0.027718
0.027718
0.027720
0.027720
0.027720
0.027757
0.027757
0.027757
0.027755
0.027755
0.027755
0.027755
0.027718
0.027718
0.027718
0.027718
0.027718
0.027718
0.027755
0.027755
0.027755
0.027755
0.027755
0.027755
0.027755
0.027764
0.027768
0.027741
0.027748
0.027755
0.027755
0.027762
0.027808
0.027808
0.027817
0.027827
0.027827
0.027838
0.027838
0.027838
0.027849
0.027849
0.027849
0.027861
0.027861
0.027861
0.027861
0.027861
0.027873
0.027873
0.027873
0.027873
0.027873
0.027873
0.027873
0.027873
0.027873
0.027873
0.027887
0.027887
0.027887
0.027887
0.027887
0.027887
0.027887
0.027887
0.027887
0.027887
0.027887
0.027887
0.027887
0.027887
0.027817
0.027843
0.027827
0.027820
0.027814
0.027814
0.027773
0.027810
0.027806
0.027764
0.027761
0.027761
0.027758
0.027758
0.027826
0.027824
0.027792
0.027833
0.027797
0.027797
0.027797
0.027797
0.027797
0.027797
0.027797
0.027728
0.027761
0.027761
0.027761
0.027761
0.027770
0.027770
0.027797
0.027797
0.027797
0.027771
0.027771
0.027771
0.027771
0.027803
0.027803
0.027803
0.027803
0.027777
0.027754
0.027758
0.027768
0.027774
0.027781
0.027781
0.027789
0.027798
0.027798
0.027839
0.027849
0.027849
0.027860
0.027860
0.027827
0.027838
0.027838
0.027838
0.027850
0.027850
0.027850
0.027850
0.027883
0.027895
0.027895
0.027895
0.027895
0.027895
0.027895
0.027863
0.027863
0.027863
0.027863
0.027876
0.027876
0.027876
0.027909
0.027909
0.027909
0.027909
0.027909
0.027909
0.027909
0.027876
0.027876
0.027876
0.027876
0.027807
0.027798
0.027781
0.027807
0.027801
0.027801
0.027795
0.027825
0.027821
0.027821
0.027786
0.027786
0.027748
0.027748
0.027748
0.027746
0.027746
0.027778
0.027777
0.027777
0.027777
0.027777
0.027777
0.027777
0.027744
0.027744
0.027744
0.027744
0.027744
0.027744
0.027744
0.027777
0.027777
0.027777
0.027777
0.027777
0.027777
0.027777
0.027745
0.027745
0.027745
0.027745
0.027745
0.027745
0.027786
0.027790
0.027801
0.027807
0.027814
0.027814
0.027796
0.027830
0.027830
0.027807
0.027817
0.027817
0.027827
0.027827
0.027860
0.027845
0.027845
0.027845
0.027857
0.027857
0.027857
0.027857
0.027857
0.027863
0.027863
0.027863
0.027863
0.027837
0.027870
0.027870
0.027870
0.027870
0.027870
0.027883
0.027883
0.027883
0.027883
0.027851
0.027851
0.027851
0.027851
0.027883
0.027883
0.027883
0.027883
0.027883
0.027814
0.027805
0.027823
0.027816
0.027810
0.027810
0.027805
0.027765
0.027761
0.027803
0.027757
0.027757
0.027755
0.027755
0.027755
0.027753
0.027788
0.027788
0.027787
