1.466715
1.288629
1.119241
0.997690
0.928129
0.898093
0.889674
0.890297
0.890709
0.889784
0.888148
0.886559
0.885563
0.885181
0.885566
0.885700
0.885426
0.885126
0.884535
0.883992
0.883301
0.882466
0.881849
0.881149
0.880460
0.879664
0.878923
0.877807
0.876942
0.876237
0.875377
0.874652
0.873927
0.873286
0.872511
0.871786
0.870898
0.870071
0.869346
0.868499
0.867769
0.866915
0.866202
0.865453
0.864916
0.864066
0.863269
0.862411
0.861562
0.860473
0.859429
0.858419
0.857693
0.856721
0.855790
0.854890
0.853875
0.852892
0.851889
0.850997
0.850110
0.849038
0.848252
0.847214
0.846502
0.845415
0.844461
0.843393
0.842344
0.841333
0.840141
0.839189
0.838180
0.837071
0.836110
0.834984
0.833948
0.832984
0.831941
0.830868
0.829882
0.828760
0.827859
0.826401
0.825117
0.824043
0.823067
0.821885
0.820914
0.819582
0.818601
0.817649
0.816455
0.815387
0.814198
0.813023
0.812016
0.810669
0.809611
0.808683
0.807556
0.806626
0.805548
0.804470
0.803439
0.801922
0.800133
0.798510
0.796834
0.795467
0.793930
0.792397
0.790960
0.789498
0.787905
0.786628
0.785264
0.783933
0.782616
0.781384
0.780165
0.778800
0.777529
0.776349
0.775001
0.773751
0.772539
0.771226
0.770098
0.768778
0.767491
0.766317
0.764803
0.763345
0.761921
0.760485
0.759027
0.757644
0.756374
0.754918
0.753460
0.752230
0.750746
0.749321
0.748041
0.746823
0.745403
0.743969
0.742643
0.741135
0.739525
0.738045
0.736491
0.734920
0.733423
0.731971
0.730617
0.728871
0.726920
0.724998
0.722886
0.721074
0.719135
0.717255
0.715319
0.713601
0.711796
0.709804
0.708048
0.706271
0.704789
0.703253
0.701947
0.700338
0.698657
0.696981
0.695142
0.693224
0.691021
0.688883
0.686875
0.684614
0.682458
0.680490
0.678344
0.676718
0.674905
0.673229
0.671508
0.670057
0.668099
0.666330
0.664443
0.662709
0.660646
0.658944
0.656960
0.655083
0.653166
0.651285
0.649456
0.647636
0.645893
0.643875
0.642002
0.640147
0.638160
0.636289
0.634413
0.632438
0.630501
0.628644
0.626701
0.624781
0.623001
0.621144
0.619203
0.617216
0.615168
0.613307
0.611450
0.609544
0.607508
0.605666
0.603749
0.601946
0.600118
0.598220
0.596450
0.594523
0.592622
0.590820
0.588913
0.587058
0.585249
0.583402
0.581483
0.579436
0.577533
0.575463
0.573497
0.571664
0.569811
0.567755
0.565887
0.563846
0.562031
0.560259
0.558333
0.556428
0.554666
0.552841
0.550694
0.548949
0.547046
0.545065
0.543150
0.541042
0.539202
0.537245
0.535431
0.533356
0.531477
0.529642
0.527692
0.525952
0.524027
0.522002
0.520073
0.518131
0.516297
0.514449
0.512606
0.510622
0.508668
0.506694
0.504924
0.503011
0.501263
0.499452
0.497584
0.495695
0.494088
0.492262
0.490558
0.488712
0.486913
0.485159
0.483477
0.481997
0.480248
0.478601
0.477042
0.475226
0.473596
0.471915
0.470283
0.468692
0.466972
0.465436
0.463676
0.462021
0.460520
0.459018
0.457641
0.456195
0.454689
0.453027
0.451406
0.449677
0.448179
0.446467
0.444978
0.443497
0.442096
0.440584
0.439123
0.437642
0.436060
0.434725
0.433180
0.431666
0.430375
0.428925
0.427549
0.426215
0.424955
0.423718
0.422340
0.421132
0.419757
0.418363
0.417065
0.415869
0.414602
0.413264
0.411919
0.410602
0.409398
0.408072
0.406738
0.405479
0.404347
0.403204
0.401982
0.400698
0.399463
0.398188
0.396940
0.395609
0.394597
0.393381
0.392097
0.390851
0.389685
0.388454
0.387259
0.385979
0.384680
0.383532
0.382261
0.381038
0.379686
0.378596
0.377349
0.376178
0.375032
0.373635
0.372513
0.371208
0.369851
0.368696
0.367497
0.366175
0.364957
0.363713
0.362710
0.361529
0.360221
0.359051
0.357811
0.356635
0.355399
0.354208
0.352971
0.351841
0.350700
0.349561
0.348477
0.347270
0.346245
0.344830
0.343812
0.342696
0.341600
0.340445
0.339340
0.338222
0.337076
0.336046
0.334991
0.333978
0.332944
0.331754
0.330759
0.329910
0.328875
0.328119
0.327077
0.326147
0.325185
0.324168
0.323303
0.322193
0.321371
0.320328
0.319457
0.318561
0.317634
0.316700
0.315800
0.314959
0.314101
0.313126
0.312334
0.311552
0.310756
0.309937
0.309232
0.308408
0.307658
0.306863
0.306139
0.305425
0.304571
0.303820
0.303009
0.302402
0.301770
0.301066
0.300339
0.299718
0.299045
0.298231
0.297588
0.297033
0.296269
0.295620
0.294845
0.294147
0.293382
0.292816
0.292254
0.291478
0.290854
0.290290
0.289730
0.289058
0.288440
0.287867
0.287360
0.286797
0.286259
0.285535
0.284981
0.284351
0.283879
0.283031
0.282643
0.281939
0.281302
0.280891
0.280373
0.279884
0.279384
0.278747
0.278146
0.277714
0.277117
0.276633
0.276039
0.275426
0.274947
0.274304
0.273688
0.273028
0.272511
0.271927
0.271366
0.270854
0.270302
0.269795
0.269264
0.268677
0.268220
0.267628
0.267118
0.266534
0.266043
0.265265
0.264838
0.264148
0.263714
0.263086
0.262521
0.261951
0.261354
0.260881
0.260231
0.259780
0.259414
0.258805
0.258302
0.257713
0.257144
0.256485
0.255759
0.255211
0.254590
0.254068
0.253409
0.252726
0.252338
0.251708
0.251127
0.250584
0.250043
0.249441
0.248803
0.248354
0.247751
0.246988
0.246431
0.245810
0.245169
0.244584
0.244071
0.243634
0.243059
0.242476
0.241913
0.241485
0.240923
0.240421
0.239842
0.239314
0.238754
0.238497
0.238097
0.237634
0.237094
0.236635
0.236147
0.235854
0.235441
0.234841
0.234369
0.234027
0.233644
0.233114
0.232761
0.232302
0.231790
0.231333
0.230926
0.230585
0.230106
0.229841
0.229434
0.229054
0.228745
0.228307
0.227976
0.227629
0.227262
0.226908
0.226645
0.226335
0.225991
0.225610
0.225300
0.225041
0.224652
0.224479
0.224319
0.224016
0.223772
0.223536
0.223294
0.222930
0.222581
0.222385
0.222043
0.221829
0.221661
0.221362
0.221007
0.220796
0.220621
0.220387
0.220103
0.219828
0.219596
0.219404
0.219220
0.219006
0.218699
0.218461
0.218361
0.218191
0.217958
0.217786
0.217478
0.217328
0.217080
0.216964
0.216942
0.216687
0.216551
0.216320
0.216269
0.216035
0.215846
0.215631
0.215619
0.215462
0.215308
0.215105
0.214889
0.214760
0.214596
0.214491
0.214323
0.214136
0.213965
0.213884
0.213783
0.213627
0.213554
0.213441
0.213310
0.213207
0.213089
0.212963
0.212833
0.212769
0.212522
0.212449
0.212329
0.212209
0.212041
0.211975
0.211910
0.211784
0.211723
0.211559
0.211388
0.211215
0.211149
0.211074
0.210902
0.210770
0.210654
0.210646
0.210568
0.210546
0.210434
0.210380
0.210274
0.210185
0.210059
0.209951
0.209832
0.209754
0.209701
0.209625
0.209473
0.209424
0.209335
0.209170
0.209015
0.209013
0.208971
0.208996
0.208860
0.208787
0.208642
0.208563
0.208485
0.208301
0.208256
0.208234
0.208157
0.208055
0.208045
0.207853
0.207810
0.207771
0.207678
0.207563
0.207528
0.207465
0.207376
0.207366
0.207182
0.207177
0.207185
0.207041
0.206881
0.206837
0.206795
0.206686
0.206656
0.206658
0.206451
0.206401
0.206426
0.206293
0.206268
0.206252
0.206189
0.206104
0.206033
0.205918
0.205849
0.205759
0.205771
0.205728
0.205638
0.205526
0.205555
0.205416
0.205430
0.205373
0.205275
0.205261
0.205223
0.205174
0.205023
0.204974
0.204932
0.204888
0.204808
0.204768
0.204641
0.204600
0.204624
0.204468
0.204431
0.204426
0.204335
0.204217
0.204228
0.204091
0.203973
0.203966
0.203963
0.203843
0.203758
0.203720
0.203765
0.203675
0.203651
0.203631
0.203553
0.203553
0.203469
0.203437
0.203375
0.203354
0.203247
0.203247
0.203217
0.203127
0.203127
0.203081
0.202984
0.202993
0.202964
0.202936
0.202859
0.202877
0.202789
0.202743
0.202738
0.202703
0.202627
0.202588
0.202588
0.202514
0.202469
0.202466
0.202401
0.202401
0.202403
0.202309
0.202232
0.202263
0.202191
0.202191
0.202158
0.202084
0.202034
0.201926
0.201829
0.201879
0.201856
0.201868
0.201861
0.201822
0.201824
0.201710
0.201678
0.201648
0.201525
0.201525
0.201520
0.201487
0.201440
0.201390
0.201417
0.201384
0.201384
0.201314
0.201290
0.201290
0.201292
0.201210
0.201133
0.201074
0.201103
0.201024
0.201024
0.200999
0.200949
0.200910
0.200910
0.200920
0.200855
0.200767
0.200731
0.200759
0.200692
0.200646
0.200596
0.200596
0.200532
0.200564
0.200546
0.200553
0.200516
0.200488
0.200409
0.200409
0.200348
0.200351
0.200310
0.200301
0.200265
0.200270
0.200243
0.200243
0.200182
0.200182
0.200215
0.200200
0.200138
0.200069
0.200043
0.199974
0.199952
0.199796
0.199796
0.199796
0.199798
0.199769
0.199772
0.199772
0.199772
0.199752
0.199718
0.199632
0.199621
0.199598
0.199494
0.199437
0.199402
0.199402
0.199383
0.199365
0.199282
0.199282
0.199214
0.199214
0.199177
0.199174
0.199156
0.199127
0.199145
0.199145
0.199060
0.199006
0.199006
0.198961
0.198961
0.198913
0.198913
0.198913
0.198892
0.198936
0.198891
0.198823
0.198823
0.198842
0.198827
0.198777
0.198777
0.198727
0.198727
0.198696
0.198658
0.198658
0.198614
0.198570
0.198570
0.198570
0.198551
0.198532
0.198532
0.198467
0.198422
0.198410
0.198370
0.198420
0.198352
0.198323
0.198285
0.198235
0.198235
0.198275
0.198220
0.198220
0.198214
0.198197
0.198129
0.198178
0.198138
0.198138
0.198138
0.198101
0.198101
0.198062
0.198047
0.198003
0.198003
0.198003
0.197999
0.197999
0.197952
0.197952
0.197940
0.197962
0.197962
0.197962
0.197842
0.197803
0.197803
0.197797
0.197840
0.197850
0.197884
0.197884
0.197819
0.197819
0.197819
0.197815
0.197771
0.197720
0.197691
0.197688
0.197688
0.197662
0.197662
0.197686
0.197684
0.197684
0.197673
0.197635
0.197635
0.197635
0.197592
0.197566
0.197566
0.197566
0.197519
0.197519
0.197519
0.197544
0.197544
0.197544
0.197544
0.197545
0.197482
0.197475
0.197439
0.197441
0.197398
0.197396
0.197396
0.197396
0.197362
0.197382
0.197382
0.197382
0.197359
0.197359
0.197359
0.197359
0.197327
0.197327
0.197322
0.197322
0.197322
0.197282
0.197282
0.197282
0.197309
0.197280
0.197215
0.197209
0.197209
0.197209
0.197209
0.197209
0.197187
0.197237
0.197203
0.197201
0.197201
0.197201
0.197201
0.197229
0.197189
0.197245
0.197245
0.197187
0.197145
0.197145
0.197145
0.197145
0.197155
0.197155
0.197155
0.197155
0.197156
0.197156
0.197124
0.197124
0.197136
0.197165
0.197165
0.197165
0.197167
0.197167
0.197167
0.197180
0.197139
0.197106
0.197075
0.197075
0.197078
0.197078
0.197100
0.197100
0.197100
0.197100
0.197100
0.197100
0.197105
0.197121
0.197121
0.197092
0.197123
0.197123
0.197123
0.197123
0.197148
0.197107
0.197062
0.197062
0.197062
0.197062
0.197062
0.197078
0.197064
0.197064
0.197085
0.197085
0.197088
0.197050
0.197070
0.197079
0.197079
0.197079
0.197079
0.197079
0.197079
0.197100
0.197110
0.197110
0.197110
0.197110
0.197110
0.197108
0.197108
0.197108
0.197122
0.197122
0.197122
0.197122
0.197107
0.197107
0.197139
0.197152
0.197152
0.197152
0.197176
0.197223
0.197223
0.197223
0.197236
0.197236
0.197236
0.197261
0.197241
0.197220
0.197203
0.197166
0.197166
0.197192
0.197192
0.197152
0.197152
0.197168
0.197168
0.197195
0.197271
0.197230
0.197230
0.197230
0.197247
0.197247
0.197275
0.197239
0.197239
0.197239
0.197199
0.197217
0.197246
0.197246
0.197246
0.197246
0.197246
0.197288
0.197288
0.197318
0.197320
0.197362
0.197327
0.197327
0.197347
0.197308
0.197338
0.197338
0.197300
0.197300
0.197324
0.197324
0.197284
0.197315
0.197355
0.197355
0.197392
0.197415
0.197380
0.197380
0.197340
0.197339
0.197339
0.197362
0.197362
0.197362
0.197362
0.197362
0.197362
0.197419
0.197459
0.197459
0.197459
0.197459
0.197459
0.197424
0.197392
0.197426
0.197426
0.197426
0.197426
0.197426
0.197426
0.197439
0.197364
0.197364
0.197399
0.197399
0.197399
0.197477
0.197504
0.197454
0.197420
0.197420
0.197385
0.197421
0.197421
0.197448
0.197448
0.197448
0.197498
0.197498
0.197498
0.197498
0.197498
0.197530
0.197530
0.197480
0.197480
0.197480
0.197446
0.197446
0.197496
0.197525
0.197525
0.197562
0.197523
0.197523
0.197523
0.197523
0.197523
0.197492
0.197521
0.197487
0.197495
0.197457
0.197457
0.197495
0.197461
0.197461
0.197461
0.197492
0.197492
0.197492
0.197492
0.197462
0.197462
0.197462
0.197462
0.197462
0.197501
0.197533
0.197533
0.197533
0.197533
0.197533
0.197533
0.197504
0.197465
0.197432
0.197395
0.197360
0.197393
0.197423
0.197423
0.197433
0.197433
0.197406
0.197406
0.197406
0.197406
0.197406
0.197406
0.197439
0.197442
0.197442
0.197442
0.197445
0.197445
0.197407
0.197407
0.197376
0.197347
0.197347
0.197388
0.197388
0.197397
0.197397
0.197362
0.197362
0.197349
0.197311
0.197341
0.197341
0.197309
0.197284
0.197284
0.197284
0.197284
0.197254
0.197287
0.197287
0.197287
0.197264
0.197264
0.197264
0.197232
0.197230
0.197230
0.197230
0.197230
0.197208
0.197208
0.197208
0.197205
0.197175
0.197141
0.197187
0.197202
0.197169
0.197169
0.197172
0.197216
0.197200
0.197200
0.197179
0.197179
0.197179
0.197179
0.197177
0.197145
0.197145
0.197096
0.197096
0.197096
0.197066
0.197066
0.197066
0.197096
0.197078
0.197047
0.197085
0.197085
0.197083
0.197083
0.197048
0.197031
0.197031
0.197003
0.196974
0.196974
0.196974
0.196974
0.196957
0.197000
0.197000
0.197000
0.196963
0.196932
0.196932
0.196916
0.196919
0.196919
0.196919
0.196926
0.196926
0.196898
0.196884
0.196815
0.196815
0.196845
0.196845
0.196845
0.196845
0.196804
0.196804
0.196770
0.196770
0.196770
0.196770
0.196740
0.196728
0.196701
0.196701
0.196701
0.196701
0.196731
0.196720
0.196720
0.196720
0.196694
0.196647
0.196647
0.196647
0.196637
0.196637
0.196607
0.196582
0.196585
0.196585
0.196576
0.196576
0.196606
0.196606
0.196570
0.196546
0.196543
0.196536
0.196536
0.196507
0.196507
0.196473
0.196450
0.196414
0.196414
0.196414
0.196414
0.196414
0.196444
0.196444
0.196417
0.196417
0.196417
0.196417
0.196417
0.196417
0.196414
0.196392
0.196392
0.196362
0.196362
0.196362
0.196360
0.196390
0.196390
0.196370
0.196370
0.196370
0.196369
0.196369
0.196369
0.196369
0.196350
0.196350
0.196351
0.196321
0.196321
0.196321
0.196321
0.196332
0.196334
0.196299
0.196265
0.196265
0.196265
0.196265
0.196252
0.196252
0.196252
0.196252
0.196252
0.196252
0.196256
0.196240
0.196240
0.196240
0.196240
0.196240
0.196246
0.196246
0.196231
0.196231
0.196231
0.196199
0.196207
0.196207
0.196207
0.196193
0.196193
0.196193
0.196201
0.196201
0.196201
0.196201
0.196156
0.196562
0.198535
0.203056
0.209894
0.218514
0.228135
0.238089
0.248098
0.257671
0.266897
0.275956
0.285038
0.294282
0.303803
0.313510
0.323199
0.332356
0.340377
0.346784
0.351305
0.353930
0.355101
0.355148
0.354593
0.353831
0.353237
0.352921
0.352941
0.353185
0.353505
0.353711
0.353698
0.353487
0.353086
0.352562
0.352040
0.351518
0.351165
0.350993
0.350946
0.350962
0.351105
0.351215
0.351265
0.351275
0.351259
0.351180
0.351101
0.351024
0.351008
0.350832
0.349678
0.346598
0.341240
0.333928
0.325252
0.316001
0.306820
0.298191
0.290139
0.282637
0.275466
0.268685
0.262261
0.256441
0.251472
0.247846
0.245802
0.245406
0.246317
0.247903
0.249705
0.251199
0.252023
0.251999
0.250992
0.249088
0.246573
0.243843
0.241412
0.239650
0.238791
0.238912
0.239776
0.240950
0.242119
0.243100
0.243678
0.244032
0.244530
0.246055
0.248492
0.251366
0.253957
0.255730
0.256251
0.255551
0.253882
0.251594
0.249281
0.247287
0.246029
0.245724
0.246235
0.247180
0.247969
0.248490
0.248524
0.248382
0.248313
0.248435
0.248552
0.248480
0.248382
0.248234
0.248238
0.248363
0.248343
0.248136
0.248027
0.248018
0.248182
0.248474
0.248821
0.249098
0.249194
0.249104
0.248939
0.248776
0.248641
0.248555
0.248528
0.248555
0.248551
0.248534
0.248438
0.248331
0.248174
0.248000
0.247827
0.247685
0.247433
0.247258
0.247100
0.246895
0.246736
0.246547
0.246389
0.246238
0.246080
0.245842
0.245684
0.245478
0.245340
0.245135
0.244977
0.244771
0.244581
0.244375
0.244254
0.244117
0.243942
0.243737
0.243579
0.243342
0.243184
0.242904
0.242697
0.242315
0.241945
0.241461
0.241062
0.240630
0.240325
0.239876
0.239511
0.239064
0.238670
0.238259
0.237886
0.237477
0.237082
0.236658
0.236264
0.235796
0.235438
0.235025
0.234636
0.234163
0.233767
0.233305
0.232881
0.232465
0.232102
0.231672
0.231284
0.230829
0.230500
0.230036
0.229619
0.229187
0.228773
0.228296
0.227913
0.227374
0.226963
0.226465
0.226031
0.225564
0.225116
0.224622
0.224159
0.223666
0.223157
0.222666
0.222183
0.221585
0.221174
0.220645
0.220100
0.219495
0.218999
0.218432
0.217885
0.217297
0.216779
0.216245
0.215664
0.215058
0.214543
0.213901
0.213344
0.212715
0.212159
0.211557
0.210960
0.210360
0.209764
0.209121
0.208552
0.208008
0.207392
0.206804
0.206188
0.205619
0.204925
0.204382
0.203808
0.203240
0.202590
0.202047
0.201482
0.200897
0.200255
0.199694
0.199130
0.198612
0.197987
0.197469
0.196845
0.196353
0.195789
0.195252
0.194713
0.194176
0.193592
0.193009
0.192419
0.191926
0.191368
0.190861
0.190347
0.189879
0.189364
0.188817
0.188286
0.187806
0.187292
0.186825
0.186341
0.185843
0.185356
0.184878
0.184391
0.183908
0.183464
0.183025
0.182551
0.182103
0.181660
0.181223
0.180781
0.180368
0.179897
0.179447
0.178817
0.178304
0.177715
0.177105
0.176511
0.175951
0.175348
0.174860
0.174403
0.173879
0.173484
0.173011
0.172584
0.172116
0.171727
0.171158
0.170758
0.170237
0.169793
0.169388
0.168902
0.168403
0.168036
0.167556
0.167117
0.166721
0.166216
0.165785
0.165351
0.164921
0.164470
0.164012
0.163507
0.163130
0.162670
0.162200
0.161826
0.161302
0.160872
0.160403
0.159940
0.159467
0.159035
0.158583
0.158130
0.157631
0.157226
0.156724
0.156198
0.155754
0.155326
0.154834
0.154399
0.153902
0.153403
0.152925
0.152438
0.151966
0.151523
0.151028
0.150560
0.150064
0.149561
0.149016
0.148578
0.148015
0.147539
0.147154
0.146603
0.146146
0.145674
0.145041
0.144621
0.144160
0.143670
0.143147
0.142752
0.142239
0.141783
0.141405
0.140855
0.140488
0.140001
0.139487
0.139063
0.138614
0.138250
0.137754
0.137457
0.137037
0.136527
0.136196
0.135812
0.135362
0.134993
0.134604
0.134251
0.133862
0.133514
0.133126
0.132830
0.132477
0.132154
0.131844
0.131404
0.131111
0.130776
0.130436
0.130102
0.129832
0.129499
0.129193
0.128934
0.128581
0.128259
0.127994
0.127677
0.127436
0.127150
0.126850
0.126542
0.126328
0.126030
0.125746
0.125491
0.125216
0.124947
0.124656
0.124473
0.124205
0.123935
0.123743
0.123477
0.123233
0.122978
0.122818
0.122557
0.122260
0.122079
0.121789
0.121646
0.121358
0.121182
0.120895
0.120780
0.120516
0.120333
0.120095
0.119833
0.119612
0.119464
0.119271
0.118956
0.118741
0.118520
0.118343
0.118108
0.117939
0.117670
0.117434
0.117296
0.117105
0.116856
0.116624
0.116362
0.116156
0.115938
0.115752
0.115522
0.115249
0.115047
0.114851
0.114654
0.114438
0.114213
0.113980
0.113740
0.113512
0.113219
0.113003
0.112735
0.112550
0.112241
0.111955
0.111756
0.111564
0.111272
0.110990
0.110726
0.110498
0.110290
0.109965
0.109757
0.109534
0.109276
0.108891
0.108582
0.108321
0.108086
0.107774
0.107502
0.107125
0.106847
0.106684
0.106293
0.105975
0.105733
0.105408
0.105126
0.104832
0.104457
0.104184
0.103871
0.103495
0.103264
0.102956
0.102649
0.102253
0.101982
0.101700
0.101267
0.100937
0.100599
0.100201
0.099922
0.099617
0.099315
0.098971
0.098583
0.098229
0.097946
0.097568
0.097127
0.096725
0.096456
0.096101
0.095730
0.095336
0.095071
0.094639
0.094280
0.093886
0.093555
0.093171
0.092827
0.092439
0.092097
0.091606
0.091351
0.090980
0.090597
0.090196
0.089910
0.089530
0.089094
0.088764
0.088390
0.088037
0.087648
0.087325
0.086930
0.086423
0.086108
0.085812
0.085441
0.085037
0.084714
0.084298
0.083961
0.083643
0.083301
0.082869
0.082533
0.082174
0.081813
0.081409
0.081072
0.080799
0.080460
0.080129
0.079767
0.079430
0.079196
0.078768
0.078521
0.078164
0.077834
0.077519
0.077187
0.076945
0.076606
0.076331
0.076049
0.075740
0.075540
0.075231
0.074879
0.074613
0.074356
0.074006
0.073772
0.073490
0.073226
0.072915
0.072635
0.072355
0.072190
0.071945
0.071660
0.071431
0.071158
0.070865
0.070638
0.070317
0.070101
0.069909
0.069637
0.069325
0.069120
0.068908
0.068650
0.068460
0.068219
0.067949
0.067760
0.067510
0.067315
0.067081
0.066917
0.066693
0.066439
0.066311
0.066022
0.065844
0.065708
0.065526
0.065302
0.065130
0.064955
0.064732
0.064603
0.064422
0.064232
0.064040
0.063878
0.063708
0.063533
0.063391
0.063206
0.063002
0.062835
0.062694
0.062575
0.062373
0.062186
0.062031
0.061919
0.061721
0.061519
0.061437
0.061266
0.061055
0.060911
0.060795
0.060636
0.060520
0.060361
0.060228
0.060057
0.059905
0.059717
0.059485
0.059330
0.059208
0.059054
0.058982
0.058830
0.058648
0.058472
0.058321
0.058144
0.058044
0.057813
0.057666
0.057456
0.057303
0.057098
0.056960
0.056825
0.056618
0.056484
0.056349
0.056158
0.055939
0.055758
0.055660
0.055452
0.055225
0.055046
0.054833
0.054656
0.054483
0.054333
0.054124
0.053964
0.053784
0.053571
0.053415
0.053202
0.052962
0.052733
0.052500
0.052263
0.052026
0.051816
0.051665
0.051423
0.051211
0.050979
0.050819
0.050634
0.050381
0.050174
0.049905
0.049732
0.049460
0.049210
0.049019
0.048748
0.048492
0.048243
0.048045
0.047776
0.047543
0.047296
0.046998
0.046786
0.046554
0.046308
0.046132
0.045856
0.045607
0.045383
0.045093
0.044917
0.044691
0.044464
0.044238
0.044017
0.043792
0.043583
0.043312
0.043104
0.042927
0.042758
0.042550
0.042230
0.042072
0.041848
0.041639
0.041505
0.041281
0.041123
0.040915
0.040708
0.040518
0.040318
0.040207
0.040000
0.039826
0.039668
0.039546
0.039397
0.039239
0.039094
0.038937
0.038779
0.038634
0.038524
0.038318
0.038244
0.038100
0.037910
0.037815
0.037628
0.037538
0.037445
0.037305
0.037163
0.037091
0.036949
0.036824
0.036749
0.036610
0.036532
0.036398
0.036328
0.036191
0.036178
0.036038
0.035962
0.035876
0.035790
0.035767
0.035627
0.035599
0.035464
0.035498
0.035382
0.035343
0.035190
0.035212
0.035119
0.035117
0.034980
0.034978
0.034934
0.034849
0.034787
0.034713
0.034596
0.034597
0.034505
0.034497
0.034406
0.034378
0.034356
0.034299
0.034285
0.034244
0.034202
0.034159
0.034147
0.034106
0.034041
0.034052
0.034034
0.033991
0.033963
0.033923
0.033861
0.033884
0.033857
0.033818
0.033779
0.033779
0.033778
0.033692
0.033749
0.033744
0.033706
0.033578
0.033603
0.033581
0.033544
0.033576
0.033538
0.033581
0.033544
0.033460
0.033517
0.033514
0.033531
0.033541
0.033459
0.033481
0.033484
0.033500
0.033419
0.033482
0.033466
0.033481
0.033481
0.033447
0.033401
0.033415
0.033439
0.033405
0.033405
0.033354
0.033378
0.033369
0.033361
0.033361
0.033328
0.033305
0.033272
0.033298
0.033297
0.033297
0.033315
0.033315
0.033266
0.033235
0.033235
0.033235
0.033258
0.033255
0.033218
0.033173
0.033173
0.033143
0.033227
0.033198
0.033198
0.033169
0.033169
0.033169
0.033126
0.033150
0.033156
0.033156
0.033092
0.033122
0.033095
0.033095
0.033093
0.033050
0.033089
0.033089
0.033049
0.033049
0.033023
0.032994
0.033020
0.032995
0.032995
0.033006
0.032964
0.032971
0.032928
0.032904
0.032904
0.032904
0.032913
0.032913
0.032890
0.032882
0.032860
0.032860
0.032871
0.032829
0.032772
0.032767
0.032701
0.032680
0.032714
0.032724
0.032724
0.032696
0.032696
0.032646
0.032681
0.032662
0.032616
0.032625
0.032585
0.032567
0.032567
0.032538
0.032491
0.032491
0.032471
0.032463
0.032447
0.032483
0.032468
0.032439
0.032376
0.032406
0.032391
0.032391
0.032366
0.032366
0.032353
0.032325
0.032264
0.032192
0.032192
0.032180
0.032169
0.032158
0.032171
0.032160
0.032143
0.032132
0.032132
0.032123
0.032086
0.032077
0.032076
0.032076
0.032019
0.032019
0.032012
0.031986
0.031930
0.031969
0.031969
0.031963
0.031914
0.031850
0.031850
0.031845
0.031796
0.031827
0.031863
0.031839
0.031787
0.031787
0.031787
0.031756
0.031706
0.031706
0.031682
0.031682
0.031632
0.031673
0.031673
0.031673
0.031574
0.031574
0.031576
0.031607
0.031607
0.031560
0.031539
0.031539
0.031542
0.031466
0.031507
0.031511
0.031492
0.031404
0.031409
0.031441
0.031441
0.031421
0.031322
0.031322
0.031322
0.031360
0.031312
0.031312
0.031302
0.031277
0.031277
0.031229
0.031281
0.031281
0.031264
0.031274
0.031203
0.031203
0.031203
0.031214
0.031151
0.031151
0.031151
0.031140
0.031140
0.031093
0.031078
0.031078
0.031092
0.031045
0.031023
0.031023
0.031025
0.030986
0.030940
0.030940
0.030940
0.030935
0.030877
0.030877
0.030877
0.030877
0.030908
0.030828
0.030817
0.030817
0.030817
0.030772
0.030772
0.030836
0.030838
0.030793
0.030793
0.030793
0.030793
0.030793
0.030674
0.030695
0.030695
0.030695
0.030651
0.030651
0.030626
0.030626
0.030582
0.030605
0.030605
0.030567
0.030480
0.030501
0.030501
0.030501
0.030459
0.030459
0.030454
0.030438
0.030438
0.030396
0.030421
0.030421
0.030418
0.030323
0.030323
0.030323
0.030323
0.030320
0.030318
0.030318
0.030304
0.030240
0.030240
0.030239
0.030239
0.030239
0.030148
0.030148
0.030148
0.030148
0.030109
0.030147
0.030087
0.030087
0.030048
0.030013
0.030013
0.030013
0.030001
0.029963
0.029925
0.029928
0.029928
0.029923
0.029923
0.029918
0.029918
0.029923
0.029885
0.029885
0.029885
0.029876
0.029882
0.029878
0.029840
0.029840
0.029840
0.029832
0.029803
0.029841
0.029841
0.029841
0.029841
0.029799
0.029807
0.029807
0.029807
0.029807
0.029735
0.029739
0.029739
0.029739
0.029739
0.029743
0.029743
0.029750
0.029712
0.029712
0.029712
0.029680
0.029692
0.029689
0.029651
0.029651
0.029619
0.029633
0.029633
0.029668
0.029668
0.029619
0.029589
0.029603
0.029603
0.029602
0.029602
0.029602
0.029551
0.029551
0.029513
0.029513
0.029513
0.029568
0.029539
0.029539
0.029539
0.029573
0.029558
0.029558
0.029558
0.029530
0.029492
0.029513
0.029513
0.029513
0.029513
0.029525
0.029579
0.029582
0.029582
0.029582
0.029548
0.029569
0.029545
0.029548
0.029511
0.029511
0.029511
0.029533
0.029533
0.029586
0.029546
0.029546
0.029569
0.029569
0.029575
0.029542
0.029542
0.029544
0.029506
0.029469
0.029476
0.029476
0.029535
0.029573
0.029552
0.029552
0.029561
0.029561
0.029587
0.029553
0.029553
0.029562
0.029465
0.029492
0.029492
0.029492
0.029526
0.029574
0.029574
0.029602
0.029602
0.029585
0.029645
0.029645
0.029611
0.029640
0.029602
0.029602
0.029614
0.029681
0.029666
0.029671
0.029701
0.029675
0.029675
0.029675
0.029675
0.029675
0.029721
0.029708
0.029669
0.029669
0.029669
0.029718
0.029718
0.029787
0.029787
0.029755
0.029724
0.029724
0.029724
0.029724
0.029724
0.029806
0.029769
0.029769
0.029735
0.029769
0.029760
0.029816
0.029849
0.029814
0.029814
0.029814
0.029833
0.029833
0.029833
0.029833
0.029789
0.029844
0.029844
0.029809
0.029809
0.029847
0.029868
0.029868
0.029868
0.029868
0.029899
0.029899
0.029921
0.029888
0.029850
0.029850
0.029806
0.029829
0.029829
0.029867
0.029865
0.029902
0.029870
0.029939
0.029939
0.029939
0.029939
0.029939
0.029939
0.029926
0.029927
0.029895
0.029895
0.029971
0.029971
0.029996
0.029996
0.029996
0.029996
0.029966
0.029969
0.029927
0.029953
0.029916
0.029882
0.029916
0.029924
0.029924
0.029951
0.029990
0.029996
0.029996
0.029996
0.029968
0.029968
0.029995
0.029995
0.029962
0.029921
0.029955
0.029935
0.029935
0.029935
0.029964
0.029964
0.029964
0.029964
0.029937
0.029937
0.029904
0.029904
0.029949
0.029949
0.029956
0.029956
0.029956
0.029956
0.029956
0.029998
0.029998
0.030004
0.030016
0.029982
0.029944
0.029944
0.029944
0.029920
0.029954
0.029954
0.029985
0.029999
0.029999
0.029976
0.029939
0.029939
0.029939
0.029905
0.029905
0.029883
0.029883
0.029932
0.029932
0.029929
0.029929
0.029908
0.029908
0.029908
0.029908
0.029908
0.029908
0.029905
0.029836
0.029870
0.029870
0.029870
0.029903
0.029903
0.029885
0.029885
0.029869
0.029869
0.029869
0.029869
0.029851
0.029851
0.029851
0.029816
0.029852
0.029852
0.029856
0.029856
0.029856
0.029856
0.029856
0.029823
0.029807
0.029807
0.029807
0.029830
0.029830
0.029830
0.029782
0.029782
0.029782
0.029736
0.029736
0.029736
0.029690
0.029714
0.029714
0.029714
0.029751
0.029751
0.029739
0.029707
0.029707
0.029707
0.029733
0.029733
0.029722
0.029691
0.029691
0.029691
0.029691
0.029691
0.029681
0.029678
0.029678
0.029678
0.029678
0.029678
0.029669
0.029669
0.029640
0.029640
0.029668
0.029668
0.029661
0.029661
0.029632
0.029632
0.029632
0.029632
0.029626
0.029626
0.029628
0.029628
0.029628
0.029628
0.029623
0.029623
0.029596
0.029596
0.029596
0.029548
0.029544
0.029544
0.029518
0.029518
0.029518
0.029518
0.029546
0.029546
0.029521
0.029521
0.029521
0.029520
0.029520
0.029520
0.029496
0.029496
0.029496
0.029496
0.029496
0.029529
0.029473
0.029473
0.029473
0.029475
0.029475
0.029475
0.029452
0.029452
0.029452
0.029455
0.029488
0.029488
0.029466
0.029466
0.029466
0.029438
0.029438
0.029438
0.029417
0.029387
0.029343
0.029349
0.029349
0.029382
0.029361
0.029361
0.029369
0.029369
0.029369
0.029336
0.029317
0.029317
0.029326
0.029326
0.029326
0.029326
0.029340
0.029340
0.029350
0.029350
0.029350
0.029321
0.029304
0.029315
0.029283
0.029283
0.029283
0.029283
0.029267
0.029312
0.029312
0.029312
0.029312
0.029312
0.029311
0.029311
0.029311
0.029283
0.029283
0.029283
0.029331
0.029298
0.029298
0.029331
0.029331
0.029347
0.029334
0.029334
0.029334
0.029334
0.029305
0.029305
0.029293
0.029293
0.029293
0.029311
0.029311
0.029301
0.029301
0.029301
0.029320
0.029320
0.029320
0.029312
0.029312
0.029332
0.029332
0.029332
0.029332
0.029324
0.029346
0.029346
0.029346
0.029346
0.029346
0.029339
0.029362
0.029362
0.029362
0.029362
0.029362
0.029380
0.029380
0.029408
0.029408
0.029408
0.029429
0.029429
0.029429
0.029429
0.029387
0.029413
0.029410
0.029410
0.029410
0.029410
0.029410
0.029437
0.029436
0.029436
0.029436
0.029436
0.029436
0.029464
0.029464
0.029464
0.029464
0.029464
0.029464
0.029494
0.029494
0.029494
0.029494
0.029543
0.029546
0.029575
0.029575
0.029536
0.029536
0.029540
0.029540
0.029571
0.029571
0.029571
0.029571
0.029577
0.029577
0.029577
0.029607
0.029607
0.029615
0.029615
0.029615
0.029615
0.029577
0.029618
0.029618
0.029618
0.029618
0.029618
0.029628
0.029628
0.029660
0.029660
0.029660
0.029671
0.029671
0.029635
0.029635
0.029635
0.029682
0.029682
0.029654
0.029654
0.029654
0.029667
0.029667
0.029667
0.029667
0.029667
0.029667
0.029682
0.029710
0.029710
0.029710
0.029710
0.029726
0.029726
0.029762
0.029728
0.029728
0.029745
0.029745
0.029700
0.029700
0.029700
0.029700
0.029719
0.029686
0.029723
0.029723
0.029723
0.029723
0.029743
0.029743
0.029743
0.029743
0.029711
0.029711
0.029732
0.029732
0.029732
0.029770
0.029770
0.029770
0.029762
0.029762
0.029762
0.029718
0.029718
0.029718
0.029742
0.029742
0.029712
0.029712
0.029712
0.029712
0.029712
0.029776
0.029776
0.029748
0.029748
0.029748
0.029748
0.029748
0.029731
0.029731
0.029704
0.029704
0.029704
0.029704
0.029704
0.029731
0.029731
0.029704
0.029704
0.029704
0.029704
0.029663
0.029663
0.029663
0.029666
0.029666
0.029666
0.029666
0.029666
0.029707
0.029683
0.029683
0.029673
0.029673
0.029673
0.029673
0.029649
0.029649
0.029649
0.029649
0.029649
0.029649
0.029679
0.029619
0.029619
0.029619
0.029619
0.029619
0.029619
0.029597
0.029597
0.029597
0.029560
0.029592
0.029592
0.029571
0.029571
0.029571
0.029571
0.029571
0.029535
0.029515
0.029515
0.029515
0.029515
0.029549
0.029549
0.029530
0.029495
0.029495
0.029495
0.029495
0.029495
0.029495
0.029477
0.029477
0.029443
0.029443
0.029443
0.029443
0.029427
0.029427
0.029462
0.029429
0.029429
0.029429
0.029414
0.029414
0.029414
0.029414
0.029382
0.029382
0.029367
0.029367
0.029367
0.029367
0.029367
0.029289
0.029276
0.029276
0.029276
0.029276
0.029276
0.029276
0.029233
0.029233
0.029233
0.029233
0.029233
0.029233
0.029192
0.029192
0.029231
0.029231
0.029231
0.029231
0.029193
0.029193
0.029193
0.029193
0.029193
0.029193
0.029158
0.029158
0.029158
0.029158
0.029158
0.029158
0.029151
0.029125
0.029125
0.029125
0.029125
0.029125
0.029118
0.029094
0.029094
0.029094
0.029094
0.029094
0.029089
0.029065
0.029065
0.029065
0.029065
0.029065
0.029062
0.029039
0.029039
0.028990
0.028990
0.028990
0.028988
0.028988
0.028967
0.028967
0.028967
0.028967
0.028966
0.028966
0.028946
0.028946
0.028946
0.028946
0.028947
0.028947
0.028928
0.028928
0.028928
0.028928
0.028930
0.028930
0.028912
0.028867
0.028867
0.028867
0.028871
0.028871
0.028854
0.028854
0.028854
0.028854
0.028859
0.028859
0.028843
0.028843
0.028843
0.028849
0.028849
0.028849
0.028836
0.028836
0.028836
0.028843
0.028843
0.028843
0.028831
0.028831
0.028831
0.028840
0.028840
0.028840
0.028829
0.028829
0.028839
0.028839
0.028839
0.028839
0.028830
0.028830
0.028841
0.028841
0.028841
0.028841
0.028834
0.028846
0.028846
0.028846
0.028846
0.028846
0.028840
0.028901
0.028901
0.028901
0.028901
0.028901
0.028864
0.028864
0.028864
0.028864
0.028864
0.028880
0.028877
0.028877
0.028877
0.028877
0.028877
0.028894
0.028893
0.028893
0.028893
0.028893
0.028912
0.028912
0.028913
0.028913
0.028913
0.028932
0.028932
0.028932
