1.808233
1.670665
1.552298
1.480697
1.449095
1.439232
1.437682
1.438047
1.438316
1.438179
1.438054
1.438052
1.438388
1.438797
1.439297
1.418320
1.386371
1.363241
1.354192
1.362715
1.388873
1.428722
1.477141
1.528761
1.581105
1.633177
1.685687
1.736339
1.782881
1.823460
1.856356
1.881483
1.898817
1.908824
1.911825
1.908924
1.900323
1.887753
1.872419
1.854717
1.835922
1.817058
1.799399
1.782999
1.769051
1.757010
1.748723
1.742909
1.740508
1.740388
1.743098
1.747564
1.753870
1.760891
1.769180
1.777328
1.785712
1.793573
1.800539
1.806645
1.812263
1.815914
1.818354
1.819793
1.820557
1.820572
1.819623
1.818334
1.816467
1.814648
1.812509
1.810250
1.808083
1.806124
1.803804
1.804241
1.805420
1.807677
1.810146
1.813354
1.816656
1.820924
1.825155
1.830071
1.830122
1.829424
1.827127
1.825126
1.821512
1.817735
1.814019
1.815457
1.818362
1.821573
1.826056
1.830435
1.835301
1.840469
1.846026
1.846644
1.847309
1.846958
1.846534
1.845022
1.843949
1.842175
1.840105
1.842155
1.845527
1.849034
1.852936
1.857915
1.862634
1.868386
1.869057
1.869239
1.868030
1.866951
1.864926
1.863231
1.859953
1.856966
1.853127
1.855219
1.857745
1.861816
1.866168
1.871484
1.876805
1.882841
1.888911
1.890668
1.890921
1.891082
1.890164
1.889556
1.888680
1.886500
1.890297
1.894329
1.900107
1.905796
1.912749
1.919753
1.921972
1.922796
1.923856
1.923693
1.928431
1.934902
1.941596
1.949239
1.956710
1.964232
1.973110
1.976048
1.978328
1.978960
1.979262
1.978212
1.977538
1.972647
1.968714
1.967332
1.966589
1.971693
1.977430
1.984692
1.991342
1.998047
2.004797
2.011950
2.013664
2.014516
2.017713
2.019136
2.019008
2.015897
2.012350
2.014780
2.018183
2.023949
2.030266
2.038248
2.045955
2.054581
2.062624
2.065652
2.066576
2.067303
2.066607
2.066507
2.065024
2.063449
2.062405
2.060575
2.063873
2.067968
2.073677
2.079246
2.085973
2.092775
2.100195
2.107263
2.109735
2.111830
2.110003
2.111750
2.113351
2.114678
2.114396
2.113714
2.116672
2.120814
2.125239
2.130878
2.137796
2.144281
2.152410
2.155087
2.157425
2.158352
2.158556
2.158982
2.158173
2.157573
2.161072
2.165886
2.171832
2.177505
2.184437
2.191414
2.199509
2.206788
2.213929
2.217421
2.219212
2.221060
2.221731
2.222046
2.221081
2.220513
2.219314
2.218243
2.221407
2.225838
2.230576
2.236720
2.242833
2.249988
2.256620
2.263666
2.265961
2.268147
2.268896
2.269626
2.268516
2.267582
2.265644
2.264078
2.261916
2.259611
2.262262
2.265565
2.269808
2.275573
2.281376
2.288112
2.294505
2.301234
2.308994
2.316139
2.319069
2.321677
2.322463
2.322556
2.322652
2.321964
2.320874
2.319892
2.317819
2.321309
2.324812
2.329003
2.334698
2.340200
2.345661
2.352441
2.358539
2.361186
2.362178
2.362767
2.363212
2.362267
2.361224
2.360493
2.363327
2.367276
2.372376
2.377387
2.383292
2.388712
2.390152
2.391245
2.391085
2.390562
2.390151
2.388593
2.392118
2.396076
2.400409
2.406098
2.411374
2.417104
2.423745
2.425437
2.426320
2.427201
2.426870
2.426640
2.425356
2.423747
2.427085
2.430618
2.435527
2.440386
2.445456
2.451560
2.457199
2.459411
2.460221
2.460178
2.460359
2.459398
2.458717
2.456911
2.459477
2.463789
2.468039
2.472920
2.478791
2.484058
2.490418
2.491969
2.492618
2.493447
2.493124
2.492780
2.491547
2.489971
2.493340
2.496897
2.501858
2.506730
2.512674
2.518174
2.523839
2.530214
2.532120
2.533793
2.534096
2.534381
2.533653
2.532552
2.531638
2.529916
2.532907
2.536084
2.540891
2.545697
2.551451
2.556800
2.562136
2.568692
2.570726
2.571835
2.572859
2.572636
2.572090
2.571115
2.570322
2.573187
2.576768
2.581056
2.585676
2.591062
2.596448
2.602204
2.603964
2.604945
2.605250
2.605078
2.604509
2.602808
2.601469
2.604268
2.608136
2.611987
2.617055
2.622593
2.627635
2.629226
2.630129
2.629660
2.629449
2.628951
2.627357
2.626155
2.628471
2.632359
2.636241
2.640913
2.646499
2.651708
2.657272
2.663512
2.665202
2.666117
2.666118
2.666275
2.665331
2.664008
2.662301
2.660270
2.662456
2.665561
2.669311
2.673460
2.678246
2.683178
2.688526
2.689830
2.690315
2.690235
2.689668
2.688644
2.686679
2.684780
2.687158
2.690217
2.693574
2.698007
2.702928
2.708054
2.712724
2.714107
2.713942
2.713744
2.713275
2.711635
2.710155
2.707691
2.710069
2.712605
2.716426
2.720155
2.724904
2.729245
2.734384
2.735138
2.734837
2.734662
2.733249
2.732077
2.729928
2.727264
2.728930
2.732027
2.735206
2.738707
2.738158
2.741940
2.745844
2.749972
2.754261
2.755377
2.754963
2.753954
2.752434
2.750480
2.748168
2.745506
2.747021
2.749339
2.753081
2.756486
2.760157
2.764428
2.768946
2.769318
2.769038
2.768036
2.766561
2.764607
2.762300
2.759025
2.760339
2.762771
2.765960
2.769585
2.773359
2.777522
2.781827
2.782401
2.781357
2.780304
2.778856
2.776931
2.774512
2.771834
2.772665
2.775005
2.777952
2.781476
2.784703
2.788836
2.793233
2.793624
2.792552
2.791538
2.789968
2.788068
2.784972
2.782061
2.783588
2.785257
2.788286
2.791657
2.794730
2.798816
2.803122
2.802887
2.802356
2.800660
2.799073
2.796968
2.793849
2.791099
2.791857
2.794123
2.797018
2.799779
2.803509
2.806767
2.811060
2.810809
2.810296
2.808620
2.806817
2.804265
2.801686
2.798187
2.799557
2.801134
2.804094
2.806854
2.810602
2.813901
2.818168
2.817950
2.817436
2.815622
2.813932
2.811175
2.808043
2.805182
2.805767
2.808054
2.810329
2.813747
2.816738
2.819927
2.823938
2.823680
2.822665
2.821854
2.819848
2.817371
2.815045
2.811894
2.812596
2.814868
2.817173
2.819938
2.823525
2.826823
2.830190
2.830528
2.829537
2.827716
2.826040
2.823393
2.820208
2.817304
2.813354
2.813807
2.815145
2.817907
2.820576
2.823771
2.827692
2.831225
2.835013
2.834868
2.834640
2.832932
2.830792
2.828723
2.825555
2.822179
2.818467
2.819608
2.821045
2.823210
2.826008
2.829580
2.832973
2.836689
2.840428
2.840912
2.840015
2.838194
2.835937
2.833130
2.830546
2.826986
2.823168
2.823505
2.825446
2.827557
2.830089
2.833084
2.836440
2.840663
2.844530
2.844267
2.843272
2.841442
2.839682
2.836791
2.833512
2.830048
2.826048
2.827043
2.828456
2.830516
2.833145
2.836076
2.839481
2.843696
2.847459
2.847149
2.846089
2.844361
2.842010
2.839779
2.836497
2.832955
2.829109
2.829451
2.830749
2.832835
2.836098
2.839168
2.842331
2.845924
2.849745
2.849515
2.848285
2.847040
2.844713
2.841916
2.838675
2.835003
2.831095
2.831541
2.832871
2.835609
2.838235
2.841317
2.844632
2.848257
2.851999
2.851783
2.850647
2.849470
2.847013
2.844094
2.840763
2.837131
2.833166
2.833552
2.834851
2.837012
2.839639
2.843349
2.846667
2.850220
2.853999
2.853702
2.852445
2.850677
2.848282
2.845427
2.842233
2.838583
2.835252
2.835586
2.836924
2.839008
2.841697
2.844710
2.848131
2.851670
2.855441
2.855198
2.854107
2.852123
2.850382
2.847450
2.844118
2.840517
2.836496
2.836885
2.838160
2.840230
2.842899
2.845975
2.849276
2.852820
2.856605
2.856421
2.855931
2.854130
2.851682
2.848803
2.845544
2.841940
2.837915
2.838250
2.839626
2.841593
2.844320
2.847434
2.850759
2.854336
2.858032
2.857764
2.857235
2.855362
2.852956
2.849983
2.846724
2.843105
2.839053
2.839435
2.840727
2.842874
2.845537
2.848549
2.851997
2.855495
2.859164
2.858871
2.857729
2.855816
2.853341
2.850474
2.847235
2.844252
2.840197
2.840531
2.841820
2.843873
2.846582
2.849574
2.852907
2.856388
2.860239
2.859952
2.858806
2.856974
2.854525
2.851596
2.848255
2.844675
2.840599
2.840885
2.842248
2.844328
2.846870
2.849866
2.853308
2.856792
2.860624
2.860381
2.859240
2.858159
2.855661
2.852728
2.849427
2.845762
2.841706
2.841940
2.843318
2.845374
2.847910
2.851010
2.854362
2.857867
2.861611
2.861372
2.860303
2.858482
2.856040
2.853082
2.849744
2.846098
2.842058
2.842424
2.843765
2.845780
2.848451
2.851400
2.854665
2.858201
2.861991
2.861656
2.860543
2.858724
2.856249
2.853335
2.850036
2.846352
2.842379
2.842756
2.844059
2.846116
2.848668
2.851733
2.855085
2.858563
2.862941
2.862696
2.861566
2.859745
2.857313
2.854385
2.851006
2.847308
2.843284
2.843612
2.844972
2.847079
2.849625
2.852670
2.855985
2.859560
2.863305
2.862972
2.861830
2.859942
2.857503
2.854573
2.851328
2.847641
2.843617
2.843934
2.845186
2.847259
2.849912
2.852911
2.856262
2.859767
2.863479
2.863222
2.862179
2.860296
2.857911
2.855019
2.851696
2.848097
2.844034
2.844352
2.845574
2.847632
2.850256
2.853278
2.856632
2.860165
2.863910
2.863671
2.862495
2.860568
2.858084
2.855187
2.851803
2.848139
2.844143
2.844496
2.845806
2.847865
2.850472
2.853474
2.856805
2.860341
2.864039
2.863774
2.862624
2.860768
2.858323
2.855319
2.851978
2.848285
2.844189
2.844525
2.845816
2.847874
2.850529
2.853519
2.856759
2.860336
2.864080
2.863888
2.862772
2.860880
2.858417
2.855440
2.852140
2.848450
2.844437
2.844712
2.846012
2.848090
2.850701
2.853703
2.856983
2.860519
2.864318
2.864049
2.862879
2.861011
2.858550
2.855661
2.852283
2.848590
2.844523
2.844888
2.846203
2.848242
2.850839
2.853924
2.857262
2.860798
2.864572
2.864284
2.863046
2.861173
2.858719
2.855787
2.852437
2.848744
2.844668
2.845032
2.846254
2.848310
2.850946
2.853924
2.857240
2.860780
2.864536
2.864241
2.863096
2.861168
2.858733
2.855846
2.852499
2.848805
2.844709
2.845026
2.846291
2.848386
2.851064
2.853991
2.857308
2.860900
2.864657
2.864368
2.863234
2.861355
2.858873
2.855931
2.852580
2.848890
2.844812
2.845176
2.846449
2.848521
2.851137
2.854144
2.857434
2.860968
2.864727
2.864490
2.863282
2.861434
2.858945
2.855975
2.852626
2.848954
2.844890
2.845250
2.846523
2.848585
2.851203
2.854206
2.857531
2.861079
2.864876
2.864604
2.863444
2.861644
2.859161
2.856217
2.852920
2.849229
2.845223
2.845541
2.846814
2.848910
2.851497
2.854504
2.857831
2.861424
2.865195
2.864906
2.863768
2.861893
2.859410
2.856469
2.853085
2.849438
2.845421
2.845745
2.847074
2.849144
2.851742
2.854716
2.858004
2.861554
2.865321
2.865078
2.863943
2.862024
2.859557
2.856621
2.853277
2.849585
2.845556
2.845874
2.847271
2.849292
2.851908
2.854884
2.858210
2.861759
2.865520
2.865260
2.864012
2.862135
2.859827
2.856855
2.853555
2.849863
2.845798
2.846150
2.847424
2.849456
2.852121
2.855097
2.858424
2.861923
2.865709
2.865420
2.864259
2.862341
2.859860
2.857004
2.853624
2.850007
2.845969
2.846373
2.847654
2.849691
2.852303
2.855314
2.858562
2.862142
2.865838
2.865550
2.864438
2.862589
2.860108
2.857216
2.853876
2.850215
2.846233
2.846568
2.847898
2.849919
2.852531
2.855468
2.858852
2.862358
2.866105
2.865851
2.864702
2.862804
2.860340
2.857448
2.854135
2.850446
2.846488
2.846806
2.848019
2.850063
2.852642
2.855732
2.858972
2.862519
2.866284
2.865998
2.864897
2.862979
2.860525
2.857606
2.854308
2.850659
2.846592
2.846910
2.848141
2.850239
2.852890
2.855906
2.859234
2.862836
2.866513
2.866241
2.865150
2.863191
2.860791
2.857894
2.854549
2.850891
2.846823
2.847169
2.849094
2.851081
2.853741
2.856757
2.860084
2.863664
2.867433
2.867144
2.865977
2.864056
2.861609
2.858713
2.855361
2.851713
2.847675
2.847976
2.849257
2.851279
2.853920
2.856953
2.860281
2.863833
2.867569
2.867280
2.866187
2.864266
2.861739
2.858825
2.855479
2.851783
2.847743
2.848061
2.849308
2.851330
2.853950
2.856983
2.860386
2.863938
2.867702
2.867419
2.866207
2.864286
2.861818
2.858877
2.855547
2.851868
2.847807
2.848172
2.849448
2.851503
2.854123
2.857146
2.860480
2.864005
2.867803
2.867520
2.866353
2.864399
2.862016
2.859126
2.855826
2.852132
2.848071
2.848396
2.849643
2.851715
2.854319
2.857335
2.860668
2.864270
2.868039
2.867749
2.866618
2.864747
2.862267
2.859240
2.855951
2.852258
2.848218
2.848536
2.849821
2.851894
2.854457
2.857477
2.860822
2.864367
2.868130
2.867835
2.866718
2.864839
2.862376
2.859476
2.856124
2.852396
2.848237
2.848549
2.849899
2.851953
2.854528
2.857500
2.860817
2.864414
2.868224
2.867958
2.866790
2.864917
2.862424
2.859471
2.856118
2.852422
2.848339
2.848694
2.849930
2.852031
2.854695
2.857663
2.860982
2.864558
2.868324
2.868048
2.866930
2.864973
2.862479
2.859577
2.856292
2.852625
2.848554
2.848873
2.850152
2.852214
2.854823
2.857799
2.861154
2.864702
2.868470
2.868180
2.867009
2.865130
2.862637
2.859700
2.856409
2.852704
2.848597
2.848963
2.850243
2.852299
2.854916
2.857886
2.861249
2.864828
2.868597
2.868302
2.867104
2.865243
2.862748
2.859791
2.856433
2.852725
2.848678
2.848997
2.850314
2.852371
2.854906
2.857928
2.861297
2.864891
2.868661
2.868444
2.867275
2.865398
2.862902
2.859943
2.856507
2.852798
2.848773
2.849091
2.850322
2.852344
2.854936
2.858005
2.861329
2.864850
2.868622
2.868280
2.867110
2.865163
2.862766
2.859807
2.856447
2.852738
2.848655
2.849016
2.850298
2.852272
2.854880
2.857865
2.861183
2.864787
2.868561
2.868271
2.867062
2.865130
2.862677
2.859773
2.856440
2.852692
2.848614
2.848926
2.850165
2.852185
2.854759
2.857788
2.861152
2.864707
2.868481
2.868185
2.867014
2.865082
2.862587
2.859600
2.856244
2.852609
2.848523
2.848842
2.850131
2.852185
2.854760
2.857790
2.861109
2.864724
2.868499
2.868171
2.867000
2.865061
2.862499
2.859542
2.856180
2.852510
2.848431
2.848713
2.849950
2.852026
2.854647
2.857677
2.860996
2.864600
2.868330
2.868040
2.866887
2.864965
2.862466
2.859510
2.856194
2.852398
2.848279
2.848598
2.849882
2.851942
2.854563
2.857596
2.860874
2.864430
2.868205
2.867869
2.866736
2.864724
2.862272
2.859306
2.855982
2.852237
2.848158
2.848433
2.849772
2.851879
2.854500
2.857430
2.860692
2.864202
2.867977
2.867727
2.866540
2.864666
2.862136
2.859214
2.855863
2.852151
2.848114
2.848433
2.849685
2.851717
2.854288
2.857323
2.860643
2.864200
2.867936
2.867608
2.866424
2.864483
2.862041
2.859117
2.855729
2.852018
2.847939
2.848258
2.849547
2.851563
2.854154
2.857178
2.860504
2.864066
2.867828
2.867532
2.866437
2.864478
2.861977
2.859066
2.855671
2.851960
2.847881
2.848148
2.849387
2.851457
2.854066
2.857091
2.860461
2.863988
2.867763
2.867467
2.866279
2.864379
2.861880
2.858928
2.855560
2.851848
2.847695
2.848019
2.849297
2.851409
2.853970
2.857007
2.860328
2.863855
2.867631
2.867343
2.866191
2.864923
2.864177
2.859319
2.846014
2.858240
2.874744
2.890649
2.903750
2.914484
2.921599
2.927826
2.913966
2.871926
2.808924
2.727251
2.631249
2.524993
2.452915
2.414267
2.436946
2.489444
2.559145
2.631639
2.698404
2.757151
2.807548
2.849233
2.883263
2.909861
2.929123
2.943615
2.953310
2.958728
2.960581
2.960704
2.958599
2.954785
2.949249
2.942076
2.933482
2.923881
2.912769
2.901900
2.891022
2.880709
2.870862
2.864805
2.861360
2.859899
2.860261
2.862143
2.864380
2.865418
2.865437
2.863968
2.861306
2.857603
2.853504
2.849351
2.841489
2.833755
2.825436
2.816855
2.808103
2.799083
2.790479
2.783173
2.776287
2.771146
2.766549
2.763374
2.760333
2.758099
2.725820
2.645962
2.526812
2.374151
2.188869
2.087102
2.016530
1.954958
1.900629
1.851910
1.807905
1.766410
1.727714
1.689166
1.652227
1.617159
1.583591
1.553288
1.526209
1.500953
1.479690
1.461314
1.443700
1.427707
1.413199
1.399318
1.386873
1.375592
1.365190
1.355587
1.346472
1.337897
1.330151
1.322723
1.315561
1.309007
1.302475
1.296522
1.290742
1.285217
1.279867
1.274620
1.269399
1.264475
1.259533
1.254783
1.249878
1.245353
1.240533
1.235779
1.231193
1.226736
1.222118
1.217761
1.213273
1.208955
1.204753
1.200503
1.196351
1.192213
1.188188
1.184222
1.180298
1.176127
1.172092
1.168297
1.164512
1.160619
1.156483
1.152773
1.149149
1.145126
1.141250
1.137497
1.133836
1.129961
1.126068
1.122287
1.118492
1.114880
1.110910
1.106904
1.103434
1.099509
1.095523
1.091936
1.088189
1.084514
1.080796
1.077072
1.073374
1.069748
1.066027
1.062469
1.059054
1.055587
1.052364
1.049056
1.045503
1.042220
1.038706
1.035318
1.031855
1.028830
1.026048
1.023310
1.020267
1.017369
1.014455
1.011499
1.008655
1.005869
1.003274
1.000561
0.997968
0.995446
0.993053
0.990859
0.988473
0.986249
0.984107
0.981877
0.979473
0.977198
0.974540
0.972010
0.969736
0.967134
0.964708
0.962169
0.959708
0.957367
0.955052
0.952763
0.950693
0.948966
0.947250
0.945705
0.944061
0.942449
0.940800
0.938971
0.936979
0.934880
0.932648
0.930382
0.927910
0.925605
0.923149
0.921003
0.918950
0.916857
0.915084
0.913101
0.911437
0.909539
0.907991
0.906539
0.904559
0.902857
0.901223
0.899651
0.898078
0.896446
0.894816
0.893196
0.891311
0.889536
0.887861
0.886389
0.884501
0.883144
0.881878
0.880071
0.878638
0.877592
0.875937
0.874367
0.873321
0.872435
0.871192
0.869651
0.868396
0.867044
0.865634
0.864330
0.862752
0.861172
0.859459
0.857779
0.855997
0.854218
0.852395
0.850453
0.848565
0.846616
0.845040
0.843311
0.841762
0.839994
0.838332
0.836660
0.835433
0.833937
0.832620
0.831304
0.830074
0.828807
0.827544
0.826060
0.824664
0.823182
0.821622
0.819834
0.818166
0.816589
0.814713
0.812983
0.811324
0.809465
0.807898
0.806200
0.803973
0.801974
0.800133
0.798257
0.796626
0.795006
0.793477
0.791860
0.790257
0.788990
0.787822
0.786426
0.784849
0.783069
0.781471
0.779617
0.778104
0.776440
0.774714
0.772618
0.770494
0.768570
0.766488
0.764357
0.762272
0.760142
0.757998
0.756140
0.754403
0.752599
0.750887
0.748983
0.747205
0.745496
0.743538
0.741390
0.739453
0.737462
0.735618
0.733795
0.731936
0.730210
0.728107
0.725342
0.722582
0.720104
0.717248
0.714344
0.711862
0.709444
0.706895
0.704843
0.702635
0.700528
0.698083
0.695455
0.693105
0.690749
0.688537
0.686233
0.684172
0.682054
0.679631
0.677395
0.675603
0.673654
0.671623
0.669570
0.667612
0.665798
0.664062
0.661766
0.659781
0.658071
0.656452
0.654659
0.652939
0.651469
0.649960
0.648239
0.646764
0.645317
0.643675
0.642311
0.640597
0.639060
0.637218
0.635850
0.634224
0.632758
0.631462
0.629975
0.628341
0.626878
0.625397
0.623785
0.621640
0.619405
0.617340
0.615120
0.612858
0.610528
0.608323
0.606016
0.603921
0.601566
0.599597
0.597557
0.595671
0.593914
0.592133
0.590610
0.588703
0.586945
0.585285
0.583576
0.581825
0.580143
0.578393
0.576632
0.575009
0.573277
0.571847
0.570193
0.568707
0.567034
0.565476
0.563711
0.562361
0.560889
0.559709
0.558069
0.556696
0.555438
0.554003
0.552415
0.550717
0.548936
0.547264
0.545544
0.543870
0.542178
0.540547
0.539004
0.537380
0.535876
0.534191
0.532584
0.530982
0.529360
0.527852
0.526371
0.525041
0.523423
0.521854
0.520320
0.518824
0.517294
0.515804
0.514310
0.512849
0.511152
0.509677
0.508126
0.506411
0.504726
0.503255
0.501655
0.500114
0.498445
0.496884
0.495439
0.494017
0.492486
0.490935
0.489683
0.488073
0.486688
0.485227
0.483671
0.482033
0.480463
0.479036
0.477786
0.476622
0.475542
0.474334
0.473571
0.472424
0.471330
0.469934
0.468683
0.467453
0.466124
0.464870
0.463595
0.462477
0.461279
0.459991
0.458878
0.457725
0.456546
0.455578
0.454636
0.453393
0.451976
0.450577
0.448761
0.447075
0.445475
0.443908
0.442092
0.440605
0.438870
0.437282
0.435760
0.434145
0.432547
0.430826
0.429197
0.427504
0.425885
0.423971
0.422249
0.420472
0.418568
0.416411
0.414562
0.412721
0.410613
0.408357
0.406404
0.404391
0.402544
0.400727
0.399093
0.397214
0.395392
0.393717
0.391738
0.390054
0.388499
0.386762
0.385086
0.383207
0.381424
0.379889
0.378117
0.376310
0.374864
0.372963
0.371085
0.369630
0.368198
0.366386
0.364644
0.363196
0.361839
0.360178
0.358277
0.356728
0.355361
0.354051
0.352313
0.350476
0.348939
0.347554
0.346417
0.344927
0.343159
0.341514
0.340055
0.338880
0.337499
0.335920
0.334325
0.332708
0.331436
0.330367
0.328820
0.327238
0.325612
0.324391
0.323288
0.322082
0.320422
0.318767
0.317318
0.316036
0.314855
0.313390
0.311782
0.310427
0.309310
0.308092
0.306795
0.305141
0.303760
0.302338
0.301217
0.299662
0.298376
0.297326
0.296393
0.295627
0.294705
0.293435
0.292228
0.291250
0.290152
0.289080
0.287852
0.286715
0.285607
0.284430
0.283377
0.282318
0.281087
0.279947
0.278882
0.277787
0.276608
0.275566
0.274476
0.273244
0.272072
0.271036
0.269833
0.268616
0.267301
0.265876
0.264428
0.262932
0.261598
0.260128
0.258684
0.257246
0.255764
0.254365
0.253061
0.251653
0.250285
0.249345
0.247945
0.246620
0.245170
0.243781
0.242397
0.240934
0.239460
0.238021
0.236593
0.235151
0.233602
0.232385
0.230883
0.229444
0.228168
0.226797
0.225150
0.223805
0.222340
0.220880
0.219489
0.217984
0.216594
0.215161
0.213793
0.212291
0.211043
0.209676
0.208277
0.206983
0.205592
0.204084
0.202579
0.201335
0.199995
0.198718
0.197617
0.196560
0.195374
0.194065
0.192817
0.191559
0.190257
0.189105
0.187719
0.186373
0.184990
0.183693
0.182160
0.180867
0.179384
0.177973
0.176591
0.175120
0.173870
0.172555
0.171183
0.169808
0.168424
0.167004
0.165655
0.164397
0.163113
0.161869
0.160581
0.159440
0.158052
0.156869
0.155695
0.154398
0.153228
0.151962
0.150611
0.149346
0.148216
0.146994
0.145840
0.144614
0.143421
0.142355
0.141168
0.139991
0.138963
0.137827
0.136831
0.135837
0.134648
0.133409
0.132399
0.131418
0.130503
0.129804
0.128832
0.127941
0.126871
0.125879
0.124834
0.123815
0.122762
0.121819
0.120746
0.119773
0.118842
0.117884
0.116946
0.116005
0.115004
0.114074
0.113181
0.112225
0.111271
0.110410
0.109553
0.108697
0.107768
0.106914
0.106081
0.105283
0.104455
0.103663
0.102763
0.101899
0.101171
0.100364
0.099605
0.098767
0.097904
0.097100
0.096294
0.095530
0.094723
0.093954
0.093179
0.092388
0.091769
0.091079
0.090306
0.089623
0.088824
0.088176
0.087525
0.086773
0.086196
0.085712
0.085260
0.084747
0.084189
0.083504
0.082780
0.082031
0.081461
0.080877
0.080207
0.079627
0.079087
0.078456
0.077804
0.077272
0.076604
0.076107
0.075546
0.074984
0.074397
0.073797
0.073369
0.073063
0.072517
0.072075
0.071543
0.071010
0.070467
0.070004
0.069524
0.069026
0.068573
0.068067
0.067530
0.067131
0.066651
0.066216
0.065738
0.065349
0.064995
0.064549
0.064106
0.063696
0.063306
0.062850
0.062288
0.061916
0.061514
0.061222
0.060851
0.060473
0.060037
0.059692
0.059453
0.058970
0.058555
0.058220
0.057843
0.057538
0.057140
0.056760
0.056326
0.056070
0.055733
0.055210
0.054916
0.054550
0.054305
0.053931
0.053679
0.053286
0.052949
0.052632
0.052358
0.052074
0.051723
0.051485
0.051158
0.050931
0.050699
0.050365
0.050076
0.049797
0.049603
0.049310
0.048970
0.048679
0.048375
0.048168
0.047797
0.047616
0.047335
0.047114
0.046854
0.046627
0.046417
0.046287
0.046042
0.045754
0.045551
0.045318
0.045155
0.044913
0.044675
0.044397
0.044188
0.043917
0.043823
0.043524
0.043331
0.043152
0.042999
0.042838
0.042706
0.042489
0.042311
0.042134
0.041901
0.041665
0.041545
0.041366
0.041242
0.040965
0.040782
0.040675
0.040506
0.040310
0.040092
0.040059
0.039829
0.039737
0.039670
0.039496
0.039378
0.039139
0.038999
0.038904
0.038748
0.038628
0.038489
0.038286
0.038141
0.037998
0.037876
0.037824
0.037634
0.037557
0.037436
0.037269
0.037169
0.037012
0.036820
0.036677
0.036577
0.036567
0.036393
0.036441
0.036339
0.036212
0.036093
0.035985
0.035823
0.035670
0.035567
0.035515
0.035336
0.035422
0.035309
0.035206
0.035108
0.035070
0.034960
0.034794
0.034732
0.034713
0.034595
0.034524
0.034424
0.034367
0.034291
0.034077
0.034032
0.033997
0.033939
0.033877
0.033869
0.033780
0.033737
0.033668
0.033647
0.033554
0.033417
0.033314
0.033280
0.033272
0.033069
0.033076
0.033064
0.033091
0.033008
0.032868
0.032868
0.032879
0.032729
0.032734
0.032675
0.032605
0.032501
0.032523
0.032518
0.032486
0.032461
0.032329
0.032251
0.032235
0.032214
0.032181
0.032154
0.032113
0.032095
0.032037
0.032037
0.032048
0.031976
0.031971
0.031936
0.031908
0.031817
0.031825
0.031748
0.031797
0.031683
0.031753
0.031747
0.031649
0.031671
0.031606
0.031646
0.031684
0.031571
0.031558
0.031585
0.031547
0.031578
0.031570
0.031582
0.031465
0.031430
0.031514
0.031396
0.031396
0.031371
0.031365
0.031411
0.031379
0.031398
0.031381
0.031283
0.031300
0.031259
0.031346
0.031297
0.031331
0.031302
0.031323
0.031241
0.031237
0.031310
0.031273
0.031121
0.031121
0.031105
0.031106
0.031155
0.031211
0.031162
0.031208
0.031284
0.031237
0.031182
0.031187
0.031225
0.031285
0.031216
0.031216
0.031250
0.031194
0.031217
0.031301
0.031301
0.031355
0.031366
0.031366
0.031448
0.031445
0.031420
0.031469
0.031469
0.031469
0.031534
0.031518
0.031454
0.031512
0.031492
0.031487
0.031540
0.031576
0.031614
0.031626
0.031676
0.031648
0.031657
0.031646
0.031682
0.031687
0.031716
0.031721
0.031771
0.031820
0.031857
0.031870
0.031882
0.031882
0.031882
0.031920
0.031920
0.031921
0.031921
0.032065
0.032016
0.032050
0.032087
0.032169
0.032181
0.032148
0.032203
0.032204
0.032163
0.032139
0.032089
0.032089
0.032110
0.032191
0.032191
0.032224
0.032311
0.032326
0.032326
0.032373
0.032370
0.032370
0.032370
0.032428
0.032428
0.032375
0.032345
0.032299
0.032426
0.032426
0.032426
0.032362
0.032451
0.032517
0.032557
0.032557
0.032557
0.032534
0.032534
0.032619
0.032605
0.032685
0.032636
0.032624
0.032624
0.032725
0.032766
0.032714
0.032714
0.032777
0.032777
0.032801
0.032844
0.032802
0.032842
0.032774
0.032815
0.032883
0.032763
0.032785
0.032770
0.032680
0.032710
0.032710
0.032525
0.032525
0.032434
0.032410
0.032373
0.032349
0.032376
0.032417
0.032384
0.032334
0.032334
0.032420
0.032373
0.032404
0.032301
0.032301
0.032328
0.032393
0.032393
0.032406
0.032441
0.032401
0.032404
0.032404
0.032464
0.032447
0.032494
0.032475
0.032475
0.032426
0.032386
0.032432
0.032405
0.032405
0.032394
0.032482
0.032500
0.032565
0.032569
0.032533
0.032628
0.032597
0.032761
0.032718
0.032806
0.032768
0.032768
0.032741
0.032768
0.032768
0.032762
0.032780
0.032769
0.032769
0.032774
0.032862
0.032911
0.032874
0.032874
0.032921
0.032983
0.032983
0.033038
0.032964
0.032974
0.033017
0.032971
0.033057
0.033103
0.033060
0.033086
0.033133
0.033133
0.033133
0.033175
0.033126
0.033147
0.033147
0.033147
0.033147
0.033193
0.033287
0.033299
0.033299
0.033346
0.033346
0.033346
0.033346
0.033383
0.033426
0.033473
0.033473
0.033431
0.033431
0.033530
0.033579
0.033614
0.033614
0.033646
0.033643
0.033643
0.033555
0.033555
0.033555
0.033603
0.033646
0.033620
0.033675
0.033722
0.033747
0.033747
0.033747
0.033845
0.033851
0.033805
0.033800
0.033799
0.033799
0.033847
0.033837
0.033844
0.033866
0.033963
0.033963
0.033914
0.033914
0.033972
0.033973
0.033973
0.033973
0.033973
0.033944
0.034045
0.034045
0.034088
0.034088
0.034138
0.034190
0.034190
0.034148
0.034108
0.034081
0.034083
0.034096
0.034145
0.034209
0.034206
0.034220
0.034220
0.034234
0.034234
0.034234
0.034301
0.034315
0.034330
0.034330
0.034330
0.034285
0.034333
0.034333
0.034393
0.034391
0.034433
0.034528
0.034483
0.034483
0.034334
0.034334
0.034370
0.034370
0.034359
0.034356
0.034380
0.034380
0.034361
0.034337
0.034384
0.034339
0.034255
0.034255
0.034228
0.034223
0.034272
0.034272
0.034272
0.034272
0.034228
0.034278
0.034158
0.034206
0.034296
0.034253
0.034253
0.034253
0.034158
0.034158
0.034274
0.034253
0.034253
0.034253
0.034273
0.034273
0.034292
0.034329
0.034329
0.034371
0.034371
0.034289
0.034289
0.034290
0.034339
0.034339
0.034273
0.034287
0.034263
0.034263
0.034307
0.034350
0.034326
0.034326
0.034326
0.034326
0.034345
0.034222
0.034294
0.034294
0.034346
0.034346
0.034346
0.034337
0.034401
0.034401
0.034401
0.034401
0.034401
0.034450
0.034425
0.034425
0.034367
0.034367
0.034367
0.034420
0.034462
0.034504
0.034575
0.034575
0.034551
0.034527
0.034546
0.034546
0.034569
0.034569
0.034569
0.034619
0.034613
0.034613
0.034613
0.034613
0.034547
0.034634
0.034664
0.034692
0.034650
0.034664
0.034664
0.034618
0.034648
0.034740
0.034740
0.034748
0.034794
0.034821
0.034756
0.034798
0.034919
0.034921
0.034965
0.034965
0.034894
0.034925
0.034925
0.034972
0.034972
0.035000
0.034956
0.035006
0.035093
0.035120
0.035120
0.035126
0.035175
0.035175
0.035148
0.035148
0.035127
0.035100
0.035078
0.035081
0.035125
0.035125
0.035125
0.035202
0.035186
0.035186
0.035186
0.035266
0.035263
0.035263
0.035272
0.035272
0.035272
0.035272
0.035272
0.035281
0.035308
0.035335
0.035365
0.035415
0.035415
0.035396
0.035374
0.035374
0.035424
0.035493
0.035501
0.035501
0.035501
0.035460
0.035460
0.035460
0.035532
0.035535
0.035535
0.035585
0.035513
0.035555
0.035510
0.035480
0.035545
0.035553
0.035590
0.035590
0.035613
0.035613
0.035640
0.035650
0.035612
0.035585
0.035585
0.035640
0.035596
0.035596
0.035596
0.035601
0.035552
0.035646
0.035646
0.035656
0.035656
0.035656
0.035701
0.035701
0.035659
0.035659
0.035614
0.035569
0.035618
0.035618
0.035584
0.035535
0.035535
0.035513
0.035533
0.035541
0.035541
0.035588
0.035540
0.035514
0.035514
0.035491
0.035491
0.035491
0.035491
0.035526
0.035526
0.035540
0.035492
0.035474
0.035474
0.035474
0.035474
0.035419
0.035468
0.035431
0.035383
0.035383
0.035418
0.035337
0.035337
0.035391
0.035440
0.035392
0.035358
0.035367
0.035367
0.035295
0.035253
0.035179
0.035179
0.035196
0.035196
0.035240
0.035290
0.035209
0.035209
0.035171
0.035176
0.035176
0.035176
0.035121
0.035128
0.035026
0.035026
0.034993
0.035038
0.034992
0.035000
0.035020
0.035020
0.035020
0.034974
0.035005
0.034964
0.034905
0.034900
0.034900
0.034854
0.034816
0.034816
0.034781
0.034802
0.034802
0.034795
0.034763
0.034763
0.034763
0.034736
0.034665
0.034641
0.034653
0.034634
0.034634
0.034634
0.034584
0.034584
0.034584
0.034608
0.034608
0.034540
0.034540
0.034540
0.034495
0.034482
0.034412
0.034373
0.034357
0.034357
0.034327
0.034327
0.034285
0.034287
0.034314
0.034314
0.034239
0.034239
0.034197
0.034197
0.034155
0.034227
0.034227
0.034140
0.034195
0.034195
0.034112
0.034065
0.034095
0.034055
0.034055
0.034032
0.033967
0.033940
0.033901
0.033932
0.033903
0.033903
0.033917
0.033876
0.033926
0.033926
0.033959
0.033959
0.033941
0.033821
0.033749
0.033742
0.033742
0.033752
0.033752
0.033716
0.033708
0.033737
0.033764
0.033749
0.033739
0.033684
0.033656
0.033629
0.033562
0.033541
0.033493
0.033488
0.033488
0.033503
0.033503
0.033548
0.033515
0.033515
0.033526
0.033478
0.033478
0.033416
0.033370
0.033417
0.033372
0.033412
0.033412
0.033429
0.033387
0.033433
0.033415
0.033388
0.033406
0.033377
0.033330
0.033373
0.033343
0.033301
0.033273
0.033271
0.033218
0.033218
0.033218
0.033260
0.033253
0.033253
0.033210
0.033253
0.033253
0.033182
0.033140
0.033140
0.033129
0.033114
0.033114
0.033090
0.033134
0.033126
0.033172
0.033146
0.033102
0.033079
0.033079
0.033034
0.033007
0.033007
0.032942
0.032942
0.033003
0.032956
0.032956
0.032956
0.032962
0.033007
0.033007
0.033030
0.032972
0.032926
0.032926
0.032926
0.032926
0.032926
0.032883
0.032850
0.032879
0.032896
0.032896
0.032852
0.032852
0.032835
0.032810
0.032802
0.032802
0.032802
0.032733
0.032675
0.032675
0.032665
0.032707
0.032707
0.032707
0.032736
0.032752
0.032752
0.032710
0.032677
0.032598
0.032583
0.032586
0.032586
0.032586
0.032542
0.032559
0.032546
0.032588
0.032568
0.032474
0.032467
0.032467
0.032460
0.032460
0.032434
0.032502
0.032502
0.032502
0.032540
0.032519
0.032545
0.032498
0.032452
0.032469
0.032460
0.032484
0.032484
0.032458
0.032479
0.032475
0.032467
0.032422
0.032460
0.032379
0.032379
0.032384
0.032377
0.032427
0.032427
0.032427
0.032418
0.032439
0.032389
0.032389
0.032389
0.032365
0.032396
0.032439
0.032413
0.032431
0.032431
0.032481
0.032448
0.032448
0.032398
0.032374
0.032374
0.032350
0.032306
0.032306
0.032304
0.032304
0.032392
0.032406
0.032407
0.032450
0.032450
0.032450
0.032426
0.032364
0.032364
0.032271
0.032272
0.032231
0.032250
0.032222
0.032222
0.032222
0.032311
0.032361
0.032343
0.032298
0.032255
0.032255
0.032274
0.032251
0.032251
0.032204
0.032204
0.032231
0.032280
0.032304
0.032304
0.032304
0.032309
0.032337
0.032337
0.032293
0.032272
0.032272
0.032272
0.032272
0.032241
0.032195
0.032180
0.032180
0.032180
0.032180
0.032188
0.032188
0.032167
0.032187
0.032196
0.032196
0.032146
0.032103
0.032103
0.032103
0.032122
0.032080
0.032080
0.032090
0.032071
0.032022
0.031996
0.031996
0.031996
0.031961
0.032007
0.032007
0.032055
0.032007
0.032007
0.032019
0.031973
0.032005
0.032005
0.032005
0.031915
0.031915
0.031915
0.031873
0.031828
0.031828
0.031873
0.031896
0.031896
0.031896
0.031896
0.031896
0.031896
0.031869
0.031866
0.031866
0.031778
0.031795
0.031811
0.031764
0.031764
0.031842
0.031884
0.031884
0.031838
0.031838
0.031838
0.031856
0.031856
0.031832
0.031669
0.031638
0.031638
0.031638
0.031638
0.031638
0.031638
0.031776
0.031770
0.031817
0.031814
0.031814
0.031687
0.031595
0.031569
0.031543
0.031587
0.031543
0.031543
0.031543
0.031543
0.031543
0.031588
0.031544
0.031569
0.031525
0.031525
0.031525
0.031504
0.031478
0.031457
0.031484
0.031484
0.031446
0.031424
0.031424
0.031424
0.031424
0.031453
0.031458
0.031428
