2.294348
2.172624
2.068597
2.006204
1.978939
1.970348
1.968534
1.968071
1.967631
1.966955
1.965915
1.964485
1.962629
1.959718
1.956747
1.953359
1.949767
1.946114
1.942374
1.938683
1.935043
1.931124
1.927607
1.924281
1.920603
1.916397
1.912030
1.907800
1.903927
1.899967
1.895679
1.891455
1.887574
1.883928
1.879634
1.875074
1.870436
1.865668
1.861256
1.856907
1.852649
1.848012
1.843100
1.838030
1.832722
1.827498
1.822858
1.818814
1.815108
1.811300
1.807638
1.803341
1.798390
1.793883
1.789716
1.785190
1.780644
1.776593
1.772485
1.768377
1.764357
1.760203
1.756214
1.752393
1.748094
1.742819
1.737124
1.731742
1.726061
1.720039
1.713575
1.707784
1.702677
1.698132
1.693821
1.689275
1.684943
1.680678
1.676004
1.671211
1.666851
1.662245
1.657057
1.651552
1.645624
1.639441
1.633122
1.626520
1.619913
1.613852
1.608401
1.603286
1.598231
1.593332
1.588231
1.583130
1.578123
1.573416
1.568556
1.563534
1.557944
1.551682
1.545762
1.539444
1.533563
1.527576
1.521327
1.514980
1.508680
1.502768
1.496980
1.491072
1.485132
1.478702
1.473207
1.468480
1.464656
1.461019
1.457344
1.453380
1.449403
1.445216
1.440724
1.436356
1.431458
1.425995
1.420854
1.415613
1.410503
1.405979
1.401656
1.397595
1.393514
1.389658
1.385523
1.381799
1.378242
1.374499
1.371070
1.367649
1.364213
1.361160
1.357760
1.353621
1.349419
1.344746
1.340535
1.336625
1.332632
1.328376
1.324306
1.320277
1.316896
1.313592
1.310233
1.307028
1.303584
1.300249
1.297190
1.294003
1.290436
1.286699
1.283134
1.279611
1.276064
1.272464
1.268741
1.264879
1.260888
1.257465
1.253824
1.250444
1.247062
1.244269
1.241159
1.238171
1.235008
1.231615
1.228212
1.225026
1.221783
1.218554
1.215335
1.212323
1.208968
1.205746
1.202309
1.198754
1.194990
1.191445
1.187816
1.184114
1.180554
1.177072
1.173658
1.170269
1.167020
1.163988
1.161151
1.158673
1.155739
1.153115
1.150609
1.148060
1.145283
1.142293
1.139249
1.135911
1.132843
1.129198
1.125818
1.122232
1.118957
1.115304
1.112261
1.109486
1.106546
1.103912
1.101518
1.099504
1.097222
1.094841
1.092054
1.089033
1.085883
1.082756
1.079696
1.076749
1.074062
1.071456
1.068977
1.066791
1.064438
1.062141
1.059995
1.057701
1.055274
1.052673
1.050226
1.046865
1.043589
1.040308
1.036965
1.033488
1.030408
1.027717
1.024864
1.022123
1.019594
1.017376
1.014863
1.012207
1.010040
1.007742
1.004988
1.002405
0.999770
0.996768
0.993846
0.990177
0.987008
0.984233
0.980949
0.977554
0.974544
0.971180
0.968194
0.965831
0.963287
0.960476
0.958171
0.956196
0.954361
0.952151
0.949449
0.946855
0.943753
0.940849
0.937596
0.934285
0.930770
0.927026
0.923948
0.921131
0.918162
0.914905
0.911802
0.908652
0.906202
0.904029
0.902109
0.899678
0.897183
0.894823
0.892633
0.890659
0.888381
0.885302
0.881900
0.878363
0.874974
0.871794
0.868681
0.865322
0.861809
0.858274
0.855233
0.852872
0.850757
0.848663
0.846688
0.844708
0.842862
0.840977
0.838960
0.836190
0.833065
0.829939
0.826911
0.823732
0.819928
0.816612
0.813289
0.809778
0.806363
0.803544
0.801288
0.799021
0.796908
0.794798
0.792946
0.790933
0.788946
0.786545
0.783664
0.780406
0.777168
0.773537
0.769361
0.765379
0.761517
0.758117
0.755220
0.752369
0.750115
0.747851
0.745915
0.744142
0.742285
0.740567
0.738642
0.736877
0.734388
0.731324
0.728070
0.724819
0.721283
0.717690
0.714205
0.710681
0.707987
0.705536
0.703347
0.701281
0.699434
0.697528
0.695448
0.693562
0.690981
0.687894
0.684430
0.681178
0.677841
0.674420
0.671111
0.667763
0.664176
0.660861
0.657650
0.654837
0.652524
0.650327
0.648286
0.646247
0.644482
0.642549
0.640766
0.638668
0.636111
0.632935
0.630067
0.627170
0.624196
0.621097
0.618077
0.615166
0.612095
0.609604
0.607598
0.606061
0.604733
0.603553
0.602520
0.601391
0.600174
0.598185
0.595628
0.592953
0.590185
0.587450
0.584845
0.582079
0.579358
0.576672
0.574114
0.571556
0.568970
0.566580
0.564548
0.562910
0.561609
0.560309
0.559376
0.558368
0.557633
0.557027
0.556100
0.554425
0.552619
0.550455
0.548000
0.545639
0.543301
0.540981
0.538702
0.536693
0.534849
0.532987
0.531754
0.530604
0.529659
0.528797
0.528160
0.527271
0.526588
0.525327
0.523249
0.521338
0.519139
0.516834
0.514785
0.512478
0.510188
0.508070
0.506067
0.503993
0.502127
0.500905
0.499239
0.498114
0.497499
0.496742
0.495992
0.495276
0.494561
0.493772
0.492527
0.490785
0.488464
0.486345
0.484214
0.481951
0.479873
0.477902
0.475958
0.473755
0.471674
0.469867
0.468708
0.467257
0.466031
0.465073
0.464331
0.463671
0.462854
0.462123
0.460949
0.459252
0.457338
0.455069
0.452794
0.450504
0.448251
0.446045
0.444137
0.441912
0.440211
0.439052
0.438098
0.437401
0.436617
0.435919
0.435207
0.434530
0.433184
0.431289
0.429083
0.426773
0.424447
0.422391
0.420015
0.417863
0.415920
0.413849
0.412297
0.411340
0.410445
0.409679
0.408859
0.408220
0.407503
0.406769
0.405558
0.403665
0.401826
0.399771
0.397768
0.395377
0.393187
0.391135
0.389005
0.387004
0.385104
0.383504
0.382015
0.380134
0.378648
0.377406
0.376736
0.376031
0.375545
0.374889
0.374547
0.374088
0.372937
0.371400
0.369695
0.367865
0.365902
0.364048
0.362139
0.360371
0.358667
0.356909
0.355205
0.353935
0.353034
0.352446
0.352055
0.351923
0.351665
0.351507
0.351282
0.350616
0.349286
0.347872
0.346320
0.344751
0.342984
0.341306
0.339869
0.338522
0.337105
0.335983
0.335393
0.335150
0.334980
0.334905
0.334736
0.334796
0.334665
0.334063
0.332993
0.331859
0.330465
0.328995
0.327596
0.326116
0.324652
0.323376
0.322032
0.320871
0.319550
0.318233
0.316918
0.315360
0.314564
0.314342
0.314109
0.314162
0.314421
0.314733
0.314867
0.315145
0.315360
0.314909
0.313832
0.312765
0.311681
0.310409
0.309189
0.308022
0.306740
0.305490
0.304278
0.303562
0.303232
0.303279
0.303455
0.303606
0.303889
0.304109
0.304407
0.303902
0.303047
0.302174
0.301069
0.299713
0.298502
0.297378
0.296393
0.295116
0.293912
0.292731
0.291531
0.290422
0.289266
0.288033
0.287426
0.287299
0.287528
0.287748
0.288121
0.288638
0.289061
0.289360
0.289630
0.289589
0.288766
0.287819
0.286881
0.285856
0.284733
0.283555
0.282445
0.281384
0.280424
0.279233
0.278225
0.277220
0.276123
0.275593
0.275559
0.275743
0.276102
0.276599
0.277137
0.277727
0.278100
0.278407
0.278232
0.277515
0.276625
0.275752
0.274744
0.273634
0.272563
0.271590
0.270604
0.269724
0.268870
0.267921
0.267484
0.267487
0.267763
0.268183
0.268632
0.269283
0.269797
0.270252
0.270623
0.270658
0.270047
0.269410
0.268628
0.267757
0.266753
0.265853
0.264931
0.264056
0.263189
0.262356
0.261436
0.260596
0.259807
0.259022
0.258096
0.257346
0.256984
0.257225
0.257669
0.258373
0.259062
0.259856
0.260331
0.261068
0.261630
0.261622
0.261242
0.260632
0.259996
0.259170
0.258261
0.257404
0.256648
0.256024
0.255384
0.254697
0.253921
0.253115
0.252268
0.251426
0.250635
0.250252
0.250547
0.251056
0.251645
0.252359
0.252855
0.253541
0.254213
0.254534
0.254505
0.254250
0.253683
0.253015
0.252082
0.251346
0.250707
0.249813
0.249114
0.248453
0.247587
0.246829
0.246127
0.245330
0.244582
0.243821
0.243575
0.243727
0.244020
0.244591
0.244966
0.245403
0.245966
0.246404
0.247067
0.247033
0.246570
0.246091
0.245374
0.244686
0.243987
0.243235
0.242531
0.241827
0.241121
0.240343
0.239619
0.239018
0.238302
0.237475
0.236851
0.236010
0.235675
0.235792
0.236245
0.236839
0.237316
0.237694
0.237879
0.238165
0.238403
0.238095
0.237717
0.237087
0.236280
0.235570
0.234846
0.234134
0.233526
0.232832
0.232125
0.231481
0.230819
0.230173
0.229340
0.228686
0.228006
0.227313
0.226460
0.225871
0.225307
0.224831
0.224724
0.224819
0.224809
0.225008
0.224875
0.225036
0.224824
0.224322
0.223712
0.223080
0.222439
0.221759
0.221079
0.220341
0.219695
0.219085
0.218460
0.217862
0.217093
0.216562
0.215809
0.215148
0.214502
0.213838
0.213049
0.212341
0.211724
0.211422
0.211244
0.210706
0.210676
0.210515
0.209818
0.209208
0.208704
0.208262
0.207829
0.207034
0.206321
0.205676
0.204971
0.204379
0.203802
0.203265
0.202743
0.202279
0.201866
0.201440
0.200932
0.200546
0.200396
0.200260
0.199983
0.199872
0.199859
0.199716
0.199647
0.199614
0.199607
0.199566
0.199242
0.198731
0.198259
0.197846
0.197545
0.197162
0.196792
0.196337
0.195868
0.195560
0.195090
0.194713
0.194412
0.194031
0.193852
0.193610
0.193653
0.193579
0.194268
0.195673
0.196967
0.197616
0.197854
0.197848
0.197325
0.196622
0.195768
0.195058
0.194379
0.193937
0.193459
0.193106
0.192757
0.192493
0.192288
0.191958
0.191754
0.191532
0.191444
0.191237
0.191099
0.190857
0.190593
0.190489
0.190268
0.190036
0.189815
0.189507
0.189275
0.189091
0.188894
0.188537
0.188366
0.188049
0.187429
0.186901
0.186336
0.185754
0.185145
0.184453
0.183988
0.183249
0.182685
0.182122
0.181458
0.180953
0.180317
0.179728
0.179145
0.178712
0.178012
0.177406
0.176852
0.176284
0.175719
0.175092
0.174585
0.174098
0.173734
0.173297
0.172915
0.172607
0.172192
0.171801
0.171459
0.171003
0.170709
0.170242
0.169856
0.169592
0.169157
0.168706
0.168282
0.167675
0.166979
0.166562
0.166148
0.165490
0.164946
0.164505
0.163931
0.163342
0.162790
0.162322
0.161840
0.161054
0.160615
0.160302
0.159854
0.159131
0.158496
0.158161
0.157711
0.157229
0.156482
0.155971
0.155698
0.155211
0.154608
0.153971
0.153405
0.152988
0.152695
0.152033
0.151404
0.150881
0.150526
0.150160
0.149532
0.148944
0.148447
0.148108
0.147733
0.147142
0.146633
0.146243
0.145827
0.145144
0.144589
0.144182
0.143664
0.143173
0.142606
0.142065
0.141618
0.141059
0.140619
0.140138
0.139614
0.139170
0.138639
0.138111
0.137508
0.136968
0.136503
0.135913
0.135454
0.134915
0.134473
0.134024
0.133469
0.133023
0.132487
0.131946
0.131328
0.130846
0.130310
0.129764
0.129192
0.128540
0.127933
0.127348
0.126746
0.126061
0.125479
0.124885
0.124185
0.123499
0.122804
0.122136
0.121469
0.120748
0.119979
0.119327
0.118587
0.117857
0.117119
0.116308
0.115502
0.114779
0.114043
0.113245
0.112508
0.111590
0.110758
0.109991
0.109123
0.108320
0.107513
0.106688
0.105972
0.105141
0.104329
0.103555
0.102702
0.101975
0.101145
0.100339
0.099647
0.098834
0.098072
0.097172
0.096406
0.095749
0.094958
0.094149
0.093499
0.092738
0.092017
0.091380
0.090589
0.090029
0.089320
0.088598
0.087936
0.087235
0.086630
0.085982
0.085382
0.084794
0.084208
0.083621
0.083095
0.082512
0.081923
0.081542
0.080959
0.080455
0.079945
0.079511
0.079004
0.078549
0.078060
0.077555
0.077184
0.076740
0.076294
0.075900
0.075472
0.075151
0.074758
0.074354
0.074035
0.073621
0.073217
0.072879
0.072535
0.072111
0.071797
0.071538
0.071153
0.070837
0.070552
0.070216
0.069919
0.069637
0.069298
0.069011
0.068791
0.068483
0.068154
0.067928
0.067579
0.067295
0.066959
0.066654
0.066396
0.066164
0.065887
0.065657
0.065403
0.065145
0.064904
0.064641
0.064388
0.064131
0.063895
0.063680
0.063319
0.063085
0.062774
0.062586
0.062299
0.062021
0.061846
0.061623
0.061351
0.061122
0.060847
0.060598
0.060287
0.059963
0.059778
0.059519
0.059267
0.059060
0.058776
0.058481
0.058260
0.058071
0.057837
0.057592
0.057327
0.057127
0.056878
0.056670
0.056372
0.056143
0.055881
0.055634
0.055415
0.055033
0.054830
0.054620
0.054361
0.054058
0.053918
0.053632
0.053402
0.053130
0.052915
0.052638
0.052435
0.052150
0.051986
0.051701
0.051530
0.051250
0.051056
0.050815
0.050621
0.050341
0.050185
0.049880
0.049724
0.049454
0.049273
0.049034
0.048887
0.048648
0.048406
0.048276
0.048076
0.047859
0.047660
0.047415
0.047222
0.047027
0.046839
0.046728
0.046507
0.046338
0.046180
0.046016
0.045797
0.045697
0.045499
0.045336
0.045071
0.044903
0.044762
0.044678
0.044501
0.044286
0.044197
0.044020
0.043931
0.043793
0.043625
0.043545
0.043409
0.043293
0.043158
0.043049
0.042914
0.042797
0.042682
0.042598
0.042394
0.042376
0.042291
0.042256
0.042043
0.041962
0.041847
0.041806
0.041624
0.041618
0.041491
0.041441
0.041370
0.041307
0.041189
0.041077
0.041003
0.040967
0.040967
0.040845
0.040785
0.040674
0.040619
0.040466
0.040431
0.040350
0.040312
0.040285
0.040245
0.040116
0.040103
0.040026
0.040005
0.039910
0.039899
0.039764
0.039780
0.039620
0.039562
0.039528
0.039417
0.039357
0.039399
0.039303
0.039269
0.039219
0.039145
0.039151
0.039100
0.039079
0.038960
0.038941
0.038810
0.038803
0.038678
0.038735
0.038610
0.038571
0.038546
0.038552
0.038462
0.038400
0.038359
0.038287
0.038260
0.038205
0.038178
0.038178
0.038063
0.038009
0.037984
0.037952
0.037936
0.037924
0.037860
0.037816
0.037857
0.037857
0.037747
0.037741
0.037667
0.037643
0.037593
0.037460
0.037487
0.037437
0.037395
0.037303
0.037263
0.037202
0.037204
0.037204
0.037112
0.037104
0.037104
0.037104
0.037054
0.037071
0.036850
0.036879
0.036787
0.036822
0.036772
0.036731
0.036664
0.036694
0.036670
0.036585
0.036552
0.036511
0.036511
0.036537
0.036543
0.036543
0.036442
0.036350
0.036300
0.036300
0.036239
0.036268
0.036194
0.036145
0.036122
0.036122
0.036154
0.036023
0.036053
0.036052
0.036052
0.036002
0.035883
0.035892
0.035842
0.035833
0.035783
0.035710
0.035660
0.035660
0.035660
0.035644
0.035577
0.035613
0.035577
0.035577
0.035495
0.035445
0.035488
0.035488
0.035439
0.035346
0.035296
0.035293
0.035174
0.035250
0.035246
0.035246
0.035246
0.035212
0.035124
0.035093
0.035095
0.035098
0.035010
0.035014
0.034978
0.034932
0.034927
0.034881
0.034881
0.034867
0.034817
0.034817
0.034886
0.034853
0.034776
0.034745
0.034750
0.034711
0.034661
0.034661
0.034601
0.034608
0.034609
0.034540
0.034574
0.034543
0.034473
0.034432
0.034432
0.034396
0.034394
0.034359
0.034307
0.034346
0.034326
0.034328
0.034328
0.034278
0.034288
0.034288
0.034250
0.034181
0.034181
0.034163
0.034163
0.034149
0.034189
0.034167
0.034122
0.034087
0.034061
0.034061
0.034061
0.034039
0.034039
0.034005
0.033971
0.033944
0.033944
0.033949
0.033949
0.033915
0.033918
0.033960
0.033901
0.033931
0.033898
0.033851
0.033788
0.033807
0.033760
0.033727
0.033693
0.033660
0.033660
0.033649
0.033616
0.033654
0.033621
0.033621
0.033589
0.033645
0.033645
0.033561
0.033580
0.033548
0.033502
0.033502
0.033542
0.033528
0.033497
0.033497
0.033458
0.033448
0.033482
0.033461
0.033461
0.033431
0.033451
0.033428
0.033408
0.033395
0.033395
0.033320
0.033320
0.033344
0.033324
0.033294
0.033294
0.033192
0.033260
0.033234
0.033191
0.033223
0.033186
0.033186
0.033234
0.033174
0.033174
0.033174
0.033166
0.033162
0.033162
0.033061
0.033075
0.033075
0.033073
0.033073
0.033029
0.033029
0.033029
0.033016
0.032999
0.032985
0.032985
0.032956
0.032982
0.033011
0.033049
0.032961
0.032961
0.032894
0.032924
0.032896
0.032809
0.032809
0.032781
0.032781
0.032834
0.032824
0.032824
0.032824
0.032748
0.032779
0.032751
0.032704
0.032635
0.032635
0.032607
0.032639
0.032631
0.032590
0.032590
0.032590
0.032549
0.032575
0.032604
0.032604
0.032562
0.032562
0.032529
0.032514
0.032445
0.032445
0.032370
0.032323
0.032323
0.032323
0.032331
0.032331
0.032322
0.032282
0.032240
0.032240
0.032240
0.032275
0.032205
0.032205
0.032233
0.032164
0.032164
0.032137
0.032141
0.032099
0.032099
0.032129
0.032096
0.032096
0.032089
0.032126
0.032084
0.032059
0.032059
0.032059
0.031991
0.031959
0.032001
0.031969
0.031969
0.031969
0.031930
0.031935
0.031887
0.031844
0.031844
0.031844
0.031888
0.031862
0.031862
0.031819
0.031832
0.031758
0.031765
0.031765
0.031739
0.031728
0.031729
0.031700
0.031700
0.031700
0.031702
0.031702
0.031721
0.031721
0.031678
0.031652
0.031652
0.031660
0.031676
0.031650
0.031608
0.031579
0.031580
0.031580
0.031580
0.031544
0.031544
0.031557
0.031557
0.031557
0.031487
0.031528
0.031517
0.031474
0.031474
0.031449
0.031449
0.031464
0.031395
0.031429
0.031429
0.031429
0.031471
0.031471
0.031446
0.031420
0.031420
0.031438
0.031395
0.031412
0.031412
0.031369
0.031423
0.031398
0.031368
0.031368
0.031423
0.031423
0.031423
0.031423
0.031399
0.031420
0.031378
0.031352
0.031318
0.031363
0.031319
0.031319
0.031319
0.031354
0.031354
0.031342
0.031342
0.031286
0.031286
0.031286
0.031268
0.031268
0.031225
0.031179
0.031179
0.031203
0.031161
0.031117
0.031092
0.031090
0.031115
0.031177
0.031135
0.031135
0.031135
0.031112
0.031112
0.031112
0.031112
0.031044
0.031071
0.031053
0.031053
0.031010
0.031010
0.031013
0.031039
0.031067
0.031067
0.031034
0.031065
0.031094
0.031094
0.031008
0.031008
0.030982
0.030940
0.030970
0.030970
0.030955
0.030955
0.030955
0.030955
0.031023
0.031049
0.031035
0.031035
0.031035
0.030939
0.030882
0.030882
0.030826
0.030801
0.030822
0.030822
0.030822
0.030812
0.030831
0.030831
0.030795
0.030795
0.030795
0.030731
0.030754
0.030754
0.030754
0.030754
0.030754
0.030744
0.030751
0.030709
0.030740
0.030740
0.030707
0.030698
0.030698
0.030667
0.030667
0.030702
0.030669
0.030661
0.030620
0.030620
0.030620
0.030620
0.030609
0.030603
0.030639
0.030607
0.030607
0.030576
0.030569
0.030637
0.030637
0.030637
0.030605
0.030605
0.030601
0.030639
0.030645
0.030596
0.030553
0.030550
0.030520
0.030489
0.030489
0.030489
0.030489
0.030446
0.030446
0.030424
0.030424
0.030424
0.030455
0.030455
0.030455
0.030487
0.030433
0.030362
0.030363
0.030363
0.030402
0.030402
0.030342
0.030342
0.030305
0.030305
0.030336
0.030377
0.030377
0.030351
0.030314
0.030283
0.030283
0.030322
0.030279
0.030258
0.030258
0.030258
0.030258
0.030219
0.030250
0.030230
0.030230
0.030230
0.030230
0.030230
0.030219
0.030195
0.030195
0.030195
0.030195
0.030195
0.030164
0.030141
0.030133
0.030133
0.030109
0.030118
0.030096
0.030135
0.030104
0.030104
0.030105
0.030073
0.030052
0.029992
0.029992
0.030023
0.030034
0.030069
0.030048
0.030010
0.030010
0.030022
0.029991
0.029991
0.029972
0.029972
0.029937
0.029950
0.029950
0.029981
0.029963
0.029963
0.030012
0.030012
0.030012
0.030012
0.029969
0.029954
0.029916
0.029916
0.029881
0.029822
0.029870
0.029901
0.029901
0.029876
0.029911
0.029913
0.029913
0.029913
0.029913
0.029851
0.029870
0.029856
0.029821
0.029821
0.029815
0.029835
0.029835
0.029797
0.029832
0.029863
0.029884
0.029884
0.029852
0.029841
0.029841
0.029862
0.029862
0.029827
0.029866
0.029855
0.029912
0.029874
0.029795
0.029795
0.029785
0.029831
0.029854
0.029854
0.029854
0.029854
0.029846
0.029870
0.029870
0.029860
0.029860
0.029860
0.029878
0.029836
0.029773
0.029773
0.029738
0.029738
0.029758
0.029758
0.029758
0.029758
0.029758
0.029785
0.029819
0.029819
0.029819
0.029819
0.029819
0.029846
0.029805
0.029780
0.029780
0.029780
0.029705
0.029740
0.029740
0.029740
0.029740
0.029740
0.029778
0.029807
0.029807
0.029807
0.029807
0.029807
0.029768
0.029769
0.029756
0.029718
0.029718
0.029718
0.029718
0.029687
0.029687
0.029718
0.029800
0.029800
0.029800
0.029803
0.029803
0.029723
0.029692
0.029698
0.029698
0.029702
0.029671
0.029671
0.029671
0.029671
0.029704
0.029710
0.029651
0.029651
0.029651
0.029651
0.029704
0.029704
0.029738
0.029730
0.029730
0.029669
0.029678
0.029678
0.029678
0.029678
0.029678
0.029647
0.029731
0.029731
0.029697
0.029697
0.029667
0.029678
0.029678
0.029639
0.029639
0.029634
0.029637
0.029658
0.029627
0.029627
0.029627
0.029627
0.029680
0.029647
0.029647
0.029647
0.029647
0.029647
0.029662
0.029660
0.029629
0.029629
0.029601
0.029617
0.029617
0.029617
0.029617
0.029586
0.029642
0.029642
0.029642
0.029603
0.029603
0.029621
0.029591
0.029591
0.029591
0.029630
0.029630
0.029695
0.029666
0.029666
0.029666
0.029666
0.029661
0.029661
0.029633
0.029607
0.029607
0.029628
0.029628
0.029628
0.029601
0.029577
0.029610
0.029610
0.029610
0.029544
0.029568
0.029600
0.029639
0.029639
0.029673
0.029648
0.029710
0.029710
0.029671
0.029647
0.029647
0.029647
0.029647
0.029608
0.029608
0.029586
0.029520
0.029569
0.029608
0.029608
0.029608
0.029647
0.029650
0.029609
0.029546
0.029546
0.029507
0.029485
0.029544
0.029590
0.029590
0.029602
0.029581
0.029528
0.029595
0.029619
0.029619
0.029595
0.029595
0.029575
0.029565
0.029596
0.029596
0.029596
0.029577
0.029538
0.029545
0.029525
0.029525
0.029474
0.029444
0.029484
0.029492
0.029523
0.029554
0.029537
0.029528
0.029528
0.029528
0.029528
0.029506
0.029520
0.029520
0.029520
0.029520
0.029490
0.029439
0.029472
0.029472
0.029472
0.029507
0.029493
0.029493
0.029487
0.029532
0.029566
0.029566
0.029537
0.029490
0.029490
0.029460
0.029460
0.029491
0.029456
0.029475
0.029475
0.029491
0.029480
0.029480
0.029436
0.029436
0.029466
0.029436
0.029428
0.029463
0.029463
0.029507
0.029507
0.029498
0.029464
0.029464
0.029464
0.029431
0.029431
0.029461
0.029461
0.029461
0.029461
0.029512
0.029506
0.029475
0.029475
0.029427
0.029427
0.029405
0.029400
0.029400
0.029483
0.029452
0.029418
0.029414
0.029449
0.029449
0.029449
0.029441
0.029409
0.029409
0.029427
0.029427
0.029427
0.029427
0.029427
0.029385
0.029425
0.029425
0.029425
0.029426
0.029426
0.029426
0.029398
0.029398
0.029398
0.029400
0.029400
0.029400
0.029400
0.029392
0.029396
0.029396
0.029396
0.029396
0.029396
0.029369
0.029374
0.029374
0.029374
0.029374
0.029374
0.029339
0.029339
0.029339
0.029382
0.029382
0.029402
0.029385
0.029385
0.029385
0.029385
0.029385
0.029394
0.029370
0.029341
0.029341
0.029320
0.029320
0.029330
0.029308
0.029308
0.029373
0.029373
0.029384
0.029384
0.029406
0.029406
0.029406
0.029375
0.029375
0.029375
0.029354
0.029354
0.029368
0.029368
0.029412
0.029412
0.029415
0.029412
0.029412
0.029412
0.029412
0.029412
0.029394
0.029410
0.029410
0.029402
0.029402
0.029402
0.029444
0.029444
0.029467
0.029467
0.029467
0.029439
0.029423
0.029423
0.029423
0.029423
0.029442
0.029442
0.029426
0.029426
0.029426
0.029447
0.029447
0.029471
0.029457
0.029457
0.029478
0.029478
0.029478
0.029478
0.029465
0.029487
0.029487
0.029487
0.029487
0.029445
0.029469
0.029495
0.029495
0.029495
0.029495
0.029484
0.029508
0.029508
0.029508
0.029508
0.029508
0.029524
0.029524
0.029524
0.029524
0.029551
0.029551
0.029569
0.029546
0.029569
0.029569
0.029569
0.029606
0.029633
0.029585
0.029585
0.029585
0.029585
0.029579
0.029591
0.029591
0.029591
0.029568
0.029568
0.029563
0.029563
0.029659
0.029659
0.029659
0.029659
0.029656
0.029656
0.029618
0.029676
0.029676
0.029676
0.029674
0.029652
0.029652
0.029652
0.029683
0.029682
0.029704
0.029704
0.029704
0.029675
0.029638
0.029671
0.029732
0.029732
0.029761
0.029761
0.029739
0.029709
0.029709
0.029709
0.029743
0.029707
0.029707
0.029733
0.029703
0.029735
0.029735
0.029735
0.029756
0.029791
0.029820
0.029764
0.029693
0.029693
0.029699
0.029699
0.029699
0.029699
0.029738
0.029827
0.029805
0.029772
0.029772
0.029772
0.029772
0.029743
0.029740
0.029749
0.029710
0.029710
0.029678
0.029725
0.029725
0.029757
0.029757
0.029818
0.029844
0.029844
0.029812
0.029812
0.029812
0.029780
0.029771
0.029761
0.029717
0.029755
0.029757
0.029771
0.029771
0.029771
0.029847
0.029817
0.029893
0.029893
0.029861
0.029861
0.029829
0.029845
0.029748
0.029778
0.029810
0.029781
0.029781
0.029798
0.029798
0.029798
0.029798
0.029808
0.029821
0.029861
0.029861
0.029861
0.029861
0.029819
0.029819
0.029822
0.029822
0.029822
0.029843
0.029807
0.029807
0.029782
0.029782
0.029773
0.029773
0.029795
0.029795
0.029773
0.029771
0.029771
0.029771
0.029801
0.029801
0.029824
0.029800
0.029800
0.029800
0.029766
0.029766
0.029760
0.029760
