1.535500
1.370539
1.219147
1.116997
1.063233
1.041328
1.034876
1.035791
1.036652
1.036587
1.036197
1.035237
1.033869
1.032634
1.031796
1.031418
1.031053
1.030838
1.030516
1.029747
1.029101
1.028206
1.027640
1.027122
1.026970
1.026805
1.026602
1.026166
1.025779
1.025419
1.024961
1.024619
1.024219
1.023877
1.023487
1.023105
1.022705
1.022179
1.021729
1.021087
1.020306
1.019643
1.019065
1.018331
1.017664
1.016800
1.016051
1.015241
1.014568
1.013887
1.013047
1.012480
1.011848
1.011161
1.010487
1.009840
1.009307
1.008639
1.007928
1.007290
1.006584
1.005914
1.005462
1.005264
1.004803
1.004192
1.003770
1.003061
1.002541
1.001945
1.001395
1.000921
1.000359
0.999777
0.999389
0.998893
0.998535
0.998059
0.997840
0.997388
0.996989
0.996495
0.996377
0.995925
0.995643
0.995184
0.994591
0.994123
0.993599
0.993186
0.992861
0.992604
0.992388
0.991941
0.991717
0.991308
0.990885
0.990566
0.990311
0.989970
0.989582
0.989384
0.988942
0.988694
0.988488
0.988119
0.987549
0.987128
0.986566
0.986241
0.985651
0.985038
0.984626
0.984119
0.983675
0.983132
0.982725
0.982096
0.981676
0.981097
0.980485
0.979968
0.979425
0.978960
0.978432
0.977764
0.977425
0.976861
0.976691
0.976333
0.976059
0.975735
0.975527
0.975414
0.975206
0.975176
0.975024
0.974775
0.974857
0.974789
0.974665
0.974623
0.974452
0.974464
0.974101
0.973998
0.973791
0.973827
0.973686
0.973646
0.973359
0.973322
0.972893
0.972838
0.972759
0.972805
0.972747
0.972489
0.972035
0.971623
0.971087
0.970745
0.970338
0.969850
0.969396
0.968778
0.968312
0.967744
0.967510
0.967216
0.967023
0.966884
0.966856
0.966824
0.966523
0.966238
0.965962
0.965561
0.965117
0.964584
0.964080
0.963461
0.962787
0.962489
0.961864
0.961180
0.960504
0.959752
0.959331
0.958752
0.957927
0.957277
0.956772
0.956110
0.955395
0.954653
0.954171
0.953564
0.952862
0.952307
0.951764
0.951394
0.950812
0.950095
0.949754
0.949197
0.948640
0.948156
0.947643
0.947076
0.946700
0.946122
0.945861
0.945125
0.944763
0.944445
0.944045
0.943820
0.943449
0.943181
0.943046
0.942770
0.942514
0.942282
0.942125
0.941781
0.941668
0.941461
0.941393
0.941122
0.941036
0.940856
0.940777
0.940701
0.940725
0.940529
0.940477
0.940527
0.940691
0.940924
0.940897
0.940852
0.940989
0.941011
0.941024
0.941029
0.941006
0.940988
0.941146
0.941088
0.941154
0.941227
0.941185
0.941256
0.941418
0.941532
0.941557
0.941631
0.941697
0.941713
0.941865
0.941860
0.941953
0.941931
0.942109
0.942095
0.942190
0.942171
0.942246
0.942138
0.942094
0.941987
0.941831
0.941918
0.942134
0.942028
0.941979
0.942084
0.942102
0.942044
0.942030
0.942030
0.941996
0.942098
0.942052
0.941984
0.942051
0.942052
0.942093
0.941790
0.941772
0.941818
0.941805
0.941840
0.941610
0.941800
0.941727
0.941791
0.941838
0.941805
0.941656
0.941675
0.941766
0.941644
0.941703
0.941551
0.941594
0.941478
0.941548
0.941605
0.941543
0.941540
0.941617
0.941515
0.941707
0.941545
0.941605
0.941493
0.941582
0.941545
0.941554
0.941713
0.941711
0.941711
0.941696
0.941598
0.941568
0.941401
0.941406
0.941297
0.941424
0.941280
0.941199
0.941218
0.941228
0.941069
0.940927
0.940897
0.940943
0.940731
0.940682
0.940715
0.940486
0.940426
0.940232
0.940306
0.940228
0.939997
0.939943
0.939839
0.939799
0.939737
0.939594
0.939479
0.939443
0.939303
0.939424
0.939108
0.939155
0.939024
0.939071
0.938957
0.939036
0.938819
0.938672
0.938571
0.938387
0.938375
0.938354
0.938208
0.938278
0.938209
0.938068
0.938064
0.937950
0.937938
0.937838
0.937844
0.937762
0.937719
0.937678
0.937788
0.937831
0.937784
0.937748
0.937741
0.937878
0.937833
0.937949
0.938076
0.938147
0.938294
0.938258
0.938253
0.938343
0.938334
0.938441
0.938487
0.938486
0.938611
0.938677
0.938673
0.938756
0.938921
0.938890
0.938983
0.938983
0.938972
0.939072
0.939095
0.939068
0.939268
0.939260
0.939358
0.939458
0.939582
0.939781
0.939875
0.939966
0.940109
0.940260
0.940304
0.940418
0.940488
0.940619
0.940776
0.940871
0.940959
0.940968
0.941173
0.941341
0.941333
0.941514
0.941716
0.941928
0.941911
0.942157
0.942107
0.942284
0.942446
0.942628
0.942664
0.942792
0.943094
0.943237
0.943210
0.943527
0.943520
0.943799
0.943979
0.944171
0.944372
0.944380
0.944710
0.944826
0.945102
0.945187
0.945276
0.945537
0.945689
0.945843
0.946059
0.946150
0.946443
0.946508
0.946765
0.946904
0.947158
0.947362
0.947646
0.947830
0.947942
0.948208
0.948326
0.948425
0.948616
0.948849
0.949045
0.949169
0.949417
0.949636
0.949933
0.950075
0.950266
0.950569
0.950780
0.951097
0.951285
0.951458
0.951691
0.951873
0.952144
0.952352
0.952617
0.952764
0.953034
0.953170
0.953484
0.953720
0.953918
0.954199
0.954410
0.954637
0.954858
0.955065
0.955334
0.955570
0.955739
0.956048
0.956117
0.956242
0.956477
0.956643
0.956907
0.957179
0.957598
0.957813
0.958071
0.958432
0.958703
0.958867
0.959198
0.959301
0.959535
0.959720
0.959838
0.960038
0.960244
0.960587
0.960747
0.961026
0.961278
0.961495
0.961796
0.962127
0.962375
0.962486
0.962675
0.962945
0.963140
0.963394
0.963598
0.963783
0.963920
0.964165
0.964446
0.964670
0.964696
0.964803
0.964943
0.965266
0.965463
0.965585
0.965747
0.965877
0.966118
0.966212
0.966346
0.966523
0.966782
0.966969
0.967143
0.967412
0.967525
0.967760
0.967907
0.968101
0.968135
0.968368
0.968573
0.968729
0.968787
0.969032
0.969172
0.969374
0.969654
0.969741
0.969876
0.970064
0.970275
0.970424
0.970522
0.970779
0.970876
0.970958
0.971190
0.971366
0.971479
0.971698
0.971827
0.972047
0.972201
0.972451
0.972674
0.972731
0.973011
0.973199
0.973332
0.973618
0.973808
0.974004
0.974146
0.974330
0.974533
0.974608
0.974754
0.974862
0.975074
0.975215
0.975494
0.975609
0.975849
0.976026
0.976119
0.976210
0.976260
0.976344
0.976581
0.976611
0.976763
0.976952
0.977104
0.977309
0.977447
0.977583
0.977709
0.977941
0.978075
0.978236
0.978274
0.978460
0.978589
0.978668
0.978866
0.978930
0.979030
0.979124
0.979238
0.979476
0.979548
0.979664
0.979827
0.979938
0.980030
0.980064
0.980187
0.980295
0.980449
0.980521
0.980623
0.980726
0.980811
0.980873
0.980937
0.981154
0.981258
0.981344
0.981392
0.981520
0.981551
0.981747
0.981826
0.981905
0.981936
0.982069
0.982152
0.982294
0.982384
0.982401
0.982459
0.982633
0.982588
0.982659
0.982717
0.982766
0.982897
0.982948
0.982985
0.983034
0.983160
0.983243
0.983351
0.983407
0.983371
0.983492
0.983479
0.983633
0.983641
0.983703
0.983779
0.983798
0.983892
0.983972
0.983984
0.984111
0.984176
0.984220
0.984198
0.984256
0.984221
0.984317
0.984369
0.984464
0.984449
0.984593
0.984571
0.984630
0.984668
0.984813
0.984882
0.984944
0.984959
0.985079
0.985097
0.985100
0.985135
0.985155
0.985167
0.985237
0.985312
0.985358
0.985453
0.985458
0.985513
0.985535
0.985558
0.985589
0.985633
0.985658
0.985678
0.985735
0.985776
0.985819
0.985917
0.985941
0.985948
0.986004
0.986039
0.986126
0.986161
0.986205
0.986191
0.986240
0.986285
0.986272
0.986241
0.986248
0.986329
0.986414
0.986426
0.986505
0.986552
0.986516
0.986611
0.986589
0.986640
0.986700
0.986724
0.986793
0.986812
0.986808
0.986887
0.986914
0.986884
0.986950
0.986950
0.987035
0.987045
0.987089
0.987174
0.987131
0.987131
0.987130
0.987160
0.987160
0.987195
0.987169
0.987179
0.987318
0.987295
0.987373
0.987338
0.987397
0.987432
0.987488
0.987538
0.987497
0.987577
0.987577
0.987589
0.987627
0.987552
0.987596
0.987596
0.987631
0.987626
0.987705
0.987787
0.987747
0.987747
0.987797
0.987809
0.987770
0.987832
0.987881
0.987916
0.987904
0.987940
0.987977
0.988021
0.988052
0.988028
0.988078
0.988112
0.988086
0.988086
0.988199
0.988256
0.988272
0.988233
0.988198
0.988269
0.988269
0.988364
0.988425
0.988425
0.988457
0.988517
0.988551
0.988563
0.988527
0.988607
0.988607
0.988742
0.988705
0.988740
0.988740
0.988764
0.988834
0.988842
0.988805
0.988783
0.988868
0.988883
0.988847
0.988847
0.988917
0.988881
0.988895
0.989008
0.989043
0.989093
0.989079
0.989079
0.989149
0.989183
0.989228
0.989147
0.989128
0.989120
0.989170
0.989170
0.989205
0.989205
0.989238
0.989237
0.989359
0.989426
0.989476
0.989419
0.989453
0.989534
0.989534
0.989534
0.989570
0.989654
0.989682
0.989682
0.989682
0.989716
0.989752
0.989681
0.989739
0.989716
0.989826
0.989837
0.989859
0.989859
0.989893
0.989951
0.989952
0.989952
0.990017
0.990017
0.989995
0.990008
0.990043
0.990065
0.990101
0.990101
0.990267
0.990301
0.990301
0.990316
0.990316
0.990387
0.990387
0.990387
0.990437
0.990402
0.990417
0.990488
0.990488
0.990524
0.990559
0.990525
0.990525
0.990611
0.990611
0.990655
0.990691
0.990691
0.990706
0.990776
0.990776
0.990776
0.990826
0.990839
0.990839
0.990947
0.990962
0.990997
0.991041
0.991075
0.991092
0.991127
0.991162
0.991129
0.991129
0.991084
0.991134
0.991134
0.991206
0.991256
0.991336
0.991369
0.991414
0.991414
0.991414
0.991484
0.991484
0.991519
0.991569
0.991585
0.991585
0.991585
0.991656
0.991656
0.991726
0.991726
0.991813
0.991835
0.991835
0.991835
0.991853
0.991888
0.991888
0.991923
0.991889
0.991975
0.992009
0.992009
0.992079
0.992079
0.992079
0.992114
0.992130
0.992157
0.992202
0.992272
0.992272
0.992307
0.992307
0.992343
0.992378
0.992378
0.992428
0.992464
0.992464
0.992464
0.992479
0.992514
0.992514
0.992549
0.992634
0.992634
0.992634
0.992671
0.992671
0.992671
0.992671
0.992706
0.992776
0.992826
0.992790
0.992827
0.992842
0.992806
0.992806
0.992806
0.992876
0.992962
0.992962
0.992962
0.993034
0.993034
0.993034
0.993034
0.993105
0.993105
0.993155
0.993155
0.993155
0.993207
0.993207
0.993207
0.993244
0.993314
0.993394
0.993407
0.993407
0.993407
0.993407
0.993407
0.993451
0.993479
0.993514
0.993564
0.993564
0.993564
0.993564
0.993601
0.993645
0.993716
0.993716
0.993837
0.993852
0.993852
0.993852
0.993852
0.993887
0.993887
0.993887
0.993887
0.993937
0.993937
0.993972
0.993972
0.994007
0.994044
0.994044
0.994044
0.994094
0.994094
0.994094
0.994129
0.994146
0.994170
0.994205
0.994205
0.994255
0.994255
0.994360
0.994360
0.994360
0.994360
0.994360
0.994360
0.994410
0.994445
0.994445
0.994480
0.994517
0.994517
0.994517
0.994517
0.994639
0.994654
0.994632
0.994632
0.994632
0.994632
0.994632
0.994630
0.994715
0.994715
0.994752
0.994752
0.994789
0.994823
0.994859
0.994909
0.994909
0.994909
0.994909
0.994909
0.994909
0.994944
0.994994
0.994994
0.994994
0.994994
0.994994
0.995064
0.995064
0.995064
0.995165
0.995165
0.995165
0.995165
0.995234
0.995234
0.995271
0.995321
0.995321
0.995321
0.995356
0.995358
0.995358
0.995358
0.995408
0.995408
0.995408
0.995443
0.995478
0.995513
0.995527
0.995562
0.995562
0.995597
0.995597
0.995641
0.995641
0.995691
0.995691
0.995727
0.995718
0.995733
0.995733
0.995733
0.995783
0.995783
0.995818
0.995853
0.995853
0.995853
0.995898
0.995947
0.995983
0.995983
0.995983
0.995983
0.995983
0.996023
0.996023
0.996058
0.996096
0.996081
0.996115
0.996115
0.996165
0.996210
0.996245
0.996245
0.996210
0.996210
0.996298
0.996298
0.996313
0.996348
0.996304
0.996304
0.996341
0.996391
0.996425
0.996425
0.996470
0.996469
0.996469
0.996519
0.996519
0.996519
0.996519
0.996519
0.996519
0.996604
0.996560
0.996560
0.996560
0.996560
0.996560
0.996594
0.996724
0.996760
0.996760
0.996760
0.996760
0.996760
0.996760
0.996845
0.996825
0.996825
0.996860
0.996860
0.996860
0.996920
0.996970
0.996938
0.996972
0.996972
0.996936
0.996972
0.996972
0.997022
0.997022
0.997022
0.997054
0.997054
0.997054
0.997054
0.997054
0.997104
0.997104
0.997072
0.997072
0.997072
0.997106
0.997106
0.997138
0.997188
0.997188
0.997224
0.997239
0.997239
0.997239
0.997239
0.997239
0.997204
0.997254
0.997218
0.997226
0.997224
0.997224
0.997259
0.997294
0.997294
0.997294
0.997344
0.997344
0.997344
0.997344
0.997309
0.997309
0.997309
0.997309
0.997309
0.997344
0.997394
0.997394
0.997394
0.997394
0.997394
0.997394
0.997359
0.997375
0.997409
0.997407
0.997371
0.997421
0.997399
0.997399
0.997457
0.997457
0.997422
0.997422
0.997422
0.997422
0.997422
0.997422
0.997472
0.997510
0.997510
0.997510
0.997452
0.997452
0.997413
0.997413
0.997485
0.997507
0.997507
0.997543
0.997543
0.997558
0.997558
0.997522
0.997522
0.997557
0.997573
0.997551
0.997551
0.997586
0.997551
0.997551
0.997551
0.997551
0.997573
0.997586
0.997586
0.997586
0.997551
0.997551
0.997551
0.997586
0.997599
0.997599
0.997599
0.997599
0.997564
0.997564
0.997564
0.997527
0.997549
0.997513
0.997535
0.997550
0.997549
0.997549
0.997586
0.997622
0.997651
0.997651
0.997616
0.997616
0.997616
0.997616
0.997578
0.997577
0.997577
0.997564
0.997564
0.997564
0.997636
0.997636
0.997636
0.997614
0.997579
0.997578
0.997628
0.997628
0.997590
0.997590
0.997554
0.997519
0.997519
0.997579
0.997578
0.997578
0.997578
0.997578
0.997543
0.997534
0.997534
0.997534
0.997549
0.997510
0.997510
0.997476
0.997513
0.997513
0.997513
0.997520
0.997520
0.997518
0.997483
0.997534
0.997534
0.997512
0.997512
0.997512
0.997512
0.997476
0.997476
0.997440
0.997440
0.997440
0.997440
0.997462
0.997427
0.997426
0.997426
0.997426
0.997426
0.997404
0.997369
0.997369
0.997369
0.997368
0.997332
0.997332
0.997332
0.997297
0.997297
0.997319
0.997318
0.997356
0.997356
0.997321
0.997321
0.997299
0.997299
0.997315
0.997314
0.997276
0.997241
0.997241
0.997314
0.997314
0.997278
0.997277
0.997264
0.997264
0.997264
0.997264
0.997264
0.997242
0.997242
0.997207
0.997207
0.997207
0.997207
0.997207
0.997207
0.997172
0.997171
0.997171
0.997193
0.997193
0.997193
0.997158
0.997136
0.997136
0.997135
0.997135
0.997135
0.997101
0.997101
0.997101
0.997101
0.997100
0.997100
0.997065
0.997087
0.997087
0.997087
0.997087
0.997065
0.997030
0.997045
0.997010
0.997010
0.997010
0.997010
0.996974
0.996974
0.996974
0.996974
0.996974
0.996974
0.996940
0.996939
0.996939
0.996939
0.996939
0.996939
0.996904
0.996904
0.996904
0.996904
0.996904
0.996939
0.996904
0.996904
0.996904
0.996904
0.996904
0.996904
0.996869
0.996869
0.996869
0.996869
0.997093
0.997957
1.000600
1.005649
1.012636
1.021317
1.030679
1.040633
1.050355
1.059543
1.068816
1.077687
1.086546
1.095588
1.104795
1.114301
1.124009
1.133738
1.143567
1.153307
1.162980
1.172173
1.180357
1.187273
1.192458
1.195938
1.197769
1.198360
1.198161
1.197650
1.196938
1.196406
1.196127
1.195862
1.195688
1.195473
1.195135
1.194607
1.193929
1.193180
1.192475
1.191766
1.191154
1.190730
1.190370
1.190151
1.190011
1.189847
1.189675
1.189383
1.189099
1.188834
1.187562
1.184545
1.179335
1.172195
1.163632
1.154148
1.144508
1.134823
1.125383
1.116235
1.107422
1.099175
1.091680
1.085324
1.080333
1.076680
1.074243
1.072941
1.072334
1.072198
1.072294
1.072703
1.072832
1.072830
1.072713
1.072489
1.072255
1.072101
1.071767
1.071340
1.070824
1.070374
1.069899
1.069392
1.068852
1.068313
1.067663
1.067142
1.066454
1.065853
1.065249
1.064577
1.064064
1.063542
1.062977
1.062408
1.061774
1.061079
1.060452
1.059876
1.059146
1.058477
1.057728
1.056917
1.056126
1.055381
1.054536
1.053782
1.052999
1.052155
1.051509
1.050785
1.050080
1.049354
1.048598
1.047843
1.047110
1.046326
1.045578
1.044882
1.044147
1.043480
1.042706
1.042043
1.041256
1.040616
1.039887
1.039106
1.038455
1.037757
1.037095
1.036540
1.035835
1.035152
1.034431
1.033833
1.033302
1.032638
1.032045
1.031394
1.030689
1.030196
1.029605
1.029044
1.028405
1.027883
1.027384
1.026789
1.026217
1.025720
1.025232
1.024756
1.024244
1.023702
1.023233
1.022740
1.022306
1.021772
1.021319
1.020900
1.020386
1.020045
1.019627
1.019182
1.018743
1.018256
1.017816
1.017458
1.016986
1.016669
1.016204
1.015835
1.015378
1.014966
1.014657
1.014195
1.013895
1.013699
1.013437
1.013005
1.012630
1.012156
1.011899
1.011452
1.011069
1.010638
1.010382
1.010093
1.009756
1.009277
1.008948
1.008601
1.008209
1.007997
1.007625
1.007252
1.006814
1.006508
1.006104
1.005750
1.005411
1.005210
1.004834
1.004387
1.003982
1.003665
1.003197
1.002860
1.002563
1.002057
1.001625
1.001260
1.000928
1.000568
1.000094
0.999705
0.999365
0.998966
0.998669
0.998272
0.997982
0.997583
0.997132
0.996766
0.996256
0.995795
0.995334
0.994805
0.994313
0.993681
0.993092
0.992584
0.991821
0.991327
0.990816
0.990172
0.989714
0.989103
0.988512
0.987979
0.987389
0.987036
0.986746
0.986315
0.985970
0.985657
0.985291
0.984862
0.984546
0.984157
0.983818
0.983514
0.983264
0.982955
0.982665
0.982298
0.982010
0.981717
0.981460
0.981184
0.980960
0.980681
0.980516
0.980265
0.979997
0.979793
0.979538
0.979315
0.978987
0.978738
0.978485
0.978223
0.978057
0.977996
0.977882
0.977936
0.977825
0.977682
0.977579
0.977464
0.977365
0.977157
0.976876
0.976682
0.976431
0.976357
0.976067
0.975988
0.975916
0.975818
0.975782
0.975777
0.975829
0.975791
0.975802
0.975687
0.975661
0.975545
0.975376
0.975278
0.975024
0.974906
0.974813
0.974687
0.974496
0.974381
0.974300
0.974315
0.974295
0.974248
0.974234
0.974194
0.974116
0.974105
0.973932
0.973745
0.973576
0.973441
0.973203
0.973055
0.972894
0.972793
0.972458
0.972410
0.972233
0.972231
0.972159
0.972090
0.971957
0.971912
0.971928
0.971689
0.971498
0.971281
0.971015
0.970871
0.970532
0.970239
0.970125
0.969798
0.969550
0.969330
0.969192
0.968970
0.968810
0.968388
0.968211
0.967909
0.967688
0.967343
0.967107
0.966789
0.966639
0.966412
0.965951
0.965093
0.964433
0.963401
0.962359
0.961120
0.959890
0.958641
0.957298
0.956093
0.954734
0.953544
0.952194
0.950951
0.949629
0.948403
0.947043
0.945692
0.944317
0.943000
0.941673
0.940412
0.939017
0.937647
0.936359
0.935163
0.933817
0.932502
0.930996
0.929583
0.928249
0.926750
0.925324
0.923929
0.922563
0.921104
0.919644
0.918175
0.916673
0.915150
0.913853
0.912357
0.910812
0.909372
0.907938
0.906474
0.905072
0.903344
0.901757
0.900205
0.898737
0.896974
0.895456
0.893934
0.892211
0.890645
0.889031
0.887432
0.885833
0.884152
0.882609
0.880962
0.879357
0.877598
0.875973
0.874290
0.872689
0.871123
0.869403
0.867835
0.866066
0.864537
0.862904
0.861129
0.859219
0.857480
0.855845
0.854055
0.852461
0.850733
0.849019
0.847199
0.845468
0.843618
0.841909
0.840057
0.838355
0.836663
0.835109
0.833621
0.832418
0.831031
0.829784
0.828435
0.827157
0.825751
0.824396
0.822980
0.821601
0.820228
0.818809
0.817340
0.816005
0.814631
0.813236
0.811841
0.810386
0.808835
0.807258
0.805694
0.804154
0.802734
0.801574
0.800284
0.799019
0.797520
0.796330
0.794990
0.793785
0.792540
0.791156
0.789992
0.788710
0.787423
0.786192
0.784932
0.783597
0.782344
0.780815
0.779576
0.778100
0.776886
0.775577
0.774306
0.772823
0.771445
0.770144
0.768785
0.767525
0.766292
0.764924
0.763737
0.762627
0.761383
0.760096
0.758902
0.757379
0.756161
0.754683
0.753504
0.751921
0.750519
0.749075
0.747387
0.745633
0.744088
0.742067
0.740629
0.738989
0.737854
0.736594
0.735429
0.734170
0.732988
0.731984
0.730837
0.729615
0.728470
0.727194
0.726024
0.724767
0.723322
0.721909
0.720429
0.718874
0.717160
0.715494
0.713700
0.711924
0.710118
0.708230
0.706547
0.704635
0.702750
0.700912
0.699031
0.697234
0.695356
0.693574
0.691976
0.690844
0.689697
0.688715
0.687753
0.686644
0.685243
0.683709
0.681909
0.680254
0.678459
0.676603
0.674968
0.673084
0.671303
0.669651
0.668080
0.666294
0.664643
0.663001
0.661353
0.660038
0.658858
0.657869
0.656768
0.656098
0.655097
0.654550
0.653827
0.652959
0.652027
0.650992
0.650154
0.649145
0.648110
0.647183
0.646000
0.645142
0.644088
0.643236
0.642450
0.642053
0.641497
0.640972
0.640269
0.639527
0.638777
0.638034
0.637155
0.636458
0.635462
0.634394
0.633450
0.632326
0.631276
0.630399
0.629246
0.628280
0.627300
0.626261
0.625236
0.624255
0.623257
0.622213
0.621154
0.620108
0.619196
0.618147
0.617191
0.616159
0.615218
0.614145
0.613098
0.612273
0.611478
0.610692
0.610275
0.609772
0.609474
0.609184
0.608857
0.608600
0.608237
0.607716
0.606848
0.605902
0.604890
0.603680
0.602437
0.601196
0.600106
0.598820
0.597501
0.596322
0.595241
0.594134
0.593144
0.592305
0.591246
0.590233
0.589160
0.588178
0.587122
0.586058
0.585114
0.584145
0.583092
0.582083
0.581061
0.580081
0.579069
0.578089
0.577172
0.576131
0.575160
0.574163
0.573158
0.572223
0.571473
0.570502
0.569749
0.568973
0.568212
0.567528
0.566851
0.566182
0.565415
0.564660
0.563795
0.563061
0.562014
0.561044
0.560026
0.559180
0.558225
0.557478
0.556531
0.555625
0.554787
0.553977
0.553074
0.552190
0.551373
0.550417
0.549657
0.548936
0.548043
0.547236
0.546428
0.545644
0.544795
0.543990
0.543274
0.542235
0.541559
0.540663
0.539891
0.539194
0.538348
0.537574
0.536731
0.536009
0.535147
0.534516
0.533836
0.532943
0.532120
0.531280
0.530613
0.529693
0.529008
0.528144
0.527546
0.526528
0.525803
0.524902
0.524075
0.523142
0.522328
0.521591
0.520845
0.519764
0.519241
0.518472
0.517789
0.516961
0.516053
0.515327
0.514551
0.513761
0.512990
0.512225
0.511393
0.510541
0.509817
0.509067
0.508192
0.507520
0.507047
0.506262
0.505441
0.504718
0.504187
0.503463
0.502639
0.501962
0.501371
0.500586
0.499824
0.499110
0.498252
0.497569
0.496908
0.496183
0.495524
0.494835
0.494181
0.493437
0.492764
0.492196
0.491455
0.490654
0.490028
0.489314
0.488714
0.488055
0.487414
0.486717
0.486107
0.485376
0.484732
0.484068
0.483458
0.482916
0.482235
0.481511
0.480972
0.480180
0.479433
0.478669
0.477836
0.476889
0.476109
0.475100
0.474176
0.473358
0.472373
0.471634
0.470990
0.470460
0.470088
0.469715
0.469377
0.469103
0.468792
0.468361
0.468036
0.467557
0.467294
0.466668
0.466379
0.465862
0.465522
0.464959
0.464460
0.464077
0.463513
0.463122
0.462680
0.462351
0.461979
0.461609
0.461441
0.461235
0.461314
0.461598
0.462057
0.462114
0.462535
0.462739
0.462613
0.462495
0.462044
0.461420
0.460804
0.460193
0.459641
0.459009
0.458749
0.458307
0.457917
0.457571
0.457065
0.456737
0.456431
0.456139
0.455907
0.455690
0.455619
0.455248
0.454851
0.454444
0.453905
0.453469
0.453133
0.452660
0.452334
0.452074
0.451506
0.451199
0.450847
0.450339
0.450120
0.449757
0.449316
0.448790
0.448500
0.448125
0.447807
0.447385
0.447025
0.446673
0.446287
0.445897
0.445523
0.445305
0.445159
0.445165
0.445304
0.445493
0.445818
0.446033
0.446282
0.446338
0.446179
0.445811
0.445420
0.444889
0.444403
0.443926
0.443550
0.443109
0.442852
0.442477
0.442197
0.441789
0.441468
0.441131
0.440668
0.440350
0.439882
0.439326
0.438996
0.438531
0.438035
0.437606
0.437211
0.436737
0.436283
0.435794
0.435436
0.434926
0.434373
0.433983
0.433457
0.432925
0.432447
0.432147
0.431704
0.431548
0.431232
0.431163
0.431144
0.430894
0.430727
0.430415
0.430044
0.429534
0.429014
0.428386
0.427879
0.427358
0.426976
0.426453
0.426042
0.425431
0.425006
0.424396
0.423936
0.423461
0.422852
0.422352
0.421815
0.421138
0.420484
0.419902
0.419331
0.418695
0.418052
0.417353
0.416671
0.416011
0.415416
0.414639
0.413946
0.413299
0.412454
0.411961
0.411345
0.410607
0.409838
0.409262
0.408493
0.407834
0.407140
0.406494
0.405778
0.405051
0.404344
0.403625
0.402794
0.402248
0.401517
0.400812
0.400121
0.399335
0.398735
0.397976
0.397325
0.396636
0.395904
0.395190
0.394451
0.393830
0.393102
0.392393
0.391617
0.391005
0.390369
0.389633
0.388998
0.388338
0.387608
0.386968
0.386232
0.385562
0.384910
0.384201
0.383386
0.382501
0.381585
0.380630
0.379676
0.378784
0.377832
0.376953
0.376098
0.375043
0.374125
0.373297
0.372414
0.371568
0.370581
0.369667
0.368776
0.367970
0.367158
0.366387
0.365460
0.364696
0.363864
0.363108
0.362444
0.361541
0.360752
0.359983
0.359104
0.358265
0.357500
0.356787
0.356113
0.355356
0.354589
0.353790
0.353209
0.352486
0.351682
0.350836
0.350172
0.349313
0.348612
0.347870
0.347151
0.346352
0.345660
0.344913
0.344224
0.343409
0.342692
0.341817
0.340982
0.340250
0.339425
0.338601
0.337697
0.336918
0.336248
0.335376
0.334609
0.333769
0.333010
0.332192
0.331359
0.330422
0.329654
0.328797
0.327972
0.326886
0.325880
0.324924
0.323661
0.322621
0.321417
0.320094
0.318691
0.317278
0.315954
0.314586
0.313007
0.311676
0.310336
0.308721
0.307271
0.305717
0.304280
0.302782
0.301296
0.299781
0.298375
0.296706
0.295320
0.293818
0.292298
0.290823
0.289476
0.287863
0.286285
0.284780
0.283270
0.281809
0.280287
0.278805
0.277316
0.275925
0.274315
0.272926
0.271390
0.270075
0.268499
0.267004
0.265360
0.263789
0.262413
0.260785
0.259461
0.257937
0.256538
0.255064
0.253645
0.252280
0.250811
0.249382
0.248125
0.246952
0.245771
0.244665
0.243468
0.242387
0.241311
0.240242
0.239313
0.238307
0.237378
0.236435
0.235403
0.234566
0.233659
0.232755
0.231884
0.231066
0.230074
0.229228
0.228471
0.227778
0.226804
0.225975
0.225109
0.224308
0.223517
0.222598
0.221834
0.221118
0.220264
0.219535
0.218687
0.217995
0.217137
0.216413
0.215568
0.214752
0.214005
0.213233
0.212565
0.211729
0.211109
0.210296
0.209623
0.208825
0.208110
0.207380
0.206736
0.206125
0.205329
0.204550
0.203959
0.203329
0.202589
0.201951
0.201235
0.200500
0.199939
0.199340
0.198563
0.198018
0.197469
0.196628
0.196101
0.195491
0.194823
0.194231
0.193517
0.192825
0.192301
0.191614
0.191106
0.190280
0.189743
0.189099
0.188432
0.187845
0.187165
0.186525
0.185829
0.185171
0.184494
0.183930
0.183258
0.182607
0.181827
0.181243
0.180576
0.179906
0.179216
0.178496
0.177947
0.177123
0.176536
0.175827
0.175178
0.174443
0.173760
0.173106
0.172436
0.171736
0.171008
0.170424
0.169599
0.169056
0.168362
0.167714
0.166973
0.166312
0.165618
0.164985
0.164326
0.163600
0.162980
0.162157
0.161148
0.160262
0.159247
0.158323
0.157459
0.156460
0.155576
0.154678
0.153774
0.152774
0.151921
0.151057
0.150128
0.149114
0.148270
0.147377
0.146626
0.145672
0.144779
0.143953
0.143138
0.142193
0.141448
0.140531
0.139650
0.138749
0.137979
0.137088
0.136309
0.135458
0.134596
0.133748
0.132979
0.132174
0.131315
0.130436
0.129705
0.128766
0.127952
0.127199
0.126477
0.125535
0.124774
0.123929
0.123153
0.122375
0.121522
0.120827
0.119992
0.119175
0.118431
0.117587
0.116813
0.116088
0.115291
0.114479
0.113808
0.112973
0.112260
0.111442
0.110714
0.109957
0.109212
0.108439
0.107760
0.107012
0.106251
0.105546
0.104809
0.104161
0.103499
0.102862
0.102058
0.101251
0.100580
0.099887
0.099219
0.098402
0.097688
0.096912
0.096160
0.095275
0.094566
0.093823
0.092930
0.092185
0.091435
0.090707
0.089948
0.089190
0.088537
0.087775
0.087046
0.086361
0.085624
0.084881
0.084256
0.083580
0.082940
0.082211
0.081480
0.080848
0.080305
0.079636
0.078995
0.078471
0.077830
0.077216
0.076690
0.076043
0.075355
0.074727
0.074186
0.073565
0.073128
0.072536
0.071971
0.071485
0.070876
0.070396
0.069841
0.069451
0.069006
0.068598
0.068075
0.067613
0.067173
0.066818
0.066376
0.065903
0.065507
0.065106
0.064649
0.064220
0.063787
0.063518
0.063177
0.062671
0.062328
0.062083
0.061711
0.061284
0.060825
0.060409
0.060049
0.059746
0.059346
0.058933
0.058749
0.058423
0.058101
0.057722
0.057380
0.057025
0.056776
0.056406
0.056129
0.055743
0.055345
0.055164
0.054898
0.054567
0.054263
0.053941
0.053662
0.053391
0.053186
0.052838
0.052612
0.052262
0.051916
0.051590
0.051401
0.051061
0.050765
0.050548
0.050281
0.050087
0.049823
0.049503
0.049203
0.048910
0.048622
0.048386
0.048087
0.047892
0.047680
0.047408
0.047149
0.046900
0.046748
0.046483
0.046279
0.046061
0.045739
0.045521
0.045318
0.045078
0.044821
0.044701
0.044415
0.044243
0.044015
0.043844
0.043682
0.043367
0.043148
0.043061
0.042802
0.042563
0.042426
0.042216
0.042082
0.041905
0.041658
0.041405
0.041272
0.041117
0.040986
0.040751
0.040472
0.040375
0.040237
0.040059
0.039797
0.039701
0.039477
0.039383
0.039179
0.039047
0.038749
0.038697
0.038460
0.038401
0.038292
0.038137
0.037994
0.037845
0.037570
0.037455
0.037416
0.037252
0.037143
0.036921
0.036817
0.036602
0.036551
0.036444
0.036257
0.036078
0.035977
0.035747
0.035780
0.035666
0.035545
0.035364
0.035266
0.035126
0.035039
0.034931
0.034730
0.034696
0.034609
0.034439
0.034335
0.034291
0.034040
0.033942
0.033869
0.033820
0.033751
0.033692
0.033622
0.033513
0.033413
0.033323
0.033089
0.032953
0.032880
0.032829
0.032814
0.032664
0.032630
0.032539
0.032480
0.032470
0.032370
0.032258
0.032164
0.032126
0.032039
0.031910
0.031827
0.031858
0.031849
0.031767
0.031814
0.031658
0.031658
0.031536
0.031443
0.031378
0.031371
0.031305
0.031236
0.031196
0.031135
0.031073
0.031033
0.031058
0.031015
0.030985
0.030922
0.030841
0.030800
0.030793
0.030625
0.030616
0.030607
0.030490
0.030485
0.030485
0.030557
0.030438
0.030427
0.030383
0.030252
0.030285
0.030264
0.030264
0.030277
0.030254
0.030259
0.030270
0.030118
0.030080
0.029999
0.030015
0.030091
0.030073
0.030045
0.030086
0.030044
0.030008
0.029897
0.029960
0.029921
0.029982
0.029952
0.029991
0.029921
0.029886
0.029931
0.029824
0.029823
0.029862
0.029845
0.029845
0.029877
0.029875
0.029925
0.029940
0.029995
0.029983
0.030030
0.029942
0.029889
0.029904
0.029858
0.029906
0.029930
0.029885
0.029924
0.029949
0.030017
0.030026
0.030084
0.030121
0.030121
0.030092
0.030063
0.030075
0.030061
0.030066
0.030030
0.030112
0.030124
0.030149
0.030197
0.030200
0.030161
0.030210
0.030228
0.030196
0.030196
0.030196
0.030150
0.030151
0.030190
0.030190
0.030269
0.030315
0.030291
0.030258
0.030262
0.030311
0.030284
0.030219
0.030255
0.030245
0.030332
0.030332
0.030387
0.030387
0.030344
0.030417
0.030467
0.030467
0.030431
0.030480
0.030502
0.030503
0.030468
0.030416
0.030454
0.030432
0.030432
0.030432
0.030437
0.030466
0.030524
0.030567
0.030601
0.030612
0.030540
0.030543
0.030543
0.030543
0.030535
0.030608
0.030663
0.030663
0.030697
0.030643
0.030689
0.030711
0.030752
0.030835
0.030835
0.030835
0.030860
0.030876
0.030857
0.030862
0.030856
0.030856
0.030769
0.030784
0.030788
0.030868
0.030881
0.030848
0.030848
0.030815
0.030815
0.030815
0.030815
0.030826
0.030814
0.030814
0.030814
0.030802
0.030865
0.030840
0.030840
0.030840
0.030822
0.030822
0.030822
0.030822
0.030820
0.030820
0.030866
0.030895
0.030868
0.030835
0.030898
0.030945
0.030904
0.030943
0.030943
0.030906
0.030914
0.030914
0.030914
0.030943
0.030909
0.030847
0.030893
0.030885
0.030885
0.030844
0.030891
0.030891
0.030910
0.030910
0.030945
0.030920
0.030950
0.030950
0.030950
0.030950
0.030950
0.031068
0.031046
0.031021
0.031021
0.031021
0.031021
0.031021
0.031021
0.031021
0.031021
0.031026
0.031056
0.031056
0.031039
0.031039
0.030998
0.031045
0.031045
0.031045
0.031022
0.031022
0.031022
0.031009
0.031009
0.031009
0.031030
0.031030
0.031030
0.031092
0.031092
0.031092
0.031092
0.031113
0.031146
0.031158
0.031158
0.031176
0.031176
0.031176
0.031176
0.031139
0.031140
0.031106
0.031106
0.031153
0.031188
0.031189
0.031145
0.031128
0.031128
0.031128
0.031092
0.031092
0.031092
0.031159
0.031187
0.031149
0.031110
0.031150
0.031150
0.031150
0.031235
0.031235
0.031246
0.031246
0.031193
0.031193
0.031193
0.031228
0.031228
0.031250
0.031298
0.031310
0.031310
0.031266
0.031266
0.031248
0.031188
0.031155
0.031161
0.031137
0.031150
0.031197
0.031190
0.031190
0.031190
0.031190
0.031197
0.031258
0.031258
0.031262
0.031230
0.031172
0.031172
0.031127
0.031127
0.031127
0.031165
0.031165
0.031197
0.031205
0.031205
0.031172
0.031172
0.031152
0.031152
0.031154
0.031154
0.031121
0.031121
0.031200
0.031143
0.031159
0.031159
0.031127
0.031152
0.031198
0.031198
0.031153
0.031138
0.031104
0.031068
0.031068
0.031068
0.031103
0.031148
0.031135
0.031180
0.031223
0.031269
0.031269
0.031269
0.031269
0.031256
0.031256
0.031256
0.031256
0.031247
0.031247
0.031246
0.031246
0.031276
0.031276
0.031276
0.031276
0.031276
0.031244
0.031244
0.031264
0.031264
0.031309
0.031278
0.031278
0.031270
0.031327
0.031348
0.031348
0.031348
0.031313
0.031313
0.031296
0.031296
0.031296
0.031317
0.031288
0.031249
0.031249
0.031249
0.031264
0.031257
0.031278
0.031278
0.031278
0.031323
0.031244
0.031244
0.031244
0.031244
0.031229
0.031251
0.031251
0.031251
0.031251
0.031268
0.031268
0.031268
0.031286
0.031253
0.031258
0.031226
0.031226
0.031226
0.031197
0.031197
0.031197
0.031230
0.031269
0.031269
0.031269
0.031301
0.031301
0.031269
0.031236
0.031278
0.031278
0.031336
0.031336
0.031352
0.031310
0.031310
0.031343
0.031303
0.031320
0.031320
0.031377
0.031347
0.031347
0.031347
0.031347
0.031347
0.031311
0.031311
0.031311
0.031284
0.031276
0.031301
0.031344
0.031379
0.031430
0.031397
0.031397
0.031397
0.031356
0.031317
0.031317
0.031317
0.031307
0.031308
0.031354
0.031389
0.031363
0.031363
0.031395
0.031382
0.031421
0.031421
0.031421
0.031421
0.031421
0.031447
0.031447
0.031489
0.031489
0.031489
