1.742486
1.590002
1.451424
1.358411
1.309245
1.288889
1.282405
1.282742
1.282822
1.282070
1.280771
1.279352
1.278127
1.277121
1.276139
1.275367
1.274182
1.272623
1.271047
1.269427
1.267661
1.265990
1.264126
1.262212
1.260457
1.258569
1.256743
1.254528
1.252599
1.250815
1.248892
1.247201
1.245387
1.243767
1.241996
1.240340
1.238319
1.236523
1.234621
1.232753
1.230808
1.228821
1.227072
1.225408
1.223931
1.222495
1.221526
1.220223
1.218275
1.216363
1.213883
1.211603
1.209057
1.206965
1.204940
1.202742
1.201252
1.199511
1.197698
1.196095
1.194595
1.192716
1.190948
1.189483
1.187696
1.185909
1.184566
1.183091
1.181179
1.179347
1.177937
1.176126
1.174148
1.172179
1.170739
1.168570
1.166718
1.164995
1.163107
1.160734
1.158214
1.155995
1.153380
1.150937
1.148429
1.145977
1.143263
1.140455
1.137782
1.135046
1.132205
1.129333
1.126500
1.123636
1.120841
1.117848
1.114887
1.111681
1.108236
1.104718
1.101189
1.097595
1.094031
1.090557
1.087009
1.083357
1.079679
1.076356
1.072787
1.069102
1.065469
1.061917
1.058452
1.054822
1.051522
1.047769
1.044221
1.040494
1.036868
1.033328
1.029755
1.026073
1.022426
1.018742
1.015062
1.011462
1.007713
1.004154
1.000458
0.996902
0.993306
0.989642
0.986103
0.982485
0.978958
0.975474
0.971911
0.968194
0.964606
0.961079
0.957688
0.954177
0.950642
0.947269
0.943706
0.940184
0.936789
0.933252
0.929679
0.926150
0.922632
0.919146
0.915787
0.912372
0.908913
0.905532
0.902137
0.898689
0.895489
0.892170
0.889220
0.886223
0.883259
0.880485
0.877690
0.874847
0.872197
0.869418
0.866661
0.863594
0.860840
0.858002
0.855331
0.852590
0.849597
0.847109
0.844622
0.841990
0.839596
0.837176
0.834853
0.832148
0.829681
0.827479
0.824912
0.822548
0.820349
0.818063
0.815613
0.813305
0.810965
0.808663
0.806497
0.804336
0.802253
0.799843
0.797536
0.795259
0.793071
0.790904
0.788660
0.786724
0.784478
0.782276
0.780009
0.777851
0.775794
0.773657
0.771374
0.769343
0.767277
0.765177
0.762955
0.760675
0.758672
0.756579
0.754468
0.752396
0.750313
0.748180
0.746175
0.743942
0.741900
0.739878
0.737636
0.735687
0.733853
0.731970
0.729934
0.728020
0.726226
0.724324
0.722525
0.720718
0.718915
0.716911
0.715003
0.713108
0.711061
0.709021
0.707279
0.705309
0.703315
0.701356
0.699286
0.697426
0.695467
0.693500
0.691519
0.689661
0.687558
0.685433
0.683607
0.681795
0.679829
0.678108
0.676188
0.674403
0.672526
0.670655
0.668760
0.666902
0.665083
0.663249
0.661376
0.659606
0.657643
0.655790
0.653854
0.651966
0.649979
0.648121
0.646338
0.644446
0.642767
0.640931
0.639068
0.637382
0.635652
0.633888
0.632071
0.630318
0.628762
0.627191
0.625392
0.623277
0.621351
0.619339
0.617409
0.615445
0.613581
0.611573
0.609930
0.608001
0.606298
0.604433
0.602574
0.600885
0.598882
0.597054
0.595463
0.593456
0.591717
0.589847
0.588243
0.586607
0.584600
0.583045
0.581423
0.579476
0.577727
0.576269
0.574286
0.572457
0.570925
0.569122
0.567289
0.565620
0.564039
0.562497
0.560604
0.558992
0.557407
0.556151
0.554301
0.552755
0.551584
0.550685
0.549429
0.548052
0.546971
0.545810
0.544783
0.543512
0.541966
0.540801
0.539730
0.538554
0.536805
0.535340
0.533923
0.532625
0.531498
0.529853
0.528413
0.526794
0.525408
0.524330
0.523203
0.521702
0.519881
0.517788
0.516037
0.514682
0.513282
0.511636
0.509759
0.508008
0.506312
0.504930
0.503375
0.501325
0.499205
0.497090
0.495001
0.493240
0.491670
0.489862
0.487788
0.485767
0.483695
0.482009
0.480474
0.478763
0.476957
0.474915
0.472850
0.470915
0.469294
0.467629
0.466143
0.464275
0.462202
0.460086
0.458012
0.456087
0.454391
0.452774
0.450740
0.448627
0.446346
0.444341
0.442637
0.440917
0.439397
0.437561
0.435575
0.433551
0.431576
0.429904
0.428651
0.427242
0.425490
0.423570
0.421602
0.419896
0.418183
0.416802
0.415498
0.414012
0.412437
0.410835
0.409321
0.408114
0.406800
0.405476
0.404220
0.402870
0.401446
0.399907
0.398513
0.397261
0.395994
0.394687
0.393327
0.392155
0.390919
0.389637
0.388455
0.386991
0.385765
0.384441
0.383227
0.382025
0.380949
0.379943
0.378738
0.377715
0.376542
0.375315
0.374301
0.373178
0.372025
0.371059
0.369913
0.368793
0.367620
0.366593
0.365548
0.364475
0.363404
0.362350
0.361291
0.360407
0.359449
0.358610
0.357765
0.357032
0.355955
0.355091
0.354061
0.352786
0.351851
0.350849
0.349800
0.348808
0.347892
0.346789
0.345768
0.344716
0.343812
0.342751
0.341731
0.340814
0.339757
0.338757
0.337951
0.337227
0.336312
0.335528
0.334463
0.333517
0.332667
0.331583
0.330494
0.329618
0.328662
0.327727
0.326990
0.326134
0.325296
0.324373
0.323440
0.322597
0.321859
0.321008
0.320135
0.319201
0.318377
0.317573
0.316625
0.315843
0.315144
0.314374
0.313418
0.312475
0.311648
0.310830
0.310061
0.309273
0.308452
0.307602
0.306954
0.306078
0.305368
0.304831
0.304041
0.303473
0.302868
0.302340
0.301616
0.300916
0.300385
0.299632
0.299078
0.298397
0.297612
0.296903
0.296540
0.296187
0.295934
0.295696
0.295675
0.295536
0.295346
0.295337
0.295191
0.294930
0.294884
0.294621
0.294432
0.294341
0.294133
0.293992
0.293901
0.293779
0.293414
0.292841
0.292185
0.291608
0.291181
0.290902
0.290561
0.290470
0.290230
0.290246
0.290195
0.290203
0.289953
0.289878
0.289743
0.289587
0.289336
0.288632
0.288015
0.287362
0.286819
0.286520
0.286227
0.285975
0.285762
0.285690
0.285610
0.285575
0.285427
0.285246
0.285049
0.285000
0.284818
0.284611
0.284288
0.283511
0.283081
0.282251
0.281680
0.280906
0.280350
0.279793
0.279484
0.279316
0.279032
0.279023
0.278965
0.278709
0.278587
0.278411
0.278187
0.277967
0.277602
0.277288
0.276712
0.276066
0.275516
0.275005
0.274401
0.273914
0.273584
0.273145
0.272898
0.272545
0.272285
0.272029
0.271794
0.271594
0.271299
0.270949
0.270810
0.270388
0.269893
0.269475
0.269130
0.268584
0.268249
0.267681
0.267260
0.266738
0.266464
0.266196
0.265939
0.265719
0.265415
0.265224
0.265004
0.264608
0.264430
0.264070
0.263838
0.263421
0.263226
0.262947
0.262775
0.262521
0.262175
0.261971
0.261553
0.261276
0.261081
0.260886
0.260579
0.260395
0.260290
0.260113
0.259673
0.259314
0.258864
0.258243
0.257913
0.257503
0.257281
0.257076
0.257012
0.256956
0.256936
0.257091
0.256952
0.256810
0.256533
0.256326
0.256300
0.256220
0.256293
0.256696
0.256858
0.256970
0.256933
0.256754
0.256393
0.255779
0.255131
0.254528
0.253733
0.252644
0.251796
0.250701
0.249772
0.248685
0.247864
0.246889
0.245899
0.244700
0.243722
0.242887
0.241894
0.240851
0.239930
0.238962
0.238224
0.237191
0.236320
0.235314
0.234273
0.233257
0.232272
0.231278
0.230386
0.229386
0.228521
0.227412
0.226402
0.225435
0.224456
0.223491
0.222515
0.221864
0.220861
0.219934
0.218960
0.218017
0.217145
0.216087
0.215088
0.214104
0.213155
0.212045
0.211216
0.210188
0.209189
0.208227
0.207339
0.206309
0.205415
0.204282
0.203423
0.202524
0.201772
0.200746
0.199899
0.198901
0.197797
0.196719
0.195730
0.194599
0.193657
0.192668
0.191817
0.191320
0.190673
0.190073
0.189448
0.188508
0.187712
0.186833
0.185896
0.184890
0.183925
0.183096
0.182186
0.181323
0.180236
0.179110
0.178127
0.177197
0.176197
0.175161
0.174020
0.172861
0.171954
0.170995
0.170181
0.169240
0.168359
0.167530
0.166778
0.166079
0.165245
0.164619
0.163820
0.162879
0.161787
0.160678
0.159750
0.158818
0.157636
0.156633
0.155493
0.154438
0.153300
0.152282
0.151144
0.150126
0.149054
0.147997
0.146972
0.145955
0.144939
0.143944
0.142888
0.141879
0.140800
0.139836
0.138757
0.137750
0.136754
0.135813
0.135035
0.134019
0.133047
0.132245
0.131374
0.130461
0.129422
0.128497
0.127572
0.126815
0.125886
0.125063
0.124153
0.123285
0.122395
0.121585
0.120627
0.119803
0.118949
0.118094
0.117326
0.116582
0.115743
0.114887
0.114215
0.113361
0.112498
0.111717
0.110994
0.110178
0.109452
0.108628
0.108176
0.107511
0.106732
0.106000
0.105311
0.104450
0.103767
0.103053
0.102282
0.101531
0.100724
0.100019
0.099347
0.098736
0.098057
0.097423
0.096641
0.095967
0.095163
0.094508
0.093813
0.093124
0.092365
0.091723
0.090987
0.090343
0.089621
0.088879
0.088260
0.087822
0.087293
0.086659
0.086002
0.085280
0.084606
0.083911
0.083223
0.082459
0.081806
0.081200
0.080574
0.079918
0.079311
0.078710
0.078088
0.077402
0.077012
0.076451
0.075931
0.075370
0.074723
0.074191
0.073529
0.073059
0.072426
0.071948
0.071392
0.070703
0.070221
0.069843
0.069404
0.068918
0.068367
0.067835
0.067385
0.066849
0.066291
0.065971
0.065580
0.065126
0.064596
0.064156
0.063674
0.063260
0.062714
0.062254
0.061850
0.061339
0.060967
0.060494
0.060062
0.059614
0.059143
0.058776
0.058332
0.057905
0.057507
0.057097
0.056748
0.056534
0.056194
0.055957
0.055547
0.055203
0.054821
0.054499
0.054076
0.053740
0.053410
0.053066
0.052673
0.052310
0.051990
0.051666
0.051346
0.050983
0.050724
0.050388
0.050109
0.049789
0.049508
0.049215
0.048966
0.048639
0.048478
0.048227
0.048035
0.047799
0.047516
0.047226
0.046970
0.046688
0.046452
0.046210
0.045870
0.045691
0.045390
0.045179
0.044940
0.044776
0.044529
0.044419
0.044176
0.043900
0.043665
0.043574
0.043342
0.043226
0.043010
0.042866
0.042617
0.042489
0.042304
0.042028
0.041810
0.041667
0.041540
0.041251
0.041135
0.040969
0.040805
0.040563
0.040456
0.040389
0.040170
0.040072
0.039915
0.039800
0.039694
0.039549
0.039392
0.039217
0.039014
0.038832
0.038730
0.038558
0.038399
0.038280
0.038099
0.037992
0.037926
0.037780
0.037643
0.037666
0.037476
0.037375
0.037241
0.037179
0.037081
0.036882
0.036794
0.036706
0.036599
0.036427
0.036277
0.036214
0.036157
0.036021
0.035890
0.035849
0.035785
0.035700
0.035512
0.035400
0.035393
0.035262
0.035197
0.035083
0.034992
0.034930
0.034855
0.034846
0.034722
0.034634
0.034517
0.034448
0.034388
0.034349
0.034177
0.034159
0.034097
0.034055
0.033970
0.033919
0.033796
0.033710
0.033637
0.033567
0.033567
0.033420
0.033386
0.033250
0.033250
0.033141
0.033109
0.033034
0.032980
0.032895
0.032849
0.032849
0.032876
0.032838
0.032838
0.032724
0.032724
0.032638
0.032545
0.032511
0.032511
0.032378
0.032378
0.032343
0.032264
0.032232
0.032227
0.032099
0.032099
0.032099
0.032004
0.031934
0.031899
0.031855
0.031821
0.031806
0.031762
0.031723
0.031641
0.031569
0.031553
0.031587
0.031595
0.031480
0.031480
0.031480
0.031371
0.031371
0.031369
0.031371
0.031292
0.031227
0.031237
0.031213
0.031170
0.031170
0.031170
0.031170
0.031128
0.031128
0.031136
0.031115
0.031044
0.030963
0.030963
0.030925
0.030878
0.030837
0.030799
0.030799
0.030749
0.030752
0.030711
0.030749
0.030727
0.030690
0.030690
0.030638
0.030645
0.030615
0.030538
0.030534
0.030535
0.030535
0.030535
0.030515
0.030430
0.030404
0.030351
0.030351
0.030351
0.030316
0.030351
0.030395
0.030342
0.030313
0.030313
0.030313
0.030304
0.030218
0.030180
0.030117
0.030117
0.030126
0.030098
0.030098
0.030123
0.030087
0.030134
0.030086
0.030042
0.030075
0.030068
0.030080
0.030018
0.029985
0.029946
0.029946
0.029959
0.029959
0.029932
0.029957
0.029923
0.029929
0.029929
0.029929
0.029929
0.029903
0.029893
0.029834
0.029800
0.029767
0.029754
0.029771
0.029731
0.029756
0.029764
0.029800
0.029816
0.029784
0.029784
0.029758
0.029779
0.029779
0.029756
0.029756
0.029756
0.029695
0.029684
0.029620
0.029680
0.029715
0.029736
0.029714
0.029685
0.029659
0.029694
0.029715
0.029715
0.029687
0.029687
0.029687
0.029612
0.029612
0.029637
0.029637
0.029612
0.029620
0.029620
0.029611
0.029571
0.029545
0.029570
0.029570
0.029528
0.029528
0.029494
0.029494
0.029478
0.029464
0.029482
0.029482
0.029482
0.029508
0.029444
0.029444
0.029444
0.029411
0.029411
0.029457
0.029457
0.029457
0.029490
0.029450
0.029445
0.029445
0.029429
0.029429
0.029429
0.029394
0.029360
0.029359
0.029389
0.029389
0.029409
0.029409
0.029406
0.029402
0.029402
0.029352
0.029383
0.029383
0.029391
0.029360
0.029364
0.029364
0.029327
0.029327
0.029342
0.029332
0.029330
0.029361
0.029361
0.029360
0.029360
0.029317
0.029362
0.029399
0.029366
0.029365
0.029357
0.029357
0.029359
0.029402
0.029435
0.029398
0.029361
0.029361
0.029361
0.029361
0.029361
0.029349
0.029338
0.029338
0.029338
0.029338
0.029381
0.029381
0.029349
0.029312
0.029292
0.029292
0.029292
0.029288
0.029299
0.029267
0.029267
0.029304
0.029287
0.029287
0.029287
0.029257
0.029292
0.029292
0.029291
0.029291
0.029261
0.029261
0.029261
0.029278
0.029278
0.029278
0.029249
0.029249
0.029249
0.029251
0.029251
0.029251
0.029222
0.029247
0.029247
0.029247
0.029247
0.029212
0.029185
0.029185
0.029188
0.029234
0.029234
0.029176
0.029211
0.029211
0.029211
0.029211
0.029246
0.029220
0.029220
0.029226
0.029226
0.029226
0.029226
0.029201
0.029201
0.029201
0.029201
0.029203
0.029193
0.029201
0.029201
0.029201
0.029201
0.029201
0.029139
0.029139
0.029139
0.029139
0.029139
0.029149
0.029127
0.029127
0.029127
0.029127
0.029127
0.029127
0.029106
0.029106
0.029106
0.029100
0.029112
0.029112
0.029092
0.029060
0.029060
0.029060
0.029060
0.029095
0.029077
0.029077
0.029123
0.029123
0.029123
0.029123
0.029106
0.029106
0.029074
0.029028
0.029028
0.029028
0.029027
0.029027
0.029021
0.029021
0.029021
0.029021
0.029006
0.029006
0.029006
0.029006
0.029023
0.029023
0.029009
0.029044
0.029044
0.029044
0.029044
0.029044
0.029044
0.029050
0.029050
0.029050
0.029050
0.029050
0.029050
0.029039
0.029039
0.029039
0.029039
0.029096
0.029113
0.029104
0.029104
0.029104
0.029104
0.029104
0.029104
0.029104
0.029118
0.029118
0.029118
0.029070
0.029070
0.029070
0.029063
0.029063
0.029063
0.029063
0.029087
0.029087
0.029082
0.029082
0.029082
0.029082
0.029082
0.029082
0.029082
0.029104
0.029104
0.029104
0.029091
0.029091
0.029091
0.029089
0.029089
0.029089
0.029089
0.029116
0.029122
0.029122
0.029122
0.029122
0.029122
0.029079
0.029079
0.029076
0.029105
0.029105
0.029105
0.029105
0.029143
0.029186
0.029186
0.029189
0.029189
0.029189
0.029218
0.029218
0.029175
0.029175
0.029179
0.029179
0.029179
0.029201
0.029244
0.029274
0.029279
0.029279
0.029311
0.034656
0.034673
0.034656
0.034663
0.034596
0.034596
0.034581
0.034565
0.034565
0.034550
0.034544
0.034578
0.034564
0.034564
0.034550
0.034536
0.034546
0.034532
0.034580
0.034567
0.034554
0.034554
0.034553
0.034553
0.034541
0.034577
0.034565
0.034554
0.034566
0.034555
0.034555
0.034545
0.034535
0.034535
0.034539
0.034539
0.034480
0.034480
0.034471
0.034463
0.034478
0.034469
0.034467
0.034459
0.034452
0.034452
0.034461
0.034414
0.034407
0.034400
0.034400
0.034394
0.034406
0.034406
0.034351
0.034346
0.034346
0.034342
0.034360
0.034307
0.034303
0.034303
0.034299
0.034296
0.034267
0.034264
0.034262
0.034262
0.034210
0.034209
0.034230
0.034179
0.034178
0.034178
0.034128
0.034151
0.034151
0.034101
0.034102
0.034102
0.034089
0.034114
0.034066
0.034089
0.034039
0.034042
0.034045
0.034020
0.034023
0.033978
0.033978
0.033933
0.033938
0.033919
0.033919
0.033876
0.033882
0.033833
0.033840
0.033824
0.033824
0.033783
0.033742
0.033742
0.033702
0.033729
0.033690
0.033690
0.033641
0.033651
0.033602
0.033592
0.033583
0.033534
0.033498
0.033498
0.033462
0.033427
0.033408
0.033421
0.033373
0.033340
0.033253
0.033236
0.033219
0.033219
0.033219
0.033187
0.033193
0.033209
0.033162
0.033147
0.033117
0.033070
0.033088
0.033042
0.032982
0.033000
0.033019
0.033038
0.033012
0.032966
0.032921
0.032928
0.032858
0.032813
0.032846
0.032785
0.032741
0.032701
0.032680
0.032646
0.032635
0.032591
0.032571
0.032605
0.032561
0.032518
0.032437
0.032463
0.032420
0.032343
0.032343
0.032338
0.032365
0.032350
0.032350
0.032308
0.032267
0.032267
0.032226
0.032148
0.032148
0.032107
0.032132
0.032091
0.032052
0.032012
0.032050
0.032011
0.031972
0.031972
0.031933
0.031895
0.031895
0.031856
0.031818
0.031786
0.031749
0.031749
0.031712
0.031675
0.031675
0.031676
0.031679
0.031643
0.031607
0.031645
0.031541
0.031541
0.031472
0.031472
0.031437
0.031403
0.031367
0.031333
0.031376
0.031380
0.031350
0.031317
0.031317
0.031286
0.031248
0.031172
0.031172
0.031172
0.031103
0.031103
0.031042
0.031085
0.031054
0.031016
0.031016
0.030985
0.030985
0.030916
0.030916
0.030857
0.030814
0.030776
0.030745
0.030786
0.030829
0.030760
0.030760
0.030734
0.030704
0.030665
0.030636
0.030636
0.030630
0.030601
0.030601
0.030576
0.030536
0.030508
0.030508
0.030468
0.030440
0.030406
0.030366
0.030313
0.030313
0.030313
0.030274
0.030246
0.030246
0.030206
0.030183
0.030155
0.030115
0.030115
0.030115
0.030088
0.030085
0.030085
0.030062
0.029996
0.029996
0.029996
0.029996
0.029956
0.029929
0.029907
0.029868
0.029868
0.029868
0.029802
0.029802
0.029802
0.029781
0.029742
0.029742
0.029716
0.029716
0.029677
0.029677
0.029657
0.029619
0.029592
0.029592
0.029592
0.029599
0.029599
0.029599
0.029581
0.029544
0.029516
0.029516
0.029516
0.029479
0.029479
0.029462
0.029462
0.029426
0.029426
0.029399
0.029399
0.029363
0.029347
0.029347
0.029347
0.029347
0.029313
0.029313
0.029313
0.029270
0.029236
0.029236
0.029236
0.029236
0.029236
0.029204
0.029190
0.029190
0.029143
0.029143
0.029113
0.029113
0.029071
0.029071
0.029071
0.029041
0.029041
0.029041
0.029041
0.029067
0.029067
0.029039
0.029039
0.029002
0.029002
0.029002
0.028992
0.028967
0.028967
0.029004
0.029004
0.029004
0.029004
0.028972
0.028941
0.028941
0.028941
0.028941
0.028941
0.028941
0.028913
0.028913
0.028913
0.028913
0.028913
0.028913
0.028913
0.028907
0.028889
0.028889
0.028889
0.028889
0.028889
0.028885
0.028885
0.028885
0.028885
0.028871
0.028897
0.028897
0.028893
0.028893
0.028893
0.028893
0.028893
0.028893
0.028891
0.028881
0.028881
0.028881
0.028881
0.028881
0.028881
0.028880
0.028880
0.028880
0.028880
0.028880
0.028874
0.028875
0.028875
0.028875
0.028875
0.028875
0.028875
0.028875
0.028877
0.028877
0.028877
0.028877
0.028877
0.028877
0.028880
0.028880
0.028878
0.028878
0.028878
0.028878
0.028883
0.028883
0.028883
0.028883
0.028883
0.028883
0.028883
0.028889
0.028889
0.028889
0.028889
0.028889
0.028889
0.028897
0.028897
0.028897
0.028897
0.028934
0.028936
0.028945
0.028945
0.028945
0.028945
0.028945
0.028945
0.028955
0.028955
0.028955
0.028955
0.028955
0.028955
0.028967
0.028967
0.028967
0.028967
0.028967
0.028980
0.028980
0.028980
0.028980
0.028980
0.028980
0.028993
0.028993
0.029037
0.029037
0.029069
0.029069
0.029084
0.029009
0.029009
0.029009
0.029009
0.029071
0.029071
0.029071
0.029071
0.029114
0.029131
0.029131
0.029163
0.029163
0.029163
0.029131
0.029106
0.029106
0.029106
0.029106
0.029106
0.029125
0.029169
0.029169
0.029169
0.029169
0.029189
0.029189
0.029189
0.029189
0.029189
0.029210
0.029210
0.029210
0.029210
0.029210
0.029233
0.029233
0.029200
0.029200
0.029200
0.029200
0.029224
0.029256
0.029256
0.029256
0.029256
0.029280
0.029280
0.029280
0.029280
0.029248
0.029273
0.029273
0.029273
0.029273
0.029273
0.029273
0.029331
0.029331
0.029331
0.029331
0.029331
0.029358
0.029358
0.029326
0.029326
0.029364
0.029323
0.029351
0.029351
0.029351
0.029383
0.029383
0.029383
0.029412
0.029412
0.029412
0.029380
0.029380
0.029380
0.029380
0.029409
0.029409
0.029407
0.029407
0.029407
0.029439
0.029470
0.029470
0.029446
0.029470
0.029400
0.029400
0.029400
0.029431
0.029431
0.029431
0.029431
0.029431
0.029431
0.029431
0.029463
0.029440
0.029440
0.029440
0.029463
0.029463
0.029427
0.029460
0.029460
0.029460
0.029460
0.029460
0.029460
0.029437
0.029437
0.029470
0.029470
0.029470
0.029459
0.029459
0.029459
0.029459
0.029459
0.029494
0.029494
0.029494
0.029462
0.029438
0.029438
0.029438
0.029405
0.029405
0.029428
0.029464
0.029464
0.029464
0.029464
0.029466
0.029466
0.029466
0.029410
0.029410
0.029410
0.029447
0.029447
0.029447
0.029447
0.029470
0.029470
0.029439
0.029439
0.029439
0.029439
0.029439
0.029415
0.029453
0.029453
0.029423
0.029423
0.029423
0.029423
0.029446
0.029446
0.029446
0.029446
0.029417
0.029417
0.029417
0.029393
0.029393
0.029433
0.029433
0.029404
0.029404
0.029404
0.029427
0.029466
0.029466
0.029466
0.029466
0.029438
0.029438
0.029414
0.029414
0.029414
0.029414
0.029387
0.029387
0.029387
0.029411
0.029411
0.029411
0.029452
0.029426
0.029426
0.029403
0.029403
0.029403
0.029403
0.029403
0.029378
0.029378
0.029378
0.029401
0.029401
0.029401
0.029377
0.029377
0.029377
0.029354
0.029354
0.029354
0.029331
0.029331
0.029331
0.029337
0.029337
0.029360
0.029338
0.029338
0.029338
0.029338
0.029338
0.029315
0.029293
0.029293
0.029293
0.029293
0.029293
0.029293
0.029273
0.029273
0.029296
0.029296
0.029296
0.029296
0.029277
0.029225
0.029225
0.029225
0.029225
0.029225
0.029206
0.029206
0.029206
0.029206
0.029230
0.029230
0.029212
0.029189
0.029189
0.029189
0.029189
0.029189
0.029172
0.029172
0.029172
0.029172
0.029172
0.029172
0.029157
0.029157
0.029157
0.029157
0.029157
0.029143
0.029141
0.029141
0.029141
0.029141
0.029141
0.029128
0.029128
0.029128
0.029172
0.029172
0.029210
0.029198
0.029198
0.029154
0.029154
0.029069
0.029069
0.029058
0.029058
0.029058
0.029058
0.029102
0.029130
0.029130
0.029130
0.029130
0.029130
0.029130
0.029078
0.029078
0.029078
0.029078
0.029040
0.029040
0.029115
0.029084
0.029115
0.029115
0.029115
0.029115
0.029109
0.029109
0.029109
0.029027
0.029027
0.028992
0.028992
0.028992
0.029073
0.029073
0.029073
0.029101
0.029101
0.029101
0.029101
0.029101
0.029070
0.029030
0.029030
0.029030
0.029030
0.029030
0.028981
0.029019
0.029019
0.029019
0.029019
0.029019
0.029020
0.029020
0.028982
0.028982
0.028982
0.028982
0.028984
0.028984
0.028984
0.029022
0.029022
0.029025
0.029025
0.029025
0.029025
0.029025
0.028987
0.028992
0.028992
0.028992
0.028992
0.028992
0.028998
0.029036
0.029036
0.029036
0.029036
0.029036
0.029043
0.029043
0.029005
0.029005
0.029005
0.029014
0.029014
0.029014
0.029014
0.029026
0.029026
0.029036
0.029036
0.029036
0.029036
0.028998
0.029009
0.029009
0.029009
0.029009
0.029009
0.029009
0.029022
0.029022
0.029060
0.029099
0.029099
0.029112
0.029112
0.029075
0.029075
0.029075
0.029089
0.029089
0.029089
0.029089
0.029089
0.029105
0.029143
0.029143
0.029143
0.029143
0.029160
0.029122
0.029122
0.029122
0.029122
0.029141
0.029141
0.029141
0.029141
0.029141
0.029160
0.029160
0.029160
0.029160
0.029160
0.029180
0.029180
0.029180
0.029180
0.029180
0.029201
0.029201
0.029201
0.029201
0.029201
0.029224
0.029224
0.029224
0.029224
0.029224
0.029224
0.029247
0.029247
0.029247
0.029247
0.029247
0.029271
0.029271
0.029271
0.029271
0.029271
0.029296
0.029296
0.029296
0.029296
0.029296
0.029322
0.029322
0.029322
0.029322
0.029322
0.029322
0.029349
0.029349
0.029349
0.029349
0.029308
0.029308
0.029336
0.029336
0.029336
0.029374
0.029374
0.029374
0.029372
0.029372
0.029365
0.029365
0.029365
0.029365
0.029395
0.029395
0.029395
0.029395
0.029326
0.029363
0.029363
0.029394
0.029394
0.029394
0.029357
0.029357
0.029387
0.029426
0.029458
0.029458
0.029428
0.029388
0.029351
0.029351
0.029351
0.029384
0.029384
0.029384
0.029424
0.029424
0.029424
0.029424
0.029424
0.029457
0.029421
0.029421
0.029421
0.029421
0.029421
0.029421
0.029421
0.029456
0.029456
0.029456
0.029421
0.029421
0.029421
0.029421
0.029421
0.029421
0.029421
0.029494
0.029494
0.029461
0.029461
0.029461
0.029424
0.029424
0.029424
0.029424
0.029424
0.029424
0.029428
0.029428
