2.053333
1.907836
1.775351
1.687042
1.642249
1.625928
1.622868
1.623072
1.623524
1.623505
1.623295
1.622968
1.622088
1.620980
1.619846
1.618775
1.617609
1.616419
1.615073
1.612635
1.609186
1.604887
1.600160
1.595788
1.590924
1.586349
1.581533
1.576695
1.571902
1.567019
1.562185
1.557186
1.552197
1.547277
1.542081
1.537017
1.532017
1.526755
1.521426
1.516243
1.511017
1.505847
1.500664
1.495768
1.490666
1.485936
1.480855
1.475745
1.470653
1.465653
1.460702
1.455384
1.450342
1.444970
1.439484
1.434110
1.428770
1.423506
1.418126
1.412844
1.407435
1.402224
1.397374
1.392260
1.387106
1.382051
1.376956
1.371913
1.367233
1.362558
1.357639
1.352576
1.347952
1.342798
1.337647
1.332624
1.327118
1.321983
1.316691
1.311288
1.306021
1.300706
1.295133
1.290068
1.284912
1.280044
1.274861
1.269648
1.264611
1.259475
1.254269
1.249021
1.243788
1.238734
1.233529
1.228486
1.223543
1.218374
1.213279
1.208420
1.203487
1.198564
1.193673
1.188697
1.183834
1.178886
1.174179
1.169443
1.164660
1.159971
1.155196
1.150427
1.145806
1.141216
1.136497
1.131972
1.127428
1.122881
1.118214
1.113864
1.109410
1.105196
1.100809
1.096462
1.092397
1.087917
1.083704
1.079574
1.075403
1.071131
1.067050
1.063084
1.058945
1.054865
1.050807
1.046905
1.042912
1.039005
1.035155
1.031294
1.027555
1.023803
1.019908
1.016050
1.012159
1.008376
1.004625
1.000884
0.997363
0.993508
0.989840
0.986037
0.982474
0.978954
0.975403
0.971797
0.968163
0.964624
0.961140
0.957609
0.954176
0.950703
0.947165
0.943820
0.940405
0.936876
0.933626
0.930234
0.927081
0.923595
0.920152
0.916918
0.913443
0.910235
0.907036
0.903730
0.900365
0.897035
0.893714
0.890507
0.887127
0.883855
0.880476
0.877208
0.873932
0.870681
0.867414
0.864023
0.860799
0.857527
0.854273
0.851033
0.847677
0.844456
0.841054
0.837864
0.834602
0.831434
0.828207
0.824825
0.821669
0.818427
0.814993
0.811705
0.808462
0.805177
0.801994
0.798619
0.795374
0.792430
0.789197
0.785929
0.782851
0.779559
0.776320
0.773188
0.769991
0.766941
0.763787
0.760710
0.757575
0.754433
0.751212
0.748167
0.744970
0.741973
0.738833
0.735865
0.732825
0.729800
0.726526
0.723502
0.720467
0.717563
0.714478
0.711530
0.708427
0.705400
0.702511
0.699359
0.696486
0.693504
0.690471
0.687640
0.684691
0.681839
0.678939
0.676309
0.673384
0.670607
0.667569
0.664660
0.661881
0.658817
0.655961
0.653247
0.650497
0.647792
0.644908
0.642217
0.639621
0.637229
0.634705
0.632283
0.629685
0.626975
0.624328
0.621739
0.619012
0.616480
0.613887
0.611230
0.608811
0.606248
0.603671
0.601048
0.598313
0.595829
0.593193
0.590629
0.588138
0.585507
0.583264
0.580821
0.578218
0.576037
0.573563
0.571123
0.568705
0.566443
0.563976
0.561524
0.559065
0.556969
0.554310
0.551829
0.549584
0.547107
0.544728
0.542368
0.540206
0.537691
0.535344
0.533159
0.530786
0.528235
0.526176
0.524146
0.521843
0.519303
0.516913
0.515003
0.512700
0.510231
0.507857
0.506031
0.503978
0.501626
0.499228
0.497166
0.495399
0.493501
0.491177
0.488826
0.486717
0.484836
0.482813
0.480615
0.478422
0.476459
0.474653
0.472646
0.470483
0.468286
0.466263
0.464503
0.462361
0.460069
0.458092
0.456241
0.454262
0.451911
0.449988
0.448180
0.446214
0.444098
0.442285
0.440287
0.438147
0.436372
0.434393
0.432501
0.430621
0.428796
0.426798
0.424813
0.422962
0.421065
0.419174
0.417412
0.415559
0.413711
0.411849
0.410103
0.408349
0.406476
0.404588
0.402938
0.401109
0.399288
0.397563
0.395703
0.394009
0.392172
0.390417
0.388764
0.386908
0.385101
0.383444
0.381580
0.379954
0.378257
0.376720
0.375143
0.373271
0.371576
0.369855
0.368196
0.366429
0.364779
0.362926
0.361110
0.359588
0.357901
0.356151
0.354720
0.353123
0.351520
0.349813
0.348193
0.346695
0.345061
0.343544
0.341793
0.340295
0.338767
0.337140
0.335586
0.334076
0.332498
0.331069
0.329533
0.328068
0.326704
0.325400
0.324197
0.322973
0.321881
0.320728
0.319588
0.318207
0.317001
0.315746
0.314507
0.313027
0.311717
0.310383
0.309137
0.307677
0.306325
0.305129
0.303825
0.302542
0.301362
0.299967
0.298815
0.297539
0.296328
0.295236
0.293830
0.292730
0.291539
0.290324
0.289212
0.288052
0.286916
0.285592
0.284557
0.283362
0.282249
0.281172
0.280009
0.278731
0.277653
0.276518
0.275498
0.274308
0.273399
0.272377
0.271195
0.270128
0.269040
0.267902
0.266831
0.265866
0.264746
0.263750
0.262722
0.261597
0.260557
0.259517
0.258452
0.257472
0.256489
0.255377
0.254621
0.253739
0.253172
0.252495
0.252013
0.251509
0.250956
0.250151
0.249210
0.248223
0.247201
0.246092
0.244894
0.243675
0.242393
0.241328
0.240063
0.239068
0.238128
0.237141
0.236541
0.235868
0.235289
0.234780
0.234281
0.233651
0.232991
0.232194
0.231245
0.230258
0.229418
0.228453
0.227145
0.226042
0.224791
0.223388
0.222238
0.221311
0.220277
0.219653
0.219096
0.218564
0.218092
0.217488
0.216961
0.216446
0.215751
0.215069
0.214329
0.213145
0.212042
0.210714
0.209394
0.207990
0.206943
0.206029
0.205290
0.204725
0.204210
0.203826
0.203297
0.202775
0.202079
0.201494
0.200919
0.200254
0.199547
0.198665
0.197979
0.197195
0.196438
0.195905
0.195315
0.194834
0.194277
0.193768
0.193246
0.192546
0.192045
0.191544
0.191022
0.190469
0.189961
0.189393
0.188886
0.188266
0.187821
0.187214
0.186785
0.186146
0.185581
0.185141
0.184583
0.184027
0.183619
0.182891
0.182419
0.181778
0.181264
0.180582
0.180136
0.179444
0.178914
0.178365
0.177855
0.177308
0.176833
0.176321
0.175675
0.175102
0.174377
0.173782
0.173072
0.172414
0.171696
0.171011
0.170280
0.169552
0.168748
0.167917
0.167167
0.166359
0.165485
0.164741
0.163917
0.163147
0.162272
0.161598
0.160523
0.159630
0.158776
0.157931
0.157086
0.156262
0.155313
0.154599
0.153650
0.152756
0.151914
0.151069
0.150089
0.149273
0.148349
0.147437
0.146578
0.145733
0.144823
0.143949
0.143074
0.142252
0.141469
0.140552
0.139791
0.138877
0.137892
0.136997
0.136111
0.135205
0.134426
0.133675
0.132944
0.132144
0.131378
0.130650
0.129960
0.129146
0.128505
0.127734
0.127132
0.126468
0.125902
0.125216
0.124586
0.124047
0.123377
0.122817
0.122235
0.121551
0.121089
0.120556
0.119961
0.119424
0.118895
0.118437
0.117905
0.117376
0.116888
0.116400
0.115969
0.115476
0.115044
0.114551
0.114058
0.113678
0.113273
0.112837
0.112461
0.112114
0.111731
0.111326
0.111033
0.110716
0.110300
0.109982
0.109643
0.109332
0.108920
0.108681
0.108313
0.107961
0.107541
0.107264
0.106977
0.106678
0.106303
0.105956
0.105660
0.105341
0.104978
0.104620
0.104319
0.104026
0.103705
0.103276
0.102977
0.102621
0.102194
0.101776
0.101404
0.100887
0.100552
0.100169
0.099795
0.099285
0.098925
0.098399
0.097980
0.097582
0.096999
0.096604
0.096082
0.095636
0.095125
0.094624
0.094046
0.093289
0.092685
0.092089
0.091396
0.090814
0.090282
0.089664
0.089025
0.088456
0.087864
0.087299
0.086756
0.086164
0.085548
0.084990
0.084307
0.083736
0.083110
0.082531
0.081885
0.081265
0.080657
0.079977
0.079387
0.078755
0.078244
0.077641
0.077028
0.076436
0.075863
0.075242
0.074637
0.074080
0.073434
0.072817
0.072241
0.071614
0.071082
0.070526
0.069957
0.069379
0.068912
0.068382
0.067907
0.067397
0.066967
0.066435
0.065986
0.065391
0.064946
0.064514
0.064050
0.063646
0.063249
0.062720
0.062348
0.061774
0.061345
0.060978
0.060550
0.060124
0.059697
0.059294
0.058981
0.058555
0.058110
0.057712
0.057382
0.057023
0.056600
0.056302
0.055954
0.055673
0.055296
0.055011
0.054707
0.054473
0.054202
0.053917
0.053595
0.053412
0.053051
0.052848
0.052546
0.052324
0.052076
0.051899
0.051683
0.051464
0.051271
0.051098
0.050541
0.050326
0.049990
0.049776
0.049565
0.049398
0.049232
0.048990
0.048734
0.048573
0.048418
0.048159
0.047974
0.047796
0.047726
0.047613
0.047428
0.047312
0.047198
0.047051
0.046903
0.046845
0.046758
0.046615
0.046509
0.046384
0.046234
0.046070
0.046005
0.045888
0.045786
0.045754
0.045664
0.045544
0.045433
0.045310
0.045211
0.045183
0.045047
0.044971
0.044904
0.044797
0.044707
0.044766
0.044739
0.044797
0.044752
0.044653
0.044606
0.044524
0.044477
0.044367
0.044376
0.044263
0.044174
0.044156
0.044139
0.044059
0.043998
0.043842
0.043806
0.043714
0.043686
0.043595
0.043463
0.043387
0.043322
0.043245
0.043153
0.043062
0.042993
0.042872
0.042765
0.042594
0.042563
0.042434
0.042414
0.042297
0.042230
0.042052
0.041973
0.041858
0.041779
0.041621
0.041595
0.041437
0.041328
0.041242
0.041143
0.041122
0.040998
0.040928
0.040487
0.040361
0.040106
0.039904
0.039761
0.039605
0.039488
0.039263
0.039193
0.039087
0.038923
0.038856
0.038723
0.038652
0.038585
0.038391
0.038320
0.038196
0.038053
0.037938
0.037868
0.037713
0.037631
0.037510
0.037325
0.037255
0.037189
0.037003
0.036933
0.036867
0.036701
0.036599
0.036533
0.036417
0.036307
0.036245
0.036180
0.036065
0.036020
0.035920
0.035811
0.035715
0.035619
0.035709
0.035663
0.035696
0.035658
0.035610
0.035465
0.035451
0.035496
0.035384
0.035294
0.035359
0.035290
0.035288
0.035219
0.035110
0.035158
0.035054
0.034994
0.034927
0.034910
0.034847
0.034805
0.034712
0.034669
0.034650
0.034595
0.034577
0.034526
0.034415
0.034425
0.034362
0.034335
0.034330
0.034274
0.034234
0.034173
0.034172
0.034171
0.034015
0.033971
0.033957
0.033897
0.033897
0.033869
0.033819
0.033812
0.033805
0.033420
0.033399
0.033261
0.033135
0.033026
0.033041
0.033004
0.032906
0.032891
0.032842
0.032755
0.032755
0.032664
0.032685
0.032602
0.032580
0.032577
0.032524
0.032426
0.032355
0.032359
0.032330
0.032295
0.032301
0.032255
0.032214
0.032191
0.032191
0.032164
0.032131
0.032118
0.032162
0.032202
0.032184
0.032088
0.032108
0.032071
0.032071
0.032129
0.032101
0.032077
0.032053
0.032008
0.032030
0.032095
0.032107
0.032239
0.032244
0.032302
0.032302
0.032352
0.032460
0.032416
0.032466
0.032472
0.032378
0.032384
0.032420
0.032425
0.032487
0.032468
0.032398
0.032431
0.032431
0.032436
0.032462
0.032358
0.032319
0.032326
0.032353
0.032342
0.032342
0.032375
0.032346
0.032346
0.032319
0.032278
0.032284
0.032294
0.032294
0.032223
0.032185
0.032185
0.032157
0.032186
0.032122
0.032082
0.032129
0.032133
0.032050
0.032050
0.031728
0.031678
0.031569
0.031519
0.031470
0.031430
0.031369
0.031261
0.031244
0.031251
0.031159
0.031121
0.031007
0.030995
0.031004
0.030958
0.030958
0.030919
0.030878
0.030911
0.030851
0.030851
0.030828
0.030765
0.030728
0.030728
0.030738
0.030700
0.030665
0.030665
0.030629
0.030629
0.030649
0.030649
0.030645
0.030645
0.030584
0.030543
0.030506
0.030506
0.030470
0.030533
0.030533
0.030497
0.030681
0.030689
0.030727
0.030776
0.030808
0.030808
0.030822
0.030827
0.030791
0.030763
0.030778
0.030794
0.030843
0.030808
0.030808
0.030858
0.030891
0.030857
0.030906
0.030871
0.030843
0.030833
0.030833
0.030848
0.030848
0.030848
0.030774
0.030738
0.030738
0.030738
0.030703
0.030703
0.030703
0.030753
0.030735
0.030699
0.030684
0.030650
0.030650
0.030696
0.030663
0.030626
0.030605
0.030558
0.030558
0.030488
0.030450
0.030150
0.030111
0.029977
0.029917
0.029867
0.029834
0.029747
0.029698
0.029629
0.029629
0.029547
0.029547
0.029499
0.029462
0.029462
0.029382
0.029374
0.029374
0.029307
0.029291
0.029337
0.029337
0.029300
0.029232
0.029162
0.029162
0.029151
0.029187
0.029187
0.029233
0.029163
0.029163
0.029184
0.029184
0.029150
0.029125
0.029088
0.029088
0.029088
0.029088
0.029088
0.029088
0.029017
0.029017
0.029202
0.029268
0.029367
0.029347
0.029397
0.029397
0.029446
0.029496
0.029480
0.029494
0.029507
0.029474
0.029488
0.029488
0.029488
0.029584
0.029547
0.029514
0.029564
0.029564
0.029564
0.029564
0.029564
0.029577
0.029577
0.029577
0.029577
0.029543
0.029536
0.029517
0.029517
0.029517
0.029517
0.029567
0.029534
0.029534
0.029497
0.029497
0.029497
0.029459
0.029459
0.029459
0.029459
0.029459
0.029401
0.029366
0.029366
0.029066
0.029016
0.028916
0.028866
0.028877
0.028807
0.028757
0.028707
0.028657
0.028703
0.028671
0.028638
0.028588
0.028529
0.028529
0.028479
0.028479
0.028479
0.028429
0.028429
0.028423
0.028423
0.028423
0.028336
0.028316
0.028282
0.028270
0.028270
0.028270
0.028270
0.028270
0.028270
0.028320
0.028283
0.028283
0.028283
0.028283
0.028283
0.028283
0.028302
0.028348
0.028312
0.028312
0.028312
0.028475
0.028525
0.028601
0.028651
0.028701
0.028701
0.028751
0.028801
0.028801
0.028851
0.028901
0.028901
0.028944
0.028907
0.028907
0.028957
0.028957
0.028957
0.028974
0.028974
0.028974
0.028940
0.028940
0.028990
0.029023
0.029042
0.029042
0.029042
0.029023
0.029023
0.028987
0.028954
0.028954
0.029042
0.029042
0.029061
0.029061
0.029107
0.029107
0.029107
0.029107
0.029141
0.029141
0.029123
0.029090
0.029090
0.028790
0.028740
0.028640
0.028590
0.028540
0.028469
0.028419
0.028369
0.028301
0.028301
0.028251
0.028251
0.028201
0.028201
0.028201
0.028151
0.028151
0.028151
0.028101
0.028121
0.028121
0.028121
0.028121
0.028071
0.028071
0.028071
0.028071
0.028071
0.028071
0.028071
0.028039
0.028039
0.028089
0.028135
0.028135
0.028135
0.028099
0.028099
0.028099
0.028121
0.028121
0.028121
0.028124
0.028124
0.028124
0.028289
0.028339
0.028439
0.028489
0.028539
0.028539
0.028589
0.028639
0.028639
0.028729
0.028779
0.028779
0.028829
0.028829
0.028829
0.028879
0.028898
0.028898
0.028948
0.028948
0.028913
0.028913
0.028913
0.028963
0.028963
0.028963
0.028963
0.028963
0.028963
0.028963
0.028963
0.028963
0.028963
0.029013
0.029013
0.029013
0.029013
0.029013
0.029013
0.029013
0.029013
0.029059
0.029059
0.029059
0.029025
0.029025
0.028725
0.028675
0.028575
0.028525
0.028475
0.028475
0.028423
0.028373
0.028323
0.028323
0.028273
0.028273
0.028242
0.028242
0.028242
0.028192
0.028192
0.028192
0.028089
0.028069
0.028069
0.028069
0.028069
0.028019
0.028080
0.028080
0.028080
0.028080
0.028080
0.028080
0.028080
0.028080
0.028130
0.028130
0.028130
0.028130
0.028130
0.028130
0.028130
0.028110
0.028097
0.028097
0.028097
0.028063
0.028063
0.028263
0.028313
0.028413
0.028463
0.028513
0.028513
0.028563
0.028613
0.028613
0.028663
0.028713
0.028713
0.028763
0.028718
0.028718
0.028768
0.028768
0.028768
0.028818
0.028818
0.028818
0.028818
0.028818
0.028868
0.028868
0.028868
0.028868
0.028868
0.028868
0.028868
0.028868
0.028868
0.028918
0.028918
0.028960
0.028960
0.028960
0.028981
0.028935
0.028935
0.028935
0.028935
0.028935
0.028935
0.028935
0.028615
0.028565
0.028465
0.028435
0.028385
0.028385
0.028302
0.028252
0.028252
0.028202
0.028152
0.028152
0.028102
0.028057
0.028057
0.028007
0.028007
0.028007
0.027957
0.027957
0.027957
0.027957
0.027957
0.027907
0.027907
0.027907
0.027907
0.027907
0.027907
0.027862
0.027862
0.027862
0.027897
0.027947
0.027912
0.027934
0.027934
0.027934
0.027934
0.027934
0.027934
0.027912
0.027868
0.027910
0.027910
0.027967
0.028167
0.028217
0.028317
0.028332
0.028382
0.028382
0.028419
0.028469
0.028475
0.028475
0.028525
0.028525
0.028575
0.028609
0.028609
0.028667
0.028667
0.028687
0.028737
0.028693
0.028693
0.028693
0.028693
0.028743
0.028720
0.028742
0.028777
0.028777
0.028777
0.028777
0.028733
0.028733
0.028748
0.028748
0.028748
0.028711
0.028711
0.028748
0.028748
0.028748
0.028783
0.028739
0.028739
0.028707
0.028730
0.028430
0.028346
0.028246
0.028196
0.028146
0.028146
0.028096
0.028002
0.028080
0.028030
0.027980
0.027980
0.027930
0.027930
0.027930
0.027880
0.027802
0.027802
0.027752
0.027752
0.027752
0.027752
0.027787
0.027737
0.027762
0.027762
0.027719
0.027719
0.027719
0.027719
0.027684
0.027684
0.027734
0.027734
0.027734
0.027734
0.027769
0.027726
0.027726
0.027726
0.027726
0.027726
0.027752
0.027752
0.027752
0.027917
0.027925
0.028025
0.028075
0.028160
0.028160
0.028210
0.028260
0.028260
0.028310
0.028360
0.028318
0.028368
0.028368
0.028333
0.028383
0.028383
0.028383
0.028468
0.028468
0.028468
0.028468
0.028468
0.028503
0.028503
0.028503
0.028503
0.028503
0.028503
0.028468
0.028468
0.028503
0.028546
0.028596
0.028555
0.028555
0.028555
0.028555
0.028555
0.028555
0.028555
0.028555
0.028555
0.028555
0.028555
0.028555
0.028214
0.028164
0.028064
0.028014
0.027964
0.027964
0.027914
0.027892
0.027842
0.027842
0.027792
0.027792
0.027701
0.027701
0.027701
0.027651
0.027651
0.027651
0.027601
0.027601
0.027601
0.027601
0.027601
0.027564
0.027564
0.027524
0.027524
0.027524
0.027524
0.027524
0.027524
0.027524
0.027574
0.027574
0.027574
0.027574
0.027574
0.027574
0.027574
0.027533
0.027533
0.027533
0.027533
0.027533
0.027533
0.027733
0.027783
0.027883
0.027963
0.028013
0.028013
0.028063
0.028113
0.028113
0.028163
0.028213
0.028173
0.028223
0.028223
0.028223
0.028273
0.028273
0.028273
0.028323
0.028323
0.028323
0.028323
0.028323
0.028373
0.028373
0.028373
0.028373
0.028373
0.028373
0.028333
0.028333
0.028333
0.028383
0.028383
0.028383
0.028383
0.028383
0.028383
0.028383
0.028383
0.028383
0.028383
0.028340
0.028340
0.028340
0.028040
0.027990
0.027890
0.027840
0.027751
0.027751
0.027701
0.027651
0.027651
0.027601
0.027551
0.027551
0.027501
0.027501
0.027501
0.027468
0.027468
0.027468
0.027418
0.027418
0.027418
0.027418
0.027418
0.027368
0.027368
0.027368
0.027368
0.027368
0.027368
0.027368
0.027368
0.027329
0.027329
0.027379
0.027379
0.027379
0.027379
0.027347
0.027378
0.027378
0.027378
0.027378
0.027378
0.027378
0.027410
0.027410
0.027610
0.027660
0.027760
0.027810
0.027828
0.027828
0.027878
0.027928
0.027978
0.027978
0.028028
0.028028
0.028078
0.028078
0.028078
0.028128
0.028128
0.028128
0.028178
0.028178
0.028135
0.028135
0.028097
0.028147
0.028147
0.028147
0.028147
0.028147
0.028167
0.028167
0.028167
0.028167
0.028217
0.028217
0.028217
0.028217
0.028217
0.028217
0.028217
0.028217
0.028217
0.028217
0.028217
0.028217
0.028217
0.027917
0.027867
0.027767
0.027717
0.027667
0.027667
0.027617
0.027567
0.027567
0.027517
0.027467
0.027459
0.027409
0.027409
0.027409
0.027359
0.027359
0.027359
0.027309
0.027309
0.027309
0.027309
0.027309
0.027259
0.027240
0.027240
0.027240
0.027240
0.027240
0.027240
0.027240
0.027240
0.027240
0.027290
0.027290
0.027290
0.027290
0.027290
0.027290
0.027290
0.027290
0.027290
0.027290
0.027290
0.027290
0.027490
0.027540
0.027640
0.027690
0.027702
0.027702
0.027752
0.027802
0.027802
0.027852
0.027902
0.027902
0.027952
0.027952
0.027952
0.028002
0.028002
0.027962
0.028012
0.028012
0.028037
0.028037
0.028037
0.028087
0.028087
0.028087
0.028087
0.028087
0.028087
0.028087
0.028087
0.028087
0.028087
0.028137
0.028137
0.028137
0.028137
0.028137
0.028137
0.028137
0.028137
0.028137
0.028174
0.028174
0.028174
0.028174
0.027837
0.027749
0.027649
0.027599
0.027549
0.027549
0.027499
0.027449
0.027436
0.027468
0.027418
0.027418
0.027368
0.027368
0.027368
0.027318
0.027318
0.027318
0.027268
0.027268
0.027301
0.027301
0.027301
0.027218
0.027218
0.027218
0.027218
0.027181
0.027181
0.027181
0.027181
0.027181
0.027264
0.027264
0.027264
0.027264
0.027264
0.027264
0.027264
0.027264
0.027231
0.027231
0.027231
0.027231
0.027231
0.027464
0.027514
0.027614
0.027664
0.027714
0.027651
0.027701
0.027751
0.027751
0.027801
0.027851
0.027818
0.027901
0.027901
0.027901
0.027951
0.027951
0.027951
0.028001
0.028001
0.028001
0.028001
0.028001
0.028051
0.028051
0.028051
0.028051
0.028015
0.028015
0.028015
0.028015
0.028015
0.028015
0.028065
0.028065
0.028065
0.028065
0.028065
0.028028
0.028028
0.028028
0.028028
0.028028
0.028028
0.028028
0.027728
0.027678
0.027543
0.027493
0.027443
0.027443
0.027393
0.027343
0.027343
0.027293
0.027243
0.027243
0.027193
0.027193
0.027193
0.027143
0.027143
0.027143
0.027062
0.027062
0.027062
0.027062
0.027029
0.026979
0.027010
0.026982
0.026982
0.026982
0.026982
0.026982
0.026950
0.026950
0.026950
0.027000
0.027000
0.027000
0.027000
0.027000
0.027000
0.027000
0.027000
0.027000
0.026968
0.026968
0.026968
0.026968
0.027168
0.027218
0.027318
0.027368
0.027418
0.027418
0.027468
0.027518
0.027568
0.027568
0.027618
0.027618
0.027668
0.027668
0.027668
0.027687
0.027687
0.027687
0.027737
0.027737
0.027737
0.027737
0.027737
0.027787
0.027787
0.027787
0.027787
0.027787
0.027787
0.027787
0.027787
0.027758
0.027808
0.027808
0.027808
0.027741
0.027741
0.027741
0.027741
0.027741
0.027741
0.027741
0.027741
0.027741
0.027741
0.027441
0.027391
0.027291
0.027241
0.027191
0.027191
0.027141
0.027091
0.027091
0.027041
0.026991
0.026963
0.026913
0.026913
0.026913
0.026863
0.026863
0.026863
0.026813
0.026813
0.026813
0.026813
0.026813
0.026763
0.026763
0.026763
0.026763
0.026763
0.026763
0.026763
0.026763
0.026763
0.026763
0.026788
0.026788
0.026788
0.026788
0.026788
0.026788
0.026758
0.026758
0.026758
0.026758
0.026758
0.026758
0.026958
0.027008
0.027108
0.027158
0.027208
0.027208
0.027258
0.027308
0.027308
0.027358
0.027408
0.027384
0.027434
0.027434
0.027434
0.027484
0.027484
0.027484
0.027534
0.027534
0.027534
0.027534
0.027534
0.027584
0.027584
0.027584
0.027584
0.027584
0.027584
0.027584
0.027584
0.027584
0.027584
0.027634
0.027634
0.027634
0.027613
0.027613
0.027613
0.027613
0.027613
0.027613
0.027613
0.027613
0.027613
0.027613
0.027313
0.027263
0.027163
0.027084
0.027034
0.027034
0.026984
0.026934
0.026884
0.026884
0.026834
0.026834
0.026784
0.026784
0.026784
0.026734
0.026734
0.026703
0.026635
0.026635
0.026635
0.026635
0.026635
0.026585
0.026585
0.026616
0.026616
0.026616
0.026616
0.026585
0.026585
0.026585
0.026635
0.026635
0.026635
0.026635
0.026635
0.026635
0.026635
0.026635
0.026635
0.026635
0.026635
0.026635
0.026635
0.026835
0.026885
0.026985
0.027035
0.027070
0.027070
0.027120
0.027170
0.027170
0.027220
0.027270
0.027270
0.027320
0.027320
0.027320
0.027370
0.027370
0.027370
0.027420
0.027392
0.027392
0.027392
0.027392
0.027442
0.027442
0.027442
0.027442
0.027442
0.027442
0.027442
0.027442
0.027442
0.027442
0.027492
0.027492
0.027492
0.027492
0.027492
0.027492
0.027492
0.027492
0.027480
0.027480
0.027480
0.027480
0.027180
0.027130
0.027030
0.026980
0.026930
0.026930
0.026880
0.026830
0.026830
0.026780
0.026730
0.026730
0.026719
0.026719
0.026719
0.026669
0.026669
0.026669
0.026580
0.026580
0.026580
0.026580
0.026580
0.026530
0.026569
0.026569
0.026569
0.026569
0.026569
0.026569
0.026569
0.026569
0.026569
0.026619
0.026619
0.026619
0.026619
0.026619
0.026619
0.026619
0.026594
0.026594
0.026586
0.026586
0.026586
0.026586
0.026786
0.026836
0.026936
0.026986
0.027036
0.027036
0.027086
0.027136
0.027186
0.027186
0.027236
0.027236
0.027286
0.027286
0.027286
0.027336
0.027336
0.027336
0.027386
0.027386
0.027386
0.027386
0.027386
0.027406
0.027406
0.027406
0.027436
0.027436
0.027436
0.027436
0.027436
0.027436
0.027486
0.027486
0.027456
0.027456
0.027456
0.027456
0.027456
0.027456
0.027456
0.027456
0.027456
0.027456
0.027456
0.027156
0.027106
0.027006
0.026956
0.026906
0.026906
0.026856
0.026806
0.026806
0.026756
0.026706
0.026706
0.026656
0.026654
0.026654
0.026604
0.026604
0.026604
0.026554
0.026554
0.026554
0.026554
0.026554
0.026504
0.026504
0.026504
0.026504
0.026504
0.026482
0.026482
0.026482
0.026482
0.026482
0.026532
0.026532
0.026532
0.026532
0.026532
0.026532
0.026532
0.026532
0.026532
0.026532
0.026532
0.026532
0.026732
0.026782
0.026882
0.026932
0.026982
0.026982
0.027032
0.027082
0.027082
0.027132
0.027182
