1.994965
1.854907
1.730728
1.651517
1.613762
1.601115
1.598969
1.599045
1.598982
1.598679
1.598101
1.597319
1.596962
1.596769
1.596891
1.597129
1.597249
1.597056
1.597081
1.596916
1.596704
1.596619
1.596819
1.597033
1.597357
1.597585
1.597400
1.597184
1.596386
1.594972
1.593227
1.591433
1.589611
1.587889
1.586133
1.584415
1.582705
1.580863
1.579130
1.577427
1.575722
1.573882
1.572386
1.570719
1.568948
1.567242
1.565299
1.563642
1.561646
1.559796
1.557845
1.555934
1.554192
1.552745
1.550871
1.549072
1.546998
1.545049
1.543190
1.541289
1.539589
1.537932
1.536095
1.534059
1.532309
1.530642
1.528990
1.526814
1.525016
1.523032
1.520887
1.518687
1.516754
1.514734
1.512591
1.510669
1.508765
1.507186
1.504913
1.502621
1.500599
1.498196
1.495806
1.493594
1.491367
1.489394
1.487080
1.484779
1.482646
1.480392
1.478141
1.475800
1.473312
1.471009
1.468635
1.466286
1.464071
1.461795
1.459806
1.457722
1.455966
1.453563
1.451315
1.448648
1.446198
1.443802
1.441423
1.438935
1.436520
1.433506
1.430683
1.427646
1.424658
1.421965
1.419211
1.416496
1.413997
1.411242
1.408549
1.406135
1.403094
1.400694
1.398110
1.395502
1.392931
1.390370
1.387846
1.385508
1.383020
1.380392
1.377885
1.375633
1.373224
1.370219
1.367583
1.365187
1.362522
1.359939
1.357282
1.354919
1.352255
1.349922
1.347439
1.344880
1.341858
1.339614
1.337077
1.334820
1.332424
1.330048
1.327834
1.325437
1.323251
1.320730
1.318496
1.316370
1.313929
1.311607
1.309264
1.306420
1.304105
1.302025
1.299757
1.297605
1.295513
1.293254
1.290889
1.288765
1.286617
1.284880
1.282904
1.280881
1.278655
1.276815
1.274645
1.271992
1.270097
1.268074
1.266187
1.264269
1.262482
1.260522
1.258593
1.256746
1.254968
1.253160
1.251220
1.249443
1.247556
1.246006
1.244291
1.242744
1.240395
1.238703
1.236973
1.235451
1.233817
1.232380
1.230798
1.229539
1.227979
1.226696
1.225282
1.223917
1.222623
1.221421
1.220307
1.219161
1.217837
1.216741
1.215630
1.214526
1.213517
1.212376
1.211116
1.210087
1.208930
1.207439
1.206567
1.205529
1.204656
1.203639
1.202918
1.202148
1.201292
1.200609
1.200035
1.199286
1.198542
1.197808
1.196959
1.196431
1.195644
1.194956
1.194350
1.193790
1.193140
1.192558
1.192150
1.191578
1.191123
1.190652
1.190238
1.189691
1.189491
1.188801
1.188442
1.188069
1.187783
1.187360
1.186984
1.186519
1.186047
1.186434
1.186086
1.185571
1.185161
1.184872
1.184480
1.184035
1.183798
1.183396
1.183230
1.182836
1.182564
1.182191
1.181760
1.181473
1.181074
1.180752
1.180257
1.180137
1.179653
1.179409
1.179042
1.178674
1.179137
1.178879
1.178628
1.178255
1.177880
1.177525
1.177206
1.176698
1.176355
1.176016
1.175668
1.175329
1.175017
1.174641
1.174430
1.174699
1.174100
1.173809
1.173442
1.173011
1.172698
1.172358
1.171868
1.171426
1.171118
1.170489
1.170257
1.169859
1.169340
1.169646
1.169132
1.168692
1.168164
1.167701
1.167306
1.167012
1.166635
1.166258
1.165711
1.165264
1.164774
1.164300
1.163743
1.163972
1.163503
1.163021
1.162589
1.162145
1.161673
1.161041
1.160514
1.160147
1.159481
1.158969
1.158423
1.157910
1.157237
1.156831
1.156260
1.155630
1.155157
1.154650
1.154791
1.154130
1.153518
1.152803
1.152214
1.151584
1.151213
1.150598
1.150016
1.149337
1.148742
1.148183
1.147576
1.147158
1.146807
1.146127
1.145555
1.145037
1.144325
1.143692
1.143223
1.142750
1.142121
1.141558
1.141066
1.140504
1.140043
1.139602
1.139138
1.138603
1.138010
1.137423
1.136832
1.136273
1.135795
1.135218
1.134708
1.134230
1.133706
1.133205
1.132691
1.132117
1.131656
1.131117
1.130705
1.130003
1.129427
1.128805
1.128250
1.127038
1.126522
1.125922
1.125333
1.124737
1.124169
1.123623
1.123131
1.122493
1.121957
1.121331
1.120806
1.120231
1.119595
1.119171
1.118531
1.117976
1.117527
1.117086
1.116649
1.116064
1.115533
1.115102
1.114515
1.114024
1.113465
1.112982
1.112488
1.112014
1.111567
1.110937
1.110420
1.110015
1.109491
1.109057
1.108429
1.108009
1.107522
1.107031
1.106497
1.106110
1.105607
1.105093
1.104596
1.104195
1.103659
1.103024
1.102575
1.101988
1.101504
1.101000
1.100614
1.100036
1.099760
1.099347
1.098901
1.098412
1.098020
1.097549
1.097114
1.096717
1.096270
1.095866
1.095448
1.095044
1.094659
1.094262
1.093748
1.093324
1.092875
1.092500
1.092108
1.091734
1.091294
1.091006
1.090574
1.090121
1.089791
1.089439
1.088315
1.088033
1.087647
1.087309
1.087012
1.086631
1.086282
1.085993
1.085801
1.085496
1.085289
1.085037
1.084661
1.084470
1.084230
1.083943
1.083607
1.083419
1.083174
1.082844
1.082563
1.082327
1.082047
1.081913
1.081589
1.081339
1.081161
1.080919
1.080649
1.080463
1.080236
1.079967
1.079796
1.079666
1.079389
1.079212
1.079093
1.078888
1.078767
1.078586
1.078409
1.078283
1.078126
1.077901
1.077777
1.077661
1.077546
1.077334
1.077209
1.077084
1.076919
1.076801
1.076725
1.076567
1.076309
1.076189
1.076076
1.075961
1.075845
1.075716
1.075328
1.075164
1.074957
1.074892
1.074773
1.074710
1.074610
1.074373
1.074275
1.074210
1.074116
1.074002
1.073956
1.073895
1.073786
1.073669
1.073607
1.073501
1.073418
1.073359
1.073398
1.073290
1.073177
1.073116
1.073158
1.073075
1.073020
1.072915
1.072904
1.072897
1.072903
1.072852
1.072843
1.072793
1.072736
1.072627
1.072670
1.072551
1.072444
1.072423
1.072370
1.072364
1.072476
1.072461
1.072549
1.072539
1.072582
1.072623
1.072664
1.072659
1.072659
1.072702
1.072680
1.072627
1.072721
1.072670
1.072616
1.072610
1.072655
1.072704
1.072587
1.072680
1.072632
1.072677
1.072625
1.072674
1.072670
1.072666
1.072666
1.072625
1.072525
1.072471
1.072471
1.072417
1.072479
1.072471
1.072454
1.072504
1.072452
1.072452
1.072398
1.072448
1.072444
1.072444
1.072490
1.072440
1.072436
1.072439
1.072338
1.072290
1.072278
1.072036
1.071988
1.071840
1.071794
1.071795
1.071795
1.071701
1.071655
1.071664
1.071664
1.071623
1.071566
1.071533
1.071531
1.071533
1.071512
1.071464
1.071513
1.071492
1.071444
1.071494
1.071491
1.071432
1.071476
1.071476
1.071373
1.071423
1.071423
1.071375
1.071373
1.071323
1.071323
1.071416
1.071356
1.071358
1.071359
1.071359
1.071406
1.071355
1.071455
1.071455
1.071455
1.071452
1.071513
1.071504
1.071590
1.071636
1.071682
1.071732
1.071681
1.071737
1.071734
1.071783
1.071832
1.071878
1.071927
1.071927
1.071924
1.071994
1.071994
1.071975
1.071922
1.071970
1.071920
1.071915
1.071915
1.071866
1.071865
1.071916
1.071916
1.071966
1.071914
1.071914
1.071914
1.071910
1.071910
1.071956
1.071908
1.071860
1.071857
1.071855
1.071855
1.071806
1.071859
1.071806
1.071818
1.071816
1.071864
1.071814
1.071814
1.071816
1.071525
1.071474
1.071266
1.071196
1.071178
1.071222
1.071223
1.071128
1.071091
1.071150
1.071067
1.071076
1.071017
1.071044
1.071120
1.071131
1.071123
1.071059
1.071027
1.071008
1.070939
1.070918
1.070901
1.070928
1.070928
1.070886
1.070862
1.070873
1.070803
1.070811
1.070753
1.070699
1.070700
1.070688
1.070690
1.070690
1.070700
1.070676
1.070636
1.070640
1.070630
1.070629
1.070579
1.070781
1.070877
1.070938
1.070988
1.071036
1.071036
1.071035
1.071084
1.071134
1.071231
1.071266
1.071216
1.071266
1.071271
1.071271
1.071178
1.071128
1.071177
1.071177
1.071188
1.071188
1.071188
1.071190
1.071137
1.071196
1.071149
1.071149
1.071149
1.071149
1.071149
1.071149
1.071149
1.071149
1.071198
1.071200
1.071215
1.071222
1.071222
1.071220
1.071220
1.071167
1.071117
1.071117
1.071067
1.071062
1.071012
1.071016
1.071025
1.070727
1.070627
1.070579
1.070519
1.070470
1.070470
1.070371
1.070321
1.070273
1.070271
1.070225
1.070236
1.070138
1.070188
1.070190
1.070144
1.070194
1.070146
1.070107
1.070071
1.070071
1.070021
1.070021
1.070017
1.069969
1.069969
1.069969
1.069969
1.069918
1.069882
1.069882
1.069931
1.069951
1.069951
1.069950
1.069975
1.069961
1.069961
1.069911
1.069911
1.069914
1.069815
1.069815
1.069815
1.069995
1.069994
1.070143
1.070192
1.070257
1.070306
1.070357
1.070407
1.070407
1.070469
1.070517
1.070467
1.070517
1.070467
1.070499
1.070510
1.070526
1.070526
1.070629
1.070677
1.070675
1.070676
1.070676
1.070676
1.070626
1.070626
1.070626
1.070586
1.070602
1.070552
1.070552
1.070552
1.070550
1.070600
1.070651
1.070651
1.070651
1.070651
1.070651
1.070701
1.070720
1.070718
1.070668
1.070669
1.070669
1.070618
1.070270
1.070281
1.070177
1.070128
1.070128
1.070128
1.070100
1.070051
1.070003
1.070002
1.069955
1.069955
1.069858
1.069857
1.069856
1.069812
1.069812
1.069812
1.069796
1.069796
1.069845
1.069845
1.069846
1.069863
1.069852
1.069848
1.069798
1.069810
1.069810
1.069760
1.069782
1.069732
1.069750
1.069700
1.069700
1.069648
1.069648
1.069698
1.069699
1.069699
1.069698
1.069648
1.069721
1.069723
1.069722
1.069899
1.069865
1.069964
1.070112
1.070161
1.070160
1.070250
1.070300
1.070349
1.070424
1.070474
1.070475
1.070525
1.070525
1.070575
1.070623
1.070623
1.070573
1.070672
1.070672
1.070674
1.070700
1.070700
1.070749
1.070799
1.070749
1.070754
1.070754
1.070754
1.070754
1.070754
1.070753
1.070703
1.070753
1.070730
1.070730
1.070730
1.070730
1.070730
1.070730
1.070766
1.070817
1.070817
1.070817
1.070817
1.070517
1.070495
1.070396
1.070294
1.070295
1.070295
1.070245
1.070196
1.070196
1.070147
1.070098
1.070050
1.070002
1.070052
1.070081
1.070085
1.070085
1.070134
1.070044
1.070044
1.070043
1.070043
1.070044
1.070076
1.070076
1.070077
1.070027
1.070030
1.070059
1.070160
1.070160
1.070161
1.070161
1.070141
1.070091
1.070092
1.070092
1.070091
1.070042
1.070036
1.070036
1.070036
1.070038
1.070069
1.070070
1.070120
1.070295
1.070394
1.070492
1.070541
1.070541
1.070591
1.070641
1.070691
1.070790
1.070790
1.070840
1.070843
1.070892
1.070892
1.070924
1.071024
1.071024
1.070987
1.071037
1.071037
1.070983
1.070983
1.070983
1.071033
1.070984
1.070984
1.070984
1.070981
1.070981
1.070981
1.070981
1.071031
1.071081
1.071081
1.071081
1.071081
1.071080
1.071077
1.071107
1.071107
1.071107
1.071107
1.071107
1.071107
1.071057
1.070761
1.070745
1.070698
1.070599
1.070551
1.070551
1.070504
1.070407
1.070433
1.070352
1.070308
1.070308
1.070267
1.070267
1.070267
1.070231
1.070231
1.070231
1.070255
1.070255
1.070255
1.070255
1.070255
1.070160
1.070160
1.070160
1.070160
1.070160
1.070160
1.070158
1.070158
1.070158
1.070158
1.070165
1.070215
1.070215
1.070215
1.070180
1.070180
1.070180
1.070230
1.070230
1.070230
1.070227
1.070227
1.070325
1.070371
1.070466
1.070514
1.070529
1.070579
1.070628
1.070677
1.070677
1.070723
1.070723
1.070723
1.070772
1.070774
1.070824
1.070874
1.070908
1.070874
1.070924
1.070924
1.070922
1.070923
1.070923
1.070972
1.070972
1.070937
1.070936
1.070936
1.070936
1.070886
1.070853
1.070850
1.070850
1.070850
1.070850
1.070850
1.070851
1.070851
1.070851
1.070851
1.070851
1.070848
1.070846
1.070800
1.070800
1.070800
1.070503
1.070504
1.070406
1.070357
1.070309
1.070309
1.070262
1.070215
1.070169
1.070169
1.070107
1.070036
1.069990
1.069939
1.069939
1.069945
1.069945
1.069945
1.069909
1.069909
1.069909
1.069909
1.069910
1.069844
1.069844
1.069862
1.069862
1.069862
1.069862
1.069860
1.069857
1.069857
1.069873
1.069873
1.069873
1.069873
1.069873
1.069875
1.069834
1.069834
1.069854
1.069854
1.069854
1.069851
1.069851
1.070025
1.070123
1.070221
1.070268
1.070318
1.070318
1.070318
1.070367
1.070366
1.070416
1.070436
1.070425
1.070475
1.070475
1.070472
1.070472
1.070471
1.070433
1.070483
1.070483
1.070531
1.070531
1.070531
1.070581
1.070631
1.070628
1.070628
1.070549
1.070549
1.070549
1.070547
1.070547
1.070546
1.070596
1.070596
1.070544
1.070540
1.070540
1.070540
1.070538
1.070539
1.070502
1.070502
1.070502
1.070502
1.070470
1.070170
1.070122
1.070019
1.069969
1.069919
1.069919
1.069869
1.069767
1.069717
1.069767
1.069719
1.069717
1.069655
1.069704
1.069704
1.069653
1.069703
1.069703
1.069653
1.069516
1.069485
1.069517
1.069517
1.069501
1.069544
1.069544
1.069594
1.069596
1.069592
1.069542
1.069542
1.069542
1.069556
1.069556
1.069504
1.069504
1.069501
1.069501
1.069510
1.069510
1.069509
1.069509
1.069558
1.069560
1.069783
1.069790
1.069890
1.069940
1.069940
1.069939
1.069977
1.070027
1.070027
1.070077
1.070127
1.070127
1.070178
1.070178
1.070178
1.070178
1.070179
1.070179
1.070229
1.070229
1.070229
1.070278
1.070278
1.070278
1.070377
1.070377
1.070377
1.070377
1.070377
1.070352
1.070402
1.070363
1.070363
1.070413
1.070413
1.070413
1.070413
1.070413
1.070413
1.070401
1.070401
1.070401
1.070401
1.070401
1.070401
1.070401
1.070401
1.070101
1.070051
1.069951
1.069901
1.069851
1.069851
1.069801
1.069751
1.069701
1.069701
1.069598
1.069646
1.069596
1.069596
1.069596
1.069546
1.069546
1.069507
1.069446
1.069446
1.069421
1.069421
1.069421
1.069375
1.069375
1.069375
1.069375
1.069325
1.069325
1.069325
1.069377
1.069377
1.069421
1.069374
1.069374
1.069374
1.069374
1.069376
1.069376
1.069376
1.069326
1.069326
1.069314
1.069316
1.069515
1.069515
1.069665
1.069765
1.069867
1.069867
1.069917
1.069967
1.069917
1.069968
1.070018
1.069930
1.069980
1.069980
1.069984
1.070034
1.069984
1.069984
1.070034
1.070035
1.070121
1.070121
1.070121
1.070171
1.070170
1.070148
1.070098
1.070098
1.070102
1.070103
1.070103
1.070103
1.070103
1.070155
1.070155
1.070151
1.070151
1.070153
1.070153
1.070153
1.070153
1.070153
1.070143
1.070143
1.070143
1.070143
1.070145
1.069845
1.069795
1.069695
1.069647
1.069597
1.069547
1.069519
1.069431
1.069381
1.069381
1.069332
1.069380
1.069330
1.069330
1.069330
1.069233
1.069221
1.069221
1.069176
1.069177
1.069177
1.069177
1.069177
1.069153
1.069153
1.069153
1.069129
1.069129
1.069127
1.069127
1.069127
1.069127
1.069167
1.069167
1.069167
1.069167
1.069167
1.069167
1.069157
1.069157
1.069156
1.069156
1.069156
1.069155
1.069355
1.069356
1.069456
1.069506
1.069533
1.069533
1.069583
1.069633
1.069633
1.069684
1.069734
1.069696
1.069746
1.069746
1.069743
1.069843
1.069792
1.069780
1.069830
1.069830
1.069830
1.069830
1.069930
1.070931
1.082296
1.110529
1.110452
1.105863
1.103782
1.115471
1.128919
1.142105
1.154575
1.162203
1.169923
1.176677
1.183703
1.189284
1.193436
1.195949
1.196086
1.194755
1.193281
1.190646
1.188179
1.186401
1.184825
1.183155
1.181430
1.179494
1.177263
1.174943
1.172876
1.170584
1.168618
1.166863
1.165294
1.163723
1.162519
1.160900
1.159572
1.158011
1.156429
1.154736
1.153305
1.151634
1.149946
1.148322
1.146859
1.145188
1.143297
1.141566
1.139856
1.138059
1.134952
1.130330
1.124178
1.115891
1.105579
1.094372
1.082727
1.071434
1.060631
1.049634
1.038734
1.027821
1.017271
1.007396
0.997026
0.986086
0.974899
0.963690
0.953054
0.942771
0.932999
0.924255
0.916907
0.911309
0.907489
0.905065
0.904101
0.903958
0.904558
0.905432
0.905637
0.904758
0.902593
0.900015
0.897093
0.894084
0.890905
0.888055
0.885541
0.882616
0.879481
0.876657
0.873772
0.871199
0.868648
0.866160
0.864050
0.861928
0.859974
0.858128
0.856081
0.854026
0.851886
0.849354
0.846777
0.844290
0.841687
0.839101
0.836756
0.834300
0.831885
0.829332
0.826822
0.824212
0.821493
0.818801
0.816558
0.813782
0.811294
0.808681
0.805956
0.803099
0.800541
0.797758
0.794865
0.792213
0.789386
0.786592
0.784034
0.781553
0.778844
0.775994
0.773509
0.770845
0.767955
0.765283
0.762474
0.759951
0.757449
0.754760
0.751948
0.749188
0.746549
0.743820
0.741195
0.738492
0.735902
0.733029
0.730312
0.727640
0.725008
0.722598
0.720042
0.717415
0.714843
0.712169
0.709853
0.707144
0.704852
0.702306
0.699810
0.697538
0.695129
0.692818
0.690267
0.687891
0.685299
0.682938
0.680619
0.678370
0.676055
0.673868
0.671567
0.669322
0.666963
0.664932
0.662994
0.660825
0.658752
0.656636
0.654527
0.652664
0.650653
0.648784
0.646894
0.645036
0.643300
0.641708
0.639962
0.638130
0.636405
0.634764
0.632955
0.631256
0.629584
0.627948
0.626304
0.624525
0.623042
0.621452
0.619952
0.618436
0.616930
0.615377
0.613788
0.612393
0.611023
0.609535
0.608170
0.606500
0.604974
0.603731
0.602160
0.600718
0.599296
0.597580
0.595975
0.594849
0.593226
0.591624
0.590188
0.588424
0.586989
0.585464
0.584027
0.582436
0.580821
0.579310
0.577742
0.576217
0.574553
0.572983
0.571454
0.569678
0.568135
0.566382
0.564643
0.563091
0.561396
0.559741
0.557916
0.556225
0.554440
0.552718
0.550868
0.549043
0.547189
0.545283
0.543371
0.541640
0.539647
0.538013
0.536561
0.534747
0.532877
0.530995
0.529237
0.527455
0.525649
0.523879
0.522375
0.520879
0.519028
0.517351
0.515657
0.514042
0.512276
0.510612
0.509011
0.507319
0.505491
0.503937
0.502336
0.500715
0.499163
0.497566
0.495970
0.494687
0.493132
0.491686
0.490183
0.488704
0.487061
0.485641
0.484105
0.482669
0.481348
0.479838
0.478436
0.476989
0.475536
0.474240
0.472885
0.471745
0.470305
0.469079
0.467642
0.466249
0.464939
0.463578
0.462391
0.461166
0.459791
0.458592
0.457358
0.456077
0.454889
0.453676
0.452542
0.451460
0.450325
0.449308
0.448104
0.446950
0.445774
0.444579
0.443544
0.442480
0.441340
0.440339
0.439304
0.438282
0.437161
0.436090
0.435142
0.434099
0.433021
0.432022
0.431076
0.430196
0.429258
0.428230
0.427247
0.426321
0.425328
0.424316
0.423507
0.422561
0.421649
0.420699
0.419854
0.419235
0.418543
0.417397
0.416525
0.415698
0.414734
0.413852
0.413046
0.412212
0.411255
0.410463
0.409561
0.408852
0.407853
0.407009
0.406260
0.405321
0.404557
0.403802
0.402807
0.402032
0.401209
0.400404
0.399612
0.398771
0.398027
0.397184
0.396280
0.395490
0.394691
0.393955
0.393229
0.392360
0.391640
0.390625
0.389966
0.389194
0.388258
0.387588
0.386691
0.385981
0.385099
0.384284
0.383568
0.382908
0.382066
0.381269
0.380542
0.379802
0.379108
0.378319
0.377495
0.376903
0.376104
0.375316
0.374544
0.373747
0.373135
0.372320
0.371802
0.371239
0.370629
0.369924
0.369213
0.368586
0.367787
0.367162
0.366418
0.365549
0.364658
0.363737
0.362735
0.361742
0.360796
0.359898
0.358976
0.358318
0.357565
0.356917
0.356398
0.355762
0.355157
0.354464
0.353843
0.353139
0.352354
0.351527
0.350593
0.349650
0.348721
0.347642
0.346453
0.345184
0.344100
0.343087
0.342020
0.340815
0.339791
0.338846
0.337698
0.336817
0.335753
0.334743
0.333664
0.332542
0.331385
0.330237
0.329007
0.327836
0.326630
0.325507
0.324473
0.323218
0.322130
0.321058
0.319819
0.318580
0.317362
0.316681
0.316355
0.316116
0.315899
0.315459
0.314782
0.314102
0.313370
0.312579
0.311721
0.310884
0.309992
0.309084
0.308198
0.306916
0.305677
0.304454
0.303658
0.302456
0.301124
0.299890
0.298787
0.297553
0.296524
0.295431
0.294368
0.293389
0.292348
0.291338
0.290090
0.289061
0.287938
0.286919
0.285887
0.284944
0.283825
0.282665
0.281573
0.280635
0.279566
0.278531
0.277511
0.276463
0.275446
0.274381
0.273364
0.272283
0.271344
0.270371
0.269189
0.268198
0.267078
0.266148
0.264995
0.264051
0.262863
0.261755
0.260746
0.260008
0.259019
0.257958
0.256873
0.255872
0.254859
0.253826
0.252783
0.251662
0.250575
0.249601
0.248616
0.247561
0.246426
0.245368
0.244471
0.243397
0.242346
0.241376
0.240134
0.239227
0.238059
0.237158
0.235970
0.234873
0.234271
0.233854
0.233616
0.233447
0.232989
0.232295
0.231697
0.230852
0.230016
0.229245
0.228211
0.227318
0.226340
0.225294
0.224450
0.223542
0.222503
0.221594
0.220694
0.219648
0.218582
0.217727
0.216591
0.215712
0.214718
0.213674
0.212695
0.211643
0.210633
0.209525
0.208637
0.207534
0.206568
0.205538
0.204330
0.203431
0.202319
0.201319
0.200086
0.198985
0.197902
0.196673
0.195675
0.194555
0.193394
0.192217
0.191116
0.189922
0.188735
0.187621
0.186363
0.185179
0.184074
0.182757
0.181509
0.180276
0.179069
0.177876
0.176591
0.175276
0.174009
0.172861
0.171516
0.170145
0.168841
0.167469
0.166301
0.165030
0.163742
0.162443
0.161125
0.159792
0.158500
0.157344
0.155950
0.154557
0.153348
0.152072
0.150845
0.149484
0.148283
0.146909
0.145726
0.144448
0.143110
0.141850
0.140594
0.139464
0.138241
0.137040
0.135864
0.134743
0.133636
0.132400
0.131301
0.130102
0.128982
0.127816
0.126585
0.125551
0.124473
0.123512
0.122534
0.121533
0.120573
0.119649
0.118685
0.117749
0.116795
0.115926
0.115018
0.114122
0.113263
0.112366
0.111616
0.110727
0.109942
0.109189
0.108392
0.107441
0.106651
0.105972
0.105331
0.104516
0.103811
0.103097
0.102394
0.101702
0.100932
0.100253
0.099553
0.098897
0.098192
0.097579
0.096902
0.096335
0.095702
0.095078
0.094455
0.093776
0.093265
0.092585
0.091915
0.091315
0.090748
0.090243
0.089682
0.089136
0.088456
0.087762
0.087242
0.086622
0.086108
0.085650
0.085113
0.084580
0.083994
0.083459
0.082965
0.082367
0.081863
0.081206
0.080709
0.080190
0.079657
0.079169
0.078593
0.078186
0.077743
0.077216
0.076778
0.076237
0.075708
0.075203
0.074778
0.074210
0.073672
0.073186
0.072706
0.072136
0.071689
0.071216
0.070686
0.070260
0.069822
0.069364
0.068867
0.068415
0.067938
0.067578
0.067138
0.066615
0.066254
0.065773
0.065307
0.064879
0.064365
0.063976
0.063580
0.063182
0.062764
0.062250
0.061822
0.061468
0.061102
0.060624
0.060338
0.059876
0.059478
0.059019
0.058598
0.058118
0.057694
0.057454
0.057161
0.056826
0.056495
0.056106
0.055706
0.055449
0.055069
0.054729
0.054350
0.053893
0.053592
0.053235
0.052928
0.052611
0.052325
0.052015
0.051637
0.051510
0.051164
0.050820
0.050547
0.050306
0.050057
0.049777
0.049592
0.049471
0.049174
0.048840
0.048654
0.048407
0.048212
0.047903
0.047676
0.047478
0.047342
0.047114
0.046884
0.046663
0.046530
0.046313
0.046106
0.045971
0.045801
0.045623
0.045387
0.045231
0.045078
0.044905
0.044756
0.044661
0.044504
0.044393
0.044228
0.044043
0.043914
0.043776
0.043587
0.043451
0.043319
0.043115
0.043101
0.042933
0.042870
0.042728
0.042590
0.042491
0.042403
0.042295
0.042219
0.042129
0.042068
0.041954
0.041898
0.041793
0.041671
0.041613
0.041507
0.041448
0.041373
0.041252
0.041246
0.041128
0.041032
0.040901
0.040844
0.040777
0.040708
0.040653
0.040557
0.040557
0.040417
0.040367
0.040288
0.040193
0.040193
0.040112
0.040056
0.040061
0.039959
0.039924
0.039861
0.039790
0.039827
0.039758
0.039851
0.039834
0.039715
0.039617
0.039647
0.039444
0.039455
0.039417
0.039401
0.039458
0.039328
0.039287
0.039274
0.039237
0.039259
0.039126
0.039090
0.039107
0.039068
0.038853
0.038835
0.038869
0.038796
0.038792
0.038743
0.038678
0.038664
0.038664
0.038664
0.038623
0.038545
0.038564
0.038483
0.038408
0.038294
0.038282
0.038352
0.038267
0.038267
0.038095
0.038045
0.038053
0.037969
0.037929
0.037960
0.037901
0.037946
0.037896
0.037808
0.037714
0.037623
0.037638
0.037653
0.037629
0.037554
0.037504
0.037438
0.037438
0.037426
0.037406
0.037402
0.037374
0.037324
0.037217
0.037217
0.037185
0.037206
0.037162
0.037198
0.037101
0.037079
0.037085
0.037071
0.037071
0.037001
0.036973
0.036938
0.036918
0.036876
0.036802
0.036802
0.036744
0.036744
0.036627
0.036636
0.036617
0.036551
0.036513
0.036431
0.036365
0.036342
0.036342
0.036294
0.036230
0.036230
0.036230
0.036182
0.036152
0.036106
0.036073
0.036037
0.036022
0.036022
0.036003
0.035909
0.035908
0.035908
0.035860
0.035828
0.035810
0.035765
0.035684
0.035648
0.035615
0.035615
0.035622
0.035615
0.035560
0.035485
0.035485
0.035485
0.035390
0.035400
0.035290
0.035286
0.035230
0.035230
0.035247
0.035249
0.035198
0.035142
0.035096
0.035096
0.035076
0.035076
0.035006
0.034983
0.034968
0.034922
0.034954
0.034974
0.034874
0.034827
0.034817
0.034741
0.034741
0.034736
0.034714
0.034714
0.034657
0.034664
0.034640
0.034640
0.034596
0.034618
0.034587
0.034504
0.034504
0.034492
0.034474
0.034474
0.034443
0.034367
0.034354
0.034354
0.034293
0.034263
0.034290
0.034249
0.034249
0.034249
0.034135
0.034157
0.034157
0.034116
0.034119
0.034083
0.034043
0.033925
0.033883
0.033846
0.033821
0.033821
0.033781
0.033786
0.033815
0.033804
0.033770
0.033770
0.033737
0.033737
0.033709
0.033621
0.033653
0.033653
0.033621
0.033595
0.033539
0.033547
0.033547
0.033473
0.033425
0.033432
0.033404
0.033346
0.033309
0.033309
0.033309
0.033235
0.033235
0.033268
0.033232
0.033207
0.033191
0.033105
0.033024
0.033025
0.033021
0.033008
0.032967
0.032920
0.032920
0.032885
0.032861
0.032813
0.032813
0.032804
0.032732
0.032723
0.032723
0.032689
0.032642
0.032609
0.032602
0.032602
0.032536
0.032413
0.032413
0.032419
0.032397
0.032395
0.032318
0.032356
0.032356
0.032299
0.032219
0.032174
0.032125
0.032125
0.032087
0.032086
0.032085
0.032085
0.032054
0.032015
0.031995
0.031932
0.031932
0.031970
0.031897
0.031815
0.031872
0.031765
0.031765
0.031765
0.031694
0.031745
0.031745
0.031759
0.031678
0.031684
0.031664
0.031662
0.031620
0.031580
0.031552
0.031471
0.031445
0.031446
0.031407
0.031407
0.031433
0.031406
0.031326
0.031357
0.031331
0.031331
0.031331
0.031278
0.031243
0.031243
0.031243
0.031207
0.031182
0.031160
0.031193
0.031151
0.031086
0.031086
0.031086
0.031086
0.031097
0.031063
0.031021
0.031021
0.030997
0.030964
0.030955
0.030988
0.030910
0.030854
0.030823
0.030823
0.030860
0.030838
0.030838
0.030808
0.030763
0.030763
0.030816
0.030816
0.030787
0.030787
0.030787
0.030723
0.030723
0.030736
0.030703
0.030662
0.030642
0.030642
0.030649
0.030646
0.030646
0.030633
0.030614
0.030589
0.030595
0.030595
0.030637
0.030574
0.030574
0.030551
0.030551
0.030551
0.030551
0.030578
0.030556
0.030549
0.030566
0.030520
0.030520
0.030500
0.030528
0.030528
0.030528
0.030528
0.030528
0.030468
0.030449
0.030383
0.030429
0.030429
0.030411
0.030411
0.030411
0.030411
0.030397
0.030381
0.030381
0.030427
0.030427
0.030381
0.030381
0.030366
0.030354
0.030354
0.030354
0.030354
0.030340
0.030328
0.030375
0.030335
0.030335
0.030324
0.030312
0.030265
0.030265
0.030265
0.030265
0.030298
0.030287
0.030287
0.030261
0.030261
0.030228
0.030240
0.030230
0.030230
0.030230
0.030230
0.030230
0.030230
0.030246
0.030199
0.030205
0.030166
0.030166
0.030182
0.030175
0.030175
0.030175
0.030142
0.030136
0.030130
0.030157
0.030157
0.030157
0.030157
0.030147
0.030147
0.030142
0.030142
0.030142
0.030142
0.030142
0.030137
0.030134
0.030150
0.030150
0.030150
0.030103
0.030103
0.030103
0.030062
0.030036
0.030036
0.030085
0.030085
0.030082
0.030081
0.030081
0.030081
0.030107
0.030107
0.030107
0.030126
0.030126
0.030126
0.030126
0.030126
0.030126
0.030062
0.030063
0.030063
0.030111
0.030111
0.030111
0.030137
0.030137
0.030140
0.030140
0.030140
0.030140
0.030140
0.030140
0.030140
0.030113
0.030114
0.030088
0.030125
0.030088
0.030069
0.030095
0.030100
0.030148
0.030148
0.030148
0.030148
0.030148
0.030154
0.030191
0.030191
0.030191
0.030191
0.030194
0.030164
0.030164
0.030164
0.030164
0.030164
0.030164
0.030164
0.030172
0.030209
0.030209
0.030209
0.030209
0.030209
0.030209
0.030219
0.030182
0.030182
0.030187
0.030187
0.030187
0.030187
0.030234
0.030217
0.030217
0.030217
0.030217
0.030217
0.030217
0.030229
0.030229
0.030178
0.030178
0.030178
0.030178
0.030178
0.030201
0.030201
0.030201
0.030201
0.030201
0.030201
0.030201
0.030215
0.030265
0.030265
0.030265
0.030218
0.030218
0.030218
0.030218
0.030201
0.030201
0.030201
0.030201
0.030209
0.030209
0.030163
0.030213
0.030213
0.030194
0.030194
0.030194
0.030194
0.030194
0.030115
0.030115
0.030133
0.030133
0.030133
0.030133
0.030133
0.030166
0.030139
0.030139
0.030149
0.030169
0.030169
0.030169
0.030112
0.030112
0.030112
0.030131
0.030131
0.030131
0.030152
0.030142
0.030142
0.030142
0.030142
0.030142
0.030142
0.030098
0.030077
0.030045
0.030011
0.030034
0.030034
0.029992
0.030025
0.030025
0.030006
0.030006
0.029964
0.029964
0.029964
0.029990
0.029990
0.029956
0.029915
0.029915
0.029915
0.029929
0.029963
0.029963
0.029949
0.029949
0.029949
0.029949
0.029949
0.029936
0.029936
0.029903
0.029903
0.029932
0.029906
0.029867
0.029867
0.029901
0.029901
0.029946
0.029961
0.029923
0.029954
0.029954
0.029980
0.029947
0.029947
0.029911
0.029894
0.029894
0.029927
0.029933
0.029933
0.029898
0.029898
0.029898
0.029898
0.029915
0.029881
0.029909
0.029909
0.029909
0.029909
0.029909
0.029909
0.029909
0.029909
0.029945
0.029918
0.029918
0.029935
0.029904
0.029904
0.029871
0.029889
0.029953
0.029953
0.029923
0.029923
0.029956
0.029956
0.029956
0.029956
0.029967
0.029967
0.029940
0.029907
0.029907
0.029907
0.029880
0.029906
0.029966
0.029966
0.029999
0.029999
0.029999
0.029974
0.029974
0.030017
0.030041
0.030007
0.030045
0.030039
0.030039
0.030039
0.030039
0.030039
0.030117
0.030117
0.030094
0.030094
0.030094
0.030094
0.030094
0.030098
0.030142
0.030121
0.030121
0.030121
0.030121
0.030121
0.030117
0.030098
0.030164
0.030164
0.030164
0.030164
0.030164
0.030149
0.030149
0.030132
0.030177
0.030177
0.030177
0.030177
0.030210
0.030173
0.030157
0.030180
0.030226
0.030226
0.030263
0.030230
0.030230
0.030216
0.030216
0.030216
0.030216
0.030262
0.030262
0.030337
0.030324
0.030324
0.030324
0.030348
0.030315
0.030315
0.030315
0.030351
0.030351
0.030351
0.030351
0.030351
0.030351
0.030351
0.030383
0.030357
0.030357
0.030324
0.030349
0.030349
0.030396
0.030396
0.030388
0.030388
0.030388
0.030388
0.030388
0.030388
0.030388
0.030380
0.030380
0.030380
0.030380
0.030406
0.030406
0.030423
0.030417
0.030417
0.030417
0.030417
0.030417
0.030417
0.030417
0.030417
0.030412
0.030412
0.030412
0.030412
0.030412
0.030439
0.030439
0.030435
0.030435
0.030435
0.030435
0.030435
0.030435
0.030435
0.030435
0.030433
0.030433
0.030433
0.030473
0.030473
0.030473
0.030473
0.030500
0.030499
0.030499
0.030481
0.030481
0.030481
0.030481
0.030499
0.030518
0.030518
0.030518
0.030481
0.030481
0.030481
0.030529
0.030529
0.030529
0.030531
0.030531
0.030559
0.030559
0.030597
0.030597
0.030597
0.030559
0.030502
0.030505
0.030505
0.030505
0.030505
0.030553
0.030553
0.030553
0.030557
0.030557
0.030557
0.030557
0.030557
0.030557
0.030557
0.030587
0.030592
0.030592
0.030592
0.030592
0.030592
0.030641
0.030641
0.030641
0.030647
0.030647
0.030647
0.030647
0.030647
0.030647
0.030647
0.030647
0.030654
0.030654
0.030654
0.030654
0.030654
0.030654
0.030654
0.030654
0.030646
0.030732
0.030732
0.030732
0.030759
0.030789
0.030752
0.030725
0.030697
0.030697
0.030697
0.030697
0.030697
0.030697
0.030697
0.030735
0.030746
0.030713
0.030730
0.030757
0.030789
0.030752
0.030752
0.030764
0.030737
0.030737
0.030737
0.030737
0.030774
0.030774
0.030742
0.030718
0.030718
0.030718
0.030778
0.030740
0.030740
0.030740
0.030754
0.030754
0.030754
0.030727
0.030764
0.030686
0.030686
0.030686
0.030701
0.030701
0.030701
0.030733
0.030722
0.030722
0.030722
0.030687
0.030703
0.030741
0.030708
0.030700
0.030682
0.030636
0.030636
0.030636
0.030636
0.030672
0.030704
0.030731
0.030731
0.030731
0.030731
0.030654
0.030654
0.030672
0.030638
0.030638
0.030611
0.030611
0.030611
0.030547
0.030547
0.030579
0.030579
0.030594
0.030594
0.030594
0.030550
0.030550
0.030550
0.030550
0.030517
0.030517
0.030455
0.030434
0.030434
0.030434
0.030434
0.030434
0.030461
0.030418
0.030418
0.030418
0.030418
0.030441
0.030441
0.030399
0.030399
0.030399
0.030399
0.030372
0.030372
0.030330
0.030297
0.030297
0.030324
0.030349
0.030332
0.030292
0.030292
0.030292
0.030292
0.030292
0.030274
0.030233
0.030233
0.030261
0.030261
0.030261
0.030222
0.030222
0.030240
0.030240
0.030240
0.030207
0.030133
0.030163
0.030163
0.030163
0.030180
0.030180
0.030142
0.030142
0.030142
0.030173
0.030173
0.030173
0.030137
0.030137
0.030137
0.030137
0.030137
0.030101
0.030134
0.030101
0.030101
0.030101
0.030101
0.030067
0.030067
0.030067
0.030102
0.030102
0.030102
0.030068
0.030068
0.030068
0.030068
0.030068
0.030070
0.030038
0.030038
0.030038
0.030006
0.030006
0.030006
0.029943
0.030032
0.030032
0.030032
0.030032
0.030032
0.030002
0.030002
0.030002
0.030024
0.029992
0.029992
0.029992
0.029964
0.029964
0.029964
0.030014
0.030054
0.030054
0.030028
0.030028
0.030009
0.030009
0.029977
0.029977
0.029962
0.029927
0.029927
0.029927
0.029927
0.029927
0.029959
0.029935
0.029978
0.029978
0.029978
0.029946
0.029946
0.029924
0.029924
0.029968
0.029968
0.029968
0.029968
0.029968
0.029948
0.029980
0.029980
0.030024
0.029961
0.029961
0.029942
0.029942
0.029942
0.029942
0.029942
0.029988
0.029936
0.029918
0.029918
0.029918
0.029918
0.029918
0.029918
0.029964
0.029949
0.029949
0.029949
0.029949
0.029949
0.029949
0.029931
0.029916
0.029963
0.029963
0.029963
0.029963
0.029963
0.029963
0.029963
0.029950
0.029976
0.029976
0.030023
0.030040
0.030001
0.029990
0.029990
0.029990
0.029955
0.029955
0.029955
0.029955
0.029945
0.029983
0.029983
0.030031
0.030031
0.030031
0.029992
0.029984
0.029984
0.029984
0.029984
0.029984
0.029984
0.029984
