1.470558
1.299802
1.137717
1.021553
0.955678
0.927614
0.919711
0.920469
0.920988
0.920196
0.918810
0.917323
0.916348
0.915442
0.914980
0.914650
0.914217
0.913805
0.913201
0.912587
0.911890
0.910980
0.910378
0.909589
0.908796
0.907984
0.907397
0.906206
0.905653
0.905236
0.904797
0.904575
0.904398
0.904021
0.903460
0.902773
0.901687
0.900526
0.899076
0.897743
0.896222
0.894796
0.893424
0.892118
0.890777
0.889470
0.888116
0.886664
0.885294
0.883849
0.882323
0.880869
0.879396
0.878100
0.876780
0.875520
0.874095
0.872632
0.871317
0.869778
0.868332
0.866853
0.865422
0.864034
0.862586
0.860956
0.859591
0.857995
0.856583
0.854916
0.853527
0.852051
0.850486
0.848879
0.847295
0.845714
0.843785
0.842209
0.840699
0.838810
0.837523
0.835956
0.834120
0.832420
0.830817
0.828711
0.826949
0.825285
0.823335
0.821375
0.819809
0.817982
0.815863
0.814289
0.812328
0.810175
0.808352
0.806191
0.804237
0.802269
0.800377
0.798254
0.796487
0.794498
0.792554
0.790651
0.788475
0.786281
0.784162
0.782253
0.780052
0.778069
0.775940
0.773751
0.771760
0.769801
0.767650
0.765497
0.762932
0.760355
0.757843
0.755218
0.752431
0.749694
0.746798
0.743943
0.741109
0.738200
0.735322
0.732626
0.730353
0.727691
0.725260
0.722759
0.720343
0.718041
0.715717
0.713468
0.711264
0.709181
0.706798
0.704604
0.702413
0.700403
0.698270
0.696084
0.693808
0.691730
0.689635
0.687378
0.685191
0.682978
0.680844
0.678673
0.676686
0.674590
0.672137
0.669457
0.666660
0.664126
0.661783
0.658990
0.656591
0.653788
0.651257
0.648696
0.646518
0.644588
0.642560
0.640413
0.638400
0.636371
0.634405
0.632489
0.630323
0.628120
0.625730
0.623623
0.621225
0.618871
0.616703
0.614395
0.612202
0.609992
0.608146
0.606166
0.604193
0.602380
0.600662
0.598612
0.596708
0.594814
0.592831
0.590936
0.588886
0.586926
0.584942
0.583048
0.581223
0.579295
0.577448
0.575630
0.573634
0.572076
0.570384
0.568485
0.566729
0.565293
0.563473
0.561549
0.560152
0.558477
0.556654
0.554794
0.553446
0.551826
0.550105
0.548239
0.546779
0.545158
0.543402
0.541539
0.540006
0.538603
0.537220
0.535319
0.533543
0.532057
0.530779
0.529261
0.527550
0.525732
0.524014
0.522679
0.521474
0.519567
0.517626
0.515983
0.514552
0.513193
0.511789
0.509937
0.508141
0.506599
0.505216
0.503860
0.502046
0.500070
0.498322
0.496509
0.494956
0.493353
0.491457
0.489437
0.487817
0.486058
0.484098
0.482208
0.480422
0.478600
0.476565
0.474686
0.472892
0.470832
0.468880
0.466934
0.464829
0.463140
0.461373
0.459322
0.457257
0.455338
0.453372
0.451268
0.449435
0.447418
0.445477
0.443271
0.441267
0.439010
0.436805
0.434718
0.432611
0.430292
0.428143
0.425914
0.423849
0.421822
0.419686
0.417804
0.415957
0.413728
0.411621
0.409359
0.407393
0.405508
0.403437
0.401508
0.399607
0.397826
0.395935
0.394195
0.392180
0.390300
0.388220
0.386251
0.384166
0.382188
0.380130
0.378195
0.376315
0.374108
0.372207
0.370111
0.368159
0.366022
0.364130
0.362195
0.360274
0.358215
0.356398
0.354556
0.352695
0.350788
0.348940
0.347010
0.345290
0.343440
0.341450
0.339756
0.337779
0.336030
0.334320
0.332609
0.330674
0.329066
0.327292
0.325505
0.323790
0.321977
0.320269
0.318698
0.316875
0.315198
0.313410
0.311794
0.310444
0.308862
0.307236
0.305749
0.304046
0.302508
0.300882
0.299314
0.297901
0.296415
0.294949
0.293503
0.291993
0.290465
0.289123
0.287527
0.286095
0.284551
0.283350
0.281906
0.280525
0.279071
0.277689
0.276262
0.274986
0.273498
0.272154
0.270808
0.269349
0.268030
0.266785
0.265432
0.264231
0.262807
0.261613
0.260375
0.259124
0.257854
0.256723
0.255464
0.254277
0.252979
0.251814
0.250644
0.249526
0.248304
0.247188
0.246124
0.244965
0.243883
0.242846
0.241882
0.240812
0.239684
0.238675
0.237712
0.236623
0.235527
0.234550
0.233559
0.232597
0.231628
0.230582
0.229699
0.228709
0.227803
0.226761
0.225935
0.225015
0.224174
0.223241
0.222488
0.221578
0.220773
0.219855
0.218962
0.218106
0.217306
0.216591
0.215770
0.215013
0.214259
0.213399
0.212747
0.211944
0.211245
0.210614
0.209862
0.209098
0.208423
0.207788
0.207118
0.206433
0.205853
0.205176
0.204404
0.203994
0.203367
0.202680
0.202118
0.201602
0.200987
0.200472
0.199879
0.199265
0.198689
0.198131
0.197645
0.197122
0.196642
0.196035
0.195658
0.195246
0.194710
0.194231
0.193709
0.193206
0.192743
0.192122
0.191644
0.191247
0.190693
0.190346
0.189896
0.189487
0.188991
0.188644
0.188185
0.187853
0.187260
0.186945
0.186569
0.186006
0.185626
0.185284
0.184801
0.184480
0.183984
0.183725
0.183248
0.182836
0.182534
0.182188
0.181771
0.181448
0.181042
0.180606
0.180371
0.179965
0.179636
0.179206
0.178998
0.178545
0.178196
0.177912
0.177739
0.177581
0.177357
0.177258
0.177096
0.176953
0.176846
0.176632
0.176458
0.176414
0.176349
0.176241
0.176070
0.175971
0.175820
0.175794
0.175596
0.175527
0.175383
0.175388
0.175207
0.175161
0.175061
0.174953
0.174795
0.174820
0.174709
0.174587
0.174568
0.174434
0.174506
0.174303
0.174195
0.174141
0.173962
0.173948
0.173720
0.173711
0.173687
0.173436
0.173465
0.173439
0.173387
0.173278
0.173169
0.173069
0.172923
0.172555
0.172336
0.172012
0.171700
0.171426
0.171111
0.170854
0.170578
0.170350
0.170032
0.169822
0.169597
0.169376
0.169177
0.168816
0.168450
0.168246
0.167970
0.167723
0.167465
0.167087
0.166943
0.166492
0.166295
0.166061
0.165814
0.165542
0.165299
0.164993
0.164754
0.164529
0.164289
0.163985
0.163780
0.163452
0.163145
0.162815
0.162517
0.162375
0.162046
0.161725
0.161609
0.161305
0.161098
0.160769
0.160469
0.160160
0.160012
0.159706
0.159370
0.159051
0.158860
0.158464
0.158125
0.158038
0.157646
0.157368
0.157194
0.156858
0.156581
0.156388
0.156146
0.155916
0.155658
0.155408
0.155109
0.154806
0.154562
0.154345
0.153986
0.153697
0.153457
0.153216
0.152946
0.152721
0.152519
0.152229
0.152016
0.151830
0.151570
0.151287
0.150972
0.150717
0.150467
0.150225
0.149905
0.149751
0.149408
0.149241
0.148981
0.148797
0.148574
0.148277
0.148022
0.147946
0.147684
0.147487
0.147141
0.146822
0.146563
0.146268
0.146094
0.145766
0.145539
0.145338
0.145094
0.144896
0.144691
0.144523
0.144234
0.144007
0.143674
0.143413
0.143194
0.142909
0.142750
0.142457
0.142182
0.141989
0.141836
0.141564
0.141345
0.141137
0.140926
0.140735
0.140453
0.140301
0.140074
0.139848
0.139622
0.139455
0.139164
0.138941
0.138676
0.138435
0.138280
0.138141
0.137958
0.137862
0.137752
0.137603
0.137341
0.137196
0.136920
0.136788
0.136658
0.136411
0.136268
0.136120
0.136029
0.135931
0.135808
0.135673
0.135495
0.135300
0.135146
0.134966
0.134893
0.134767
0.134607
0.134472
0.134271
0.134127
0.134032
0.133961
0.133804
0.133671
0.133557
0.133386
0.133247
0.133100
0.132945
0.132979
0.132795
0.132680
0.132529
0.132418
0.132273
0.132223
0.132062
0.132007
0.131895
0.131736
0.131643
0.131498
0.131478
0.131433
0.131337
0.131179
0.131101
0.130929
0.130866
0.130774
0.130688
0.130599
0.130515
0.130322
0.130321
0.130233
0.130072
0.130065
0.129978
0.129832
0.129784
0.129695
0.129557
0.129470
0.129288
0.129195
0.129145
0.129051
0.129054
0.128897
0.128862
0.128747
0.128666
0.128571
0.128506
0.128427
0.128359
0.128268
0.128264
0.128172
0.128103
0.128053
0.127953
0.127844
0.127721
0.127727
0.127658
0.127464
0.127513
0.127472
0.127374
0.127305
0.127264
0.127189
0.127149
0.126938
0.126874
0.126852
0.126861
0.126742
0.126747
0.126683
0.126520
0.126479
0.126371
0.126335
0.126259
0.126153
0.126199
0.126081
0.126038
0.125939
0.125929
0.125947
0.125907
0.125786
0.125673
0.125619
0.125550
0.125500
0.125525
0.125486
0.125416
0.125402
0.125345
0.125302
0.125311
0.125271
0.125214
0.125095
0.125072
0.125000
0.124945
0.124897
0.124827
0.124936
0.124819
0.124812
0.124720
0.124754
0.124711
0.124725
0.124720
0.124620
0.124551
0.124564
0.124506
0.124456
0.124375
0.124322
0.124322
0.124302
0.124272
0.124222
0.124236
0.124193
0.124052
0.124081
0.124099
0.124058
0.124023
0.123951
0.123907
0.123843
0.123851
0.123851
0.123821
0.123753
0.123717
0.123717
0.123628
0.123633
0.123652
0.123686
0.123569
0.123586
0.123542
0.123455
0.123472
0.123472
0.123472
0.123478
0.123450
0.123450
0.123403
0.123303
0.123322
0.123340
0.123340
0.123296
0.123232
0.123156
0.123109
0.123213
0.123170
0.123139
0.123139
0.123139
0.123139
0.123073
0.123080
0.123074
0.123024
0.123027
0.123027
0.123044
0.123064
0.123061
0.123048
0.123048
0.122886
0.122886
0.122886
0.122843
0.122795
0.122795
0.122813
0.122760
0.122765
0.122835
0.122835
0.122856
0.122903
0.122882
0.122842
0.122842
0.122753
0.122798
0.122741
0.122741
0.122761
0.122740
0.122694
0.122694
0.122656
0.122665
0.122620
0.122620
0.122574
0.122576
0.122620
0.122581
0.122544
0.122494
0.122494
0.122495
0.122450
0.122450
0.122500
0.122484
0.122491
0.122411
0.122411
0.122455
0.122455
0.122500
0.122544
0.122500
0.122498
0.122417
0.122440
0.122475
0.122419
0.122419
0.122353
0.122353
0.122388
0.122386
0.122386
0.122378
0.122378
0.122402
0.122387
0.122393
0.122414
0.122427
0.122418
0.122418
0.122365
0.122365
0.122400
0.122396
0.122396
0.122390
0.122340
0.122375
0.122387
0.122395
0.122395
0.122360
0.122404
0.122404
0.122404
0.122362
0.122362
0.122362
0.122362
0.122360
0.122362
0.122362
0.122378
0.122403
0.122403
0.122437
0.122477
0.122444
0.122409
0.122409
0.122367
0.122367
0.122367
0.122367
0.122317
0.122317
0.122317
0.122352
0.122352
0.122352
0.122352
0.122341
0.122341
0.122307
0.122266
0.122266
0.122266
0.122228
0.122218
0.122218
0.122218
0.122218
0.122218
0.122218
0.122218
0.122230
0.122230
0.122230
0.122266
0.122266
0.122237
0.122237
0.122237
0.122237
0.122187
0.122187
0.122115
0.122140
0.122173
0.122173
0.122208
0.122206
0.122206
0.122176
0.122176
0.122168
0.122168
0.122168
0.122168
0.122109
0.122109
0.122109
0.122109
0.122145
0.122145
0.122145
0.122229
0.122229
0.122220
0.122218
0.122218
0.122239
0.122239
0.122239
0.122183
0.122183
0.122177
0.122177
0.122174
0.122168
0.122181
0.122181
0.122181
0.122181
0.122181
0.122223
0.122223
0.122203
0.122238
0.122238
0.122195
0.122182
0.122182
0.122182
0.122191
0.122191
0.122191
0.122141
0.122141
0.122167
0.122202
0.122202
0.122165
0.122165
0.122165
0.122164
0.122164
0.122147
0.122147
0.122147
0.122147
0.122147
0.122145
0.122145
0.122145
0.122181
0.122181
0.122181
0.122181
0.122181
0.122178
0.122142
0.122142
0.122142
0.122142
0.122142
0.122133
0.122083
0.122107
0.122149
0.122149
0.122226
0.122226
0.122226
0.122226
0.122213
0.122211
0.122142
0.122142
0.122142
0.122142
0.122142
0.122142
0.122167
0.122167
0.122202
0.122176
0.122226
0.122226
0.122190
0.122190
0.122190
0.122190
0.122190
0.122190
0.122190
0.122190
0.122190
0.122193
0.122193
0.122193
0.122193
0.122193
0.122198
0.122196
0.122196
0.122225
0.122217
0.122216
0.122216
0.122166
0.122166
0.122160
0.122160
0.122207
0.122207
0.122207
0.122207
0.122179
0.122179
0.122247
0.122197
0.122197
0.122197
0.122164
0.122166
0.122166
0.122124
0.122149
0.122149
0.122191
0.122191
0.122191
0.122191
0.122191
0.122191
0.122191
0.122191
0.122191
0.122191
0.122191
0.122191
0.122191
0.122191
0.122191
0.122191
0.122191
0.122191
0.122188
0.122188
0.122167
0.122203
0.122215
0.122215
0.122250
0.122250
0.122250
0.122214
0.122214
0.122214
0.122211
0.122211
0.122214
0.122214
0.122214
0.122250
0.122250
0.122284
0.122284
0.122284
0.122320
0.122320
0.122317
0.122282
0.122247
0.122247
0.122211
0.122211
0.122208
0.122208
0.122273
0.122273
0.122308
0.122391
0.122388
0.122388
0.122388
0.122388
0.122388
0.122388
0.122298
0.122255
0.122255
0.122285
0.122285
0.122327
0.122327
0.122361
0.122361
0.122374
0.122374
0.122374
0.122374
0.122374
0.122374
0.122374
0.122374
0.122340
0.122310
0.122310
0.122310
0.122310
0.122295
0.122295
0.122295
0.122295
0.122295
0.122295
0.122295
0.122295
0.122295
0.122297
0.122297
0.122297
0.122297
0.122297
0.122297
0.122268
0.122268
0.122268
0.122268
0.122268
0.122268
0.122268
0.122268
0.122268
0.122268
0.122268
0.122268
0.122268
0.122268
0.122268
0.122268
0.122268
0.122295
0.122295
0.122295
0.122295
0.122255
0.122255
0.122255
0.122255
0.122255
0.122255
0.122255
0.122255
0.122255
0.122255
0.122272
0.122272
0.122272
0.122272
0.122272
0.122272
0.122314
0.122314
0.122314
0.122314
0.122272
0.122265
0.122262
0.122262
0.122262
0.122262
0.122262
0.122212
0.122212
0.122257
0.122257
0.122257
0.122257
0.122257
0.122257
0.122254
0.122254
0.122254
0.122254
0.122254
0.122254
0.122254
0.122254
0.122254
0.122254
0.122254
0.122257
0.122254
0.122254
0.122254
0.122204
0.122204
0.122204
0.122204
0.122204
0.122204
0.122187
0.122187
0.122186
0.122186
0.122186
0.122186
0.122187
0.122214
0.122214
0.122183
0.122183
0.122183
0.122183
0.122182
0.122132
0.122105
0.122138
0.122138
0.122138
0.122165
0.122165
0.122165
0.122166
0.122166
0.122165
0.122179
0.122179
0.122179
0.122179
0.122179
0.122179
0.122179
0.122179
0.122129
0.122129
0.122129
0.122126
0.122126
0.122126
0.122126
0.122126
0.122126
0.122126
0.122126
0.122103
0.122103
0.122103
0.122103
0.122100
0.122050
0.122050
0.122050
0.122050
0.122050
0.122050
0.122050
0.122050
0.122050
0.122050
0.122050
0.122050
0.122050
0.122050
0.122050
0.122000
0.122000
0.122000
0.122000
0.122000
0.122000
0.122000
0.122042
0.122077
0.122077
0.122077
0.122042
0.122042
0.122000
0.121997
0.121947
0.121947
0.121947
0.121947
0.121947
0.121989
0.121992
0.121992
0.122027
0.122027
0.122027
0.122024
0.122024
0.121989
0.121989
0.121939
0.121939
0.121939
0.121939
0.121939
0.121939
0.121939
0.121939
0.121966
0.122002
0.122002
0.122002
0.122002
0.122002
0.121966
0.121966
0.121966
0.121916
0.121938
0.121938
0.121938
0.121938
0.121938
0.121938
0.121938
0.121973
0.121971
0.121971
0.121971
0.121971
0.121935
0.121935
0.121935
0.121935
0.121938
0.121888
0.121888
0.121885
0.121885
0.121885
0.121971
0.121989
0.121989
0.121989
0.121989
0.121939
0.121903
0.121903
0.121903
0.121903
0.121903
0.121853
0.121853
0.121879
0.121740
0.123000
0.127487
0.134452
0.143013
0.152416
0.162020
0.171366
0.180530
0.189566
0.198548
0.207616
0.216789
0.226258
0.235984
0.245729
0.255153
0.263521
0.270508
0.275613
0.278855
0.280487
0.280914
0.280597
0.280043
0.279532
0.279279
0.279311
0.279474
0.279696
0.279743
0.279646
0.279313
0.278791
0.278283
0.277698
0.277192
0.276941
0.276720
0.276654
0.276702
0.276761
0.276824
0.276759
0.276775
0.276728
0.276674
0.276580
0.276532
0.276532
0.276457
0.275536
0.272834
0.268051
0.261294
0.253086
0.244085
0.234925
0.225997
0.217543
0.209497
0.201812
0.194313
0.187104
0.180558
0.175006
0.170736
0.167632
0.165540
0.164393
0.163950
0.163919
0.164057
0.164026
0.163798
0.163342
0.162822
0.162328
0.162000
0.161907
0.162142
0.162666
0.163445
0.164252
0.165002
0.165524
0.165797
0.165884
0.165856
0.165793
0.165791
0.165945
0.166127
0.166351
0.166577
0.166779
0.166848
0.166884
0.166862
0.166751
0.166615
0.166524
0.166367
0.166277
0.166120
0.165906
0.165749
0.165571
0.165414
0.165190
0.165033
0.164876
0.164674
0.164553
0.164374
0.164172
0.164015
0.163837
0.163635
0.163478
0.163254
0.163062
0.162905
0.162681
0.162524
0.162322
0.162144
0.161987
0.161785
0.161642
0.161482
0.161303
0.161101
0.160944
0.160766
0.160564
0.160407
0.160148
0.159991
0.159793
0.159569
0.159413
0.159211
0.159050
0.158843
0.158677
0.158498
0.158297
0.158140
0.157920
0.157763
0.157607
0.157383
0.157226
0.156989
0.156810
0.156656
0.156455
0.156276
0.156074
0.155918
0.155730
0.155573
0.155444
0.155220
0.155064
0.154862
0.154684
0.154527
0.154298
0.154084
0.153883
0.153726
0.153502
0.153346
0.153189
0.152993
0.152872
0.152671
0.152492
0.152336
0.152135
0.151956
0.151755
0.151576
0.151375
0.151126
0.150837
0.150527
0.150246
0.149914
0.149647
0.149381
0.149086
0.148821
0.148464
0.148178
0.147873
0.147611
0.147278
0.146973
0.146714
0.146303
0.145993
0.145534
0.145058
0.144600
0.144099
0.143620
0.143156
0.142752
0.142226
0.141729
0.141277
0.140759
0.140258
0.139810
0.139293
0.138812
0.138320
0.137896
0.137590
0.137206
0.136912
0.136633
0.136272
0.135820
0.135395
0.134931
0.134468
0.134005
0.133467
0.133006
0.132544
0.132000
0.131438
0.130949
0.130439
0.129929
0.129456
0.129011
0.128505
0.128008
0.127404
0.126903
0.126401
0.125901
0.125321
0.124821
0.124276
0.123734
0.123191
0.122652
0.122038
0.121515
0.120964
0.120486
0.119985
0.119439
0.118894
0.118325
0.117771
0.117229
0.116673
0.116084
0.115533
0.114966
0.114311
0.113762
0.113213
0.112618
0.112099
0.111623
0.111065
0.110520
0.109963
0.109451
0.108941
0.108385
0.107830
0.107369
0.106815
0.106256
0.105715
0.105210
0.104724
0.104158
0.103686
0.103256
0.102804
0.102261
0.101841
0.101324
0.100827
0.100408
0.099863
0.099463
0.098949
0.098473
0.097923
0.097468
0.097052
0.096589
0.096174
0.095801
0.095387
0.094975
0.094512
0.094131
0.093653
0.093290
0.092886
0.092410
0.092000
0.091581
0.091131
0.090712
0.090318
0.089921
0.089654
0.089246
0.088782
0.088435
0.088100
0.087610
0.087260
0.086950
0.086544
0.086132
0.085723
0.085293
0.084866
0.084463
0.084100
0.083684
0.083366
0.082992
0.082598
0.082230
0.081887
0.081553
0.081142
0.080709
0.080359
0.079891
0.079590
0.079230
0.078920
0.078512
0.078199
0.077889
0.077594
0.077236
0.076922
0.076619
0.076264
0.075972
0.075692
0.075451
0.075050
0.074748
0.074501
0.074189
0.073953
0.073656
0.073310
0.073060
0.072855
0.072577
0.072291
0.071964
0.071690
0.071404
0.071172
0.070903
0.070668
0.070390
0.070223
0.069985
0.069759
0.069434
0.069209
0.068978
0.068666
0.068397
0.068171
0.067901
0.067681
0.067419
0.067201
0.066985
0.066769
0.066505
0.066203
0.065993
0.065734
0.065504
0.065247
0.065042
0.064788
0.064564
0.064363
0.064093
0.063892
0.063609
0.063459
0.063210
0.062936
0.062772
0.062464
0.062187
0.062035
0.061757
0.061458
0.061276
0.061025
0.060806
0.060580
0.060262
0.060106
0.059772
0.059618
0.059307
0.059134
0.058826
0.058661
0.058368
0.058114
0.057874
0.057613
0.057359
0.057151
0.056884
0.056680
0.056381
0.056175
0.055942
0.055690
0.055404
0.055199
0.054928
0.054693
0.054442
0.054222
0.053966
0.053755
0.053496
0.053238
0.053024
0.052773
0.052499
0.052260
0.052018
0.051773
0.051568
0.051358
0.051100
0.050849
0.050625
0.050371
0.050165
0.049944
0.049719
0.049487
0.049313
0.049095
0.048830
0.048602
0.048386
0.048124
0.047927
0.047729
0.047515
0.047303
0.047108
0.046960
0.046704
0.046495
0.046287
0.046034
0.045893
0.045748
0.045550
0.045294
0.045158
0.044966
0.044767
0.044568
0.044425
0.044247
0.043990
0.043842
0.043702
0.043510
0.043320
0.043141
0.043000
0.042815
0.042676
0.042496
0.042332
0.042187
0.042054
0.041888
0.041757
0.041578
0.041445
0.041317
0.041148
0.041022
0.040906
0.040784
0.040661
0.040520
0.040350
0.040237
0.040122
0.040014
0.039860
0.039827
0.039712
0.039603
0.039494
0.039382
0.039288
0.039181
0.039072
0.038942
0.038838
0.038734
0.038646
0.038555
0.038512
0.038411
0.038346
0.038297
0.038198
0.038062
0.037964
0.037917
0.037821
0.037737
0.037642
0.037580
0.037499
0.037409
0.037341
0.037308
0.037218
0.037123
0.037098
0.036962
0.036875
0.036768
0.036726
0.036655
0.036564
0.036522
0.036440
0.036379
0.036243
0.036238
0.036165
0.036126
0.036098
0.036011
0.035954
0.035902
0.035705
0.035620
0.035583
0.035498
0.035432
0.035397
0.035302
0.035255
0.035269
0.035222
0.035190
0.035109
0.035028
0.034903
0.034778
0.034718
0.034687
0.034609
0.034567
0.034490
0.034434
0.034415
0.034321
0.034322
0.034247
0.034201
0.034126
0.033999
0.033948
0.033902
0.033829
0.033783
0.033712
0.033666
0.033573
0.033571
0.033481
0.033435
0.033390
0.033321
0.033307
0.033138
0.033113
0.033068
0.032979
0.032935
0.032914
0.032870
0.032842
0.032715
0.032671
0.032627
0.032627
0.032583
0.032540
0.032478
0.032356
0.032312
0.032269
0.032226
0.032220
0.032213
0.032170
0.032128
0.032043
0.032000
0.031986
0.031880
0.031837
0.031795
0.031717
0.031674
0.031632
0.031548
0.031480
0.031473
0.031432
0.031390
0.031390
0.031355
0.031340
0.031258
0.031182
0.031107
0.031107
0.031030
0.030981
0.030944
0.030903
0.030939
0.030860
0.030826
0.030785
0.030744
0.030715
0.030674
0.030599
0.030530
0.030530
0.030489
0.030419
0.030419
0.030367
0.030338
0.030297
0.030332
0.030262
0.030262
0.030221
0.030193
0.030152
0.030118
0.030048
0.030048
0.029968
0.029939
0.029898
0.029898
0.029829
0.029863
0.029827
0.029757
0.029757
0.029716
0.029688
0.029619
0.029619
0.029551
0.029544
0.029574
0.029505
0.029505
0.029539
0.029511
0.029470
0.029470
0.029470
0.029400
0.029400
0.029366
0.029297
0.029297
0.029258
0.029189
0.029164
0.029208
0.029243
0.029215
0.029173
0.029209
0.029181
0.029181
0.029140
0.029064
0.029037
0.029037
0.028995
0.029009
0.029009
0.029009
0.029005
0.028964
0.028937
0.028937
0.028937
0.028937
0.028874
0.028832
0.028798
0.028798
0.028771
0.028771
0.028803
0.028761
0.028795
0.028768
0.028768
0.028768
0.028768
0.028768
0.028700
0.028700
0.028665
0.028665
0.028665
0.028602
0.028602
0.028636
0.028664
0.028627
0.028627
0.028601
0.028601
0.028601
0.028601
0.028601
0.028567
0.028542
0.028576
0.028576
0.028533
0.028567
0.028567
0.028567
0.028542
0.028542
0.028542
0.028542
0.028542
0.028542
0.028542
0.028502
0.028502
0.028477
0.028446
0.028481
0.028481
0.028481
0.028481
0.028481
0.028444
0.028444
0.028419
0.028419
0.028419
0.028385
0.028385
0.028385
0.028385
0.028419
0.028419
0.028419
0.028376
0.028376
0.028376
0.028351
0.028351
0.028351
0.028351
0.028351
0.028351
0.028317
0.028317
0.028351
0.028351
0.028351
0.028351
0.028351
0.028351
0.028351
0.028351
0.028367
0.028373
0.028349
0.028349
0.028349
0.028349
0.028306
0.028339
0.028339
0.028339
0.028339
0.028339
0.028304
0.028304
0.028304
0.028304
0.028304
0.028312
0.028312
0.028312
0.028312
0.028306
0.028306
0.028306
0.028306
0.028306
0.028306
0.028306
0.028306
0.028306
0.028306
0.028306
0.028306
0.028306
0.028262
0.028238
0.028238
0.028238
0.028238
0.028236
0.028236
0.028236
0.028236
0.028236
0.028236
0.028236
0.028236
0.028236
0.028236
0.028236
0.028236
0.028236
0.028236
0.028236
0.028236
0.028236
0.028236
0.028236
0.028236
0.028236
0.028236
0.028242
0.028242
0.028198
0.028162
0.028162
0.028162
0.028162
0.028198
0.028198
0.028198
0.028198
0.028198
0.028198
0.028198
0.028198
0.028162
0.028162
0.028162
0.028162
0.028162
0.028162
0.028162
0.028156
0.028156
0.028156
0.028156
0.028156
0.028156
0.028156
0.028156
0.028113
0.028116
0.028116
0.028116
0.028116
0.028116
0.028116
0.028116
0.028116
0.028116
0.028116
0.028116
0.028116
0.028116
0.028116
0.028116
0.028116
0.028116
0.028116
0.028116
0.028116
0.028116
0.028116
0.028072
0.028072
0.028072
0.028072
0.028072
0.028072
0.028029
0.028029
0.028029
0.028029
0.028034
0.028034
0.028034
0.028034
0.028034
0.028034
0.028034
0.028034
0.028034
0.028034
0.028034
0.028034
0.028034
0.028034
0.028034
0.028034
0.028034
0.028034
0.028034
0.028034
0.028034
0.028034
0.028034
0.028029
0.028070
0.028027
0.028027
0.028035
0.028035
0.028035
0.028035
0.028035
0.028035
0.028035
0.028035
0.028069
0.028069
0.028069
0.028069
0.028069
0.028069
0.028069
0.028069
0.028069
0.028069
0.028069
0.028069
0.028069
0.028069
0.028069
0.028069
0.028069
0.028069
0.028069
0.028069
0.028069
0.028026
0.028026
0.028026
0.028026
0.028026
0.028026
0.028032
0.028032
0.028032
0.028032
0.028032
0.028032
0.028032
0.028032
0.028032
0.028032
0.028032
0.028032
0.028032
0.028032
0.028032
0.028032
0.028032
0.028032
0.028032
0.028032
0.028032
0.028032
0.028026
0.028026
0.028041
0.028041
0.028041
0.028041
0.027998
0.027998
0.027998
0.027998
0.027998
0.027998
0.027998
0.027998
0.027998
0.027998
0.027998
0.027998
0.027998
0.027998
0.027998
0.027998
0.027998
0.027998
0.027998
0.027998
0.027998
0.027998
0.028010
0.027968
0.027968
0.027968
0.027968
0.027942
0.027942
0.027968
0.027968
0.027968
0.027968
0.027968
0.027968
0.027973
0.027973
0.027948
0.027948
0.027905
0.027905
0.027905
0.027905
0.027905
0.027905
0.027905
0.027905
0.027905
0.027905
0.027905
0.027905
0.027905
0.027905
0.027905
0.027905
0.027905
0.027905
0.027905
0.027900
0.027900
0.027900
0.027900
0.027900
0.027900
0.027900
0.027917
0.027917
0.027917
0.027917
0.027917
0.027917
0.027917
0.027917
0.027917
0.027917
0.027917
0.027917
0.027917
0.027917
0.027917
0.027917
0.027917
0.027917
0.027917
0.027917
0.027917
0.027917
0.027917
0.027876
0.027876
0.027876
0.027833
0.027833
0.027833
0.027833
0.027833
0.027833
0.027839
0.027839
0.027839
0.027839
0.027874
0.027874
0.027874
0.027874
0.027874
0.027874
0.027874
0.027874
0.027874
0.027874
0.027874
0.027874
0.027874
0.027894
0.027894
0.027894
0.027894
0.027894
0.027894
0.027894
0.027894
0.027888
0.027888
0.027888
0.027888
0.027888
0.027888
0.027888
0.027888
0.027888
0.027888
0.027888
0.027888
0.027888
0.027888
0.027888
0.027848
0.027848
0.027848
0.027848
0.027848
0.027848
0.027848
0.027848
0.027848
0.027848
0.027848
0.027848
0.027848
0.027806
0.027829
0.027829
0.027829
0.027829
0.027829
0.027829
0.027829
0.027829
0.027829
0.027829
0.027829
0.027835
0.027835
0.027835
0.027835
0.027835
0.027835
0.027835
0.027835
0.027835
0.027835
0.027835
0.027835
0.027835
0.027797
0.027797
0.027797
0.027797
0.027797
0.027797
0.027797
0.027797
0.027797
0.027791
0.027791
0.027791
0.027791
0.027791
0.027791
0.027791
0.027791
0.027791
0.027791
0.027791
0.027791
0.027791
0.027791
0.027817
0.027817
0.027817
0.027817
0.027817
0.027817
0.027817
0.027817
0.027791
0.027771
0.027735
0.027735
0.027735
0.027735
0.027735
0.027735
0.027735
0.027735
0.027735
0.027735
0.027735
0.027735
0.027735
0.027735
0.027692
0.027692
0.027692
0.027698
0.027698
0.027698
0.027741
0.027741
0.027698
0.027698
0.027698
0.027664
0.027664
0.027664
0.027664
0.027664
0.027664
0.027664
0.027664
0.027664
0.027664
0.027664
0.027664
0.027664
0.027664
0.027664
0.027664
0.027658
0.027658
0.027658
0.027658
0.027658
0.027658
0.027658
0.027658
0.027658
0.027658
0.027646
0.027646
0.027646
0.027646
0.027646
0.027646
0.027646
0.027646
0.027646
0.027646
0.027652
0.027652
0.027652
0.027652
0.027652
0.027652
0.027652
0.027652
0.027652
0.027652
0.027652
0.027652
0.027652
0.027620
0.027620
0.027620
0.027620
0.027620
0.027620
0.027620
0.027620
0.027626
0.027626
0.027626
0.027626
0.027626
0.027626
0.027626
0.027626
0.027626
0.027626
0.027626
0.027626
0.027626
0.027626
0.027595
0.027595
0.027595
0.027595
0.027595
0.027595
0.027595
0.027595
0.027595
0.027595
0.027589
0.027589
0.027589
0.027589
0.027547
0.027547
0.027547
0.027547
0.027547
0.027547
0.027547
0.027547
0.027547
0.027547
0.027518
0.027518
0.027518
0.027518
0.027518
0.027518
0.027518
0.027492
0.027518
0.027518
0.027518
0.027518
0.027488
0.027488
0.027488
0.027488
0.027488
0.027462
0.027462
0.027462
0.027462
0.027462
0.027434
0.027434
0.027434
0.027400
0.027406
0.027406
0.027406
0.027406
0.027406
0.027440
0.027440
0.027440
0.027440
0.027440
0.027440
0.027440
0.027406
0.027406
0.027406
0.027406
0.027406
0.027406
0.027381
0.027381
0.027381
0.027381
0.027381
0.027375
0.027375
0.027375
0.027375
0.027375
0.027375
0.027375
0.027375
0.027375
0.027375
0.027375
0.027375
0.027375
0.027375
0.027375
0.027375
0.027375
0.027375
0.027375
0.027375
0.027375
0.027321
0.027321
0.027321
0.027321
0.027321
0.027321
0.027321
0.027321
0.027321
0.027321
0.027321
0.027321
0.027321
0.027321
0.027321
0.027321
0.027321
0.027321
0.027327
0.027327
0.027327
0.027327
0.027327
0.027327
0.027327
0.027306
0.027306
0.027306
0.027306
0.027306
0.027306
0.027264
0.027264
0.027264
0.027264
0.027264
0.027264
0.027264
0.027264
0.027264
0.027258
0.027258
0.027258
0.027258
0.027258
0.027258
0.027258
0.027258
0.027258
0.027258
0.027258
0.027258
0.027258
0.027258
0.027241
0.027241
0.027210
0.027210
0.027210
0.027210
0.027210
0.027210
0.027210
0.027210
0.027210
0.027210
0.027210
0.027246
0.027246
0.027246
0.027246
0.027246
0.027246
0.027246
0.027246
0.027221
0.027221
0.027221
0.027227
0.027227
0.027227
0.027252
0.027252
0.027252
0.027238
0.027238
0.027212
0.027212
0.027212
0.027212
0.027212
0.027212
0.027212
0.027212
0.027212
0.027212
0.027212
0.027212
0.027212
0.027212
0.027212
0.027212
0.027206
0.027206
0.027206
0.027206
0.027206
0.027206
0.027165
0.027165
0.027165
0.027165
0.027165
0.027165
0.027165
0.027137
0.027137
0.027137
0.027137
0.027137
0.027137
0.027125
0.027125
0.027125
0.027125
0.027125
0.027125
0.027125
0.027125
0.027125
0.027125
0.027125
0.027125
0.027125
0.027125
0.027125
0.027125
0.027125
0.027125
0.027125
0.027125
0.027131
0.027131
0.027131
0.027131
0.027131
0.027131
0.027131
0.027131
0.027131
0.027131
0.027131
0.027131
0.027131
0.027131
0.027131
0.027131
0.027131
0.027089
0.027082
0.027082
0.027082
0.027082
0.027082
0.027082
0.027082
0.027076
0.027076
0.027076
0.027076
0.027076
0.027076
0.027076
0.027076
0.027076
0.027076
0.027076
0.027076
0.027076
0.027076
0.027076
0.027050
0.027050
0.027050
0.027050
0.027050
0.027050
0.027050
0.027050
0.027050
0.027050
0.027050
0.027050
0.027050
0.027050
0.027050
0.027050
0.027050
0.027050
0.027050
0.027025
0.027025
0.027025
0.027025
0.027025
0.027025
0.027031
0.027031
0.027056
0.027056
0.027056
0.027031
0.027028
0.027028
0.027028
0.027028
0.027028
0.027028
0.027028
0.027028
0.027028
0.027028
0.027028
0.027028
0.027028
0.027028
0.027028
0.027028
0.027028
0.027028
0.027028
0.027028
0.027022
0.027022
0.027022
0.027022
0.027022
0.027022
0.027022
0.027022
0.027022
0.027022
0.027022
0.027022
0.027022
0.026995
0.026995
0.026995
0.026995
0.026995
0.026995
0.026995
0.026995
0.026995
0.026995
0.026995
0.026973
0.026973
0.026973
0.026973
0.026973
0.026973
0.026973
0.026973
0.026973
0.026973
0.026973
0.026973
0.026973
0.026973
0.026979
0.026979
0.026979
0.026979
0.026979
0.026979
0.026979
0.027015
0.027015
0.026982
0.026982
0.027017
0.027017
0.027017
0.027017
0.027017
0.027017
0.026976
0.026976
0.026976
0.026976
0.026943
0.026943
0.026943
0.026937
0.026937
0.026937
0.026937
0.026937
0.026927
0.026927
0.026927
0.026927
0.026895
0.026937
0.026937
0.026937
0.026937
0.026937
0.026937
0.026937
0.026870
0.026870
0.026870
0.026870
0.026870
0.026870
0.026870
0.026870
0.026870
0.026870
0.026870
0.026870
0.026870
0.026870
0.026870
0.026870
0.026870
0.026870
0.026870
0.026870
0.026870
0.026870
0.026876
0.026876
0.026876
0.026876
0.026876
0.026876
0.026876
0.026848
0.026848
0.026848
0.026848
0.026848
0.026848
0.026830
0.026830
0.026830
0.026830
0.026830
0.026830
0.026830
0.026830
0.026830
0.026824
0.026824
0.026824
0.026824
0.026824
0.026824
0.026783
0.026783
0.026783
0.026783
0.026783
0.026783
0.026783
0.026783
0.026783
0.026783
0.026783
0.026783
0.026783
0.026783
0.026783
0.026783
0.026783
0.026783
0.026783
0.026783
0.026783
0.026783
0.026783
0.026783
0.026783
0.026783
0.026783
0.026783
0.026783
0.026783
0.026783
0.026783
0.026789
0.026789
0.026789
0.026796
0.026772
0.026772
0.026772
0.026772
0.026772
0.026772
0.026772
0.026796
0.026796
0.026772
0.026772
0.026772
0.026772
0.026772
0.026772
0.026772
0.026772
0.026766
0.026766
0.026725
0.026725
0.026725
0.026725
0.026725
0.026725
0.026725
0.026725
0.026725
0.026725
0.026725
0.026725
0.026725
0.026725
0.026725
0.026725
0.026725
0.026725
0.026725
0.026725
0.026725
0.026725
0.026725
0.026725
0.026725
0.026725
0.026725
0.026725
0.026725
0.026725
0.026725
0.026725
0.026725
0.026725
0.026725
0.026731
0.026731
0.026731
0.026731
0.026731
0.026731
0.026731
0.026731
0.026689
0.026689
0.026689
0.026689
0.026689
0.026689
0.026689
0.026689
0.026646
0.026646
0.026646
0.026646
0.026646
0.026689
0.026689
0.026684
0.026684
0.026684
0.026684
0.026684
0.026640
0.026640
0.026616
0.026616
0.026616
0.026616
0.026616
0.026616
0.026616
0.026616
0.026616
0.026616
0.026616
0.026575
0.026575
0.026575
0.026575
0.026575
0.026575
0.026575
0.026575
0.026562
0.026562
0.026562
0.026600
0.026600
0.026600
0.026562
0.026562
0.026562
0.026562
0.026562
0.026562
0.026562
0.026562
0.026600
0.026605
0.026605
0.026605
0.026605
0.026605
0.026605
0.026605
0.026605
0.026605
0.026605
0.026605
0.026605
0.026565
0.026565
0.026565
0.026565
0.026565
0.026565
0.026565
0.026565
0.026565
0.026565
0.026565
0.026565
0.026565
0.026565
0.026559
0.026559
0.026527
0.026527
0.026527
0.026527
0.026527
0.026527
0.026527
0.026527
0.026559
0.026559
0.026559
0.026559
0.026527
0.026486
0.026486
0.026486
0.026486
0.026486
0.026486
0.026486
0.026463
0.026463
0.026463
0.026463
0.026463
