1.551817
1.392647
1.246746
1.147007
1.092621
1.069584
1.062797
1.063626
1.064351
1.064154
1.063672
1.063388
1.063594
1.064031
1.064664
1.065074
1.064780
1.063739
1.062287
1.060649
1.059193
1.057805
1.056438
1.055125
1.053696
1.052170
1.050519
1.048301
1.046439
1.044427
1.042401
1.040299
1.038378
1.036499
1.034512
1.032616
1.030746
1.029081
1.027352
1.025954
1.024413
1.022717
1.021013
1.019332
1.017455
1.015556
1.013660
1.011851
1.010135
1.008219
1.006564
1.004644
1.002948
1.001156
0.999441
0.997523
0.995796
0.993794
0.991885
0.989919
0.988105
0.986140
0.984317
0.982509
0.980820
0.978923
0.976968
0.975063
0.973313
0.971499
0.969618
0.967762
0.966049
0.964418
0.962919
0.961293
0.959534
0.957436
0.955526
0.953722
0.951503
0.949631
0.947165
0.945056
0.943021
0.940526
0.938458
0.936370
0.933887
0.931862
0.929464
0.927038
0.924750
0.922379
0.919927
0.917478
0.914926
0.912615
0.910136
0.907589
0.905353
0.902709
0.900014
0.897529
0.895012
0.892281
0.889826
0.887143
0.884489
0.881790
0.879261
0.876386
0.874119
0.871097
0.868556
0.865876
0.862899
0.859849
0.857108
0.854257
0.851190
0.848604
0.845539
0.842419
0.839529
0.836734
0.833845
0.831166
0.828404
0.825627
0.823028
0.820180
0.817226
0.814449
0.811679
0.808823
0.805929
0.803055
0.800476
0.797635
0.795003
0.792205
0.789564
0.786610
0.783913
0.781264
0.778459
0.775724
0.773108
0.770407
0.767613
0.764801
0.762305
0.759783
0.756946
0.754121
0.751582
0.748748
0.745794
0.742966
0.740376
0.737631
0.734709
0.731902
0.729281
0.726818
0.724419
0.722094
0.719884
0.717695
0.715404
0.713318
0.711045
0.708803
0.706475
0.704131
0.702042
0.699854
0.697721
0.695613
0.693567
0.691455
0.689255
0.687575
0.685812
0.683957
0.681948
0.680100
0.678303
0.676523
0.674708
0.672900
0.671076
0.669199
0.667350
0.665510
0.663775
0.661989
0.660385
0.658655
0.656600
0.654691
0.652837
0.650941
0.649149
0.647152
0.645122
0.643141
0.641246
0.639314
0.637277
0.635131
0.633104
0.630959
0.628866
0.626698
0.624840
0.622713
0.620804
0.618553
0.616730
0.614585
0.612574
0.610711
0.608669
0.606672
0.604398
0.602374
0.600341
0.598232
0.595972
0.593903
0.591549
0.589390
0.587200
0.584992
0.582781
0.580551
0.578306
0.575997
0.573664
0.571150
0.568903
0.566513
0.564132
0.561564
0.559280
0.556939
0.554705
0.552428
0.550021
0.547568
0.544858
0.542431
0.539714
0.537393
0.535199
0.532831
0.530608
0.528184
0.525712
0.523417
0.520891
0.518461
0.515874
0.513250
0.510527
0.507925
0.505296
0.502613
0.499972
0.497156
0.494448
0.491649
0.488904
0.486029
0.483188
0.480210
0.477363
0.474454
0.471736
0.468978
0.466343
0.463585
0.460713
0.457693
0.454777
0.451898
0.449026
0.445913
0.443096
0.440225
0.437264
0.434294
0.431518
0.428616
0.425701
0.422887
0.419930
0.417201
0.414355
0.411592
0.408720
0.406055
0.403186
0.400440
0.397789
0.395294
0.392451
0.389926
0.387188
0.384622
0.381774
0.379264
0.376605
0.373985
0.371348
0.368999
0.366569
0.364152
0.361746
0.359285
0.356822
0.354618
0.352278
0.349898
0.347467
0.345254
0.342824
0.340591
0.338112
0.335993
0.333614
0.331530
0.329245
0.327008
0.324963
0.322866
0.320820
0.318519
0.316414
0.314219
0.312134
0.309866
0.307970
0.305682
0.303559
0.301461
0.299569
0.297835
0.295689
0.293738
0.291719
0.289802
0.287820
0.285975
0.284044
0.282190
0.280437
0.278600
0.276824
0.274801
0.272998
0.271112
0.269291
0.267485
0.265608
0.263882
0.262117
0.260318
0.258604
0.256736
0.255127
0.253451
0.251851
0.250095
0.248481
0.246702
0.244935
0.243245
0.241570
0.239853
0.238245
0.236725
0.235180
0.233569
0.232055
0.230348
0.228748
0.227323
0.225703
0.224113
0.222255
0.220790
0.219090
0.217498
0.215893
0.214178
0.212443
0.210944
0.209262
0.207662
0.206104
0.204449
0.202728
0.201145
0.199657
0.198010
0.196387
0.194782
0.193168
0.191610
0.190125
0.188739
0.187287
0.185832
0.184193
0.182546
0.181123
0.179395
0.177917
0.176416
0.174962
0.173436
0.171947
0.170442
0.168947
0.167441
0.166130
0.164601
0.163061
0.161714
0.160284
0.158853
0.157457
0.156166
0.154707
0.153348
0.151982
0.150699
0.149525
0.148231
0.147020
0.145788
0.144849
0.143766
0.142443
0.141320
0.140167
0.139280
0.138211
0.137160
0.136113
0.134849
0.133767
0.132821
0.131686
0.130657
0.129602
0.128585
0.127606
0.126465
0.125476
0.124528
0.123597
0.122617
0.121716
0.120868
0.119855
0.118951
0.118101
0.117139
0.116345
0.115387
0.114582
0.113648
0.112753
0.112122
0.111214
0.110367
0.109476
0.108766
0.107927
0.107097
0.106292
0.105583
0.104743
0.104010
0.103145
0.102612
0.101869
0.100952
0.100513
0.099730
0.098984
0.098230
0.097454
0.096884
0.096130
0.095546
0.094783
0.094258
0.093395
0.092893
0.092292
0.091694
0.091138
0.090420
0.089796
0.089062
0.088485
0.087733
0.087182
0.086437
0.085849
0.085119
0.084522
0.083787
0.083252
0.082496
0.081921
0.081315
0.080743
0.080072
0.079496
0.078867
0.078144
0.077585
0.076881
0.076294
0.075696
0.074958
0.074407
0.073773
0.073176
0.072634
0.072041
0.071376
0.070854
0.070270
0.069743
0.069150
0.068573
0.067957
0.067455
0.066870
0.066174
0.065750
0.065234
0.064697
0.064193
0.063706
0.063099
0.062562
0.062179
0.061521
0.060943
0.060552
0.059957
0.059568
0.058994
0.058444
0.058105
0.057633
0.057049
0.056688
0.056151
0.055742
0.055261
0.054771
0.054385
0.053943
0.053498
0.053161
0.052612
0.052100
0.051722
0.051391
0.051043
0.050528
0.050080
0.049822
0.049478
0.048986
0.048525
0.048219
0.047877
0.047533
0.047103
0.046664
0.046409
0.046051
0.045547
0.045286
0.044996
0.044608
0.044282
0.043875
0.043599
0.043298
0.043029
0.042749
0.042417
0.041927
0.041696
0.041437
0.041107
0.041013
0.040555
0.040280
0.040160
0.040016
0.039842
0.039584
0.039350
0.039109
0.038801
0.038537
0.038352
0.038062
0.037879
0.037658
0.037517
0.037266
0.037087
0.036885
0.036677
0.036456
0.036182
0.036033
0.035808
0.035676
0.035512
0.035318
0.035179
0.035014
0.034921
0.034756
0.034588
0.034509
0.034378
0.034301
0.034089
0.033924
0.033840
0.033713
0.033537
0.033315
0.033261
0.033111
0.032978
0.032981
0.032833
0.032722
0.032639
0.032590
0.032409
0.032283
0.032191
0.032078
0.031980
0.031926
0.031863
0.031798
0.031715
0.031572
0.031471
0.031399
0.031257
0.031176
0.031107
0.031062
0.030858
0.030927
0.030865
0.030855
0.030730
0.030667
0.030615
0.030427
0.030328
0.030181
0.030166
0.030203
0.030129
0.029988
0.029949
0.029997
0.029975
0.029848
0.029795
0.029764
0.029671
0.029580
0.029485
0.029372
0.029368
0.029305
0.029297
0.029163
0.029117
0.029145
0.029159
0.029076
0.029006
0.029013
0.028952
0.028964
0.028930
0.028926
0.028844
0.028772
0.028714
0.028692
0.028610
0.028535
0.028520
0.028489
0.028465
0.028422
0.028422
0.028426
0.028457
0.028370
0.028341
0.028263
0.028240
0.028240
0.028192
0.028127
0.028150
0.028180
0.028150
0.028109
0.028108
0.028073
0.028093
0.027997
0.027997
0.028006
0.028005
0.027943
0.027920
0.027897
0.027903
0.028018
0.027919
0.027888
0.027900
0.027900
0.027900
0.027869
0.027823
0.027808
0.027806
0.027757
0.027757
0.027786
0.027719
0.027694
0.027680
0.027740
0.027740
0.027669
0.027514
0.027469
0.027505
0.027524
0.027479
0.027500
0.027545
0.027545
0.027526
0.027516
0.027508
0.027500
0.027411
0.027375
0.027394
0.027404
0.027427
0.027427
0.027399
0.027454
0.027446
0.027376
0.027330
0.027224
0.027235
0.027245
0.027214
0.027209
0.027247
0.027209
0.027207
0.027147
0.027147
0.027186
0.027061
0.027132
0.027111
0.027069
0.027069
0.027116
0.027092
0.027131
0.027046
0.027056
0.027034
0.027034
0.027075
0.027037
0.026978
0.026978
0.027009
0.027009
0.027037
0.026931
0.026978
0.026978
0.026978
0.027021
0.027025
0.026935
0.026996
0.026985
0.026939
0.026908
0.026877
0.026885
0.026879
0.026887
0.026921
0.026979
0.026973
0.026857
0.026868
0.026916
0.026916
0.026929
0.026942
0.026904
0.026904
0.026963
0.026961
0.026961
0.026944
0.026960
0.026974
0.027009
0.027009
0.027009
0.027020
0.026974
0.026968
0.026937
0.026923
0.026922
0.026918
0.026918
0.026918
0.026925
0.026878
0.026878
0.026891
0.026926
0.026926
0.026940
0.026939
0.026923
0.026916
0.026830
0.026787
0.026736
0.026719
0.026715
0.026715
0.026679
0.026678
0.026732
0.026686
0.026651
0.026697
0.026665
0.026652
0.026661
0.026661
0.026651
0.026696
0.026650
0.026618
0.026570
0.026570
0.026572
0.026657
0.026668
0.026639
0.026687
0.026641
0.026641
0.026644
0.026644
0.026684
0.026618
0.026609
0.026609
0.026609
0.026609
0.026563
0.026540
0.026558
0.026558
0.026556
0.026607
0.026631
0.026632
0.026638
0.026658
0.026696
0.026704
0.026649
0.026652
0.026676
0.026669
0.026699
0.026699
0.026746
0.026723
0.026646
0.026692
0.026704
0.026645
0.026661
0.026661
0.026708
0.026721
0.026727
0.026686
0.026678
0.026655
0.026649
0.026649
0.026666
0.026712
0.026731
0.026731
0.026716
0.026686
0.026680
0.026725
0.026725
0.026680
0.026680
0.026680
0.026680
0.026746
0.026679
0.026611
0.026602
0.026586
0.026643
0.026637
0.026605
0.026600
0.026592
0.026587
0.026555
0.026551
0.026551
0.026500
0.026500
0.026547
0.026502
0.026480
0.026525
0.026544
0.026544
0.026500
0.026562
0.026562
0.026561
0.026500
0.026502
0.026502
0.026502
0.026458
0.026458
0.026481
0.026481
0.026502
0.026482
0.026439
0.026450
0.026481
0.026481
0.026437
0.026408
0.026408
0.026406
0.026386
0.026386
0.026386
0.026434
0.026443
0.026469
0.026435
0.026442
0.026449
0.026450
0.026440
0.026448
0.026457
0.026457
0.026467
0.026386
0.026369
0.026369
0.026369
0.026410
0.026410
0.026371
0.026406
0.026406
0.026363
0.026407
0.026437
0.026448
0.026389
0.026441
0.026441
0.026441
0.026360
0.026360
0.026342
0.026391
0.026404
0.026378
0.026378
0.026419
0.026374
0.026374
0.026417
0.026479
0.026479
0.026479
0.026409
0.026409
0.026364
0.026296
0.026271
0.026295
0.026288
0.026245
0.026245
0.026240
0.026158
0.026151
0.026226
0.026223
0.026223
0.026243
0.026225
0.026225
0.026179
0.026179
0.026179
0.026226
0.026228
0.026193
0.026218
0.026218
0.026218
0.026174
0.026174
0.026263
0.026263
0.026263
0.026263
0.026224
0.026242
0.026198
0.026204
0.026216
0.026195
0.026195
0.026195
0.026240
0.026240
0.026184
0.026210
0.026174
0.026167
0.026176
0.026185
0.026189
0.026199
0.026254
0.026217
0.026217
0.026225
0.026238
0.026238
0.026247
0.026257
0.026325
0.026325
0.026325
0.026281
0.026292
0.026292
0.026292
0.026349
0.026355
0.026355
0.026355
0.026355
0.026373
0.026375
0.026375
0.026337
0.026364
0.026332
0.026373
0.026380
0.026346
0.026337
0.026350
0.026307
0.026307
0.026305
0.026353
0.026361
0.026361
0.026361
0.026361
0.026361
0.026388
0.026402
0.026360
0.026292
0.026291
0.026275
0.026268
0.026257
0.026257
0.026252
0.026247
0.026252
0.026252
0.026297
0.026256
0.026246
0.026315
0.026315
0.026313
0.026313
0.026323
0.026322
0.026322
0.026292
0.026292
0.026340
0.026351
0.026351
0.026310
0.026310
0.026310
0.026310
0.026310
0.026310
0.026351
0.026392
0.026440
0.026440
0.026399
0.026399
0.026399
0.026432
0.026432
0.026479
0.026440
0.026440
0.026440
0.026495
0.026503
0.026507
0.026535
0.026509
0.026516
0.026516
0.026524
0.026547
0.026589
0.026598
0.026607
0.026631
0.026641
0.026657
0.026657
0.026630
0.026626
0.026626
0.026669
0.026669
0.026669
0.026649
0.026649
0.026661
0.026661
0.026661
0.026661
0.026678
0.026724
0.026724
0.026724
0.026724
0.026765
0.026778
0.026778
0.026796
0.026796
0.026796
0.026796
0.026759
0.026759
0.026805
0.026823
0.026823
0.026811
0.026742
0.026733
0.026717
0.026710
0.026733
0.026728
0.026722
0.026717
0.026717
0.026759
0.026756
0.026756
0.026772
0.026772
0.026772
0.026770
0.026804
0.026804
0.026803
0.026810
0.026810
0.026871
0.026871
0.026915
0.026915
0.026915
0.026915
0.026875
0.026875
0.026861
0.026861
0.026861
0.026861
0.026861
0.026902
0.026902
0.026902
0.026870
0.026892
0.026936
0.026936
0.026936
0.026936
0.026936
0.026936
0.026936
0.026945
0.026968
0.026959
0.026965
0.026972
0.027000
0.027008
0.027016
0.027025
0.027025
0.027035
0.027101
0.027136
0.027136
0.027136
0.027147
0.027147
0.027147
0.027159
0.027159
0.027159
0.027159
0.027182
0.027194
0.027194
0.027194
0.027194
0.027194
0.027194
0.027194
0.027194
0.027194
0.027207
0.027207
0.027251
0.027274
0.027280
0.027280
0.027320
0.027320
0.027320
0.027300
0.027300
0.027300
0.027300
0.027231
0.027181
0.027165
0.027182
0.027175
0.027175
0.027170
0.027152
0.027190
0.027186
0.027183
0.027183
0.027224
0.027224
0.027224
0.027191
0.027222
0.027222
0.027245
0.027245
0.027245
0.027206
0.027206
0.027206
0.027206
0.027244
0.027242
0.027242
0.027242
0.027242
0.027242
0.027214
0.027214
0.027214
0.027214
0.027175
0.027200
0.027200
0.027200
0.027200
0.027228
0.027228
0.027267
0.027310
0.027310
0.027319
0.027323
0.027333
0.027339
0.027318
0.027279
0.027287
0.027295
0.027295
0.027304
0.027367
0.027367
0.027377
0.027377
0.027416
0.027427
0.027427
0.027427
0.027439
0.027439
0.027400
0.027400
0.027400
0.027402
0.027394
0.027394
0.027394
0.027394
0.027434
0.027434
0.027498
0.027498
0.027498
0.027511
0.027513
0.027473
0.027434
0.027434
0.027434
0.027434
0.027434
0.027434
0.027434
0.027517
0.027517
0.027517
0.027449
0.027478
0.027462
0.027455
0.027449
0.027410
0.027405
0.027360
0.027356
0.027396
0.027393
0.027393
0.027390
0.027390
0.027416
0.027414
0.027383
0.027383
0.027382
0.027382
0.027382
0.027382
0.027382
0.027412
0.027412
0.027412
0.027412
0.027412
0.027412
0.027412
0.027382
0.027382
0.027382
0.027382
0.027382
0.027382
0.027382
0.027382
0.027382
0.027382
0.027404
0.027404
0.027404
0.027404
0.027404
0.027413
0.027460
0.027495
0.027502
0.027509
0.027509
0.027516
0.027525
0.027491
0.027500
0.027510
0.027510
0.027521
0.027554
0.027554
0.027558
0.027558
0.027558
0.027570
0.027570
0.027570
0.027570
0.027537
0.027549
0.027549
0.027549
0.027549
0.027549
0.027549
0.027549
0.027549
0.027582
0.027582
0.027595
0.027595
0.027595
0.027595
0.027562
0.027562
0.027562
0.027562
0.027562
0.027562
