2.746686
2.640541
2.549630
2.492589
2.464358
2.453569
2.451487
2.451980
2.452342
2.451761
2.452061
2.452363
2.452563
2.451393
2.450763
2.448813
2.447011
2.443852
2.441467
2.437838
2.435390
2.432316
2.430161
2.426890
2.424329
2.421563
2.418328
2.415122
2.412035
2.409433
2.406941
2.403626
2.399778
2.396519
2.392900
2.389119
2.385592
2.382315
2.378794
2.376000
2.372237
2.368111
2.364026
2.360293
2.356073
2.351650
2.347298
2.342961
2.338345
2.334180
2.330158
2.325369
2.320462
2.315960
2.311829
2.307578
2.303359
2.299206
2.294548
2.290113
2.285559
2.280968
2.276236
2.270711
2.265300
2.259912
2.255332
2.250506
2.245033
2.239664
2.233888
2.228637
2.223744
2.219041
2.213626
2.207772
2.202648
2.197915
2.192584
2.187224
2.182029
2.177031
2.171807
2.166237
2.160847
2.155812
2.150713
2.145208
2.139800
2.133865
2.127902
2.122794
2.117671
2.112293
2.106375
2.100654
2.094894
2.089346
2.084610
2.080703
2.076887
2.073639
2.071113
2.068917
2.066582
2.064540
2.062202
2.058444
2.053785
2.048386
2.042797
2.036862
2.030760
2.024575
2.018492
2.012882
2.007868
2.003975
2.000466
1.997204
1.994240
1.991172
1.988000
1.984337
1.979683
1.974392
1.968864
1.963225
1.957921
1.953043
1.948139
1.942712
1.937193
1.932110
1.927023
1.921234
1.915321
1.910360
1.906088
1.902520
1.899007
1.896023
1.893759
1.891341
1.888997
1.886390
1.883310
1.879345
1.874193
1.868302
1.862475
1.856847
1.851101
1.845393
1.839745
1.834327
1.830039
1.826262
1.822777
1.819337
1.816094
1.813244
1.810171
1.806532
1.802125
1.797491
1.792249
1.786882
1.781081
1.775450
1.770045
1.765104
1.760044
1.754474
1.748854
1.742953
1.737205
1.731649
1.725934
1.720623
1.714714
1.709298
1.704021
1.698630
1.693386
1.688618
1.683949
1.680102
1.676661
1.673806
1.671382
1.669668
1.668192
1.666961
1.665633
1.664226
1.662119
1.659131
1.655585
1.651320
1.646866
1.641972
1.637211
1.632314
1.627770
1.623071
1.618471
1.613629
1.608746
1.604087
1.598864
1.593436
1.587900
1.582203
1.576642
1.570761
1.565204
1.559649
1.554096
1.548542
1.543127
1.537692
1.532215
1.527043
1.522599
1.518889
1.515593
1.512714
1.510677
1.508943
1.506360
1.504160
1.501218
1.497810
1.493485
1.488580
1.482845
1.477252
1.471659
1.465885
1.460765
1.455540
1.450236
1.445057
1.439921
1.434836
1.429621
1.424560
1.419631
1.414348
1.409062
1.404312
1.399080
1.394663
1.390576
1.387451
1.384467
1.381842
1.379297
1.376745
1.374390
1.371181
1.367319
1.362849
1.358160
1.353453
1.348618
1.343438
1.338118
1.332723
1.327491
1.323178
1.319004
1.315492
1.311891
1.308710
1.305648
1.302371
1.298598
1.294376
1.289165
1.283923
1.278594
1.273493
1.268447
1.263884
1.259457
1.254646
1.249596
1.244551
1.239214
1.233593
1.227521
1.221852
1.216376
1.210753
1.205413
1.199927
1.194695
1.190036
1.186157
1.182354
1.179278
1.176502
1.173692
1.170840
1.167566
1.163696
1.158994
1.154339
1.148973
1.143613
1.138410
1.133002
1.128039
1.123490
1.118540
1.113298
1.108418
1.103441
1.097966
1.092976
1.088062
1.083600
1.078316
1.072774
1.067902
1.063900
1.060517
1.056770
1.053462
1.050818
1.048879
1.046442
1.043946
1.040595
1.036230
1.032059
1.027878
1.022979
1.017505
1.012598
1.007722
1.002879
0.997751
0.992402
0.987692
0.983410
0.979126
0.974409
0.969732
0.964825
0.960464
0.956351
0.952107
0.948489
0.945089
0.942372
0.940023
0.937646
0.935279
0.932964
0.930391
0.927839
0.924265
0.920073
0.916090
0.911197
0.906240
0.901012
0.895963
0.890982
0.886218
0.881584
0.877326
0.873350
0.869527
0.865464
0.861436
0.857477
0.853575
0.849586
0.845547
0.841728
0.838452
0.835653
0.833022
0.830615
0.828405
0.826270
0.823865
0.821424
0.818652
0.815434
0.811709
0.808142
0.804346
0.800828
0.797234
0.793411
0.789811
0.786440
0.782834
0.779446
0.775738
0.772119
0.768399
0.764979
0.761308
0.757628
0.754131
0.751054
0.747767
0.744339
0.741317
0.738563
0.736133
0.733569
0.731712
0.729541
0.727482
0.725689
0.723436
0.720631
0.717694
0.714649
0.711236
0.708029
0.705054
0.701664
0.698710
0.695490
0.692440
0.689348
0.686371
0.683348
0.680134
0.677079
0.674023
0.670949
0.668089
0.665003
0.662005
0.659094
0.656385
0.654038
0.652045
0.650339
0.649012
0.647767
0.646615
0.645142
0.643292
0.641175
0.638314
0.635495
0.632464
0.629613
0.626686
0.623692
0.620838
0.618104
0.614966
0.611886
0.609159
0.606094
0.603156
0.600127
0.597151
0.594213
0.591354
0.588458
0.585514
0.582507
0.579663
0.576546
0.573646
0.570935
0.567957
0.564893
0.561976
0.559217
0.556317
0.553217
0.550428
0.547576
0.544953
0.542338
0.539744
0.536970
0.534176
0.531385
0.529065
0.526202
0.522923
0.519882
0.516922
0.514090
0.511331
0.508376
0.505688
0.502920
0.500169
0.497153
0.494372
0.491582
0.488680
0.486158
0.483466
0.480571
0.477818
0.474976
0.472408
0.469706
0.467088
0.464414
0.461648
0.459078
0.456190
0.453556
0.450759
0.448147
0.445577
0.442956
0.440293
0.438060
0.435241
0.432865
0.430256
0.427808
0.425020
0.422678
0.420171
0.417758
0.415214
0.412895
0.410440
0.408149
0.405608
0.403357
0.401084
0.398757
0.396496
0.394380
0.392094
0.389870
0.387702
0.385484
0.383393
0.381271
0.379147
0.377034
0.374849
0.372903
0.370804
0.368822
0.366762
0.364949
0.362859
0.360804
0.358830
0.357023
0.355085
0.353118
0.351175
0.349100
0.347092
0.345246
0.343343
0.341449
0.339554
0.337556
0.335789
0.333925
0.332190
0.330416
0.328546
0.326751
0.324893
0.323001
0.321173
0.319525
0.317560
0.315806
0.313881
0.312198
0.310376
0.308709
0.306853
0.305003
0.303195
0.301567
0.299712
0.297987
0.296281
0.294635
0.292758
0.291023
0.289301
0.287582
0.285940
0.284069
0.282473
0.280710
0.279050
0.277259
0.275485
0.273862
0.272153
0.270603
0.268775
0.267186
0.265326
0.263609
0.261950
0.260176
0.258367
0.256721
0.254915
0.253292
0.251605
0.249861
0.248257
0.246505
0.244848
0.243128
0.241286
0.239644
0.237916
0.236248
0.234540
0.232756
0.231060
0.229374
0.227652
0.226053
0.224389
0.222528
0.221003
0.219446
0.217677
0.215986
0.214403
0.212707
0.211210
0.209550
0.207966
0.206206
0.204599
0.203090
0.201393
0.199764
0.198293
0.196586
0.195039
0.193530
0.192071
0.190602
0.189073
0.187565
0.186100
0.184659
0.183129
0.181550
0.180212
0.178791
0.177349
0.175936
0.174717
0.173257
0.171867
0.170574
0.169419
0.168206
0.166857
0.165658
0.164339
0.163056
0.161815
0.160499
0.159208
0.158012
0.156813
0.155611
0.154364
0.153193
0.152014
0.150957
0.149768
0.148715
0.147559
0.146412
0.145303
0.144177
0.143016
0.142059
0.140924
0.139861
0.138906
0.137892
0.136839
0.135842
0.135009
0.133853
0.132935
0.132135
0.131137
0.130200
0.129283
0.128340
0.127429
0.126553
0.125577
0.124734
0.123775
0.122940
0.122080
0.121273
0.120322
0.119494
0.118755
0.117892
0.117057
0.116273
0.115318
0.114584
0.113714
0.112856
0.112010
0.111303
0.110534
0.109705
0.108928
0.108068
0.107408
0.106739
0.105971
0.105227
0.104448
0.103623
0.102912
0.102049
0.101416
0.100562
0.099896
0.099157
0.098352
0.097753
0.097003
0.096335
0.095541
0.094841
0.094212
0.093495
0.092833
0.092103
0.091412
0.090913
0.090047
0.089446
0.088825
0.088107
0.087477
0.086878
0.086248
0.085614
0.084993
0.084400
0.083688
0.083148
0.082591
0.081964
0.081378
0.080690
0.080127
0.079561
0.079003
0.078347
0.077937
0.077363
0.076835
0.076253
0.075788
0.075178
0.074714
0.074177
0.073742
0.073063
0.072610
0.072175
0.071610
0.071152
0.070636
0.070275
0.069799
0.069246
0.068856
0.068429
0.067970
0.067410
0.067050
0.066643
0.066198
0.065704
0.065243
0.064955
0.064493
0.064121
0.063679
0.063245
0.062850
0.062570
0.062133
0.061785
0.061427
0.060997
0.060716
0.060349
0.059988
0.059675
0.059380
0.059000
0.058765
0.058361
0.057936
0.057568
0.057396
0.057028
0.056749
0.056441
0.056207
0.055826
0.055604
0.055330
0.055046
0.054848
0.054550
0.054225
0.054002
0.053607
0.053421
0.053262
0.052923
0.052615
0.052432
0.052152
0.052047
0.051738
0.051621
0.051338
0.051121
0.050785
0.050612
0.050352
0.050287
0.050031
0.049906
0.049656
0.049402
0.049210
0.049138
0.048947
0.048782
0.048608
0.048381
0.048259
0.048070
0.047880
0.047680
0.047519
0.047391
0.047249
0.047024
0.046995
0.046785
0.046593
0.046439
0.046194
0.046108
0.045927
0.045885
0.045678
0.045585
0.045458
0.045353
0.045163
0.045097
0.044899
0.044732
0.044596
0.044432
0.044372
0.044218
0.044104
0.043988
0.043868
0.043842
0.043743
0.043486
0.043391
0.043308
0.043245
0.043114
0.042998
0.042914
0.042847
0.042772
0.042724
0.042626
0.042442
0.042393
0.042291
0.042172
0.042149
0.042082
0.041970
0.041934
0.041854
0.041705
0.041667
0.041525
0.041281
0.041251
0.041163
0.041011
0.040980
0.040965
0.040945
0.040893
0.040740
0.040693
0.040622
0.040524
0.040425
0.040350
0.040316
0.040182
0.040080
0.040033
0.039920
0.039913
0.039864
0.039809
0.039651
0.039651
0.039620
0.039478
0.039389
0.039373
0.039337
0.039128
0.039120
0.039109
0.039069
0.039055
0.038952
0.038861
0.038869
0.038795
0.038675
0.038596
0.038293
0.038284
0.038292
0.038281
0.038273
0.038066
0.037974
0.038023
0.038027
0.037953
0.037854
0.037847
0.037738
0.037624
0.037579
0.037579
0.037561
0.037433
0.037414
0.037319
0.037327
0.037222
0.037181
0.037181
0.037182
0.037054
0.037104
0.037009
0.036861
0.036814
0.036846
0.036824
0.036710
0.036683
0.036656
0.036561
0.036439
0.036402
0.036353
0.036312
0.036240
0.036303
0.036220
0.036150
0.036084
0.036022
0.035982
0.035924
0.035875
0.035876
0.035885
0.035791
0.035778
0.035721
0.035633
0.035520
0.035520
0.035435
0.035403
0.035409
0.035371
0.035370
0.035374
0.035350
0.035258
0.035201
0.035153
0.035154
0.035106
0.035004
0.035030
0.034939
0.034936
0.034901
0.034801
0.034753
0.034713
0.034637
0.034602
0.034579
0.034531
0.034541
0.034542
0.034492
0.034527
0.034464
0.034362
0.034295
0.034248
0.034180
0.034178
0.034159
0.034080
0.034080
0.034080
0.034034
0.034016
0.033983
0.033937
0.033834
0.033842
0.033796
0.033790
0.033799
0.033728
0.033728
0.033689
0.033648
0.033609
0.033606
0.033606
0.033477
0.033477
0.033477
0.033421
0.033395
0.033420
0.033344
0.033300
0.033274
0.033312
0.033264
0.033264
0.033184
0.033141
0.033115
0.033147
0.033077
0.033095
0.033095
0.033021
0.032972
0.032902
0.032937
0.032937
0.032861
0.032875
0.032911
0.032846
0.032838
0.032838
0.032818
0.032778
0.032730
0.032724
0.032731
0.032693
0.032723
0.032696
0.032723
0.032637
0.032626
0.032626
0.032592
0.032556
0.032458
0.032458
0.032434
0.032399
0.032438
0.032376
0.032376
0.032446
0.032404
0.032363
0.032334
0.032394
0.032361
0.032313
0.032303
0.032289
0.032265
0.032193
0.032193
0.032193
0.032193
0.032179
0.032149
0.032149
0.032069
0.032048
0.032037
0.032008
0.031979
0.031979
0.032004
0.031955
0.031946
0.031918
0.031849
0.031820
0.031808
0.031843
0.031808
0.031808
0.031798
0.031793
0.031731
0.031731
0.031658
0.031651
0.031651
0.031651
0.031685
0.031685
0.031663
0.031585
0.031580
0.031580
0.031580
0.031561
0.031522
0.031452
0.031499
0.031495
0.031495
0.031537
0.031537
0.031489
0.031471
0.031471
0.031432
0.031420
0.031420
0.031420
0.031353
0.031336
0.031336
0.031289
0.031289
0.031288
0.031319
0.031315
0.031319
0.031319
0.031304
0.031304
0.031257
0.031229
0.031149
0.031150
0.031150
0.031150
0.031137
0.031169
0.031144
0.031097
0.031062
0.031062
0.031062
0.031048
0.031048
0.031080
0.030975
0.031018
0.030994
0.030994
0.030994
0.030994
0.031012
0.031012
0.030966
0.030966
0.030932
0.030925
0.030925
0.030925
0.030925
0.030831
0.030862
0.030862
0.030862
0.030862
0.030862
0.030898
0.030847
0.030847
0.030816
0.030816
0.030778
0.030770
0.030724
0.030677
0.030677
0.030677
0.030677
0.030708
0.030708
0.030661
0.030661
0.030661
0.030618
0.030618
0.030620
0.030575
0.030575
0.030551
0.030503
0.030503
0.030503
0.030503
0.030460
0.030447
0.030479
0.030526
0.030526
0.030526
0.030498
0.030433
0.030476
0.030490
0.030490
0.030442
0.030420
0.030420
0.030378
0.030450
0.030437
0.030437
0.030437
0.030439
0.030439
0.030350
0.030365
0.030301
0.030335
0.030335
0.030335
0.030335
0.030330
0.030330
0.030330
0.030330
0.030330
0.030330
0.030345
0.030345
0.030258
0.030263
0.030268
0.030268
0.030268
0.030233
0.030233
0.030194
0.030185
0.030172
0.030172
0.030172
0.030172
0.030132
0.030085
0.030048
0.030048
0.030065
0.030065
0.030065
0.030065
0.030099
0.030099
0.030054
0.030054
0.030054
0.030063
0.030063
0.030081
0.030001
0.030001
0.030001
0.029966
0.029966
0.029966
0.029962
0.029926
0.029926
0.029926
0.029945
0.029945
0.029912
0.029912
0.029912
0.029867
0.029887
0.029887
0.029887
0.029887
0.029887
0.029901
0.029901
0.029901
0.029901
0.029901
0.029856
0.029839
0.029839
0.029833
0.029846
0.029817
0.029817
0.029817
0.029853
0.029853
0.029853
0.029853
0.029853
0.029874
0.029796
0.029726
0.029761
0.029761
0.029761
0.029748
0.029748
0.029748
0.029712
0.029712
0.029712
0.029712
0.029689
0.029689
0.029689
0.029725
0.029705
0.029705
0.029705
0.029705
0.029705
0.029705
0.029705
0.029685
0.029685
0.029728
0.029685
0.029685
0.029673
0.029709
0.029709
0.029675
0.029632
0.029630
0.029647
0.029689
0.029674
0.029674
0.029638
0.029638
0.029663
0.029663
0.029663
0.029621
0.029621
0.029621
0.029646
0.029612
0.029612
0.029600
0.029600
0.029600
0.029596
0.029611
0.029611
0.029579
0.029579
0.029579
0.029605
0.029564
0.029564
0.029564
0.029564
0.029522
0.029522
0.029556
0.029556
0.029556
0.029556
0.029556
0.029514
0.029541
0.029541
0.029541
0.029541
0.029538
0.029538
0.029538
0.029538
0.029538
0.029508
0.029508
0.029505
0.029505
0.029505
0.029533
0.029492
0.029492
0.029492
0.029492
0.029492
0.029492
0.029528
0.029528
0.029550
0.029590
0.029590
0.029551
0.029551
0.029580
0.029543
0.029545
0.029508
0.029542
0.029578
0.029578
0.029578
0.029578
0.029552
0.029537
0.029496
0.029462
0.029499
0.029528
0.029489
0.029489
0.029489
0.029489
0.029489
0.029489
0.029452
0.029452
0.029452
0.029452
0.029452
0.029458
0.029453
0.029489
0.029519
0.029519
0.029488
0.029488
0.029509
0.029540
0.029540
0.029540
0.029540
0.029480
0.029480
0.029480
0.029480
0.029480
0.029454
0.029484
0.029484
0.029453
0.029453
0.029414
0.029414
0.029414
0.029445
0.029483
0.029483
0.029445
0.029445
0.029455
0.029447
0.029447
0.029447
0.029447
0.029447
0.029416
0.029416
0.029416
0.029416
0.029416
0.029447
0.029447
0.029458
0.029457
0.029457
0.029457
0.029419
0.029419
0.029419
0.029457
0.029426
0.029414
0.029380
0.029380
0.029380
0.029414
0.029376
0.029407
0.029439
0.029439
0.029439
0.029439
0.029439
0.029439
0.029439
0.029439
0.029375
0.029375
0.029375
0.029375
0.029375
0.029375
0.029390
0.029454
0.029454
0.029473
0.029473
0.029419
0.029419
0.029419
0.029455
0.029422
0.029391
0.029391
0.029355
0.029387
0.029351
0.029351
0.029351
0.029382
0.029382
0.029415
0.029452
0.029452
0.029452
0.029418
0.029418
0.029387
0.029387
0.029387
0.029314
0.029314
0.029314
0.029314
0.029314
0.029351
0.029382
0.029382
0.029420
0.029420
0.029420
0.029420
0.029382
0.029384
0.029384
0.029384
0.029384
0.029384
0.029384
0.029384
0.029384
0.029384
0.029380
0.029418
0.029418
0.029418
0.029418
0.029382
0.029344
0.029313
0.029313
0.029313
0.029313
0.029313
0.029313
0.029313
0.029313
0.029313
0.029344
0.029382
0.029382
0.029382
0.029348
0.029348
0.029317
0.029279
0.029279
0.029279
0.029279
0.029279
0.029279
0.029279
0.029279
0.029279
0.029352
0.029382
0.029382
0.029382
0.029382
0.029382
0.029352
0.029313
0.029280
0.029280
0.029280
0.029280
0.029280
0.029254
0.029254
0.029254
0.029293
0.029288
0.029288
0.029288
0.029288
0.029288
0.029293
0.029254
0.029254
0.029254
0.029254
0.029254
0.029187
0.029187
0.029187
0.029187
0.029226
0.029256
0.029256
0.029256
0.029256
0.029226
0.029226
0.029187
0.029187
0.029187
0.029187
0.029222
0.029222
0.029222
0.029222
0.029261
0.029230
0.029230
0.029230
0.029230
0.029230
0.029230
0.029230
0.029230
0.029192
0.029159
0.029159
0.029159
0.029159
0.029159
0.029192
0.029230
0.029230
0.029230
0.029230
0.029230
0.029230
0.029202
0.029202
0.029202
0.029130
0.029130
0.029104
0.029099
0.029099
0.029099
0.029099
0.029171
0.029171
0.029171
0.029171
0.029171
0.029171
0.029171
0.029171
0.029138
0.029099
0.029099
0.029072
0.029072
0.029109
0.029109
0.029148
0.029180
0.029180
0.029180
0.029180
0.029109
0.029109
0.029109
0.029109
0.029077
0.029077
0.029075
0.029075
0.029075
0.029075
0.029075
0.029114
0.029114
0.029121
0.029121
0.029125
0.029125
0.029125
0.029125
0.029092
0.029092
0.029089
0.029050
0.029050
0.029050
0.029050
0.029050
0.029125
0.029092
0.029092
0.029092
0.029125
0.029125
0.029092
0.029066
0.029099
0.029076
0.029076
0.029037
0.029037
0.029037
0.029037
0.029004
0.029043
0.029043
0.029043
0.029028
0.029028
0.029028
0.029028
0.029061
0.029061
0.029061
0.029061
0.029061
0.029028
0.029028
0.029028
0.029028
0.029028
0.029028
0.029028
0.029008
0.029008
0.029008
0.029008
0.029008
0.029008
0.029008
0.029008
0.029008
0.029008
0.029008
0.029008
0.029008
0.029008
0.029044
0.029044
0.029044
0.029044
0.029044
0.029044
0.029044
0.029044
0.029044
0.029044
0.029044
0.029044
0.029044
0.029044
0.029027
0.029027
0.029050
0.029050
0.029050
0.029050
0.029024
0.029024
0.029024
0.029024
0.029024
0.029024
0.029024
0.029024
0.029024
0.029024
0.029024
0.029024
0.029024
0.029024
0.029024
0.029024
0.029024
0.029024
0.029024
0.029024
0.029024
0.029024
0.029024
0.029024
0.029024
0.029024
0.029024
0.029011
0.029011
0.029011
0.029011
0.029011
0.028977
0.028977
0.028977
0.028977
0.029011
0.029011
0.029011
0.029011
0.029011
0.029011
0.029011
0.029011
0.029011
0.028977
0.028977
0.028977
0.028977
0.028977
0.028977
0.029011
0.029011
0.029011
0.029011
0.029011
0.029011
0.029011
0.028977
0.028977
0.028977
0.028977
0.028954
0.028954
0.028954
0.028944
0.028978
0.028978
0.028978
0.028978
0.028978
0.028944
0.028944
0.028944
0.028944
0.028944
0.028944
0.028944
0.028944
0.028944
0.028944
0.028944
0.028978
0.028978
0.028978
0.028944
0.028944
0.028944
0.028981
0.028981
0.028981
0.028981
0.028944
0.028944
0.028982
0.028982
0.028982
0.028982
0.028982
0.028944
0.028944
0.028981
0.028981
0.028981
0.028981
0.028981
0.028981
0.028982
0.028982
0.029019
0.029019
0.029019
0.029019
0.029013
0.029012
0.029012
0.029012
0.029012
0.029012
0.029012
0.029050
0.029013
0.029013
0.029013
0.029013
0.029013
0.029013
0.029013
0.029050
0.029050
0.029050
0.029050
0.029030
0.029030
0.029030
0.029030
0.028993
0.028993
0.028993
0.028993
0.028993
0.029030
0.029030
0.029030
0.029030
0.029030
0.029030
0.029030
0.029030
0.029030
0.028997
0.028997
0.028997
0.028997
0.028997
0.029030
0.029030
0.029030
0.029030
0.029030
0.029030
0.029030
0.029030
0.029030
0.029030
0.029010
0.028977
0.028977
0.028977
0.028977
0.028977
0.029010
0.029010
0.029010
0.029010
0.029010
0.028973
0.028973
0.029010
0.029010
0.029010
0.028977
0.028976
0.028976
0.028976
0.028976
0.028976
0.028976
0.029008
0.029008
0.028971
0.028971
0.028971
0.028971
0.028971
0.029008
0.029008
0.028976
0.028976
0.028976
0.028976
0.028976
0.028976
0.028976
0.029008
0.029008
0.028971
0.028971
0.028971
0.029010
0.029010
0.029047
0.029047
0.029015
0.029015
0.029015
0.029015
0.029015
0.029015
0.028999
0.029031
0.029031
0.028994
0.028994
0.028994
0.028994
0.028994
0.029031
0.028999
0.028999
0.028999
0.028999
0.028999
0.028999
0.028999
0.028999
0.028999
0.029031
0.028994
0.028994
0.028994
0.028994
0.028994
0.029031
0.028999
0.028999
0.028999
0.028999
0.028999
0.028999
0.028999
0.028999
0.028999
0.028994
0.028994
0.028994
0.028994
0.028962
0.028962
0.028999
0.028999
0.028999
0.028999
0.028999
0.028999
0.028999
0.028999
0.028999
0.028999
0.028962
0.028962
0.028962
0.028962
0.028962
0.028962
0.028961
0.028999
0.028999
0.028999
0.028999
0.028999
0.028999
0.028967
0.028967
0.028967
0.028929
0.028962
0.028962
0.028962
0.028962
0.028994
0.029001
0.029039
0.029039
0.029039
0.029007
0.029007
0.029007
0.029007
0.029007
0.029007
0.028969
0.028969
0.029002
0.029034
0.029034
0.029001
0.029001
0.029042
0.029010
0.029010
0.029010
0.029010
0.029010
0.029010
0.029010
0.029010
0.028973
0.028973
0.028973
0.028973
0.028973
0.028973
0.028973
0.029010
0.029010
0.029010
0.029010
0.029010
0.029010
0.029010
0.029010
0.029010
0.028973
0.028973
0.028973
0.028973
0.028973
0.028973
0.028973
0.029010
0.029010
0.029010
0.029010
0.029010
0.029010
0.029010
0.029010
0.029010
0.028973
0.028973
0.028973
0.028973
0.028973
0.028973
0.028973
0.029010
0.029010
0.029010
0.028998
0.028998
0.029039
0.029039
0.029039
0.029002
0.029002
0.029002
0.029002
0.029002
0.029002
0.029002
0.029002
0.029039
0.029039
0.029039
0.029077
0.029077
0.029077
0.029077
0.029039
0.029002
0.029002
0.029002
0.029002
0.029002
0.029002
0.029002
0.029002
0.029077
0.029077
0.029077
0.029077
0.029077
0.029077
0.029039
0.029039
0.029002
0.029002
0.029002
0.029002
0.029002
0.029040
0.029040
0.029040
0.029040
0.029077
0.029077
0.029077
0.029039
0.029039
0.029039
0.029039
0.029002
0.029002
0.029002
0.029040
0.029040
0.029040
0.029040
0.029040
0.029040
0.029077
0.029077
0.029039
0.029081
0.029081
0.029081
0.029081
0.029081
0.029081
0.029081
0.029081
0.029081
0.029081
0.029081
0.029081
0.029081
0.029119
0.029119
0.029119
0.029119
0.029119
0.029119
0.029119
0.029081
0.029081
0.029081
0.029081
0.029081
0.029081
0.029081
0.029081
0.029081
0.029119
0.029119
0.029119
0.029119
0.029119
0.029119
0.029119
0.029081
0.029081
0.029081
0.029081
0.029081
0.029081
0.029081
0.029081
0.029081
0.029119
0.029119
0.029119
0.029119
0.029119
0.029119
0.029119
0.029081
0.029081
0.029081
0.029081
0.029081
0.029081
0.029081
0.029081
0.029123
0.029161
0.029161
0.029161
0.029161
0.029161
0.029161
0.029161
0.029123
0.029123
0.029123
0.029123
0.029123
0.029123
0.029123
0.029123
0.029123
0.029161
0.029161
0.029161
0.029161
0.029161
0.029161
0.029161
0.029123
0.029123
0.029123
0.029123
0.029123
0.029123
0.029123
0.029123
0.029123
0.029161
0.029161
0.029161
0.029161
0.029161
0.029161
0.029161
0.029123
0.029123
0.029123
0.029123
0.029123
0.029123
0.029123
0.029123
0.029123
0.029161
0.029161
0.029161
0.029161
0.029161
0.029161
0.029123
0.029123
0.029123
0.029123
0.029123
0.029123
0.029123
0.029123
0.029123
0.029123
0.029204
0.029204
0.029204
0.029204
0.029204
0.029204
0.029166
0.029166
0.029166
0.029166
0.029166
0.029166
0.029166
0.029166
0.029166
0.029166
0.029204
0.029204
0.029204
0.029204
0.029204
0.029204
0.029166
0.029166
0.029166
0.029166
0.029166
0.029166
0.029166
0.029166
0.029166
0.029166
0.029204
0.029204
0.029204
0.029204
0.029204
0.029204
0.029166
0.029166
0.029166
0.029166
0.029166
0.029166
0.029166
0.029166
0.029166
0.029166
0.029166
0.029204
0.029204
0.029204
0.029204
0.029204
0.029166
0.029166
0.029166
0.029166
0.029166
0.029166
0.029166
0.029166
0.029166
0.029166
0.029166
0.029204
0.029204
0.029204
0.029204
0.029204
0.029166
0.029166
0.029166
0.029166
0.029166
0.029166
0.029166
0.029166
0.029166
0.029166
0.029166
0.029204
0.029204
0.029204
0.029204
0.029204
0.029166
0.029166
0.029166
0.029166
0.029166
0.029166
0.029166
0.029166
0.029166
0.029166
0.029166
0.029204
0.029204
0.029204
0.029204
0.029204
0.029166
0.029166
0.029166
0.029166
0.029166
0.029166
0.029166
