1.748008
1.594450
1.455918
1.363897
1.315563
1.295533
1.289334
1.290134
1.290747
1.290282
1.289426
1.288511
1.287576
1.286523
1.285345
1.284169
1.282919
1.281464
1.280388
1.279318
1.278426
1.277477
1.276769
1.276163
1.275758
1.275577
1.275633
1.275216
1.275262
1.275275
1.275202
1.275010
1.274825
1.274555
1.274488
1.274407
1.274265
1.274303
1.274139
1.274281
1.274157
1.274059
1.273914
1.273846
1.273488
1.273226
1.273208
1.273106
1.272828
1.272511
1.272355
1.272061
1.272101
1.272068
1.272051
1.272215
1.272274
1.272305
1.272452
1.272331
1.272500
1.272449
1.272469
1.272646
1.272650
1.272794
1.273066
1.273313
1.273578
1.273683
1.273701
1.273706
1.273912
1.274057
1.274350
1.274348
1.274728
1.275082
1.275564
1.275946
1.276308
1.276537
1.276648
1.276871
1.277059
1.277331
1.277550
1.277687
1.277929
1.278021
1.278259
1.278432
1.278589
1.278776
1.279038
1.279251
1.278734
1.278241
1.277745
1.277319
1.276866
1.276482
1.276203
1.276030
1.275386
1.275054
1.274600
1.274247
1.273733
1.273420
1.273038
1.272597
1.272013
1.271702
1.271295
1.270894
1.270472
1.269825
1.269312
1.269001
1.268354
1.267843
1.267144
1.266332
1.265562
1.265035
1.264190
1.263375
1.262530
1.261759
1.260858
1.260151
1.259290
1.258448
1.257398
1.256822
1.255960
1.255106
1.254250
1.253341
1.252433
1.251587
1.250954
1.249862
1.249009
1.248025
1.246954
1.246013
1.244985
1.244007
1.243151
1.242600
1.242343
1.241893
1.241427
1.240838
1.240336
1.239519
1.238945
1.238261
1.237724
1.237209
1.236558
1.236016
1.235533
1.235138
1.234419
1.233919
1.233426
1.232721
1.232067
1.231421
1.230624
1.229863
1.229097
1.228394
1.227778
1.227529
1.227135
1.226694
1.226303
1.225813
1.225349
1.224752
1.224066
1.223736
1.223454
1.222962
1.222628
1.222140
1.221476
1.221199
1.220514
1.219861
1.219499
1.219145
1.218899
1.218496
1.217717
1.217050
1.216581
1.216187
1.215977
1.215323
1.214588
1.213996
1.213390
1.212718
1.212153
1.211588
1.211061
1.210360
1.209965
1.209661
1.209403
1.208807
1.208126
1.207783
1.207435
1.207092
1.206847
1.206630
1.206270
1.205648
1.204925
1.204124
1.203526
1.203363
1.202887
1.202446
1.201884
1.201516
1.201230
1.201028
1.200590
1.200033
1.199683
1.199337
1.198811
1.198566
1.197887
1.197301
1.196698
1.196090
1.195714
1.195135
1.194825
1.194207
1.193864
1.193525
1.193270
1.193025
1.192789
1.192357
1.192045
1.191783
1.191665
1.191427
1.191104
1.190847
1.190608
1.190481
1.190628
1.190269
1.190114
1.189742
1.189431
1.188981
1.188353
1.187779
1.187313
1.186894
1.186721
1.186532
1.186123
1.185487
1.184940
1.184361
1.184066
1.184569
1.184725
1.184765
1.184468
1.184099
1.183961
1.183654
1.183586
1.183548
1.183178
1.182894
1.182879
1.182766
1.182770
1.182833
1.182737
1.182514
1.182279
1.182156
1.181994
1.181944
1.181781
1.181618
1.181416
1.181337
1.181152
1.181256
1.181406
1.181218
1.180836
1.180656
1.180722
1.180798
1.181140
1.181219
1.181273
1.181098
1.180986
1.180890
1.180737
1.180585
1.180475
1.180262
1.180315
1.180367
1.180261
1.180090
1.179836
1.179658
1.179770
1.179979
1.180322
1.180497
1.180560
1.180453
1.180180
1.180125
1.179971
1.179650
1.179490
1.179306
1.179120
1.178893
1.179034
1.179212
1.179358
1.179548
1.179717
1.179954
1.180072
1.180083
1.180237
1.180381
1.180333
1.180577
1.181200
1.181884
1.182461
1.183234
1.183616
1.184052
1.184431
1.184926
1.185181
1.185345
1.185547
1.185997
1.186348
1.186846
1.187357
1.187582
1.188085
1.188479
1.188912
1.189224
1.189478
1.189578
1.189720
1.190109
1.190509
1.191033
1.191496
1.191756
1.192212
1.192577
1.192456
1.192183
1.191647
1.191451
1.191266
1.191063
1.190891
1.190896
1.190684
1.190724
1.190565
1.190564
1.190328
1.190303
1.190274
1.190123
1.190023
1.189798
1.189750
1.189676
1.189623
1.189666
1.189667
1.189353
1.189228
1.189048
1.188690
1.188744
1.188729
1.188568
1.188839
1.189579
1.189891
1.190026
1.190878
1.191606
1.191498
1.191290
1.191221
1.191140
1.190809
1.190609
1.190706
1.190486
1.190502
1.190422
1.190209
1.190012
1.189945
1.189773
1.189795
1.189526
1.189529
1.189350
1.189223
1.189152
1.189054
1.188962
1.188807
1.188686
1.188602
1.188480
1.188266
1.188116
1.188004
1.187870
1.187715
1.187597
1.187399
1.187213
1.187089
1.186845
1.186719
1.186628
1.186447
1.186210
1.186115
1.185913
1.185823
1.185567
1.185301
1.185354
1.185139
1.184827
1.184602
1.184296
1.184115
1.183548
1.183325
1.183013
1.182675
1.182560
1.182397
1.182246
1.182252
1.182130
1.181971
1.181954
1.181705
1.181474
1.181351
1.181112
1.180894
1.180609
1.180431
1.180513
1.180341
1.180331
1.180187
1.180116
1.179982
1.179956
1.179905
1.179801
1.179701
1.179580
1.179596
1.179523
1.179477
1.179452
1.179388
1.179443
1.179448
1.179398
1.179325
1.179438
1.179375
1.179367
1.179423
1.179541
1.179436
1.179526
1.179549
1.179564
1.179719
1.179705
1.179749
1.179878
1.179851
1.179973
1.179978
1.179996
1.180009
1.180131
1.180260
1.180277
1.180363
1.180410
1.180483
1.180440
1.180557
1.180552
1.180631
1.180739
1.180730
1.180741
1.180986
1.180996
1.181112
1.181079
1.181141
1.181295
1.181211
1.181352
1.181411
1.181404
1.181507
1.181617
1.181772
1.181891
1.181975
1.181964
1.182158
1.182190
1.182333
1.182400
1.182583
1.182625
1.182821
1.183023
1.183037
1.183160
1.183440
1.183351
1.183652
1.183872
1.183977
1.184234
1.184329
1.184533
1.184599
1.184833
1.185024
1.185182
1.185234
1.185574
1.185676
1.185955
1.186078
1.186350
1.186543
1.186786
1.186952
1.187023
1.187288
1.187503
1.187687
1.187936
1.188226
1.188286
1.188413
1.188599
1.188789
1.189007
1.189141
1.189209
1.189455
1.189539
1.189704
1.189834
1.190044
1.190159
1.190239
1.190317
1.190442
1.190452
1.190422
1.190687
1.190660
1.190713
1.190699
1.190823
1.190997
1.190960
1.191040
1.191104
1.191103
1.191082
1.191172
1.191185
1.191178
1.191243
1.191187
1.191252
1.191338
1.191171
1.191208
1.191254
1.191143
1.191154
1.191243
1.191077
1.191059
1.191074
1.190990
1.190939
1.190998
1.190854
1.190854
1.190878
1.190763
1.190711
1.190669
1.190625
1.190633
1.190545
1.190602
1.190545
1.190509
1.190569
1.190494
1.190444
1.190451
1.190338
1.190512
1.190453
1.190418
1.190432
1.190428
1.190350
1.190310
1.190297
1.190289
1.190466
1.190456
1.190486
1.190397
1.190526
1.190467
1.190483
1.190629
1.190635
1.190738
1.190662
1.190768
1.190750
1.190765
1.190888
1.190939
1.191124
1.191190
1.191199
1.191279
1.191361
1.191384
1.191510
1.191635
1.191714
1.191827
1.191917
1.192056
1.192136
1.192336
1.192518
1.192568
1.192661
1.192754
1.192848
1.192860
1.193079
1.193263
1.193498
1.193599
1.193748
1.193969
1.194072
1.194307
1.194436
1.194646
1.194764
1.194921
1.195170
1.195414
1.195615
1.195860
1.196022
1.196189
1.196415
1.196704
1.196952
1.197157
1.197487
1.197712
1.198013
1.198164
1.198427
1.198674
1.198965
1.199227
1.199514
1.199790
1.200087
1.200292
1.200756
1.200969
1.201213
1.201563
1.201842
1.202084
1.202444
1.202744
1.202936
1.203252
1.203483
1.203837
1.204087
1.204355
1.204638
1.204946
1.205200
1.205556
1.205757
1.206111
1.206376
1.206612
1.206949
1.207136
1.207523
1.207810
1.208147
1.208348
1.208659
1.208881
1.209048
1.209305
1.209552
1.209683
1.209955
1.210259
1.210375
1.210663
1.210931
1.211099
1.211396
1.211709
1.211826
1.212079
1.212248
1.212379
1.212632
1.212800
1.212977
1.213194
1.213336
1.213520
1.213703
1.213920
1.214088
1.214220
1.214390
1.214597
1.214732
1.214900
1.214934
1.215117
1.215199
1.215367
1.215315
1.215579
1.215627
1.215810
1.215894
1.215977
1.216111
1.216209
1.216328
1.216439
1.216537
1.216690
1.216783
1.216816
1.216985
1.217069
1.217203
1.217202
1.217282
1.217415
1.217464
1.217563
1.217551
1.217600
1.217663
1.217662
1.217742
1.217872
1.217871
1.217920
1.218005
1.218140
1.218053
1.218139
1.218189
1.218273
1.218363
1.218463
1.218513
1.218498
1.218512
1.218598
1.218547
1.218683
1.218666
1.218793
1.218924
1.218824
1.218824
1.218859
1.218888
1.218923
1.218974
1.219059
1.219059
1.218939
1.218953
1.219085
1.219085
1.219171
1.219185
1.219221
1.219220
1.219174
1.219174
1.219259
1.219241
1.219276
1.219387
1.219432
1.219366
1.219451
1.219486
1.219521
1.219472
1.219522
1.219522
1.219624
1.219625
1.219590
1.219635
1.219722
1.219757
1.219843
1.219843
1.219808
1.219858
1.219823
1.219810
1.219810
1.219860
1.219897
1.219948
1.219948
1.219994
1.220079
1.220064
1.220150
1.220100
1.220029
1.220066
1.220066
1.220066
1.220167
1.220167
1.220168
1.220155
1.220108
1.220144
1.220195
1.220240
1.220276
1.220312
1.220409
1.220446
1.220396
1.220399
1.220469
1.220469
1.220420
1.220463
1.220558
1.220559
1.220609
1.220646
1.220646
1.220732
1.220777
1.220777
1.220812
1.220814
1.220950
1.220900
1.220900
1.220915
1.220900
1.220902
1.220853
1.220938
1.220958
1.220974
1.221009
1.221059
1.221097
1.221097
1.221083
1.221083
1.221133
1.221169
1.221218
1.221265
1.221216
1.221252
1.221302
1.221337
1.221373
1.221373
1.221460
1.221430
1.221467
1.221467
1.221432
1.221518
1.221518
1.221518
1.221568
1.221571
1.221571
1.221621
1.221657
1.221691
1.221741
1.221827
1.221827
1.221863
1.221914
1.221915
1.221901
1.221901
1.221951
1.222043
1.222088
1.222138
1.222174
1.222224
1.222226
1.222312
1.222348
1.222348
1.222348
1.222337
1.222387
1.222422
1.222422
1.222457
1.222543
1.222543
1.222592
1.222592
1.222698
1.222698
1.222698
1.222736
1.222857
1.222907
1.222907
1.222943
1.222978
1.222978
1.223064
1.223064
1.223066
1.223152
1.223187
1.223237
1.223273
1.223323
1.223358
1.223393
1.223409
1.223430
1.223466
1.223551
1.223601
1.223570
1.223570
1.223572
1.223657
1.223692
1.223742
1.223743
1.223827
1.223863
1.223930
1.223930
1.224014
1.224043
1.224078
1.224061
1.224096
1.224213
1.224249
1.224284
1.224334
1.224333
1.224369
1.224423
1.224473
1.224437
1.224536
1.224571
1.224657
1.224657
1.224710
1.224710
1.224746
1.224816
1.224866
1.224866
1.224865
1.224967
1.225003
1.225052
1.225087
1.225160
1.225209
1.225209
1.225263
1.225315
1.225300
1.225335
1.225335
1.225371
1.225406
1.225472
1.225472
1.225472
1.225506
1.225506
1.225592
1.225676
1.225660
1.225660
1.225709
1.225744
1.225780
1.225853
1.225904
1.225904
1.225954
1.225989
1.225989
1.226039
1.226074
1.226159
1.226160
1.226193
1.226228
1.226228
1.226278
1.226280
1.226367
1.226367
1.226367
1.226446
1.226446
1.226496
1.226496
1.226531
1.226581
1.226600
1.226720
1.226743
1.226743
1.226743
1.226795
1.226795
1.226795
1.226795
1.226830
1.226865
1.226951
1.226951
1.226936
1.226920
1.226970
1.226970
1.227056
1.227056
1.227073
1.227158
1.227158
1.227194
1.227194
1.227194
1.227229
1.227229
1.227229
1.227212
1.227298
1.227333
1.227333
1.227383
1.227435
1.227435
1.227485
1.227510
1.227580
1.227580
1.227630
1.227630
1.227630
1.227649
1.227649
1.227649
1.227699
1.227699
1.227754
1.227754
1.227804
1.227804
1.227789
1.227841
1.227841
1.227841
1.227841
1.227824
1.227895
1.227895
1.227895
1.227895
1.227912
1.227947
1.227997
1.227998
1.227998
1.227998
1.228084
1.228084
1.228084
1.228068
1.228068
1.228068
1.228103
1.228103
1.228120
1.228120
1.228120
1.228070
1.228156
1.228156
1.228156
1.228157
1.228157
1.228226
1.228226
1.228226
1.228226
1.228226
1.228242
1.228242
1.228268
1.228303
1.228303
1.228304
1.228304
1.228355
1.228341
1.228360
1.228361
1.228396
1.228396
1.228396
1.228413
1.228413
1.228366
1.228401
1.228436
1.228481
1.228481
1.228528
1.228529
1.228548
1.228548
1.228620
1.228620
1.228620
1.228636
1.228686
1.228639
1.228554
1.228554
1.228554
1.228604
1.228686
1.228686
1.228671
1.228706
1.228706
1.228707
1.228707
1.228759
1.228809
1.228762
1.228762
1.228762
1.228762
1.228762
1.228762
1.228792
1.228792
1.228792
1.228794
1.228829
1.228829
1.228846
1.228800
1.228800
1.228800
1.228800
1.228800
1.228800
1.228800
1.228830
1.228866
1.228816
1.228866
1.228867
1.228867
1.228867
1.228838
1.228838
1.228838
1.228838
1.228838
1.228873
1.228908
1.228939
1.228939
1.228939
1.228939
1.228939
1.228939
1.228939
1.228910
1.228910
1.228960
1.228960
1.228960
1.228961
1.228997
1.229054
1.229054
1.229054
1.229054
1.229054
1.229054
1.229054
1.229021
1.229021
1.229020
1.229020
1.229020
1.229055
1.229059
1.229089
1.229089
1.229089
1.229089
1.229089
1.229089
1.229042
1.229059
1.229059
1.229059
1.229059
1.229059
1.229059
1.229109
1.229092
1.229141
1.229141
1.229141
1.229141
1.229141
1.229094
1.229110
1.229110
1.229110
1.229146
1.229146
1.229189
1.229146
1.229164
1.229212
1.229255
1.229256
1.229301
1.229301
1.229254
1.229271
1.229271
1.229271
1.229271
1.229271
1.229271
1.229271
1.229254
1.229301
1.229301
1.229301
1.229301
1.229301
1.229281
1.229297
1.229297
1.229297
1.229297
1.229296
1.229296
1.229296
1.229328
1.229328
1.229328
1.229280
1.229280
1.229280
1.229315
1.229332
1.229332
1.229332
1.229332
1.229332
1.229332
1.229315
1.229315
1.229315
1.229315
1.229315
1.229315
1.229315
1.229315
1.229315
1.229333
1.229333
1.229333
1.229369
1.229369
1.229352
1.229352
1.229352
1.229352
1.229352
1.229352
1.229352
1.229352
1.229352
1.229334
1.229334
1.229334
1.229334
1.229334
1.229316
1.229316
1.229316
1.229316
1.229316
1.229316
1.229316
1.229316
1.229316
1.229333
1.229322
1.229322
1.229322
1.229322
1.229307
1.229307
1.229307
1.229307
1.229257
1.229257
1.229257
1.229257
1.229256
1.229272
1.229322
1.229322
1.229322
1.229324
1.229307
1.229307
1.229307
1.229306
1.229306
1.229306
1.229306
1.229306
1.229306
1.229323
1.229323
1.229323
1.229323
1.229323
1.229306
1.229306
1.229306
1.229306
1.229306
1.229306
1.229306
1.229306
1.229306
1.229306
1.229306
1.229306
1.229306
1.229342
1.229342
1.229341
1.229341
1.229291
1.229241
1.229241
1.229243
1.229243
1.229243
1.229243
1.229243
1.229243
1.229241
1.229241
1.229241
1.229241
1.229241
1.229241
1.229241
1.229241
1.229243
1.229243
1.229243
1.229277
1.229277
1.229277
1.229277
1.229277
1.229277
1.229277
1.229231
1.229292
1.229292
1.229292
1.229292
1.229292
1.229242
1.229242
1.229242
1.229242
1.229242
1.229343
1.230294
1.232875
1.237181
1.243555
1.251613
1.261094
1.271230
1.281772
1.292043
1.301623
1.310939
1.320022
1.329245
1.339289
1.349496
1.359267
1.368119
1.375591
1.381071
1.384866
1.386846
1.387854
1.388071
1.388019
1.387681
1.387753
1.388006
1.388001
1.388218
1.387875
1.386977
1.386050
1.384872
1.383700
1.382555
1.381398
1.380608
1.379754
1.379176
1.378911
1.378521
1.378046
1.377700
1.377159
1.376545
1.376056
1.375702
1.375133
1.374514
1.374088
1.373606
1.372633
1.369725
1.364518
1.357635
1.349228
1.339709
1.329882
1.320416
1.311326
1.302462
1.293351
1.284533
1.275871
1.267118
1.258070
1.249341
1.241674
1.235214
1.230307
1.227072
1.225564
1.225294
1.225618
1.226177
1.226875
1.227399
1.227277
1.227032
1.226223
1.225106
1.223901
1.223280
1.222984
1.223129
1.223857
1.224615
1.224696
1.224504
1.224461
1.225379
1.226934
1.229032
1.231392
1.232948
1.233628
1.233377
1.232398
1.231213
1.230093
1.228725
1.227837
1.227318
1.226942
1.226650
1.226449
1.226161
1.225844
1.225194
1.224603
1.223994
1.223643
1.223346
1.222716
1.222104
1.221378
1.220614
1.220082
1.219439
1.218958
1.218420
1.217473
1.216762
1.215967
1.215307
1.214555
1.214160
1.213503
1.212648
1.211705
1.210673
1.209702
1.208596
1.207432
1.206366
1.205023
1.203696
1.202284
1.201060
1.199836
1.198696
1.197718
1.196829
1.195887
1.194799
1.193634
1.192286
1.191026
1.189966
1.188779
1.187946
1.187066
1.185802
1.184397
1.183404
1.182035
1.180463
1.179272
1.177849
1.176304
1.174985
1.173726
1.172297
1.170934
1.169519
1.168209
1.166639
1.165143
1.163742
1.162404
1.161028
1.159489
1.158514
1.157305
1.155861
1.154259
1.152872
1.151440
1.150043
1.148811
1.147667
1.146681
1.145488
1.144307
1.143306
1.142285
1.141086
1.140319
1.139555
1.138512
1.137753
1.136962
1.136259
1.135282
1.134568
1.133892
1.133180
1.132278
1.131315
1.130635
1.129772
1.128824
1.128048
1.127299
1.126496
1.125497
1.124285
1.123129
1.122052
1.120854
1.119529
1.118019
1.116996
1.116202
1.115195
1.114101
1.112790
1.111570
1.110480
1.109239
1.107741
1.106498
1.105292
1.104460
1.103943
1.103404
1.102569
1.101836
1.101136
1.100525
1.099980
1.099291
1.098501
1.097432
1.096701
1.095680
1.094764
1.093383
1.092021
1.091020
1.090420
1.089727
1.088944
1.087897
1.086977
1.086040
1.085212
1.084554
1.083669
1.082624
1.081516
1.080372
1.079028
1.078281
1.077657
1.077135
1.076278
1.075285
1.074301
1.073197
1.072453
1.071633
1.070596
1.069168
1.067666
1.066293
1.064971
1.063577
1.062326
1.061161
1.059564
1.058018
1.056419
1.054786
1.053589
1.052168
1.050846
1.049028
1.047160
1.045433
1.043893
1.042546
1.041315
1.040250
1.038674
1.037207
1.035655
1.034354
1.033195
1.031693
1.030028
1.028065
1.026273
1.024473
1.022813
1.020999
1.018995
1.017174
1.015334
1.013600
1.011604
1.009696
1.008002
1.005848
1.003917
1.002011
1.000281
0.998566
0.996916
0.995095
0.993581
0.991770
0.989921
0.987913
0.986053
0.984183
0.982321
0.980446
0.978774
0.976954
0.975026
0.973013
0.971136
0.969361
0.967855
0.966001
0.964370
0.962516
0.960701
0.959289
0.957941
0.956692
0.955624
0.954700
0.953792
0.952667
0.951836
0.950741
0.950259
0.949311
0.948189
0.947320
0.946201
0.944750
0.943590
0.942352
0.941211
0.939976
0.939251
0.938504
0.937971
0.937051
0.936466
0.935865
0.935104
0.934429
0.933821
0.933200
0.932558
0.931822
0.931313
0.930894
0.930867
0.931092
0.931482
0.932102
0.932292
0.932321
0.932166
0.931283
0.930756
0.929710
0.927982
0.926237
0.924536
0.922919
0.921269
0.919724
0.917939
0.916204
0.914373
0.912331
0.910397
0.908406
0.906349
0.904758
0.902896
0.901120
0.899308
0.897623
0.896069
0.894458
0.892824
0.891240
0.889494
0.888043
0.886727
0.885294
0.884091
0.882625
0.881134
0.879761
0.878189
0.876760
0.875401
0.874052
0.872466
0.870904
0.869712
0.868247
0.867078
0.865596
0.863874
0.861815
0.859957
0.857811
0.855790
0.853984
0.852061
0.850157
0.848320
0.846510
0.844535
0.842663
0.840892
0.839194
0.837403
0.835755
0.833817
0.831962
0.829942
0.827887
0.825882
0.823786
0.821649
0.819440
0.817415
0.815113
0.812916
0.810745
0.808673
0.806929
0.804762
0.802605
0.800512
0.798181
0.795856
0.793433
0.791139
0.788713
0.786535
0.784148
0.781767
0.779306
0.776863
0.774332
0.771795
0.769403
0.766834
0.764529
0.761956
0.759903
0.757280
0.755019
0.752408
0.749795
0.747142
0.744621
0.742103
0.739337
0.736747
0.734015
0.731544
0.728729
0.726295
0.723625
0.721368
0.718802
0.716295
0.713818
0.711372
0.709351
0.707340
0.705104
0.702655
0.700296
0.697717
0.695098
0.692590
0.690389
0.688129
0.685884
0.683614
0.681352
0.679121
0.676949
0.674955
0.673020
0.670909
0.668943
0.666389
0.663866
0.661464
0.659261
0.656943
0.654637
0.651990
0.649503
0.646726
0.644131
0.641574
0.638961
0.636329
0.633856
0.631412
0.628879
0.626331
0.623913
0.621261
0.618958
0.616443
0.613961
0.611629
0.609577
0.607274
0.604923
0.602718
0.600468
0.598131
0.595803
0.593484
0.591266
0.589052
0.586924
0.584907
0.582880
0.580503
0.578257
0.576091
0.573890
0.571674
0.570233
0.568598
0.566996
0.565540
0.563890
0.562380
0.560684
0.559115
0.557496
0.555700
0.554131
0.552484
0.550946
0.549198
0.547726
0.546183
0.544628
0.543247
0.541796
0.540523
0.539223
0.538017
0.536446
0.535275
0.534001
0.532545
0.531147
0.529707
0.528317
0.526564
0.524701
0.522815
0.520958
0.519219
0.517518
0.515659
0.513913
0.512299
0.510419
0.508719
0.507145
0.505368
0.503533
0.501970
0.500274
0.498522
0.497097
0.495541
0.493892
0.492147
0.490493
0.488735
0.487027
0.485325
0.483671
0.481906
0.480328
0.478701
0.477061
0.475276
0.473789
0.472182
0.470775
0.469168
0.467495
0.465816
0.464125
0.462416
0.460788
0.459154
0.457486
0.455866
0.454123
0.452510
0.450637
0.449197
0.447444
0.445745
0.444153
0.442500
0.441012
0.439481
0.437990
0.436215
0.434583
0.432912
0.431344
0.429689
0.428077
0.426557
0.424995
0.423387
0.421634
0.419879
0.418314
0.416807
0.415276
0.413728
0.411982
0.410615
0.408962
0.407422
0.405626
0.403988
0.402397
0.400913
0.399251
0.398106
0.397013
0.395892
0.394689
0.393570
0.392447
0.391260
0.389972
0.388692
0.387250
0.385906
0.384775
0.383537
0.382044
0.380593
0.379424
0.378000
0.376789
0.375298
0.373885
0.372555
0.371182
0.369835
0.368742
0.367511
0.366282
0.365025
0.363723
0.362578
0.361275
0.359995
0.358725
0.357431
0.356215
0.354870
0.353595
0.352472
0.351170
0.350045
0.348903
0.347732
0.346548
0.345406
0.344303
0.343262
0.341960
0.340807
0.339598
0.338523
0.337328
0.336252
0.334996
0.333974
0.332888
0.331712
0.330689
0.329516
0.328390
0.327352
0.326404
0.325172
0.324297
0.323244
0.322220
0.321044
0.320083
0.318999
0.318026
0.316897
0.315915
0.314851
0.313371
0.312155
0.310987
0.309843
0.308675
0.307817
0.306663
0.305668
0.304893
0.304150
0.303329
0.302314
0.301622
0.300912
0.299843
0.298893
0.298007
0.297395
0.296743
0.295642
0.294609
0.293722
0.292812
0.291845
0.290429
0.289129
0.288070
0.287148
0.285960
0.284704
0.283277
0.282176
0.281276
0.280026
0.278725
0.277586
0.276597
0.275314
0.274082
0.272880
0.271898
0.270664
0.269422
0.268085
0.266903
0.265762
0.264439
0.263327
0.262210
0.260902
0.259616
0.258336
0.257097
0.255942
0.254665
0.253285
0.251935
0.250719
0.249418
0.248049
0.246703
0.245482
0.244218
0.242928
0.241497
0.240182
0.238759
0.237368
0.236103
0.234749
0.233456
0.232013
0.230715
0.229319
0.228032
0.226794
0.225387
0.223987
0.222904
0.221767
0.220660
0.219647
0.218638
0.217489
0.216559
0.215477
0.214490
0.213630
0.212647
0.211804
0.210883
0.210092
0.209365
0.208571
0.207909
0.207187
0.206382
0.205513
0.204505
0.203643
0.202817
0.201979
0.201012
0.200172
0.199274
0.198589
0.197705
0.196904
0.196164
0.195314
0.194470
0.193631
0.192719
0.191716
0.190689
0.189636
0.188526
0.187422
0.186442
0.185510
0.184458
0.183485
0.182533
0.181550
0.180480
0.179606
0.178571
0.177662
0.176773
0.175863
0.174809
0.173879
0.172972
0.171987
0.171111
0.170192
0.169259
0.168277
0.167499
0.166612
0.165616
0.164850
0.163991
0.163079
0.162279
0.161440
0.160606
0.159675
0.158693
0.157947
0.157024
0.156159
0.155390
0.154467
0.153597
0.152787
0.151892
0.151164
0.150281
0.149406
0.148596
0.147823
0.146889
0.146155
0.145459
0.144539
0.143754
0.143095
0.142154
0.141366
0.140431
0.139705
0.138872
0.138058
0.137378
0.136581
0.135900
0.135075
0.134309
0.133532
0.132754
0.132038
0.131215
0.130426
0.129825
0.129044
0.128279
0.127484
0.126786
0.126172
0.125431
0.124805
0.124022
0.123265
0.122646
0.121948
0.121225
0.120398
0.119804
0.118984
0.118143
0.117265
0.116221
0.115399
0.114545
0.113672
0.112714
0.111877
0.111068
0.110284
0.109402
0.108727
0.107985
0.107123
0.106384
0.105556
0.104792
0.104046
0.103204
0.102433
0.101608
0.100858
0.100152
0.099460
0.098734
0.097972
0.097217
0.096448
0.095735
0.095033
0.094297
0.093706
0.092998
0.092457
0.091807
0.091178
0.090482
0.089872
0.089202
0.088506
0.087942
0.087352
0.086764
0.086228
0.085503
0.084945
0.084349
0.083760
0.083278
0.082686
0.082124
0.081512
0.081001
0.080456
0.079881
0.079389
0.078867
0.078267
0.077785
0.077322
0.076736
0.076309
0.075829
0.075269
0.074813
0.074356
0.073772
0.073330
0.072927
0.072413
0.071938
0.071437
0.071106
0.070601
0.070184
0.069685
0.069262
0.068848
0.068477
0.068057
0.067653
0.067240
0.066758
0.066333
0.065924
0.065470
0.065052
0.064747
0.064299
0.063975
0.063582
0.063264
0.062873
0.062518
0.062153
0.061765
0.061404
0.060911
0.060587
0.060249
0.059858
0.059522
0.059124
0.058850
0.058564
0.058178
0.057897
0.057568
0.057220
0.056868
0.056613
0.056284
0.055961
0.055688
0.055335
0.055173
0.054839
0.054559
0.054246
0.053966
0.053701
0.053478
0.053223
0.052957
0.052606
0.052393
0.052123
0.051888
0.051698
0.051330
0.051092
0.050795
0.050577
0.050364
0.049996
0.049805
0.049619
0.049295
0.049117
0.048962
0.048602
0.048312
0.048143
0.047881
0.047688
0.047401
0.047234
0.046956
0.046718
0.046453
0.046269
0.045964
0.045724
0.045481
0.045221
0.044948
0.044804
0.044572
0.044375
0.044113
0.043974
0.043751
0.043525
0.043228
0.043006
0.042776
0.042625
0.042329
0.042119
0.041954
0.041752
0.041594
0.041362
0.041227
0.041028
0.040883
0.040616
0.040453
0.040182
0.040098
0.039884
0.039736
0.039592
0.039454
0.039300
0.039162
0.039051
0.038886
0.038752
0.038632
0.038494
0.038326
0.038106
0.037980
0.037892
0.037704
0.037649
0.037515
0.037379
0.037301
0.037181
0.037081
0.036944
0.036911
0.036889
0.036764
0.036675
0.036556
0.036380
0.036331
0.036282
0.036172
0.036040
0.035942
0.035944
0.035883
0.035676
0.035572
0.035497
0.035421
0.035354
0.035327
0.035211
0.035151
0.035063
0.034963
0.034948
0.034839
0.034808
0.034730
0.034695
0.034634
0.034523
0.034411
0.034381
0.034301
0.034227
0.034116
0.034092
0.033990
0.033881
0.033854
0.033789
0.033711
0.033709
0.033601
0.033602
0.033539
0.033476
0.033464
0.033366
0.033353
0.033335
0.033339
0.033298
0.033200
0.033142
0.033133
0.033077
0.033019
0.032959
0.032960
0.032906
0.032806
0.032739
0.032719
0.032691
0.032666
0.032568
0.032538
0.032550
0.032541
0.032492
0.032483
0.032464
0.032376
0.032293
0.032312
0.032263
0.032210
0.032161
0.032191
0.032148
0.032176
0.032107
0.032044
0.032121
0.032127
0.032079
0.032054
0.032051
0.031970
0.031921
0.031879
0.031831
0.031832
0.031832
0.031810
0.031753
0.031761
0.031761
0.031721
0.031673
0.031717
0.031682
0.031618
0.031600
0.031587
0.031593
0.031608
0.031560
0.031447
0.031470
0.031448
0.031481
0.031478
0.031478
0.031413
0.031382
0.031327
0.031337
0.031289
0.031325
0.031320
0.031272
0.031304
0.031297
0.031268
0.031315
0.031251
0.031238
0.031190
0.031233
0.031198
0.031210
0.031210
0.031182
0.031251
0.031171
0.031171
0.031164
0.031217
0.031204
0.031157
0.031157
0.031229
0.031174
0.031162
0.031115
0.031115
0.031192
0.031185
0.031163
0.031163
0.031212
0.031209
0.031162
0.031180
0.031230
0.031146
0.031114
0.031130
0.031124
0.031200
0.031150
0.031168
0.031168
0.031187
0.031160
0.031139
0.031139
0.031130
0.031133
0.031114
0.031114
0.031114
0.031077
0.031098
0.031166
0.031106
0.031125
0.031125
0.031071
0.031097
0.031097
0.031097
0.031099
0.031172
0.031260
0.031201
0.031201
0.031203
0.031179
0.031216
0.031171
0.031174
0.031174
0.031227
0.031186
0.031280
0.031284
0.031203
0.031203
0.031203
0.031152
0.031223
0.031230
0.031239
0.031273
0.031270
0.031263
0.031278
0.031257
0.031257
0.031297
0.031272
0.031355
0.031320
0.031283
0.031314
0.031360
0.031360
0.031350
0.031358
0.031375
0.031341
0.031299
0.031359
0.031359
0.031395
0.031352
0.031352
0.031368
0.031368
0.031394
0.031422
0.031379
0.031379
0.031379
0.031394
0.031406
0.031406
0.031443
0.031463
0.031523
0.031534
0.031503
0.031463
0.031511
0.031469
0.031498
0.031501
0.031495
0.031522
0.031522
0.031522
0.031522
0.031480
0.031523
0.031552
0.031552
0.031476
0.031476
0.031545
0.031516
0.031488
0.031488
0.031536
0.031566
0.031606
0.031631
0.031563
0.031576
0.031611
0.031611
0.031645
0.031674
0.031665
0.031743
0.031664
0.031677
0.031677
0.031677
0.031652
0.031652
0.031674
0.031674
0.031688
0.031653
0.031629
0.031737
0.031737
0.031737
0.031737
0.031752
0.031728
0.031728
0.031689
0.031689
0.031725
0.031739
0.031717
0.031717
0.031780
0.031816
0.031816
0.031778
0.031757
0.031775
0.031775
0.031775
0.031738
0.031738
0.031738
0.031718
0.031734
0.031774
0.031821
0.031821
0.031798
0.031779
0.031811
0.031811
0.031811
0.031811
0.031827
0.031809
0.031809
0.031809
0.031809
0.031868
0.031868
0.031830
0.031830
0.031881
0.031881
0.031852
0.031852
0.031837
0.031837
0.031837
0.031837
0.031800
0.031845
0.031845
0.031898
0.031898
0.031877
0.031873
0.031873
0.031845
0.031831
0.031849
0.031849
0.031849
0.031849
0.031849
0.031829
0.031867
0.031867
0.031885
0.031885
0.031885
0.031877
0.031877
0.031839
0.031817
0.031817
0.031837
0.031837
0.031874
0.031874
0.031874
0.031874
0.031874
0.031892
0.031884
0.031884
0.031884
0.031884
0.031884
0.031884
0.031877
0.031862
0.031862
0.031862
0.031862
0.031858
0.031846
0.031887
0.031887
0.031887
0.031887
0.031887
0.031887
0.031883
0.031935
0.031928
0.031921
0.031964
0.031964
0.031961
0.031945
0.031945
0.031945
0.031945
0.031945
0.031945
0.031944
0.031977
0.031977
0.032000
0.032000
0.032000
0.032060
0.032105
0.032105
0.032105
0.032105
0.032105
0.032069
0.032071
0.032071
0.032071
0.032069
0.032092
0.032092
0.032023
0.032023
0.032023
0.032023
0.032024
0.032024
0.032029
0.032029
0.032029
0.032002
0.032002
0.032002
0.032034
0.032034
0.032032
0.032032
0.032032
0.032078
0.032078
0.032086
0.032086
0.032086
0.032123
0.032123
0.032123
0.032122
0.032138
0.032138
0.032172
0.032172
0.032191
0.032202
0.032202
0.032235
0.032235
0.032235
0.032276
0.032288
0.032315
0.032315
0.032281
0.032322
0.032335
0.032335
0.032335
0.032369
0.032369
0.032369
0.032383
0.032347
0.032347
0.032311
0.032313
0.032313
0.032303
0.032303
0.032303
0.032323
0.032368
0.032385
0.032385
0.032385
0.032385
0.032385
0.032385
0.032404
0.032432
0.032432
0.032432
0.032432
0.032432
0.032473
0.032473
0.032473
0.032473
0.032473
0.032494
0.032528
0.032493
0.032493
0.032493
0.032523
0.032544
0.032544
0.032544
0.032544
0.032496
0.032519
0.032553
0.032553
0.032553
0.032553
0.032516
0.032581
0.032581
0.032581
0.032581
0.032581
0.032598
0.032598
0.032598
0.032598
0.032572
0.032572
0.032598
0.032598
0.032563
0.032563
0.032563
0.032563
0.032625
0.032625
0.032625
0.032625
0.032625
0.032625
0.032652
0.032652
0.032684
0.032684
0.032684
0.032684
0.032712
0.032712
0.032712
0.032712
0.032712
0.032712
0.032762
0.032762
0.032762
0.032723
0.032723
0.032687
0.032654
0.032685
0.032685
0.032650
0.032650
0.032685
0.032685
0.032685
0.032717
0.032717
0.032717
0.032759
0.032792
0.032792
0.032792
0.032824
0.032824
0.032824
0.032787
0.032787
0.032752
0.032707
0.032683
0.032716
0.032716
0.032716
0.032705
0.032705
0.032739
0.032739
0.032739
0.032772
0.032772
0.032772
0.032737
0.032737
0.032737
0.032704
0.032669
0.032669
0.032704
0.032704
0.032704
0.032671
0.032633
0.032633
0.032668
0.032634
0.032634
0.032634
0.032670
0.032684
0.032684
0.032614
0.032614
0.032614
0.032614
0.032614
0.032614
0.032582
0.032619
0.032640
0.032605
0.032560
0.032560
0.032538
0.032538
0.032505
0.032549
0.032517
0.032517
0.032482
0.032482
0.032542
0.032542
0.032508
0.032544
0.032544
0.032544
0.032514
0.032514
0.032514
0.032480
0.032480
0.032480
0.032448
0.032414
0.032453
0.032458
0.032458
0.032458
0.032435
0.032435
0.032435
0.032435
0.032435
0.032375
0.032341
0.032341
0.032297
0.032322
0.032322
0.032322
0.032322
0.032329
0.032329
0.032363
0.032363
0.032439
0.032369
0.032334
0.032302
0.032276
0.032276
0.032276
0.032276
0.032276
0.032276
0.032276
0.032218
0.032252
0.032252
0.032252
0.032252
0.032252
0.032271
0.032202
0.032136
0.032104
0.032104
0.032104
0.032104
0.032129
0.032140
0.032118
0.032118
0.032118
0.032118
0.032081
0.032081
0.032059
0.032059
0.032028
0.032028
0.032051
0.032051
0.032051
0.031985
0.031985
0.031985
0.031985
0.031985
0.031985
0.031942
0.031942
0.031942
0.031965
0.032001
0.032001
0.031971
0.031951
0.031951
0.031951
0.031914
0.031914
0.031877
0.031877
0.031859
0.031859
0.031859
0.031815
0.031815
0.031750
0.031750
0.031733
0.031733
0.031733
0.031703
0.031703
0.031703
0.031687
0.031687
0.031687
0.031687
0.031666
0.031666
0.031666
0.031674
0.031631
0.031631
0.031594
0.031593
0.031569
0.031552
0.031552
0.031523
0.031523
0.031523
0.031523
0.031547
0.031535
0.031517
0.031517
0.031517
0.031517
0.031517
0.031505
0.031516
0.031516
0.031516
0.031473
0.031473
0.031473
0.031463
0.031463
0.031426
0.031397
0.031397
0.031397
0.031388
0.031388
0.031358
0.031358
0.031358
0.031358
0.031358
0.031351
0.031307
0.031307
0.031332
0.031332
0.031332
0.031326
0.031326
0.031301
0.031301
0.031301
0.031301
0.031297
0.031235
0.031197
0.031222
0.031174
0.031131
0.031131
0.031128
0.031085
0.031085
0.031085
0.031085
0.031085
0.031083
0.031083
0.031083
0.031083
0.031083
0.031083
0.031082
0.031118
0.031118
0.031118
0.031118
0.031118
0.031118
0.031076
0.031076
0.031049
0.031049
0.031011
0.031027
0.031027
0.031053
0.031053
0.031053
0.031053
0.031026
0.031026
0.031000
0.031000
0.031000
0.031000
0.031005
0.030989
0.030989
0.030989
0.030989
0.030989
0.030995
0.030995
0.030995
0.030995
0.030995
0.030995
0.031003
0.031003
0.031003
0.031003
0.031003
0.030938
0.030905
0.030864
0.030864
0.030845
0.030845
0.030845
0.030855
0.030855
0.030855
0.030855
0.030855
0.030855
0.030866
0.030910
0.030957
0.030957
0.030957
0.030969
0.031003
0.031003
