2.283351
2.148853
2.029810
1.954544
1.919645
1.908538
1.906994
1.907633
1.908531
1.909216
1.909596
1.909780
1.909020
1.907461
1.905309
1.902757
1.899938
1.896560
1.892853
1.889058
1.885158
1.881377
1.877227
1.873079
1.869044
1.864619
1.860783
1.856679
1.852321
1.847922
1.844052
1.839329
1.834667
1.830256
1.825997
1.821809
1.817263
1.812954
1.808820
1.804123
1.799105
1.793913
1.789413
1.785030
1.780904
1.776745
1.772669
1.768269
1.764226
1.759931
1.755679
1.751653
1.748059
1.744123
1.739923
1.735260
1.730965
1.727172
1.722994
1.718522
1.714117
1.709816
1.705780
1.702173
1.698388
1.694294
1.689865
1.686086
1.681971
1.677899
1.673755
1.670001
1.666496
1.662446
1.658670
1.654721
1.650776
1.646652
1.642733
1.638712
1.634922
1.630907
1.626960
1.622529
1.618398
1.614211
1.609753
1.605354
1.601124
1.596675
1.592049
1.587351
1.582928
1.578237
1.573540
1.569079
1.564562
1.559992
1.555418
1.550783
1.546172
1.541701
1.537196
1.532687
1.528087
1.523571
1.519038
1.514672
1.510708
1.507042
1.503735
1.500562
1.497648
1.495154
1.492455
1.489430
1.485930
1.482037
1.477984
1.473583
1.469495
1.465228
1.461207
1.457318
1.453291
1.449321
1.445557
1.441397
1.437463
1.433850
1.430254
1.426719
1.423003
1.419317
1.416215
1.412954
1.409666
1.406239
1.403199
1.400348
1.397389
1.395090
1.392669
1.390233
1.387798
1.385417
1.382630
1.379536
1.376154
1.372451
1.369077
1.365467
1.362028
1.359027
1.355604
1.351977
1.348787
1.345777
1.342545
1.338814
1.335525
1.332470
1.329314
1.326031
1.322544
1.319368
1.316368
1.313483
1.310241
1.307089
1.303975
1.300658
1.297700
1.295021
1.291903
1.288923
1.285817
1.283079
1.280454
1.277710
1.274708
1.271730
1.268616
1.265678
1.263062
1.260264
1.257395
1.254445
1.251754
1.248880
1.246070
1.243332
1.239848
1.237022
1.234086
1.231425
1.228687
1.226194
1.223291
1.220852
1.218358
1.215813
1.212908
1.210288
1.207525
1.204771
1.202199
1.199811
1.197602
1.195679
1.192942
1.190214
1.187288
1.184661
1.181846
1.178987
1.176063
1.173243
1.170436
1.167143
1.164306
1.161324
1.159096
1.156213
1.153020
1.149909
1.146760
1.143668
1.140930
1.138254
1.135576
1.132330
1.129110
1.125922
1.122705
1.119857
1.116931
1.114227
1.111132
1.107858
1.104486
1.101578
1.098688
1.095897
1.093121
1.090417
1.087141
1.083844
1.080509
1.077405
1.074384
1.071821
1.069126
1.066147
1.062768
1.059529
1.056433
1.053597
1.050974
1.048369
1.045479
1.042248
1.039218
1.036207
1.033302
1.030724
1.028202
1.025263
1.022367
1.019297
1.016428
1.014073
1.012532
1.010984
1.010207
1.010416
1.009990
1.009777
1.010042
1.010445
1.009698
1.008152
1.005863
1.003513
1.000846
0.997859
0.994760
0.992044
0.989376
0.986348
0.983203
0.980168
0.977199
0.973654
0.970601
0.967760
0.964304
0.961557
0.958566
0.955784
0.952577
0.949509
0.946509
0.943475
0.940470
0.937604
0.934564
0.931620
0.928758
0.925845
0.922812
0.919807
0.917049
0.914451
0.911652
0.908645
0.905786
0.903094
0.900905
0.899479
0.898529
0.898917
0.900377
0.902406
0.904190
0.905829
0.905709
0.904283
0.901927
0.899230
0.895889
0.892739
0.889571
0.886595
0.883664
0.880842
0.878040
0.875099
0.872368
0.869384
0.866281
0.863405
0.860464
0.857562
0.854736
0.851982
0.849164
0.846402
0.843604
0.841103
0.838307
0.835631
0.833295
0.832008
0.831218
0.831093
0.831436
0.832150
0.833364
0.834611
0.835543
0.836414
0.836638
0.835686
0.834262
0.832657
0.830503
0.828234
0.825682
0.823365
0.821115
0.818877
0.817036
0.815277
0.813594
0.812134
0.810621
0.809044
0.807734
0.806207
0.804424
0.802693
0.800515
0.798820
0.797507
0.796681
0.797029
0.798583
0.800465
0.802521
0.804956
0.807714
0.810470
0.812390
0.812815
0.812142
0.810734
0.808749
0.806467
0.804191
0.801609
0.799185
0.797256
0.795083
0.793000
0.791135
0.789325
0.787409
0.785614
0.783418
0.781253
0.779162
0.776881
0.774625
0.772346
0.770195
0.768046
0.766082
0.763927
0.761962
0.759967
0.758002
0.756363
0.755148
0.753837
0.752639
0.751994
0.751905
0.752128
0.752719
0.753812
0.754898
0.755616
0.755982
0.756333
0.755884
0.754554
0.753009
0.751137
0.749188
0.746962
0.744732
0.742520
0.740411
0.738060
0.735846
0.733468
0.731532
0.729917
0.728340
0.726870
0.725529
0.724581
0.723405
0.722176
0.721436
0.720846
0.720005
0.719525
0.719429
0.719358
0.719442
0.719312
0.719284
0.718465
0.716837
0.714942
0.712931
0.710523
0.708177
0.705788
0.703493
0.701842
0.700176
0.698588
0.697109
0.695657
0.694462
0.693027
0.691550
0.690062
0.688287
0.686191
0.683844
0.681568
0.679415
0.677037
0.674754
0.672482
0.670931
0.669792
0.669047
0.668461
0.668021
0.667995
0.669226
0.670968
0.673034
0.674407
0.675060
0.675258
0.674751
0.673602
0.671927
0.669954
0.668073
0.665848
0.663587
0.661542
0.659297
0.657227
0.655138
0.653168
0.651104
0.648949
0.646732
0.644719
0.642497
0.640402
0.638447
0.636392
0.634252
0.632152
0.630142
0.628082
0.625818
0.623647
0.621830
0.620132
0.618657
0.617181
0.615807
0.614521
0.613124
0.611934
0.610853
0.609318
0.607365
0.605923
0.604665
0.603351
0.602281
0.601304
0.600185
0.599085
0.598211
0.597209
0.595714
0.593860
0.592039
0.589690
0.587104
0.584445
0.581716
0.578665
0.575850
0.573586
0.571760
0.570614
0.569916
0.569293
0.568386
0.568440
0.569288
0.569920
0.571357
0.573005
0.574126
0.574184
0.573330
0.572211
0.570455
0.568961
0.567623
0.566363
0.564928
0.563747
0.562447
0.561057
0.559496
0.558391
0.557441
0.556422
0.555368
0.555257
0.554406
0.553423
0.552553
0.551441
0.550303
0.548903
0.547295
0.545849
0.544253
0.542653
0.541440
0.540092
0.538688
0.537395
0.536176
0.534711
0.533395
0.531976
0.530550
0.529154
0.527506
0.525975
0.524550
0.523094
0.521730
0.520128
0.518736
0.517309
0.515792
0.514431
0.513148
0.511847
0.510438
0.509296
0.507957
0.506557
0.505171
0.503737
0.502193
0.500792
0.499134
0.497613
0.495921
0.494240
0.492614
0.490961
0.489343
0.487658
0.486239
0.484535
0.482960
0.481122
0.479541
0.477693
0.475950
0.474414
0.472626
0.470965
0.469128
0.467358
0.465631
0.463961
0.462487
0.460758
0.458903
0.456951
0.455094
0.453219
0.451379
0.449421
0.447721
0.445942
0.443971
0.442264
0.440393
0.438508
0.436721
0.434808
0.432797
0.430950
0.429098
0.427102
0.425245
0.423430
0.421410
0.419608
0.417676
0.415791
0.413833
0.411931
0.410145
0.408272
0.406364
0.404528
0.402656
0.400685
0.398705
0.396915
0.395190
0.393332
0.391421
0.389630
0.387749
0.385788
0.384086
0.382202
0.380306
0.378470
0.376710
0.374940
0.373201
0.371489
0.369798
0.368090
0.366547
0.364830
0.363390
0.361762
0.360134
0.358551
0.356999
0.355379
0.353834
0.352177
0.350599
0.349111
0.347694
0.346170
0.344831
0.343312
0.341976
0.340691
0.339396
0.337970
0.336659
0.335470
0.334193
0.332864
0.331522
0.330263
0.328868
0.327724
0.326396
0.325169
0.323772
0.322726
0.321481
0.320301
0.319059
0.317909
0.316682
0.315516
0.314183
0.313040
0.311906
0.310675
0.309585
0.308301
0.307071
0.305965
0.304636
0.303371
0.302221
0.300993
0.299847
0.298506
0.297286
0.296003
0.294751
0.293448
0.292039
0.290791
0.289489
0.288222
0.286829
0.285460
0.284031
0.282709
0.281333
0.279918
0.278453
0.277061
0.275596
0.274041
0.272502
0.271004
0.269426
0.267820
0.266335
0.264675
0.263042
0.261369
0.259789
0.258045
0.256356
0.254485
0.252868
0.251188
0.249478
0.247756
0.245835
0.244002
0.242379
0.240402
0.238537
0.236666
0.234790
0.232905
0.230958
0.229147
0.227213
0.225366
0.223483
0.221690
0.219765
0.217910
0.215834
0.213831
0.211818
0.209888
0.208032
0.205999
0.203995
0.201977
0.199981
0.197996
0.196102
0.194219
0.192230
0.190346
0.188532
0.186590
0.184761
0.182936
0.181120
0.179246
0.177535
0.175843
0.173923
0.172221
0.170517
0.168823
0.167035
0.165437
0.163757
0.162142
0.160587
0.159072
0.157577
0.156074
0.154773
0.153388
0.152018
0.150570
0.149135
0.147689
0.146419
0.145101
0.143755
0.142514
0.141263
0.140076
0.138945
0.137857
0.136613
0.135574
0.134484
0.133415
0.132248
0.131234
0.130225
0.129211
0.128082
0.127071
0.126229
0.125234
0.124351
0.123419
0.122580
0.121841
0.120974
0.120196
0.119395
0.118630
0.117768
0.117005
0.116276
0.115486
0.114806
0.114016
0.113379
0.112754
0.112025
0.111329
0.110584
0.110096
0.109344
0.108691
0.107975
0.107601
0.106842
0.106232
0.105732
0.105033
0.104482
0.103882
0.103312
0.102788
0.102203
0.101659
0.101020
0.100616
0.100051
0.099415
0.098910
0.098464
0.097954
0.097411
0.096866
0.096395
0.096003
0.095517
0.094931
0.094495
0.094007
0.093571
0.093095
0.092572
0.092101
0.091604
0.091131
0.090762
0.090262
0.089886
0.089452
0.088962
0.088494
0.088110
0.087649
0.087304
0.086764
0.086317
0.085828
0.085599
0.085112
0.084630
0.084239
0.083935
0.083425
0.082968
0.082656
0.082252
0.081847
0.081525
0.081129
0.080652
0.080276
0.079845
0.079461
0.079171
0.078712
0.078486
0.078046
0.077704
0.077336
0.077001
0.076840
0.076317
0.075986
0.075670
0.075318
0.075109
0.074604
0.074249
0.073918
0.073636
0.073244
0.073019
0.072680
0.072343
0.072046
0.071652
0.071445
0.071110
0.070813
0.070628
0.070214
0.070036
0.069603
0.069372
0.068983
0.068693
0.068486
0.068153
0.067866
0.067572
0.067263
0.066938
0.066709
0.066393
0.066161
0.065946
0.065546
0.065310
0.065026
0.064805
0.064500
0.064157
0.063981
0.063777
0.063388
0.063210
0.062886
0.062684
0.062358
0.062234
0.061994
0.061719
0.061392
0.061211
0.060986
0.060716
0.060491
0.060171
0.059945
0.059713
0.059475
0.059261
0.059024
0.058841
0.058577
0.058455
0.058183
0.057951
0.057765
0.057486
0.057290
0.056946
0.056788
0.056565
0.056449
0.056188
0.055925
0.055704
0.055542
0.055318
0.055171
0.054907
0.054750
0.054530
0.054354
0.054138
0.053972
0.053633
0.053471
0.053273
0.053111
0.052884
0.052724
0.052487
0.052291
0.052207
0.052017
0.051797
0.051578
0.051405
0.051183
0.051063
0.050925
0.050773
0.050599
0.050383
0.050234
0.050081
0.049817
0.049782
0.049605
0.049349
0.049188
0.048987
0.048899
0.048766
0.048554
0.048507
0.048333
0.048221
0.047972
0.047837
0.047733
0.047519
0.047394
0.047202
0.047015
0.046911
0.046809
0.046584
0.046453
0.046346
0.046215
0.046060
0.046017
0.045825
0.045625
0.045514
0.045413
0.045301
0.045144
0.045053
0.044957
0.044839
0.044723
0.044526
0.044375
0.044375
0.044216
0.044113
0.044030
0.043866
0.043779
0.043725
0.043562
0.043492
0.043319
0.043249
0.043094
0.043027
0.042945
0.042886
0.042733
0.042539
0.042454
0.042248
0.042218
0.042108
0.042041
0.041997
0.041780
0.041713
0.041657
0.041554
0.041446
0.041368
0.041368
0.041169
0.041020
0.040952
0.040945
0.040829
0.040688
0.040670
0.040624
0.040501
0.040394
0.040299
0.040126
0.040160
0.040063
0.039906
0.039906
0.039906
0.039761
0.039693
0.039586
0.039494
0.039383
0.039383
0.039278
0.039226
0.039096
0.039011
0.038995
0.038991
0.038919
0.038845
0.038845
0.038704
0.038650
0.038543
0.038447
0.038447
0.038405
0.038377
0.038292
0.038210
0.038174
0.038160
0.038052
0.037967
0.037953
0.037819
0.037819
0.037755
0.037673
0.037665
0.037587
0.037581
0.037503
0.037446
0.037329
0.037329
0.037328
0.037292
0.037224
0.037189
0.037094
0.037059
0.037017
0.036981
0.036947
0.036898
0.036899
0.036861
0.036755
0.036744
0.036710
0.036710
0.036667
0.036550
0.036531
0.036497
0.036413
0.036384
0.036371
0.036335
0.036320
0.036282
0.036214
0.036214
0.036251
0.036250
0.036170
0.036091
0.036050
0.036017
0.035979
0.035900
0.035894
0.035894
0.035882
0.035920
0.035884
0.035823
0.035737
0.035713
0.035675
0.035678
0.035638
0.035638
0.035605
0.035576
0.035576
0.035544
0.035512
0.035480
0.035403
0.035403
0.035403
0.035371
0.035257
0.035257
0.035257
0.035257
0.035226
0.035226
0.035160
0.035099
0.035059
0.034983
0.034983
0.034992
0.035020
0.034988
0.034988
0.034988
0.034988
0.034958
0.034957
0.034925
0.034898
0.034838
0.034800
0.034770
0.034735
0.034653
0.034653
0.034593
0.034553
0.034553
0.034554
0.034552
0.034511
0.034485
0.034485
0.034424
0.034424
0.034430
0.034400
0.034373
0.034333
0.034276
0.034276
0.034276
0.034276
0.034276
0.034276
0.034242
0.034152
0.034152
0.034082
0.034082
0.034058
0.034058
0.034058
0.033982
0.033953
0.033912
0.033912
0.033912
0.033884
0.033846
0.033853
0.033853
0.033828
0.033767
0.033767
0.033738
0.033738
0.033738
0.033710
0.033640
0.033597
0.033606
0.033577
0.033577
0.033577
0.033536
0.033502
0.033468
0.033394
0.033371
0.033343
0.033290
0.033301
0.033301
0.033231
0.033231
0.033190
0.033190
0.033162
0.033162
0.033162
0.033200
0.033199
0.033050
0.033063
0.033063
0.033035
0.033035
0.032972
0.032944
0.032916
0.032872
0.032872
0.032831
0.032797
0.032769
0.032785
0.032785
0.032758
0.032716
0.032716
0.032750
0.032750
0.032680
0.032638
0.032611
0.032577
0.032577
0.032530
0.032488
0.032467
0.032467
0.032467
0.032398
0.032364
0.032323
0.032295
0.032295
0.032295
0.032295
0.032295
0.032254
0.032200
0.032200
0.032200
0.032200
0.032161
0.032161
0.032161
0.032135
0.032103
0.032103
0.032057
0.032057
0.032016
0.032016
0.032016
0.031966
0.031829
0.031829
0.031829
0.031829
0.031829
0.031829
0.031772
0.031794
0.031769
0.031742
0.031742
0.031742
0.031742
0.031700
0.031700
0.031700
0.031700
0.031636
0.031600
0.031559
0.031559
0.031559
0.031559
0.031559
0.031546
0.031546
0.031504
0.031480
0.031480
0.031453
0.031453
0.031477
0.031436
0.031394
0.031394
0.031394
0.031370
0.031332
0.031332
0.031332
0.031332
0.031263
0.031263
0.031263
0.031253
0.031212
0.031189
0.031189
0.031189
0.031147
0.031147
0.031107
0.031107
0.031107
0.031079
0.031079
0.031079
0.031019
0.030978
0.030978
0.030978
0.030978
0.030978
0.030978
0.030970
0.030929
0.030957
0.030957
0.030893
0.030893
0.030866
0.030866
0.030866
0.030833
0.030833
0.030833
0.030833
0.030833
0.030776
0.030734
0.030777
0.030777
0.030743
0.030743
0.030743
0.030743
0.030738
0.030738
0.030738
0.030724
0.030661
0.030620
0.030620
0.030620
0.030620
0.030620
0.030620
0.030620
0.030587
0.030587
0.030587
0.030547
0.030509
0.030488
0.030447
0.030447
0.030447
0.030447
0.030447
0.030447
0.030447
0.030445
0.030445
0.030445
0.030418
0.030418
0.030397
0.030397
0.030397
0.030397
0.030323
0.030323
0.030323
0.030323
0.030323
0.030281
0.030281
0.030275
0.030275
0.030255
0.030255
0.030255
0.030247
0.030247
0.030247
0.030247
0.030247
0.030247
0.030205
0.030180
0.030180
0.030180
0.030140
0.030109
0.030051
0.030051
0.030051
0.030051
0.030051
0.030051
0.030051
0.030051
0.030051
0.030051
0.030051
0.030051
0.030051
0.030051
0.030051
0.030051
0.030031
0.030031
0.030031
0.030031
0.030031
0.029990
0.029990
0.029961
0.029961
0.029961
0.029961
0.029966
0.029966
0.029990
0.029990
0.029990
0.029990
0.029990
0.029990
0.029990
0.029990
0.029990
0.029963
0.029944
0.029944
0.029944
0.029944
0.029944
0.029944
0.029944
0.029944
0.029944
0.029944
0.029930
0.029930
0.029930
0.029861
0.029861
0.029861
0.029815
0.029815
0.029815
0.029815
0.029778
0.029750
0.029750
0.029785
0.029785
0.029785
0.029776
0.029776
0.029776
0.029730
0.029730
0.029730
0.029730
0.029730
0.029730
0.029730
0.029776
0.029776
0.029776
0.029776
0.029776
0.029776
0.029730
0.029730
0.029730
0.029730
0.029730
0.029730
0.029730
0.029703
0.029661
0.029661
0.029661
0.029661
0.029637
0.029637
0.029637
0.029619
0.029619
0.029619
0.029662
0.029662
0.029662
0.029662
0.029662
0.029662
0.029675
0.029675
0.029675
0.029675
0.029642
0.029642
0.029654
0.029654
0.029654
0.029654
0.029654
0.029654
0.029654
0.029654
0.029654
0.029654
0.029654
0.029654
0.029654
0.029654
0.029654
0.029654
0.029654
0.029654
0.029654
0.029654
0.029654
0.029654
0.029654
0.029654
0.029620
0.029620
0.029620
0.029620
0.029602
0.029602
0.029602
0.029602
0.029602
0.029602
0.029580
0.029580
0.029580
0.029580
0.029580
0.029580
0.029580
0.029538
0.029538
0.029496
0.029496
0.029496
0.029496
0.029496
0.029496
0.029496
0.029496
0.029496
0.029496
0.029496
0.029496
0.029496
0.029468
0.029468
0.029485
0.029485
0.029485
0.029485
0.029485
0.029485
0.029485
0.029485
0.029485
0.029485
0.029485
0.029485
0.029485
0.029485
0.029485
0.029485
0.029485
0.029485
0.029485
0.029485
0.029485
0.029485
0.029485
0.029465
0.029465
0.029465
0.029465
0.029465
0.029465
0.029465
0.029465
0.029465
0.029465
0.029465
0.029465
0.029465
0.029465
0.029465
0.029465
0.029448
0.029448
0.029448
0.029434
0.029434
0.029434
0.029434
0.029397
0.029397
0.029397
0.029397
0.029397
0.029397
0.029397
0.029397
0.029397
0.029397
0.029397
0.029364
0.029364
0.029364
0.029364
0.029364
0.029407
0.029407
0.029366
0.029347
0.029361
0.029361
0.029361
0.029361
0.029329
0.029293
0.029293
0.029293
0.029293
0.029314
0.029314
0.029314
0.029314
0.029314
0.029314
0.029314
0.029314
0.029314
0.029314
0.029314
0.029314
0.029314
0.029314
0.029314
0.029314
0.029314
0.029314
0.029314
0.029314
0.029287
0.029287
0.029287
0.029287
0.029287
0.029287
0.029287
0.029287
0.029271
0.029298
0.029298
0.029298
0.029271
0.029271
0.029271
0.029271
0.029271
0.029271
0.029271
0.029271
0.029271
0.029271
0.029271
0.029271
0.029271
0.029271
0.029271
0.029271
0.029224
0.029224
0.029224
0.029224
0.029224
0.029182
0.029228
0.029228
0.029228
0.029228
0.029228
0.029228
0.029228
0.029228
0.029182
0.029182
0.029168
0.029168
0.029168
0.029168
0.029136
0.029183
0.029183
0.029183
0.029183
0.029183
0.029183
0.029136
0.029136
0.029119
0.029119
0.029119
0.029119
0.029119
0.029119
0.029136
0.029183
0.029183
0.029183
0.029183
0.029145
0.029136
0.029119
0.029119
0.029119
0.029119
0.029119
0.029119
0.029119
0.029119
0.029072
0.029072
0.029072
0.029072
0.029030
0.029030
0.029030
0.029030
0.029082
0.029082
0.029082
0.029082
0.029125
0.029125
0.029125
0.029083
0.029083
0.029083
0.029083
0.029096
0.029096
0.029096
0.029096
0.029106
0.029106
0.029106
0.029106
0.029106
0.029106
0.029106
0.029106
0.029106
0.029106
0.029099
0.029099
0.029099
0.029099
0.029099
0.029099
0.029099
0.029141
0.029141
0.029141
0.029141
0.029141
0.029141
0.029141
0.029141
0.029141
0.029141
0.029113
0.029113
0.029113
0.029113
0.029113
0.029113
0.029113
0.029113
0.029113
0.029113
0.029113
0.029113
0.029113
0.029113
0.029081
0.029076
0.029076
0.029076
0.029050
0.029050
0.029076
0.029076
0.029076
0.029076
0.029076
0.029076
0.029076
0.029076
0.029076
0.029076
0.029076
0.029050
0.029050
0.029050
0.029050
0.029050
0.029050
0.029050
0.029050
0.029050
0.029050
0.029050
0.029076
0.029076
0.029007
0.029007
0.028967
0.028929
0.028929
0.028929
0.028929
0.028929
0.028929
0.028929
0.028929
0.028929
0.028929
0.028929
0.028929
0.028929
0.028929
0.028929
0.028929
0.028929
0.028929
0.028929
0.028929
0.028929
0.028929
0.028929
0.028929
0.028929
0.028929
0.028929
0.028929
0.028929
0.028929
0.028929
0.028929
0.028929
0.028929
0.028929
0.028929
0.028929
0.028972
0.028972
0.028976
0.028976
0.028976
0.028976
0.028976
0.028976
0.028976
0.028976
0.028976
0.028976
0.028934
0.028934
0.028934
0.028934
0.028934
0.028934
0.028934
0.028934
0.028934
0.028934
0.028934
0.028930
0.028930
0.028930
0.028930
0.028930
0.028930
0.028898
0.028898
0.028898
0.028898
0.028898
0.028898
0.028958
0.028958
0.028958
0.028958
0.028958
0.028958
0.028958
0.028925
0.028925
0.028925
0.028925
0.028925
0.028925
0.028925
0.028925
0.028925
0.028925
0.028925
0.028925
0.028925
0.028925
0.028925
0.028925
0.028925
0.028888
0.028888
0.028888
0.028888
0.028888
0.028888
0.028888
0.028888
0.028888
0.028888
0.028888
0.028888
0.028888
0.028888
0.028888
0.028888
0.028888
0.028888
0.028888
0.028888
0.028888
0.028888
0.028888
0.028888
0.028888
0.028888
0.028888
0.028888
0.028888
0.028888
0.028888
0.028888
0.028888
0.028888
0.028888
0.028888
0.028888
0.028845
0.028845
0.028845
0.028845
0.028845
0.028845
0.028845
0.028845
0.028845
0.028845
0.028845
0.028845
0.028845
0.028845
0.028845
0.028845
0.028845
0.028845
0.028845
0.028845
0.028845
0.028845
0.028845
0.028845
0.028845
0.028888
0.028888
0.028888
0.028861
0.028861
0.028861
0.028861
0.028861
0.028861
0.028861
0.028888
0.028888
0.028888
0.028888
0.028888
0.028888
0.028888
0.028861
0.028861
0.028861
0.028861
0.028861
0.028861
0.028861
0.028861
0.028861
0.028861
0.028861
0.028861
0.028861
0.028861
0.028861
0.028861
0.028861
0.028861
0.028861
0.028861
0.028824
0.028824
0.028824
0.028824
0.028861
0.028861
0.028861
0.028861
0.028861
0.028861
0.028861
0.028861
0.028861
0.028782
0.028782
0.028782
0.028782
0.028782
0.028782
0.028782
0.028782
0.028782
0.028782
0.028782
0.028782
0.028782
0.028782
0.028766
0.028758
0.028758
0.028758
0.028758
0.028758
0.028758
0.028758
0.028758
0.028758
0.028758
0.028758
0.028742
0.028742
0.028742
0.028758
0.028758
0.028758
0.028758
0.028758
0.028758
0.028758
0.028758
0.028758
0.028758
0.028742
0.028742
0.028742
0.028742
0.028742
0.028758
0.028758
0.028758
0.028758
0.028758
0.028758
0.028758
0.028758
0.028742
0.028742
0.028742
0.028742
0.028742
0.028742
0.028758
0.028758
0.028758
0.028716
0.028716
0.028716
0.028716
0.028716
0.028700
0.028667
0.028667
0.028667
0.028710
0.028742
0.028758
0.028758
0.028758
0.028758
0.028758
0.028758
0.028758
0.028742
0.028742
0.028710
0.028710
0.028710
0.028710
0.028710
0.028726
0.028758
0.028758
0.028758
0.028758
0.028758
0.028758
0.028742
0.028742
0.028742
0.028742
0.028683
0.028683
0.028683
0.028699
0.028699
0.028699
0.028699
0.028758
0.028758
0.028758
0.028742
0.028742
0.028742
0.028716
0.028716
0.028683
0.028683
0.028646
0.028662
0.028662
0.028662
0.028662
0.028662
0.028732
0.028716
0.028716
0.028716
0.028716
0.028716
0.028716
0.028679
0.028646
0.028662
0.028662
0.028662
0.028662
0.028662
0.028662
0.028646
0.028679
0.028679
0.028679
0.028679
0.028679
0.028679
0.028679
0.028695
0.028662
0.028662
0.028662
0.028662
0.028662
0.028646
0.028646
0.028646
0.028679
0.028679
0.028679
0.028679
0.028679
0.028695
0.028695
0.028695
0.028620
0.028620
0.028604
0.028604
0.028604
0.028604
0.028604
0.028604
0.028637
0.028637
0.028637
0.028679
0.028695
0.028653
0.028653
0.028684
0.028635
0.028635
0.028635
0.028635
0.028635
0.028635
0.028635
0.028635
0.028668
0.028668
0.028668
0.028684
0.028684
0.028684
0.028668
0.028668
0.028635
0.028635
0.028635
0.028635
0.028635
0.028635
0.028635
0.028635
0.028668
0.028668
0.028684
0.028684
0.028668
0.028668
0.028668
0.028668
0.028635
0.028635
0.028609
0.028609
0.028609
0.028609
0.028609
0.028609
0.028684
0.028684
0.028668
0.028668
0.028668
0.028668
0.028642
0.028642
0.028609
0.028609
0.028609
0.028609
0.028609
0.028609
0.028609
0.028625
0.028642
0.028642
0.028642
0.028642
0.028642
0.028642
0.028642
0.028642
0.028609
0.028609
0.028609
0.028609
0.028609
0.028609
0.028609
0.028609
0.028642
0.028642
0.028642
0.028642
0.028642
0.028642
0.028642
0.028642
0.028642
0.028572
0.028572
0.028572
0.028572
0.028572
0.028572
0.028606
0.028642
0.028642
0.028642
0.028642
0.028642
0.028642
0.028642
0.028642
0.028606
0.028572
0.028572
0.028572
0.028572
0.028572
0.028572
0.028606
0.028606
0.028606
0.028642
0.028642
0.028642
0.028606
0.028606
0.028606
0.028606
0.028606
0.028572
0.028572
0.028572
0.028572
0.028572
0.028606
0.028606
0.028606
0.028606
0.028606
0.028606
0.028606
0.028606
0.028606
0.028606
0.028606
0.028606
0.028606
0.028572
0.028572
0.028606
0.028606
0.028606
0.028606
0.028606
0.028606
