1.456285
1.280296
1.115126
0.999315
0.934915
0.907606
0.899716
0.900241
0.900572
0.899826
0.898509
0.897376
0.896626
0.896001
0.895881
0.896339
0.896879
0.896912
0.896701
0.896320
0.895739
0.894973
0.894220
0.893398
0.892351
0.891138
0.890120
0.888709
0.887618
0.886556
0.885181
0.884030
0.883032
0.882108
0.881217
0.880315
0.879476
0.878622
0.877819
0.877023
0.876129
0.875259
0.874172
0.873344
0.872209
0.871071
0.870070
0.868935
0.867783
0.866556
0.865518
0.864375
0.863328
0.862039
0.860917
0.859851
0.858904
0.857778
0.856929
0.855972
0.854957
0.853833
0.852888
0.851814
0.850806
0.849755
0.848752
0.847675
0.846634
0.845251
0.844240
0.843153
0.841770
0.840607
0.839352
0.838055
0.836815
0.835623
0.834504
0.833210
0.832146
0.830953
0.829528
0.828295
0.826849
0.825634
0.824265
0.822966
0.821671
0.820517
0.819227
0.817967
0.816791
0.815611
0.814239
0.812797
0.811538
0.810163
0.808790
0.807436
0.806092
0.804676
0.803120
0.801346
0.799785
0.798203
0.796534
0.794908
0.793194
0.791295
0.789603
0.787775
0.786248
0.784648
0.783360
0.781787
0.780448
0.779011
0.777712
0.776281
0.775084
0.773800
0.772389
0.771094
0.769915
0.768633
0.767473
0.766324
0.765073
0.763961
0.762772
0.761545
0.760404
0.759272
0.758293
0.756933
0.755652
0.754565
0.753392
0.752389
0.751114
0.750111
0.748952
0.747973
0.746870
0.745786
0.744757
0.743744
0.742452
0.741681
0.740446
0.739429
0.738406
0.737010
0.736282
0.734918
0.733797
0.732864
0.731574
0.730219
0.728745
0.727270
0.725729
0.724749
0.723863
0.722421
0.721251
0.720301
0.719335
0.718123
0.716951
0.715923
0.715041
0.713385
0.711652
0.710320
0.709083
0.707579
0.705776
0.703957
0.702549
0.701391
0.700068
0.698117
0.696787
0.695556
0.694061
0.692455
0.690803
0.689517
0.688461
0.686486
0.684729
0.683357
0.681789
0.680567
0.679110
0.677182
0.675432
0.673978
0.672357
0.670331
0.668269
0.666604
0.664778
0.662606
0.660497
0.658372
0.656359
0.654079
0.651659
0.648964
0.646956
0.644907
0.642546
0.639826
0.637521
0.635411
0.633333
0.630840
0.628261
0.625759
0.623539
0.621402
0.618946
0.616164
0.613625
0.611093
0.609122
0.606611
0.603826
0.601325
0.598990
0.596877
0.594042
0.591331
0.588719
0.586283
0.583780
0.581127
0.578481
0.575921
0.573283
0.570561
0.567881
0.565339
0.562672
0.560196
0.557573
0.554954
0.552307
0.549726
0.547185
0.544529
0.542118
0.539545
0.537021
0.534351
0.531760
0.529143
0.526717
0.524241
0.521561
0.518857
0.516223
0.513573
0.510955
0.508346
0.505853
0.502900
0.500483
0.497671
0.495142
0.492822
0.490445
0.488240
0.486104
0.484053
0.481641
0.479265
0.476950
0.474648
0.472506
0.470249
0.467850
0.465628
0.463586
0.461207
0.458982
0.456865
0.454730
0.452686
0.450370
0.448445
0.446574
0.444442
0.442322
0.440335
0.438316
0.436250
0.434251
0.432247
0.430243
0.428415
0.426444
0.424850
0.423018
0.421341
0.419803
0.418271
0.416506
0.414934
0.413509
0.411907
0.410127
0.408388
0.406580
0.404523
0.402659
0.400855
0.398865
0.396854
0.395024
0.393172
0.391303
0.389505
0.387417
0.385526
0.383642
0.381794
0.379870
0.378211
0.376233
0.374299
0.372424
0.370588
0.368872
0.366714
0.364820
0.362862
0.360890
0.358746
0.356681
0.354315
0.352154
0.349830
0.347777
0.345598
0.343391
0.341313
0.339203
0.337065
0.334841
0.332758
0.330555
0.328369
0.326054
0.324108
0.321897
0.319763
0.317543
0.315447
0.313335
0.311138
0.309022
0.306897
0.304766
0.302764
0.300540
0.298614
0.296865
0.294789
0.292760
0.290716
0.288739
0.286542
0.284559
0.282455
0.280227
0.278218
0.276240
0.274160
0.272136
0.270222
0.268291
0.266523
0.264576
0.262636
0.260739
0.258615
0.256681
0.254848
0.252918
0.251236
0.249466
0.247537
0.245610
0.243842
0.241973
0.240189
0.238274
0.236530
0.234714
0.232894
0.231329
0.229504
0.227742
0.226009
0.224135
0.222478
0.220821
0.219063
0.217486
0.215642
0.213970
0.212396
0.210582
0.208922
0.207281
0.205925
0.204301
0.202775
0.201204
0.199736
0.198045
0.196683
0.195302
0.193634
0.192317
0.190868
0.189402
0.187936
0.186672
0.185420
0.183978
0.182596
0.181195
0.179923
0.178779
0.177362
0.176093
0.174830
0.173640
0.172331
0.171170
0.169980
0.168925
0.167923
0.167032
0.165810
0.164741
0.163514
0.162425
0.161353
0.160295
0.159224
0.158124
0.157005
0.156043
0.155000
0.154000
0.153103
0.152115
0.151045
0.149909
0.149112
0.148161
0.147123
0.146225
0.145294
0.144354
0.143468
0.142557
0.141592
0.140702
0.139765
0.138934
0.137972
0.137336
0.136671
0.135883
0.135025
0.134145
0.133293
0.132482
0.131659
0.130716
0.129889
0.129077
0.128207
0.127378
0.126633
0.125692
0.124887
0.124148
0.123253
0.122434
0.121553
0.120813
0.120114
0.119339
0.118419
0.117593
0.116695
0.115908
0.115145
0.114418
0.113535
0.112737
0.111962
0.111329
0.110604
0.109773
0.108877
0.108182
0.107379
0.106586
0.105723
0.104900
0.104156
0.103286
0.102438
0.101686
0.100822
0.099920
0.099048
0.098320
0.097573
0.096774
0.096034
0.095112
0.094297
0.093651
0.092776
0.091935
0.091133
0.090387
0.089554
0.088769
0.088010
0.087211
0.086655
0.085762
0.085196
0.084577
0.083887
0.083300
0.082549
0.081822
0.081115
0.080289
0.079616
0.079103
0.078332
0.077660
0.077036
0.076367
0.075772
0.075108
0.074536
0.073875
0.073317
0.072751
0.072102
0.071574
0.070874
0.070273
0.069711
0.069195
0.068741
0.068141
0.067667
0.067118
0.066508
0.066147
0.065507
0.065072
0.064617
0.064230
0.063750
0.063284
0.062801
0.062290
0.061907
0.061464
0.060908
0.060407
0.060082
0.059619
0.059209
0.058823
0.058380
0.058040
0.057535
0.057153
0.056727
0.056525
0.056008
0.055658
0.055466
0.055040
0.054603
0.054292
0.054039
0.053631
0.053327
0.053167
0.052853
0.052493
0.052232
0.051967
0.051779
0.051392
0.051219
0.050981
0.050627
0.050356
0.050151
0.049779
0.049625
0.049403
0.049233
0.048883
0.048634
0.048376
0.048259
0.048128
0.047850
0.047683
0.047360
0.047125
0.047023
0.046705
0.046551
0.046410
0.046097
0.045977
0.045806
0.045666
0.045448
0.045332
0.045116
0.044871
0.044722
0.044565
0.044343
0.044020
0.043868
0.043782
0.043567
0.043378
0.043221
0.043022
0.042990
0.042763
0.042645
0.042345
0.042336
0.042115
0.041999
0.041777
0.041700
0.041449
0.041308
0.041217
0.041075
0.040842
0.040710
0.040608
0.040519
0.040437
0.040369
0.040201
0.040158
0.040018
0.039872
0.039685
0.039584
0.039458
0.039343
0.039233
0.039219
0.039166
0.039031
0.038907
0.038898
0.038824
0.038688
0.038680
0.038715
0.038545
0.038466
0.038375
0.038427
0.038202
0.038209
0.038126
0.038126
0.037965
0.037973
0.037886
0.037925
0.037845
0.037690
0.037679
0.037635
0.037503
0.037419
0.037384
0.037286
0.037152
0.037125
0.036995
0.036947
0.036841
0.036816
0.036775
0.036736
0.036713
0.036641
0.036618
0.036576
0.036488
0.036456
0.036323
0.036340
0.036233
0.036193
0.036193
0.035990
0.035932
0.035909
0.035895
0.035946
0.035802
0.035718
0.035760
0.035642
0.035699
0.035559
0.035498
0.035515
0.035385
0.035267
0.035251
0.035271
0.035271
0.035067
0.035102
0.035174
0.035020
0.035045
0.034995
0.034932
0.034899
0.034867
0.034721
0.034719
0.034663
0.034671
0.034597
0.034478
0.034447
0.034408
0.034441
0.034356
0.034281
0.034333
0.034249
0.034260
0.034253
0.034195
0.034157
0.034152
0.034029
0.033989
0.033920
0.033849
0.033849
0.033805
0.033708
0.033721
0.033677
0.033633
0.033611
0.033626
0.033588
0.033467
0.033468
0.033452
0.033401
0.033368
0.033356
0.033280
0.033252
0.033185
0.033186
0.033103
0.033114
0.033151
0.033151
0.033131
0.033095
0.032970
0.032908
0.032873
0.032920
0.032875
0.032830
0.032815
0.032771
0.032708
0.032692
0.032613
0.032670
0.032700
0.032689
0.032655
0.032619
0.032575
0.032569
0.032524
0.032484
0.032477
0.032432
0.032398
0.032360
0.032342
0.032306
0.032271
0.032368
0.032368
0.032298
0.032298
0.032197
0.032123
0.032153
0.032153
0.032135
0.032078
0.032046
0.032033
0.031993
0.031960
0.031958
0.031958
0.032025
0.032041
0.032022
0.031945
0.031975
0.031940
0.031894
0.031824
0.031824
0.031783
0.031709
0.031709
0.031667
0.031667
0.031630
0.031609
0.031631
0.031612
0.031543
0.031543
0.031543
0.031461
0.031497
0.031497
0.031463
0.031451
0.031451
0.031451
0.031422
0.031386
0.031328
0.031296
0.031278
0.031240
0.031240
0.031274
0.031274
0.031274
0.031240
0.031240
0.031203
0.031203
0.031101
0.031101
0.031101
0.031067
0.031073
0.030978
0.030969
0.030969
0.031011
0.030977
0.030945
0.030945
0.030945
0.030872
0.030872
0.030799
0.030768
0.030768
0.030722
0.030722
0.030767
0.030772
0.030759
0.030759
0.030759
0.030724
0.030693
0.030656
0.030613
0.030613
0.030594
0.030631
0.030556
0.030533
0.030533
0.030533
0.030570
0.030553
0.030449
0.030449
0.030449
0.030449
0.030449
0.030496
0.030500
0.030454
0.030429
0.030429
0.030344
0.030344
0.030317
0.030245
0.030211
0.030211
0.030239
0.030239
0.030237
0.030237
0.030208
0.030163
0.030163
0.030136
0.030136
0.030136
0.030136
0.030069
0.030007
0.030007
0.030007
0.030007
0.030007
0.029966
0.029940
0.029855
0.029855
0.029884
0.029863
0.029863
0.029863
0.029863
0.029863
0.029798
0.029773
0.029736
0.029731
0.029710
0.029710
0.029710
0.029775
0.029731
0.029705
0.029705
0.029664
0.029664
0.029642
0.029642
0.029672
0.029633
0.029633
0.029610
0.029585
0.029561
0.029552
0.029552
0.029593
0.029554
0.029512
0.029512
0.029533
0.029492
0.029467
0.029467
0.029467
0.029467
0.029428
0.029358
0.029358
0.029358
0.029358
0.029336
0.029377
0.029377
0.029314
0.029314
0.029252
0.029218
0.029218
0.029218
0.029218
0.029218
0.029218
0.029181
0.029181
0.029181
0.029137
0.029137
0.029179
0.029144
0.029107
0.029107
0.029050
0.029050
0.029021
0.029021
0.028977
0.028977
0.028941
0.028941
0.028970
0.028970
0.028934
0.028934
0.028934
0.028910
0.028910
0.028910
0.028910
0.028910
0.028910
0.028910
0.028874
0.028874
0.028856
0.028856
0.028889
0.028889
0.028889
0.028901
0.028901
0.028878
0.028878
0.028878
0.028828
0.028828
0.028828
0.028828
0.028828
0.028816
0.028816
0.028816
0.028816
0.028816
0.028816
0.028799
0.028766
0.028766
0.028722
0.028686
0.028686
0.028686
0.028686
0.028686
0.028686
0.028686
0.028719
0.028719
0.028719
0.028716
0.028716
0.028661
0.028661
0.028661
0.028661
0.028647
0.028647
0.028647
0.028647
0.028611
0.028611
0.028611
0.028611
0.028611
0.028611
0.028611
0.028634
0.028634
0.028632
0.028624
0.028624
0.028624
0.028624
0.028624
0.028583
0.028583
0.028596
0.028596
0.028596
0.028596
0.028596
0.028596
0.028603
0.028640
0.028619
0.028619
0.028619
0.028590
0.028574
0.028574
0.028574
0.028505
0.028495
0.028495
0.028414
0.028402
0.028439
0.028468
0.028468
0.028508
0.028508
0.028508
0.028508
0.028532
0.028532
0.028492
0.028492
0.028492
0.028492
0.028492
0.028464
0.028464
0.028464
0.028464
0.028464
0.028437
0.028437
0.028437
0.028437
0.028437
0.028437
0.028437
0.028437
0.028437
0.028437
0.028437
0.028437
0.028431
0.028412
0.028412
0.028412
0.028412
0.028412
0.028412
0.028437
0.028437
0.028437
0.028437
0.028437
0.028449
0.028449
0.028449
0.028459
0.028459
0.028456
0.028456
0.028456
0.028456
0.028456
0.028456
0.028421
0.028456
0.028443
0.028401
0.028401
0.028443
0.028443
0.028443
0.028443
0.028419
0.028384
0.028383
0.028383
0.028408
0.028365
0.028365
0.028365
0.028365
0.028365
0.028365
0.028365
0.028365
0.028326
0.028326
0.028326
0.028326
0.028327
0.028311
0.028383
0.028383
0.028383
0.028383
0.028383
0.028383
0.028383
0.028383
0.028309
0.028309
0.028309
0.028309
0.028335
0.028335
0.028335
0.028339
0.028339
0.028339
0.028339
0.028339
0.028339
0.028339
0.028339
0.028339
0.028339
0.028339
0.028397
0.028397
0.028397
0.028385
0.028385
0.028385
0.028385
0.028385
0.028385
0.028385
0.028385
0.028385
0.028385
0.028411
0.028411
0.028411
0.028411
0.028411
0.028411
0.028411
0.028411
0.028411
0.028411
0.028411
0.028411
0.028411
0.028411
0.028411
0.028399
0.028353
0.028312
0.028312
0.028312
0.028312
0.028312
0.028312
0.028339
0.028339
0.028339
0.028339
0.028339
0.028339
0.028339
0.028339
0.028339
0.028336
0.028336
0.028336
0.028336
0.028297
0.028297
0.028261
0.028261
0.028300
0.028300
0.028300
0.028300
0.028300
0.028300
0.028300
0.028328
0.028328
0.028289
0.028289
0.028289
0.028289
0.028289
0.028289
0.028289
0.028289
0.028289
0.028289
0.028327
0.028327
0.028327
0.028327
0.028288
0.028288
0.028288
0.028288
0.028288
0.028288
0.028288
0.028288
0.028288
0.028288
0.028316
0.028316
0.028316
0.028316
0.028316
0.028316
0.028316
0.028316
0.028316
0.028316
0.028316
0.028316
0.028316
0.028316
0.028276
0.028276
0.028276
0.028276
0.028269
0.028269
0.028269
0.028269
0.028269
0.028269
0.028270
0.028270
0.028299
0.028299
0.028299
0.028299
0.028299
0.028299
0.028299
0.028299
0.028336
0.028336
0.028336
0.028336
0.028336
0.028299
0.028299
0.028279
0.028279
0.028279
0.028279
0.028279
0.028279
0.028279
0.028316
0.028316
0.028316
0.028316
0.028316
0.028316
0.028346
0.028346
0.028346
0.028307
0.028307
0.028270
0.028270
0.028270
0.028307
0.028307
0.028346
0.028346
0.028346
0.028346
0.028346
0.028346
0.028346
0.028346
0.028307
0.028307
0.028307
0.028307
0.028307
0.028307
0.028307
0.028307
0.028307
0.028337
0.028337
0.028337
0.028298
0.028298
0.028298
0.028298
0.028298
0.028298
0.028298
0.028298
0.028298
0.028298
0.028298
0.028298
0.028298
0.028298
0.028298
0.028298
0.028298
0.028298
0.028298
0.028298
0.028298
0.028263
0.028263
0.028263
0.028263
0.028263
0.028263
0.028294
0.028294
0.028294
0.028294
0.028294
0.028294
0.028294
0.028294
0.028294
0.028294
0.028294
0.028294
0.028294
0.028294
0.028294
0.028294
0.028294
0.028294
0.028294
0.028294
0.028294
0.028325
0.028325
0.028325
0.028294
0.028294
0.028294
0.028294
0.028294
0.028294
0.028294
0.028326
0.028326
0.028288
0.028326
0.028326
0.028357
0.028357
0.028357
0.028357
0.028326
0.028326
0.028288
0.028249
0.028249
0.028249
0.028249
0.028249
0.028288
0.028288
0.028288
0.028352
0.028315
0.028315
0.028315
0.028282
0.028251
0.028212
0.028212
0.028212
0.028212
0.028212
0.028212
0.028212
0.125918
0.125884
0.125884
0.125879
0.125856
0.125830
0.125841
0.125876
0.125866
0.125852
0.125772
0.125648
0.125561
0.125453
0.125344
0.125264
0.125122
0.125001
0.124867
0.124836
0.124765
0.124663
0.124592
0.124488
0.124378
0.124237
0.124103
0.123932
0.123831
0.123730
0.123650
0.123504
0.123441
0.123377
0.123243
0.123192
0.123126
0.122961
0.122832
0.122720
0.122573
0.122447
0.122353
0.122275
0.122154
0.122062
0.121970
0.121934
0.121856
0.121796
0.121705
0.121512
0.121423
0.121355
0.121220
0.121178
0.121090
0.120957
0.120870
0.120690
0.120605
0.120490
0.120396
0.120263
0.120168
0.120051
0.120000
0.119904
0.119832
0.119767
0.119655
0.119528
0.119448
0.119322
0.119167
0.119141
0.119016
0.118882
0.118788
0.118680
0.118604
0.118528
0.118406
0.118284
0.118178
0.118057
0.117951
0.117832
0.117727
0.117599
0.117403
0.117300
0.117183
0.117080
0.116871
0.116681
0.116442
0.116255
0.116016
0.115788
0.115467
0.115227
0.114997
0.114723
0.114470
0.114314
0.114069
0.113808
0.113555
0.113262
0.112966
0.112720
0.112496
0.112220
0.112023
0.111752
0.111509
0.111222
0.110985
0.110761
0.110544
0.110250
0.110124
0.109938
0.109627
0.109396
0.109190
0.108925
0.108707
0.108507
0.108307
0.108069
0.107847
0.107647
0.107468
0.107271
0.106959
0.106794
0.106530
0.106412
0.106264
0.106149
0.105948
0.105732
0.105579
0.105558
0.105457
0.105407
0.105273
0.105184
0.105093
0.104963
0.104884
0.104853
0.104801
0.104734
0.104548
0.104572
0.104438
0.104314
0.104263
0.104024
0.103959
0.103995
0.103864
0.103688
0.103561
0.103585
0.103404
0.103296
0.103253
0.103038
0.103014
0.102895
0.102692
0.102529
0.102433
0.102220
0.102123
0.102010
0.101911
0.101766
0.101703
0.101507
0.101357
0.101215
0.101097
0.100972
0.100833
0.100739
0.100584
0.100414
0.100240
0.100097
0.099958
0.099846
0.099651
0.099526
0.099282
0.099156
0.099002
0.098794
0.098746
0.098472
0.098328
0.098245
0.098038
0.097894
0.097729
0.097574
0.097398
0.097287
0.096943
0.096739
0.096418
0.096041
0.095694
0.095270
0.094966
0.094624
0.094319
0.094000
0.093590
0.093326
0.092943
0.092696
0.092361
0.091998
0.091815
0.091436
0.091161
0.090739
0.090439
0.090169
0.089885
0.089529
0.089140
0.088860
0.088650
0.088332
0.087966
0.087726
0.087399
0.087200
0.086867
0.086503
0.086193
0.085962
0.085679
0.085425
0.085139
0.084822
0.084594
0.084279
0.084064
0.083778
0.083499
0.083228
0.082966
0.082736
0.082441
0.082172
0.081972
0.081667
0.081458
0.081131
0.080947
0.080552
0.080240
0.079970
0.079693
0.079470
0.079134
0.078930
0.078831
0.078583
0.078372
0.078227
0.078020
0.077915
0.077610
0.077406
0.077268
0.077035
0.076909
0.076692
0.076455
0.076365
0.076125
0.075914
0.075764
0.075584
0.075394
0.075167
0.074903
0.074740
0.074496
0.074320
0.074084
0.073844
0.073686
0.073504
0.073381
0.073084
0.072964
0.072709
0.072462
0.072342
0.072115
0.071868
0.071764
0.071571
0.071260
0.071186
0.070972
0.070788
0.070702
0.070556
0.070269
0.070101
0.069863
0.069727
0.069489
0.069371
0.069235
0.068968
0.068812
0.068628
0.068497
0.068148
0.068001
0.067849
0.067682
0.067461
0.067252
0.067081
0.066836
0.066646
0.066513
0.066306
0.066079
0.065865
0.065716
0.065471
0.065314
0.065131
0.064974
0.064747
0.064453
0.064357
0.064161
0.063880
0.063687
0.063510
0.063266
0.063154
0.063004
0.062724
0.062632
0.062472
0.062264
0.061944
0.061748
0.061574
0.061331
0.061258
0.061049
0.060879
0.060723
0.060511
0.060288
0.060181
0.059940
0.059729
0.059536
0.059411
0.059263
0.059001
0.058727
0.058638
0.058445
0.058267
0.058075
0.057920
0.057736
0.057495
0.057343
0.057158
0.056868
0.056645
0.056490
0.056365
0.056093
0.055828
0.055623
0.055371
0.055257
0.055136
0.054858
0.054604
0.054536
0.054282
0.054060
0.053897
0.053677
0.053486
0.053311
0.053098
0.052754
0.052592
0.052331
0.052145
0.051933
0.051697
0.051493
0.051368
0.051146
0.050978
0.050732
0.050478
0.050267
0.050150
0.049854
0.049681
0.049430
0.049255
0.049002
0.048748
0.048560
0.048291
0.048205
0.047980
0.047684
0.047413
0.047160
0.046980
0.046712
0.046497
0.046250
0.046046
0.045789
0.045560
0.045356
0.045134
0.044881
0.044692
0.044464
0.044248
0.044028
0.043759
0.043553
0.043285
0.043128
0.042860
0.042648
0.042380
0.042174
0.041941
0.041721
0.041457
0.041238
0.041066
0.040841
0.040628
0.040359
0.040154
0.039985
0.039732
0.039511
0.039339
0.039185
0.038965
0.038759
0.038606
0.038386
0.038225
0.038025
0.037804
0.037646
0.037446
0.037322
0.037101
0.036949
0.036874
0.036731
0.036488
0.036316
0.036189
0.036032
0.035874
0.035724
0.035566
0.035426
0.035267
0.035109
0.034996
0.034872
0.034805
0.034661
0.034590
0.034524
0.034366
0.034305
0.034220
0.034025
0.033949
0.033802
0.033692
0.033514
0.033374
0.033272
0.033237
0.033135
0.033039
0.032893
0.032783
0.032687
0.032590
0.032495
0.032363
0.032315
0.032280
0.032184
0.032089
0.031931
0.031888
0.031801
0.031696
0.031615
0.031553
0.031511
0.031416
0.031416
0.031330
0.031189
0.031073
0.031011
0.030941
0.030846
0.030795
0.030847
0.030706
0.030658
0.030613
0.030519
0.030471
0.030462
0.030388
0.030376
0.030349
0.030303
0.030117
0.030070
0.030056
0.030009
0.029994
0.029904
0.029857
0.029811
0.029800
0.029757
0.029722
0.029612
0.029587
0.029549
0.029503
0.029495
0.029450
0.029406
0.029316
0.029293
0.029228
0.029223
0.029209
0.029165
0.029122
0.029079
0.029058
0.029079
0.029038
0.028952
0.028933
0.028893
0.028905
0.028957
0.028953
0.028945
0.028945
0.028939
0.028902
0.028887
0.028851
0.028840
0.028739
0.028782
0.028750
0.028799
0.028799
0.028811
0.028811
0.028807
0.028780
0.028812
0.028799
0.028801
0.028779
0.028757
0.028757
0.028714
0.028746
0.028731
0.028731
0.028717
0.028744
0.028736
0.028746
0.028740
0.028760
0.028760
0.028756
0.028784
0.028784
0.028827
0.028827
0.028831
0.028831
0.028896
0.028902
0.028902
0.028910
0.028910
0.029003
0.029031
0.029002
0.029002
0.029045
0.029026
0.029078
0.029107
0.029107
0.029183
0.029212
0.029224
0.029272
0.029272
0.029282
0.029282
0.029317
0.029358
0.029411
0.029411
0.029441
0.029466
0.029466
0.029497
0.029526
0.029512
0.029612
0.029551
0.029577
0.029508
0.029569
0.029569
0.029599
0.029666
0.029666
0.029627
0.029672
0.029705
0.029734
0.029765
0.029765
0.029779
0.029799
0.029760
0.029843
0.029875
0.029875
0.029911
0.029942
0.029979
0.029935
0.029984
0.029945
0.029933
0.029997
0.029963
0.029978
0.030046
0.030082
0.030082
0.030046
0.030079
0.030079
0.030132
0.030132
0.030132
0.030219
0.030129
0.030124
0.030171
0.030187
0.030187
0.030254
0.030256
0.030293
0.030256
0.030290
0.030290
0.030290
0.030290
0.030247
0.030264
0.030285
0.030323
0.030310
0.030344
0.030361
0.030361
0.030330
0.030399
0.030363
0.030363
0.030321
0.030360
0.030360
0.030360
0.030410
0.030386
0.030456
0.030456
0.030456
0.030426
0.030426
0.030372
0.030401
0.030436
0.030436
0.030490
0.030490
0.030490
0.030454
0.030454
0.030443
0.030437
0.030437
0.030472
0.030512
0.030477
0.030477
0.030477
0.030477
0.030431
0.030391
0.030384
0.030384
0.030384
0.030419
0.030419
0.030440
0.030440
0.030400
0.030407
0.030444
0.030444
0.030444
0.030444
0.030434
0.030434
0.030361
0.030383
0.030383
0.030383
0.030358
0.030358
0.030358
0.030393
0.030356
0.030356
0.030356
0.030356
0.030331
0.030396
0.030318
0.030282
0.030282
0.030282
0.030282
0.030317
0.030318
0.030295
0.030259
0.030259
0.030259
0.030259
0.030317
0.030317
0.030283
0.030217
0.030182
0.030206
0.030241
0.030241
0.030241
0.030243
0.030221
0.030187
0.030187
0.030187
0.030187
0.030187
0.030187
0.030155
0.030125
0.030125
0.030118
0.030161
0.030161
0.030161
0.030161
0.030109
0.030077
0.030077
0.030034
0.030034
0.030034
0.030059
0.030061
0.030012
0.030012
0.030047
0.030047
0.030047
0.030047
0.030047
0.030030
0.029969
0.029969
0.029969
0.029969
0.029951
0.029951
0.029935
0.029903
0.029876
0.029910
0.029910
0.029953
0.029988
0.030034
0.029976
0.029976
0.029950
0.029919
0.029945
0.029945
0.029945
0.029931
0.029931
0.029931
0.029906
0.029875
0.029875
0.029875
0.029862
0.029862
0.029862
0.029862
0.029839
0.029793
0.029829
0.029817
0.029851
0.029804
0.029845
0.029845
0.029824
0.029824
0.029813
0.029771
0.029741
0.029701
0.029701
0.029701
0.029701
0.029672
0.029672
0.029672
0.029642
0.029642
0.029682
0.029682
0.029673
0.029660
0.029643
0.029643
0.029643
0.029678
0.029649
0.029641
0.029623
0.029657
0.029657
0.029642
0.029642
0.029642
0.029635
0.029635
0.029635
0.029593
0.029593
0.029593
0.029593
0.029574
0.029574
0.029574
0.029574
0.029574
0.029531
0.029527
0.029527
0.029498
0.029498
0.029498
0.029498
0.029498
0.029495
0.029484
0.029520
0.029520
0.029520
0.029520
0.029490
0.029443
0.029443
0.029472
0.029472
0.029472
0.029506
0.029505
0.029505
0.029505
0.029505
0.029505
0.029512
0.029512
0.029478
0.029478
0.029478
0.029478
0.029478
0.029480
0.029514
0.029533
0.029497
0.029497
0.029497
0.029473
0.029473
0.029473
0.029473
0.029473
0.029473
0.029448
0.029428
0.029428
0.029388
0.029388
0.029388
0.029401
0.029358
0.029358
0.029398
0.029432
0.029405
0.029412
0.029412
0.029412
0.029372
0.029372
0.029380
0.029380
0.029415
0.029415
0.029415
0.029415
0.029425
0.029446
0.029446
0.029446
0.029446
0.029457
0.029457
0.029430
0.029430
0.029442
0.029442
0.029453
0.029453
