1.982845
1.845481
1.726405
1.653285
1.620049
1.609324
1.607575
1.607783
1.607855
1.607606
1.607304
1.606747
1.606120
1.605792
1.605420
1.605276
1.605206
1.604855
1.604461
1.603956
1.603361
1.602555
1.601748
1.600901
1.600315
1.599679
1.599030
1.598333
1.597801
1.597220
1.596997
1.596728
1.596663
1.596560
1.596564
1.596680
1.596849
1.596988
1.596997
1.596917
1.596873
1.596593
1.596126
1.595418
1.594316
1.593272
1.592138
1.590949
1.589661
1.588105
1.586698
1.585107
1.584311
1.582975
1.581650
1.580228
1.578978
1.577725
1.576331
1.574917
1.573437
1.572227
1.570711
1.569404
1.567888
1.566420
1.564953
1.563627
1.562171
1.560723
1.559213
1.557707
1.556460
1.555036
1.553836
1.552249
1.550993
1.549696
1.548456
1.547279
1.546109
1.544999
1.543124
1.541860
1.540586
1.539249
1.537934
1.536526
1.535170
1.534061
1.532554
1.531519
1.530138
1.528913
1.527534
1.526266
1.524892
1.523293
1.521844
1.520526
1.519003
1.517095
1.515994
1.513730
1.512159
1.510574
1.509133
1.507651
1.505752
1.504610
1.503131
1.501552
1.499814
1.498338
1.496609
1.494999
1.493425
1.491935
1.490398
1.488721
1.487208
1.485904
1.484520
1.482873
1.481536
1.480148
1.478818
1.477040
1.475499
1.473932
1.472220
1.470621
1.469040
1.467611
1.465819
1.464201
1.462642
1.461024
1.459251
1.457533
1.455852
1.453387
1.451666
1.449861
1.448156
1.446500
1.444923
1.443226
1.441568
1.439837
1.438019
1.436409
1.434736
1.432945
1.431296
1.429565
1.427757
1.426135
1.424372
1.422752
1.420947
1.419317
1.417495
1.415823
1.414106
1.412667
1.410956
1.409514
1.407785
1.405431
1.403819
1.402293
1.400696
1.399124
1.397511
1.395961
1.394321
1.392636
1.391094
1.389457
1.387958
1.386401
1.384867
1.383362
1.381807
1.380095
1.378714
1.377218
1.375739
1.374339
1.372713
1.371387
1.370065
1.368599
1.367174
1.365689
1.364410
1.363041
1.361869
1.360495
1.359191
1.357924
1.356634
1.355383
1.354054
1.352577
1.351236
1.350053
1.348644
1.347252
1.346142
1.344881
1.343565
1.342382
1.341027
1.340046
1.338568
1.337516
1.336217
1.335254
1.334138
1.333280
1.332301
1.331410
1.330318
1.329426
1.328288
1.327344
1.326481
1.325610
1.325329
1.324456
1.323681
1.322748
1.322027
1.321121
1.320259
1.319197
1.318462
1.317594
1.316958
1.316108
1.315283
1.314393
1.313747
1.313078
1.312468
1.311939
1.311147
1.310699
1.309897
1.309332
1.309371
1.308872
1.308061
1.307626
1.307026
1.306567
1.305725
1.305209
1.304358
1.303833
1.303126
1.302594
1.301967
1.301400
1.300845
1.300364
1.299698
1.299363
1.298827
1.299045
1.298420
1.297920
1.297561
1.297215
1.296583
1.296033
1.295629
1.294975
1.294496
1.293927
1.293307
1.292719
1.292376
1.291737
1.291238
1.290650
1.290120
1.289552
1.289038
1.288380
1.288631
1.287971
1.287346
1.286706
1.286200
1.285572
1.284931
1.284237
1.283770
1.282970
1.282559
1.281813
1.281253
1.280469
1.279888
1.279209
1.278460
1.277781
1.276894
1.276108
1.275197
1.274352
1.273362
1.272589
1.271542
1.270738
1.269507
1.268598
1.267680
1.266670
1.265680
1.264729
1.263648
1.262599
1.262399
1.261406
1.260492
1.259259
1.258383
1.257420
1.256297
1.255326
1.254274
1.253277
1.252260
1.251114
1.250210
1.249441
1.248544
1.247770
1.246805
1.245864
1.244972
1.243993
1.242896
1.241907
1.240878
1.239943
1.239038
1.238053
1.237098
1.236183
1.235239
1.234255
1.233470
1.232468
1.231840
1.230840
1.229859
1.228962
1.228219
1.227474
1.226609
1.225754
1.224996
1.224201
1.223421
1.223551
1.222811
1.222165
1.221574
1.220883
1.220328
1.219789
1.219193
1.218526
1.218162
1.217746
1.217156
1.216606
1.216130
1.215659
1.214940
1.214537
1.213949
1.213588
1.212201
1.211694
1.211225
1.210847
1.210355
1.209835
1.209313
1.208726
1.208273
1.207885
1.207462
1.206961
1.206452
1.205878
1.205506
1.205052
1.204708
1.204181
1.203654
1.203218
1.202984
1.202363
1.202000
1.201710
1.201235
1.200796
1.200307
1.199895
1.199468
1.199075
1.198555
1.198120
1.197632
1.197298
1.196674
1.195706
1.195115
1.194711
1.194109
1.193627
1.193209
1.192698
1.192222
1.191784
1.191296
1.190741
1.190319
1.189776
1.189272
1.188800
1.188321
1.187791
1.187302
1.186778
1.186274
1.185098
1.184579
1.184226
1.183726
1.183189
1.182777
1.182101
1.181702
1.181217
1.180767
1.180280
1.179781
1.179238
1.178716
1.178277
1.177790
1.176501
1.176074
1.175660
1.175220
1.174585
1.174192
1.173573
1.173102
1.172667
1.172169
1.171664
1.171166
1.170661
1.170134
1.168994
1.168615
1.168279
1.167864
1.167364
1.166845
1.166428
1.165988
1.165565
1.165093
1.164599
1.164207
1.163731
1.163290
1.162982
1.161819
1.161454
1.160979
1.160656
1.160049
1.159639
1.159217
1.158848
1.158604
1.158354
1.158236
1.158112
1.157824
1.157559
1.157369
1.157047
1.156832
1.156370
1.155887
1.155496
1.155068
1.154559
1.154162
1.153559
1.153002
1.152607
1.152096
1.151640
1.151252
1.150899
1.151031
1.150804
1.150300
1.149918
1.149656
1.149151
1.148902
1.148512
1.148137
1.147978
1.147512
1.147288
1.146988
1.146730
1.146442
1.146144
1.145823
1.145487
1.145260
1.144909
1.144604
1.144286
1.144036
1.143609
1.143280
1.143057
1.142619
1.142484
1.142151
1.141943
1.141544
1.141308
1.141039
1.140812
1.140493
1.140278
1.139982
1.139749
1.139497
1.139218
1.139002
1.138734
1.138511
1.138324
1.138112
1.137850
1.137639
1.138126
1.137817
1.137592
1.137300
1.137274
1.137024
1.136698
1.136531
1.136334
1.136065
1.135916
1.135796
1.135702
1.135478
1.135297
1.135004
1.134844
1.134660
1.134390
1.134355
1.134129
1.134013
1.133680
1.133510
1.133421
1.133202
1.133020
1.132877
1.132784
1.132626
1.132480
1.132329
1.132212
1.131953
1.131864
1.131688
1.131587
1.131362
1.131243
1.131249
1.131022
1.130980
1.130828
1.130744
1.130613
1.130639
1.130440
1.130391
1.130259
1.130131
1.129977
1.129966
1.129882
1.129753
1.129689
1.129600
1.129538
1.129446
1.129264
1.129160
1.129063
1.129057
1.128963
1.128950
1.128863
1.128805
1.128777
1.128644
1.128630
1.128504
1.128422
1.128307
1.128299
1.128295
1.128286
1.128170
1.127989
1.127967
1.127942
1.127986
1.127918
1.127817
1.127754
1.127731
1.127700
1.127716
1.127510
1.127461
1.127378
1.127341
1.127321
1.127226
1.127269
1.127136
1.127059
1.127048
1.126941
1.126980
1.126969
1.126936
1.126941
1.127555
1.127388
1.127331
1.127228
1.127220
1.127202
1.127195
1.127111
1.127107
1.126977
1.126949
1.126901
1.126900
1.126899
1.126896
1.126750
1.126707
1.126658
1.126481
1.126481
1.126476
1.126408
1.126404
1.126344
1.126338
1.126273
1.126324
1.126250
1.126146
1.126214
1.126171
1.126027
1.126071
1.126016
1.125950
1.125851
1.125811
1.125813
1.125775
1.125722
1.125630
1.125618
1.125622
1.125602
1.125548
1.125426
1.125372
1.125386
1.125430
1.125310
1.125261
1.125311
1.125344
1.125171
1.125083
1.124933
1.124907
1.124907
1.124881
1.124905
1.124909
1.124895
1.124810
1.124810
1.124689
1.124756
1.124610
1.124584
1.124452
1.124413
1.124460
1.124392
1.124401
1.124401
1.124269
1.124312
1.124245
1.124219
1.124170
1.124123
1.124075
1.124022
1.123932
1.123926
1.123956
1.123959
1.123842
1.123916
1.123826
1.123808
1.123762
1.123706
1.123652
1.123659
1.123659
1.123613
1.123615
1.123595
1.123501
1.123434
1.123439
1.123368
1.123368
1.123342
1.123182
1.123131
1.123181
1.123185
1.123133
1.123124
1.123032
1.122982
1.122877
1.122829
1.122829
1.122735
1.122737
1.122779
1.122756
1.122713
1.122711
1.122711
1.122639
1.122544
1.122498
1.122498
1.122549
1.122449
1.122372
1.122292
1.122292
1.122293
1.122293
1.122244
1.122171
1.122123
1.122126
1.122137
1.122164
1.122163
1.122163
1.122116
1.122116
1.122112
1.122062
1.122019
1.121935
1.121935
1.121889
1.121874
1.121830
1.121783
1.121732
1.121777
1.121777
1.121680
1.121640
1.121644
1.121602
1.121602
1.121602
1.121552
1.121511
1.121442
1.121429
1.121429
1.121370
1.121415
1.121422
1.121382
1.121336
1.121380
1.121377
1.121378
1.121387
1.121387
1.121387
1.121403
1.121257
1.121257
1.121257
1.121263
1.121263
1.121263
1.121313
1.121313
1.121313
1.121264
1.121264
1.121232
1.121232
1.121230
1.121180
1.121181
1.121192
1.121151
1.121056
1.121056
1.121052
1.121031
1.121031
1.121029
1.120994
1.121039
1.120989
1.120989
1.120945
1.120994
1.120994
1.120967
1.120992
1.120987
1.120987
1.120936
1.120935
1.120910
1.120873
1.120843
1.120742
1.120745
1.120744
1.120749
1.120749
1.120749
1.120749
1.120729
1.120745
1.120745
1.120746
1.120651
1.120651
1.120745
1.120745
1.120673
1.120673
1.120644
1.120647
1.120647
1.120647
1.120676
1.120676
1.120676
1.120669
1.120588
1.120588
1.120558
1.120602
1.120602
1.120602
1.120552
1.120552
1.120552
1.120552
1.120555
1.120555
1.120543
1.120517
1.120517
1.120477
1.120474
1.120475
1.120475
1.120481
1.120458
1.120458
1.120459
1.120532
1.120532
1.120531
1.120531
1.120531
1.120512
1.120462
1.120458
1.120458
1.120420
1.120413
1.120413
1.120414
1.120433
1.120433
1.120433
1.120432
1.120430
1.120341
1.120391
1.120437
1.120437
1.120387
1.120413
1.120364
1.120314
1.120314
1.120314
1.120314
1.120275
1.120332
1.120305
1.120305
1.120305
1.120305
1.120344
1.120339
1.120361
1.120397
1.120333
1.120364
1.120364
1.120363
1.120377
1.120303
1.120303
1.120303
1.120303
1.120331
1.120331
1.120375
1.120375
1.120330
1.120330
1.120292
1.120256
1.120206
1.120206
1.120206
1.120251
1.120251
1.120251
1.120251
1.120251
1.120251
1.120247
1.120247
1.120247
1.120224
1.120224
1.120273
1.120273
1.120223
1.120223
1.120223
1.120217
1.120244
1.120244
1.120244
1.120244
1.120289
1.120289
1.120290
1.120221
1.120222
1.120178
1.120128
1.120128
1.120126
1.120076
1.120076
1.120077
1.120122
1.120122
1.120122
1.120100
1.120100
1.120100
1.120100
1.120098
1.120098
1.120073
1.120073
1.120051
1.120052
1.120086
1.120086
1.120086
1.120000
1.119978
1.120028
1.120028
1.119988
1.119988
1.119989
1.119989
1.119989
1.119959
1.119959
1.119981
1.119981
1.119981
1.119981
1.119959
1.119959
1.119957
1.119957
1.119997
1.119996
1.119995
1.119995
1.119995
1.119995
1.119950
1.119949
1.119915
1.119983
1.119933
1.119933
1.119930
1.119931
1.119976
1.119975
1.119975
1.119975
1.119975
1.119975
1.119917
1.119917
1.119917
1.119918
1.119918
1.119918
1.119918
1.119918
1.119916
1.119916
1.119916
1.119866
1.119789
1.119790
1.119790
1.119790
1.119790
1.119790
1.119790
1.119765
1.119732
1.119732
1.119768
1.119770
1.119772
1.119772
1.119773
1.119771
1.119772
1.119734
1.119735
1.119735
1.119735
1.119758
1.119758
1.119758
1.119759
1.119759
1.119760
1.119761
1.119761
1.119761
1.119762
1.119762
1.119762
1.119762
1.119712
1.119711
1.119711
1.119713
1.119713
1.119712
1.119712
1.119713
1.119713
1.119663
1.119663
1.119664
1.119666
1.119666
1.119666
1.119666
1.119716
1.119716
1.119716
1.119692
1.119692
1.119692
1.119692
1.119692
1.119642
1.119588
1.119587
1.119586
1.119585
1.119585
1.119563
1.119562
1.119562
1.119540
1.119540
1.119562
1.119562
1.119612
1.119611
1.119611
1.119611
1.119611
1.119575
1.119572
1.119572
1.119550
1.119550
1.119550
1.119550
1.119550
1.119550
1.119550
1.119572
1.119612
1.119612
1.119610
1.119610
1.119610
1.119645
1.119645
1.119623
1.119623
1.119623
1.119588
1.119588
1.119582
1.119582
1.119582
1.119582
1.119605
1.119604
1.119605
1.119570
1.119589
1.119589
1.119567
1.119568
1.119568
1.119618
1.119619
1.119584
1.119584
1.119584
1.119584
1.119585
1.119585
1.119608
1.119608
1.119608
1.119569
1.119547
1.119547
1.119548
1.119548
1.119548
1.119513
1.119513
1.119513
1.119513
1.119513
1.119513
1.119553
1.119519
1.119519
1.119519
1.119519
1.119519
1.119553
1.119553
1.119518
1.119518
1.119518
1.119518
1.119518
1.119518
1.119518
1.119513
1.119512
1.119461
1.119492
1.119492
1.119492
1.119491
1.119491
1.119491
1.119491
1.119491
1.119491
1.119490
1.119490
1.119492
1.119491
1.119491
1.119491
1.119457
1.119457
1.119457
1.119457
1.119457
1.119457
1.119457
1.119457
1.119457
1.119457
1.119457
1.119457
1.119491
1.119491
1.119491
1.119491
1.119491
1.119475
1.119475
1.119475
1.119425
1.119425
1.119425
1.119425
1.119425
1.119475
1.119476
1.119476
1.119477
1.119477
1.119478
1.119478
1.119478
1.119521
1.119487
1.119437
1.119438
1.119438
1.119439
1.119439
1.119439
1.119439
1.119489
1.119489
1.119490
1.119490
1.119490
1.119490
1.119490
1.119490
1.119490
1.119440
1.119440
1.119440
1.119440
1.119440
1.119440
1.119440
1.119490
1.119491
1.119491
1.119491
1.119491
1.119491
1.119491
1.119491
1.119441
1.119441
1.119441
1.119441
1.119441
1.119436
1.119402
1.119398
1.119397
1.119446
1.119445
1.119445
1.119445
1.119445
1.119400
1.119399
1.119349
1.119349
1.119349
1.119394
1.119394
1.119394
1.119395
1.119395
1.119395
1.119445
1.119445
1.119445
1.119445
1.119400
1.119400
1.119350
1.119350
1.119338
1.119338
1.119338
1.119382
1.119382
1.119382
1.119382
1.119382
1.119382
1.119432
1.119432
1.119432
1.119388
1.119388
1.119338
1.119338
1.119338
1.119338
1.119388
1.119355
1.119401
1.119401
1.119402
1.119402
1.119402
1.119403
1.119403
1.119359
1.119359
1.119359
1.119360
1.119360
1.119360
1.119361
1.119359
1.119359
1.119405
1.119382
1.119382
1.119382
1.119382
1.119383
1.119361
1.119361
1.119398
1.119398
1.119398
1.119398
1.119398
1.119398
1.119398
1.119399
1.119377
1.119421
1.119421
1.119421
1.119421
1.119421
1.119399
1.119399
1.119399
1.119399
1.119391
1.119391
1.119386
1.119387
1.119386
1.119385
1.119362
1.119362
1.119362
1.119325
1.119325
1.119325
1.119324
1.119347
1.119347
1.119347
1.119347
1.119347
1.119347
1.119347
1.119347
1.119324
1.119291
1.119291
1.119291
1.119291
1.119291
1.119291
1.119292
1.119314
1.119314
1.119323
1.119281
1.119281
1.119281
1.119281
1.119281
1.119258
1.119258
1.119258
1.119258
1.119258
1.119258
1.119257
1.119257
1.119257
1.119279
1.119280
1.119280
1.119281
1.119281
1.119282
1.119259
1.119260
1.119260
1.119260
1.119261
1.119262
1.119262
1.119262
1.119262
1.119262
1.119263
1.119285
1.119285
1.119286
1.119286
1.119286
1.119264
1.119265
1.119266
1.119266
1.119266
1.119266
1.119266
1.119266
1.119266
1.119266
1.119266
1.119266
1.119367
1.120317
1.130287
1.127208
1.138713
1.141245
1.156904
1.161898
1.171905
1.179839
1.188375
1.194270
1.200528
1.205992
1.210640
1.213957
1.216558
1.218097
1.217902
1.216082
1.213942
1.211300
1.209488
1.207272
1.205690
1.204157
1.202422
1.200476
1.198402
1.196292
1.194215
1.191975
1.190084
1.188235
1.186567
1.185092
1.183687
1.182135
1.180832
1.179099
1.177349
1.175761
1.174164
1.172507
1.170828
1.169280
1.167637
1.166043
1.164249
1.162706
1.160988
1.159118
1.156347
1.151966
1.145441
1.136767
1.126764
1.115888
1.104544
1.093245
1.082111
1.071409
1.060442
1.049702
1.039118
1.028768
1.018214
1.007958
0.997413
0.986771
0.976119
0.965916
0.956689
0.948856
0.942484
0.937868
0.935150
0.933711
0.933105
0.932692
0.932487
0.932188
0.932455
0.932739
0.932810
0.932992
0.932417
0.931037
0.929442
0.927453
0.925094
0.922610
0.920260
0.918386
0.916695
0.915506
0.914709
0.914008
0.913364
0.912744
0.912185
0.911233
0.910619
0.909963
0.908764
0.906786
0.904037
0.900934
0.897590
0.894492
0.891189
0.887878
0.885004
0.882371
0.880040
0.877428
0.874574
0.871570
0.868617
0.865544
0.862507
0.859447
0.856560
0.853554
0.850951
0.848646
0.846676
0.844784
0.842754
0.841225
0.839538
0.837583
0.835599
0.833612
0.831532
0.829407
0.827598
0.825836
0.823843
0.822248
0.820379
0.818440
0.816611
0.814300
0.811892
0.809225
0.806689
0.804001
0.801482
0.798888
0.796500
0.794398
0.792577
0.790758
0.789126
0.787433
0.785584
0.784018
0.782390
0.780705
0.779092
0.777534
0.775965
0.773874
0.771954
0.769906
0.768000
0.765941
0.764189
0.762573
0.760956
0.759504
0.757990
0.756786
0.755513
0.754290
0.753090
0.751823
0.750549
0.749006
0.747279
0.745888
0.744240
0.742429
0.740567
0.738671
0.736782
0.735031
0.733333
0.731863
0.730224
0.728945
0.727541
0.726080
0.724617
0.723085
0.721394
0.719683
0.717827
0.715934
0.714091
0.712159
0.710354
0.708575
0.706904
0.705156
0.703266
0.701425
0.699841
0.698235
0.696565
0.695019
0.693341
0.691828
0.690273
0.688475
0.686410
0.684636
0.683050
0.681332
0.679476
0.677769
0.676145
0.674547
0.673089
0.671329
0.669895
0.668253
0.666657
0.665214
0.663526
0.661945
0.660227
0.658576
0.656890
0.655299
0.653591
0.652104
0.650578
0.648917
0.647565
0.646081
0.644349
0.642676
0.640992
0.639213
0.637462
0.635675
0.633724
0.632151
0.630325
0.628739
0.626949
0.625176
0.623312
0.621542
0.619838
0.618252
0.616560
0.614776
0.613002
0.611274
0.609809
0.608245
0.606445
0.604854
0.603203
0.601479
0.599775
0.598012
0.596313
0.594666
0.593082
0.591457
0.589708
0.588125
0.586430
0.584863
0.583307
0.581775
0.580163
0.578564
0.577051
0.575343
0.573763
0.572030
0.570564
0.569087
0.567631
0.565985
0.564415
0.562846
0.561213
0.559588
0.558010
0.556499
0.554929
0.553508
0.552128
0.550784
0.549379
0.548178
0.546798
0.545531
0.544160
0.542875
0.541614
0.540361
0.539094
0.537848
0.536520
0.535263
0.534266
0.532960
0.531980
0.530934
0.529817
0.528628
0.527519
0.526499
0.525499
0.524193
0.522989
0.521920
0.520759
0.519506
0.518434
0.517189
0.516004
0.514947
0.513621
0.512416
0.511182
0.510001
0.508748
0.507438
0.506092
0.504724
0.503339
0.502196
0.501092
0.499614
0.497973
0.496566
0.495100
0.493531
0.492119
0.490651
0.489265
0.487851
0.486291
0.484869
0.483287
0.481836
0.480313
0.478879
0.477516
0.475933
0.474428
0.472889
0.471462
0.469980
0.468569
0.466966
0.465610
0.464161
0.462563
0.461156
0.459583
0.458218
0.456695
0.455234
0.453671
0.452196
0.450765
0.449075
0.447525
0.446122
0.444628
0.442929
0.441533
0.440167
0.438687
0.437119
0.435666
0.434061
0.432745
0.431426
0.429842
0.428513
0.426834
0.425351
0.423774
0.422118
0.420677
0.419187
0.417613
0.416062
0.414639
0.413206
0.411656
0.410176
0.408693
0.407072
0.405448
0.403975
0.402403
0.400911
0.399476
0.397806
0.396205
0.394638
0.393116
0.391537
0.390063
0.388436
0.386851
0.385338
0.383720
0.382100
0.380708
0.379104
0.377373
0.375706
0.374182
0.372587
0.370990
0.369344
0.367839
0.366622
0.364960
0.363450
0.361840
0.360363
0.358660
0.357025
0.355545
0.353993
0.352373
0.350766
0.349156
0.347505
0.345997
0.344268
0.342769
0.341352
0.339927
0.338288
0.336814
0.335207
0.333663
0.332373
0.331451
0.330565
0.329615
0.328854
0.328186
0.327409
0.326603
0.325678
0.324884
0.324009
0.322853
0.321477
0.320082
0.318559
0.317188
0.315822
0.314946
0.314159
0.313324
0.312465
0.311755
0.310927
0.310171
0.309488
0.308490
0.307375
0.305942
0.304465
0.303196
0.301650
0.300262
0.298988
0.297883
0.296904
0.295952
0.295017
0.294087
0.293147
0.292303
0.291334
0.290254
0.289188
0.287735
0.286227
0.284743
0.283216
0.281790
0.280205
0.279017
0.277759
0.276774
0.275773
0.274762
0.273897
0.273039
0.271953
0.270964
0.269714
0.268453
0.266843
0.265547
0.264071
0.262771
0.261366
0.259940
0.258412
0.257242
0.255982
0.254881
0.253900
0.252774
0.251817
0.250861
0.249725
0.248571
0.247239
0.246122
0.244791
0.243489
0.242307
0.240925
0.239820
0.238604
0.237532
0.236377
0.235132
0.234115
0.232942
0.231864
0.230808
0.229750
0.228709
0.227994
0.227180
0.226515
0.225772
0.224903
0.224199
0.223391
0.222449
0.221590
0.220623
0.219568
0.218680
0.217784
0.216830
0.215845
0.214767
0.214031
0.212948
0.212085
0.211057
0.210229
0.209254
0.208364
0.207580
0.206788
0.205911
0.205123
0.204289
0.203484
0.202623
0.201851
0.201080
0.200252
0.199394
0.198505
0.197893
0.197101
0.196326
0.195582
0.194830
0.193952
0.193311
0.192464
0.191809
0.191135
0.190416
0.189836
0.188967
0.188300
0.187462
0.186780
0.186052
0.185311
0.184652
0.184086
0.183360
0.182766
0.182114
0.181460
0.180778
0.180171
0.179483
0.178928
0.178240
0.177511
0.176891
0.176211
0.175541
0.174815
0.174157
0.173563
0.172891
0.172274
0.171548
0.170912
0.170279
0.169579
0.168905
0.168283
0.167660
0.166943
0.166349
0.165570
0.164954
0.164405
0.163612
0.163133
0.162401
0.161830
0.161113
0.160508
0.159960
0.159229
0.158674
0.158106
0.157522
0.156771
0.156073
0.155383
0.154856
0.154233
0.153550
0.152947
0.152449
0.151848
0.151265
0.150638
0.150020
0.149561
0.148811
0.148216
0.147438
0.146735
0.146030
0.145278
0.144628
0.144017
0.143157
0.142606
0.141884
0.141242
0.140380
0.139643
0.138998
0.138461
0.137663
0.136956
0.136272
0.135633
0.134903
0.134315
0.133660
0.132937
0.132177
0.131532
0.130758
0.130175
0.129460
0.128670
0.127984
0.127461
0.126994
0.126263
0.125630
0.124910
0.124303
0.123653
0.123005
0.122359
0.121809
0.121051
0.120426
0.119761
0.119101
0.118521
0.117931
0.117258
0.116682
0.115998
0.115376
0.114764
0.114239
0.113764
0.112947
0.112314
0.111757
0.111158
0.110673
0.110033
0.109551
0.109030
0.108345
0.107739
0.107102
0.106451
0.105912
0.105328
0.104840
0.104217
0.103741
0.103048
0.102584
0.101877
0.101286
0.100735
0.100105
0.099474
0.098958
0.098389
0.097746
0.097219
0.096642
0.095946
0.095360
0.094804
0.094232
0.093627
0.093053
0.092545
0.091937
0.091397
0.090818
0.090188
0.089522
0.089073
0.088594
0.088001
0.087415
0.086967
0.086372
0.085867
0.085281
0.084667
0.084210
0.083738
0.083259
0.082776
0.082165
0.081733
0.081256
0.080766
0.080320
0.079811
0.079353
0.078800
0.078376
0.077913
0.077439
0.077004
0.076642
0.076151
0.075683
0.075238
0.074854
0.074389
0.073934
0.073490
0.073013
0.072660
0.072214
0.071725
0.071303
0.070962
0.070498
0.070200
0.069696
0.069363
0.068915
0.068638
0.068256
0.067870
0.067423
0.067103
0.066694
0.066364
0.066011
0.065692
0.065283
0.064958
0.064660
0.064309
0.064042
0.063627
0.063355
0.062936
0.062657
0.062426
0.062062
0.061753
0.061491
0.061191
0.060831
0.060617
0.060337
0.060110
0.059709
0.059439
0.059154
0.058820
0.058659
0.058489
0.058180
0.057960
0.057767
0.057455
0.057262
0.057022
0.056713
0.056552
0.056253
0.056142
0.055834
0.055680
0.055424
0.055221
0.055009
0.054847
0.054627
0.054294
0.054250
0.053917
0.053823
0.053588
0.053478
0.053141
0.052939
0.052710
0.052567
0.052330
0.052236
0.051973
0.051907
0.051591
0.051351
0.051183
0.051052
0.050927
0.050820
0.050632
0.050515
0.050337
0.050150
0.050026
0.049781
0.049580
0.049313
0.049250
0.049182
0.049042
0.048920
0.048681
0.048646
0.048399
0.048406
0.048354
0.048115
0.047953
0.047874
0.047889
0.047689
0.047603
0.047461
0.047356
0.047169
0.047099
0.047025
0.046861
0.046735
0.046663
0.046546
0.046544
0.046475
0.046282
0.046210
0.046045
0.045882
0.045762
0.045735
0.045651
0.045494
0.045414
0.045277
0.045258
0.045106
0.045104
0.045061
0.044963
0.044779
0.044655
0.044531
0.044507
0.044399
0.044335
0.044208
0.044126
0.043992
0.043928
0.043816
0.043662
0.043583
0.043534
0.043388
0.043333
0.043274
0.043149
0.043123
0.042984
0.042927
0.042794
0.042722
0.042718
0.042581
0.042580
0.042485
0.042290
0.042255
0.042107
0.042074
0.041973
0.041834
0.041702
0.041514
0.041465
0.041411
0.041326
0.041282
0.041309
0.041156
0.041058
0.040940
0.040825
0.040729
0.040639
0.040525
0.040378
0.040328
0.040295
0.040243
0.040070
0.040023
0.039906
0.039847
0.039732
0.039561
0.039422
0.039444
0.039338
0.039229
0.039182
0.038968
0.038879
0.038914
0.038765
0.038710
0.038659
0.038514
0.038376
0.038335
0.038233
0.038208
0.037996
0.037921
0.037784
0.037722
0.037628
0.037617
0.037496
0.037394
0.037259
0.037234
0.037124
0.037056
0.036927
0.036841
0.036779
0.036754
0.036703
0.036608
0.036408
0.036451
0.036395
0.036302
0.036247
0.036108
0.036025
0.035959
0.035897
0.035866
0.035760
0.035683
0.035539
0.035540
0.035434
0.035442
0.035309
0.035275
0.035144
0.035098
0.035099
0.034936
0.034973
0.034897
0.034792
0.034677
0.034631
0.034593
0.034589
0.034536
0.034468
0.034500
0.034406
0.034361
0.034277
0.034262
0.034216
0.034159
0.034131
0.034084
0.034069
0.034042
0.033963
0.034010
0.033955
0.033807
0.033749
0.033722
0.033669
0.033671
0.033609
0.033609
0.033642
0.033492
0.033370
0.033370
0.033298
0.033227
0.033183
0.033093
0.033064
0.033017
0.032930
0.032971
0.032943
0.032943
0.032943
0.032831
0.032831
0.032788
0.032780
0.032807
0.032740
0.032654
0.032625
0.032613
0.032572
0.032471
0.032431
0.032474
0.032341
0.032373
0.032319
0.032290
0.032251
0.032179
0.032123
0.032113
0.032028
0.032028
0.031990
0.031905
0.031940
0.031931
0.031895
0.031910
0.031846
0.031792
0.031747
0.031731
0.031731
0.031759
0.031666
0.031633
0.031612
0.031604
0.031488
0.031403
0.031403
0.031383
0.031431
0.031331
0.031239
0.031233
0.031135
0.031119
0.031151
0.031153
0.031105
0.031012
0.031008
0.031008
0.031008
0.030947
0.030918
0.030901
0.030901
0.030871
0.030868
0.030820
0.030780
0.030764
0.030719
0.030759
0.030797
0.030748
0.030711
0.030657
0.030637
0.030637
0.030608
0.030598
0.030544
0.030579
0.030490
0.030446
0.030447
0.030399
0.030399
0.030363
0.030318
0.030276
0.030244
0.030252
0.030252
0.030252
0.030178
0.030178
0.030152
0.030140
0.030140
0.030118
0.030037
0.030041
0.029965
0.029965
0.029949
0.029938
0.029893
0.029893
0.029718
0.029718
0.029718
0.029702
0.029663
0.029638
0.029638
0.029667
0.029667
0.029706
0.029667
0.029541
0.029512
0.029560
0.029581
0.029616
0.029624
0.029624
0.029572
0.029514
0.029514
0.029466
0.029466
0.029443
0.029474
0.029443
0.029474
0.029439
0.029369
0.029295
0.029305
0.029300
0.029280
0.029274
0.029274
0.029274
0.029244
0.029156
0.029156
0.029136
0.029131
0.029092
0.029062
0.029038
0.029038
0.029038
0.029051
0.029051
0.029005
0.028968
0.028968
0.028926
0.028961
0.028961
0.028961
0.028897
0.028930
0.028913
0.028889
0.028847
0.028835
0.028829
0.028802
0.028764
0.028781
0.028772
0.028810
0.028810
0.028810
0.028810
0.028774
0.028753
0.028711
0.028671
0.028633
0.028633
0.028633
0.028599
0.028599
0.028589
0.028589
0.028589
0.028623
0.028623
0.028638
0.028529
0.028548
0.028427
0.028427
0.028427
0.028468
0.028414
0.028414
0.028387
0.028387
0.028351
0.028351
0.028351
0.028367
0.028402
0.028402
0.028402
0.028402
0.028402
0.028364
0.028325
0.028325
0.028318
0.028306
0.028289
0.028362
0.028350
0.028337
0.028294
0.028294
0.028294
0.028294
0.028332
0.028332
0.028332
0.028306
0.028306
0.028271
0.028288
0.028282
0.028282
0.028241
0.028227
0.028155
0.028190
0.028176
0.028193
0.028193
0.028193
0.028156
0.028126
0.028126
0.028080
0.028080
0.028059
0.028120
0.028086
0.028104
0.028094
0.028094
0.028094
0.028085
0.028085
0.028085
0.028085
0.028051
0.028051
0.028051
0.028016
0.027942
0.027942
0.027942
0.027942
0.027942
0.027942
0.027942
0.027934
0.027934
0.027969
0.027969
0.027969
0.027988
0.027988
0.027988
0.027988
0.027954
0.027961
0.027925
0.027925
0.027964
0.027993
0.027993
0.028013
0.028013
0.027979
0.027979
0.027979
0.027938
0.027962
0.027932
0.027932
0.027948
0.027948
0.027948
0.027948
0.027943
0.027861
0.027861
0.027822
0.027822
0.027822
0.027857
0.027845
0.027823
0.027823
0.027823
0.027856
0.027890
0.027890
0.027877
0.027877
0.027877
0.027843
0.027798
0.027798
0.027820
0.027786
0.027786
0.027783
0.027783
0.027780
0.027775
0.027745
0.027745
0.027779
0.027747
0.027747
0.027747
0.027799
0.027721
0.027721
0.027682
0.027703
0.027703
0.027703
0.027733
0.027733
0.027733
0.027733
0.027733
0.027733
0.027756
0.027756
0.027725
0.027725
0.027725
0.027695
0.027695
0.027695
0.027695
0.027730
0.027686
0.027686
0.027686
0.027686
0.027710
0.027710
0.027710
0.027710
0.027681
0.027681
0.027716
0.027736
0.027736
0.027736
0.027736
0.027734
0.027734
0.027734
0.027758
0.027758
0.027758
0.027750
0.027750
0.027781
0.027744
0.027780
0.027777
0.027777
0.027777
0.027810
0.027810
0.027810
0.027835
0.027802
0.027802
0.027802
0.027802
0.027802
0.027784
0.027757
0.027757
0.027757
0.027792
0.027792
0.027792
0.027827
0.027827
0.027861
0.027886
0.027844
0.027844
0.027844
0.027844
0.027844
0.027844
0.027844
0.027844
0.027844
0.027819
0.027819
0.027819
0.027819
0.027819
0.027819
0.027881
0.027881
0.027881
0.027881
0.027855
0.027866
0.027866
0.027866
0.027866
0.027866
0.027866
0.027866
0.027866
0.027866
0.027871
0.027871
0.027871
0.027871
0.027897
0.027869
0.027869
0.027868
0.027901
0.027901
0.027901
0.027913
0.027913
0.027913
0.027868
0.027868
0.027868
0.027868
0.027904
0.027904
0.027880
0.027880
0.027880
0.027880
0.027907
0.027907
0.027907
0.027907
0.027907
0.027907
0.027907
0.027907
0.027907
0.027907
0.027907
0.027907
0.027907
0.027907
0.027907
0.027925
0.027925
0.027925
0.027925
0.027952
0.027988
0.027988
0.028024
0.028024
0.028024
0.028003
0.028003
0.028003
0.028003
0.028003
0.028003
0.028003
0.028003
0.027969
0.027969
0.027969
0.028002
0.028002
0.027978
0.028010
0.028044
0.028072
0.028072
0.028072
0.028072
0.028038
0.028038
0.028038
0.028038
0.028038
0.028074
0.028074
0.028074
0.028074
0.028074
0.028009
0.028044
0.028009
0.028046
0.028046
0.028046
0.028046
0.028075
0.028037
0.028037
0.028037
0.028037
0.028037
0.028037
0.028076
0.028076
0.028076
0.028081
0.028081
0.028081
0.028081
0.028059
0.028021
0.028054
0.028091
0.028091
0.028123
0.028123
0.028123
0.028152
0.028119
0.028141
0.028151
0.028151
0.028151
0.028151
0.028113
0.028113
0.028146
0.028146
0.028146
0.028146
0.028113
0.028113
0.028113
0.028151
0.028151
0.028151
0.028151
0.028151
0.028142
0.028142
0.028142
0.028142
0.028142
0.028180
0.028142
0.028142
0.028142
0.028147
0.028158
0.028158
0.028158
0.028195
0.028145
0.028145
0.028185
0.028185
0.028185
0.028223
0.028185
0.028214
0.028214
0.028252
0.028252
0.028252
0.028289
0.028289
0.028252
0.028284
0.028284
0.028323
0.028363
0.028363
0.028363
0.028324
0.028324
0.028362
0.028362
0.028362
0.028362
0.028391
0.028354
0.028429
0.028429
0.028429
0.028429
0.028429
0.028429
0.028429
0.028382
0.028420
0.028420
0.028420
0.028420
0.028420
0.028421
0.028421
0.028421
0.028450
0.028450
0.028450
0.028450
0.028450
0.028412
0.028418
0.028418
0.028418
0.028459
0.028459
0.028460
0.028460
0.028460
0.028460
0.028460
0.028460
0.028460
0.028460
0.028460
0.028490
0.028490
0.028490
0.028490
0.028528
0.028490
0.028560
0.028560
0.028560
0.028560
0.028560
0.028560
0.028555
0.028555
0.028554
0.028554
0.028554
0.028585
0.028623
0.028586
0.028586
0.028586
0.028586
0.028586
0.028586
0.028586
0.028659
0.028659
0.028624
0.028624
0.028624
0.028624
0.028662
0.028655
0.028655
0.028655
0.028655
0.028655
0.028655
0.028731
0.028731
0.028731
0.028730
0.028696
0.028668
0.028668
0.028706
0.028668
0.028706
0.028737
0.028737
0.028737
0.028771
0.028771
0.028771
0.028771
0.028770
0.028770
0.028736
0.028736
0.028736
0.028737
0.028768
0.028768
0.028800
0.028800
0.028834
0.028834
0.028834
0.028796
0.028833
0.028833
0.028813
0.028813
0.028813
0.028775
0.028814
0.028814
0.028814
0.028880
0.028880
0.028880
0.028880
0.028880
0.028917
0.028917
0.028917
0.028883
0.028883
0.028888
0.028888
0.028926
0.028961
0.028992
0.028992
0.028992
0.028954
0.028954
0.028974
0.028974
0.028974
0.028974
0.028940
0.028940
0.028971
0.029006
0.029044
0.029050
0.029050
0.029012
0.029012
0.029012
0.029012
0.029050
0.029031
0.029031
0.029031
0.028960
0.028994
0.028998
0.029031
0.029031
0.029031
0.029031
0.029031
0.029031
0.029031
0.029031
0.029031
0.029031
0.029031
0.029063
0.029063
0.029063
0.029095
0.029095
0.029095
0.029095
0.029095
0.029095
0.029133
0.029133
0.029133
0.029133
0.029133
0.029133
0.029139
0.029139
0.029171
0.029171
0.029171
0.029171
0.029209
0.029209
0.029209
0.029209
0.029209
0.029209
0.029209
0.029209
0.029246
0.029279
0.029279
0.029279
0.029279
0.029279
0.029279
0.029279
0.029279
0.029279
0.029279
0.029279
0.029296
0.029285
0.029285
0.029319
0.029319
0.029319
0.029319
0.029319
0.029297
0.029297
0.029297
0.029297
0.029297
0.029297
0.029297
0.029297
0.029297
0.029331
0.029331
0.029331
0.029331
0.029331
0.029331
0.029331
0.029340
0.029340
0.029340
0.029340
0.029340
0.029340
0.029340
0.029374
0.029406
0.029370
0.029370
0.029406
0.029374
0.029374
0.029374
0.029374
0.029374
0.029374
0.029374
0.029406
0.029370
0.029370
0.029370
0.029370
0.029404
0.029404
0.029404
0.029404
0.029404
0.029404
0.029404
0.029404
0.029404
0.029404
0.029404
0.029441
0.029441
0.029441
0.029441
0.029441
0.029441
0.029441
0.029441
0.029441
0.029441
0.029441
0.029475
0.029475
0.029475
0.029440
0.029440
0.029440
0.029440
0.029440
0.029440
0.029440
0.029440
0.029440
0.029440
0.029440
0.029440
0.029440
0.029440
0.029440
0.029440
0.029440
0.029440
0.029440
0.029440
0.029440
0.029440
0.029440
0.029440
0.029440
0.029458
0.029422
0.029422
0.029422
0.029422
0.029422
0.029422
0.029422
0.029422
0.029422
0.029422
0.029422
0.029422
0.029422
0.029422
0.029422
0.029387
0.029387
0.029387
0.029387
0.029387
0.029387
0.029387
0.029387
0.029387
0.029387
