2.022064
1.881479
1.757659
1.679976
1.644311
1.632656
1.630221
1.629768
1.629331
1.628838
1.628162
1.627368
1.626953
1.626408
1.625479
1.624247
1.623101
1.621966
1.621231
1.620688
1.620093
1.619754
1.619228
1.618976
1.618540
1.617967
1.617347
1.616728
1.615648
1.614588
1.613453
1.611981
1.610490
1.608984
1.607503
1.605979
1.604559
1.602796
1.600653
1.598442
1.596335
1.594426
1.592519
1.590704
1.588534
1.586370
1.584174
1.582070
1.579807
1.577912
1.575709
1.573524
1.571268
1.568896
1.566590
1.564237
1.562009
1.559596
1.557197
1.554784
1.552328
1.550064
1.547410
1.544861
1.542250
1.539634
1.537062
1.534355
1.531417
1.528391
1.525926
1.523508
1.520482
1.517433
1.514826
1.511944
1.508929
1.505877
1.502871
1.500128
1.497467
1.494252
1.491133
1.488140
1.485153
1.482181
1.478860
1.475409
1.472024
1.468676
1.465455
1.462363
1.459049
1.455453
1.451837
1.448190
1.445232
1.442305
1.439027
1.436310
1.433830
1.431607
1.428781
1.425792
1.422831
1.420246
1.417226
1.414219
1.411050
1.407489
1.403904
1.400352
1.396690
1.393104
1.389572
1.385828
1.382766
1.379730
1.376783
1.374146
1.371210
1.368271
1.365331
1.362555
1.359718
1.356507
1.353339
1.349829
1.346178
1.342560
1.338737
1.335097
1.331736
1.328404
1.325587
1.322967
1.320589
1.318081
1.315536
1.313017
1.310246
1.307472
1.304500
1.301123
1.298097
1.294914
1.291558
1.288323
1.284758
1.281089
1.277427
1.273891
1.270523
1.267168
1.263827
1.260791
1.257350
1.254208
1.250927
1.247482
1.243888
1.240426
1.236764
1.233250
1.229951
1.226704
1.222971
1.219618
1.216519
1.212998
1.209580
1.206480
1.203348
1.200094
1.196626
1.193023
1.189723
1.186463
1.183171
1.179703
1.176395
1.173266
1.170033
1.166837
1.163852
1.160761
1.157804
1.154785
1.151727
1.148827
1.145852
1.142993
1.139916
1.137097
1.134260
1.131268
1.128372
1.125478
1.122607
1.119959
1.117371
1.114512
1.111662
1.108436
1.105203
1.101700
1.098266
1.094805
1.091308
1.087659
1.084171
1.080500
1.077437
1.074776
1.072107
1.069475
1.066505
1.063519
1.060564
1.057705
1.054769
1.051736
1.048648
1.045660
1.042685
1.039655
1.036641
1.033841
1.030836
1.027927
1.025033
1.022029
1.019012
1.016048
1.012926
1.009763
1.006754
1.003638
1.000628
0.997656
0.994706
0.991548
0.988707
0.985548
0.982447
0.979362
0.976115
0.973053
0.969982
0.966876
0.963749
0.960694
0.957634
0.954694
0.951686
0.948723
0.945598
0.942386
0.939194
0.936046
0.932858
0.929736
0.926418
0.923361
0.920167
0.917023
0.914285
0.911093
0.907824
0.904688
0.901579
0.898163
0.895139
0.892301
0.889500
0.886407
0.883421
0.880159
0.876863
0.873291
0.869846
0.867090
0.863925
0.860644
0.857182
0.853681
0.850041
0.846425
0.842991
0.839541
0.835950
0.832962
0.830071
0.826666
0.823063
0.819566
0.816408
0.812819
0.809381
0.806115
0.802719
0.799205
0.795853
0.792610
0.789277
0.785876
0.782594
0.779317
0.776301
0.772782
0.769619
0.766567
0.763011
0.759765
0.756315
0.753416
0.750700
0.747687
0.744546
0.741322
0.738254
0.734902
0.731692
0.728437
0.725149
0.721871
0.718583
0.715205
0.711696
0.708295
0.704848
0.701281
0.697833
0.694363
0.690798
0.687544
0.684122
0.680759
0.677417
0.674243
0.671044
0.667606
0.664092
0.660481
0.657018
0.653527
0.650084
0.646407
0.643018
0.639468
0.636150
0.633232
0.630321
0.627459
0.625005
0.622649
0.620231
0.617826
0.615109
0.611962
0.609107
0.605628
0.602290
0.598696
0.595253
0.591621
0.588106
0.584643
0.581250
0.578000
0.574522
0.571260
0.567755
0.564170
0.560692
0.557007
0.553707
0.550184
0.546941
0.543867
0.540850
0.538251
0.535561
0.533215
0.530707
0.528099
0.525336
0.522126
0.519000
0.515633
0.512150
0.508720
0.505203
0.501764
0.498600
0.495185
0.491681
0.488484
0.485213
0.482164
0.478855
0.475722
0.472237
0.468876
0.465470
0.462051
0.458934
0.456019
0.453512
0.450927
0.448499
0.446060
0.443728
0.441175
0.438794
0.436132
0.433315
0.430514
0.427677
0.424706
0.421906
0.418950
0.416160
0.413303
0.410671
0.407956
0.405189
0.402376
0.399923
0.397268
0.394684
0.392236
0.389538
0.386974
0.384616
0.382090
0.379605
0.377084
0.374612
0.372096
0.369697
0.367325
0.365009
0.362740
0.360383
0.358049
0.355660
0.353338
0.350986
0.348939
0.346825
0.344517
0.342301
0.340070
0.338175
0.336081
0.334336
0.332194
0.330273
0.328482
0.326507
0.324756
0.323040
0.321255
0.319501
0.317810
0.315986
0.314284
0.312412
0.310819
0.308987
0.307302
0.305883
0.304343
0.302558
0.300984
0.299338
0.297841
0.296334
0.294762
0.293251
0.291733
0.290206
0.288604
0.287137
0.285713
0.284390
0.282973
0.281586
0.280061
0.278690
0.277330
0.275751
0.274453
0.273070
0.271560
0.270074
0.268671
0.267146
0.265576
0.264162
0.262718
0.261271
0.260089
0.258776
0.257632
0.256524
0.255339
0.254203
0.252913
0.251772
0.250646
0.249532
0.248584
0.247394
0.246422
0.245407
0.244108
0.243245
0.242058
0.240955
0.239975
0.239035
0.237870
0.236966
0.235793
0.234879
0.233873
0.232736
0.231909
0.230773
0.229735
0.228805
0.227750
0.226842
0.225821
0.224811
0.223894
0.222840
0.221787
0.220850
0.219775
0.218796
0.217914
0.216914
0.215822
0.214813
0.213906
0.212743
0.211788
0.210799
0.209738
0.208834
0.207655
0.206581
0.205621
0.204551
0.203524
0.202561
0.201396
0.200286
0.199259
0.198098
0.197059
0.196081
0.194999
0.193834
0.192762
0.191658
0.190599
0.189583
0.188549
0.187308
0.186244
0.185279
0.184068
0.182936
0.181944
0.180818
0.179754
0.178674
0.177539
0.176478
0.175412
0.174463
0.173210
0.172339
0.171234
0.170239
0.169321
0.168232
0.167202
0.166199
0.165242
0.164239
0.163347
0.162300
0.161419
0.160580
0.159631
0.158718
0.157892
0.157123
0.156176
0.155459
0.154570
0.153805
0.152914
0.152111
0.151325
0.150580
0.149835
0.149092
0.148430
0.147749
0.146973
0.146376
0.145615
0.145014
0.144375
0.143697
0.143125
0.142337
0.141729
0.141086
0.140538
0.139948
0.139343
0.138774
0.138283
0.137617
0.137055
0.136565
0.136076
0.135440
0.134817
0.134325
0.133866
0.133419
0.132754
0.132124
0.131738
0.131310
0.130839
0.130230
0.129817
0.129331
0.128885
0.128324
0.127864
0.127359
0.126891
0.126525
0.125865
0.125441
0.124938
0.124539
0.123949
0.123541
0.123048
0.122426
0.121950
0.121488
0.120895
0.120434
0.120070
0.119568
0.118966
0.118456
0.117993
0.117433
0.117011
0.116342
0.115843
0.115242
0.114641
0.114107
0.113562
0.113017
0.112419
0.111722
0.111066
0.110597
0.110079
0.109322
0.108666
0.108067
0.107363
0.106731
0.106024
0.105388
0.104823
0.104123
0.103345
0.102675
0.101980
0.101233
0.100510
0.099829
0.099077
0.098362
0.097625
0.096857
0.096156
0.095354
0.094625
0.093745
0.093067
0.092304
0.091442
0.090708
0.089938
0.089308
0.088471
0.087716
0.087017
0.086296
0.085527
0.084817
0.084172
0.083405
0.082742
0.082066
0.081361
0.080698
0.080094
0.079414
0.078776
0.078045
0.077438
0.076962
0.076282
0.075766
0.075239
0.074710
0.074135
0.073578
0.073058
0.072491
0.071983
0.071440
0.070944
0.070439
0.070025
0.069541
0.069039
0.068661
0.068213
0.067817
0.067304
0.066980
0.066596
0.066216
0.065792
0.065460
0.065166
0.064817
0.064483
0.064092
0.063780
0.063471
0.063207
0.062776
0.062515
0.062091
0.061863
0.061442
0.061235
0.061003
0.060831
0.060608
0.060378
0.060198
0.059869
0.059668
0.059430
0.059259
0.058913
0.058677
0.058498
0.058384
0.058085
0.057901
0.057758
0.057618
0.057350
0.057169
0.057032
0.056807
0.056606
0.056430
0.056327
0.056106
0.056002
0.055847
0.055724
0.055546
0.055425
0.055335
0.055157
0.055017
0.054862
0.054667
0.054511
0.054397
0.054169
0.054006
0.053960
0.053728
0.053673
0.053568
0.053402
0.053332
0.053141
0.053109
0.052966
0.052868
0.052674
0.052607
0.052521
0.052371
0.052222
0.052148
0.052012
0.051960
0.051810
0.051711
0.051632
0.051492
0.051307
0.051302
0.051124
0.050991
0.050897
0.050685
0.050617
0.050510
0.050407
0.050318
0.050182
0.050168
0.049919
0.049920
0.049844
0.049679
0.049576
0.049545
0.049360
0.049319
0.049129
0.048989
0.048990
0.048812
0.048744
0.048608
0.048473
0.048389
0.048284
0.048204
0.048032
0.047922
0.047863
0.047775
0.047593
0.047443
0.047321
0.047295
0.047116
0.046945
0.046830
0.046739
0.046608
0.046489
0.046391
0.046346
0.046165
0.046069
0.046033
0.045908
0.045862
0.045701
0.045526
0.045433
0.045217
0.045133
0.045126
0.044961
0.044826
0.044700
0.044557
0.044469
0.044292
0.044194
0.044127
0.044057
0.043971
0.043847
0.043712
0.043612
0.043509
0.043365
0.043188
0.043012
0.042933
0.042843
0.042748
0.042580
0.042470
0.042383
0.042365
0.042210
0.042068
0.041891
0.041797
0.041688
0.041591
0.041478
0.041315
0.041255
0.041148
0.041113
0.041028
0.040865
0.040750
0.040663
0.040599
0.040536
0.040466
0.040319
0.040205
0.039910
0.039850
0.039782
0.039672
0.039625
0.039606
0.039506
0.039375
0.039248
0.039181
0.039075
0.038928
0.038862
0.038765
0.038551
0.038518
0.038462
0.038350
0.038223
0.038105
0.038090
0.037961
0.037824
0.037688
0.037723
0.037555
0.037506
0.037457
0.037408
0.037378
0.037284
0.037144
0.037030
0.036973
0.036818
0.036818
0.036667
0.036618
0.036530
0.036512
0.036446
0.036362
0.036263
0.036122
0.036063
0.035980
0.035993
0.035938
0.035938
0.035765
0.035807
0.035701
0.035626
0.035505
0.035466
0.035304
0.035298
0.035168
0.035129
0.035112
0.035119
0.035039
0.034929
0.034829
0.034832
0.034735
0.034641
0.034558
0.034540
0.034462
0.034342
0.034312
0.034259
0.034211
0.034118
0.034118
0.034031
0.033982
0.033876
0.033898
0.033800
0.033807
0.033757
0.033796
0.033666
0.033639
0.033596
0.033527
0.033479
0.033430
0.033471
0.033422
0.033344
0.033238
0.033276
0.033227
0.033227
0.033138
0.033096
0.033112
0.033034
0.033022
0.032929
0.032929
0.032880
0.032880
0.032880
0.032869
0.032854
0.032721
0.032712
0.032712
0.032584
0.032584
0.032584
0.032612
0.032571
0.032523
0.032472
0.032448
0.032400
0.032400
0.032418
0.032402
0.032350
0.032350
0.032309
0.032223
0.032238
0.032190
0.032135
0.032135
0.032087
0.032087
0.032152
0.032104
0.032089
0.032051
0.032003
0.032042
0.032074
0.032091
0.031993
0.031947
0.031947
0.031816
0.031816
0.031880
0.031880
0.031833
0.031833
0.031812
0.031812
0.031746
0.031746
0.031779
0.031733
0.031676
0.031676
0.031667
0.031667
0.031622
0.031578
0.031606
0.031606
0.031561
0.031607
0.031570
0.031570
0.031570
0.031545
0.031538
0.031538
0.031538
0.031594
0.031550
0.031550
0.031550
0.031475
0.031437
0.031415
0.031415
0.031415
0.031415
0.031415
0.031393
0.031393
0.031388
0.031425
0.031425
0.031380
0.031352
0.031313
0.031346
0.031346
0.031314
0.031314
0.031276
0.031234
0.031234
0.031237
0.031261
0.031261
0.031298
0.031217
0.031156
0.031156
0.031126
0.031126
0.031042
0.031042
0.031042
0.030959
0.030913
0.030979
0.030979
0.030979
0.030982
0.031008
0.031029
0.031029
0.031021
0.030984
0.030984
0.030984
0.030984
0.030984
0.030984
0.030984
0.030984
0.030941
0.030941
0.030941
0.030941
0.030941
0.030904
0.030876
0.030853
0.030857
0.030857
0.030823
0.030783
0.030783
0.030751
0.030753
0.030790
0.030790
0.030790
0.030834
0.030715
0.030749
0.030749
0.030781
0.030747
0.030769
0.030760
0.030760
0.030760
0.030768
0.030788
0.030788
0.030755
0.030755
0.030719
0.030683
0.030683
0.030683
0.030715
0.030678
0.030609
0.030609
0.030632
0.030669
0.030630
0.030662
0.030662
0.030696
0.030696
0.030659
0.030688
0.030688
0.030688
0.030645
0.030645
0.030645
0.030719
0.030684
0.030708
0.030673
0.030637
0.030637
0.030671
0.030598
0.030598
0.030598
0.030630
0.030630
0.030630
0.030618
0.030692
0.030670
0.030633
0.030633
0.030595
0.030620
0.030620
0.030551
0.030551
0.030551
0.030551
0.030551
0.030561
0.030561
0.030597
0.030519
0.030519
0.030476
0.030510
0.030502
0.030502
0.030491
0.030491
0.030491
0.030491
0.030491
0.030491
0.030491
0.030527
0.030532
0.030532
0.030532
0.030532
0.030532
0.030491
0.030489
0.030489
0.030470
0.030497
0.030459
0.030454
0.030454
0.030455
0.030491
0.030533
0.030533
0.030533
0.030491
0.030455
0.030455
0.030487
0.030487
0.030487
0.030487
0.030425
0.030425
0.030425
0.030393
0.030393
0.030468
0.030468
0.030468
0.030431
0.030431
0.030450
0.030450
0.030418
0.030415
0.030415
0.030415
0.030453
0.030418
0.030380
0.030380
0.030380
0.030456
0.030456
0.030490
0.030512
0.030512
0.030401
0.030410
0.030410
0.030410
0.030447
0.030447
0.030447
0.030447
0.030447
0.030465
0.030417
0.030452
0.030452
0.030452
0.030452
0.030452
0.030518
0.030518
0.030518
0.030478
0.030478
0.030478
0.030484
0.030484
0.030523
0.030523
0.030523
0.030529
0.030529
0.030529
0.030529
0.030496
0.030431
0.030460
0.030460
0.030460
0.030460
0.030460
0.030497
0.030497
0.030497
0.030497
0.030497
0.030497
0.030497
0.030497
0.030497
0.030497
0.030497
0.030497
0.030493
0.030493
0.030503
0.030503
0.030472
0.030472
0.030439
0.030439
0.030439
0.030439
0.030439
0.030439
0.030439
0.030479
0.030479
0.030441
0.030441
0.030441
0.030417
0.030417
0.030417
0.030417
0.030417
0.030417
0.030384
0.030384
0.030384
0.030343
0.030374
0.030374
0.030388
0.030388
0.030423
0.030423
0.030423
0.030423
0.030423
0.030423
0.030377
0.030377
0.030377
0.030377
0.030377
0.030377
0.030447
0.030414
0.030414
0.030446
0.030446
0.030408
0.030373
0.030392
0.030392
0.030392
0.030392
0.030430
0.030430
0.030465
0.030465
0.030463
0.030441
0.030458
0.030420
0.030420
0.030420
0.030420
0.030388
0.030388
0.030388
0.030388
0.030388
0.030359
0.030359
0.030359
0.030359
0.030323
0.030323
0.030356
0.030356
0.030391
0.030429
0.030461
0.030461
0.030461
0.030461
0.030461
0.030429
0.030356
0.030356
0.030323
0.030323
0.030323
0.030323
0.030323
0.030323
0.030361
0.030393
0.030389
0.030411
0.030411
0.030411
0.030448
0.030484
0.030452
0.030414
0.030414
0.030414
0.030414
0.030414
0.030382
0.030383
0.030415
0.030415
0.030373
0.030373
0.030373
0.030373
0.030373
0.030373
0.030373
0.030341
0.030341
0.030341
0.030341
0.030341
0.030341
0.030373
0.030373
0.030373
0.030407
0.030407
0.030407
0.030407
0.030407
0.030407
0.030407
0.030407
0.030375
0.030375
0.030375
0.030375
0.030407
0.030403
0.030370
0.030370
0.030370
0.030394
0.030394
0.030394
0.030394
0.030394
0.030394
0.030353
0.030387
0.030387
0.030356
0.030356
0.030327
0.030327
0.030307
0.030272
0.030272
0.030272
0.030306
0.030306
0.030306
0.030272
0.030307
0.030307
0.030307
0.030307
0.030307
0.030307
0.030307
0.030306
0.030306
0.030340
0.030340
0.030340
0.030339
0.030339
0.030298
0.030298
0.030298
0.030298
0.030298
0.030298
0.030298
0.030298
0.030298
0.030298
0.030298
0.030298
0.030298
0.030298
0.030298
0.030298
0.030298
0.030298
0.030298
0.030298
0.030298
0.030298
0.030298
0.030298
0.030227
0.030203
0.030203
0.030238
0.030276
0.030276
0.030276
0.030276
0.030242
0.030204
0.030232
0.030238
0.030238
0.030238
0.030238
0.030238
0.030238
0.030215
0.030252
0.030252
0.030212
0.030212
0.030212
0.030212
0.030212
0.030212
0.030174
0.030174
0.030174
0.030174
0.030139
0.030139
0.030139
0.030156
0.030156
0.030156
0.030157
0.030157
0.030157
0.030117
0.030117
0.030152
0.030152
0.030092
0.030092
0.030092
0.030092
0.030092
0.030092
0.030092
0.030058
0.030058
0.030094
0.030094
0.030094
0.030094
0.030054
0.030052
0.029986
0.030021
0.030056
0.030056
0.030056
0.030056
0.030056
0.030057
0.030057
0.030057
0.030057
0.030057
0.030057
0.030057
0.030057
0.030018
0.030018
0.030018
0.030018
0.029994
0.029994
0.029994
0.029994
0.029994
0.029994
0.030032
0.030064
0.030064
0.030064
0.030064
0.029993
0.029993
0.029993
0.029993
0.029993
0.029993
0.029959
0.029959
0.029959
0.029959
0.029959
0.029991
0.029991
0.029991
0.029991
0.029991
0.029954
0.029922
0.029922
0.029922
0.029922
0.029922
0.029898
0.029898
0.029898
0.029898
0.029930
0.029966
0.029966
0.029966
0.029966
0.029966
0.029929
0.029929
0.029897
0.029860
0.029860
0.029831
0.029831
0.029831
0.029849
0.029885
0.029917
0.029917
0.029917
0.029917
0.029917
0.029917
0.029881
0.029881
0.029881
0.029848
0.029848
0.029848
0.029848
0.029848
0.029848
0.029825
0.029857
0.029857
0.029888
0.029888
0.029888
0.029888
0.029852
0.029852
0.029852
0.029820
0.029820
0.029820
0.029820
0.029820
0.029820
0.029852
0.029852
0.029852
0.029890
0.029890
0.029890
0.029890
0.029852
0.029817
0.029817
0.029785
0.029785
0.029785
0.029785
0.029785
0.029785
0.029817
0.029817
0.029855
0.029855
0.029855
0.029855
0.029855
0.029855
0.029817
0.029791
0.029702
0.029702
0.029669
0.029669
0.029669
0.029669
0.029701
0.029701
0.029776
0.029776
0.029776
0.029741
0.029741
0.029741
0.029703
0.029666
0.029634
0.029669
0.029637
0.029637
0.029609
0.029609
0.029677
0.029677
0.029680
0.029680
0.029680
0.029680
0.029680
0.029680
0.029680
0.029642
0.029645
0.029645
0.029645
0.029645
0.029645
0.029610
0.029642
0.029650
0.029650
0.029650
0.029650
0.029650
0.029650
0.029650
0.029650
0.029612
0.029580
0.029580
0.029580
0.029557
0.029557
0.029557
0.029589
0.029627
0.029627
0.029627
0.029627
0.029627
0.029627
0.029598
0.029598
0.029560
0.029528
0.029528
0.029528
0.029528
0.029528
0.029528
0.029560
0.029598
0.029598
0.029598
0.029598
0.029598
0.029598
0.029598
0.029598
0.029560
0.029528
0.029528
0.029528
0.029528
0.029528
0.029528
0.029534
0.029572
0.029572
0.029572
0.029572
0.029572
0.029572
0.029572
0.029572
0.029534
0.029502
0.029502
0.029502
0.029502
0.029502
0.029502
0.029534
0.029572
0.029572
0.029572
0.029572
0.029572
0.029572
0.029572
0.029572
0.029534
0.029480
0.029480
0.029480
0.029456
0.029456
0.029456
0.029456
0.029526
0.029563
0.029563
0.029563
0.029563
0.029563
0.029563
0.029563
0.029424
0.029424
0.029424
0.029396
0.029396
0.029396
0.029396
0.029396
0.029503
0.029503
0.029503
0.029503
0.029503
0.029503
0.029503
0.029503
0.029433
0.029433
0.029396
0.029396
0.029396
0.029433
0.029433
0.029433
0.029483
0.029483
0.029483
0.029483
0.029483
0.029483
0.029483
0.029483
0.029413
0.029413
0.029413
0.029413
0.029413
0.029413
0.029413
0.029413
0.029483
0.029483
0.029483
0.029483
0.029483
0.029483
0.029483
0.029483
0.029413
0.029413
0.029413
0.029413
0.029413
0.029413
0.029413
0.029413
0.029483
0.029462
0.029462
0.029462
0.029462
0.029462
0.029462
0.029462
0.029392
0.029392
0.029392
0.029392
0.029392
0.029392
0.029392
0.029376
0.029414
0.029445
0.029445
0.029445
0.029445
0.029445
0.029445
0.029445
0.029376
0.029376
0.029376
0.029376
0.029376
0.029376
0.029376
0.029376
0.029414
0.029445
0.029445
0.029445
0.029445
0.029445
0.029445
0.029414
0.029376
0.029376
0.029376
0.029376
0.029376
0.029376
0.029401
0.029401
0.029439
0.029471
0.029471
0.029471
0.029471
0.029471
0.029471
0.029439
0.029401
0.029401
0.029401
0.029401
0.029401
0.029401
0.029401
0.029401
0.029401
0.029471
0.029471
0.029436
0.029436
0.029430
0.029430
0.029433
0.029395
0.029395
0.029395
0.029395
0.029395
0.029395
0.029395
0.029395
0.029360
0.029430
0.029467
0.029467
0.029467
0.029467
0.029490
0.029421
0.029382
0.029382
0.029382
0.029365
0.029365
0.029330
0.029330
0.029330
0.029330
0.029406
0.029437
0.029412
0.029412
0.029453
0.029453
0.029421
0.029346
0.029346
0.029311
0.029311
0.029311
0.029311
0.029311
0.029311
0.029348
0.029386
0.029412
0.029412
0.029379
0.029379
0.029347
0.029347
0.029309
0.029271
0.029271
0.029271
0.029271
0.029271
0.029271
0.029309
0.029309
0.029347
0.029347
0.029347
0.029347
0.029347
0.029347
0.029309
0.029309
0.029309
0.029309
0.029309
0.029309
0.029309
0.029309
0.029309
0.029309
0.029347
0.029347
0.029347
0.029347
0.029347
0.029347
0.029309
0.029309
0.029309
0.029309
0.029309
0.029309
0.029309
0.029309
0.029309
0.029309
0.029347
0.029347
0.029347
0.029347
0.029347
0.029347
0.029309
0.029309
0.029309
0.029309
0.029309
0.029309
0.029309
0.029309
0.029309
0.029309
0.029347
0.029347
0.029347
0.029347
0.029347
0.029347
0.029309
0.029309
0.029309
0.029309
0.029309
0.029309
0.029309
0.029309
0.029309
0.029309
0.029347
0.029347
0.029347
0.029347
0.029347
0.029347
0.029309
0.029309
0.029309
0.029309
0.029309
0.029309
0.029309
0.029309
0.029309
0.029309
0.029347
0.029347
0.029347
0.029347
0.029347
0.029347
0.029309
0.029309
0.029309
0.029309
0.029309
0.029309
0.029309
0.029309
0.029309
0.029309
0.029347
0.029347
0.029347
0.029347
0.029347
0.029347
0.029309
0.029309
0.029309
0.029309
0.029309
0.029309
0.029309
0.029309
0.029309
0.029309
0.029347
0.029347
0.029347
0.029347
0.029347
0.029347
0.029309
0.029309
0.029309
0.029309
0.029309
0.029309
0.029309
0.029309
0.029309
0.029309
0.029347
0.029347
0.029347
0.029347
0.029347
0.029347
0.029309
0.029309
0.029309
0.029309
0.029309
0.029309
0.029296
0.029296
0.029296
0.029296
0.029334
0.029334
0.029334
0.029334
0.029334
0.029334
0.029296
0.029296
0.029296
0.029296
0.029296
0.029296
0.029296
0.029296
0.029296
0.029296
0.029334
0.029334
0.029334
0.029334
0.029334
0.029334
0.029296
0.029296
0.029296
0.029296
0.029296
0.029296
0.029296
0.029296
0.029296
0.029296
0.029334
0.029334
0.029334
0.029334
0.029334
0.029334
0.029296
0.029296
0.029296
0.029288
0.029288
0.029288
0.029288
0.029288
0.029288
0.029288
0.029288
0.029326
0.029326
0.029326
0.029326
0.029326
0.029288
0.029288
0.029288
0.029288
0.029288
0.029288
0.029288
0.029288
0.029288
0.029288
0.029288
0.029364
0.029364
0.029364
0.029364
0.029326
0.029288
0.029288
0.029288
0.029288
0.029288
0.029288
0.029288
0.029288
0.029288
0.029288
0.029326
0.029364
0.029364
0.029364
0.029364
0.029364
0.029288
0.029288
0.029263
0.029263
0.029263
0.029263
0.029263
0.029263
0.029263
0.029263
0.029301
0.029339
0.029339
0.029339
0.029339
0.029339
0.029301
0.029263
0.029263
0.029263
0.029263
0.029263
0.029263
0.029263
0.029263
0.029301
0.029301
0.029339
0.029339
0.029339
0.029339
0.029339
0.029301
0.029263
0.029263
0.029263
0.029296
0.029296
0.029296
0.029296
0.029263
0.029301
0.029301
0.029339
0.029339
0.029339
0.029339
0.029339
0.029301
0.029301
0.029263
0.029296
0.029296
0.029296
0.029296
0.029296
0.029301
0.029267
0.029267
0.029305
0.029305
0.029305
0.029339
0.029339
0.029301
0.029301
0.029296
0.029296
0.029296
0.029296
0.029296
0.029261
0.029267
0.029267
0.029267
0.029305
0.029305
0.029307
0.029307
0.029307
0.029269
0.029269
0.029301
0.029264
0.029229
0.029229
0.029229
0.029267
0.029267
0.029235
0.029235
0.029307
0.029277
0.029277
0.029277
0.029277
0.029238
0.029238
0.029236
0.029236
0.029236
0.029236
0.029236
0.029236
0.029236
0.029204
0.029238
0.029277
0.029277
0.029277
0.029277
0.029204
0.029204
0.029236
0.029236
0.029236
0.029236
0.029236
0.029236
0.029236
0.029236
0.029238
0.029238
0.029277
0.029277
0.029242
0.029242
0.029204
0.029204
0.029236
0.029236
0.029236
0.029236
0.029236
0.029236
0.029236
0.029236
0.029204
0.029204
0.029242
0.029242
0.029242
0.029242
0.029204
0.029204
0.029236
0.029236
0.029236
0.029236
0.029236
0.029236
0.029236
0.029236
0.029204
0.029204
0.029242
0.029242
0.029242
0.029242
0.029204
0.029204
0.029236
0.029236
0.029236
0.029236
0.029236
0.029236
0.029236
0.029236
0.029236
0.029204
0.029242
0.029242
0.029242
0.029242
0.029204
0.029204
0.029236
0.029236
0.029236
0.029236
0.029236
0.029236
0.029236
0.029236
0.029236
0.029204
0.029242
0.029242
0.029242
0.029242
0.029204
0.029236
0.029236
0.029236
0.029236
0.029236
0.029236
0.029236
0.029236
0.029236
0.029236
0.029204
0.029242
0.029242
0.029242
0.029242
