1.697504
1.544370
1.407957
1.320793
1.279225
1.265030
1.262431
1.262541
1.262803
1.262737
1.262267
1.261482
1.260996
1.260366
1.259858
1.259178
1.257946
1.256616
1.255134
1.253586
1.252095
1.250485
1.249064
1.247729
1.246041
1.244517
1.242501
1.241050
1.239095
1.236893
1.235053
1.232884
1.230336
1.227991
1.225817
1.223777
1.221518
1.219506
1.217473
1.215430
1.213414
1.211233
1.209070
1.206816
1.204338
1.202024
1.200055
1.197974
1.195906
1.194016
1.191817
1.189532
1.187287
1.184599
1.182608
1.179860
1.177485
1.175490
1.172953
1.170360
1.168265
1.165793
1.163330
1.161101
1.159120
1.156857
1.154269
1.151802
1.149151
1.146020
1.143624
1.140994
1.138140
1.135360
1.133218
1.130514
1.127872
1.124896
1.121917
1.118501
1.115204
1.111953
1.108940
1.105903
1.102262
1.098494
1.094886
1.091279
1.087741
1.084039
1.080104
1.076406
1.072407
1.068218
1.064660
1.061130
1.057748
1.053897
1.050187
1.045832
1.041553
1.037320
1.032836
1.028637
1.024499
1.020284
1.015987
1.011541
1.007119
1.002670
0.998398
0.994185
0.989700
0.985316
0.980735
0.976159
0.971907
0.967919
0.963756
0.959479
0.955164
0.950904
0.946477
0.941959
0.937444
0.933107
0.928752
0.924267
0.919885
0.915464
0.911081
0.906647
0.902629
0.898464
0.894388
0.889966
0.885913
0.881739
0.877640
0.873718
0.869854
0.866148
0.862554
0.858953
0.855406
0.851821
0.848215
0.844536
0.840967
0.837402
0.833871
0.830633
0.827416
0.824001
0.820596
0.817380
0.814414
0.810603
0.807645
0.805064
0.801589
0.798793
0.796594
0.794335
0.791374
0.789188
0.787683
0.785524
0.783037
0.780247
0.777423
0.774719
0.771814
0.769081
0.766217
0.763653
0.761025
0.758318
0.755815
0.753066
0.750506
0.747889
0.745289
0.742979
0.740497
0.737800
0.735099
0.732480
0.729821
0.727330
0.724829
0.722283
0.719781
0.717490
0.715089
0.712460
0.710004
0.707663
0.705021
0.702385
0.699971
0.697561
0.694735
0.692237
0.689838
0.687342
0.684733
0.681857
0.679425
0.677398
0.674718
0.672161
0.669558
0.667135
0.664866
0.661980
0.659160
0.656589
0.654149
0.651475
0.648628
0.645816
0.643041
0.640589
0.637857
0.635057
0.632102
0.629484
0.626856
0.623963
0.621157
0.618351
0.615700
0.612951
0.610150
0.607589
0.604721
0.601645
0.598669
0.596025
0.593016
0.590083
0.587239
0.584069
0.581108
0.578188
0.575085
0.572102
0.569040
0.566003
0.563004
0.559868
0.556892
0.553749
0.550816
0.547664
0.544708
0.541558
0.538341
0.535200
0.531952
0.528841
0.525777
0.522847
0.519656
0.516493
0.513295
0.510112
0.507048
0.503993
0.500906
0.497664
0.494633
0.491693
0.488787
0.485755
0.482784
0.479667
0.476632
0.473521
0.470537
0.467786
0.464927
0.461873
0.458913
0.456152
0.453135
0.450345
0.447374
0.444731
0.441839
0.438948
0.436160
0.433299
0.430411
0.427869
0.425088
0.422471
0.420048
0.417561
0.414868
0.412220
0.409777
0.407095
0.404573
0.401887
0.399272
0.396821
0.394198
0.391698
0.389364
0.386871
0.384420
0.382026
0.379468
0.377145
0.374741
0.372401
0.370143
0.367830
0.366194
0.364588
0.363245
0.362025
0.360831
0.359906
0.358918
0.358139
0.357361
0.356486
0.355472
0.354260
0.352806
0.351351
0.349717
0.347917
0.346073
0.344327
0.342421
0.340437
0.338425
0.336561
0.334649
0.332557
0.331127
0.330092
0.328770
0.327866
0.327046
0.326139
0.325217
0.324608
0.323743
0.323193
0.322562
0.321750
0.320712
0.319471
0.318140
0.316547
0.315016
0.313175
0.311293
0.309346
0.307359
0.305439
0.303333
0.301401
0.299471
0.297952
0.296834
0.295676
0.294754
0.293884
0.293130
0.292453
0.291696
0.291036
0.290343
0.289838
0.289132
0.287814
0.286362
0.284933
0.283224
0.281626
0.279875
0.278121
0.276533
0.274578
0.272841
0.270770
0.268829
0.266761
0.264689
0.262826
0.260704
0.258758
0.256669
0.254682
0.252852
0.250857
0.248915
0.247234
0.245269
0.243609
0.241734
0.239854
0.238278
0.236491
0.234726
0.233090
0.231216
0.229354
0.227746
0.225923
0.224216
0.222461
0.220769
0.219010
0.217398
0.215591
0.213857
0.212076
0.210552
0.208838
0.207127
0.205600
0.203984
0.202232
0.200815
0.199097
0.197701
0.196110
0.194506
0.193186
0.191746
0.190355
0.188958
0.187380
0.185947
0.184504
0.183046
0.181698
0.180228
0.178726
0.177522
0.176019
0.174545
0.173254
0.171912
0.170558
0.169260
0.167949
0.166491
0.165377
0.164266
0.163035
0.161775
0.160388
0.159179
0.158069
0.156719
0.155556
0.154367
0.153215
0.152168
0.151284
0.150074
0.148976
0.147954
0.146968
0.145711
0.144766
0.143566
0.142622
0.141475
0.140260
0.139451
0.138320
0.137368
0.136458
0.135482
0.134491
0.133511
0.132677
0.131618
0.130691
0.129651
0.128873
0.127814
0.127125
0.126154
0.125292
0.124548
0.123782
0.122841
0.122118
0.121263
0.120584
0.119828
0.119201
0.118343
0.117698
0.117051
0.116420
0.115536
0.114869
0.114265
0.113594
0.112841
0.112060
0.111417
0.110789
0.109909
0.109304
0.108643
0.107897
0.107254
0.106637
0.106008
0.105387
0.104841
0.104061
0.103475
0.102998
0.102225
0.101630
0.101031
0.100513
0.099823
0.099246
0.098710
0.098304
0.097793
0.097261
0.096692
0.096160
0.095595
0.095006
0.094513
0.094068
0.093254
0.092801
0.092234
0.091755
0.091129
0.090646
0.090083
0.089621
0.089170
0.088638
0.088032
0.087592
0.087049
0.086479
0.086004
0.085608
0.085025
0.084607
0.084178
0.083766
0.083308
0.083030
0.082599
0.082021
0.081663
0.081184
0.080574
0.080190
0.079658
0.079230
0.078841
0.078433
0.077996
0.077560
0.077213
0.076807
0.076311
0.076026
0.075617
0.075285
0.074744
0.074539
0.074229
0.073842
0.073514
0.073097
0.072806
0.072350
0.072149
0.071712
0.071366
0.071030
0.070772
0.070457
0.070015
0.069739
0.069368
0.069195
0.068838
0.068627
0.068279
0.068042
0.067849
0.067552
0.067286
0.067090
0.066707
0.066434
0.066154
0.065820
0.065654
0.065383
0.065161
0.064920
0.064681
0.064505
0.064193
0.063919
0.063793
0.063458
0.063248
0.062982
0.062774
0.062509
0.062343
0.061983
0.061885
0.061639
0.061372
0.061202
0.061035
0.060856
0.060618
0.060438
0.060274
0.060064
0.059778
0.059657
0.059486
0.059090
0.058937
0.058707
0.058546
0.058406
0.058164
0.058089
0.057837
0.057691
0.057429
0.057217
0.057092
0.056779
0.056633
0.056484
0.056278
0.055938
0.055742
0.055602
0.055335
0.055112
0.055017
0.054794
0.054625
0.054352
0.054162
0.053977
0.053835
0.053702
0.053384
0.053153
0.052885
0.052700
0.052562
0.052274
0.052041
0.051905
0.051739
0.051533
0.051236
0.051102
0.051028
0.050832
0.050582
0.050426
0.050316
0.050123
0.049840
0.049574
0.049377
0.049216
0.048966
0.048837
0.048663
0.048459
0.048334
0.048131
0.047826
0.047700
0.047611
0.047411
0.047156
0.046945
0.046694
0.046556
0.046318
0.046191
0.045958
0.045792
0.045607
0.045460
0.045328
0.045180
0.045054
0.044835
0.044659
0.044452
0.044224
0.044176
0.044016
0.043855
0.043718
0.043412
0.043275
0.043082
0.042967
0.042832
0.042660
0.042597
0.042434
0.042334
0.042156
0.042045
0.041933
0.041671
0.041529
0.041461
0.041267
0.041164
0.041020
0.040858
0.040739
0.040637
0.040469
0.040406
0.040270
0.040150
0.040038
0.039945
0.039770
0.039669
0.039399
0.039363
0.039295
0.039141
0.039083
0.038978
0.038886
0.038739
0.038651
0.038461
0.038346
0.038278
0.038157
0.038028
0.037905
0.037862
0.037866
0.037736
0.037628
0.037556
0.037461
0.037355
0.037270
0.037228
0.037115
0.037035
0.036927
0.036869
0.036841
0.036753
0.036587
0.036461
0.036416
0.036310
0.036254
0.036217
0.036127
0.035939
0.035939
0.035946
0.035833
0.035773
0.035653
0.035659
0.035603
0.035580
0.035438
0.035322
0.035285
0.035156
0.035150
0.035076
0.035023
0.034931
0.034787
0.034787
0.034765
0.034764
0.034684
0.034627
0.034545
0.034419
0.034419
0.034481
0.034370
0.034311
0.034124
0.034137
0.034083
0.034038
0.033992
0.034037
0.034060
0.034014
0.033920
0.033793
0.033802
0.033723
0.033735
0.033634
0.033602
0.033498
0.033498
0.033419
0.033400
0.033418
0.033324
0.033324
0.033324
0.033259
0.033146
0.033116
0.033123
0.033070
0.032980
0.032950
0.032902
0.032893
0.032858
0.032716
0.032736
0.032754
0.032725
0.032660
0.032690
0.032685
0.032677
0.032723
0.032584
0.032453
0.032436
0.032429
0.032429
0.032374
0.032420
0.032396
0.032349
0.032305
0.032226
0.032183
0.032183
0.032211
0.032138
0.032023
0.032039
0.031954
0.031886
0.031886
0.031933
0.031842
0.031842
0.031840
0.031840
0.031825
0.031732
0.031755
0.031755
0.031649
0.031649
0.031598
0.031558
0.031581
0.031627
0.031586
0.031473
0.031434
0.031434
0.031387
0.031387
0.031412
0.031452
0.031419
0.031341
0.031341
0.031274
0.031321
0.031321
0.031183
0.031098
0.031078
0.031063
0.031059
0.031106
0.031106
0.031040
0.030997
0.031007
0.030938
0.030940
0.030921
0.030921
0.030912
0.030848
0.030848
0.030848
0.030828
0.030828
0.030782
0.030746
0.030745
0.030728
0.030742
0.030696
0.030735
0.030719
0.030699
0.030683
0.030602
0.030561
0.030561
0.030561
0.030438
0.030387
0.030353
0.030401
0.030401
0.030356
0.030314
0.030298
0.030257
0.030260
0.030262
0.030274
0.030275
0.030275
0.030215
0.030174
0.030173
0.030173
0.030174
0.030174
0.030127
0.030114
0.030162
0.030160
0.030074
0.030142
0.030049
0.030049
0.030097
0.030056
0.030069
0.030069
0.029982
0.029982
0.030030
0.030005
0.030005
0.029959
0.029947
0.029868
0.029872
0.029896
0.029896
0.029849
0.029849
0.029849
0.029810
0.029806
0.029807
0.029807
0.029807
0.029760
0.029760
0.029808
0.029761
0.029761
0.029761
0.029801
0.029708
0.029680
0.029680
0.029680
0.029684
0.029645
0.029598
0.029583
0.029631
0.029631
0.029631
0.029591
0.029583
0.029583
0.029563
0.029604
0.029604
0.029588
0.029588
0.029588
0.029599
0.029560
0.029514
0.029519
0.029519
0.029490
0.029483
0.029458
0.029458
0.029458
0.029467
0.029460
0.029414
0.029414
0.029414
0.029414
0.029414
0.029390
0.029393
0.029393
0.029409
0.029409
0.029409
0.029364
0.029343
0.029354
0.029307
0.029395
0.029395
0.029312
0.029312
0.029312
0.029269
0.029253
0.029253
0.029226
0.029274
0.029274
0.029232
0.029263
0.029220
0.029220
0.029220
0.029172
0.029212
0.029224
0.029229
0.029254
0.029254
0.029214
0.029214
0.029210
0.029210
0.029129
0.029129
0.029129
0.029129
0.029178
0.029152
0.029111
0.029116
0.029141
0.029141
0.029141
0.029141
0.029101
0.029061
0.029061
0.029109
0.029109
0.029132
0.029132
0.029093
0.029106
0.029106
0.029065
0.029131
0.029131
0.029131
0.029131
0.029054
0.029054
0.029102
0.029102
0.029115
0.029115
0.029115
0.029079
0.029079
0.029079
0.028994
0.029022
0.029062
0.029062
0.029075
0.029080
0.029041
0.029041
0.029041
0.029052
0.029100
0.029100
0.029100
0.029100
0.029082
0.029082
0.029082
0.029099
0.029053
0.029081
0.029081
0.029081
0.029081
0.029052
0.029067
0.029067
0.029113
0.029113
0.029113
0.029113
0.029113
0.029082
0.029162
0.029136
0.029136
0.029136
0.029103
0.029103
0.029103
0.029133
0.029181
0.029181
0.029181
0.029181
0.029159
0.029138
0.029155
0.029171
0.029171
0.029125
0.029125
0.029087
0.029087
0.029087
0.029087
0.029104
0.029086
0.029086
0.029086
0.029086
0.029086
0.029086
0.029103
0.029111
0.029111
0.029130
0.029161
0.029161
0.029161
0.029161
0.029165
0.029165
0.029128
0.029128
0.029128
0.029099
0.029099
0.029146
0.029146
0.029110
0.029110
0.029064
0.029064
0.029083
0.029102
0.029102
0.029102
0.029094
0.029094
0.029094
0.029094
0.029065
0.029094
0.029113
0.029113
0.029113
0.029113
0.029113
0.029113
0.029088
0.029108
0.029072
0.029072
0.029117
0.029117
0.029117
0.029117
0.029117
0.029137
0.029125
0.029122
0.029122
0.029077
0.029077
0.029098
0.029098
0.029119
0.029119
0.029119
0.029119
0.029084
0.029084
0.029084
0.029105
0.029105
0.029105
0.029105
0.029105
0.029105
0.029082
0.029121
0.029144
0.029144
0.029104
0.029064
0.029064
0.029064
0.029104
0.029091
0.029091
0.029136
0.029091
0.029091
0.029094
0.029130
0.029130
0.029192
0.029192
0.029148
0.029148
0.029192
0.029153
0.029153
0.029175
0.029175
0.029187
0.029153
0.029119
0.029119
0.029119
0.029098
0.029161
0.029161
0.029161
0.029161
0.029161
0.029161
0.029078
0.029101
0.029101
0.029117
0.029117
0.029080
0.029080
0.029047
0.029047
0.029095
0.029092
0.029092
0.029092
0.029092
0.029092
0.029092
0.029117
0.029077
0.029077
0.029077
0.029077
0.029077
0.029077
0.029077
0.029077
0.029167
0.029134
0.029134
0.029134
0.029134
0.029134
0.029099
0.029125
0.029085
0.029085
0.029085
0.029085
0.029085
0.029085
0.029085
0.029111
0.029109
0.029134
0.029134
0.029134
0.029134
0.029102
0.029102
0.029102
0.029088
0.029088
0.029088
0.029088
0.029088
0.029123
0.029123
0.029150
0.029189
0.029216
0.029140
0.029140
0.029140
0.029140
0.029140
0.029140
0.029085
0.029085
0.029144
0.029173
0.029173
0.029214
0.029173
0.029200
0.029240
0.029240
0.029240
0.029267
0.029267
0.029233
0.029233
0.029233
0.029233
0.029157
0.029192
0.029192
0.029192
0.029220
0.029220
0.029248
0.029288
0.029216
0.029216
0.029216
0.029216
0.029216
0.029216
0.029181
0.029209
0.029169
0.029169
0.029169
0.029169
0.029169
0.029169
0.029209
0.029238
0.029238
0.029266
0.029266
0.029266
0.029266
0.029266
0.029266
0.029266
0.029226
0.029196
0.029196
0.029224
0.029224
0.029224
0.029264
0.029254
0.029254
0.029254
0.029254
0.029254
0.029219
0.029219
0.029248
0.029248
0.029248
0.029208
0.029208
0.029208
0.029208
0.029208
0.029248
0.029248
0.029248
0.029278
0.029278
0.029307
0.029307
0.029277
0.029277
0.029277
0.029277
0.029237
0.029237
0.029237
0.029237
0.029277
0.029319
0.029310
0.029310
0.029310
0.029310
0.029274
0.029274
0.029274
0.029270
0.029258
0.029230
0.029230
0.029230
0.029230
0.029262
0.029292
0.029292
0.029292
0.029292
0.029292
0.029292
0.029292
0.029292
0.029292
0.029262
0.029250
0.029250
0.029250
0.029250
0.029281
0.029281
0.029281
0.029281
0.029275
0.029275
0.029275
0.029275
0.029275
0.029240
0.029240
0.029240
0.029240
0.029240
0.029240
0.029270
0.029270
0.029270
0.029231
0.029193
0.029232
0.029232
0.029232
0.029232
0.029232
0.029232
0.029232
0.029232
0.029232
0.029232
0.029263
0.029224
0.029224
0.029224
0.029256
0.029227
0.029227
0.029229
0.029229
0.029229
0.029229
0.029229
0.029229
0.029236
0.029198
0.029198
0.029229
0.029266
0.029266
0.029266
0.029229
0.029229
0.029268
0.029268
0.029301
0.029301
0.029301
0.029262
0.029262
0.029262
0.029262
0.029262
0.029262
0.029262
0.029262
0.029262
0.029262
0.029294
0.029294
0.029294
0.029294
0.029294
0.029294
0.029294
0.029294
0.029294
0.029294
0.029294
0.029294
0.029294
0.029294
0.029294
0.029244
0.029244
0.029244
0.029208
0.029275
0.029275
0.029244
0.029231
0.029231
0.029231
0.029231
0.029231
0.029231
0.029231
0.029231
0.029228
0.029228
0.029228
0.029228
0.029228
0.029228
0.029258
0.029290
0.029290
0.029261
0.029261
0.029261
0.029261
0.029261
0.029261
0.029261
0.029261
0.029261
0.029261
0.029304
0.029304
0.029334
0.029368
0.029368
0.029391
0.029391
0.029327
0.029316
0.029316
0.029282
0.029282
0.029315
0.029315
0.029315
0.029350
0.029350
0.029379
0.029379
0.029345
0.029345
0.029345
0.029379
0.029350
0.029350
0.029350
0.029350
0.029350
0.029350
0.029350
0.029342
0.029342
0.029307
0.029337
0.029337
0.029337
0.029337
0.029337
0.029370
0.029370
0.029340
0.029340
0.029340
0.029340
0.029340
0.029340
0.029328
0.029328
0.029358
0.029356
0.029327
0.029327
0.029327
0.029327
0.029327
0.029327
0.029297
0.029297
0.029330
0.029330
0.029330
0.029330
0.029286
0.029286
0.029315
0.029315
0.029311
0.029311
0.029311
0.029311
0.029311
0.029311
0.029281
0.029281
0.029281
0.029281
0.029281
0.029281
0.029281
0.029281
0.029311
0.029311
0.029311
0.029296
0.029330
0.029330
0.029373
0.029373
0.029373
0.029381
0.029381
0.029381
0.029381
0.029381
0.029381
0.029410
0.029373
0.029373
0.029409
0.029376
0.029376
0.029409
0.029409
0.029409
0.029373
0.029344
0.029344
0.029344
0.029344
0.029344
0.029344
0.029443
0.029443
0.029409
0.029409
0.029409
0.029409
0.029409
0.029409
0.029409
0.029409
0.029443
0.029382
0.029382
0.029382
0.029382
0.029382
0.029378
0.029378
0.029378
0.029371
0.029371
0.029371
0.029371
0.029371
0.029371
0.029371
0.029371
0.029375
0.029375
0.029375
0.029375
0.029405
0.029405
0.029405
0.029375
0.029375
0.029375
0.029375
0.029375
0.029375
0.029375
0.029375
0.029375
0.029345
0.029345
0.029345
0.029345
0.029375
0.029375
0.029345
0.029345
0.029345
0.029382
0.029382
0.029382
0.029416
0.029379
0.029379
0.029379
0.029379
0.029379
0.029379
0.029379
0.029379
0.029379
0.029416
0.029416
0.029416
0.029416
0.029416
0.029416
0.029416
0.029416
0.029416
0.029416
0.029416
0.029385
0.029385
0.029385
0.029385
0.029385
0.029393
0.029393
0.029393
0.029427
0.029427
0.029427
0.029427
0.029427
0.029427
0.029427
0.029427
0.029427
0.029427
0.029427
0.029427
0.029427
0.029427
0.029391
0.029391
0.029391
0.029391
0.029391
0.029391
0.029427
0.029427
0.029427
0.029427
0.029427
0.029427
0.029391
0.029391
0.029391
0.029424
0.029424
0.029424
0.029424
0.029424
0.029424
0.029424
0.029424
0.029424
0.029424
0.029424
0.029424
0.029424
0.029424
0.029424
0.029424
0.029424
0.029424
0.029424
0.029424
0.029424
0.029424
0.029388
0.029388
0.029388
0.029388
0.029388
0.029388
0.029388
0.029388
0.029423
0.029395
0.029395
0.029395
0.029432
0.029432
0.029432
0.029388
0.029388
0.029351
0.029351
0.029351
0.029351
0.029351
0.029321
0.029321
0.029321
0.029321
0.029358
0.029358
0.029373
0.029373
0.029373
0.029373
0.029373
0.029373
0.029373
0.029336
0.029336
0.029336
0.029336
0.029336
0.029336
0.029373
0.029373
0.029373
0.029373
0.029408
0.029408
0.029408
0.029408
0.029408
0.029408
0.029408
0.029408
0.029378
0.029378
0.029378
0.029408
0.029408
0.029408
0.029408
0.029408
0.029408
0.029373
0.029373
0.029373
0.029373
0.029373
0.029408
0.029378
0.029378
0.029378
0.029378
0.029408
0.029373
0.029409
0.029409
0.029409
0.029409
0.029409
0.029409
0.029409
0.029409
0.029409
0.029409
0.029379
0.029379
0.029379
0.029379
0.029409
0.029409
0.029409
0.029409
0.029409
0.029409
0.029409
0.029409
0.029409
0.029409
0.029409
0.029409
0.029379
0.029379
0.029379
0.029379
0.029379
0.029445
0.029445
0.029445
0.029445
0.029445
0.029445
0.029445
0.029445
0.029445
0.029445
0.029445
0.029373
0.029373
0.029390
0.029390
0.029390
0.029420
0.029420
0.029420
0.029420
0.029420
0.029420
0.029420
0.029420
0.029392
0.029392
0.029392
0.029362
0.029362
0.029362
0.029362
0.029362
0.029392
0.029392
0.029392
0.029392
0.029392
0.029392
0.029428
0.029428
0.029428
0.029428
0.029399
0.029399
0.029399
0.029399
0.029399
0.029399
0.029428
0.029428
0.029428
0.029466
0.029466
0.029432
0.029403
0.029403
0.029366
0.029366
0.029336
0.029336
0.029336
0.029336
0.029336
0.029336
0.029366
0.029366
0.029403
0.029403
0.029422
0.029422
0.029459
0.029459
0.029419
0.029381
0.029351
0.029351
0.029351
0.029351
0.029351
0.029351
0.029381
0.029419
0.029419
0.029419
0.029419
0.029419
0.029419
0.029419
0.029419
0.029419
0.029351
0.029351
0.029351
0.029351
0.029351
0.029351
0.029419
0.029419
0.029419
0.029419
0.029419
0.029419
0.029419
0.029419
0.029419
0.029419
0.029389
0.029389
0.029389
0.029448
0.029448
0.029448
0.029478
0.029478
0.029478
0.029478
0.029478
0.029478
0.029439
0.029439
0.029439
0.029439
0.029409
0.029409
0.029409
0.029409
0.029376
0.029376
0.029376
0.029439
0.029439
0.029439
0.029439
0.029439
0.029439
0.029439
0.029405
0.029405
0.029376
0.029376
0.029376
0.029376
0.029443
0.029406
0.029406
0.029435
0.029460
0.029460
0.029460
0.029497
0.029497
0.029497
0.029497
0.029497
0.029431
0.029431
0.029431
0.029431
0.029431
0.029431
0.029431
0.029461
0.029461
0.029461
0.029461
0.029461
0.029461
0.029461
0.029461
0.029431
0.029431
0.029404
0.029404
0.029404
0.029404
0.029404
0.029404
0.029434
0.029434
0.029434
0.029434
0.029434
0.029472
0.029436
0.029436
0.029406
0.029406
0.029406
0.029406
0.029406
0.029406
0.029406
0.029406
0.029436
0.029436
0.029436
0.029436
0.029436
0.029436
0.029436
0.029436
0.029406
0.029406
0.029406
0.029406
0.029439
0.029439
0.029374
0.029374
0.029369
0.029369
0.029369
0.029369
0.029369
0.029369
0.029369
0.029369
0.029339
0.029339
0.029372
0.029372
0.029372
0.029409
0.029409
0.029377
0.029407
0.029407
0.029407
0.029407
0.029407
0.029407
0.029407
0.029407
0.029344
0.029376
0.029376
0.029376
0.029376
0.029376
0.029376
0.029344
0.029374
0.029374
0.029374
0.029374
0.029374
0.029374
0.029374
0.029374
0.029344
0.029348
0.029348
0.029348
0.029348
0.029348
0.029348
0.029315
0.029312
0.029312
0.029312
0.029312
0.029312
0.029350
0.029312
0.029351
0.029353
0.029353
0.029353
0.029353
0.029326
0.029326
0.029326
0.029326
0.029323
0.029361
0.029361
0.029361
0.029298
0.029298
0.029298
0.029260
0.029263
0.029263
0.029263
0.029263
0.029263
0.029263
0.029263
0.029263
0.029231
0.029298
0.029298
0.029298
0.029298
0.029298
0.029298
0.029298
0.029263
0.029263
0.029234
0.029234
0.029234
0.029234
0.029234
0.029234
0.029272
0.029308
0.029308
0.029308
0.029308
0.029308
0.029308
0.029340
0.029310
0.029243
0.029243
0.029243
0.029243
0.029243
0.029243
0.029280
0.029252
0.029250
0.029250
0.029250
0.029250
0.029250
0.029250
0.029252
0.029252
0.029215
0.029215
0.029215
0.029215
0.029215
0.029215
0.029252
0.029252
0.029282
0.029250
0.029250
0.029250
0.029250
0.029250
0.029227
0.029227
0.029227
0.029196
0.029196
0.029196
0.029234
0.029234
0.029234
0.029234
0.029264
0.029232
0.029232
0.029264
0.029264
0.029264
0.029234
0.029234
0.029234
0.029234
0.029234
0.029234
0.029234
0.029212
0.029212
0.029212
0.029210
0.029210
0.029210
0.029210
0.029210
0.029210
0.029181
0.029181
0.029181
0.029181
0.029181
0.029181
0.029181
0.029156
0.029156
0.029156
0.029186
0.029186
0.029186
0.029186
0.029186
0.029186
0.029135
0.029135
0.029135
0.029135
0.029135
0.029135
0.029135
0.029135
0.029135
0.029135
0.029174
0.029204
0.029204
0.029204
0.029204
0.029204
0.029174
0.029174
0.029174
0.029174
0.029174
0.029174
0.029174
0.029174
0.029143
0.029143
0.029126
0.029156
0.029156
0.029156
0.029156
0.029156
0.029126
0.029126
0.029096
0.029096
0.029096
0.029096
0.029096
0.029096
0.029096
0.029096
0.029096
0.029125
0.029125
0.029125
0.029125
0.029125
0.029096
0.029096
0.029096
0.029096
0.029096
0.029096
0.029135
0.029135
0.029120
0.029120
0.029120
0.029150
0.029150
0.029150
0.029150
0.029120
0.029120
0.029120
0.029120
0.029120
0.029120
0.029120
0.029120
0.029120
0.029120
0.029120
0.029120
0.029150
0.029150
0.029150
0.029150
0.029120
0.029120
0.029120
0.029120
0.029120
0.029120
0.029090
0.029090
0.029090
0.029120
0.029110
0.029110
0.029079
0.029079
0.029050
0.029050
0.029050
0.029050
0.029050
0.029090
0.029090
0.029090
0.029090
0.029090
0.029090
0.029090
0.029090
0.029090
0.029090
0.029090
0.029090
0.029090
0.029090
0.029090
0.029090
0.029090
0.029090
0.029090
0.029090
0.029090
0.029090
0.029090
0.029090
0.029090
0.029090
0.029090
0.029090
0.029090
0.029090
0.029083
0.029083
0.029083
0.029083
0.029083
0.029083
0.029083
0.029083
0.029083
0.029083
0.029083
0.029083
0.029123
0.029123
0.029093
0.029093
0.029093
0.029093
0.029093
0.029093
0.029093
0.029093
0.029093
0.029093
0.029093
0.029093
0.029093
0.029093
0.029093
0.029093
0.029067
0.029067
0.029067
0.029067
0.029067
0.029067
0.029067
0.029067
0.029067
0.029067
0.029067
0.029067
0.029067
0.029067
0.029067
0.029067
0.029067
0.029065
0.029065
0.029065
0.029065
0.029065
0.029105
0.029105
