1.585678
1.418565
1.263345
1.155959
1.097330
1.072801
1.065735
1.066697
1.067634
1.067493
1.066883
1.066061
1.065517
1.064852
1.064443
1.064062
1.063529
1.062860
1.062093
1.061083
1.060188
1.059041
1.058225
1.057209
1.056348
1.055443
1.054633
1.053332
1.052198
1.051058
1.049827
1.048871
1.047742
1.046566
1.045300
1.044063
1.042798
1.041562
1.040277
1.038983
1.037677
1.036553
1.035700
1.034744
1.033864
1.032572
1.031245
1.030111
1.028913
1.027710
1.026663
1.025443
1.024329
1.023359
1.022194
1.021149
1.019963
1.018983
1.017890
1.016836
1.015742
1.014715
1.013630
1.012830
1.012038
1.011171
1.010169
1.009006
1.008185
1.006905
1.006066
1.005162
1.004170
1.003270
1.002489
1.001693
1.000938
0.999857
0.999012
0.998206
0.997385
0.996569
0.995835
0.995034
0.994269
0.993463
0.992557
0.991966
0.990997
0.990308
0.989810
0.989105
0.988355
0.987588
0.986964
0.986199
0.985290
0.983974
0.982575
0.980983
0.979833
0.978902
0.978156
0.977421
0.976544
0.975385
0.974165
0.972984
0.972158
0.971074
0.970328
0.969612
0.969012
0.968255
0.967447
0.966718
0.965867
0.964964
0.963911
0.963085
0.962221
0.961430
0.960627
0.959775
0.959147
0.958538
0.957732
0.957216
0.956604
0.956045
0.955491
0.954690
0.953962
0.953121
0.952462
0.951558
0.950743
0.949940
0.948941
0.948341
0.947405
0.946515
0.945511
0.944638
0.943702
0.942686
0.941927
0.940813
0.940031
0.939419
0.938757
0.938092
0.937536
0.936710
0.936056
0.935275
0.934617
0.933900
0.933221
0.932724
0.932268
0.931881
0.931514
0.930705
0.930009
0.929462
0.929078
0.928493
0.928014
0.927708
0.927584
0.927293
0.927166
0.926892
0.926759
0.926379
0.925789
0.925330
0.924743
0.924260
0.923885
0.923529
0.923211
0.922764
0.922387
0.922154
0.921866
0.921609
0.921430
0.921037
0.920528
0.920324
0.920285
0.920633
0.920891
0.921346
0.921833
0.922351
0.923183
0.923769
0.924316
0.924544
0.924645
0.924776
0.924669
0.924742
0.924816
0.924742
0.924657
0.924382
0.924175
0.924159
0.924075
0.924030
0.924295
0.924521
0.924776
0.925052
0.925155
0.924965
0.924456
0.923887
0.923178
0.922709
0.922179
0.921529
0.921034
0.920384
0.920215
0.920034
0.919636
0.918953
0.918494
0.917883
0.917112
0.916756
0.916481
0.916437
0.916365
0.916253
0.916163
0.915928
0.915571
0.915437
0.914650
0.913857
0.913101
0.912805
0.912262
0.911617
0.911090
0.910674
0.910212
0.910042
0.909577
0.909120
0.908681
0.908334
0.907894
0.907474
0.907082
0.906746
0.906066
0.905727
0.905366
0.905078
0.904665
0.904329
0.903953
0.903545
0.903236
0.902772
0.902111
0.901420
0.900889
0.900013
0.899332
0.898501
0.897759
0.897013
0.896308
0.895307
0.894749
0.893833
0.893109
0.892240
0.891628
0.890747
0.889852
0.889055
0.888172
0.887413
0.886598
0.885601
0.884444
0.883449
0.882608
0.881779
0.881156
0.880322
0.879651
0.878781
0.878122
0.877315
0.876626
0.875841
0.875128
0.874329
0.873346
0.872345
0.871434
0.870566
0.869839
0.868890
0.868009
0.867100
0.866227
0.865508
0.864908
0.864202
0.863454
0.862695
0.861907
0.860935
0.859795
0.858520
0.857083
0.855609
0.854123
0.852883
0.851746
0.850443
0.849124
0.847823
0.846673
0.845565
0.844674
0.843724
0.842650
0.841723
0.840508
0.839228
0.837964
0.836360
0.834487
0.832596
0.830537
0.828362
0.826367
0.824541
0.822562
0.820863
0.819536
0.818009
0.816849
0.815545
0.814323
0.812945
0.811614
0.810185
0.808648
0.807183
0.805864
0.804261
0.802794
0.801320
0.799900
0.798524
0.796768
0.795332
0.794138
0.793109
0.792320
0.791621
0.790940
0.790267
0.789743
0.789332
0.788726
0.787984
0.786950
0.785577
0.783780
0.782037
0.780380
0.778738
0.777067
0.775517
0.773688
0.772098
0.771101
0.770026
0.769143
0.768572
0.767893
0.767058
0.766482
0.765584
0.765057
0.764619
0.763854
0.763194
0.762567
0.762026
0.761450
0.760696
0.759724
0.758484
0.757049
0.756036
0.755135
0.754188
0.753025
0.751996
0.750837
0.749743
0.748597
0.747488
0.746336
0.745087
0.743971
0.742603
0.741041
0.739576
0.737991
0.736803
0.735524
0.734000
0.732456
0.731018
0.729701
0.728547
0.727550
0.726322
0.725565
0.724755
0.724020
0.723380
0.722638
0.722069
0.721144
0.720421
0.719522
0.718821
0.717851
0.716682
0.715258
0.713746
0.712318
0.710724
0.709492
0.708175
0.706933
0.705689
0.704852
0.703703
0.702785
0.701782
0.700714
0.699562
0.698322
0.697001
0.695573
0.694319
0.692543
0.690299
0.688050
0.685968
0.683816
0.681668
0.679525
0.677515
0.675836
0.674451
0.672831
0.671672
0.670864
0.670305
0.669480
0.668640
0.667816
0.666328
0.664408
0.662138
0.659664
0.657062
0.654590
0.651980
0.649443
0.646434
0.643652
0.640725
0.637700
0.634885
0.631897
0.628685
0.625700
0.622883
0.619918
0.616710
0.613565
0.610585
0.608236
0.606144
0.604075
0.602066
0.600049
0.598044
0.596057
0.594031
0.591984
0.589789
0.587582
0.585602
0.583668
0.581768
0.579813
0.577844
0.575826
0.574124
0.572344
0.570377
0.568625
0.566992
0.565479
0.564076
0.562573
0.560989
0.559619
0.557958
0.556701
0.555062
0.553536
0.551835
0.549899
0.548024
0.546012
0.544017
0.542343
0.540752
0.539249
0.537831
0.536636
0.535473
0.534340
0.533000
0.531901
0.530713
0.529655
0.528012
0.525945
0.524028
0.522162
0.520356
0.518778
0.517140
0.515468
0.514043
0.512402
0.511137
0.509622
0.508324
0.506903
0.505491
0.503964
0.502582
0.501194
0.499876
0.498618
0.497361
0.496248
0.494970
0.493854
0.492760
0.491601
0.490609
0.489497
0.488463
0.487433
0.486385
0.485391
0.484368
0.483556
0.482726
0.481846
0.480875
0.480082
0.479107
0.478165
0.477320
0.476521
0.475643
0.474759
0.473933
0.473083
0.472347
0.471410
0.470737
0.469998
0.469171
0.468387
0.467591
0.466931
0.466154
0.465554
0.464708
0.464050
0.463382
0.462651
0.461909
0.461296
0.460434
0.459621
0.458834
0.457840
0.456991
0.456198
0.455278
0.454445
0.453702
0.452734
0.451937
0.450926
0.449956
0.449141
0.448295
0.447329
0.446350
0.445422
0.444646
0.443629
0.442742
0.441865
0.440964
0.440072
0.439325
0.438534
0.437648
0.436785
0.435892
0.434918
0.433973
0.432987
0.432060
0.431110
0.430182
0.429325
0.428353
0.427498
0.426633
0.425676
0.424731
0.423785
0.422779
0.421740
0.420821
0.419757
0.418812
0.417890
0.416921
0.415986
0.415004
0.414249
0.413301
0.412298
0.411265
0.410283
0.409309
0.408422
0.407520
0.406529
0.405656
0.404651
0.403835
0.402760
0.401686
0.400711
0.399674
0.398759
0.397802
0.396912
0.395829
0.394837
0.393893
0.392861
0.391920
0.390986
0.390126
0.389199
0.388361
0.387394
0.386449
0.385738
0.384717
0.383710
0.383166
0.382208
0.381524
0.380439
0.379638
0.378736
0.377972
0.377223
0.376456
0.375534
0.374698
0.373931
0.373224
0.372469
0.371774
0.370892
0.370118
0.369270
0.368490
0.367806
0.366922
0.366249
0.365470
0.364657
0.363992
0.363183
0.362607
0.361824
0.361047
0.360223
0.359459
0.358802
0.357954
0.357177
0.356502
0.355653
0.354808
0.353888
0.352897
0.352330
0.351519
0.350602
0.349909
0.349049
0.348020
0.347389
0.346480
0.345605
0.344884
0.343904
0.343091
0.342162
0.341315
0.340477
0.339686
0.338669
0.337876
0.336893
0.335983
0.334979
0.334101
0.333081
0.332073
0.331097
0.330121
0.329190
0.328224
0.327273
0.326250
0.325296
0.324339
0.323363
0.322340
0.321375
0.320343
0.319415
0.318411
0.317462
0.316443
0.315480
0.314536
0.313594
0.312593
0.311566
0.310536
0.309589
0.308683
0.307745
0.306723
0.305770
0.304695
0.303874
0.302890
0.301854
0.301016
0.300168
0.299334
0.298440
0.297575
0.296666
0.295739
0.295018
0.294162
0.293331
0.292408
0.291691
0.290868
0.290068
0.289178
0.288343
0.287546
0.286846
0.286082
0.285463
0.284670
0.284034
0.283386
0.282850
0.282196
0.281475
0.280774
0.280189
0.279677
0.279095
0.278501
0.277799
0.277356
0.276812
0.276370
0.275852
0.275317
0.274859
0.274352
0.273800
0.273316
0.272795
0.272351
0.271832
0.271374
0.270977
0.270638
0.270078
0.269678
0.269311
0.268805
0.268407
0.268048
0.267522
0.267179
0.266656
0.266440
0.266050
0.265660
0.265255
0.264822
0.264496
0.263998
0.263617
0.263244
0.262859
0.262317
0.261924
0.261659
0.261248
0.260867
0.260424
0.259893
0.259590
0.259179
0.258718
0.258316
0.257893
0.257497
0.257169
0.256819
0.256302
0.256050
0.255596
0.255166
0.254706
0.254214
0.253904
0.253493
0.253075
0.252640
0.252104
0.251736
0.251363
0.250878
0.250521
0.250052
0.249678
0.249265
0.248864
0.248378
0.247912
0.247491
0.247140
0.246674
0.246200
0.245828
0.245494
0.245060
0.244619
0.244192
0.243754
0.243379
0.242887
0.242579
0.242199
0.241843
0.241432
0.241049
0.240743
0.240385
0.240059
0.239746
0.239441
0.238917
0.238598
0.238223
0.237906
0.237520
0.237130
0.236817
0.236541
0.236257
0.235943
0.235589
0.235284
0.235073
0.234728
0.234474
0.234134
0.233948
0.233635
0.233216
0.232951
0.232852
0.232676
0.232429
0.232215
0.232083
0.231787
0.231550
0.231296
0.231106
0.230903
0.230746
0.230606
0.230387
0.230171
0.230054
0.229956
0.229803
0.229688
0.229665
0.229557
0.229455
0.229286
0.229143
0.228943
0.228821
0.228719
0.228606
0.228512
0.228455
0.228414
0.228372
0.228289
0.228203
0.228162
0.228041
0.227968
0.227901
0.227776
0.227699
0.227624
0.227574
0.227506
0.227502
0.227440
0.227362
0.227376
0.227349
0.227252
0.227184
0.227152
0.227129
0.227176
0.227042
0.226988
0.226918
0.226871
0.226761
0.226691
0.226744
0.226806
0.226723
0.226629
0.226712
0.226622
0.226570
0.226446
0.226419
0.226360
0.226294
0.226257
0.226201
0.226142
0.226185
0.226144
0.226155
0.226042
0.225998
0.225950
0.225882
0.225906
0.225915
0.225863
0.225825
0.225745
0.225726
0.225684
0.225698
0.225718
0.225641
0.225600
0.225578
0.225481
0.225402
0.225399
0.225392
0.225316
0.225363
0.225246
0.225201
0.225174
0.225238
0.225205
0.225185
0.225110
0.225037
0.224967
0.224931
0.224902
0.224871
0.224789
0.224733
0.224718
0.224734
0.224654
0.224602
0.224650
0.224669
0.224551
0.224491
0.224512
0.224504
0.224571
0.224489
0.224345
0.224317
0.224277
0.224251
0.224294
0.224168
0.224188
0.224204
0.224089
0.224065
0.224110
0.224020
0.224084
0.224016
0.223928
0.223951
0.223918
0.223897
0.223931
0.223820
0.223800
0.223772
0.223764
0.223753
0.223756
0.223738
0.223674
0.223613
0.223550
0.223534
0.223486
0.223423
0.223467
0.223450
0.223393
0.223345
0.223368
0.223341
0.223328
0.223310
0.223250
0.223264
0.223310
0.223294
0.223235
0.223177
0.223211
0.223187
0.223179
0.223130
0.223122
0.223024
0.223069
0.223039
0.223040
0.223026
0.223013
0.223035
0.223006
0.222998
0.222949
0.222945
0.222895
0.222896
0.222783
0.222815
0.222800
0.222848
0.222848
0.222799
0.222786
0.222773
0.222773
0.222773
0.222724
0.222725
0.222731
0.222731
0.222785
0.222736
0.222756
0.222745
0.222745
0.222745
0.222700
0.222700
0.222661
0.222577
0.222657
0.222658
0.222695
0.222731
0.222805
0.222757
0.222757
0.222757
0.222677
0.222678
0.222678
0.222678
0.222630
0.222638
0.222683
0.222666
0.222629
0.222665
0.222675
0.222627
0.222661
0.222661
0.222661
0.222661
0.222674
0.222710
0.222660
0.222660
0.222563
0.222604
0.222609
0.222629
0.222629
0.222582
0.222581
0.222581
0.222581
0.222581
0.222595
0.222549
0.222583
0.222583
0.222583
0.222618
0.222663
0.222630
0.222630
0.222680
0.222680
0.222680
0.222680
0.222680
0.222634
0.222634
0.222634
0.222634
0.222634
0.222670
0.222687
0.222687
0.222687
0.222698
0.222652
0.222652
0.222602
0.222672
0.222722
0.222722
0.222722
0.222740
0.222705
0.222705
0.222705
0.222678
0.222678
0.222678
0.222714
0.222714
0.222726
0.222690
0.222690
0.222690
0.222690
0.222710
0.222710
0.222745
0.222780
0.222830
0.222785
0.222785
0.222785
0.222735
0.222685
0.222685
0.222685
0.222767
0.222767
0.222767
0.222787
0.222787
0.222755
0.222822
0.222822
0.222822
0.222822
0.222822
0.222858
0.222908
0.222958
0.222921
0.222921
0.222921
0.222922
0.222878
0.222946
0.222896
0.222896
0.222895
0.222895
0.222895
0.222895
0.222895
0.222895
0.222895
0.222895
0.222895
0.222898
0.222898
0.222898
0.222935
0.222959
0.223009
0.223054
0.223017
0.223017
0.222967
0.222967
0.222967
0.222967
0.222967
0.222967
0.222967
0.222973
0.222973
0.222973
0.222973
0.222997
0.222997
0.222997
0.223043
0.223043
0.223043
0.223043
0.222993
0.222993
0.222993
0.223059
0.223041
0.223041
0.223041
0.223041
0.223076
0.223101
0.223101
0.223119
0.223119
0.223148
0.223148
0.223148
0.223148
0.223056
0.223056
0.223092
0.223092
0.223092
0.223092
0.223056
0.223026
0.223052
0.223052
0.223052
0.223082
0.223082
0.223083
0.223165
0.223199
0.223149
0.223199
0.223199
0.223199
0.223169
0.223134
0.223138
0.223088
0.223115
0.223115
0.223151
0.223151
0.223146
0.223146
0.223146
0.223146
0.223143
0.223143
0.223143
0.223143
0.223147
0.223147
0.223147
0.223147
0.223147
0.223210
0.223210
0.223210
0.223210
0.223210
0.223154
0.223151
0.223151
0.223151
0.223186
0.223225
0.223225
0.223225
0.223225
0.223190
0.223240
0.223224
0.223213
0.223213
0.223213
0.223213
0.223246
0.223262
0.223262
0.223262
0.223262
0.223262
0.223246
0.223246
0.223246
0.223246
0.223246
0.223246
0.223246
0.223276
0.223276
0.223273
0.223273
0.223273
0.223273
0.223273
0.223273
0.223273
0.223273
0.223243
0.223243
0.223243
0.223243
0.223243
0.223243
0.223243
0.223319
0.223300
0.223300
0.223350
0.223350
0.223350
0.223350
0.223350
0.223321
0.223321
0.223321
0.223338
0.223338
0.223338
0.223385
0.223347
0.223347
0.223297
0.223297
0.223297
0.223297
0.223329
0.223329
0.223315
0.223315
0.223315
0.223329
0.223329
0.223377
0.223377
0.223377
0.223377
0.223377
0.223327
0.223312
0.223312
0.223312
0.223362
0.223362
0.223362
0.223362
0.223362
0.223409
0.223409
0.223409
0.223409
0.223442
0.223442
0.223442
0.223425
0.223425
0.223425
0.223425
0.223425
0.223425
0.223473
0.223459
0.223459
0.223459
0.223459
0.223459
0.223423
0.223423
0.223423
0.223423
0.223423
0.223457
0.223457
0.223457
0.223505
0.223505
0.223505
0.223505
0.223505
0.223505
0.223505
0.223505
0.223505
0.223505
0.223505
0.223505
0.223505
0.223506
0.223554
0.223554
0.223554
0.223554
0.223554
0.223553
0.223503
0.223503
0.223503
0.223503
0.223503
0.223566
0.224351
0.226844
0.231503
0.238616
0.248117
0.259301
0.270989
0.282331
0.292607
0.301902
0.310624
0.319066
0.327703
0.336875
0.346199
0.355798
0.365672
0.375620
0.385258
0.394704
0.403652
0.411556
0.418097
0.423082
0.426321
0.427987
0.428386
0.428035
0.427084
0.426105
0.425208
0.424644
0.424180
0.423733
0.423131
0.422584
0.421771
0.420823
0.419774
0.418678
0.417682
0.416836
0.416093
0.415419
0.415022
0.414477
0.414029
0.413565
0.413050
0.412407
0.411765
0.410271
0.407127
0.402106
0.395115
0.386673
0.377533
0.368030
0.358559
0.349484
0.340589
0.331984
0.323362
0.314762
0.306121
0.298003
0.290590
0.284434
0.279920
0.276614
0.274697
0.273732
0.273124
0.272810
0.272029
0.271001
0.269919
0.268832
0.267978
0.267194
0.266625
0.266195
0.265828
0.265380
0.264952
0.264510
0.263890
0.263165
0.262440
0.261671
0.260998
0.260273
0.259562
0.258828
0.258134
0.257397
0.256731
0.255954
0.255240
0.254425
0.253694
0.252796
0.251803
0.250772
0.249757
0.248629
0.247771
0.247280
0.246676
0.246193
0.245819
0.245214
0.244603
0.244045
0.243479
0.242855
0.242247
0.241616
0.240993
0.240329
0.239750
0.239121
0.238670
0.238080
0.237485
0.236847
0.236156
0.235585
0.235023
0.234440
0.233855
0.233253
0.232620
0.232022
0.231658
0.231112
0.230474
0.229944
0.229412
0.228881
0.228218
0.227703
0.227169
0.226552
0.225970
0.225482
0.224952
0.224466
0.223838
0.223322
0.222768
0.222229
0.221786
0.221213
0.220690
0.220262
0.219684
0.219159
0.218620
0.218124
0.217640
0.217145
0.216707
0.216182
0.215742
0.215262
0.214738
0.214200
0.213774
0.213299
0.212830
0.212262
0.211827
0.211463
0.211047
0.210476
0.210081
0.209558
0.209142
0.208811
0.208385
0.207875
0.207502
0.207061
0.206552
0.206195
0.205678
0.205326
0.204928
0.204513
0.204134
0.203759
0.203309
0.202859
0.202406
0.202062
0.201675
0.201249
0.200846
0.200468
0.200067
0.199714
0.199324
0.198914
0.198533
0.198265
0.197825
0.197436
0.197094
0.196761
0.196362
0.196112
0.195698
0.195331
0.194904
0.194500
0.194187
0.193821
0.193477
0.193157
0.192816
0.192568
0.192198
0.191921
0.191579
0.191151
0.190753
0.190381
0.189999
0.189645
0.189330
0.188994
0.188657
0.188246
0.187915
0.187492
0.187148
0.186718
0.186343
0.185933
0.185513
0.185120
0.184636
0.184227
0.183805
0.183343
0.182625
0.181889
0.180957
0.180117
0.179337
0.178604
0.177827
0.176988
0.176161
0.175375
0.174505
0.173663
0.172826
0.171945
0.171066
0.170213
0.169334
0.168448
0.167560
0.166684
0.165734
0.164750
0.163911
0.163115
0.162184
0.161256
0.160304
0.159422
0.158520
0.157685
0.156814
0.155875
0.154959
0.154067
0.153154
0.152218
0.151414
0.150532
0.149667
0.148762
0.147790
0.146929
0.146118
0.145272
0.144413
0.143514
0.142639
0.141835
0.140952
0.140174
0.139158
0.138309
0.137440
0.136596
0.135802
0.134914
0.134074
0.133309
0.132402
0.131588
0.130799
0.129912
0.129191
0.128335
0.127525
0.126630
0.125827
0.125037
0.124250
0.123482
0.122671
0.121831
0.121118
0.120321
0.119520
0.118740
0.117925
0.117217
0.116450
0.115637
0.114916
0.114214
0.113456
0.112799
0.112086
0.111392
0.110709
0.110044
0.109350
0.108708
0.108029
0.107417
0.106791
0.106220
0.105591
0.105008
0.104460
0.103944
0.103398
0.102894
0.102458
0.101859
0.101423
0.100975
0.100450
0.100069
0.099681
0.099307
0.098964
0.098575
0.098145
0.097808
0.097452
0.097136
0.096882
0.096602
0.096321
0.095963
0.095495
0.094988
0.094638
0.094273
0.093885
0.093503
0.093167
0.092739
0.092348
0.092017
0.091627
0.091285
0.090892
0.090562
0.090131
0.089764
0.089443
0.088992
0.088672
0.088316
0.087950
0.087647
0.087220
0.086861
0.086538
0.086223
0.085925
0.085611
0.085266
0.084921
0.084488
0.084225
0.083819
0.083479
0.083122
0.082783
0.082513
0.082176
0.081797
0.081399
0.081080
0.080804
0.080406
0.080082
0.079761
0.079432
0.078964
0.078686
0.078386
0.078030
0.077660
0.077349
0.076932
0.076599
0.076184
0.075831
0.075472
0.075112
0.074666
0.074392
0.074014
0.073657
0.073218
0.072917
0.072523
0.072179
0.071823
0.071516
0.071106
0.070720
0.070324
0.069935
0.069578
0.069193
0.068868
0.068502
0.068141
0.067784
0.067447
0.067120
0.066760
0.066430
0.066088
0.065743
0.065371
0.065053
0.064701
0.064384
0.064046
0.063697
0.063351
0.063077
0.062760
0.062483
0.062183
0.061810
0.061505
0.061217
0.060868
0.060596
0.060174
0.059881
0.059536
0.059267
0.058999
0.058603
0.058310
0.058067
0.057801
0.057490
0.057132
0.056905
0.056593
0.056280
0.055908
0.055554
0.055294
0.055055
0.054714
0.054419
0.054206
0.053949
0.053685
0.053386
0.053117
0.052801
0.052590
0.052274
0.051953
0.051679
0.051466
0.051184
0.050830
0.050698
0.050380
0.050154
0.049947
0.049618
0.049346
0.049073
0.048843
0.048523
0.048355
0.048067
0.047724
0.047543
0.047251
0.047070
0.046827
0.046659
0.046420
0.046104
0.045925
0.045684
0.045473
0.045249
0.045007
0.044663
0.044435
0.044304
0.044040
0.043833
0.043611
0.043375
0.043215
0.043064
0.042825
0.042623
0.042449
0.042316
0.042139
0.041864
0.041658
0.041446
0.041201
0.041034
0.040853
0.040680
0.040556
0.040349
0.040172
0.039961
0.039838
0.039587
0.039464
0.039247
0.039077
0.038897
0.038750
0.038569
0.038421
0.038223
0.038127
0.037980
0.037757
0.037721
0.037483
0.037294
0.037227
0.037055
0.036860
0.036792
0.036611
0.036458
0.036311
0.036165
0.036083
0.035899
0.035762
0.035681
0.035543
0.035422
0.035327
0.035123
0.035078
0.034888
0.034793
0.034643
0.034541
0.034454
0.034363
0.034236
0.034158
0.034124
0.033890
0.033821
0.033642
0.033609
0.033505
0.033395
0.033273
0.033214
0.033028
0.032994
0.032953
0.032816
0.032816
0.032643
0.032577
0.032493
0.032334
0.032334
0.032235
0.032124
0.032009
0.032048
0.031918
0.031839
0.031808
0.031698
0.031656
0.031591
0.031481
0.031442
0.031338
0.031215
0.031178
0.031096
0.031022
0.031025
0.030933
0.030862
0.030896
0.030855
0.030665
0.030603
0.030535
0.030494
0.030485
0.030323
0.030298
0.030232
0.030232
0.030166
0.030139
0.030100
0.030029
0.030017
0.029990
0.029916
0.029875
0.029741
0.029690
0.029690
0.029649
0.029610
0.029610
0.029545
0.029448
0.029466
0.029500
0.029433
0.029330
0.029330
0.029291
0.029234
0.029155
0.029100
0.029125
0.029091
0.029051
0.029051
0.029057
0.029035
0.029035
0.028955
0.028925
0.028886
0.028852
0.028778
0.028672
0.028672
0.028672
0.028672
0.028672
0.028596
0.028557
0.028511
0.028511
0.028488
0.028460
0.028407
0.028430
0.028430
0.028430
0.028430
0.028336
0.028299
0.028238
0.028216
0.028216
0.028216
0.028216
0.028211
0.028211
0.028172
0.028156
0.028156
0.028142
0.028142
0.028084
0.028064
0.028064
0.028064
0.028064
0.027993
0.027993
0.027993
0.027958
0.027875
0.027879
0.027869
0.027869
0.027849
0.027849
0.027849
0.027755
0.027755
0.027755
0.027755
0.027755
0.027755
0.027789
0.027765
0.027765
0.027694
0.027645
0.027588
0.027576
0.027569
0.027569
0.027569
0.027562
0.027550
0.027550
0.027518
0.027496
0.027521
0.027521
0.027548
0.027511
0.027511
0.027511
0.027511
0.027511
0.027493
0.027463
0.027463
0.027411
0.027448
0.027448
0.027409
0.027409
0.027409
0.027402
0.027402
0.027367
0.027367
0.027367
0.027317
0.027294
0.027294
0.027294
0.027294
0.027294
0.027294
0.027269
0.027269
0.027269
0.027269
0.027269
0.027269
0.027219
0.027189
0.027164
0.027164
0.027190
0.027189
0.027189
0.027189
0.027189
0.027187
0.027214
0.027172
0.027158
0.027158
0.027158
0.027126
0.027126
0.027126
0.027126
0.027147
0.027147
0.027147
0.027105
0.027093
0.027081
0.027081
0.027081
0.027081
0.027054
0.027025
0.027024
0.027024
0.027024
0.027063
0.027063
0.027063
0.027016
0.027016
0.027043
0.027043
0.027043
0.027043
0.027025
0.026999
0.026999
0.026999
0.026999
0.026999
0.026999
0.026994
0.026994
0.026994
0.026994
0.026994
0.026997
0.026997
0.026997
0.026975
0.026949
0.026949
0.026949
0.026949
0.026988
0.026988
0.026981
0.027001
0.027001
0.027028
0.027028
0.027028
0.027028
0.027015
0.026997
0.026997
0.026997
0.026997
0.026961
0.026961
0.026961
0.026961
0.026961
0.026961
0.026961
0.026920
0.026961
0.026961
0.026961
0.026961
0.026947
0.026947
0.026947
0.026947
0.026930
0.026972
0.026958
0.026958
0.026958
0.026958
0.026958
0.026958
0.026958
0.026958
0.026958
0.026958
0.026958
0.026958
0.026950
0.026950
0.026959
0.026959
0.026959
0.026959
0.026959
0.026959
0.026959
0.026955
0.026947
0.026947
0.026947
0.026947
0.026976
0.026977
0.027005
0.027005
0.027005
0.027005
0.027003
0.027015
0.027015
0.027015
0.027015
0.026994
0.027037
0.027037
0.027037
0.027019
0.027019
0.027019
0.027019
0.027048
0.027077
0.027077
0.027077
0.027077
0.027077
0.027077
0.027042
0.027039
0.027059
0.027059
0.027059
0.027099
0.027099
0.027099
0.027059
0.027059
0.027059
0.027059
0.027059
0.027096
0.027096
0.027096
0.027096
0.027089
0.027128
0.027128
0.027128
0.027128
0.027128
0.027128
0.027128
0.027128
0.027125
0.027125
0.027125
0.027145
0.027185
0.027156
0.027156
0.027137
0.027165
0.027195
0.027195
0.027195
0.027166
0.027166
0.027203
0.027203
0.027203
0.027203
0.027203
0.027195
0.027195
0.027195
0.027195
0.027195
0.027195
0.027195
0.027195
0.027195
0.027232
0.027232
0.027232
0.027232
0.027263
0.027263
0.027226
0.027223
0.027223
0.027223
0.027223
0.027246
0.027246
0.027283
0.027283
0.027283
0.027296
0.027296
0.027296
0.027296
0.027259
0.027219
0.027288
0.027250
0.027250
0.027250
0.027290
0.027327
0.027327
0.027327
0.027327
0.027283
0.027283
0.027329
0.027252
0.027252
0.027252
0.027252
0.027252
0.027252
0.027252
0.027289
0.027289
0.027289
0.027291
0.027329
0.027361
0.027320
0.027283
0.027283
0.027283
0.027283
0.027283
0.027283
0.027283
0.027320
0.027320
0.027320
0.027320
0.027320
0.027320
0.027320
0.027350
0.027274
0.027306
0.027306
0.027263
0.027301
0.027338
0.027338
0.027338
0.027338
0.027338
0.027338
0.027338
0.027338
0.027300
0.027263
0.027263
0.027263
0.027263
0.027301
0.027338
0.027338
0.027338
0.027364
0.027364
0.027364
0.027364
0.027396
0.027395
0.027395
0.027358
0.027315
0.027333
0.027333
0.027408
0.027408
0.027408
0.027371
0.027371
0.027408
0.027408
0.027370
0.027370
0.027401
0.027401
0.027401
0.027401
0.027401
0.027440
0.027440
0.027440
0.027440
0.027398
0.027430
0.027430
0.027391
0.027391
0.027391
0.027391
0.027391
0.027391
0.027391
0.027391
0.027430
0.027430
0.027430
0.027430
0.027430
0.027391
0.027391
0.027391
0.027350
0.027382
0.027382
0.027382
0.027382
0.027382
0.027421
0.027421
0.027421
0.027421
0.027421
0.027382
0.027382
0.027449
0.027449
0.027449
0.027449
0.027449
0.027408
0.027408
0.027371
0.027371
0.027371
0.027371
0.027371
0.027408
0.027408
0.027441
0.027441
0.027419
0.027419
0.027419
0.027419
0.027419
0.027378
0.027378
0.027378
0.027378
0.027378
0.027378
0.027378
0.027378
0.027378
0.027378
0.027378
0.027378
0.027378
0.027378
0.027378
0.027338
0.027338
0.027338
0.027338
0.027338
0.027338
0.027338
0.027371
0.027371
0.027371
0.027371
0.027371
0.027371
0.027371
0.027371
0.027331
0.027331
0.027331
0.027331
0.027331
0.027309
0.027309
0.027309
0.027309
0.027309
0.027309
0.027309
0.027309
0.027309
0.027309
0.027270
0.027270
0.027270
0.027306
0.027306
0.027306
0.027306
0.027306
0.027340
0.027306
0.027306
0.027306
0.027340
0.027340
0.027301
0.027301
0.027301
0.027301
0.027301
0.027301
0.027301
0.027301
0.027301
0.027301
0.027301
0.027301
0.027301
0.027301
0.027279
0.027241
0.027241
0.027241
0.027241
0.027271
0.027271
0.027271
0.027271
0.027271
0.027271
0.027241
0.027241
0.027241
0.027241
0.027241
0.027203
0.027267
0.027267
0.027267
0.027267
0.027267
0.027301
0.027301
0.027301
0.027301
0.027301
0.027301
0.027301
0.027301
0.027301
0.027301
0.027265
0.027265
0.027265
0.027265
0.027265
0.027265
0.027265
0.027265
0.027265
0.027265
0.027265
0.027243
0.027243
0.027243
0.027243
0.027279
0.027244
0.027207
0.027207
0.027207
0.027207
0.027207
0.027207
0.027207
0.027207
0.027207
0.027207
0.027277
0.027277
0.027277
0.027277
0.027277
0.027277
0.027245
0.027244
0.027244
0.027244
0.027244
0.027244
0.027244
0.027244
0.027244
0.027244
0.027244
0.027204
0.027211
0.027211
0.027211
0.027218
0.027218
0.027218
0.027218
0.027186
0.027186
0.027186
0.027186
0.027186
0.027147
0.027114
0.027114
0.027114
0.027153
0.027163
0.027163
0.027163
0.027163
0.027163
0.027163
0.027163
0.027163
0.027198
0.027126
0.027126
0.027095
0.027095
0.027095
0.027167
0.027167
0.027167
0.027167
0.027167
0.027167
0.027167
0.027167
0.027167
0.027095
0.027095
0.027095
0.027095
0.027095
0.027134
0.027167
0.027167
0.027167
0.027167
0.027138
0.027138
0.027138
0.027138
0.027066
0.027066
0.027066
0.027066
0.027066
0.027105
0.027138
0.027138
0.027138
0.027138
0.027138
0.027138
0.027137
0.027096
0.027096
0.027096
0.027096
0.027096
0.027096
0.027135
0.027168
0.027137
0.027137
0.027111
0.027111
0.027111
0.027154
0.027082
0.027082
0.027082
0.027082
0.027082
0.027082
0.027121
0.027154
0.027154
0.027154
0.027154
0.027190
0.027190
0.027190
0.027118
0.027118
0.027118
0.027118
0.027118
0.027118
0.027157
0.027190
0.027190
0.027190
0.027190
0.027172
0.027172
0.027172
0.027076
0.027076
0.027076
0.027076
0.027076
0.027076
0.027115
0.027115
0.027148
0.027148
0.027148
0.027148
0.027148
0.027148
0.027112
0.027112
0.027112
0.027112
0.027112
0.027076
0.027115
0.027115
0.027148
0.027148
0.027148
0.027148
0.027148
0.027151
0.027151
0.027112
0.027112
0.027112
0.027112
0.027112
0.027115
0.027115
0.027148
0.027148
0.027148
0.027148
0.027148
0.027185
0.027185
0.027127
0.027127
0.027106
0.027106
0.027106
0.027145
0.027109
0.027142
0.027142
0.027142
0.027142
0.027177
0.027145
0.027145
0.027106
0.027106
0.027106
0.027106
0.027106
0.027145
0.027145
0.027145
0.027177
0.027141
0.027141
0.027176
0.027143
0.027143
0.027069
0.027069
0.027069
0.027069
0.027069
0.027108
0.027108
0.027108
0.027108
0.027108
0.027141
0.027141
0.027108
0.027108
0.027069
0.027069
0.027069
0.027082
0.027121
0.027121
0.027121
0.027121
0.027121
0.027121
0.027121
0.027121
0.027121
0.027121
0.027121
0.027082
0.027082
0.027121
0.027121
0.027121
0.027121
0.027121
0.027121
0.027121
0.027104
0.027104
0.027104
0.027139
0.027139
0.027131
0.027170
0.027170
0.027208
0.027142
0.027142
0.027142
0.027142
0.027142
0.027142
0.027176
0.027176
0.027208
0.027208
0.027208
0.027208
0.027208
0.027208
0.027208
0.027208
0.027176
0.027176
0.027176
0.027176
0.027159
0.027190
0.027190
0.027190
0.027190
0.027190
0.027190
0.027190
0.027190
0.027190
0.027190
0.027190
0.027190
0.027190
0.027190
0.027190
0.027190
0.027190
0.027190
0.027190
0.027190
0.027190
0.027190
0.027190
0.027190
0.027190
0.027190
0.027190
0.027190
0.027190
0.027190
0.027190
0.027190
0.027190
0.027190
0.027190
0.027190
0.027190
0.027190
0.027190
0.027190
0.027190
0.027190
0.027190
0.027190
0.027190
0.027190
0.027190
0.027190
0.027190
0.027190
0.027190
0.027190
0.027190
0.027190
0.027190
0.027190
0.027190
0.027190
0.027190
0.027190
0.027190
0.027190
0.027190
0.027190
0.027190
0.027190
0.027190
0.027190
0.027190
0.027190
0.027225
0.027225
0.027213
0.027213
0.027213
0.027213
0.027213
0.027213
0.027178
0.027178
0.027178
0.027178
0.027178
0.027213
0.027213
0.027213
0.027213
0.027213
0.027213
0.027213
0.027213
0.027213
0.027213
0.027213
0.027178
0.027178
0.027178
0.027213
0.027213
0.027252
0.027252
0.027252
0.027252
0.027252
0.027252
0.027252
0.027217
0.027217
0.027217
0.027217
0.027217
0.027217
0.027252
0.027252
0.027252
0.027252
0.027252
0.027252
0.027252
0.027252
0.027217
0.027217
0.027217
0.027217
0.027217
0.027217
0.027252
0.027252
0.027214
0.027214
0.027214
0.027214
0.027252
0.027217
0.027217
0.027217
0.027217
0.027217
0.027217
0.027217
0.027252
0.027214
0.027214
0.027214
0.027214
0.027214
0.027217
0.027217
0.027217
0.027217
0.027217
0.027217
0.027217
0.027217
0.027217
0.027214
0.027214
0.027245
0.027245
0.027245
0.027211
0.027217
0.027217
0.027217
0.027217
0.027217
0.027217
0.027217
0.027179
0.027211
0.027245
0.027211
0.027211
0.027211
0.027211
0.027249
0.027249
0.027217
0.027217
0.027217
0.027217
0.027217
0.027211
0.027246
0.027246
0.027246
0.027246
0.027246
0.027241
0.027244
0.027244
0.027244
0.027244
0.027244
0.027244
0.027280
0.027241
0.027241
0.027241
0.027241
0.027241
0.027241
0.027241
0.027241
0.027280
0.027306
0.027346
0.027346
0.027346
0.027346
0.027308
0.027308
0.027308
0.027308
0.027308
0.027308
0.027308
0.027308
0.027333
0.027333
0.027333
0.027333
0.027333
0.027295
0.027295
0.027295
0.027295
0.027295
0.027295
0.027295
0.027295
0.027295
0.027333
0.027333
0.027333
0.027333
0.027333
0.027295
0.027295
0.027295
0.027295
0.027295
0.027295
0.027295
0.027295
0.027295
0.027295
0.027295
0.027295
0.027295
0.027295
0.027295
0.027295
0.027295
0.027295
0.027295
0.027295
0.027295
0.027295
0.027295
0.027295
0.027295
0.027295
0.027295
0.027295
0.027295
0.027295
0.027295
0.027295
0.027295
0.027295
0.027295
0.027295
0.027295
0.027295
0.027295
0.027295
0.027295
0.027295
0.027295
0.027295
0.027295
0.027295
0.027295
0.027295
0.027295
0.027295
0.027295
0.027295
0.027295
0.027295
0.027295
0.027295
0.027295
0.027295
0.027295
0.027295
0.027295
0.027295
0.027295
0.027337
0.027337
0.027337
0.027337
0.027337
0.027337
0.027337
0.027337
0.027337
0.027337
0.027371
0.027371
0.027371
0.027371
0.027334
0.027336
0.027336
0.027336
0.027336
0.027336
0.027336
0.027336
0.027372
0.027372
0.027372
0.027372
0.027372
0.027372
0.027372
0.027372
0.027372
0.027372
0.027372
0.027372
0.027372
0.027372
0.027372
0.027372
0.027372
0.027372
0.027372
0.027372
0.027372
0.027372
0.027372
0.027372
0.027372
0.027372
0.027372
0.027372
0.027372
0.027372
0.027404
0.027404
0.027404
0.027404
0.027404
0.027372
0.027372
0.027372
0.027372
0.027372
0.027372
0.027372
0.027372
0.027404
0.027404
0.027404
0.027404
0.027404
0.027404
0.027404
0.027404
0.027372
0.027372
0.027372
0.027372
0.027372
0.027404
0.027404
0.027404
0.027404
0.027404
0.027446
0.027446
0.027446
0.027446
0.027446
0.027446
0.027446
0.027446
0.027446
0.027459
0.027459
0.027459
0.027459
0.027459
0.027459
0.027459
0.027459
0.027459
0.027459
0.027459
0.027459
0.027459
0.027459
0.027459
0.027459
0.027459
0.027459
0.027459
0.027459
0.027459
0.027459
0.027459
0.027459
0.027459
0.027459
0.027459
0.027459
0.027459
0.027459
0.027459
0.027459
0.027459
0.027459
0.027459
0.027459
0.027459
0.027459
0.027459
0.027459
0.027459
0.027459
0.027459
0.027459
0.027459
0.027459
0.027459
0.027459
0.027459
0.027459
0.027459
0.027459
0.027459
0.027459
0.027459
0.027459
0.027459
0.027459
0.027459
0.027459
0.027459
0.027459
0.027459
0.027459
0.027459
0.027459
