2.181758
2.050569
1.936467
1.865107
1.831261
1.819622
1.817494
1.817576
1.817575
1.817196
1.816443
1.815696
1.815352
1.814693
1.813959
1.813197
1.812583
1.812130
1.811556
1.810634
1.809646
1.808468
1.807323
1.805944
1.804760
1.803443
1.802146
1.800863
1.799383
1.797691
1.796306
1.795015
1.793321
1.791581
1.789831
1.788030
1.786308
1.784569
1.782893
1.781166
1.779473
1.777934
1.776777
1.775308
1.773851
1.772218
1.770531
1.768846
1.767091
1.765290
1.763576
1.761655
1.760414
1.758623
1.756891
1.755139
1.753234
1.751531
1.749726
1.748042
1.746331
1.744625
1.742754
1.741070
1.739567
1.737934
1.736083
1.734331
1.732442
1.730884
1.729219
1.727486
1.725710
1.723868
1.722061
1.720195
1.718340
1.716559
1.714888
1.713340
1.711876
1.710151
1.708062
1.706431
1.704728
1.703194
1.701580
1.700037
1.698294
1.696724
1.695334
1.693751
1.691686
1.690029
1.688570
1.687192
1.685875
1.684564
1.683417
1.682136
1.681196
1.680408
1.679504
1.678035
1.677086
1.675999
1.674773
1.673497
1.672606
1.671339
1.670327
1.669082
1.668133
1.667091
1.666077
1.664711
1.663775
1.662623
1.661470
1.660584
1.659833
1.659025
1.658190
1.657441
1.656614
1.655946
1.655012
1.654253
1.653307
1.652519
1.651166
1.649709
1.648242
1.646638
1.645384
1.643375
1.641914
1.640728
1.639460
1.638174
1.636892
1.635618
1.634238
1.632665
1.631449
1.630245
1.629379
1.628196
1.627326
1.626551
1.625716
1.625010
1.623647
1.622786
1.621622
1.620413
1.618978
1.617864
1.616695
1.615644
1.614690
1.613880
1.613310
1.612692
1.612009
1.611699
1.610861
1.610084
1.609610
1.609171
1.608367
1.608050
1.607455
1.607080
1.606526
1.605763
1.605032
1.604106
1.603542
1.602777
1.602146
1.601348
1.600598
1.600079
1.599681
1.599752
1.599201
1.598762
1.598313
1.597760
1.597276
1.596775
1.596134
1.595370
1.594720
1.593836
1.593162
1.592547
1.591797
1.591082
1.590543
1.589920
1.589267
1.588806
1.588388
1.587788
1.587354
1.586652
1.586018
1.584976
1.583518
1.582247
1.580586
1.579065
1.577478
1.576271
1.575767
1.575011
1.574265
1.573827
1.573754
1.573386
1.572996
1.572721
1.572039
1.571837
1.571246
1.570407
1.569573
1.568584
1.567564
1.566154
1.565160
1.564270
1.563376
1.562435
1.561472
1.560644
1.559511
1.558394
1.557530
1.556433
1.555236
1.554095
1.552593
1.551075
1.549597
1.548402
1.546787
1.545432
1.544342
1.543228
1.542010
1.540649
1.539674
1.539016
1.538221
1.537285
1.536810
1.535737
1.534509
1.533343
1.531959
1.531051
1.530040
1.528851
1.527851
1.527024
1.526800
1.526239
1.525652
1.525466
1.524839
1.524337
1.523969
1.523524
1.523181
1.522451
1.521470
1.520187
1.518980
1.517988
1.517119
1.516147
1.515052
1.514113
1.513503
1.512876
1.512672
1.512365
1.511921
1.511705
1.511539
1.511061
1.510934
1.510775
1.510014
1.508713
1.507963
1.507085
1.506037
1.504664
1.503956
1.503621
1.502896
1.502174
1.501924
1.501863
1.501524
1.501000
1.500095
1.499439
1.499036
1.498401
1.497356
1.495510
1.494134
1.493132
1.492475
1.491275
1.489728
1.488622
1.488255
1.488162
1.487549
1.486832
1.486412
1.486265
1.486317
1.485866
1.485212
1.484366
1.483736
1.482863
1.482315
1.481098
1.479732
1.478273
1.477530
1.476599
1.475982
1.475621
1.474936
1.474172
1.473761
1.473569
1.473807
1.473866
1.473377
1.472626
1.471887
1.471236
1.470688
1.470118
1.469389
1.467992
1.466731
1.465004
1.463886
1.463283
1.463038
1.462897
1.462483
1.461892
1.461228
1.460990
1.460912
1.461211
1.460817
1.459714
1.458283
1.456512
1.455321
1.454123
1.453320
1.452799
1.452052
1.451183
1.450600
1.450019
1.450809
1.452510
1.454890
1.456713
1.457430
1.457240
1.456277
1.455049
1.453996
1.453205
1.452458
1.451114
1.449703
1.448599
1.447850
1.447147
1.446661
1.445763
1.444406
1.443041
1.441757
1.440666
1.440509
1.439947
1.438461
1.437621
1.437383
1.437757
1.438253
1.438251
1.438551
1.439317
1.439631
1.439787
1.439926
1.439936
1.439841
1.439749
1.439607
1.439498
1.439009
1.438658
1.438033
1.437290
1.437044
1.436814
1.436784
1.436861
1.436931
1.436673
1.436689
1.436666
1.436450
1.436774
1.436535
1.436248
1.436081
1.435862
1.435434
1.435142
1.435017
1.434793
1.434797
1.435041
1.434984
1.434701
1.434414
1.433936
1.433243
1.432901
1.432436
1.431861
1.431456
1.431027
1.430708
1.430306
1.429955
1.429730
1.429501
1.429266
1.429055
1.428747
1.428524
1.428189
1.428039
1.427796
1.427632
1.427212
1.426797
1.426262
1.426164
1.426150
1.426320
1.427276
1.429219
1.431020
1.432337
1.433025
1.433139
1.432465
1.431608
1.430139
1.428865
1.427658
1.426445
1.425453
1.424322
1.423419
1.422290
1.421860
1.422403
1.423457
1.425133
1.426740
1.428483
1.429949
1.431247
1.431612
1.431421
1.430498
1.429391
1.428234
1.426655
1.425238
1.423793
1.422138
1.420590
1.418956
1.417375
1.415904
1.414522
1.412954
1.411736
1.410481
1.409522
1.408727
1.408027
1.407740
1.407514
1.407430
1.407392
1.407612
1.407696
1.407811
1.407659
1.407329
1.406621
1.405751
1.404191
1.402529
1.400674
1.398753
1.396955
1.395220
1.393677
1.392294
1.391106
1.390157
1.389481
1.388923
1.388434
1.388083
1.387581
1.387163
1.386659
1.386035
1.385065
1.383744
1.382169
1.380861
1.379311
1.377690
1.376257
1.374481
1.372513
1.370899
1.369483
1.368215
1.366805
1.365447
1.364319
1.363220
1.361752
1.360211
1.358234
1.356344
1.354374
1.352463
1.350708
1.348733
1.346794
1.345095
1.343155
1.341127
1.339350
1.337179
1.335276
1.333250
1.331239
1.329033
1.326977
1.324920
1.322988
1.321093
1.319443
1.317923
1.316176
1.314492
1.313001
1.311116
1.309137
1.307003
1.305037
1.302880
1.300781
1.298724
1.296521
1.294489
1.292433
1.290322
1.288277
1.286194
1.284066
1.281991
1.279989
1.278004
1.275873
1.273826
1.271857
1.269959
1.267975
1.265980
1.263932
1.261820
1.259676
1.257554
1.255496
1.253463
1.251406
1.249179
1.247072
1.244969
1.242841
1.240658
1.238598
1.236483
1.234440
1.232352
1.230279
1.228201
1.226257
1.224242
1.222063
1.219850
1.217606
1.215657
1.213539
1.211405
1.209303
1.207207
1.205190
1.203072
1.200922
1.198913
1.196838
1.194751
1.192935
1.190937
1.188894
1.186915
1.184920
1.182884
1.181021
1.179125
1.177087
1.175158
1.173075
1.171245
1.169344
1.167417
1.165626
1.163707
1.161812
1.159882
1.158040
1.156296
1.154471
1.152893
1.151398
1.149738
1.148025
1.146308
1.144532
1.142832
1.141173
1.139624
1.137871
1.136250
1.134715
1.133171
1.131807
1.130057
1.128672
1.127191
1.125644
1.124273
1.122874
1.121530
1.120229
1.118830
1.117613
1.116259
1.114953
1.113793
1.112539
1.111307
1.109923
1.108855
1.107593
1.106435
1.105434
1.104273
1.103379
1.102344
1.101464
1.100478
1.099544
1.098584
1.097680
1.096818
1.095904
1.095055
1.094223
1.093432
1.092648
1.091835
1.091109
1.090429
1.089762
1.089046
1.088375
1.087724
1.087066
1.086491
1.085906
1.085334
1.084939
1.084326
1.083789
1.083316
1.082792
1.082254
1.081851
1.081311
1.080885
1.080538
1.080130
1.079724
1.079281
1.078956
1.078724
1.078347
1.078028
1.077686
1.077451
1.077142
1.076800
1.076584
1.076274
1.076010
1.075782
1.075594
1.075331
1.075129
1.074950
1.074771
1.074562
1.074455
1.074396
1.074212
1.073985
1.073862
1.073789
1.073714
1.073546
1.073512
1.073505
1.073199
1.073219
1.073197
1.073056
1.073056
1.073088
1.073079
1.072925
1.073078
1.073119
1.073061
1.073027
1.073160
1.073125
1.073140
1.073220
1.073289
1.073287
1.073306
1.073389
1.073399
1.073482
1.073621
1.073735
1.073770
1.073909
1.074042
1.074181
1.074277
1.074373
1.074483
1.074673
1.074748
1.074972
1.075042
1.075147
1.075218
1.075429
1.075610
1.075782
1.076009
1.076150
1.076295
1.076580
1.076703
1.076864
1.077070
1.077187
1.077348
1.077584
1.077789
1.077894
1.078073
1.078212
1.078356
1.078685
1.078925
1.079040
1.079217
1.079404
1.079645
1.079867
1.079968
1.080184
1.080330
1.080436
1.080601
1.080770
1.080877
1.081146
1.081257
1.081422
1.081610
1.081687
1.081904
1.082085
1.082166
1.082281
1.082468
1.082617
1.082749
1.082794
1.082881
1.082972
1.083194
1.083333
1.083414
1.083557
1.083741
1.083957
1.084061
1.084042
1.084163
1.084362
1.084408
1.084505
1.084688
1.084735
1.084901
1.084975
1.085031
1.085191
1.085242
1.085372
1.085581
1.085538
1.085678
1.085883
1.085937
1.086003
1.086206
1.086161
1.086345
1.086458
1.086510
1.086524
1.086633
1.086702
1.086881
1.087029
1.087053
1.087213
1.087189
1.087344
1.087423
1.087614
1.087699
1.087649
1.087807
1.087902
1.087958
1.088061
1.088177
1.088222
1.088329
1.088348
1.088419
1.088538
1.088580
1.088717
1.088772
1.088812
1.088885
1.088880
1.089006
1.089099
1.089069
1.089115
1.089269
1.089358
1.089439
1.089388
1.089522
1.089563
1.089680
1.089776
1.089742
1.089758
1.089895
1.089947
1.089987
1.089999
1.090020
1.090108
1.090122
1.090216
1.090192
1.090327
1.090228
1.090318
1.090398
1.090400
1.090398
1.090439
1.090472
1.090471
1.090502
1.090604
1.090553
1.090637
1.090586
1.090733
1.090779
1.090743
1.090800
1.090817
1.090866
1.090846
1.090844
1.090897
1.090877
1.090827
1.090974
1.091019
1.090975
1.090985
1.091008
1.090972
1.090940
1.091009
1.091050
1.091050
1.091130
1.091087
1.091049
1.091097
1.091051
1.091056
1.091055
1.091152
1.091154
1.091152
1.091251
1.091261
1.091289
1.091290
1.091250
1.091251
1.091294
1.091328
1.091331
1.091316
1.091416
1.091366
1.091250
1.091300
1.091339
1.091388
1.091341
1.091432
1.091423
1.091434
1.091339
1.091340
1.091336
1.091355
1.091337
1.091336
1.091414
1.091444
1.091434
1.091497
1.091548
1.091551
1.091550
1.091505
1.091527
1.091536
1.091587
1.091636
1.091644
1.091595
1.091658
1.091659
1.091710
1.091755
1.091705
1.091708
1.091722
1.091773
1.091702
1.091786
1.091788
1.091810
1.091878
1.091836
1.091884
1.091887
1.091951
1.091953
1.091918
1.091928
1.091965
1.092057
1.092062
1.092088
1.092138
1.092102
1.092119
1.092219
1.092271
1.092320
1.092289
1.092390
1.092354
1.092359
1.092409
1.092459
1.092412
1.092431
1.092433
1.092446
1.092538
1.092614
1.092589
1.092558
1.092660
1.092660
1.092722
1.092690
1.092777
1.092823
1.092845
1.092795
1.092760
1.092813
1.092913
1.092932
1.092932
1.092987
1.093007
1.092983
1.093136
1.093127
1.093131
1.093163
1.093182
1.093255
1.093260
1.093310
1.093357
1.093310
1.093360
1.093361
1.093415
1.093438
1.093460
1.093460
1.093514
1.093520
1.093545
1.093641
1.093646
1.093656
1.093628
1.093634
1.093659
1.093659
1.093716
1.093766
1.093766
1.093870
1.093902
1.093922
1.093944
1.093996
1.094051
1.094101
1.094130
1.094110
1.094107
1.094158
1.094160
1.094134
1.094189
1.094239
1.094239
1.094295
1.094304
1.094304
1.094358
1.094409
1.094388
1.094488
1.094566
1.094616
1.094617
1.094567
1.094688
1.094656
1.094657
1.094709
1.094709
1.094756
1.094760
1.094828
1.094878
1.094865
1.094953
1.094960
1.095006
1.095006
1.095008
1.095058
1.095058
1.095058
1.095035
1.095086
1.095119
1.095128
1.095128
1.095178
1.095174
1.095274
1.095326
1.095326
1.095326
1.095375
1.095295
1.095261
1.095211
1.095224
1.095274
1.095275
1.095325
1.095322
1.095372
1.095372
1.095474
1.095424
1.095430
1.095382
1.095382
1.095386
1.095386
1.095389
1.095390
1.095440
1.095487
1.095537
1.095537
1.095587
1.095589
1.095616
1.095571
1.095621
1.095611
1.095660
1.095625
1.095625
1.095627
1.095674
1.095674
1.095676
1.095684
1.095686
1.095709
1.095709
1.095714
1.095714
1.095745
1.095795
1.095795
1.095842
1.095844
1.095852
1.095854
1.095900
1.095900
1.095900
1.095965
1.095965
1.096015
1.096065
1.096015
1.096020
1.096016
1.096016
1.096066
1.096032
1.096082
1.096082
1.096082
1.096082
1.096040
1.095973
1.095975
1.096056
1.096056
1.096058
1.096105
1.096101
1.096101
1.096151
1.096201
1.096160
1.096212
1.096262
1.096258
1.096258
1.096258
1.096258
1.096237
1.096245
1.096245
1.096241
1.096200
1.096197
1.096197
1.096179
1.096225
1.096189
1.096189
1.096189
1.096185
1.096235
1.096235
1.096191
1.096146
1.096146
1.096126
1.096126
1.096126
1.096172
1.096172
1.096222
1.096322
1.096322
1.096278
1.096261
1.096310
1.096310
1.096265
1.096268
1.096268
1.096264
1.096262
1.096309
1.096309
1.096320
1.096297
1.096347
1.096396
1.096396
1.096354
1.096304
1.096349
1.096296
1.096346
1.096396
1.096398
1.096359
1.096359
1.096356
1.096353
1.096358
1.096410
1.096410
1.096407
1.096407
1.096442
1.096392
1.096442
1.096442
1.096385
1.096381
1.096336
1.096436
1.096438
1.096438
1.096488
1.096488
1.096485
1.096485
1.096485
1.096485
1.096584
1.096540
1.096502
1.096496
1.096496
1.096446
1.096431
1.096434
1.096434
1.096398
1.096448
1.096450
1.096450
1.096450
1.096450
1.096450
1.096447
1.096410
1.096507
1.096539
1.096539
1.096494
1.096544
1.096494
1.096482
1.096482
1.096532
1.096529
1.096579
1.096577
1.096577
1.096532
1.096532
1.096532
1.096497
1.096497
1.096494
1.096544
1.096544
1.096593
1.096593
1.096549
1.096549
1.096586
1.096586
1.096588
1.096588
1.096585
1.096585
1.096583
1.096583
1.096553
1.096552
1.096568
1.096568
1.096568
1.096568
1.096565
1.096615
1.096612
1.096612
1.096596
1.096552
1.096602
1.096589
1.096639
1.096639
1.096639
1.096639
1.096639
1.096639
1.096639
1.096648
1.096645
1.096645
1.096645
1.096563
1.096563
1.096563
1.096563
1.096563
1.096563
1.096662
1.096662
1.096619
1.096619
1.096619
1.096617
1.096617
1.096656
1.096656
1.096703
1.096703
1.096703
1.096703
1.096610
1.096610
1.096610
1.096574
1.096574
1.096574
1.096624
1.096671
1.096671
1.096671
1.096641
1.096691
1.096691
1.096649
1.096684
1.096687
1.096737
1.096737
1.096737
1.096737
1.096734
1.096734
1.096734
1.096719
1.096719
1.096716
1.096715
1.096715
1.096715
1.096715
1.096715
1.096715
1.096715
1.096712
1.096712
1.096712
1.096712
1.096762
1.096812
1.096812
1.096771
1.096771
1.096771
1.096771
1.096771
1.096721
1.096721
1.096671
1.096771
1.096771
1.096771
1.096793
1.096793
1.096790
1.096790
1.096790
1.096751
1.096751
1.096715
1.096765
1.096765
1.096765
1.096765
1.096765
1.096765
1.096765
1.096765
1.096765
1.096765
1.096765
1.096765
1.096807
1.096807
1.096807
1.096807
1.096818
1.096818
1.096816
1.096863
1.096863
1.096913
1.096913
1.097014
1.098014
1.111687
1.104290
1.119457
1.118213
1.136589
1.138197
1.147907
1.156560
1.166250
1.172286
1.178420
1.183328
1.187682
1.190959
1.193177
1.194661
1.194495
1.193117
1.191333
1.188497
1.186038
1.183111
1.180700
1.178455
1.175980
1.173489
1.171018
1.168363
1.165780
1.163264
1.161067
1.158782
1.156653
1.154734
1.152742
1.151034
1.149134
1.147268
1.145319
1.143335
1.141428
1.139367
1.137366
1.135458
1.133489
1.131456
1.129371
1.127473
1.125398
1.123379
1.120178
1.115584
1.108744
1.100017
1.089544
1.078260
1.066757
1.055150
1.043718
1.032700
1.021752
1.010597
0.999754
0.989145
0.978545
0.967754
0.957102
0.946316
0.935569
0.924747
0.913870
0.902947
0.892108
0.881581
0.871480
0.862301
0.854425
0.848383
0.844059
0.841111
0.839107
0.837613
0.835873
0.833874
0.831704
0.829478
0.827092
0.825244
0.823639
0.822042
0.820496
0.818723
0.816348
0.813904
0.811197
0.808223
0.805006
0.801738
0.798757
0.795522
0.792853
0.790344
0.787984
0.785569
0.783085
0.780584
0.778010
0.776015
0.774003
0.772113
0.770065
0.768173
0.766328
0.764446
0.762413
0.760442
0.758546
0.756625
0.754812
0.753064
0.750935
0.749081
0.747173
0.745245
0.743106
0.741109
0.739025
0.737033
0.734831
0.732945
0.730832
0.728874
0.727015
0.725033
0.723157
0.721329
0.719508
0.717405
0.715508
0.713573
0.711713
0.709792
0.707679
0.705640
0.703611
0.701639
0.699754
0.697783
0.695837
0.693885
0.692016
0.690425
0.688519
0.686784
0.684918
0.682967
0.681140
0.679239
0.677287
0.675379
0.673615
0.671823
0.669954
0.668365
0.666518
0.665024
0.663443
0.661784
0.660046
0.658482
0.656802
0.655323
0.653625
0.652191
0.650626
0.649157
0.647854
0.646469
0.645264
0.643940
0.642752
0.641558
0.640454
0.639069
0.637881
0.636667
0.635459
0.634283
0.633249
0.632205
0.631177
0.630101
0.629096
0.628321
0.627251
0.626304
0.625247
0.624348
0.623294
0.622254
0.621133
0.620119
0.619166
0.618162
0.617226
0.616274
0.615311
0.614377
0.613396
0.612607
0.611629
0.610824
0.609863
0.608787
0.607965
0.607027
0.606003
0.604926
0.603962
0.603006
0.602066
0.601207
0.600200
0.599123
0.598201
0.597027
0.595989
0.594903
0.593977
0.593135
0.592081
0.591103
0.590194
0.589546
0.588613
0.587738
0.586798
0.585852
0.584833
0.583918
0.583052
0.582197
0.581321
0.580498
0.579582
0.578825
0.578036
0.577171
0.576405
0.575499
0.574497
0.573663
0.572602
0.571545
0.570505
0.569638
0.568599
0.567563
0.566571
0.565445
0.564305
0.563182
0.562065
0.560854
0.559642
0.558215
0.556781
0.555313
0.553863
0.552406
0.551231
0.550018
0.548644
0.547290
0.545864
0.544380
0.543031
0.541576
0.540254
0.539135
0.537700
0.536400
0.535120
0.533736
0.532495
0.531184
0.529845
0.528411
0.527181
0.525851
0.524460
0.523212
0.521921
0.520608
0.519330
0.518067
0.516935
0.515695
0.514499
0.513175
0.512040
0.510755
0.509610
0.508349
0.507188
0.506001
0.504733
0.503577
0.502323
0.501459
0.500381
0.499174
0.498086
0.496956
0.495856
0.494641
0.493554
0.492514
0.491450
0.490349
0.489295
0.488234
0.487194
0.486173
0.484980
0.484090
0.483080
0.482148
0.481116
0.480060
0.479240
0.478352
0.477278
0.476215
0.475226
0.474106
0.473273
0.472416
0.471593
0.470640
0.469794
0.468936
0.467942
0.467064
0.466246
0.465314
0.464378
0.463558
0.462757
0.461794
0.460931
0.460030
0.459074
0.458079
0.457076
0.456152
0.455345
0.454372
0.453475
0.452531
0.451652
0.450911
0.449694
0.448901
0.448154
0.447259
0.446281
0.445507
0.444556
0.443781
0.442903
0.441990
0.441157
0.440326
0.439415
0.438511
0.437699
0.436851
0.436049
0.435342
0.434458
0.433760
0.433054
0.432403
0.431547
0.430873
0.430108
0.429289
0.428576
0.427618
0.427072
0.426263
0.425626
0.424981
0.424126
0.423408
0.422879
0.422216
0.421459
0.421041
0.420300
0.419727
0.418969
0.418401
0.417645
0.417016
0.416378
0.415795
0.415038
0.414349
0.413883
0.413297
0.412704
0.411939
0.411343
0.410704
0.410046
0.409433
0.408696
0.408043
0.407400
0.406840
0.406164
0.405598
0.404957
0.404323
0.403722
0.403036
0.402282
0.401660
0.401022
0.400366
0.399749
0.399145
0.398441
0.397723
0.397174
0.396554
0.395971
0.395326
0.394621
0.393998
0.393399
0.392732
0.392072
0.391374
0.390722
0.390032
0.389516
0.388931
0.388280
0.387722
0.387025
0.386432
0.386017
0.385480
0.385064
0.384505
0.383897
0.383217
0.382576
0.381931
0.381273
0.380610
0.379909
0.379199
0.378574
0.377919
0.377285
0.376699
0.376072
0.375525
0.374850
0.374291
0.373568
0.373022
0.372306
0.371765
0.371062
0.370366
0.369748
0.369069
0.368397
0.367684
0.366886
0.366406
0.365752
0.364999
0.364268
0.363720
0.363091
0.362400
0.361690
0.361007
0.360284
0.359632
0.359032
0.358414
0.357632
0.356783
0.355884
0.355012
0.354107
0.353267
0.352336
0.351455
0.350603
0.349635
0.348811
0.347913
0.347035
0.346158
0.345305
0.344339
0.343472
0.342609
0.341738
0.340751
0.340007
0.339175
0.338364
0.337416
0.336574
0.335665
0.334850
0.333873
0.333144
0.332119
0.331243
0.330312
0.329464
0.328631
0.327745
0.326798
0.325997
0.325180
0.324313
0.323442
0.322600
0.321672
0.320790
0.319901
0.319100
0.318127
0.317265
0.316476
0.315466
0.314694
0.313902
0.312872
0.312086
0.311155
0.310206
0.309390
0.308478
0.307562
0.306739
0.305820
0.304979
0.303994
0.303225
0.302290
0.301482
0.300617
0.299690
0.298907
0.298032
0.297146
0.296256
0.295351
0.294465
0.293642
0.292651
0.291787
0.290936
0.290060
0.289194
0.288292
0.287359
0.286287
0.285222
0.284284
0.283309
0.282361
0.281203
0.280171
0.279139
0.277973
0.277006
0.275971
0.274918
0.274001
0.272912
0.271792
0.270762
0.269800
0.268683
0.267672
0.266566
0.265547
0.264318
0.263322
0.262277
0.261242
0.260248
0.259216
0.258061
0.256970
0.255915
0.254770
0.253506
0.252535
0.251277
0.250143
0.248941
0.247823
0.246759
0.245539
0.244470
0.243384
0.242256
0.241262
0.240112
0.238889
0.237661
0.236401
0.235238
0.234022
0.232819
0.231648
0.230497
0.229292
0.228004
0.226782
0.225487
0.224286
0.223084
0.221717
0.220538
0.219343
0.218020
0.216737
0.215550
0.214482
0.213200
0.211896
0.210652
0.209339
0.208028
0.206758
0.205434
0.204098
0.202793
0.201509
0.200204
0.198939
0.197712
0.196375
0.195027
0.193743
0.192531
0.191110
0.189686
0.188526
0.187218
0.185897
0.184608
0.183315
0.182033
0.180743
0.179673
0.178516
0.177249
0.176009
0.174757
0.173486
0.172287
0.171126
0.169926
0.168583
0.167455
0.166376
0.165184
0.164073
0.162853
0.161823
0.160681
0.159571
0.158485
0.157409
0.156344
0.155258
0.154161
0.153177
0.152076
0.150995
0.150070
0.149097
0.148131
0.147098
0.146171
0.145295
0.144631
0.143829
0.142892
0.142090
0.141235
0.140261
0.139425
0.138448
0.137565
0.136678
0.135819
0.134944
0.134109
0.133309
0.132437
0.131725
0.130810
0.130045
0.129196
0.128446
0.127649
0.126860
0.126014
0.125183
0.124384
0.123601
0.122824
0.122102
0.121270
0.120627
0.119757
0.118985
0.118222
0.117542
0.116679
0.115955
0.115239
0.114396
0.113696
0.112996
0.112225
0.111408
0.110728
0.109965
0.109309
0.108466
0.107675
0.106951
0.106232
0.105521
0.104684
0.103958
0.103244
0.102602
0.101732
0.101026
0.100439
0.099775
0.098984
0.098254
0.097511
0.096709
0.096101
0.095309
0.094590
0.093760
0.093100
0.092315
0.091634
0.090851
0.090173
0.089488
0.088794
0.088087
0.087312
0.086653
0.085929
0.085330
0.084593
0.083882
0.083163
0.082529
0.081779
0.081142
0.080441
0.079813
0.079161
0.078491
0.077826
0.077257
0.076597
0.075898
0.075196
0.074698
0.074227
0.073666
0.073108
0.072402
0.071821
0.071228
0.070626
0.069997
0.069344
0.068800
0.068283
0.067744
0.067132
0.066560
0.066038
0.065487
0.064929
0.064487
0.063969
0.063441
0.062972
0.062443
0.062075
0.061585
0.061095
0.060664
0.060162
0.059760
0.059356
0.058975
0.058424
0.058112
0.057646
0.057323
0.056920
0.056480
0.056258
0.055937
0.055622
0.055199
0.054872
0.054542
0.054257
0.053972
0.053606
0.053340
0.053029
0.052779
0.052429
0.052206
0.051823
0.051551
0.051221
0.050960
0.050742
0.050499
0.050206
0.050037
0.049771
0.049510
0.049245
0.049097
0.048822
0.048604
0.048412
0.048158
0.047931
0.047735
0.047613
0.047401
0.047206
0.046997
0.046848
0.046667
0.046455
0.046358
0.046174
0.046018
0.045860
0.045614
0.045476
0.045294
0.045181
0.044977
0.044835
0.044666
0.044517
0.044449
0.044214
0.044125
0.044077
0.043843
0.043765
0.043578
0.043484
0.043322
0.043250
0.043098
0.043022
0.042955
0.042750
0.042700
0.042595
0.042528
0.042347
0.042248
0.042177
0.042001
0.041831
0.041743
0.041759
0.041580
0.041586
0.041460
0.041351
0.041260
0.041174
0.041076
0.040992
0.040830
0.040732
0.040686
0.040669
0.040487
0.040419
0.040333
0.040299
0.040285
0.040189
0.039917
0.039868
0.039862
0.039817
0.039679
0.039673
0.039624
0.039527
0.039489
0.039354
0.039305
0.039217
0.039190
0.039142
0.039049
0.038987
0.038905
0.038862
0.038821
0.038749
0.038710
0.038629
0.038562
0.038516
0.038554
0.038424
0.038298
0.038261
0.038278
0.038195
0.038144
0.038028
0.038028
0.038015
0.037920
0.037841
0.037865
0.037818
0.037736
0.037736
0.037690
0.037680
0.037588
0.037515
0.037567
0.037567
0.037440
0.037400
0.037400
0.037400
0.037275
0.037233
0.037224
0.037192
0.037180
0.037087
0.037084
0.037091
0.037048
0.036949
0.036945
0.036966
0.036936
0.036915
0.036823
0.036851
0.036851
0.036765
0.036705
0.036657
0.036657
0.036615
0.036559
0.036538
0.036511
0.036481
0.036516
0.036476
0.036388
0.036414
0.036422
0.036429
0.036367
0.036255
0.036255
0.036179
0.036154
0.036115
0.036057
0.036088
0.036045
0.036011
0.036011
0.035964
0.035899
0.035926
0.035870
0.035835
0.035838
0.035765
0.035765
0.035800
0.035707
0.035684
0.035615
0.035580
0.035536
0.035514
0.035480
0.035462
0.035417
0.035471
0.035441
0.035441
0.035348
0.035390
0.035301
0.035315
0.035254
0.035274
0.035264
0.035298
0.035204
0.035201
0.035152
0.035115
0.035115
0.035096
0.035075
0.035075
0.034982
0.034982
0.034989
0.034989
0.034977
0.034922
0.034876
0.034876
0.034883
0.034883
0.034839
0.034797
0.034785
0.034734
0.034734
0.034718
0.034704
0.034657
0.034588
0.034563
0.034601
0.034586
0.034539
0.034499
0.034499
0.034459
0.034446
0.034398
0.034433
0.034413
0.034413
0.034394
0.034346
0.034307
0.034295
0.034295
0.034247
0.034237
0.034238
0.034214
0.034244
0.034158
0.034148
0.034138
0.034199
0.034106
0.034036
0.034036
0.034028
0.033990
0.033942
0.033942
0.033942
0.033973
0.033918
0.033918
0.033918
0.033918
0.033855
0.033806
0.033850
0.033810
0.033810
0.033723
0.033719
0.033719
0.033719
0.033714
0.033665
0.033665
0.033665
0.033663
0.033614
0.033614
0.033612
0.033612
0.033612
0.033529
0.033528
0.033528
0.033528
0.033528
0.033508
0.033508
0.033508
0.033472
0.033457
0.033376
0.033376
0.033378
0.033378
0.033378
0.033329
0.033332
0.033332
0.033332
0.033312
0.033267
0.033236
0.033273
0.033306
0.033311
0.033311
0.033283
0.033283
0.033309
0.033315
0.033315
0.033309
0.033272
0.033250
0.033250
0.033250
0.033250
0.033202
0.033246
0.033211
0.033211
0.033211
0.033249
0.033259
0.033211
0.033211
0.033183
0.033183
0.033241
0.033206
0.033206
0.033159
0.033159
0.033197
0.033197
0.033197
0.033197
0.033197
0.033149
0.033136
0.033136
0.033136
0.033136
0.033162
0.033125
0.033093
0.033093
0.033127
0.033167
0.033167
0.033168
0.033189
0.033189
0.033143
0.033118
0.033118
0.033118
0.033135
0.033133
0.033133
0.033133
0.033168
0.033087
0.033087
0.033106
0.033106
0.033106
0.033106
0.033106
0.033106
0.033106
0.033057
0.033057
0.033057
0.033057
0.033057
0.033053
0.033053
0.033088
0.033109
0.033109
0.033065
0.033065
0.033065
0.033065
0.033065
0.033029
0.033051
0.033051
0.033029
0.033029
0.033029
0.032985
0.032985
0.032968
0.032968
0.032953
0.032953
0.032953
0.032953
0.032953
0.032953
0.032953
0.032945
0.032945
0.032945
0.032970
0.032970
0.032970
0.032970
0.032970
0.032970
0.032970
0.032970
0.032951
0.032951
0.032930
0.032930
0.032956
0.032956
0.032956
0.032956
0.032956
0.032956
0.032956
0.032956
0.032873
0.032873
0.032873
0.032873
0.032873
0.032873
0.032900
0.032900
0.032900
0.032876
0.032876
0.032871
0.032871
0.032871
0.032871
0.032871
0.032836
0.032836
0.032836
0.032831
0.032831
0.032831
0.032792
0.032792
0.032771
0.032736
0.032766
0.032801
0.032757
0.032757
0.032757
0.032784
0.032784
0.032745
0.032745
0.032708
0.032708
0.032708
0.032708
0.032673
0.032673
0.032673
0.032673
0.032636
0.032670
0.032696
0.032696
0.032696
0.032696
0.032689
0.032689
0.032689
0.032689
0.032652
0.032616
0.032582
0.032582
0.032582
0.032582
0.032617
0.032631
0.032631
0.032631
0.032595
0.032595
0.032595
0.032552
0.032552
0.032552
0.032552
0.032517
0.032517
0.032517
0.032481
0.032481
0.032481
0.032455
0.032479
0.032479
0.032479
0.032479
0.032437
0.032437
0.032402
0.032402
0.032402
0.032367
0.032367
0.032367
0.032368
0.032368
0.032312
0.032279
0.032278
0.032278
0.032320
0.032278
0.032278
0.032278
0.032278
0.032278
0.032201
0.032201
0.032201
0.032203
0.032168
0.032168
0.032168
0.032174
0.032132
0.032166
0.032166
0.032166
0.032166
0.032166
0.032106
0.032106
0.032072
0.032079
0.032115
0.032113
0.032113
0.032037
0.032037
0.032001
0.032001
0.032001
0.032001
0.032001
0.031967
0.031967
0.031967
0.031920
0.031920
0.031920
0.031915
0.031915
0.031915
0.031882
0.031882
0.031846
0.031846
0.031846
0.031881
0.031881
0.031916
0.031862
0.031837
0.031761
0.031727
0.031727
0.031730
0.031730
0.031730
0.031730
0.031730
0.031694
0.031694
0.031694
0.031729
0.031729
0.031688
0.031688
0.031654
0.031622
0.031622
0.031658
0.031658
0.031590
0.031590
0.031590
0.031590
0.031590
0.031554
0.031514
0.031514
0.031494
0.031494
0.031494
0.031438
0.031438
0.031438
0.031474
0.031474
0.031474
0.031442
0.031442
0.031369
0.031327
0.031291
0.031256
0.031256
0.031256
0.031256
0.031256
0.031224
0.031266
0.031224
0.031260
0.031260
0.031260
0.031193
0.031193
0.031193
0.031220
0.031184
0.031184
0.031184
0.031157
0.031157
0.031137
0.031137
0.031083
0.031074
0.031110
0.031072
0.031072
0.031044
0.031044
0.031044
0.031044
0.031008
0.031008
0.031008
0.031008
0.031008
0.031008
0.031008
0.031008
0.031008
0.031008
0.031008
0.030953
0.030953
0.030953
0.030953
0.030916
0.030880
0.030880
0.030880
0.030880
0.030880
0.030880
0.030880
0.030880
0.030916
0.030916
0.030859
0.030825
0.030801
0.030801
0.030801
0.030816
0.030816
0.030780
0.030751
0.030787
0.030787
0.030787
0.030752
0.030752
0.030752
0.030732
0.030699
0.030664
0.030699
0.030699
0.030699
0.030733
0.030733
0.030697
0.030686
0.030651
0.030651
0.030651
0.030651
0.030651
0.030687
0.030672
0.030638
0.030638
0.030638
0.030638
0.030638
0.030639
0.030611
0.030575
0.030575
0.030575
0.030539
0.030539
0.030517
0.030517
0.030541
0.030507
0.030507
0.030507
0.030507
0.030507
0.030507
0.030535
0.030569
0.030533
0.030533
0.030533
0.030533
0.030533
0.030503
0.030484
0.030513
0.030479
0.030479
0.030479
0.030479
0.030446
0.030446
0.030446
0.030480
0.030444
0.030444
0.030444
0.030442
0.030442
0.030442
0.030413
0.030382
0.030380
0.030380
0.030380
0.030380
0.030380
0.030380
0.030380
0.030414
0.030350
0.030350
0.030350
0.030350
0.030350
0.030350
0.030350
0.030352
0.030352
0.030336
0.030336
0.030336
0.030336
0.030336
0.030336
0.030336
0.030334
0.030334
0.030334
0.030334
0.030334
0.030334
0.030334
0.030336
0.030336
0.030302
0.030302
0.030302
0.030310
0.030310
0.030310
0.030310
0.030344
0.030308
0.030308
0.030320
0.030320
0.030320
0.030281
0.030281
0.030281
0.030322
0.030322
0.030322
0.030322
0.030322
0.030322
0.030305
0.030319
0.030343
0.030302
0.030302
0.030273
0.030273
0.030249
0.030249
0.030290
0.030290
0.030290
0.030290
0.030290
0.030290
0.030290
0.030276
0.030304
0.030302
0.030302
0.030302
0.030302
0.030302
0.030304
0.030274
0.030261
0.030261
0.030289
0.030289
0.030248
0.030248
0.030248
0.030274
0.030274
0.030238
0.030272
0.030272
0.030238
0.030238
0.030315
0.030293
0.030293
0.030226
0.030226
0.030226
0.030226
0.030226
0.030252
0.030252
0.030274
0.030238
0.030238
0.030238
0.030238
0.030238
0.030274
0.030274
0.030274
0.030274
0.030248
0.030248
0.030248
0.030248
0.030274
0.030274
0.030274
0.030238
0.030238
0.030238
0.030238
0.030238
0.030274
0.030274
0.030274
0.030274
0.030248
0.030248
0.030215
0.030241
0.030268
0.030268
0.030268
0.030231
0.030231
0.030231
0.030231
0.030231
0.030272
0.030272
0.030272
0.030259
0.030233
0.030226
0.030258
0.030221
0.030247
0.030247
0.030284
0.030248
0.030216
0.030216
0.030216
0.030216
0.030223
0.030223
0.030223
0.030223
0.030197
0.030197
0.030197
0.030197
0.030223
0.030223
0.030253
0.030253
0.030216
0.030216
0.030216
0.030253
0.030253
0.030253
0.030253
0.030253
0.030226
0.030226
0.030226
0.030226
0.030253
0.030220
0.030220
0.030220
0.030184
0.030213
0.030213
0.030220
0.030220
0.030220
0.030220
0.030194
0.030161
0.030161
0.030161
0.030161
0.030249
0.030249
0.030249
0.030249
0.030213
0.030213
0.030184
0.030220
0.030220
0.030220
0.030220
0.030161
0.030190
0.030222
0.030222
0.030219
0.030252
0.030279
0.030279
0.030279
0.030279
0.030279
0.030279
0.030279
0.030279
0.030279
0.030252
0.030219
0.030219
0.030219
0.030219
0.030219
0.030252
0.030279
0.030279
0.030260
0.030260
0.030260
0.030260
0.030260
0.030298
0.030272
0.030272
0.030238
0.030208
0.030208
0.030208
0.030208
0.030241
0.030267
0.030308
0.030308
0.030308
0.030267
0.030267
0.030267
0.030267
0.030241
0.030208
0.030208
0.030208
0.030208
0.030208
0.030208
0.030248
0.030253
0.030279
0.030279
0.030239
0.030239
0.030239
0.030239
0.030212
0.030212
0.030179
0.030179
0.030179
0.030219
0.030219
0.030219
0.030219
0.030253
0.030239
0.030239
0.030240
0.030240
0.030240
0.030240
0.030214
0.030214
0.030180
0.030221
0.030221
0.030221
0.030221
0.030221
0.030180
0.030214
0.030248
0.030275
0.030275
0.030248
0.030248
0.030248
0.030289
0.030289
0.030255
0.030255
0.030255
0.030255
0.030255
0.030215
0.030215
0.030248
0.030248
0.030248
0.030248
0.030219
0.030259
0.030259
0.030250
0.030217
0.030217
0.030217
0.030255
0.030255
0.030215
0.030183
0.030183
0.030215
0.030248
0.030289
0.030289
0.030289
0.030289
0.030289
0.030289
0.030255
0.030255
0.030223
0.030183
0.030183
0.030183
0.030183
0.030183
0.030223
0.030257
0.030257
0.030289
0.030289
0.030289
0.030257
0.030257
0.030223
0.030223
0.030183
0.030183
0.030183
0.030223
0.030223
0.030223
0.030229
0.030262
0.030262
0.030262
0.030262
0.030262
0.030262
0.030262
0.030258
0.030224
0.030181
0.030181
0.030152
0.030152
0.030152
0.030194
0.030194
0.030194
0.030228
0.030228
0.030228
0.030257
0.030257
0.030224
0.030181
0.030181
0.030181
0.030152
0.030152
0.030152
0.030152
0.030152
0.030152
0.030152
0.030257
