1.511957
1.344649
1.187768
1.077615
1.017220
0.993680
0.989063
0.989220
0.989320
0.988823
0.988082
0.987544
0.987518
0.987599
0.987756
0.987824
0.987485
0.986792
0.985738
0.984398
0.982909
0.981169
0.979418
0.977903
0.976257
0.974506
0.972859
0.971255
0.969729
0.968318
0.966713
0.965013
0.963454
0.961618
0.960167
0.958448
0.956739
0.954987
0.953152
0.951357
0.949402
0.947462
0.945316
0.943574
0.941512
0.939939
0.938239
0.936359
0.934736
0.933473
0.932278
0.931079
0.929853
0.928661
0.927333
0.926128
0.924845
0.923581
0.922189
0.920736
0.919318
0.918000
0.916747
0.915525
0.914322
0.912981
0.911708
0.910480
0.909131
0.907439
0.905713
0.903549
0.901518
0.899624
0.897451
0.895643
0.893547
0.891347
0.889241
0.886928
0.884392
0.882360
0.879935
0.877735
0.875581
0.873167
0.870843
0.868512
0.866231
0.863889
0.861832
0.859656
0.857532
0.855645
0.853381
0.850781
0.848688
0.846408
0.843936
0.841940
0.839530
0.837107
0.834924
0.832576
0.830300
0.827722
0.825187
0.822904
0.820596
0.818172
0.815960
0.813597
0.811658
0.809640
0.807363
0.804816
0.802407
0.799995
0.797310
0.794863
0.792123
0.789518
0.787006
0.784447
0.782173
0.779655
0.777521
0.775404
0.773171
0.771197
0.768936
0.766682
0.764258
0.762027
0.759469
0.756991
0.754612
0.752018
0.749624
0.746975
0.744209
0.741918
0.739089
0.736532
0.733912
0.731444
0.728854
0.726081
0.723589
0.720685
0.718032
0.715208
0.712409
0.709663
0.706819
0.704048
0.701280
0.698459
0.695698
0.692862
0.690192
0.687306
0.684393
0.681892
0.679241
0.676585
0.674062
0.671605
0.669421
0.666935
0.664400
0.661433
0.658456
0.655623
0.652654
0.649601
0.646359
0.643259
0.640148
0.636745
0.633751
0.630686
0.627899
0.624647
0.621661
0.618566
0.615510
0.612340
0.609198
0.606388
0.603771
0.601111
0.598528
0.595509
0.592614
0.589847
0.586749
0.583824
0.581014
0.578214
0.575109
0.572334
0.569527
0.566583
0.563714
0.561032
0.558281
0.555688
0.553138
0.550630
0.547767
0.545145
0.542597
0.539971
0.537369
0.534794
0.532166
0.529297
0.526746
0.524306
0.521584
0.518874
0.516272
0.513786
0.511368
0.508691
0.506293
0.504105
0.501959
0.499257
0.496631
0.493989
0.491635
0.489558
0.486839
0.484094
0.481664
0.479289
0.476977
0.474424
0.471845
0.469002
0.466676
0.464489
0.462072
0.459346
0.456906
0.454398
0.452190
0.450027
0.447568
0.444722
0.442089
0.439456
0.437578
0.435352
0.432879
0.430226
0.427552
0.425290
0.423003
0.420872
0.418514
0.415811
0.413252
0.410998
0.408916
0.406754
0.404378
0.401880
0.399559
0.397344
0.395376
0.393216
0.390620
0.388155
0.385897
0.383614
0.381472
0.379105
0.376876
0.374682
0.372474
0.370071
0.367928
0.365768
0.363371
0.361259
0.358962
0.356646
0.354783
0.352846
0.350760
0.348690
0.346598
0.344305
0.342141
0.339896
0.337724
0.335670
0.333458
0.331580
0.329570
0.327206
0.325244
0.323265
0.321181
0.319347
0.317250
0.315308
0.313321
0.311181
0.309032
0.307077
0.305288
0.303632
0.301800
0.300202
0.298299
0.296582
0.294918
0.292982
0.291328
0.289560
0.287550
0.285550
0.283772
0.281896
0.279991
0.278143
0.276233
0.274461
0.272601
0.270944
0.269174
0.267253
0.265535
0.263613
0.261903
0.260277
0.258355
0.256689
0.255032
0.253253
0.251697
0.249930
0.248357
0.246583
0.244972
0.243221
0.241509
0.239894
0.238406
0.236741
0.235121
0.233482
0.231847
0.230345
0.228835
0.227139
0.225600
0.224011
0.222357
0.220804
0.219319
0.217584
0.216198
0.214591
0.213019
0.211579
0.210131
0.208762
0.207546
0.206146
0.204520
0.203172
0.201729
0.200136
0.198876
0.197537
0.196123
0.194723
0.193245
0.191980
0.190617
0.189163
0.187910
0.186500
0.185134
0.183777
0.182429
0.181087
0.179916
0.178746
0.177407
0.176192
0.174952
0.173709
0.172476
0.171045
0.169870
0.168665
0.167402
0.166488
0.165328
0.164051
0.162975
0.161747
0.160559
0.159333
0.158236
0.157122
0.155947
0.154855
0.153766
0.152670
0.151519
0.150358
0.149385
0.148186
0.147145
0.146029
0.145010
0.144043
0.142884
0.141836
0.140834
0.139820
0.138751
0.137731
0.136725
0.135777
0.134737
0.133793
0.132852
0.131819
0.130902
0.129832
0.128927
0.128173
0.127346
0.126472
0.125529
0.124647
0.123804
0.122901
0.122059
0.121141
0.120220
0.119226
0.118438
0.117600
0.116835
0.115899
0.115073
0.114161
0.113379
0.112442
0.111707
0.110891
0.110066
0.109211
0.108504
0.107797
0.106999
0.106204
0.105420
0.104691
0.103915
0.103293
0.102497
0.101822
0.101018
0.100393
0.099679
0.098913
0.098261
0.097589
0.096932
0.096373
0.095715
0.095061
0.094393
0.093693
0.093044
0.092645
0.092149
0.091503
0.090969
0.090390
0.089830
0.089245
0.088592
0.088043
0.087521
0.086913
0.086460
0.085792
0.085261
0.084677
0.084109
0.083636
0.083104
0.082509
0.082056
0.081595
0.081129
0.080718
0.080132
0.079545
0.079070
0.078642
0.078229
0.077705
0.077279
0.076859
0.076518
0.075871
0.075574
0.075110
0.074841
0.074324
0.073923
0.073466
0.073124
0.072720
0.072240
0.071853
0.071364
0.071010
0.070679
0.070183
0.069883
0.069431
0.069128
0.068832
0.068377
0.067992
0.067506
0.067179
0.066789
0.066528
0.066335
0.066092
0.065683
0.065357
0.065077
0.064795
0.064486
0.064082
0.063724
0.063460
0.063098
0.062713
0.062336
0.062007
0.061625
0.061312
0.060982
0.060707
0.060424
0.060054
0.059762
0.059391
0.059032
0.058715
0.058440
0.058128
0.057894
0.057414
0.057104
0.056839
0.056466
0.056180
0.055868
0.055502
0.055190
0.054835
0.054510
0.054151
0.053825
0.053565
0.053212
0.052930
0.052584
0.052422
0.051992
0.051718
0.051380
0.051084
0.050784
0.050449
0.050158
0.049876
0.049529
0.049214
0.048865
0.048529
0.048238
0.047888
0.047674
0.047333
0.047046
0.046654
0.046375
0.046204
0.045931
0.045771
0.045449
0.045173
0.044918
0.044589
0.044326
0.044132
0.043823
0.043565
0.043326
0.043152
0.042960
0.042752
0.042456
0.042312
0.042049
0.041775
0.041653
0.041530
0.041295
0.041102
0.040973
0.040925
0.040727
0.040574
0.040356
0.040192
0.040033
0.039856
0.039739
0.039521
0.039440
0.039270
0.039077
0.038877
0.038790
0.038621
0.038370
0.038276
0.038083
0.037883
0.037723
0.037611
0.037473
0.037448
0.037279
0.037127
0.037077
0.037012
0.036830
0.036742
0.036566
0.036487
0.036314
0.036189
0.036063
0.035944
0.035719
0.035602
0.035530
0.035442
0.035442
0.035472
0.035404
0.035274
0.035187
0.035087
0.034932
0.034785
0.034668
0.034500
0.034414
0.034272
0.034229
0.034012
0.033944
0.033769
0.033766
0.033692
0.033600
0.033554
0.033450
0.033369
0.033285
0.033225
0.033086
0.033004
0.032925
0.032872
0.032785
0.032739
0.032733
0.032732
0.032706
0.032647
0.032572
0.032541
0.032426
0.032381
0.032342
0.032304
0.032272
0.032206
0.032098
0.032061
0.032003
0.031967
0.031907
0.031834
0.031815
0.031741
0.031805
0.031736
0.031701
0.031636
0.031542
0.031529
0.031509
0.031534
0.031472
0.031459
0.031468
0.031442
0.031410
0.031310
0.031363
0.031256
0.031226
0.031257
0.031167
0.031170
0.031150
0.031121
0.031130
0.031124
0.031083
0.030991
0.030975
0.031014
0.031020
0.030993
0.031025
0.031011
0.030987
0.030995
0.031009
0.030987
0.030987
0.030952
0.030978
0.031029
0.031003
0.030992
0.030874
0.030856
0.030855
0.030855
0.030876
0.030876
0.030876
0.030828
0.030894
0.030954
0.030936
0.030915
0.030817
0.030808
0.030800
0.030793
0.030703
0.030718
0.030702
0.030698
0.030676
0.030636
0.030654
0.030654
0.030652
0.030728
0.030761
0.030761
0.030678
0.030679
0.030659
0.030609
0.030571
0.030590
0.030558
0.030520
0.030507
0.030549
0.030590
0.030634
0.030682
0.030670
0.030670
0.030676
0.030620
0.030620
0.030602
0.030648
0.030599
0.030612
0.030612
0.030659
0.030572
0.030546
0.030592
0.030652
0.030652
0.030708
0.030706
0.030763
0.030687
0.030719
0.030760
0.030745
0.030669
0.030672
0.030728
0.030764
0.030807
0.030791
0.030742
0.030783
0.030806
0.030806
0.030748
0.030814
0.030721
0.030756
0.030733
0.030780
0.030744
0.030781
0.030816
0.030898
0.030910
0.030884
0.030932
0.030976
0.031006
0.031016
0.030991
0.030994
0.030948
0.030913
0.030890
0.030919
0.030997
0.030948
0.030948
0.030939
0.030944
0.030937
0.030903
0.030938
0.030922
0.030915
0.030923
0.030923
0.030887
0.030819
0.030866
0.030862
0.030823
0.030858
0.030912
0.030878
0.030877
0.030890
0.030820
0.030842
0.030852
0.030862
0.030862
0.030862
0.030920
0.030919
0.030932
0.030914
0.030877
0.030877
0.030877
0.030923
0.030914
0.030930
0.030930
0.030884
0.030920
0.030887
0.030868
0.030886
0.030949
0.030949
0.030949
0.030949
0.030966
0.030966
0.030939
0.030907
0.030930
0.030997
0.031027
0.031106
0.031113
0.031131
0.031095
0.031123
0.031101
0.031101
0.031156
0.031131
0.031139
0.031159
0.031159
0.031092
0.031159
0.031129
0.031163
0.031140
0.031105
0.031105
0.031150
0.031202
0.031170
0.031193
0.031141
0.031141
0.031134
0.031134
0.031092
0.031117
0.031130
0.031197
0.031191
0.031235
0.031192
0.031192
0.031254
0.031257
0.031299
0.031197
0.031150
0.031134
0.031136
0.031066
0.031084
0.031068
0.031021
0.031059
0.031078
0.031066
0.031083
0.031083
0.031066
0.031024
0.031002
0.030955
0.030931
0.030927
0.030925
0.030948
0.030948
0.030947
0.030977
0.030913
0.030875
0.030963
0.030963
0.030963
0.030923
0.030923
0.030902
0.030880
0.030878
0.030872
0.030872
0.030835
0.030836
0.030836
0.030807
0.030714
0.030714
0.030714
0.030738
0.030738
0.030733
0.030698
0.030698
0.030764
0.030773
0.030852
0.030826
0.030777
0.030784
0.030843
0.030884
0.030865
0.030865
0.030838
0.030848
0.030883
0.030893
0.030860
0.030860
0.030820
0.030820
0.030765
0.030777
0.030777
0.030810
0.030744
0.030744
0.030832
0.030832
0.030832
0.030799
0.030799
0.030763
0.030763
0.030763
0.030749
0.030764
0.030777
0.030732
0.030706
0.030789
0.030789
0.030776
0.030798
0.030798
0.030823
0.030793
0.030783
0.030753
0.030753
0.030645
0.030636
0.030636
0.030641
0.030562
0.030562
0.030556
0.030522
0.030553
0.030553
0.030608
0.030568
0.030566
0.030566
0.030606
0.030604
0.030535
0.030513
0.030538
0.030469
0.030469
0.030469
0.030469
0.030462
0.030472
0.030444
0.030542
0.030519
0.030561
0.030600
0.030600
0.030594
0.030595
0.030591
0.030565
0.030499
0.030499
0.030507
0.030503
0.030503
0.030548
0.030548
0.030548
0.030509
0.030490
0.030534
0.030536
0.030559
0.030565
0.030586
0.030586
0.030549
0.030549
0.030507
0.030513
0.030523
0.030536
0.030571
0.030571
0.030592
0.030604
0.030604
0.030601
0.030647
0.030691
0.030669
0.030669
0.030635
0.030651
0.030667
0.030634
0.030611
0.030621
0.030664
0.030698
0.030720
0.030724
0.030763
0.030857
0.030857
0.030792
0.030830
0.030818
0.030804
0.030724
0.030724
0.030724
0.030769
0.030778
0.030778
0.030715
0.030765
0.030774
0.030748
0.030741
0.030741
0.030714
0.030718
0.030765
0.030761
0.030758
0.030727
0.030690
0.030723
0.030716
0.030761
0.030822
0.030844
0.030843
0.030891
0.030891
0.030902
0.030937
0.030909
0.030893
0.030893
0.030893
0.030905
0.030905
0.030905
0.030905
0.030905
0.030953
0.030975
0.030985
0.030970
0.030954
0.030918
0.030918
0.030897
0.030912
0.030947
0.030947
0.030947
0.030944
0.030944
0.030957
0.030961
0.031017
0.031010
0.031017
0.030978
0.031003
0.031012
0.031019
0.030997
0.031007
0.031042
0.031060
0.031060
0.031060
0.031072
0.031082
0.031082
0.031115
0.031101
0.031146
0.031180
0.031180
0.031183
0.031138
0.031138
0.031138
0.031138
0.031138
0.031139
0.031161
0.031161
0.031174
0.031196
0.031210
0.031296
0.031319
0.031319
0.031319
0.031319
0.031321
0.031277
0.031279
0.031279
0.031279
0.031203
0.031194
0.031177
0.031196
0.031211
0.031256
0.031211
0.031302
0.031302
0.031351
0.031348
0.031348
0.031334
0.031312
0.031312
0.031337
0.031337
0.031337
0.031303
0.031273
0.031339
0.031367
0.031364
0.031364
0.031402
0.031407
0.031407
0.031484
0.031484
0.031445
0.031424
0.031424
0.031393
0.031392
0.031422
0.031422
0.031488
0.031488
0.031488
0.031488
0.031488
0.031487
0.031535
0.031566
0.031567
0.031545
0.031483
0.031493
0.031531
0.031538
0.031585
0.031615
0.031676
0.031676
0.031688
0.031693
0.031741
0.031752
0.031752
0.031752
0.031763
0.031763
0.031697
0.031755
0.031717
0.031717
0.031717
0.031762
0.031796
0.031796
0.031818
0.031899
0.031899
0.031910
0.031915
0.031915
0.031915
0.031915
0.031863
0.031828
0.031863
0.031863
0.031863
0.031919
0.031988
0.031988
0.031988
0.031988
0.031949
0.031985
0.031985
0.031962
0.031953
0.031927
0.031875
0.031876
0.031843
0.031837
0.031911
0.031907
0.031973
0.031969
0.031969
0.032008
0.032008
0.031976
0.031974
0.031968
0.031981
0.031950
0.031919
0.031919
0.031933
0.031933
0.031926
0.031926
0.031923
0.031913
0.031913
0.031913
0.031913
0.031967
0.031936
0.031937
0.031941
0.031896
0.031927
0.031889
0.031857
0.031857
0.031857
0.031874
0.031874
0.031889
0.031911
0.031950
0.031913
0.031918
0.031928
0.031913
0.031893
0.031888
0.031895
0.031863
0.031825
0.031835
0.031845
0.031845
0.031855
0.031900
0.031919
0.031907
0.031920
0.031920
0.031956
0.031956
0.031911
0.031907
0.031907
0.031882
0.031844
0.031844
0.031800
0.031800
0.031800
0.031784
0.031829
0.031829
0.031804
0.031817
0.031773
0.031726
0.031716
0.031716
0.031716
0.031678
0.031654
0.031611
0.031611
0.031653
0.031653
0.031583
0.031574
0.031579
0.031529
0.031546
0.031546
0.031496
0.031491
0.031491
0.031423
0.031398
0.031398
0.031396
0.031386
0.031370
0.031327
0.031306
0.031306
0.031267
0.031293
0.031293
0.031252
0.031220
0.031199
0.031199
0.031211
0.031208
0.031211
0.031211
0.031192
0.031192
0.031175
0.031136
0.031094
0.031094
0.031094
0.031076
0.031076
0.031038
0.031076
0.031054
0.031054
0.031054
0.031041
0.031004
0.031035
0.031006
0.030963
0.030995
0.030985
0.030955
0.030955
0.030963
0.030972
0.030981
0.030960
0.030952
0.030907
0.030917
0.030917
0.030917
0.030929
0.030890
0.030855
0.030857
0.030878
0.030913
0.030913
0.030913
0.030913
0.030892
0.030892
0.030892
0.030847
0.030814
0.030806
0.030806
0.030806
0.030819
0.030874
0.030874
0.030833
0.030833
0.030833
0.030899
0.030899
0.030899
0.030890
0.030815
0.030815
0.030815
0.030697
0.030688
