1.627302
1.475156
1.340195
1.253966
1.212257
1.197767
1.194912
1.194640
1.194353
1.193646
1.192961
1.192439
1.192406
1.192614
1.192694
1.192573
1.191838
1.190310
1.188281
1.186231
1.184158
1.182397
1.180714
1.178832
1.177033
1.175034
1.172799
1.170400
1.168025
1.165607
1.163018
1.160631
1.158327
1.155820
1.153392
1.151119
1.148749
1.146560
1.144662
1.142779
1.140868
1.139074
1.137373
1.135784
1.134146
1.132579
1.131478
1.130070
1.128856
1.127361
1.125857
1.124197
1.122643
1.121039
1.119683
1.118266
1.116874
1.115307
1.113714
1.112252
1.110652
1.109071
1.107614
1.106089
1.104485
1.102756
1.101425
1.100382
1.099278
1.097957
1.096590
1.095312
1.094268
1.093141
1.091935
1.090911
1.089604
1.088395
1.087159
1.086141
1.084912
1.083851
1.082444
1.081255
1.080027
1.078843
1.077792
1.076667
1.075431
1.074263
1.073243
1.072214
1.071060
1.070069
1.069126
1.068014
1.066993
1.066133
1.064842
1.063457
1.061885
1.060527
1.059097
1.057537
1.056127
1.054622
1.053195
1.051730
1.050342
1.048899
1.047759
1.046528
1.045330
1.044079
1.042740
1.041450
1.040095
1.038835
1.037703
1.036236
1.034995
1.033909
1.032889
1.031780
1.030690
1.029654
1.028644
1.027546
1.026618
1.025535
1.024811
1.023642
1.022648
1.021909
1.021166
1.020375
1.019528
1.018830
1.018032
1.017322
1.016672
1.016128
1.015498
1.014920
1.014416
1.013884
1.013289
1.012817
1.012390
1.011996
1.011514
1.011195
1.010963
1.010691
1.010343
1.010180
1.009937
1.009735
1.009362
1.009310
1.009116
1.008976
1.008870
1.008670
1.008348
1.008080
1.007647
1.007465
1.007121
1.006844
1.006504
1.006264
1.005967
1.005836
1.005687
1.005437
1.005313
1.005116
1.004899
1.004658
1.004432
1.004396
1.004245
1.004170
1.004169
1.003928
1.003841
1.003849
1.003710
1.003751
1.003706
1.003708
1.003546
1.003524
1.003539
1.003476
1.003471
1.003499
1.003608
1.003546
1.003874
1.004012
1.004249
1.004367
1.004304
1.004055
1.003914
1.003484
1.003345
1.003065
1.003024
1.003214
1.003191
1.003145
1.003538
1.003875
1.004032
1.004230
1.004332
1.004643
1.004849
1.005031
1.005232
1.005351
1.005605
1.005760
1.005945
1.006087
1.006262
1.006488
1.006726
1.006874
1.007099
1.007348
1.007365
1.007576
1.007655
1.007930
1.008112
1.008332
1.008411
1.008606
1.008782
1.009074
1.009072
1.009260
1.009454
1.009734
1.009652
1.009859
1.010272
1.010590
1.010766
1.010655
1.010873
1.010858
1.010952
1.010943
1.011075
1.010996
1.011022
1.011180
1.011342
1.011537
1.011688
1.011782
1.012151
1.012462
1.013002
1.013488
1.013879
1.014322
1.014830
1.015200
1.015452
1.015882
1.016177
1.016662
1.016952
1.017405
1.017484
1.017725
1.017865
1.017974
1.018251
1.018003
1.017779
1.017378
1.016933
1.016550
1.016068
1.015712
1.015147
1.014643
1.014088
1.013675
1.013133
1.012825
1.012680
1.012290
1.011866
1.011380
1.010864
1.010376
1.009914
1.009326
1.008859
1.008484
1.008018
1.007667
1.007162
1.006654
1.006122
1.005712
1.005414
1.004950
1.004419
1.004016
1.003351
1.002831
1.002443
1.001904
1.001409
1.000928
1.000301
0.999868
0.999239
0.999031
0.998649
0.998197
0.997831
0.997264
0.996836
0.996230
0.995690
0.995093
0.994514
0.994023
0.993373
0.992781
0.992296
0.991609
0.990987
0.990520
0.990035
0.989289
0.988874
0.988252
0.987715
0.987099
0.986694
0.986122
0.985454
0.984751
0.984075
0.983485
0.982708
0.982119
0.981483
0.980796
0.980058
0.979573
0.978816
0.978266
0.977657
0.977079
0.976371
0.975718
0.975249
0.974605
0.973969
0.973593
0.973108
0.972533
0.972134
0.971546
0.971088
0.970539
0.970104
0.969565
0.969232
0.968600
0.967964
0.967591
0.967086
0.966690
0.966349
0.965688
0.965427
0.964875
0.964532
0.964163
0.963820
0.963506
0.962955
0.962756
0.962356
0.961968
0.961628
0.961248
0.961060
0.960641
0.960492
0.960111
0.959783
0.959508
0.959275
0.958795
0.958749
0.958424
0.958110
0.957744
0.957527
0.957308
0.957077
0.956933
0.956691
0.956438
0.956113
0.955889
0.955526
0.955414
0.955142
0.954852
0.954897
0.954544
0.954381
0.954077
0.953831
0.953573
0.953435
0.953148
0.952908
0.952665
0.952639
0.952337
0.952095
0.951837
0.951636
0.951469
0.951280
0.950955
0.950783
0.950573
0.950405
0.950222
0.950076
0.949871
0.949687
0.949496
0.949283
0.948984
0.948661
0.948455
0.948373
0.948108
0.947822
0.947626
0.947371
0.947118
0.946976
0.946698
0.946449
0.946232
0.945968
0.945642
0.945396
0.945158
0.944917
0.944752
0.944499
0.944242
0.944004
0.943831
0.943514
0.943288
0.943024
0.942688
0.942422
0.942218
0.941982
0.941757
0.941384
0.941023
0.940906
0.940596
0.940322
0.939995
0.939739
0.939579
0.939224
0.938970
0.938622
0.938319
0.938062
0.937800
0.937555
0.937385
0.937104
0.936780
0.936588
0.936234
0.936047
0.935643
0.935324
0.935106
0.934791
0.934428
0.934123
0.933809
0.933433
0.933269
0.932890
0.932569
0.932302
0.931919
0.931678
0.931405
0.931208
0.930729
0.930536
0.930262
0.929913
0.929657
0.929332
0.929042
0.928769
0.928543
0.928221
0.927955
0.927787
0.927461
0.927223
0.926898
0.926566
0.926306
0.926046
0.925802
0.925705
0.925378
0.925100
0.925074
0.924773
0.924627
0.924414
0.924123
0.923882
0.923671
0.923479
0.923132
0.922946
0.922840
0.922567
0.922342
0.922235
0.922081
0.921967
0.921821
0.921644
0.921493
0.921382
0.921245
0.920973
0.920896
0.920600
0.920634
0.920414
0.920084
0.920025
0.919925
0.919884
0.919688
0.919565
0.919563
0.919334
0.919204
0.919202
0.919051
0.918914
0.918809
0.918723
0.918613
0.918572
0.918521
0.918427
0.918340
0.918116
0.918102
0.918062
0.917920
0.917879
0.917885
0.917810
0.917729
0.917692
0.917541
0.917546
0.917405
0.917361
0.917313
0.917279
0.917190
0.917062
0.917132
0.917095
0.916921
0.916896
0.916873
0.916781
0.916773
0.916691
0.916669
0.916678
0.916565
0.916479
0.916539
0.916504
0.916433
0.916452
0.916488
0.916371
0.916291
0.916420
0.916372
0.916312
0.916356
0.916219
0.916237
0.916236
0.916367
0.916200
0.916220
0.916091
0.916209
0.916150
0.916199
0.916224
0.916277
0.916276
0.916221
0.916275
0.916160
0.916192
0.916262
0.916219
0.916251
0.916208
0.916197
0.916163
0.916142
0.916142
0.916153
0.916181
0.916098
0.916194
0.916224
0.916190
0.916219
0.916269
0.916251
0.916168
0.916162
0.916124
0.916131
0.916145
0.916225
0.916148
0.916142
0.916106
0.916143
0.916246
0.916177
0.916236
0.916265
0.916136
0.916174
0.916182
0.916194
0.916193
0.916210
0.916219
0.916228
0.916246
0.916255
0.916275
0.916307
0.916281
0.916416
0.916337
0.916317
0.916347
0.916355
0.916354
0.916367
0.916370
0.916382
0.916308
0.916321
0.916371
0.916334
0.916413
0.916547
0.916468
0.916486
0.916550
0.916562
0.916493
0.916616
0.916631
0.916618
0.916415
0.916440
0.916470
0.916470
0.916449
0.916550
0.916553
0.916623
0.916558
0.916567
0.916534
0.916529
0.916567
0.916635
0.916570
0.916538
0.916506
0.916553
0.916572
0.916505
0.916555
0.916553
0.916570
0.916590
0.916560
0.916557
0.916448
0.916430
0.916451
0.916499
0.916437
0.916467
0.916439
0.916489
0.916462
0.916431
0.916428
0.916428
0.916374
0.916424
0.916366
0.916478
0.916446
0.916388
0.916388
0.916320
0.916339
0.916422
0.916383
0.916359
0.916333
0.916397
0.916330
0.916281
0.916255
0.916236
0.916262
0.916262
0.916239
0.916246
0.916265
0.916252
0.916221
0.916199
0.916155
0.916203
0.916170
0.916169
0.916168
0.916091
0.916113
0.916057
0.916005
0.916024
0.916023
0.916109
0.916025
0.915997
0.915882
0.915832
0.915802
0.915784
0.915788
0.915838
0.915801
0.915801
0.915862
0.915884
0.915834
0.915818
0.915742
0.915741
0.915776
0.915757
0.915683
0.915667
0.915650
0.915627
0.915624
0.915674
0.915631
0.915542
0.915542
0.915542
0.915482
0.915448
0.915497
0.915483
0.915458
0.915427
0.915464
0.915390
0.915342
0.915343
0.915331
0.915356
0.915406
0.915435
0.915464
0.915466
0.915454
0.915444
0.915397
0.915397
0.915409
0.915400
0.915352
0.915374
0.915374
0.915365
0.915367
0.915406
0.915385
0.915321
0.915312
0.915350
0.915350
0.915313
0.915313
0.915363
0.915363
0.915272
0.915272
0.915304
0.915306
0.915257
0.915182
0.915182
0.915232
0.915136
0.915136
0.915183
0.915283
0.915234
0.915215
0.915215
0.915200
0.915151
0.915191
0.915191
0.915192
0.915189
0.915140
0.915140
0.915240
0.915240
0.915192
0.915242
0.915242
0.915242
0.915218
0.915203
0.915201
0.915201
0.915203
0.915178
0.915130
0.915130
0.915180
0.915180
0.915164
0.915117
0.915089
0.915089
0.915089
0.915077
0.915030
0.915030
0.915008
0.915008
0.915105
0.915107
0.915088
0.915138
0.915138
0.915138
0.915138
0.915138
0.915149
0.915183
0.915183
0.915184
0.915184
0.915184
0.915186
0.915118
0.915118
0.915119
0.915129
0.915130
0.915179
0.915169
0.915123
0.915123
0.915123
0.915123
0.915098
0.915098
0.915098
0.915105
0.915106
0.915086
0.915086
0.915086
0.915107
0.915107
0.915109
0.915107
0.915011
0.915061
0.915146
0.915149
0.915176
0.915176
0.915177
0.915177
0.915208
0.915164
0.915166
0.915166
0.915166
0.915165
0.915115
0.915165
0.915164
0.915164
0.915175
0.915224
0.915181
0.915180
0.915180
0.915163
0.915163
0.915163
0.915162
0.915162
0.915161
0.915161
0.915111
0.915113
0.915071
0.915121
0.915141
0.915219
0.915248
0.915235
0.915235
0.915235
0.915235
0.915235
0.915235
0.915237
0.915237
0.915237
0.915196
0.915194
0.915194
0.915194
0.915194
0.915230
0.915253
0.915251
0.915251
0.915252
0.915252
0.915202
0.915202
0.915202
0.915201
0.915203
0.915203
0.915164
0.915164
0.915151
0.915149
0.915150
0.915150
0.915150
0.915150
0.915192
0.915192
0.915218
0.915219
0.915251
0.915251
0.915251
0.915251
0.915240
0.915240
0.915240
0.915204
0.915259
0.915220
0.915317
0.915318
0.915318
0.915318
0.915318
0.915315
0.915315
0.915315
0.915315
0.915306
0.915306
0.915329
0.915329
0.915329
0.915378
0.915378
0.915380
0.915380
0.915361
0.915366
0.915366
0.915365
0.915365
0.915307
0.915305
0.915304
0.915304
0.915304
0.915304
0.915345
0.915345
0.915345
0.915345
0.915345
0.915345
0.915387
0.915387
0.915382
0.915332
0.915331
0.915331
0.915331
0.915331
0.915331
0.915331
0.915299
0.915249
0.915249
0.915248
0.915248
0.915248
0.915244
0.915244
0.915244
0.915244
0.915244
0.915244
0.915245
0.915245
0.915245
0.915245
0.915290
0.915340
0.915340
0.915338
0.915338
0.915306
0.915306
0.915356
0.915356
0.915356
0.915306
0.915307
0.915307
0.915307
0.915307
0.915349
0.915349
0.915350
0.915319
0.915320
0.915320
0.915320
0.915320
0.915320
0.915320
0.915369
0.915369
0.915369
0.915370
0.915369
0.915369
0.915369
0.915404
0.915404
0.915453
0.915453
0.915353
0.915353
0.915353
0.915357
0.915357
0.915358
0.915358
0.915358
0.915358
0.915358
0.915358
0.915358
0.915358
0.915370
0.915370
0.915374
0.915374
0.915374
0.915372
0.915372
0.915371
0.915418
0.915418
0.915421
0.915370
0.915370
0.915376
0.915417
0.915417
0.915467
0.915467
0.915467
0.915503
0.915503
0.915475
0.915475
0.915483
0.915483
0.915485
0.915471
0.915471
0.915471
0.915470
0.915470
0.915470
0.915468
0.915469
0.915510
0.915509
0.915509
0.915509
0.915509
0.915507
0.915459
0.915459
0.915472
0.915472
0.915473
0.915473
0.915473
0.915473
0.915473
0.915471
0.915482
0.915570
0.915570
0.915620
0.915621
0.915623
0.915663
0.915663
0.915663
0.915664
0.915664
0.915664
0.915614
0.915614
0.915614
0.915613
0.915613
0.915613
0.915613
0.915613
0.915613
0.915657
0.915659
0.915660
0.915660
0.915660
0.915660
0.915660
0.915660
0.915660
0.915660
0.915710
0.915722
0.915674
0.915663
0.915663
0.915712
0.915714
0.915716
0.915716
0.915716
0.915666
0.915666
0.915641
0.915641
0.915641
0.915639
0.915639
0.915637
0.915637
0.915676
0.915676
0.915676
0.915676
0.915676
0.915667
0.915667
0.915667
0.915667
0.915667
0.915667
0.915667
0.915667
0.915667
0.915667
0.915667
0.915667
0.915667
0.915667
0.915665
0.915665
0.915657
0.915657
0.915610
0.915610
0.915610
0.915610
0.915609
0.915609
0.915609
0.915609
0.915609
0.915606
0.915606
0.915606
0.915609
0.915609
0.915609
0.915609
0.915659
0.915659
0.915627
0.915627
0.915627
0.915670
0.915668
0.915668
0.915668
0.915668
0.915668
0.915669
0.915682
0.915684
0.915684
0.915634
0.915634
0.915635
0.915635
0.915635
0.915585
0.915633
0.915633
0.915683
0.915683
0.915683
0.915732
0.915640
0.915640
0.915640
0.915640
0.915643
0.915645
0.915645
0.915643
0.915643
0.915643
0.915643
0.915643
0.915643
0.915643
0.915643
0.915622
0.915622
0.915622
0.915622
0.915622
0.915619
0.915619
0.915618
0.915618
0.915618
0.915618
0.915618
0.915618
0.915618
0.915617
0.915617
0.915659
0.915659
0.915659
0.915611
0.915611
0.915659
0.915659
0.915659
0.915659
0.915659
0.915659
0.915658
0.915658
0.915658
0.915652
0.915652
0.915652
0.915652
0.915652
0.915652
0.915652
0.915665
0.915715
0.915703
0.915703
0.915703
0.915703
0.915703
0.915705
0.915705
0.915705
0.915705
0.915705
0.915705
0.915705
0.915705
0.915705
0.915705
0.915706
0.915706
0.915706
0.915706
0.915706
0.915707
0.915755
0.915755
0.915755
0.915756
0.915756
0.915756
0.915756
0.915756
0.915756
0.915757
0.915757
0.915757
0.915707
0.915707
0.915707
0.915707
0.915707
0.915707
0.915707
0.915707
0.915707
0.915757
0.915713
0.915663
0.915670
0.915670
0.915670
0.915670
0.915670
0.915670
0.915670
0.915670
0.915670
0.915670
0.915670
0.915670
0.915667
0.915667
0.915667
0.915666
0.915709
0.915709
0.915757
0.915757
0.915757
0.915755
0.915755
0.915755
0.915771
0.915771
0.915821
0.915821
0.915821
0.915821
0.915821
0.915818
0.915818
0.915818
0.915818
0.915818
0.915818
0.915818
0.915818
0.915775
0.915775
0.915775
0.915775
0.915775
0.915775
0.915777
0.915777
0.915777
0.915777
0.915826
0.915825
0.915825
0.915825
0.915825
0.915825
0.915825
0.915825
0.915825
0.915783
0.915783
0.915783
0.915783
0.915783
0.915834
0.915822
0.915822
0.915822
0.915871
0.915871
0.915871
0.915871
0.915871
0.915890
0.915869
0.915869
0.915870
0.915920
0.915920
0.915920
0.915920
0.915920
0.915920
0.915920
0.915920
0.915920
0.915920
0.915970
0.915970
0.915972
0.915972
0.915973
0.915973
0.915973
0.915973
0.915973
0.915973
0.915923
0.915973
0.915973
0.915973
0.915973
0.915973
1.017664
1.117983
1.156931
1.136110
1.100879
1.121867
1.223909
1.358226
1.495236
1.648897
1.815794
1.982408
2.129623
2.241946
2.312431
2.341853
2.341180
2.323845
2.301527
2.281756
2.270574
2.267356
2.270703
2.276826
2.283177
2.286158
2.282902
2.275598
2.264773
2.253411
2.243393
2.236004
2.231484
2.231574
2.233148
2.236505
2.239678
2.242289
2.243925
2.243483
2.243137
2.242584
2.242113
2.241871
2.242863
2.243988
2.246733
2.248767
2.251262
2.253389
2.254155
2.358444
2.452319
2.456830
2.355142
2.175506
1.961385
1.753154
1.573740
1.428157
1.310112
1.210015
1.119638
1.037591
0.973560
0.978252
1.026054
1.138586
1.297947
1.466544
1.608526
1.699466
1.732243
1.719965
1.684690
1.651593
1.627826
1.626565
1.647532
1.680960
1.708328
1.713347
1.693933
1.663018
1.633631
1.616785
1.617213
1.638596
1.672180
1.714010
1.754246
1.785023
1.796797
1.794345
1.783070
1.767346
1.758163
1.752175
1.743247
1.736942
1.734146
1.732315
1.732034
1.731876
1.730258
1.728063
1.726299
1.724126
1.722654
1.723763
1.723595
1.721095
1.716780
1.711088
1.705636
1.700438
1.695860
1.691935
1.688492
1.685795
1.683125
1.680873
1.677482
1.673962
1.670288
1.666421
1.662615
1.658632
1.654310
1.650284
1.646346
1.642361
1.638193
1.634175
1.629969
1.625886
1.622256
1.619121
1.615525
1.611997
1.608528
1.605175
1.601906
1.598248
1.594598
1.590162
1.585792
1.581115
1.576434
1.571681
1.567222
1.562734
1.558317
1.554076
1.549700
1.545069
1.540676
1.536496
1.532006
1.527627
1.523223
1.518791
1.514485
1.510023
1.505549
1.501088
1.496471
1.492171
1.487670
1.483502
1.479302
1.475063
1.470690
1.466488
1.462186
1.458170
1.454164
1.450069
1.446147
1.442121
1.438254
1.434176
1.430104
1.426148
1.422108
1.418164
1.414252
1.410215
1.406351
1.402414
1.398351
1.394405
1.390915
1.387903
1.385162
1.382741
1.380267
1.378180
1.376066
1.373847
1.372020
1.369831
1.367387
1.365126
1.362610
1.359882
1.356587
1.352979
1.349341
1.345625
1.342015
1.338401
1.334956
1.332044
1.329482
1.327256
1.325414
1.323601
1.321847
1.319668
1.317779
1.315771
1.313377
1.310672
1.307698
1.304507
1.300956
1.297231
1.293404
1.289918
1.286598
1.283351
1.280140
1.277343
1.274919
1.272639
1.270316
1.267948
1.265279
1.262807
1.260230
1.257668
1.254731
1.251606
1.248521
1.245449
1.242640
1.239832
1.236951
1.233792
1.230579
1.227586
1.224296
1.221210
1.218261
1.215814
1.212952
1.210286
1.207493
1.204814
1.202233
1.199695
1.197484
1.195068
1.192783
1.190238
1.188003
1.185827
1.183275
1.180772
1.177947
1.175207
1.172650
1.170008
1.168016
1.165679
1.163272
1.160653
1.158124
1.155501
1.152877
1.150514
1.148063
1.145494
1.142874
1.140367
1.137876
1.135436
1.132934
1.130685
1.128472
1.126089
1.123552
1.120970
1.118651
1.116126
1.113746
1.111253
1.108942
1.106555
1.104117
1.101731
1.099348
1.096952
1.094370
1.092002
1.089807
1.087751
1.085409
1.083071
1.080578
1.078272
1.075922
1.073771
1.071598
1.069264
1.066907
1.064640
1.062058
1.059543
1.057317
1.054696
1.052648
1.050555
1.048174
1.045602
1.043308
1.040874
1.038604
1.036231
1.033571
1.031207
1.028797
1.026041
1.023391
1.020830
1.018068
1.015466
1.013477
1.011331
1.009038
1.006638
1.004698
1.002225
0.999553
0.997111
0.994847
0.992512
0.990245
0.987580
0.985262
0.983024
0.980832
0.978380
0.975906
0.973566
0.971213
0.968872
0.966601
0.963920
0.961450
0.958766
0.956630
0.954487
0.951825
0.949617
0.947330
0.944414
0.941922
0.939360
0.936732
0.933860
0.931363
0.928863
0.926114
0.923073
0.920162
0.917552
0.914666
0.911554
0.908497
0.905517
0.902900
0.899807
0.896741
0.893679
0.890693
0.887956
0.884664
0.881308
0.878195
0.875107
0.871791
0.868544
0.865362
0.862205
0.858901
0.855762
0.853032
0.850269
0.847520
0.845080
0.843041
0.840588
0.838506
0.836897
0.834666
0.832056
0.829444
0.826486
0.823528
0.820784
0.817500
0.814255
0.811317
0.808490
0.805919
0.803644
0.801265
0.798836
0.796645
0.794533
0.792471
0.790587
0.788271
0.785931
0.783341
0.780832
0.777933
0.775198
0.772238
0.769492
0.766667
0.764196
0.762000
0.759973
0.757799
0.755710
0.753933
0.751764
0.749620
0.747425
0.744915
0.742342
0.739692
0.737032
0.734189
0.731630
0.728743
0.726139
0.723891
0.721743
0.719580
0.717561
0.715475
0.713620
0.711783
0.710311
0.708603
0.706839
0.705011
0.702669
0.700585
0.698148
0.696128
0.693976
0.692063
0.690162
0.688584
0.687107
0.685670
0.684341
0.682865
0.680905
0.678941
0.677059
0.675114
0.673049
0.671181
0.669130
0.667182
0.665107
0.663072
0.661015
0.659007
0.657023
0.655003
0.653101
0.650824
0.649469
0.648046
0.646596
0.645763
0.644604
0.643693
0.642568
0.641455
0.640632
0.639727
0.638571
0.637301
0.635959
0.634827
0.633942
0.633243
0.632464
0.631814
0.631204
0.630261
0.629267
0.628404
0.627241
0.625683
0.623907
0.622300
0.620905
0.619415
0.617728
0.616163
0.614645
0.613190
0.611673
0.609840
0.607846
0.605666
0.603805
0.601958
0.600052
0.598337
0.596821
0.595358
0.593939
0.592519
0.590904
0.589184
0.587170
0.585121
0.582899
0.580611
0.578079
0.575417
0.572786
0.570190
0.567571
0.565109
0.562819
0.560479
0.558276
0.556274
0.554162
0.552218
0.550208
0.548105
0.545786
0.543598
0.541629
0.539650
0.538076
0.536560
0.535133
0.533751
0.532213
0.530980
0.529566
0.528169
0.526968
0.525409
0.523809
0.521925
0.519902
0.518010
0.516014
0.514020
0.512042
0.510109
0.508016
0.506097
0.503845
0.501326
0.498986
0.496402
0.493572
0.491049
0.488622
0.486529
0.484471
0.482498
0.480712
0.478802
0.477091
0.475148
0.473328
0.471340
0.469459
0.467408
0.465354
0.463677
0.461862
0.459962
0.458126
0.456258
0.454313
0.452411
0.450738
0.448625
0.446861
0.445117
0.443138
0.441530
0.440020
0.438351
0.436757
0.434763
0.432497
0.430443
0.428170
0.425905
0.423920
0.422067
0.420192
0.418748
0.417092
0.415639
0.413957
0.412617
0.411200
0.409618
0.408226
0.406729
0.405316
0.403751
0.402500
0.401471
0.400511
0.399451
0.398600
0.397675
0.396826
0.395912
0.395024
0.394111
0.393248
0.392248
0.391037
0.389780
0.388600
0.387209
0.385862
0.384706
0.383711
0.382899
0.381953
0.381281
0.380673
0.379880
0.379213
0.378395
0.377567
0.376865
0.376145
0.375378
0.374671
0.374015
0.373361
0.372560
0.371907
0.371281
0.370629
0.369860
0.369152
0.368480
0.367605
0.366833
0.365757
0.364651
0.363232
0.362067
0.360755
0.359587
0.358548
0.357698
0.356812
0.355955
0.355180
0.354336
0.353596
0.352621
0.351890
0.350943
0.349981
0.349179
0.348286
0.347524
0.346729
0.345817
0.345068
0.344297
0.343340
0.342599
0.341578
0.340554
0.339380
0.337975
0.336761
0.335385
0.334167
0.333224
0.332355
0.331370
0.330469
0.329770
0.328950
0.328043
0.326898
0.325619
0.324335
0.322940
0.321662
0.320388
0.319206
0.317978
0.316763
0.315278
0.313721
0.312252
0.310448
0.308963
0.307335
0.305678
0.304061
0.302992
0.301675
0.300479
0.299401
0.298309
0.297121
0.295894
0.294753
0.293616
0.292449
0.291358
0.290138
0.289065
0.288072
0.286763
0.285446
0.284297
0.282901
0.281821
0.280431
0.279048
0.277643
0.276512
0.275450
0.274459
0.273379
0.272476
0.271558
0.270671
0.269770
0.268888
0.267917
0.266830
0.265800
0.264822
0.263551
0.262454
0.261326
0.260171
0.259002
0.257965
0.256860
0.256186
0.255323
0.254435
0.253522
0.252687
0.251706
0.250839
0.250175
0.249356
0.248648
0.247825
0.247379
0.246582
0.246039
0.245622
0.245109
0.244623
0.244160
0.243545
0.242910
0.242324
0.241808
0.241153
0.240354
0.239443
0.238594
0.237683
0.236790
0.235655
0.234834
0.233767
0.232809
0.231901
0.230715
0.229908
0.229117
0.228153
0.227139
0.226346
0.225308
0.224383
0.223359
0.222469
0.221497
0.220460
0.219588
0.218563
0.217703
0.216792
0.215880
0.214940
0.213989
0.213273
0.212251
0.211441
0.210397
0.209568
0.208766
0.207920
0.207090
0.206322
0.205454
0.204629
0.203639
0.202723
0.201967
0.201130
0.200328
0.199391
0.198584
0.197734
0.196938
0.196156
0.195324
0.194551
0.193649
0.192958
0.192121
0.191366
0.190332
0.189513
0.188620
0.187773
0.187063
0.186341
0.185549
0.184986
0.184213
0.183453
0.182753
0.182028
0.181315
0.180672
0.179838
0.179312
0.178574
0.177993
0.177171
0.176590
0.175778
0.175318
0.174582
0.173919
0.173466
0.172797
0.172170
0.171605
0.171035
0.170533
0.169953
0.169244
0.168639
0.168015
0.167321
0.166695
0.166122
0.165766
0.164995
0.164308
0.163736
0.163013
0.162370
0.161607
0.160998
0.160155
0.159584
0.158757
0.158126
0.157367
0.156647
0.155904
0.155222
0.154318
0.153579
0.152725
0.151889
0.151205
0.150337
0.149768
0.148904
0.148193
0.147471
0.146584
0.145797
0.145141
0.144453
0.143688
0.142957
0.142247
0.141549
0.140970
0.140208
0.139531
0.138834
0.138065
0.137349
0.136659
0.135992
0.135238
0.134617
0.134007
0.133220
0.132583
0.131869
0.131306
0.130535
0.129868
0.129129
0.128444
0.127824
0.127004
0.126285
0.125644
0.124908
0.124186
0.123384
0.122743
0.121912
0.121267
0.120346
0.119381
0.118400
0.117543
0.116549
0.115496
0.114695
0.113813
0.112691
0.111769
0.110800
0.109862
0.109006
0.108088
0.107101
0.106266
0.105359
0.104295
0.103373
0.102521
0.101600
0.100605
0.099710
0.098741
0.097736
0.096838
0.096018
0.094939
0.094073
0.093317
0.092385
0.091580
0.090732
0.089872
0.088864
0.087940
0.087086
0.086227
0.085461
0.084740
0.083948
0.083120
0.082433
0.081633
0.080884
0.080253
0.079612
0.078761
0.078041
0.077284
0.076632
0.075862
0.075263
0.074603
0.074024
0.073283
0.072654
0.072106
0.071614
0.070987
0.070330
0.069877
0.069180
0.068708
0.068153
0.067830
0.067281
0.066857
0.066372
0.065858
0.065435
0.064889
0.064427
0.063998
0.063531
0.063148
0.062647
0.062224
0.061959
0.061535
0.061225
0.060905
0.060476
0.060135
0.059736
0.059372
0.059048
0.058632
0.058213
0.058059
0.057740
0.057349
0.057133
0.056790
0.056622
0.056297
0.056041
0.055815
0.055649
0.055280
0.054909
0.054614
0.054482
0.054209
0.053943
0.053653
0.053477
0.053227
0.053008
0.052824
0.052614
0.052258
0.052155
0.051942
0.051745
0.051511
0.051303
0.051092
0.050931
0.050794
0.050577
0.050367
0.050241
0.050022
0.049768
0.049596
0.049358
0.049233
0.049098
0.048759
0.048593
0.048434
0.048445
0.048232
0.048027
0.047869
0.047707
0.047617
0.047399
0.047232
0.047137
0.046949
0.046828
0.046551
0.046356
0.046315
0.046314
0.046075
0.046075
0.045880
0.045792
0.045602
0.045433
0.045415
0.045234
0.045079
0.044870
0.044709
0.044599
0.044396
0.044242
0.044161
0.044055
0.043953
0.043869
0.043816
0.043617
0.043480
0.043280
0.043208
0.043121
0.043019
0.042850
0.042686
0.042538
0.042526
0.042447
0.042393
0.042166
0.042041
0.041888
0.041859
0.041736
0.041631
0.041545
0.041352
0.041218
0.041090
0.041039
0.040929
0.040790
0.040724
0.040721
0.040551
0.040418
0.040305
0.040269
0.040182
0.040028
0.039960
0.039838
0.039694
0.039559
0.039496
0.039428
0.039379
0.039297
0.039198
0.039084
0.038969
0.038854
0.038785
0.038672
0.038532
0.038435
0.038341
0.038229
0.038198
0.038113
0.037948
0.037937
0.037833
0.037758
0.037701
0.037669
0.037508
0.037415
0.037307
0.037284
0.037146
0.037062
0.036983
0.036838
0.036814
0.036797
0.036716
0.036615
0.036663
0.036544
0.036434
0.036343
0.036270
0.036204
0.036196
0.036080
0.036023
0.035967
0.035937
0.035953
0.035898
0.035820
0.035787
0.035755
0.035607
0.035504
0.035511
0.035445
0.035353
0.035355
0.035334
0.035286
0.035278
0.035256
0.035141
0.035143
0.035064
0.035111
0.035059
0.035024
0.034944
0.034980
0.034942
0.034941
0.034819
0.034778
0.034778
0.034828
0.034739
0.034753
0.034695
0.034591
0.034609
0.034481
0.034455
0.034475
0.034550
0.034488
0.034382
0.034403
0.034356
0.034390
0.034248
0.034256
0.034283
0.034258
0.034221
0.034221
0.034189
0.034243
0.034050
0.034050
0.034101
0.034121
0.034037
0.034031
0.034006
0.034062
0.034065
0.034021
0.033972
0.033901
0.033953
0.033953
0.033946
0.033939
0.033942
0.033943
0.033871
0.033847
0.033767
0.033769
0.033769
0.033880
0.033765
0.033684
0.033684
0.033669
0.033660
0.033677
0.033720
0.033667
0.033667
0.033649
0.033601
0.033636
0.033603
0.033650
0.033622
0.033556
0.033575
0.033569
0.033500
0.033493
0.033517
0.033472
0.033433
0.033425
0.033389
0.033344
0.033301
0.033252
0.033289
0.033289
0.033314
0.033330
0.033325
0.033306
0.033249
0.033313
0.033268
0.033232
0.033232
0.033270
0.033183
0.033212
0.033170
0.033130
0.033168
0.033107
0.033047
0.033047
0.033047
0.032993
0.033058
0.033106
0.033072
0.033023
0.033005
0.032957
0.032957
0.033015
0.032978
0.032978
0.032978
0.032942
0.032897
0.032901
0.032846
0.032840
0.032887
0.032853
0.032890
0.032870
0.032837
0.032930
0.033010
0.032953
0.032953
0.032887
0.032848
0.032843
0.032802
0.032776
0.032796
0.032746
0.032717
0.032807
0.032728
0.032781
0.032781
0.032781
0.032754
0.032754
0.032708
0.032679
0.032687
0.032690
0.032681
0.032706
0.032706
0.032729
0.032705
0.032745
0.032745
0.032745
0.032743
0.032743
0.032785
0.032743
0.032715
0.032715
0.032675
0.032653
0.032653
0.032653
0.032673
0.032673
0.032673
0.032641
0.032592
0.032546
0.032493
0.032502
0.032484
0.032484
0.032548
0.032580
0.032563
0.032563
0.032563
0.032516
0.032471
0.032471
0.032439
0.032439
0.032424
0.032472
0.032500
0.032468
0.032468
0.032468
0.032468
0.032487
0.032487
0.032483
0.032451
0.032405
0.032393
0.032393
0.032439
0.032439
0.032353
0.032302
0.032321
0.032321
0.032351
0.032390
0.032371
0.032371
0.032364
0.032364
0.032432
0.032432
0.032425
0.032379
0.032333
0.032352
0.032352
0.032328
0.032328
0.032328
0.032328
0.032324
0.032324
0.032324
0.032373
0.032373
0.032371
0.032378
0.032347
0.032301
0.032299
0.032299
0.032299
0.032326
0.032326
0.032326
0.032307
0.032307
0.032261
0.032307
0.032308
0.032308
0.032327
0.032336
0.032290
0.032292
0.032292
0.032247
0.032247
0.032289
0.032273
0.032268
0.032268
0.032268
0.032268
0.032278
0.032297
0.032247
0.032289
0.032338
0.032345
0.032386
0.032355
0.032355
0.032289
0.032330
0.032361
0.032361
0.032388
0.032298
0.032317
0.032299
0.032308
0.032263
0.032291
0.032291
0.032291
0.032310
0.032206
0.032247
0.032247
0.032247
0.032247
0.032188
0.032221
0.032173
0.032173
0.032173
0.032212
0.032212
0.032241
0.032209
0.032142
0.032183
0.032183
0.032183
0.032183
0.032142
0.032161
0.032128
0.032168
0.032168
0.032219
0.032223
0.032177
0.032153
0.032192
0.032263
0.032263
0.032263
0.032263
0.032129
0.032148
0.032148
0.032151
0.032201
0.032112
0.032112
0.032105
0.032105
0.032086
0.032127
0.032042
0.032063
0.032094
0.032053
0.032111
0.032045
0.032019
0.032065
0.032065
0.032019
0.032059
0.031997
0.031997
0.032025
0.032066
0.032066
0.031982
0.031939
0.031958
0.031966
0.031966
0.031966
0.031966
0.031913
0.031913
0.031886
0.031886
0.031914
0.031873
0.031873
0.031873
0.031873
0.031855
0.031874
0.031834
0.031834
0.031864
0.031864
0.031822
0.031820
0.031782
0.031782
0.031782
0.031782
0.031818
0.031808
0.031753
0.031772
0.031745
0.031774
0.031774
0.031774
0.031738
0.031736
0.031771
0.031771
0.031812
0.031749
0.031672
0.031672
0.031654
0.031654
0.031702
0.031739
0.031683
0.031650
0.031631
0.031620
0.031620
0.031620
0.031620
0.031627
0.031627
0.031627
0.031624
0.031635
0.031593
0.031559
0.031529
0.031529
0.031570
0.031516
0.031516
0.031516
0.031516
0.031488
0.031463
0.031463
0.031492
0.031545
0.031545
0.031545
0.031519
0.031519
0.031478
0.031496
0.031387
0.031341
0.031384
0.031360
0.031360
0.031406
0.031407
0.031390
0.031390
0.031390
0.031390
0.031412
0.031412
0.031430
0.031355
0.031312
0.031271
0.031295
0.031291
0.031271
0.031367
0.031313
0.031313
0.031313
0.031313
0.031317
0.031317
0.031269
0.031241
0.031244
0.031244
0.031280
0.031280
0.031239
0.031268
0.031281
0.031281
0.031281
0.031328
0.031358
0.031311
0.031329
0.031300
0.031299
0.031285
0.031285
0.031285
0.031292
0.031287
0.031269
0.031229
0.031229
0.031199
0.031161
0.031161
0.031178
0.031149
0.031196
0.031196
0.031196
0.031193
0.031152
0.031171
0.031153
0.031153
0.031156
0.031156
0.031205
0.031165
0.031183
0.031176
0.031135
0.031093
0.031093
0.031093
0.031093
0.031063
0.031122
0.031122
0.031172
0.031218
0.031211
0.031211
0.031181
0.031222
0.031182
0.031144
0.031106
0.031106
0.031106
0.031083
0.031071
0.031071
0.031038
0.031008
0.030984
0.030984
0.030965
0.030979
0.030893
0.030889
0.030889
0.030889
0.030889
0.030879
0.030866
0.030866
0.030870
0.030870
0.030867
0.030908
0.030833
0.030850
0.030818
0.030777
0.030777
0.030777
0.030760
0.030759
0.030805
0.030834
0.030834
0.030834
0.030834
0.030721
0.030721
0.030739
0.030739
0.030697
0.030666
0.030666
0.030597
0.030597
0.030560
0.030521
0.030539
0.030539
0.030586
0.030586
0.030588
0.030569
0.030569
0.030569
0.030538
0.030506
0.030471
0.030471
0.030490
0.030490
0.030493
0.030493
0.030493
0.030474
0.030474
0.030443
0.030423
0.030423
0.030449
0.030449
0.030449
0.030454
0.030454
0.030454
0.030503
0.030503
0.030466
0.030466
0.030466
0.030430
0.030384
0.030384
0.030390
0.030390
0.030436
0.030433
0.030433
0.030433
0.030433
0.030483
0.030483
0.030483
0.030483
0.030423
0.030423
0.030423
0.030427
0.030427
0.030427
0.030473
0.030473
0.030473
0.030473
0.030522
0.030531
0.030531
0.030451
0.030382
0.030382
0.030382
0.030382
0.030382
0.030345
0.030345
0.030401
0.030401
0.030401
0.030401
0.030401
0.030403
0.030403
0.030403
0.030403
0.030403
0.030414
0.030411
0.030375
0.030375
0.030375
0.030421
0.030421
0.030421
0.030390
0.030344
0.030356
0.030338
0.030305
0.030308
0.030285
0.030334
0.030334
0.030352
0.030352
0.030352
0.030365
0.030365
0.030365
0.030394
0.030376
0.030376
0.030376
0.030361
0.030361
0.030374
0.030374
0.030374
0.030374
0.030392
0.030353
0.030353
0.030335
0.030335
0.030335
0.030350
0.030346
0.030388
0.030435
0.030435
0.030346
0.030346
0.030346
0.030346
0.030337
0.030337
0.030337
0.030341
0.030300
0.030347
0.030330
0.030330
0.030294
0.030280
0.030233
0.030159
0.030130
0.030130
0.030117
0.030100
0.030100
0.030100
0.030100
0.030073
0.030026
0.030026
0.029984
0.029950
0.029949
0.029949
0.029929
0.029929
0.029929
0.029929
0.029929
0.029929
0.029929
0.029882
0.029857
0.029809
0.029809
0.029809
0.029809
0.029856
0.029856
0.029839
0.029839
0.029815
0.029805
0.029805
0.029712
0.029691
0.029691
0.029691
0.029691
0.029647
0.029647
0.029624
0.029653
0.029720
0.029700
0.029700
0.029700
0.029652
0.029652
0.029652
0.029652
0.029652
0.029652
0.029600
0.029579
0.029579
0.029517
0.029517
0.029535
0.029535
0.029493
0.029493
0.029464
0.029505
0.029505
0.029509
0.029509
0.029463
0.029422
0.029405
0.029405
0.029315
0.029315
0.029315
0.029315
0.029315
0.029373
0.029373
0.029373
0.029328
0.029304
0.029304
0.029353
0.029336
0.029295
0.029336
0.029336
