1.987722
1.848692
1.725762
1.647526
1.610261
1.597774
1.595657
1.595737
1.595677
1.595381
1.594808
1.594025
1.593674
1.593492
1.593630
1.593885
1.594019
1.593841
1.593885
1.593742
1.593547
1.593480
1.593700
1.593942
1.594292
1.594540
1.594379
1.594181
1.593381
1.591959
1.590190
1.588368
1.586517
1.584769
1.582982
1.581242
1.579500
1.577625
1.575858
1.574129
1.572388
1.570508
1.568981
1.567271
1.565463
1.563735
1.561760
1.560079
1.558042
1.556160
1.554163
1.552213
1.550426
1.548943
1.547011
1.545168
1.543065
1.541087
1.539200
1.537272
1.535542
1.533863
1.531998
1.529931
1.528152
1.526462
1.524767
1.522548
1.520725
1.518695
1.516523
1.514294
1.512310
1.510257
1.508081
1.506122
1.504162
1.502554
1.500243
1.497926
1.495859
1.493454
1.491039
1.488832
1.486584
1.484599
1.482274
1.479963
1.477808
1.475548
1.473288
1.470937
1.468428
1.466113
1.463726
1.461362
1.459133
1.456869
1.454866
1.452797
1.451084
1.448690
1.446432
1.443788
1.441354
1.438987
1.436632
1.434177
1.431778
1.428877
1.426207
1.423317
1.420481
1.417937
1.415361
1.412794
1.410420
1.407789
1.405180
1.402860
1.399849
1.397482
1.394937
1.392340
1.389796
1.387221
1.384704
1.382374
1.379872
1.377240
1.374748
1.372509
1.370083
1.367100
1.364493
1.362119
1.359498
1.356965
1.354382
1.352069
1.349477
1.347221
1.344782
1.342306
1.339327
1.337165
1.334677
1.332486
1.330138
1.327776
1.325639
1.323276
1.321137
1.318648
1.316464
1.314368
1.311971
1.309701
1.307403
1.304611
1.302347
1.300282
1.298072
1.295984
1.293965
1.291752
1.289459
1.287404
1.285334
1.283662
1.281775
1.279786
1.277632
1.275860
1.273784
1.271200
1.269375
1.267417
1.265601
1.263769
1.261998
1.260111
1.258255
1.256495
1.254763
1.253028
1.251166
1.249443
1.247631
1.246139
1.244457
1.242988
1.240701
1.239075
1.237437
1.235980
1.234407
1.233023
1.231507
1.230318
1.228830
1.227631
1.226274
1.224951
1.223729
1.222602
1.221554
1.220465
1.219210
1.218171
1.217136
1.216084
1.215134
1.214062
1.212858
1.211891
1.210804
1.209362
1.208552
1.207558
1.206750
1.205784
1.205130
1.204400
1.203612
1.202973
1.202425
1.201735
1.201039
1.200355
1.199552
1.199088
1.198344
1.197698
1.197122
1.196604
1.195981
1.195441
1.195078
1.194527
1.194103
1.193661
1.193277
1.192760
1.192585
1.191923
1.191597
1.191237
1.190997
1.190572
1.190208
1.189773
1.189330
1.189733
1.189375
1.188892
1.188514
1.188208
1.187848
1.187417
1.187211
1.186809
1.186680
1.186298
1.186027
1.185665
1.185248
1.184970
1.184581
1.184231
1.183789
1.183641
1.183164
1.182889
1.182549
1.182186
1.182596
1.182368
1.182083
1.181712
1.181333
1.180980
1.180624
1.180139
1.179759
1.179443
1.179027
1.178696
1.178368
1.177991
1.177734
1.177979
1.177340
1.177000
1.176630
1.176149
1.175840
1.175449
1.174954
1.174460
1.174146
1.173504
1.173190
1.172815
1.172240
1.172481
1.171946
1.171462
1.170877
1.170398
1.169992
1.169640
1.169250
1.168783
1.168217
1.167750
1.167165
1.166654
1.166075
1.166216
1.165692
1.165187
1.164691
1.164221
1.163681
1.163024
1.162452
1.162017
1.161323
1.160783
1.160124
1.159583
1.158884
1.158410
1.157810
1.157151
1.156605
1.156069
1.156115
1.155423
1.154737
1.154025
1.153362
1.152699
1.152252
1.151603
1.151025
1.150314
1.149641
1.149004
1.148399
1.147903
1.147519
1.146804
1.146190
1.145592
1.144927
1.144213
1.143661
1.143189
1.142548
1.141943
1.141368
1.140815
1.140309
1.139832
1.139324
1.138776
1.138186
1.137514
1.136925
1.136308
1.135831
1.135215
1.134733
1.134170
1.133627
1.133045
1.132507
1.131867
1.131413
1.130772
1.130378
1.129673
1.129012
1.128425
1.127842
1.126642
1.126105
1.125556
1.124947
1.124405
1.123824
1.123333
1.122808
1.122195
1.121669
1.121022
1.120546
1.119946
1.119309
1.118855
1.118256
1.117665
1.117258
1.116822
1.116333
1.115754
1.115261
1.114779
1.114201
1.113705
1.113155
1.112668
1.112172
1.111708
1.111215
1.110630
1.110082
1.109722
1.109199
1.108765
1.108107
1.107734
1.107248
1.106723
1.106192
1.105849
1.105314
1.104799
1.104302
1.103946
1.103375
1.102784
1.102291
1.101747
1.101274
1.100814
1.100427
1.099848
1.099571
1.099168
1.098721
1.098277
1.097839
1.097413
1.096978
1.096545
1.096143
1.095739
1.095321
1.094917
1.094532
1.094145
1.093630
1.093254
1.092762
1.092387
1.092038
1.091612
1.091179
1.090891
1.090415
1.090007
1.089676
1.089324
1.088252
1.087969
1.087584
1.087250
1.086911
1.086530
1.086224
1.085935
1.085743
1.085482
1.085274
1.085021
1.084646
1.084456
1.084216
1.083928
1.083595
1.083408
1.083163
1.082833
1.082594
1.082317
1.082036
1.081902
1.081620
1.081370
1.081192
1.080951
1.080721
1.080535
1.080308
1.080038
1.079907
1.079738
1.079461
1.079284
1.079120
1.078953
1.078832
1.078612
1.078435
1.078309
1.078190
1.077964
1.077840
1.077723
1.077612
1.077436
1.077311
1.077148
1.076983
1.076865
1.076789
1.076665
1.076407
1.076287
1.076174
1.076059
1.075943
1.075814
1.075457
1.075293
1.075086
1.074981
1.074863
1.074799
1.074699
1.074492
1.074393
1.074328
1.074233
1.074120
1.074074
1.074013
1.073904
1.073813
1.073752
1.073608
1.073525
1.073467
1.073506
1.073398
1.073286
1.073224
1.073266
1.073207
1.073152
1.073046
1.073035
1.072991
1.073000
1.072950
1.072941
1.072890
1.072833
1.072725
1.072768
1.072667
1.072560
1.072539
1.072486
1.072479
1.072591
1.072576
1.072665
1.072654
1.072698
1.072738
1.072779
1.072773
1.072773
1.072784
1.072776
1.072691
1.072785
1.072734
1.072680
1.072674
1.072719
1.072769
1.072651
1.072744
1.072696
1.072741
1.072687
1.072737
1.072733
1.072728
1.072728
1.072690
1.072591
1.072538
1.072538
1.072484
1.072580
1.072581
1.072564
1.072585
1.072534
1.072534
1.072479
1.072529
1.072525
1.072525
1.072571
1.072522
1.072489
1.072490
1.072389
1.072341
1.072330
1.072087
1.072039
1.071891
1.071845
1.071846
1.071846
1.071752
1.071706
1.071715
1.071691
1.071650
1.071592
1.071559
1.071557
1.071559
1.071543
1.071495
1.071544
1.071522
1.071475
1.071525
1.071522
1.071463
1.071507
1.071507
1.071404
1.071454
1.071454
1.071406
1.071405
1.071355
1.071355
1.071402
1.071343
1.071345
1.071346
1.071346
1.071393
1.071342
1.071441
1.071442
1.071442
1.071439
1.071500
1.071491
1.071577
1.071623
1.071669
1.071719
1.071667
1.071729
1.071726
1.071774
1.071823
1.071870
1.071918
1.071900
1.071897
1.071996
1.071996
1.071984
1.071933
1.071980
1.071931
1.071925
1.071925
1.071877
1.071876
1.071927
1.071927
1.071977
1.071926
1.071926
1.071926
1.071901
1.071901
1.071948
1.071900
1.071852
1.071851
1.071849
1.071833
1.071785
1.071838
1.071785
1.071800
1.071798
1.071846
1.071796
1.071796
1.071799
1.071507
1.071458
1.071258
1.071196
1.071187
1.071230
1.071231
1.071133
1.071094
1.071151
1.071066
1.071072
1.071007
1.071028
1.071095
1.071111
1.071106
1.071033
1.071008
1.070995
1.070931
1.070913
1.070897
1.070929
1.070929
1.070885
1.070857
1.070868
1.070810
1.070822
1.070766
1.070713
1.070716
1.070683
1.070685
1.070684
1.070693
1.070692
1.070652
1.070655
1.070646
1.070647
1.070600
1.070804
1.070887
1.070952
1.071003
1.071053
1.071053
1.071053
1.071102
1.071152
1.071250
1.071299
1.071249
1.071298
1.071303
1.071303
1.071211
1.071161
1.071210
1.071211
1.071225
1.071226
1.071226
1.071229
1.071177
1.071235
1.071190
1.071190
1.071191
1.071191
1.071178
1.071179
1.071179
1.071179
1.071229
1.071231
1.071249
1.071258
1.071258
1.071256
1.071256
1.071205
1.071155
1.071156
1.071083
1.071078
1.071029
1.071032
1.071042
1.070744
1.070644
1.070597
1.070561
1.070512
1.070512
1.070413
1.070365
1.070316
1.070315
1.070269
1.070280
1.070183
1.070220
1.070222
1.070177
1.070227
1.070179
1.070141
1.070109
1.070109
1.070059
1.070059
1.070055
1.070008
1.070008
1.070008
1.070008
1.069958
1.069922
1.069922
1.069971
1.069991
1.069991
1.069991
1.070019
1.070019
1.070019
1.069969
1.069969
1.069973
1.069875
1.069875
1.069875
1.070056
1.070055
1.070204
1.070253
1.070319
1.070356
1.070407
1.070457
1.070458
1.070522
1.070571
1.070521
1.070571
1.070521
1.070571
1.070583
1.070579
1.070579
1.070682
1.070731
1.070729
1.070730
1.070730
1.070731
1.070681
1.070681
1.070681
1.070644
1.070661
1.070611
1.070611
1.070611
1.070610
1.070660
1.070711
1.070711
1.070711
1.070711
1.070711
1.070761
1.070780
1.070779
1.070729
1.070730
1.070730
1.070680
1.070331
1.070335
1.070233
1.070183
1.070184
1.070184
1.070156
1.070107
1.070059
1.070059
1.070011
1.070011
1.069914
1.069913
1.069913
1.069869
1.069869
1.069869
1.069853
1.069853
1.069903
1.069903
1.069904
1.069937
1.069937
1.069934
1.069884
1.069899
1.069899
1.069850
1.069872
1.069822
1.069841
1.069791
1.069791
1.069739
1.069739
1.069789
1.069790
1.069790
1.069790
1.069740
1.069813
1.069813
1.069813
1.069989
1.069954
1.070051
1.070189
1.070239
1.070221
1.070311
1.070361
1.070411
1.070486
1.070536
1.070538
1.070587
1.070587
1.070637
1.070685
1.070684
1.070634
1.070732
1.070731
1.070734
1.070759
1.070759
1.070809
1.070858
1.070809
1.070813
1.070813
1.070813
1.070813
1.070813
1.070812
1.070762
1.070811
1.070788
1.070788
1.070788
1.070787
1.070787
1.070787
1.070837
1.070888
1.070888
1.070887
1.070887
1.070588
1.070565
1.070465
1.070364
1.070364
1.070363
1.070314
1.070264
1.070264
1.070215
1.070166
1.070117
1.070069
1.070119
1.070147
1.070151
1.070151
1.070199
1.070109
1.070109
1.070107
1.070107
1.070107
1.070130
1.070130
1.070131
1.070081
1.070083
1.070112
1.070212
1.070212
1.070213
1.070213
1.070192
1.070143
1.070143
1.070143
1.070142
1.070092
1.070092
1.070092
1.070092
1.070094
1.070125
1.070125
1.070175
1.070350
1.070448
1.070546
1.070596
1.070595
1.070645
1.070695
1.070744
1.070843
1.070843
1.070893
1.070895
1.070945
1.070945
1.070976
1.071076
1.071076
1.071039
1.071088
1.071088
1.071034
1.071034
1.071034
1.071084
1.071034
1.071034
1.071034
1.071032
1.071032
1.071032
1.071032
1.071082
1.071131
1.071131
1.071131
1.071131
1.071129
1.071126
1.071151
1.071151
1.071151
1.071151
1.071151
1.071151
1.071101
1.070805
1.070789
1.070742
1.070643
1.070595
1.070595
1.070548
1.070451
1.070486
1.070405
1.070361
1.070361
1.070319
1.070319
1.070319
1.070284
1.070284
1.070284
1.070308
1.070308
1.070308
1.070308
1.070308
1.070212
1.070212
1.070212
1.070212
1.070212
1.070212
1.070212
1.070212
1.070212
1.070212
1.070218
1.070268
1.070268
1.070268
1.070234
1.070234
1.070234
1.070277
1.070277
1.070277
1.070274
1.070274
1.070373
1.070419
1.070514
1.070562
1.070577
1.070627
1.070675
1.070724
1.070724
1.070772
1.070771
1.070771
1.070820
1.070822
1.070872
1.070922
1.070958
1.070925
1.070975
1.070975
1.070973
1.070974
1.070974
1.071024
1.071024
1.070988
1.070987
1.070987
1.070987
1.070937
1.070904
1.070902
1.070902
1.070902
1.070902
1.070902
1.070903
1.070903
1.070903
1.070903
1.070903
1.070900
1.070899
1.070850
1.070850
1.070850
1.070553
1.070554
1.070456
1.070407
1.070359
1.070359
1.070312
1.070265
1.070218
1.070218
1.070157
1.070087
1.070040
1.069989
1.069989
1.069995
1.069995
1.069995
1.069959
1.069959
1.069959
1.069959
1.069960
1.069894
1.069894
1.069911
1.069911
1.069911
1.069911
1.069910
1.069907
1.069907
1.069924
1.069924
1.069924
1.069924
1.069924
1.069925
1.069884
1.069884
1.069898
1.069898
1.069898
1.069895
1.069895
1.070069
1.070168
1.070266
1.070314
1.070363
1.070363
1.070363
1.070413
1.070413
1.070462
1.070482
1.070468
1.070517
1.070517
1.070516
1.070516
1.070514
1.070477
1.070526
1.070526
1.070575
1.070575
1.070575
1.070625
1.070674
1.070672
1.070672
1.070593
1.070593
1.070593
1.070592
1.070592
1.070590
1.070640
1.070640
1.070589
1.070586
1.070586
1.070586
1.070584
1.070585
1.070548
1.070548
1.070548
1.070548
1.070516
1.070216
1.070169
1.070066
1.070016
1.069966
1.069966
1.069916
1.069815
1.069765
1.069815
1.069767
1.069765
1.069701
1.069749
1.069749
1.069698
1.069742
1.069742
1.069693
1.069555
1.069525
1.069557
1.069557
1.069541
1.069585
1.069585
1.069635
1.069636
1.069633
1.069584
1.069584
1.069584
1.069598
1.069598
1.069546
1.069546
1.069544
1.069544
1.069554
1.069554
1.069554
1.069554
1.069602
1.069603
1.069828
1.069835
1.069935
1.069985
1.069985
1.069984
1.070019
1.070069
1.070070
1.070120
1.070170
1.070170
1.070221
1.070221
1.070221
1.070221
1.070223
1.070223
1.070273
1.070273
1.070273
1.070321
1.070322
1.070322
1.070420
1.070420
1.070420
1.070420
1.070420
1.070395
1.070439
1.070399
1.070400
1.070450
1.070450
1.070450
1.070450
1.070450
1.070450
1.070435
1.070435
1.070435
1.070435
1.070435
1.070435
1.070435
1.070435
1.070135
1.070085
1.069985
1.069935
1.069885
1.069885
1.069835
1.069785
1.069735
1.069735
1.069631
1.069679
1.069629
1.069629
1.069628
1.069578
1.069578
1.069540
1.069475
1.069475
1.069450
1.069450
1.069450
1.069404
1.069404
1.069404
1.069404
1.069354
1.069354
1.069354
1.069404
1.069404
1.069449
1.069402
1.069402
1.069402
1.069402
1.069403
1.069403
1.069403
1.069353
1.069353
1.069338
1.069339
1.069539
1.069539
1.069683
1.069783
1.069884
1.069884
1.069934
1.069984
1.069934
1.069985
1.070035
1.069946
1.069996
1.069996
1.070000
1.070050
1.070000
1.070000
1.070050
1.070051
1.070134
1.070134
1.070134
1.070184
1.070182
1.070160
1.070110
1.070110
1.070113
1.070114
1.070114
1.070114
1.070114
1.070166
1.070166
1.070162
1.070162
1.070163
1.070163
1.070163
1.070163
1.070163
1.070150
1.070150
1.070150
1.070150
1.070151
1.069851
1.069801
1.069701
1.069652
1.069602
1.069553
1.069524
1.069436
1.069386
1.069386
1.069336
1.069384
1.069335
1.069335
1.069335
1.069236
1.069222
1.069222
1.069176
1.069177
1.069177
1.069177
1.069177
1.069152
1.069152
1.069152
1.069128
1.069128
1.069126
1.069126
1.069126
1.069126
1.069165
1.069165
1.069165
1.069165
1.069164
1.069164
1.069151
1.069151
1.069150
1.069150
1.069150
1.069149
1.069348
1.069350
1.069450
1.069500
1.069526
1.069526
1.069576
1.069626
1.069626
1.069677
1.069727
1.069689
1.069739
1.069739
1.069735
1.069835
1.069783
1.069769
1.069819
1.069819
1.069818
1.069818
1.069918
1.070919
1.080610
1.105919
1.106611
1.103592
1.103501
1.115855
1.129656
1.143457
1.156509
1.164440
1.172407
1.179437
1.186702
1.192451
1.196711
1.199360
1.199640
1.198388
1.197069
1.194656
1.192353
1.190704
1.189290
1.187721
1.186089
1.184234
1.182150
1.179881
1.177933
1.175681
1.173764
1.172042
1.170539
1.168992
1.167805
1.166170
1.164852
1.163308
1.161735
1.160090
1.158636
1.157007
1.155294
1.153710
1.152219
1.150551
1.148670
1.146982
1.145241
1.143483
1.140405
1.135814
1.129791
1.121637
1.111490
1.100460
1.089006
1.077901
1.067252
1.056450
1.045762
1.035067
1.024765
1.015187
1.005095
0.994733
0.983943
0.973215
0.962808
0.952520
0.942113
0.932191
0.923391
0.916147
0.910809
0.907114
0.904641
0.902903
0.901602
0.900440
0.898966
0.896620
0.893807
0.890772
0.888111
0.885551
0.883187
0.880984
0.879060
0.876917
0.874353
0.872046
0.869441
0.866805
0.864322
0.862088
0.859617
0.857433
0.855085
0.853048
0.850920
0.848771
0.846457
0.844015
0.841516
0.839122
0.836511
0.833907
0.831148
0.828668
0.826105
0.823405
0.820851
0.818119
0.815656
0.813017
0.810433
0.807870
0.805158
0.802280
0.799729
0.797062
0.794092
0.791336
0.788429
0.785758
0.783076
0.780250
0.777519
0.774822
0.772020
0.769215
0.766516
0.763873
0.761087
0.758121
0.755543
0.752741
0.750326
0.747564
0.744772
0.742016
0.739179
0.736433
0.733554
0.730860
0.728224
0.725461
0.722764
0.720110
0.717504
0.715002
0.712302
0.709643
0.707015
0.704341
0.701821
0.699390
0.696955
0.694386
0.691877
0.689623
0.687193
0.684654
0.682111
0.679776
0.677455
0.675134
0.672707
0.670370
0.668086
0.665643
0.663295
0.660967
0.658787
0.656535
0.654457
0.652479
0.650419
0.648485
0.646542
0.644522
0.642581
0.640584
0.638685
0.636744
0.634728
0.632910
0.631439
0.629624
0.627930
0.626198
0.624427
0.622640
0.621031
0.619430
0.617939
0.616083
0.614706
0.612985
0.611410
0.609985
0.608463
0.606781
0.605507
0.603912
0.602559
0.601159
0.599677
0.597991
0.596425
0.594753
0.593562
0.591926
0.590273
0.588748
0.587018
0.585554
0.583908
0.582553
0.581231
0.579513
0.578029
0.576493
0.574954
0.573451
0.571887
0.570247
0.568766
0.566981
0.565438
0.563781
0.562223
0.560525
0.558856
0.557194
0.555688
0.553816
0.552033
0.550310
0.548473
0.546718
0.544787
0.543128
0.541363
0.539567
0.537690
0.535813
0.533882
0.531920
0.530070
0.528186
0.526184
0.524418
0.522484
0.520767
0.519006
0.517470
0.515648
0.513787
0.511907
0.510111
0.508233
0.506358
0.504655
0.502905
0.501202
0.499658
0.497885
0.496282
0.494457
0.492697
0.490927
0.489214
0.487437
0.485722
0.484119
0.482360
0.480713
0.478990
0.477474
0.475877
0.474170
0.472413
0.470939
0.469434
0.467802
0.466227
0.464656
0.463187
0.461784
0.460177
0.458740
0.457452
0.455912
0.454547
0.453160
0.452059
0.450968
0.449483
0.448255
0.446857
0.445523
0.444296
0.443018
0.441911
0.440526
0.439353
0.437970
0.436804
0.435563
0.434397
0.433075
0.431963
0.430809
0.429685
0.428477
0.427416
0.426179
0.425139
0.424226
0.423161
0.421957
0.420857
0.419847
0.418791
0.417852
0.416816
0.415923
0.414912
0.414010
0.412873
0.411957
0.410965
0.409993
0.409121
0.408165
0.407267
0.406382
0.405405
0.404531
0.403693
0.402610
0.401900
0.401045
0.400149
0.399236
0.398497
0.397749
0.396841
0.396231
0.395287
0.394504
0.393754
0.392836
0.391966
0.391192
0.390375
0.389688
0.388825
0.387995
0.387197
0.386411
0.385829
0.385115
0.384373
0.383721
0.383076
0.382445
0.381712
0.380928
0.380280
0.379552
0.378707
0.378039
0.377376
0.376529
0.375826
0.375072
0.374272
0.373657
0.372946
0.372230
0.371615
0.371478
0.371324
0.371359
0.371209
0.371238
0.371302
0.371178
0.371077
0.371121
0.371360
0.371432
0.371287
0.371094
0.370929
0.370728
0.370601
0.370727
0.370632
0.370492
0.370548
0.370703
0.370562
0.370307
0.369926
0.369378
0.369107
0.368331
0.367558
0.366891
0.366310
0.365558
0.364953
0.364244
0.363516
0.362783
0.362113
0.361501
0.360806
0.360051
0.359386
0.358853
0.358103
0.357377
0.356764
0.355981
0.355241
0.354516
0.353803
0.353223
0.352492
0.351784
0.350999
0.350413
0.349712
0.349016
0.348201
0.347518
0.346699
0.346136
0.345434
0.344665
0.344123
0.343695
0.343130
0.342653
0.341951
0.341160
0.340413
0.339580
0.338812
0.338002
0.337386
0.336591
0.335901
0.335109
0.334222
0.333539
0.332804
0.331964
0.331038
0.330267
0.329254
0.328515
0.327634
0.326772
0.325998
0.325114
0.324221
0.323335
0.322527
0.321650
0.320709
0.319736
0.318890
0.317889
0.316856
0.315865
0.314735
0.313837
0.312962
0.311944
0.310876
0.310004
0.308833
0.307805
0.306825
0.305791
0.304780
0.303761
0.302751
0.301718
0.300654
0.299751
0.298938
0.298070
0.297032
0.295969
0.294895
0.293734
0.292796
0.291804
0.290815
0.289815
0.288891
0.287888
0.286855
0.285875
0.284948
0.284047
0.283122
0.282154
0.281123
0.280282
0.279334
0.278376
0.277390
0.276504
0.275484
0.274675
0.273709
0.272837
0.271915
0.271004
0.270221
0.269423
0.268489
0.267747
0.266898
0.266102
0.265235
0.264424
0.263598
0.262901
0.262051
0.261191
0.260684
0.259850
0.259146
0.258361
0.257649
0.256787
0.256117
0.255226
0.254545
0.253835
0.253048
0.252293
0.251548
0.250896
0.250073
0.249447
0.248773
0.247967
0.247270
0.246544
0.245874
0.245190
0.244410
0.243711
0.243137
0.242490
0.241674
0.240975
0.240322
0.239649
0.238953
0.238157
0.237542
0.237015
0.236427
0.235908
0.235261
0.234567
0.233838
0.233185
0.232483
0.231781
0.231041
0.230252
0.229547
0.228931
0.228271
0.227626
0.226924
0.226129
0.225467
0.224736
0.223951
0.223291
0.222583
0.221982
0.221382
0.220731
0.220092
0.219359
0.218642
0.217880
0.217180
0.216511
0.215737
0.215022
0.214237
0.213565
0.212822
0.212181
0.211499
0.210704
0.209893
0.209122
0.208323
0.207685
0.206973
0.206198
0.205476
0.204679
0.203805
0.203041
0.202292
0.201467
0.200742
0.199972
0.199158
0.198312
0.197554
0.196791
0.196057
0.195200
0.194500
0.193786
0.192962
0.192212
0.191443
0.190686
0.189998
0.189197
0.188344
0.187594
0.186729
0.186082
0.185159
0.184315
0.183462
0.182645
0.181833
0.181080
0.180352
0.179438
0.178617
0.177796
0.177025
0.176298
0.175504
0.174741
0.173892
0.173144
0.172327
0.171681
0.170842
0.170031
0.169304
0.168565
0.167778
0.166867
0.166150
0.165455
0.164661
0.163922
0.163227
0.162528
0.161726
0.160946
0.160237
0.159427
0.158769
0.158048
0.157282
0.156625
0.155797
0.155114
0.154438
0.153729
0.152850
0.152152
0.151449
0.150789
0.150156
0.149425
0.148777
0.148075
0.147370
0.146693
0.146006
0.145394
0.144647
0.143977
0.143207
0.142517
0.141958
0.141269
0.140683
0.140023
0.139271
0.138645
0.138074
0.137425
0.136807
0.136052
0.135467
0.134744
0.134174
0.133534
0.132934
0.132313
0.131735
0.131148
0.130641
0.130113
0.129630
0.129086
0.128623
0.128072
0.127449
0.126841
0.126398
0.125799
0.125277
0.124729
0.124235
0.123732
0.123214
0.122751
0.122260
0.121695
0.121306
0.120783
0.120287
0.119904
0.119395
0.118979
0.118517
0.118047
0.117519
0.117148
0.116621
0.116228
0.115844
0.115338
0.114997
0.114553
0.114132
0.113752
0.113359
0.112937
0.112588
0.112281
0.111871
0.111493
0.111124
0.110729
0.110459
0.110010
0.109625
0.109265
0.108832
0.108542
0.108106
0.107800
0.107367
0.107060
0.106693
0.106329
0.105915
0.105581
0.105260
0.104899
0.104626
0.104264
0.103912
0.103631
0.103290
0.102795
0.102569
0.102179
0.101766
0.101479
0.101032
0.100694
0.100421
0.099943
0.099546
0.099283
0.098988
0.098626
0.098228
0.097989
0.097666
0.097361
0.097036
0.096779
0.096388
0.096127
0.095787
0.095436
0.095216
0.094899
0.094612
0.094276
0.093992
0.093675
0.093305
0.092978
0.092692
0.092399
0.092137
0.091855
0.091609
0.091217
0.090985
0.090564
0.090235
0.089918
0.089652
0.089335
0.089040
0.088633
0.088322
0.087958
0.087708
0.087443
0.087135
0.086776
0.086475
0.086225
0.085969
0.085562
0.085310
0.084868
0.084531
0.084224
0.084073
0.083659
0.083295
0.083088
0.082743
0.082406
0.082126
0.081826
0.081446
0.081072
0.080869
0.080531
0.080270
0.079961
0.079770
0.079501
0.079170
0.078739
0.078493
0.078115
0.077801
0.077514
0.077210
0.076922
0.076667
0.076488
0.076153
0.075912
0.075544
0.075319
0.075089
0.074787
0.074512
0.074167
0.073932
0.073650
0.073331
0.073049
0.072731
0.072433
0.072208
0.071939
0.071689
0.071430
0.071179
0.070965
0.070652
0.070410
0.070136
0.069896
0.069542
0.069319
0.069053
0.068785
0.068570
0.068280
0.068116
0.067861
0.067631
0.067395
0.067109
0.066840
0.066563
0.066279
0.066037
0.065784
0.065547
0.065233
0.065065
0.064755
0.064582
0.064332
0.064063
0.063722
0.063548
0.063310
0.063028
0.062746
0.062530
0.062258
0.062021
0.061772
0.061552
0.061284
0.061103
0.060906
0.060723
0.060473
0.060235
0.060165
0.059896
0.059783
0.059561
0.059460
0.059224
0.059047
0.058905
0.058726
0.058533
0.058337
0.058188
0.058047
0.057875
0.057635
0.057495
0.057351
0.057230
0.056998
0.056786
0.056574
0.056382
0.056175
0.056107
0.055941
0.055772
0.055637
0.055457
0.055321
0.055179
0.055061
0.054868
0.054721
0.054563
0.054395
0.054294
0.054097
0.053994
0.053764
0.053519
0.053420
0.053282
0.053074
0.052938
0.052665
0.052569
0.052402
0.052262
0.052108
0.051946
0.051793
0.051640
0.051498
0.051364
0.051204
0.051068
0.050927
0.050857
0.050692
0.050533
0.050331
0.050217
0.050121
0.049948
0.049817
0.049645
0.049509
0.049435
0.049307
0.049049
0.048889
0.048818
0.048672
0.048524
0.048367
0.048299
0.048157
0.048080
0.047921
0.047811
0.047642
0.047555
0.047506
0.047440
0.047314
0.047145
0.047028
0.046962
0.046922
0.046919
0.046764
0.046624
0.046554
0.046490
0.046397
0.046333
0.046145
0.046081
0.045991
0.045967
0.045903
0.045762
0.045654
0.045670
0.045623
0.045507
0.045507
0.045457
0.045365
0.045345
0.045320
0.045228
0.045220
0.045162
0.045155
0.045054
0.045063
0.045039
0.044972
0.044901
0.044882
0.044836
0.044726
0.044706
0.044662
0.044663
0.044614
0.044558
0.044587
0.044476
0.044501
0.044405
0.044369
0.044317
0.044268
0.044183
0.044082
0.044116
0.044120
0.044074
0.044069
0.044028
0.044080
0.044027
0.044065
0.043953
0.044009
0.043989
0.043990
0.044038
0.043959
0.043976
0.043947
0.043965
0.043936
0.043888
0.043997
0.043948
0.043965
0.043967
0.044009
0.043888
0.043970
0.044021
0.043976
0.044017
0.044015
0.044031
0.043989
0.044000
0.044019
0.043940
0.043949
0.043975
0.043941
0.043934
0.043952
0.043972
0.043939
0.043930
0.043935
0.043917
0.043901
0.043760
0.043745
0.043731
0.043762
0.043755
0.043745
0.043658
0.043679
0.043652
0.043691
0.043514
0.043465
0.043442
0.043441
0.043469
0.043377
0.043397
0.043349
0.043343
0.043330
0.043181
0.043245
0.043250
0.043272
0.043339
0.043249
0.043282
0.043199
0.043034
0.043091
0.043156
0.043114
0.043060
0.043102
0.043070
0.043125
0.043070
0.043027
0.043054
0.043001
0.043008
0.043052
0.043043
0.043116
0.043109
0.043143
0.043230
0.043159
0.043143
0.043153
0.043225
0.043205
0.043283
0.043256
0.043240
0.043210
0.043192
0.043208
0.043321
0.043390
0.043413
0.043422
0.043411
0.043424
0.043477
0.043525
0.043535
0.043535
0.043603
0.043660
0.043715
0.043733
0.043771
0.043877
0.043966
0.043979
0.043970
0.043960
0.044047
0.044150
0.044145
0.044179
0.044220
0.044208
0.044251
0.044335
0.044374
0.044432
0.044392
0.044426
0.044416
0.044449
0.044410
0.044417
0.044506
0.044501
0.044492
0.044524
0.044570
0.044726
0.044722
0.044783
0.044864
0.044938
0.044902
0.044990
0.044993
0.045003
0.045047
0.045087
0.045126
0.045085
0.045242
0.045279
0.045274
0.045309
0.045403
0.045398
0.045451
0.045476
0.045503
0.045548
0.045542
0.045597
0.045642
0.045642
0.045688
0.045734
0.045734
0.045731
0.045709
0.045678
0.045676
0.045687
0.045738
0.045717
0.045673
0.045687
0.045633
0.045544
0.045511
0.045513
0.045435
0.045434
0.045217
0.045018
0.044819
0.044587
0.044434
0.044338
0.044114
0.043959
0.043728
0.043481
0.043309
0.043132
0.043067
0.042863
0.042704
0.042586
0.042418
0.042210
0.042123
0.041984
0.041910
0.041651
0.041539
0.041369
0.041123
0.041029
0.040851
0.040764
0.040555
0.040436
0.040256
0.040121
0.039883
0.039737
0.039589
0.039472
0.039339
0.039164
0.039037
0.038832
0.038753
0.038581
0.038480
0.038286
0.038142
0.038016
0.037908
0.037723
0.037628
0.037527
0.037391
0.037279
0.037105
0.036946
0.036852
0.036782
0.036640
0.036542
0.036496
0.036413
0.036278
0.036171
0.036103
0.035963
0.035884
0.035796
0.035698
0.035663
0.035543
0.035450
0.035328
0.035152
0.035174
0.035141
0.035043
0.034993
0.034923
0.034808
0.034730
0.034672
0.034658
0.034537
0.034447
0.034343
0.034354
0.034257
0.034162
0.034169
0.034080
0.034096
0.033993
0.033907
0.033818
0.033716
0.033652
0.033676
0.033654
0.033606
0.033504
0.033512
0.033411
0.033365
0.033312
0.033270
0.033196
0.033106
0.033055
0.032922
0.032892
0.032805
0.032748
0.032666
0.032645
0.032634
0.032562
0.032524
0.032475
0.032478
0.032393
0.032391
0.032314
0.032208
0.032171
0.032042
0.032041
0.032024
0.031951
0.031966
0.031930
0.031919
0.031801
0.031696
0.031673
0.031557
0.031516
0.031505
0.031406
0.031406
0.031321
0.031286
0.031251
0.031186
0.031151
0.031198
0.031198
0.031080
0.031078
0.031044
0.031011
0.030932
0.030932
0.030870
0.030870
0.030838
0.030795
0.030795
0.030761
0.030761
0.030644
0.030631
0.030604
0.030568
0.030520
0.030440
0.030408
0.030376
0.030376
0.030413
0.030345
0.030265
0.030234
0.030215
0.030215
0.030183
0.030191
0.030016
0.029985
0.030056
0.030019
0.029955
0.029996
0.029949
0.029865
0.029829
0.029838
0.029803
0.029730
0.029742
0.029700
0.029700
0.029632
0.029548
0.029548
0.029590
0.029552
0.029514
0.029468
0.029468
0.029450
0.029450
0.029408
0.029408
0.029369
0.029369
0.029369
0.029369
0.029331
0.029222
0.029222
0.029179
0.029058
0.029031
0.028987
0.028987
0.028987
0.029000
0.029000
0.029000
0.028954
0.028975
0.028994
0.028956
0.028990
0.028990
0.028848
0.028803
0.028832
0.028832
0.028832
0.028832
0.028810
0.028810
0.028810
0.028810
0.028825
0.028846
0.028825
0.028825
0.028825
0.028793
0.028716
0.028692
0.028647
0.028629
0.028629
0.028592
0.028574
0.028574
0.028563
0.028563
0.028547
0.028547
0.028570
0.028570
0.028587
0.028587
0.028587
0.028491
0.028476
0.028435
0.028435
0.028452
0.028474
0.028438
0.028438
0.028416
0.028448
0.028448
0.028448
0.028448
0.028478
0.028478
0.028440
0.028440
0.028411
0.028379
0.028379
0.028330
0.028330
0.028375
0.028301
0.028301
0.028267
0.028267
0.028234
0.028211
0.028211
0.028250
0.028250
0.028282
0.028282
0.028282
0.028212
0.028258
0.028207
0.028207
0.028166
0.028166
0.028126
0.028126
0.028126
0.028083
0.028083
0.028045
0.028045
0.028043
0.028043
0.028023
0.027991
0.027991
0.028024
0.028024
0.028024
0.028024
0.028055
0.028055
0.028024
0.028025
0.028025
0.027980
0.028002
0.028002
0.028002
0.028002
0.028002
0.028002
0.028037
0.028037
0.028037
0.027984
0.028034
0.028034
0.028034
0.028034
0.027997
0.027997
0.027968
0.027968
0.027968
0.027921
0.027944
0.027944
0.027944
0.027906
0.027918
0.027918
0.027918
0.027918
0.027957
0.027925
0.027925
0.027907
0.027907
0.027950
0.027980
0.028011
0.028011
0.028002
0.028049
0.028033
0.027990
0.027990
0.027990
0.028010
0.028008
0.028038
0.028062
0.028041
0.028032
0.028012
0.028012
0.028032
0.028079
0.028039
0.028039
0.028039
0.028052
0.028052
0.028052
0.028003
0.028003
0.028003
0.028003
0.027962
0.027955
0.027931
0.027931
0.027945
0.027905
0.027905
0.027905
0.027905
0.027930
0.027930
0.027946
0.027946
0.027946
0.027936
0.027936
0.027930
0.027930
0.027930
0.027974
0.027974
0.027958
0.027958
0.027958
0.028006
0.028006
0.028006
0.028044
0.028069
0.028069
0.028088
0.028080
0.028080
0.028110
0.028122
0.028122
0.028122
0.028090
0.028090
0.028093
0.028135
0.028135
0.028135
0.028129
0.028129
0.028126
0.028081
0.028039
0.027992
0.027992
0.027992
0.028030
0.028058
0.028058
0.028083
0.028061
0.028061
0.028061
0.028060
0.028060
0.028060
0.028045
0.028045
0.028045
0.028083
0.028083
0.028105
0.028105
0.028140
0.028140
0.028099
0.028099
0.028099
0.028069
0.028052
0.028074
0.028098
0.028098
0.028098
0.028098
0.028124
0.028124
0.028124
0.028124
0.028124
0.028124
0.028124
0.028124
0.028126
0.028126
0.028126
0.028126
0.028126
0.028126
0.028126
0.028126
0.028126
0.028124
0.028166
0.028124
0.028124
0.028124
0.028191
0.028169
0.028138
0.028138
0.028138
0.028138
0.028164
0.028254
0.028291
0.028278
0.028278
0.028278
0.028251
0.028251
0.028251
0.028254
0.028259
0.028259
0.028259
0.028259
0.028259
0.028259
0.028259
0.028259
0.028259
0.028307
0.028262
0.028262
0.028331
0.028318
0.028323
0.028353
0.028353
0.028380
0.028380
0.028380
0.028386
0.028386
0.028386
0.028434
0.028434
0.028434
0.028434
0.028390
0.028397
0.028397
0.028419
0.028458
0.028436
0.028436
0.028436
0.028436
0.028436
0.028484
0.028484
0.028467
0.028467
0.028467
0.028450
0.028420
0.028420
0.028420
0.028447
0.028489
0.028489
0.028489
0.028521
0.028569
0.028569
0.028575
0.028585
0.028585
0.028585
0.028585
0.028585
0.028585
0.028585
0.028585
0.028585
0.028585
0.028585
0.028585
0.028547
0.028595
0.028635
0.028635
0.028635
0.028635
0.028635
0.028635
0.028635
0.028662
0.028662
0.028719
0.028719
0.028719
0.028719
0.028719
0.028719
0.028719
0.028719
0.028719
0.028719
0.028719
0.028731
0.028731
0.028778
0.028778
0.028778
0.028778
0.028778
0.028749
0.028749
0.028749
0.028762
0.028762
0.028785
0.028785
0.028785
0.028762
0.028803
0.028872
0.028872
0.028872
0.028872
0.028842
0.028842
0.028842
0.028832
0.028832
0.028832
0.028832
0.028873
0.028873
0.028873
0.028889
0.028889
0.028889
0.028889
0.028889
0.028842
0.028842
0.028799
0.028799
0.028799
0.028854
0.028854
0.028854
0.028854
0.028898
0.028859
0.028859
0.028859
0.028816
0.028816
0.028834
0.028834
0.028872
0.028827
0.028869
0.028869
0.028869
0.028897
0.028897
0.028897
0.028897
0.028916
0.028916
0.028916
0.028872
0.028872
0.028872
0.028872
0.028852
0.028852
0.028852
0.028852
0.028807
0.028828
0.028828
0.028828
0.028783
0.028783
0.028807
0.028807
0.028764
0.028764
0.028764
0.028764
0.028764
0.028764
0.028720
0.028743
0.028743
0.028750
0.028750
0.028750
0.028750
0.028683
0.028683
0.028683
0.028652
0.028695
0.028736
0.028655
0.028683
0.028683
0.028683
0.028680
0.028664
0.028635
0.028635
0.028569
0.028558
0.028558
0.028557
0.028557
0.028557
0.028557
0.028557
0.028557
0.028517
0.028517
0.028510
0.028510
0.028538
0.028538
0.028499
0.028499
0.028499
0.028499
0.028499
0.028499
0.028460
0.028460
0.028460
0.028460
0.028460
0.028490
0.028477
0.028477
0.028477
0.028477
0.028477
0.028477
0.028441
0.028441
0.028441
0.028441
0.028504
0.028504
0.028441
0.028441
0.028441
