1.434516
1.254127
1.082572
0.959641
0.889462
0.859234
0.850782
0.851483
0.852052
0.851350
0.849961
0.848585
0.847853
0.847595
0.848055
0.848214
0.847960
0.847630
0.847064
0.846509
0.845834
0.844968
0.844362
0.843683
0.842952
0.842168
0.841423
0.840254
0.839412
0.838708
0.837791
0.837069
0.836325
0.835632
0.834821
0.834003
0.833075
0.832222
0.831452
0.830530
0.829754
0.828861
0.828054
0.827266
0.826693
0.825794
0.824957
0.824042
0.823072
0.821888
0.820833
0.819783
0.818976
0.817965
0.816968
0.816029
0.814964
0.813942
0.812862
0.811931
0.810888
0.809778
0.808862
0.807758
0.807008
0.806039
0.805094
0.803896
0.802818
0.801714
0.800427
0.799397
0.798283
0.797026
0.796023
0.794782
0.793692
0.792583
0.791498
0.790275
0.789157
0.787895
0.786836
0.785307
0.783946
0.782675
0.781604
0.780336
0.779171
0.777812
0.776667
0.775606
0.774303
0.773033
0.771765
0.770418
0.769213
0.767749
0.766522
0.765420
0.764293
0.763149
0.761852
0.760636
0.759453
0.757855
0.755994
0.754282
0.752479
0.750999
0.749401
0.747762
0.746199
0.744629
0.742961
0.741618
0.740179
0.738743
0.737291
0.735898
0.734584
0.733035
0.731692
0.730322
0.728797
0.727295
0.725936
0.724536
0.723234
0.721710
0.720327
0.718979
0.717182
0.715519
0.713853
0.712125
0.710390
0.708667
0.707185
0.705475
0.703703
0.702214
0.700400
0.698716
0.697135
0.695677
0.693950
0.692240
0.690598
0.688767
0.686976
0.685299
0.683510
0.681812
0.680150
0.678471
0.676785
0.674879
0.672744
0.670748
0.668467
0.666611
0.664505
0.662502
0.660513
0.658721
0.656796
0.654757
0.652896
0.651016
0.649405
0.647607
0.646155
0.644448
0.642658
0.640821
0.638845
0.636808
0.634540
0.632311
0.630213
0.627845
0.625600
0.623544
0.621288
0.619546
0.617643
0.615765
0.613919
0.612354
0.610259
0.608396
0.606378
0.604507
0.602216
0.600352
0.598205
0.596210
0.594102
0.592054
0.590028
0.588057
0.586018
0.583834
0.581757
0.579658
0.577400
0.575292
0.573188
0.570932
0.568762
0.566598
0.564351
0.562101
0.560090
0.557852
0.555521
0.553191
0.550752
0.548475
0.546250
0.543880
0.541417
0.539150
0.536729
0.534394
0.532060
0.529709
0.527338
0.524854
0.522453
0.520077
0.517590
0.515210
0.512791
0.510366
0.507853
0.505283
0.503168
0.500875
0.498457
0.496059
0.493698
0.491100
0.488600
0.486028
0.483569
0.481338
0.478785
0.476315
0.473974
0.471581
0.468898
0.466657
0.464330
0.461793
0.459377
0.456862
0.454481
0.452093
0.449736
0.447229
0.444867
0.442540
0.440185
0.437974
0.435561
0.433143
0.430804
0.428409
0.426187
0.423925
0.421695
0.419359
0.417351
0.414990
0.412828
0.410492
0.408352
0.406098
0.403857
0.401546
0.399474
0.397300
0.395250
0.392973
0.390833
0.388719
0.386711
0.384868
0.382701
0.380715
0.378672
0.376465
0.374420
0.372305
0.370274
0.368291
0.366173
0.364171
0.362031
0.360035
0.358137
0.356254
0.354579
0.352687
0.350808
0.348771
0.346838
0.344744
0.342877
0.340797
0.338842
0.336943
0.335099
0.333198
0.331299
0.329353
0.327414
0.325638
0.323708
0.322159
0.320584
0.318856
0.317149
0.315380
0.313630
0.311953
0.310138
0.308493
0.306652
0.304820
0.303049
0.301388
0.299698
0.297916
0.296094
0.294331
0.292763
0.290983
0.289172
0.287510
0.285919
0.284378
0.282666
0.281003
0.279276
0.277590
0.275895
0.274139
0.272743
0.271110
0.269428
0.267846
0.266248
0.264581
0.263048
0.261331
0.259707
0.258170
0.256542
0.254960
0.253263
0.251812
0.250203
0.248721
0.247185
0.245474
0.243987
0.242400
0.240727
0.239253
0.237737
0.236130
0.234593
0.233116
0.231794
0.230312
0.228770
0.227366
0.225825
0.224340
0.222889
0.221423
0.219970
0.218584
0.217255
0.216029
0.214800
0.213464
0.212147
0.210563
0.209252
0.207869
0.206516
0.205155
0.203846
0.202424
0.201092
0.199848
0.198607
0.197289
0.196002
0.194616
0.193368
0.192285
0.190995
0.189951
0.188673
0.187488
0.186241
0.185025
0.183874
0.182547
0.181477
0.180239
0.179119
0.178025
0.176808
0.175625
0.174384
0.173293
0.172144
0.170918
0.169825
0.168807
0.167760
0.166639
0.165777
0.164667
0.163616
0.162568
0.161584
0.160584
0.159428
0.158364
0.157309
0.156401
0.155468
0.154522
0.153538
0.152631
0.151702
0.150744
0.149847
0.149064
0.148267
0.147335
0.146309
0.145372
0.144357
0.143598
0.142690
0.141678
0.140819
0.140053
0.139260
0.138357
0.137539
0.136701
0.135900
0.135110
0.134389
0.133472
0.132597
0.131787
0.131135
0.130059
0.129394
0.128514
0.127702
0.127018
0.126320
0.125659
0.124913
0.124107
0.123337
0.122639
0.121875
0.121226
0.120369
0.119593
0.118874
0.118069
0.117330
0.116512
0.115941
0.115119
0.114438
0.113672
0.112983
0.112327
0.111578
0.110840
0.110182
0.109284
0.108640
0.107842
0.107205
0.106197
0.105658
0.104725
0.104092
0.103323
0.102658
0.101848
0.101153
0.100441
0.099693
0.099005
0.098442
0.097696
0.096993
0.096172
0.095505
0.094611
0.093889
0.093332
0.092587
0.091857
0.091075
0.090297
0.089678
0.088949
0.088162
0.087398
0.086751
0.085928
0.085191
0.084514
0.083813
0.082951
0.082168
0.081448
0.080688
0.079999
0.079289
0.078727
0.077956
0.077266
0.076580
0.076054
0.075473
0.074867
0.074171
0.073546
0.072880
0.072404
0.071906
0.071328
0.070679
0.070122
0.069520
0.069021
0.068494
0.067798
0.067223
0.066669
0.066190
0.065645
0.065187
0.064633
0.064106
0.063554
0.063129
0.062690
0.062103
0.061651
0.061150
0.060667
0.060269
0.059730
0.059402
0.058957
0.058506
0.058089
0.057745
0.057360
0.057017
0.056562
0.056239
0.055908
0.055464
0.055229
0.055083
0.054723
0.054446
0.054210
0.053909
0.053577
0.053176
0.052981
0.052623
0.052408
0.052203
0.051897
0.051542
0.051327
0.051122
0.050916
0.050605
0.050324
0.050066
0.049902
0.049718
0.049474
0.049167
0.048960
0.048836
0.048674
0.048441
0.048278
0.047970
0.047831
0.047583
0.047464
0.047422
0.047165
0.047026
0.046830
0.046757
0.046559
0.046350
0.046169
0.046138
0.046015
0.045842
0.045640
0.045423
0.045295
0.045113
0.045042
0.044876
0.044688
0.044519
0.044455
0.044354
0.044200
0.044144
0.044032
0.043901
0.043818
0.043700
0.043578
0.043448
0.043388
0.043141
0.043055
0.042969
0.042853
0.042685
0.042608
0.042576
0.042451
0.042413
0.042249
0.042084
0.041911
0.041852
0.041776
0.041611
0.041479
0.041371
0.041346
0.041310
0.041287
0.041176
0.041113
0.041041
0.040952
0.040834
0.040728
0.040618
0.040515
0.040496
0.040420
0.040278
0.040229
0.040136
0.039971
0.039815
0.039847
0.039816
0.039825
0.039700
0.039572
0.039439
0.039358
0.039292
0.039111
0.039066
0.039056
0.038980
0.038878
0.038851
0.038709
0.038665
0.038627
0.038547
0.038435
0.038413
0.038351
0.038262
0.038270
0.038085
0.038080
0.038088
0.037947
0.037787
0.037776
0.037750
0.037644
0.037614
0.037632
0.037429
0.037379
0.037387
0.037258
0.037267
0.037252
0.037190
0.037104
0.037037
0.036922
0.036854
0.036785
0.036797
0.036754
0.036687
0.036575
0.036623
0.036489
0.036488
0.036431
0.036371
0.036357
0.036339
0.036290
0.036144
0.036095
0.036053
0.036035
0.035955
0.035915
0.035815
0.035774
0.035797
0.035633
0.035629
0.035624
0.035533
0.035442
0.035454
0.035316
0.035205
0.035198
0.035218
0.035104
0.035020
0.035011
0.035056
0.034967
0.034928
0.034948
0.034870
0.034870
0.034786
0.034761
0.034700
0.034703
0.034604
0.034604
0.034574
0.034518
0.034518
0.034471
0.034383
0.034392
0.034381
0.034352
0.034284
0.034302
0.034214
0.034168
0.034199
0.034163
0.034097
0.034057
0.034057
0.033983
0.033939
0.033945
0.033881
0.033881
0.033916
0.033831
0.033781
0.033813
0.033751
0.033751
0.033717
0.033644
0.033605
0.033496
0.033399
0.033434
0.033422
0.033434
0.033427
0.033388
0.033418
0.033316
0.033283
0.033253
0.033142
0.033142
0.033170
0.033137
0.033090
0.033052
0.033079
0.033046
0.033046
0.032976
0.032964
0.032964
0.032996
0.032914
0.032849
0.032790
0.032819
0.032741
0.032741
0.032734
0.032696
0.032657
0.032657
0.032667
0.032602
0.032528
0.032491
0.032520
0.032452
0.032406
0.032369
0.032369
0.032306
0.032338
0.032320
0.032360
0.032323
0.032295
0.032230
0.032230
0.032169
0.032204
0.032163
0.032168
0.032077
0.032082
0.032055
0.032055
0.031962
0.031962
0.031996
0.031994
0.031965
0.031896
0.031870
0.031801
0.031779
0.031638
0.031638
0.031638
0.031674
0.031628
0.031632
0.031632
0.031632
0.031611
0.031578
0.031507
0.031495
0.031472
0.031369
0.031311
0.031277
0.031277
0.031257
0.031239
0.031172
0.031172
0.031104
0.031104
0.031067
0.031064
0.031046
0.031017
0.031036
0.031036
0.030984
0.030946
0.030946
0.030901
0.030901
0.030853
0.030853
0.030853
0.030832
0.030876
0.030831
0.030763
0.030763
0.030783
0.030767
0.030734
0.030734
0.030683
0.030683
0.030653
0.030615
0.030615
0.030570
0.030527
0.030527
0.030527
0.030507
0.030489
0.030489
0.030458
0.030413
0.030401
0.030361
0.030394
0.030343
0.030314
0.030276
0.030242
0.030242
0.030283
0.030228
0.030228
0.030221
0.030204
0.030136
0.030170
0.030129
0.030129
0.030129
0.030092
0.030092
0.030054
0.030038
0.029994
0.029994
0.029994
0.029990
0.029990
0.029943
0.029943
0.029965
0.029988
0.029988
0.029988
0.029884
0.029846
0.029846
0.029840
0.029882
0.029893
0.029926
0.029926
0.029861
0.029861
0.029861
0.029857
0.029814
0.029762
0.029734
0.029731
0.029731
0.029704
0.029704
0.029729
0.029726
0.029726
0.029716
0.029678
0.029678
0.029678
0.029635
0.029609
0.029609
0.029608
0.029561
0.029561
0.029561
0.029586
0.029586
0.029586
0.029586
0.029587
0.029525
0.029517
0.029481
0.029518
0.029475
0.029438
0.029438
0.029438
0.029404
0.029424
0.029424
0.029424
0.029436
0.029436
0.029436
0.029436
0.029404
0.029404
0.029399
0.029399
0.029399
0.029394
0.029394
0.029394
0.029421
0.029392
0.029327
0.029286
0.029286
0.029286
0.029286
0.029286
0.029264
0.029349
0.029315
0.029313
0.029313
0.029313
0.029313
0.029341
0.029301
0.029357
0.029357
0.029299
0.029257
0.029257
0.029257
0.029257
0.029267
0.029267
0.029267
0.029267
0.029268
0.029268
0.029236
0.029236
0.029248
0.029277
0.029277
0.029277
0.029279
0.029279
0.029279
0.029292
0.029251
0.029218
0.029187
0.029187
0.029190
0.029190
0.029212
0.029212
0.029212
0.029212
0.029212
0.029212
0.029217
0.029233
0.029233
0.029204
0.029235
0.029235
0.029235
0.029235
0.029295
0.029254
0.029209
0.029209
0.029209
0.029209
0.029209
0.029190
0.029176
0.029176
0.029197
0.029197
0.029235
0.029197
0.029217
0.029225
0.029225
0.029225
0.029225
0.029225
0.029225
0.029246
0.029257
0.029257
0.029257
0.029257
0.029257
0.029255
0.029255
0.029255
0.029268
0.029268
0.029268
0.029268
0.029254
0.029254
0.029286
0.029299
0.029299
0.029299
0.029323
0.029369
0.029369
0.029369
0.029383
0.029383
0.029383
0.029408
0.029388
0.029367
0.029350
0.029313
0.029313
0.029339
0.029339
0.029299
0.029299
0.029315
0.029315
0.029342
0.029418
0.029377
0.029377
0.029377
0.029394
0.029394
0.029422
0.029386
0.029386
0.029386
0.029346
0.029364
0.029393
0.029393
0.029393
0.029393
0.029393
0.029435
0.029435
0.029465
0.029502
0.029509
0.029474
0.029474
0.029494
0.029455
0.029485
0.029485
0.029447
0.029447
0.029506
0.029506
0.029466
0.029497
0.029537
0.029537
0.029574
0.029597
0.029562
0.029562
0.029522
0.029521
0.029521
0.029544
0.029544
0.029544
0.029544
0.029544
0.029544
0.029601
0.029641
0.029641
0.029641
0.029641
0.029641
0.029606
0.029574
0.029608
0.029608
0.029608
0.029608
0.029608
0.029608
0.029621
0.029547
0.029547
0.029581
0.029581
0.029581
0.029641
0.029668
0.029636
0.029602
0.029602
0.029567
0.029603
0.029603
0.029630
0.029630
0.029630
0.029662
0.029662
0.029662
0.029662
0.029662
0.029694
0.029694
0.029662
0.029662
0.029662
0.029628
0.029628
0.029661
0.029690
0.029690
0.029727
0.029687
0.029687
0.029687
0.029687
0.029687
0.029656
0.029686
0.029651
0.029659
0.029621
0.029621
0.029659
0.029625
0.029625
0.029625
0.029656
0.029656
0.029656
0.029656
0.029626
0.029626
0.029626
0.029626
0.029626
0.029665
0.029697
0.029697
0.029697
0.029697
0.029697
0.029697
0.029668
0.029629
0.029597
0.029560
0.029525
0.029557
0.029587
0.029587
0.029597
0.029597
0.029570
0.029570
0.029570
0.029570
0.029570
0.029570
0.029603
0.029641
0.029641
0.029641
0.029644
0.029644
0.029571
0.029571
0.029576
0.029546
0.029546
0.029587
0.029588
0.029597
0.029597
0.029562
0.029562
0.029549
0.029510
0.029540
0.029540
0.029543
0.029519
0.029519
0.029519
0.029519
0.029489
0.029487
0.029487
0.029487
0.029463
0.029463
0.029463
0.029431
0.029465
0.029465
0.029465
0.029465
0.029442
0.029442
0.029442
0.029405
0.029375
0.029340
0.029386
0.029401
0.029369
0.029369
0.029406
0.029450
0.029434
0.029434
0.029414
0.029414
0.029414
0.029414
0.029376
0.029345
0.029345
0.029295
0.029295
0.029295
0.029301
0.029301
0.029301
0.029331
0.029312
0.029281
0.029320
0.029320
0.029282
0.029282
0.029248
0.029230
0.029230
0.029238
0.029208
0.029208
0.029208
0.029208
0.029192
0.029235
0.029235
0.029235
0.029198
0.029131
0.029131
0.029116
0.029153
0.029153
0.029153
0.029161
0.029161
0.029132
0.029118
0.029049
0.029049
0.029079
0.029079
0.029079
0.029079
0.029039
0.029039
0.029004
0.029004
0.029004
0.029004
0.028974
0.028962
0.028936
0.028936
0.028936
0.028936
0.028966
0.028955
0.028955
0.028955
0.028929
0.028881
0.028881
0.028881
0.028872
0.028872
0.028842
0.028817
0.028855
0.028855
0.028846
0.028846
0.028876
0.028876
0.028840
0.028816
0.028777
0.028770
0.028770
0.028777
0.028777
0.028743
0.028720
0.028684
0.028684
0.028684
0.028684
0.028684
0.028714
0.028714
0.028687
0.028687
0.028687
0.028687
0.028687
0.028687
0.028683
0.028662
0.028662
0.028632
0.028632
0.028632
0.028630
0.028660
0.028660
0.028640
0.028640
0.028640
0.028639
0.028639
0.028639
0.028639
0.028620
0.028620
0.028621
0.028591
0.028591
0.028591
0.028591
0.028602
0.028604
0.028569
0.028535
0.028535
0.028535
0.028535
0.028522
0.028522
0.028522
0.028522
0.028522
0.028522
0.028526
0.028510
0.028510
0.028510
0.028510
0.028510
0.028516
0.028516
0.028501
0.028501
0.028501
0.028469
0.028476
0.028476
0.028476
0.028463
0.028463
0.028463
0.028471
0.028471
0.028471
0.028471
0.028459
0.109755
0.109755
0.109755
0.109789
0.109832
0.109821
0.109798
0.109798
0.109712
0.109539
0.109367
0.109152
0.108939
0.108724
0.108510
0.108295
0.108081
0.107880
0.107701
0.107519
0.107273
0.107060
0.106861
0.106649
0.106436
0.106217
0.105946
0.105783
0.105587
0.105376
0.105164
0.104973
0.104762
0.104568
0.104358
0.104148
0.103938
0.103765
0.103612
0.103375
0.103134
0.102926
0.102717
0.102528
0.102449
0.102397
0.102203
0.101996
0.101808
0.101642
0.101433
0.101199
0.101026
0.100854
0.100586
0.100366
0.100125
0.099920
0.099702
0.099501
0.099374
0.099187
0.098984
0.098741
0.098588
0.098507
0.098283
0.098083
0.097836
0.097634
0.097418
0.097186
0.097025
0.096797
0.096691
0.096469
0.096269
0.096119
0.095959
0.095752
0.095531
0.095307
0.095108
0.094879
0.094787
0.094558
0.094330
0.094132
0.093944
0.093716
0.093553
0.093303
0.093065
0.092869
0.092642
0.092426
0.092200
0.091965
0.091778
0.091552
0.091376
0.091285
0.091060
0.090835
0.090719
0.090505
0.090319
0.090125
0.089899
0.089644
0.089463
0.089213
0.089028
0.088810
0.088656
0.088439
0.088217
0.088071
0.087882
0.087698
0.087509
0.087303
0.087090
0.086760
0.086578
0.086358
0.086154
0.086004
0.085855
0.085595
0.085377
0.085282
0.085064
0.084846
0.084665
0.084452
0.084250
0.083929
0.083751
0.083571
0.083356
0.083141
0.082979
0.082835
0.082618
0.082433
0.082219
0.081970
0.081810
0.081635
0.081403
0.081085
0.080871
0.080679
0.080468
0.080361
0.080115
0.079895
0.079723
0.079602
0.079323
0.079180
0.078971
0.078762
0.078488
0.078298
0.078091
0.077924
0.077682
0.077545
0.077376
0.077097
0.076944
0.076817
0.076678
0.076474
0.076235
0.076032
0.075787
0.075582
0.075375
0.075173
0.074972
0.074803
0.074565
0.074465
0.074331
0.074164
0.073928
0.073730
0.073535
0.073338
0.073096
0.072889
0.072725
0.072530
0.072367
0.072144
0.071951
0.071786
0.071553
0.071420
0.071229
0.071069
0.070812
0.070582
0.070428
0.070240
0.070082
0.069954
0.069771
0.069614
0.069563
0.069436
0.069280
0.069115
0.068963
0.068808
0.068724
0.068601
0.068476
0.068351
0.068201
0.068049
0.067887
0.067763
0.067612
0.067488
0.067341
0.067224
0.067101
0.066979
0.066794
0.066672
0.066528
0.066406
0.066260
0.066177
0.066014
0.065846
0.065691
0.065533
0.065380
0.065261
0.065075
0.064935
0.064774
0.064632
0.064475
0.064358
0.064173
0.063993
0.063853
0.063694
0.063534
0.063318
0.063159
0.062994
0.062836
0.062655
0.062497
0.062307
0.062064
0.061907
0.061728
0.061527
0.061371
0.061148
0.060943
0.060743
0.060561
0.060361
0.060207
0.059986
0.059739
0.059540
0.059341
0.059121
0.058922
0.058663
0.058435
0.058237
0.058039
0.057795
0.057598
0.057340
0.057153
0.056910
0.056668
0.056471
0.056248
0.055965
0.055722
0.055480
0.055303
0.055061
0.054826
0.054558
0.054287
0.054018
0.053776
0.053554
0.053320
0.053049
0.052780
0.052557
0.052334
0.052101
0.051807
0.051585
0.051315
0.051093
0.050888
0.050611
0.050383
0.050113
0.049909
0.049640
0.049429
0.049178
0.048933
0.048682
0.048478
0.048228
0.048018
0.047747
0.047543
0.047293
0.047089
0.046835
0.046632
0.046382
0.046178
0.045929
0.045746
0.045495
0.045293
0.045045
0.044863
0.044616
0.044342
0.044138
0.043894
0.043715
0.043513
0.043334
0.043111
0.042915
0.042777
0.042621
0.042444
0.042268
0.042094
0.041947
0.041734
0.041592
0.041463
0.041335
0.041149
0.041021
0.040931
0.040730
0.040603
0.040480
0.040341
0.040216
0.040091
0.039967
0.039880
0.039786
0.039663
0.039541
0.039420
0.039362
0.039247
0.039118
0.039038
0.038920
0.038841
0.038731
0.038645
0.038567
0.038405
0.038328
0.038220
0.038153
0.038032
0.037957
0.037883
0.037809
0.037745
0.037666
0.037593
0.037521
0.037449
0.037389
0.037318
0.037243
0.037173
0.037104
0.037035
0.036979
0.036909
0.036876
0.036809
0.036705
0.036653
0.036619
0.036590
0.036526
0.036462
0.036406
0.036343
0.036313
0.036251
0.036189
0.036135
0.036075
0.036047
0.035988
0.035889
0.035876
0.035819
0.035749
0.035696
0.035668
0.035589
0.035561
0.035534
0.035443
0.035417
0.035340
0.035314
0.035288
0.035193
0.035175
0.035102
0.035077
0.035008
0.034959
0.034900
0.034898
0.034806
0.034783
0.034716
0.034703
0.034613
0.034569
0.034546
0.034480
0.034436
0.034382
0.034339
0.034318
0.034252
0.034186
0.034160
0.034118
0.034012
0.033993
0.033928
0.033878
0.033885
0.033846
0.033782
0.033700
0.033699
0.033636
0.033598
0.033494
0.033478
0.033432
0.033370
0.033373
0.033325
0.033310
0.033267
0.033205
0.033143
0.033110
0.033049
0.033017
0.032957
0.032933
0.032885
0.032825
0.032853
0.032842
0.032815
0.032727
0.032668
0.032600
0.032571
0.032522
0.032513
0.032455
0.032430
0.032372
0.032315
0.032297
0.032321
0.032249
0.032200
0.032144
0.032057
0.032001
0.032028
0.031973
0.031918
0.031869
0.031814
0.031792
0.031788
0.031804
0.031754
0.031701
0.031644
0.031641
0.031591
0.031539
0.031490
0.031458
0.031470
0.031420
0.031369
0.031369
0.031320
0.031298
0.031248
0.031248
0.031199
0.031184
0.031184
0.031166
0.031081
0.031032
0.030998
0.030919
0.030870
0.030934
0.030917
0.030953
0.030875
0.030826
0.030826
0.030777
0.030728
0.030733
0.030684
0.030684
0.030666
0.030617
0.030628
0.030585
0.030554
0.030505
0.030505
0.030492
0.030460
0.030412
0.030326
0.030295
0.030254
0.030285
0.030241
0.030241
0.030193
0.030231
0.030231
0.030154
0.030154
0.030106
0.030143
0.030095
0.030095
0.030047
0.029988
0.029988
0.029940
0.029940
0.029931
0.029931
0.029884
0.029855
0.029855
0.029808
0.029779
0.029779
0.029771
0.029812
0.029785
0.029738
0.029738
0.029738
0.029692
0.029664
0.029638
0.029591
0.029632
0.029632
0.029585
0.029585
0.029585
0.029488
0.029488
0.029510
0.029510
0.029465
0.029465
0.029441
0.029470
0.029399
0.029399
0.029404
0.029480
0.029411
0.029411
0.029411
0.029411
0.029342
0.029304
0.029281
0.029281
0.029281
0.029268
0.029268
0.029245
0.029262
0.029262
0.029217
0.029217
0.029217
0.029217
0.029196
0.029175
0.029121
0.029121
0.029121
0.029121
0.029121
0.029081
0.029081
0.029036
0.029036
0.029036
0.029028
0.029054
0.029035
0.029035
0.029035
0.028991
0.028991
0.028974
0.028956
0.028949
0.028949
0.028949
0.028949
0.028949
0.028933
0.028916
0.028872
0.028872
0.028868
0.028868
0.028854
0.028815
0.028815
0.028776
0.028776
0.028776
0.028763
0.028748
0.028786
0.028786
0.028786
0.028786
0.028773
0.028760
0.028716
0.028716
0.028716
0.028677
0.028667
0.028667
0.028608
0.028608
0.028647
0.028647
0.028637
0.028637
0.028625
0.028625
0.028625
0.028630
0.028582
0.028582
0.028572
0.028572
0.028572
0.028572
0.028564
0.028603
0.028595
0.028595
0.028553
0.028553
0.028554
0.028554
0.028515
0.028507
0.028507
0.028507
0.028503
0.028503
0.028503
0.028536
0.028536
0.028536
0.028532
0.028543
0.028543
0.028538
0.028499
0.028499
0.028497
0.028497
0.028497
0.028493
0.028493
0.028532
0.028532
0.028532
0.028563
0.028561
0.028574
0.028535
0.028535
0.028536
0.028504
0.028455
0.028455
0.028415
0.028415
0.028418
0.028457
0.028488
0.028489
0.028489
0.028492
0.028453
0.028470
0.028470
0.028472
0.028472
0.028445
0.028477
0.028477
0.028477
0.028480
0.028480
0.028486
0.028447
0.028447
0.028447
0.028452
0.028452
0.028459
0.028459
0.028459
0.028478
0.028485
0.028485
0.028494
0.028494
0.028494
0.028494
0.028501
0.028501
0.028511
0.028511
0.028511
0.028511
0.028520
0.028531
0.028531
0.028531
0.028531
0.028531
0.028542
0.028554
0.028554
0.028576
0.028576
0.028576
0.028601
0.028673
0.028673
0.028637
0.028604
0.028604
0.028631
0.028593
0.028593
0.028593
0.028593
0.028609
0.028623
0.028656
0.028695
0.028695
0.028712
0.028712
0.028727
0.028694
0.028694
0.028694
0.028675
0.028675
0.028691
0.028716
0.028749
0.028807
0.028807
0.028807
0.028824
0.028824
0.028845
0.028845
0.028845
0.028845
0.028831
0.028852
0.028852
0.028885
0.028885
0.028905
0.028928
0.028928
0.028928
0.028928
0.028928
0.028949
0.028972
0.028972
0.028972
0.028972
0.028972
0.029019
0.029019
0.029019
0.029019
0.029019
0.029067
0.029067
0.029067
0.029067
0.029067
0.029091
0.029117
0.029117
0.029144
0.029144
0.029144
0.029169
0.029196
0.029196
0.029196
0.029196
0.029222
0.029222
0.029210
0.029210
0.029210
0.029236
0.029236
0.029236
0.029266
0.029266
0.029293
0.029293
0.029293
0.029293
0.029323
0.029351
0.029351
0.029351
0.029351
0.029351
0.029351
0.029411
0.029373
0.029373
0.029373
0.029373
0.029403
0.029403
0.029435
0.029435
0.029435
0.029465
0.029465
0.029465
0.029465
0.029465
0.029529
0.029493
0.029493
0.029493
0.029493
0.029493
0.029524
0.029524
0.029558
0.029558
0.029558
0.029558
0.029558
0.029523
0.029523
0.029523
0.029558
0.029591
0.029591
0.029591
0.029629
0.029629
0.029629
0.029663
0.029593
0.029625
0.029661
0.029661
0.029661
0.029696
0.029664
0.029664
0.029664
0.029664
0.029661
0.029661
0.029696
0.029765
0.029765
0.029765
0.029765
0.029765
0.029800
0.029735
0.029735
0.029704
0.029704
0.029704
0.029704
0.029778
0.029810
0.029810
0.029779
0.029779
0.029779
0.029779
0.029779
0.029816
0.029784
0.029784
0.029755
0.029755
0.029755
0.029755
0.029755
0.029832
0.029832
0.029804
0.029804
0.029804
0.029773
0.029773
0.029773
0.029773
0.029784
0.029784
0.029784
0.029784
0.029784
0.029784
0.029784
0.029728
0.029728
0.029767
0.029767
0.029767
0.029767
0.029767
0.029741
0.029741
0.029712
0.029712
0.029754
0.029754
