1.931408
1.788372
1.660429
1.576388
1.533303
1.516207
1.511471
1.512385
1.513201
1.513175
1.512344
1.511463
1.510329
1.509001
1.507598
1.505897
1.504292
1.502526
1.501302
1.500191
1.499636
1.499311
1.499536
1.499413
1.499355
1.498436
1.496801
1.494857
1.492623
1.490043
1.487155
1.484523
1.481713
1.479098
1.476527
1.473815
1.470085
1.465776
1.461163
1.456021
1.450429
1.445000
1.439535
1.435038
1.431012
1.427671
1.424810
1.422191
1.419514
1.417120
1.414515
1.412307
1.409711
1.406942
1.404234
1.401715
1.399078
1.396325
1.393692
1.391135
1.388409
1.385735
1.383030
1.380527
1.377731
1.375316
1.372625
1.369961
1.367090
1.364470
1.361626
1.359249
1.356572
1.353810
1.351228
1.348383
1.345679
1.342831
1.340059
1.337374
1.334607
1.331853
1.329018
1.326183
1.323341
1.320641
1.318295
1.315644
1.313067
1.310571
1.307955
1.305150
1.302001
1.298802
1.295555
1.292421
1.289383
1.286238
1.283005
1.279909
1.276994
1.274433
1.271807
1.269566
1.267049
1.264630
1.262168
1.259623
1.256899
1.254048
1.251003
1.247799
1.244623
1.241424
1.238433
1.235554
1.232727
1.229944
1.227574
1.225271
1.223085
1.220895
1.218744
1.216493
1.214363
1.212286
1.210239
1.207799
1.205547
1.203540
1.201355
1.199106
1.197013
1.194495
1.192365
1.190024
1.187575
1.185051
1.182560
1.180535
1.177996
1.175699
1.173103
1.170515
1.168127
1.165687
1.163361
1.161508
1.160514
1.158861
1.157398
1.156631
1.155396
1.153328
1.151038
1.148375
1.145685
1.143026
1.140399
1.137912
1.135740
1.133879
1.132777
1.131722
1.130757
1.130071
1.129780
1.128384
1.126156
1.123773
1.120911
1.117927
1.114992
1.112147
1.109654
1.107021
1.104319
1.101752
1.099128
1.096559
1.093703
1.090830
1.087934
1.084962
1.082108
1.079105
1.076282
1.073460
1.070455
1.067572
1.064688
1.061830
1.058785
1.055775
1.053531
1.051665
1.049811
1.048352
1.047345
1.046638
1.045903
1.044542
1.043170
1.041367
1.038532
1.035502
1.032260
1.028973
1.025276
1.021811
1.018769
1.015441
1.012348
1.009498
1.006468
1.003601
1.000630
0.997661
0.994708
0.991782
0.988780
0.985960
0.983001
0.979932
0.977081
0.974461
0.972527
0.970551
0.969210
0.967600
0.966143
0.964599
0.963114
0.961053
0.958357
0.955570
0.952268
0.948969
0.945953
0.942683
0.939349
0.936000
0.933278
0.930478
0.927735
0.925027
0.922311
0.919429
0.916470
0.913473
0.910548
0.907615
0.904672
0.901746
0.898905
0.896179
0.893616
0.890919
0.888294
0.885600
0.882926
0.880120
0.877354
0.874629
0.871638
0.868876
0.866058
0.863149
0.860558
0.857884
0.855081
0.852264
0.849402
0.846360
0.843704
0.840860
0.837888
0.835220
0.832234
0.829343
0.826384
0.823463
0.820210
0.817328
0.814177
0.811047
0.807896
0.804746
0.801528
0.798280
0.795538
0.792451
0.789432
0.786102
0.783046
0.779793
0.776618
0.773482
0.770287
0.767049
0.763786
0.760611
0.757307
0.754232
0.750909
0.747641
0.744703
0.741787
0.738633
0.735446
0.732255
0.729382
0.726046
0.722905
0.719608
0.716310
0.713060
0.710044
0.706883
0.703822
0.700695
0.697551
0.694112
0.691087
0.687841
0.684733
0.681693
0.678750
0.675685
0.672429
0.669369
0.666208
0.662947
0.659893
0.656752
0.653604
0.650595
0.647539
0.644440
0.641335
0.638314
0.635064
0.632107
0.629075
0.625832
0.622876
0.619675
0.616586
0.613612
0.610712
0.607493
0.604444
0.601269
0.598132
0.594935
0.591937
0.588838
0.585796
0.582819
0.579741
0.576585
0.573411
0.570564
0.567430
0.564314
0.561375
0.558392
0.555418
0.552400
0.549373
0.546252
0.543301
0.540209
0.536994
0.534052
0.530986
0.527868
0.524740
0.521578
0.518504
0.515495
0.512505
0.509462
0.506227
0.503175
0.500355
0.497405
0.494479
0.491243
0.488137
0.485005
0.481898
0.478831
0.475832
0.472897
0.469848
0.466840
0.463593
0.460617
0.457412
0.454494
0.451297
0.448237
0.445256
0.442285
0.439505
0.436540
0.433806
0.430871
0.427765
0.425021
0.422193
0.419334
0.416574
0.413941
0.411255
0.408617
0.405839
0.403412
0.400772
0.398044
0.395523
0.392872
0.390288
0.387950
0.385470
0.382935
0.380708
0.378351
0.376038
0.373799
0.371454
0.369120
0.366925
0.364657
0.362507
0.360300
0.358031
0.356019
0.353850
0.351722
0.349824
0.347988
0.346328
0.344802
0.343411
0.341889
0.340512
0.339174
0.337946
0.336298
0.334678
0.332859
0.331100
0.329176
0.327580
0.325709
0.324047
0.322385
0.320863
0.319178
0.317713
0.315953
0.314448
0.312881
0.311476
0.309888
0.308337
0.306669
0.305226
0.303833
0.302560
0.301703
0.300784
0.300163
0.299414
0.298843
0.298347
0.297833
0.297089
0.295989
0.294790
0.293460
0.292191
0.290882
0.289753
0.288561
0.287369
0.286241
0.285094
0.283970
0.282880
0.281669
0.280394
0.279292
0.278117
0.277045
0.275863
0.274957
0.273809
0.272678
0.271639
0.270460
0.269767
0.269471
0.269209
0.269017
0.268971
0.268892
0.268861
0.268590
0.268025
0.267166
0.266231
0.265240
0.264251
0.262653
0.260835
0.259280
0.258069
0.257034
0.255877
0.254958
0.253880
0.252992
0.252058
0.250954
0.249944
0.249251
0.248325
0.247357
0.246341
0.245384
0.244369
0.243445
0.242578
0.241651
0.240753
0.239893
0.239367
0.239217
0.239239
0.238972
0.238926
0.238740
0.238635
0.238349
0.237892
0.237036
0.236281
0.235231
0.233608
0.230864
0.227733
0.224127
0.220948
0.218470
0.217034
0.216190
0.215701
0.215307
0.214815
0.214553
0.214317
0.214146
0.214254
0.213752
0.213135
0.212484
0.211775
0.211018
0.210400
0.209539
0.208805
0.207946
0.207279
0.206490
0.205724
0.205020
0.204339
0.203510
0.202865
0.202241
0.201459
0.200850
0.200026
0.199381
0.198660
0.197854
0.197122
0.196409
0.195633
0.194967
0.194115
0.193416
0.192719
0.192173
0.191339
0.190563
0.190051
0.189367
0.188503
0.187878
0.187144
0.186340
0.185648
0.184853
0.183978
0.183218
0.182387
0.181594
0.180917
0.180095
0.179290
0.178515
0.177768
0.177053
0.176268
0.175447
0.174598
0.173725
0.173084
0.172296
0.171479
0.170758
0.169907
0.168981
0.167957
0.167107
0.166343
0.165521
0.164733
0.163891
0.163058
0.162132
0.161244
0.160358
0.159510
0.158612
0.157764
0.156906
0.155913
0.155144
0.154109
0.153381
0.152570
0.151745
0.150979
0.150461
0.149631
0.148859
0.147880
0.146936
0.146141
0.145262
0.144500
0.143590
0.142703
0.142079
0.141435
0.140770
0.140019
0.139295
0.138561
0.137792
0.137086
0.136318
0.135576
0.134780
0.134003
0.133286
0.132557
0.131806
0.131131
0.130520
0.130039
0.129440
0.128763
0.128391
0.127852
0.127165
0.126433
0.125954
0.125319
0.124798
0.124198
0.123570
0.123044
0.122495
0.121841
0.121316
0.120828
0.120308
0.119809
0.119378
0.118782
0.118407
0.117858
0.117403
0.116845
0.116306
0.115763
0.115379
0.114904
0.114381
0.114043
0.113449
0.112983
0.112453
0.111966
0.111753
0.111153
0.110837
0.110318
0.109879
0.109517
0.109113
0.108626
0.108330
0.107791
0.107358
0.106816
0.106306
0.105915
0.105468
0.105000
0.104471
0.104028
0.103652
0.103120
0.102670
0.102287
0.101873
0.101311
0.100899
0.100458
0.100059
0.099623
0.099248
0.098825
0.098305
0.097784
0.097306
0.096826
0.096338
0.095800
0.095407
0.094910
0.094435
0.093833
0.093317
0.092811
0.092177
0.091717
0.091221
0.090664
0.090063
0.089524
0.088909
0.088314
0.087813
0.087322
0.086718
0.086280
0.085801
0.085232
0.084623
0.084148
0.083558
0.082961
0.082372
0.081706
0.081199
0.080667
0.080106
0.079530
0.078989
0.078444
0.077847
0.077315
0.076711
0.076169
0.075585
0.075251
0.074744
0.074129
0.073588
0.073024
0.072422
0.072107
0.071665
0.071195
0.070589
0.069990
0.069460
0.069038
0.068374
0.067822
0.067357
0.066944
0.066349
0.065927
0.065450
0.065019
0.064523
0.063942
0.063482
0.063008
0.062510
0.062179
0.061655
0.061200
0.060799
0.060403
0.059916
0.059477
0.059223
0.058804
0.058504
0.058208
0.057707
0.057359
0.057012
0.056758
0.056583
0.056133
0.055731
0.055479
0.055055
0.054848
0.054489
0.054098
0.053802
0.053557
0.053288
0.053011
0.052678
0.052371
0.052076
0.051817
0.051571
0.051316
0.051053
0.050841
0.050690
0.050384
0.050189
0.049974
0.049749
0.049589
0.049333
0.049143
0.048989
0.048691
0.048572
0.048299
0.048096
0.047849
0.047699
0.047562
0.047337
0.047222
0.047055
0.046872
0.046726
0.046603
0.046501
0.046260
0.046069
0.045949
0.045862
0.045659
0.045534
0.045383
0.045281
0.045140
0.044999
0.044897
0.044746
0.044660
0.044589
0.044405
0.044300
0.044193
0.043999
0.043912
0.043846
0.043692
0.043589
0.043459
0.043358
0.043266
0.043224
0.043126
0.043070
0.043010
0.042865
0.042700
0.042676
0.042641
0.042569
0.042461
0.042446
0.042347
0.042121
0.042092
0.042030
0.041980
0.041892
0.041818
0.041667
0.041634
0.041521
0.041491
0.041417
0.041416
0.041362
0.041288
0.041205
0.041158
0.041064
0.040995
0.040942
0.040873
0.040781
0.040756
0.040642
0.040618
0.040597
0.040508
0.040508
0.040414
0.040362
0.040317
0.040283
0.040283
0.040191
0.040156
0.040085
0.040031
0.039995
0.039934
0.039855
0.039786
0.039748
0.039815
0.039762
0.039671
0.039626
0.039464
0.039471
0.039393
0.039342
0.039258
0.039254
0.039151
0.039066
0.039018
0.039072
0.039034
0.038963
0.038944
0.038855
0.038785
0.038712
0.038617
0.038619
0.038595
0.038565
0.038481
0.038419
0.038394
0.038394
0.038357
0.038360
0.038336
0.038351
0.038332
0.038314
0.038192
0.038130
0.038084
0.038044
0.038044
0.038027
0.037938
0.037944
0.037902
0.037902
0.037856
0.037856
0.037840
0.037792
0.037710
0.037668
0.037615
0.037569
0.037512
0.037523
0.037463
0.037448
0.037401
0.037401
0.037386
0.037375
0.037290
0.037243
0.037213
0.037118
0.036979
0.036930
0.036846
0.036889
0.036935
0.036935
0.036899
0.036863
0.036752
0.036746
0.036734
0.036583
0.036571
0.036401
0.036432
0.036373
0.036411
0.036357
0.036357
0.036300
0.036218
0.036228
0.036246
0.036177
0.036110
0.036041
0.036002
0.035840
0.035803
0.035744
0.035724
0.035697
0.035697
0.035685
0.035590
0.035499
0.035464
0.035387
0.035329
0.035271
0.035205
0.035148
0.035128
0.035069
0.035033
0.034949
0.034942
0.034942
0.034845
0.034795
0.034749
0.034680
0.034680
0.034588
0.034520
0.034468
0.034434
0.034397
0.034341
0.034276
0.034227
0.034193
0.034195
0.034145
0.034063
0.033990
0.033905
0.033840
0.033721
0.033756
0.033725
0.033721
0.033624
0.033607
0.033557
0.033522
0.033368
0.033368
0.033319
0.033302
0.033205
0.033201
0.033135
0.033003
0.033039
0.032973
0.032891
0.032840
0.032774
0.032774
0.032736
0.032569
0.032569
0.032504
0.032429
0.032382
0.032317
0.032267
0.032183
0.032155
0.032155
0.032105
0.032058
0.031993
0.031993
0.031896
0.031849
0.031799
0.031764
0.031652
0.031602
0.031602
0.031539
0.031413
0.031393
0.031381
0.031367
0.031239
0.031239
0.031226
0.031096
0.031063
0.031000
0.030951
0.030902
0.030816
0.030803
0.030769
0.030689
0.030604
0.030592
0.030494
0.030494
0.030445
0.030433
0.030304
0.030304
0.030260
0.030249
0.030151
0.030177
0.030128
0.030116
0.030009
0.030009
0.030009
0.029900
0.029862
0.029813
0.029813
0.029734
0.029694
0.029694
0.029645
0.029645
0.029547
0.029520
0.029461
0.029432
0.029422
0.029373
0.029334
0.029275
0.029217
0.029178
0.029130
0.029052
0.029091
0.029042
0.029042
0.028994
0.028945
0.028945
0.028934
0.028823
0.028814
0.028776
0.028727
0.028727
0.028679
0.028639
0.028639
0.028603
0.028526
0.028517
0.028469
0.028469
0.028420
0.028446
0.028411
0.028362
0.028375
0.028300
0.028300
0.028300
0.028163
0.028120
0.028159
0.028173
0.028126
0.028071
0.028045
0.027996
0.027949
0.027949
0.027949
0.027900
0.027840
0.027855
0.027855
0.027855
0.027742
0.027693
0.027693
0.027656
0.027598
0.027598
0.027598
0.027549
0.027502
0.027519
0.027494
0.027494
0.027494
0.027448
0.027399
0.027358
0.027358
0.027263
0.027263
0.027263
0.027214
0.027190
0.027144
0.027144
0.027162
0.027113
0.027113
0.027068
0.027068
0.027107
0.027107
0.027088
0.027001
0.026939
0.026939
0.026939
0.026939
0.026845
0.026803
0.026803
0.026803
0.026842
0.026797
0.026797
0.026748
0.026748
0.026767
0.026696
0.026651
0.026620
0.026620
0.026572
0.026572
0.026548
0.026548
0.026527
0.026527
0.026493
0.026444
0.026392
0.026392
0.026323
0.026335
0.026335
0.026335
0.026291
0.026291
0.026243
0.026243
0.026200
0.026200
0.026156
0.026186
0.026138
0.026151
0.026151
0.026151
0.026103
0.026039
0.026005
0.026005
0.026005
0.026005
0.026005
0.026005
0.026019
0.026011
0.026025
0.026025
0.025943
0.025943
0.025900
0.025819
0.025819
0.025819
0.025819
0.025799
0.025752
0.025791
0.025764
0.025764
0.025764
0.025717
0.025717
0.025746
0.025746
0.025704
0.025657
0.025657
0.025657
0.025682
0.025698
0.025698
0.025698
0.025698
0.025657
0.025610
0.025610
0.025593
0.025610
0.025567
0.025567
0.025567
0.025567
0.025525
0.025525
0.025479
0.025479
0.025479
0.025479
0.025479
0.025463
0.025481
0.025468
0.025468
0.025468
0.025468
0.025468
0.025468
0.025468
0.025496
0.025496
0.025489
0.025449
0.025449
0.025449
0.025452
0.025406
0.025367
0.025367
0.025367
0.025367
0.025367
0.025435
0.025435
0.025426
0.025426
0.025383
0.025383
0.025338
0.025338
0.025358
0.025358
0.025358
0.025358
0.025338
0.025338
0.025338
0.025299
0.025319
0.025319
0.025319
0.025305
0.025305
0.025305
0.025305
0.025305
0.025305
0.025305
0.025305
0.025336
0.025336
0.025336
0.025298
0.025284
0.025239
0.025260
0.025260
0.025260
0.025260
0.025292
0.025292
0.025292
0.025292
0.025292
0.025292
0.025330
0.025330
0.025286
0.025317
0.025280
0.025280
0.025280
0.025302
0.025302
0.025302
0.025280
0.025280
0.025313
0.025313
0.025313
0.025313
0.025269
0.025292
0.025292
0.025292
0.025292
0.025292
0.025292
0.025292
0.025292
0.025292
0.025292
0.025323
0.025288
0.025245
0.025279
0.025235
0.025235
0.025235
0.025259
0.025259
0.025259
0.025259
0.025259
0.025235
0.025235
0.025235
0.025235
0.025273
0.025328
0.025328
0.025285
0.025320
0.025320
0.025320
0.025320
0.025320
0.025317
0.025317
0.025317
0.025317
0.025317
0.025304
0.025304
0.025304
0.025270
0.025270
0.025270
0.025288
0.025288
0.025263
0.025263
0.025263
0.025295
0.025295
0.025295
0.025295
0.025295
0.025320
0.025320
0.025320
0.025320
0.025320
0.025320
0.025320
0.025320
0.025320
0.025356
0.025356
0.025356
0.025394
0.025426
0.025426
0.025384
0.025384
0.025384
0.025384
0.025384
0.025384
0.025384
0.025384
0.025384
0.025384
0.025384
0.025384
0.025453
0.025453
0.025446
0.025446
0.025446
0.025446
0.025446
0.025446
0.025479
0.025479
0.025512
0.025512
0.025512
0.025512
0.025512
0.025512
0.025470
0.025508
0.025524
0.025524
0.025524
0.025524
0.025524
0.025524
0.025524
0.025524
0.025524
0.025561
0.025594
0.025597
0.025597
0.025597
0.025597
0.025597
0.025597
0.025597
0.025560
0.025560
0.025680
0.025680
0.025680
0.025680
0.025680
0.025707
0.025665
0.025665
0.025665
0.025665
0.025665
0.025665
0.025665
0.025665
0.025665
0.025699
0.025699
0.025699
0.025699
0.025699
0.025699
0.025737
0.025737
0.025737
0.025737
0.025737
0.025737
0.025737
0.025737
0.025737
0.025737
0.025737
0.025773
0.025773
0.025773
0.025773
0.025773
0.025773
0.025737
0.025737
0.025737
0.025737
0.025771
0.025807
0.025807
0.025807
0.025807
0.025766
0.025794
0.025832
0.025832
0.025832
0.025832
0.025832
0.025832
0.025832
0.025832
0.025832
0.025832
0.025832
0.025832
0.025866
0.025866
0.025866
0.025866
0.025866
0.025866
0.025866
0.025866
0.025866
0.025866
0.025866
0.025866
0.025866
0.025866
0.025866
0.025866
0.025866
0.025866
0.025866
0.025866
0.025866
0.025866
0.025866
0.025866
0.025866
0.025902
0.025873
0.025873
0.025907
0.025866
0.025906
0.025906
0.025906
0.025906
0.025906
0.025906
0.025906
0.025906
0.025906
0.025906
0.025906
0.025906
0.025906
0.025906
0.025935
0.025935
0.025935
0.025935
0.025935
0.025906
0.025906
0.025906
0.025906
0.025906
0.025906
0.025906
0.025935
0.025935
0.025935
0.025935
0.025935
0.025935
0.025935
0.025935
0.025969
0.025969
0.025969
0.025969
0.025969
0.025969
0.025969
0.025969
0.025969
0.025969
0.025969
0.025969
0.025969
0.025969
0.025969
0.025969
0.025969
0.026005
0.026005
0.026005
0.026005
0.026005
0.025965
0.025965
0.026005
0.026005
0.026005
0.026005
0.026045
0.026045
0.026045
0.026079
0.026079
0.026039
0.026039
0.026039
0.026039
0.026039
0.026039
0.026039
0.026039
0.026039
0.026039
0.026039
0.025996
0.025996
0.025996
0.025996
0.025996
0.025996
0.025996
0.025996
0.025996
0.025996
0.025996
0.025996
0.025996
0.025996
0.025996
0.025996
0.025996
0.025996
0.025996
0.025996
0.025996
0.025996
0.025996
0.025996
0.025996
0.025996
0.025996
0.026031
0.026031
0.026031
0.026031
0.026031
0.026031
0.026031
0.026031
0.026031
0.026031
0.026031
0.026072
0.026072
0.026072
0.026072
0.026072
0.026072
0.026107
0.026107
0.026107
0.026107
0.026107
0.026107
0.026153
0.026153
0.026117
0.026117
0.026117
0.026117
0.026153
0.026153
0.026153
0.026153
0.026153
0.026182
0.026182
0.026182
0.026182
0.026182
0.026182
0.026182
0.026153
0.026187
0.026187
0.026187
0.026187
0.026187
0.026217
0.026178
0.026178
0.026178
0.026178
0.026178
0.026178
0.026178
0.026178
0.026178
0.026178
0.026178
0.026178
0.026178
0.026178
0.026178
0.026178
0.026178
0.026178
0.026178
0.026178
0.026178
0.026178
0.026178
0.026178
0.026178
0.026178
0.026178
0.026178
0.026219
0.026219
0.026219
0.026219
0.026219
0.026219
0.026219
0.026219
0.026219
0.026219
0.026254
0.026254
0.026254
0.026254
0.026254
0.026254
0.026254
0.026254
0.026254
0.026254
0.026254
0.026254
0.026254
0.026254
0.026254
0.026254
0.026254
0.026254
0.026254
0.026254
0.026254
0.026254
0.026254
0.026254
0.026254
0.026254
0.026254
0.026254
0.026254
0.026254
0.026254
0.026254
0.026254
0.026254
0.026254
0.026254
0.026254
0.026254
0.026254
0.026254
0.026254
0.026254
0.026254
0.026254
0.026289
0.026254
0.026254
0.026254
0.026254
0.026254
0.026254
0.026254
0.026254
0.026254
0.026295
0.026295
0.026330
0.026365
0.026365
0.026365
0.026365
0.026365
0.026365
0.026365
0.026331
0.026331
0.026331
0.026331
0.026331
0.026365
0.026365
0.026365
0.026365
0.026365
0.026365
0.026365
0.026365
0.026365
0.026365
0.026365
0.026365
0.026365
0.026365
0.026365
0.026365
0.026365
0.026365
0.026365
0.026365
0.026365
0.026365
0.026365
0.026365
0.026365
0.026365
0.026365
0.026365
0.026365
0.026365
0.026365
0.026365
0.026365
0.026365
0.026365
0.026365
0.026365
0.026365
0.026365
0.026365
0.026365
0.026365
0.026365
0.026365
0.026365
0.026365
0.026365
0.026365
0.026365
0.026365
0.026365
0.026365
0.026365
0.026365
0.026365
0.026365
0.026406
0.026442
0.026442
0.026442
0.026442
0.026442
0.026442
0.026442
0.026442
0.026442
0.026442
0.026442
0.026442
0.026442
0.026442
0.026442
0.026442
0.026442
0.026442
0.026442
0.026403
0.026403
0.026403
0.026403
0.026403
0.026442
0.026442
0.026442
0.026442
0.026442
0.026442
0.026442
0.026442
0.026403
0.026403
0.026403
0.026403
0.026403
0.026403
0.026403
0.026442
0.026442
0.026442
0.026442
0.026442
0.026442
0.026403
0.026403
0.026403
0.026403
0.026403
0.026403
0.026403
0.026403
0.026403
0.026403
0.026403
0.026403
0.026403
0.026403
0.026403
0.026403
0.026403
0.026403
0.026403
0.026403
0.026445
0.026445
0.026445
0.026445
0.026445
0.026445
0.026445
0.026481
0.026481
0.026481
0.026481
0.026445
0.026445
0.026445
0.026445
0.026445
0.026445
0.026445
0.026481
0.026481
0.026527
0.026527
0.026527
0.026527
0.026527
0.026527
0.026527
0.026527
0.026527
0.026527
0.026527
0.026527
0.026527
0.026527
0.026527
0.026527
0.026527
0.026527
0.026527
0.026527
0.026527
0.026527
0.026527
0.026527
0.026527
0.026527
0.026527
0.026527
0.026527
0.026527
0.026527
0.026527
0.026527
0.026527
0.026527
0.026527
0.026527
0.026527
0.026527
0.026527
0.026527
0.026527
0.026527
0.026527
0.026527
0.026527
0.026569
0.026569
0.026569
0.026569
0.026569
0.026569
0.026569
0.026569
0.026569
0.026569
0.026569
0.026569
0.026569
0.026569
0.026569
0.026569
0.026569
0.026569
0.026569
0.026569
0.026569
0.026569
0.026569
0.026569
0.026569
0.026569
0.026569
0.026569
0.026569
0.026569
0.026569
0.026569
0.026569
0.026569
0.026569
0.026569
0.026569
0.026605
0.026605
0.026605
0.026605
0.026605
0.026605
0.026605
0.026605
0.026605
0.026605
0.026605
0.026605
0.026605
0.026605
0.026605
0.026580
0.026605
0.026605
0.026605
0.026605
0.026605
0.026605
0.026605
0.026605
0.026580
0.026580
0.026580
0.026580
0.026580
0.026580
0.026580
0.026622
0.026622
0.026622
0.026622
0.026622
0.026622
0.026622
0.026622
0.026622
0.026622
0.026622
0.026622
0.026622
0.026622
0.026622
0.026622
0.026622
0.026622
0.026622
0.026622
0.026622
0.026589
0.026589
0.026589
0.026622
0.026622
0.026622
0.026622
0.026622
0.026622
0.026580
0.026580
0.026580
0.026546
0.026546
0.026546
0.026546
0.026546
0.026546
0.026580
0.026580
0.026580
0.026580
0.026580
0.026580
0.026580
0.026546
0.026546
0.026546
0.026546
0.026546
0.026546
0.026546
0.026546
0.026580
0.026580
0.026580
0.026580
0.026546
0.026546
0.026546
0.026546
0.026546
0.026546
0.026546
0.026546
0.026546
0.026589
0.026626
0.026626
0.026626
0.026626
0.026626
0.026626
0.026589
0.026589
0.026589
0.026589
0.026589
0.026589
0.026626
0.026626
0.026626
0.026626
0.026626
0.026626
0.026626
0.026626
0.026626
0.026626
0.026626
0.026626
0.026626
0.026626
0.026626
0.026626
0.026626
0.026626
0.026626
0.026626
0.026626
0.026626
0.026626
0.026626
0.026626
0.026626
0.026626
0.026626
0.026626
0.026626
0.026626
0.026626
0.026626
0.026626
0.026626
0.026626
0.026626
0.026626
0.026626
0.026626
0.026626
0.026626
0.026626
0.026626
0.026626
0.026626
0.026626
0.026626
0.026626
0.026626
0.026626
0.026626
0.026669
0.026626
0.026626
0.026626
0.026626
0.026669
0.026669
0.026669
0.026669
0.026669
0.026669
0.026669
0.026669
0.026669
0.026669
0.026669
0.026669
0.026669
0.026645
0.026645
0.026645
0.026645
0.026669
0.026669
0.026669
0.026669
0.026669
0.026669
0.026669
0.026645
0.026645
0.026645
0.026645
0.026645
0.026645
0.026645
0.026645
0.026645
0.026645
0.026645
0.026645
0.026645
0.026645
0.026645
0.026645
0.026645
0.026645
0.026645
0.026682
0.026682
0.026682
0.026682
0.026682
0.026682
0.026645
0.026645
0.026645
0.026645
0.026645
0.026645
0.026682
0.026682
0.026682
0.026682
0.026682
0.026682
0.026682
0.026682
0.026682
0.026682
0.026682
0.026682
0.026682
0.026682
0.026682
0.026682
0.026682
0.026682
0.026682
0.026682
0.026644
0.026644
0.026644
0.026644
0.026644
0.026682
0.026682
0.026682
0.026682
0.026682
0.026682
0.026682
0.026682
0.026644
0.026644
0.026644
0.026644
0.026644
0.026644
0.026644
0.026682
0.026682
0.026682
0.026682
0.026682
0.026682
0.026682
0.026644
0.026644
0.026644
0.026644
0.026644
0.026644
0.026644
0.026682
0.026682
0.026682
0.026682
0.026682
0.026682
0.026644
0.026644
0.026644
0.026644
0.026644
0.026644
0.026644
0.026644
0.026644
0.026682
0.026682
0.026682
0.026682
0.026682
0.026644
0.026644
0.026644
0.026644
0.026687
0.026687
0.026687
0.026687
0.026644
0.026644
0.026644
0.026644
0.026644
0.026687
0.026687
0.026687
0.026687
0.026687
0.026687
0.026687
0.026687
0.026687
0.026687
0.026655
0.026687
0.026687
0.026687
0.026687
0.026687
0.026687
0.026687
0.026687
0.026687
0.026655
0.026655
0.026655
0.026632
0.026632
0.026632
0.026665
0.026665
0.026665
0.026665
0.026665
0.026687
0.026687
0.026632
0.026632
0.026632
0.026632
0.026632
0.026632
0.026632
0.026670
0.026702
0.026702
0.026702
0.026702
0.026702
0.026670
0.026632
0.026632
0.026632
0.026632
0.026632
0.026632
0.026670
0.026670
0.026670
0.026670
0.026670
0.026670
0.026670
