1.742486
1.590002
1.451424
1.358411
1.309245
1.288889
1.282405
1.282742
1.282822
1.282070
1.280771
1.279352
1.278127
1.277121
1.276139
1.275367
1.274182
1.272623
1.271047
1.269427
1.267661
1.265990
1.264126
1.262212
1.260457
1.258569
1.256743
1.254528
1.252599
1.250815
1.248892
1.247201
1.245387
1.243767
1.241996
1.240340
1.238319
1.236523
1.234621
1.232753
1.230808
1.228821
1.227072
1.225408
1.223931
1.222495
1.221526
1.220223
1.218275
1.216363
1.213883
1.211603
1.209057
1.206965
1.204940
1.202742
1.201252
1.199511
1.197698
1.196095
1.194595
1.192716
1.190948
1.189483
1.187696
1.185909
1.184566
1.183091
1.181179
1.179347
1.177937
1.176126
1.174148
1.172179
1.170739
1.168570
1.166718
1.164995
1.163107
1.160734
1.158214
1.155995
1.153380
1.150937
1.148429
1.145977
1.143263
1.140455
1.137782
1.135046
1.132205
1.129333
1.126500
1.123636
1.120841
1.117848
1.114887
1.111681
1.108236
1.104718
1.101189
1.097595
1.094031
1.090557
1.087009
1.083357
1.079679
1.076356
1.072787
1.069102
1.065469
1.061917
1.058452
1.054822
1.051522
1.047769
1.044221
1.040494
1.036868
1.033328
1.029755
1.026073
1.022426
1.018742
1.015062
1.011462
1.007713
1.004154
1.000458
0.996902
0.993306
0.989642
0.986103
0.982485
0.978958
0.975474
0.971911
0.968194
0.964606
0.961079
0.957688
0.954177
0.950642
0.947269
0.943706
0.940184
0.936789
0.933252
0.929679
0.926150
0.922632
0.919146
0.915787
0.912372
0.908913
0.905532
0.902137
0.898689
0.895489
0.892170
0.889220
0.886223
0.883259
0.880485
0.877690
0.874847
0.872197
0.869418
0.866661
0.863594
0.860840
0.858002
0.855331
0.852590
0.849597
0.847109
0.844622
0.841990
0.839596
0.837176
0.834853
0.832148
0.829681
0.827479
0.824912
0.822548
0.820349
0.818063
0.815613
0.813305
0.810965
0.808663
0.806497
0.804336
0.802253
0.799843
0.797536
0.795259
0.793071
0.790904
0.788660
0.786724
0.784478
0.782276
0.780009
0.777851
0.775794
0.773657
0.771374
0.769343
0.767277
0.765177
0.762955
0.760675
0.758672
0.756579
0.754468
0.752396
0.750313
0.748180
0.746175
0.743942
0.741900
0.739878
0.737636
0.735687
0.733853
0.731970
0.729934
0.728020
0.726226
0.724324
0.722525
0.720718
0.718915
0.716911
0.715003
0.713108
0.711061
0.709021
0.707279
0.705309
0.703315
0.701356
0.699286
0.697426
0.695467
0.693500
0.691519
0.689661
0.687558
0.685433
0.683607
0.681795
0.679829
0.678108
0.676188
0.674403
0.672526
0.670655
0.668760
0.666902
0.665083
0.663249
0.661376
0.659606
0.657643
0.655790
0.653854
0.651966
0.649979
0.648121
0.646338
0.644446
0.642767
0.640931
0.639068
0.637382
0.635652
0.633888
0.632071
0.630318
0.628762
0.627191
0.625392
0.623277
0.621351
0.619339
0.617409
0.615445
0.613581
0.611573
0.609930
0.608001
0.606298
0.604433
0.602574
0.600885
0.598882
0.597054
0.595463
0.593456
0.591717
0.589847
0.588243
0.586607
0.584600
0.583045
0.581423
0.579476
0.577727
0.576269
0.574286
0.572457
0.570925
0.569122
0.567289
0.565620
0.564039
0.562497
0.560604
0.558992
0.557407
0.556151
0.554301
0.552755
0.551584
0.550685
0.549429
0.548052
0.546971
0.545810
0.544783
0.543512
0.541966
0.540801
0.539730
0.538554
0.536805
0.535340
0.533923
0.532625
0.531498
0.529853
0.528413
0.526794
0.525408
0.524330
0.523203
0.521702
0.519881
0.517788
0.516037
0.514682
0.513282
0.511636
0.509759
0.508008
0.506312
0.504930
0.503375
0.501325
0.499205
0.497090
0.495001
0.493240
0.491670
0.489862
0.487788
0.485767
0.483695
0.482009
0.480474
0.478763
0.476957
0.474915
0.472850
0.470915
0.469294
0.467629
0.466143
0.464275
0.462202
0.460086
0.458012
0.456087
0.454391
0.452774
0.450740
0.448627
0.446346
0.444341
0.442637
0.440917
0.439397
0.437561
0.435575
0.433551
0.431576
0.429904
0.428651
0.427242
0.425490
0.423570
0.421602
0.419896
0.418183
0.416802
0.415498
0.414012
0.412437
0.410835
0.409321
0.408114
0.406800
0.405476
0.404220
0.402870
0.401446
0.399907
0.398513
0.397261
0.395994
0.394687
0.393327
0.392155
0.390919
0.389637
0.388455
0.386991
0.385765
0.384441
0.383227
0.382025
0.380949
0.379943
0.378738
0.377715
0.376542
0.375315
0.374301
0.373178
0.372025
0.371059
0.369913
0.368793
0.367620
0.366593
0.365548
0.364475
0.363404
0.362350
0.361291
0.360407
0.359449
0.358610
0.357765
0.357032
0.355955
0.355091
0.354061
0.352786
0.351851
0.350849
0.349800
0.348808
0.347892
0.346789
0.345768
0.344716
0.343812
0.342751
0.341731
0.340814
0.339757
0.338757
0.337951
0.337227
0.336312
0.335528
0.334463
0.333517
0.332667
0.331583
0.330494
0.329618
0.328662
0.327727
0.326990
0.326134
0.325296
0.324373
0.323440
0.322597
0.321859
0.321008
0.320135
0.319201
0.318377
0.317573
0.316625
0.315843
0.315144
0.314374
0.313418
0.312475
0.311648
0.310830
0.310061
0.309273
0.308452
0.307602
0.306954
0.306078
0.305368
0.304831
0.304041
0.303473
0.302868
0.302340
0.301616
0.300916
0.300385
0.299632
0.299078
0.298397
0.297612
0.296903
0.296540
0.296187
0.295934
0.295696
0.295675
0.295536
0.295346
0.295337
0.295191
0.294930
0.294884
0.294621
0.294432
0.294341
0.294133
0.293992
0.293901
0.293779
0.293414
0.292841
0.292185
0.291608
0.291181
0.290902
0.290561
0.290470
0.290230
0.290246
0.290195
0.290203
0.289953
0.289878
0.289743
0.289587
0.289336
0.288632
0.288015
0.287362
0.286819
0.286520
0.286227
0.285975
0.285762
0.285690
0.285610
0.285575
0.285427
0.285246
0.285049
0.285000
0.284818
0.284611
0.284288
0.283511
0.283081
0.282251
0.281680
0.280906
0.280350
0.279793
0.279484
0.279316
0.279032
0.279023
0.278965
0.278709
0.278587
0.278411
0.278187
0.277967
0.277602
0.277288
0.276712
0.276066
0.275516
0.275005
0.274401
0.273914
0.273584
0.273145
0.272898
0.272545
0.272285
0.272029
0.271794
0.271594
0.271299
0.270949
0.270810
0.270388
0.269893
0.269475
0.269130
0.268584
0.268249
0.267681
0.267260
0.266738
0.266464
0.266196
0.265939
0.265719
0.265415
0.265224
0.265004
0.264608
0.264430
0.264070
0.263838
0.263421
0.263226
0.262947
0.262775
0.262521
0.262175
0.261971
0.261553
0.261276
0.261081
0.260886
0.260579
0.260395
0.260290
0.260113
0.259673
0.259314
0.258864
0.258243
0.257913
0.257503
0.257281
0.257076
0.257012
0.256956
0.256936
0.257091
0.256952
0.256810
0.256533
0.256326
0.256300
0.256220
0.256293
0.256696
0.256858
0.256970
0.256933
0.256754
0.256393
0.255779
0.255131
0.254528
0.253733
0.252644
0.251796
0.250701
0.249772
0.248685
0.247864
0.246889
0.245899
0.244700
0.243722
0.242887
0.241894
0.240851
0.239930
0.238962
0.238224
0.237191
0.236320
0.235314
0.234273
0.233257
0.232272
0.231278
0.230386
0.229386
0.228521
0.227412
0.226402
0.225435
0.224456
0.223491
0.222515
0.221864
0.220861
0.219934
0.218960
0.218017
0.217145
0.216087
0.215088
0.214104
0.213155
0.212045
0.211216
0.210188
0.209189
0.208227
0.207339
0.206309
0.205415
0.204282
0.203423
0.202524
0.201772
0.200746
0.199899
0.198901
0.197797
0.196719
0.195730
0.194599
0.193657
0.192668
0.191817
0.191320
0.190673
0.190073
0.189448
0.188508
0.187712
0.186833
0.185896
0.184890
0.183925
0.183096
0.182186
0.181323
0.180236
0.179110
0.178127
0.177197
0.176197
0.175161
0.174020
0.172861
0.171954
0.170995
0.170181
0.169240
0.168359
0.167530
0.166778
0.166079
0.165245
0.164619
0.163820
0.162879
0.161787
0.160678
0.159750
0.158818
0.157636
0.156633
0.155493
0.154438
0.153300
0.152282
0.151144
0.150126
0.149054
0.147997
0.146972
0.145955
0.144939
0.143944
0.142888
0.141879
0.140800
0.139836
0.138757
0.137750
0.136754
0.135813
0.135035
0.134019
0.133047
0.132245
0.131374
0.130461
0.129422
0.128497
0.127572
0.126815
0.125886
0.125063
0.124153
0.123285
0.122395
0.121585
0.120627
0.119803
0.118949
0.118094
0.117326
0.116582
0.115743
0.114887
0.114215
0.113361
0.112498
0.111717
0.110994
0.110178
0.109452
0.108628
0.108176
0.107511
0.106732
0.106000
0.105311
0.104450
0.103767
0.103053
0.102282
0.101531
0.100724
0.100019
0.099347
0.098736
0.098057
0.097423
0.096641
0.095967
0.095163
0.094508
0.093813
0.093124
0.092365
0.091723
0.090987
0.090343
0.089621
0.088879
0.088260
0.087822
0.087293
0.086659
0.086002
0.085280
0.084606
0.083911
0.083223
0.082459
0.081806
0.081200
0.080574
0.079918
0.079311
0.078710
0.078088
0.077402
0.077012
0.076451
0.075931
0.075370
0.074723
0.074191
0.073529
0.073059
0.072426
0.071948
0.071392
0.070703
0.070221
0.069843
0.069404
0.068918
0.068367
0.067835
0.067385
0.066849
0.066291
0.065971
0.065580
0.065126
0.064596
0.064156
0.063674
0.063260
0.062714
0.062254
0.061850
0.061339
0.060967
0.060494
0.060062
0.059614
0.059143
0.058776
0.058332
0.057905
0.057507
0.057097
0.056748
0.056534
0.056194
0.055957
0.055547
0.055203
0.054821
0.054499
0.054076
0.053740
0.053410
0.053066
0.052673
0.052310
0.051990
0.051666
0.051346
0.050983
0.050724
0.050388
0.050109
0.049789
0.049508
0.049215
0.048966
0.048639
0.048478
0.048227
0.048035
0.047799
0.047516
0.047226
0.046970
0.046688
0.046452
0.046210
0.045870
0.045691
0.045390
0.045179
0.044940
0.044776
0.044529
0.044419
0.044176
0.043900
0.043665
0.043574
0.043342
0.043226
0.043010
0.042866
0.042617
0.042489
0.042304
0.042028
0.041810
0.041667
0.041540
0.041251
0.041135
0.040969
0.040805
0.040563
0.040456
0.040389
0.040170
0.040072
0.039915
0.039800
0.039694
0.039549
0.039392
0.039217
0.039014
0.038832
0.038730
0.038558
0.038399
0.038280
0.038099
0.037992
0.037926
0.037780
0.037643
0.037666
0.037476
0.037375
0.037241
0.037179
0.037081
0.036882
0.036794
0.036706
0.036599
0.036427
0.036277
0.036214
0.036157
0.036021
0.035890
0.035849
0.035785
0.035700
0.035512
0.035400
0.035393
0.035262
0.035197
0.035083
0.034992
0.034930
0.034855
0.034846
0.034722
0.034634
0.034517
0.034448
0.034388
0.034349
0.034177
0.034159
0.034097
0.034055
0.033970
0.033919
0.033796
0.033710
0.033637
0.033567
0.033567
0.033420
0.033386
0.033250
0.033250
0.033141
0.033109
0.033034
0.032980
0.032895
0.032849
0.032849
0.032876
0.032838
0.032838
0.032724
0.032724
0.032638
0.032545
0.032511
0.032511
0.032378
0.032378
0.032343
0.032264
0.032232
0.032227
0.032099
0.032099
0.032099
0.032004
0.031934
0.031899
0.031855
0.031821
0.031806
0.031762
0.031723
0.031641
0.031569
0.031553
0.031587
0.031595
0.031480
0.031480
0.031480
0.031371
0.031371
0.031369
0.031371
0.031292
0.031227
0.031237
0.031213
0.031170
0.031170
0.031170
0.031170
0.031128
0.031128
0.031136
0.031115
0.031044
0.030963
0.030963
0.030925
0.030878
0.030837
0.030799
0.030799
0.030749
0.030752
0.030711
0.030749
0.030727
0.030690
0.030690
0.030638
0.030645
0.030615
0.030538
0.030534
0.030535
0.030535
0.030535
0.030515
0.030430
0.030404
0.030351
0.030351
0.030351
0.030316
0.030351
0.030395
0.030342
0.030313
0.030313
0.030313
0.030304
0.030218
0.030180
0.030117
0.030117
0.030126
0.030098
0.030098
0.030123
0.030087
0.030134
0.030086
0.030042
0.030075
0.030068
0.030080
0.030018
0.029985
0.029946
0.029946
0.029959
0.029959
0.029932
0.029957
0.029923
0.029929
0.029929
0.029929
0.029929
0.029903
0.029893
0.029834
0.029800
0.029767
0.029754
0.029771
0.029731
0.029756
0.029764
0.029800
0.029816
0.029784
0.029784
0.029758
0.029779
0.029779
0.029756
0.029756
0.029756
0.029695
0.029684
0.029620
0.029680
0.029715
0.029736
0.029714
0.029685
0.029659
0.029694
0.029715
0.029715
0.029687
0.029687
0.029687
0.029612
0.029612
0.029637
0.029637
0.029612
0.029620
0.029620
0.029611
0.029571
0.029545
0.029570
0.029570
0.029528
0.029528
0.029494
0.029494
0.029478
0.029464
0.029482
0.029482
0.029482
0.029508
0.029444
0.029444
0.029444
0.029411
0.029411
0.029457
0.029457
0.029457
0.029490
0.029450
0.029445
0.029445
0.029429
0.029429
0.029429
0.029394
0.029360
0.029359
0.029389
0.029389
0.029409
0.029409
0.029406
0.029402
0.029402
0.029352
0.029383
0.029383
0.029391
0.029360
0.029364
0.029364
0.029327
0.029327
0.029342
0.029332
0.029330
0.029361
0.029361
0.029360
0.029360
0.029317
0.029362
0.029399
0.029366
0.029365
0.029357
0.029357
0.029359
0.029402
0.029435
0.029398
0.029361
0.029361
0.029361
0.029361
0.029361
0.029349
0.029338
0.029338
0.029338
0.029338
0.029381
0.029381
0.029349
0.029312
0.029292
0.029292
0.029292
0.029288
0.029299
0.029267
0.029267
0.029304
0.029287
0.029287
0.029287
0.029257
0.029292
0.029292
0.029291
0.029291
0.029261
0.029261
0.029261
0.029278
0.029278
0.029278
0.029249
0.029249
0.029249
0.029251
0.029251
0.029251
0.029222
0.029247
0.029247
0.029247
0.029247
0.029212
0.029185
0.029185
0.029188
0.029234
0.029234
0.029176
0.029211
0.029211
0.029211
0.029211
0.029246
0.029220
0.029220
0.029226
0.029226
0.029226
0.029226
0.029201
0.029201
0.029201
0.029201
0.029203
0.029193
0.029201
0.029201
0.029201
0.029201
0.029201
0.029139
0.029139
0.029139
0.029139
0.029139
0.029149
0.029127
0.029127
0.029127
0.029127
0.029127
0.029127
0.029106
0.029106
0.029106
0.029100
0.029112
0.029112
0.029092
0.029060
0.029060
0.029060
0.029060
0.029095
0.029077
0.029077
0.029123
0.029123
0.029123
0.029123
0.029106
0.029106
0.029074
0.029028
0.029028
0.029028
0.029027
0.029027
0.029021
0.029021
0.029021
0.029021
0.029006
0.029006
0.029006
0.029006
0.029023
0.029023
0.029009
0.029044
0.029044
0.029044
0.029044
0.029044
0.029044
0.029050
0.029050
0.029050
0.029050
0.029050
0.029050
0.029039
0.029039
0.029039
0.029039
0.029096
0.029113
0.029104
0.029104
0.029104
0.029104
0.029104
0.029104
0.029104
0.029118
0.029118
0.029118
0.029070
0.029070
0.029070
0.029063
0.029063
0.029063
0.029063
0.029087
0.029087
0.029082
0.029082
0.029082
0.029082
0.029082
0.029082
0.029082
0.029104
0.029104
0.029104
0.029091
0.029091
0.029091
0.029089
0.029089
0.029089
0.029089
0.029116
0.029122
0.029122
0.029122
0.029122
0.029122
0.029079
0.029079
0.029076
0.029105
0.029105
0.029105
0.029105
0.029143
0.029186
0.029186
0.029189
0.029189
0.029189
0.029218
0.029218
0.029175
0.029175
0.029179
0.029179
0.029179
0.029201
0.029244
0.029274
0.029279
0.029279
0.029311
0.110311
0.110311
0.110311
0.110318
0.110284
0.110284
0.110365
0.110365
0.110365
0.110365
0.110240
0.110077
0.109832
0.109586
0.109389
0.109144
0.108941
0.108696
0.108497
0.108252
0.108006
0.107761
0.107575
0.107330
0.107085
0.106875
0.106664
0.106428
0.106196
0.105950
0.105754
0.105509
0.105264
0.105019
0.104788
0.104543
0.104298
0.104088
0.103843
0.103598
0.103368
0.103123
0.102889
0.102644
0.102400
0.102204
0.102171
0.102073
0.101829
0.101633
0.101435
0.101191
0.100964
0.100719
0.100475
0.100210
0.099966
0.099722
0.099497
0.099253
0.099020
0.098776
0.098532
0.098288
0.098112
0.097869
0.097771
0.097625
0.097490
0.097246
0.097024
0.096780
0.096548
0.096305
0.096062
0.095852
0.095609
0.095463
0.095280
0.095086
0.094891
0.094710
0.094467
0.094257
0.094063
0.093869
0.093638
0.093420
0.093238
0.092996
0.092766
0.092573
0.092330
0.092126
0.091933
0.091704
0.091462
0.091281
0.091040
0.090876
0.090683
0.090455
0.090213
0.090034
0.089765
0.089564
0.089372
0.089144
0.088917
0.088725
0.088498
0.088286
0.088087
0.087847
0.087621
0.087429
0.087203
0.087018
0.086855
0.086630
0.086391
0.086214
0.085951
0.085680
0.085534
0.085295
0.085071
0.084896
0.084710
0.084535
0.084297
0.084106
0.083931
0.083693
0.083472
0.083298
0.083028
0.082844
0.082671
0.082499
0.082279
0.082090
0.081910
0.081723
0.081464
0.081245
0.081060
0.080834
0.080616
0.080386
0.080216
0.079965
0.079811
0.079594
0.079378
0.079224
0.079008
0.078775
0.078569
0.078354
0.078121
0.077919
0.077705
0.077510
0.077412
0.077181
0.076968
0.076802
0.076571
0.076360
0.076176
0.075927
0.075717
0.075508
0.075333
0.075110
0.074901
0.074672
0.074547
0.074340
0.074112
0.073951
0.073723
0.073517
0.073377
0.073171
0.072945
0.072754
0.072550
0.072325
0.072167
0.071942
0.071740
0.071599
0.071435
0.071211
0.071056
0.070871
0.070603
0.070426
0.070194
0.069973
0.069820
0.069600
0.069380
0.069228
0.069053
0.068896
0.068691
0.068498
0.068281
0.068171
0.067917
0.067658
0.067510
0.067254
0.067065
0.066893
0.066651
0.066507
0.066337
0.066151
0.065939
0.065770
0.065586
0.065376
0.065166
0.064999
0.064747
0.064539
0.064443
0.064276
0.064142
0.063977
0.063772
0.063570
0.063407
0.063204
0.063002
0.062870
0.062702
0.062502
0.062372
0.062148
0.061949
0.061822
0.061625
0.061429
0.061273
0.061076
0.060921
0.060741
0.060626
0.060472
0.060357
0.060205
0.060123
0.060009
0.059835
0.059722
0.059571
0.059459
0.059347
0.059199
0.059125
0.059014
0.058844
0.058734
0.058625
0.058479
0.058370
0.058226
0.058118
0.057989
0.057846
0.057740
0.057563
0.057457
0.057352
0.057212
0.057087
0.056871
0.056768
0.056630
0.056491
0.056355
0.056217
0.056062
0.055925
0.055791
0.055654
0.055484
0.055472
0.055303
0.055167
0.054981
0.054814
0.054679
0.054513
0.054347
0.054213
0.054049
0.053828
0.053696
0.053533
0.053331
0.053199
0.052998
0.052837
0.052621
0.052451
0.052251
0.052093
0.051924
0.051725
0.051528
0.051275
0.051107
0.050910
0.050714
0.050506
0.050311
0.050075
0.049894
0.049659
0.049377
0.049169
0.048977
0.048770
0.048523
0.048316
0.048083
0.047834
0.047628
0.047395
0.047146
0.046966
0.046760
0.046486
0.046281
0.045995
0.045705
0.045500
0.045267
0.045062
0.044814
0.044628
0.044423
0.044200
0.043995
0.043763
0.043584
0.043360
0.043181
0.042958
0.042778
0.042623
0.042392
0.042212
0.042058
0.041878
0.041680
0.041541
0.041387
0.041226
0.041071
0.040917
0.040763
0.040608
0.040454
0.040295
0.040184
0.040030
0.039877
0.039723
0.039664
0.039511
0.039397
0.039271
0.039160
0.039035
0.038924
0.038841
0.038687
0.038605
0.038523
0.038413
0.038331
0.038210
0.038100
0.038019
0.037939
0.037859
0.037789
0.037710
0.037632
0.037554
0.037476
0.037438
0.037329
0.037252
0.037173
0.037097
0.037061
0.036986
0.036912
0.036875
0.036838
0.036765
0.036732
0.036659
0.036623
0.036588
0.036552
0.036482
0.036451
0.036417
0.036382
0.036313
0.036279
0.036245
0.036249
0.036221
0.036188
0.036156
0.036123
0.036090
0.036058
0.036034
0.036002
0.035970
0.036019
0.036026
0.036026
0.036004
0.035974
0.035944
0.035914
0.035884
0.035884
0.035865
0.035876
0.035848
0.035848
0.035819
0.035791
0.035775
0.035775
0.035747
0.035720
0.035720
0.035747
0.035721
0.035721
0.035695
0.035669
0.035669
0.035657
0.035657
0.035675
0.035650
0.035641
0.035616
0.035631
0.035574
0.035550
0.035550
0.035527
0.035589
0.035566
0.035566
0.035543
0.035586
0.035580
0.035558
0.035591
0.035569
0.035569
0.035515
0.035489
0.035468
0.035468
0.035447
0.035447
0.035446
0.035489
0.035469
0.035469
0.035449
0.035424
0.035404
0.035404
0.035385
0.035385
0.035388
0.035388
0.035369
0.035369
0.035351
0.035373
0.035397
0.035318
0.035301
0.035301
0.035284
0.035307
0.035322
0.035322
0.035322
0.035306
0.035283
0.035267
0.035267
0.035252
0.035220
0.035230
0.035188
0.035173
0.035126
0.035111
0.035111
0.035155
0.035155
0.035094
0.035094
0.035081
0.035107
0.035095
0.035063
0.035002
0.035040
0.034987
0.035015
0.034955
0.034955
0.034976
0.034976
0.034917
0.034946
0.034936
0.034936
0.034845
0.034845
0.034835
0.034835
0.034807
0.034807
0.034799
0.034749
0.034741
0.034773
0.034747
0.034747
0.034716
0.034740
0.034614
0.034614
0.034558
0.034590
0.034590
0.034534
0.034576
0.034571
0.034521
0.034516
0.034548
0.034471
0.034471
0.034418
0.034441
0.034438
0.034352
0.034383
0.034333
0.034331
0.034331
0.034238
0.034238
0.034164
0.034164
0.034148
0.034148
0.034148
0.034087
0.034087
0.034039
0.034039
0.033991
0.034026
0.033978
0.033978
0.033978
0.033908
0.033908
0.033862
0.033828
0.033779
0.033806
0.033793
0.033798
0.033749
0.033749
0.033754
0.033705
0.033712
0.033606
0.033606
0.033565
0.033602
0.033561
0.033561
0.033512
0.033544
0.033496
0.033464
0.033474
0.033425
0.033425
0.033388
0.033364
0.033354
0.033366
0.033287
0.033329
0.033293
0.033293
0.033317
0.033269
0.033283
0.033235
0.033205
0.033173
0.033173
0.033102
0.033102
0.033158
0.033111
0.033082
0.033036
0.033053
0.033030
0.033027
0.033027
0.032999
0.032999
0.032925
0.032925
0.032921
0.032876
0.032876
0.032831
0.032804
0.032824
0.032780
0.032803
0.032759
0.032759
0.032822
0.032753
0.032778
0.032711
0.032711
0.032711
0.032692
0.032692
0.032667
0.032624
0.032624
0.032647
0.032605
0.032630
0.032606
0.032564
0.032564
0.032474
0.032474
0.032474
0.032409
0.032437
0.032437
0.032396
0.032396
0.032419
0.032397
0.032357
0.032357
0.032357
0.032317
0.032323
0.032302
0.032263
0.032263
0.032263
0.032225
0.032266
0.032246
0.032246
0.032231
0.032231
0.032231
0.032194
0.032174
0.032151
0.032151
0.032072
0.032105
0.032105
0.032086
0.032050
0.032050
0.032050
0.032074
0.032038
0.032021
0.031998
0.031998
0.031963
0.031963
0.031963
0.031946
0.031912
0.031912
0.031912
0.031912
0.031878
0.031863
0.031889
0.031889
0.031889
0.031820
0.031806
0.031803
0.031803
0.031770
0.031770
0.031770
0.031732
0.031732
0.031700
0.031744
0.031744
0.031782
0.031770
0.031739
0.031695
0.031695
0.031609
0.031609
0.031561
0.031530
0.031530
0.031530
0.031574
0.031603
0.031572
0.031572
0.031572
0.031572
0.031572
0.031520
0.031490
0.031490
0.031452
0.031414
0.031414
0.031489
0.031429
0.031460
0.031460
0.031460
0.031460
0.031454
0.031454
0.031386
0.031305
0.031305
0.031269
0.031269
0.031269
0.031351
0.031323
0.031323
0.031350
0.031337
0.031337
0.031337
0.031337
0.031278
0.031239
0.031239
0.031239
0.031239
0.031199
0.031150
0.031161
0.031161
0.031161
0.031161
0.031161
0.031161
0.031161
0.031059
0.031059
0.031032
0.031032
0.031034
0.031034
0.031034
0.031072
0.031032
0.031036
0.031010
0.031010
0.031010
0.031010
0.030972
0.030977
0.030977
0.030937
0.030937
0.030912
0.030918
0.030956
0.030956
0.030956
0.030956
0.030916
0.030923
0.030923
0.030885
0.030861
0.030861
0.030869
0.030869
0.030830
0.030830
0.030867
0.030867
0.030877
0.030877
0.030877
0.030853
0.030816
0.030787
0.030787
0.030813
0.030813
0.030813
0.030813
0.030825
0.030825
0.030863
0.030863
0.030863
0.030853
0.030853
0.030815
0.030815
0.030815
0.030830
0.030830
0.030791
0.030766
0.030766
0.030782
0.030819
0.030819
0.030796
0.030796
0.030813
0.030737
0.030737
0.030737
0.030737
0.030755
0.030755
0.030755
0.030755
0.030755
0.030774
0.030737
0.030737
0.030737
0.030737
0.030734
0.030734
0.030734
0.030734
0.030734
0.030756
0.030718
0.030718
0.030718
0.030718
0.030741
0.030741
0.030741
0.030741
0.030741
0.030741
0.030764
0.030764
0.030728
0.030706
0.030706
0.030730
0.030730
0.030755
0.030755
0.030755
0.030780
0.030780
0.030780
0.030780
0.030745
0.030771
0.030771
0.030771
0.030771
0.030771
0.030771
0.030798
0.030798
0.030798
0.030772
0.030732
0.030732
0.030726
0.030704
0.030704
0.030741
0.030741
0.030741
0.030740
0.030740
0.030733
0.030733
0.030733
0.030733
0.030762
0.030762
0.030762
0.030762
0.030661
0.030698
0.030698
0.030728
0.030728
0.030728
0.030691
0.030691
0.030722
0.030761
0.030792
0.030792
0.030763
0.030723
0.030686
0.030686
0.030686
0.030667
0.030667
0.030667
0.030707
0.030707
0.030707
0.030707
0.030707
0.030740
0.030730
0.030730
0.030730
0.030730
0.030730
0.030730
0.030730
0.030764
0.030764
0.030764
0.030730
0.030730
0.030730
0.030700
0.030700
0.030700
0.030700
0.030773
0.030773
0.030740
0.030740
0.030740
0.030703
0.030677
0.030677
0.030677
0.030677
0.030677
0.030682
0.030682
