1.584879
1.420864
1.268695
1.163584
1.106263
1.082224
1.075178
1.075883
1.076349
1.075768
1.074792
1.073910
1.073537
1.073198
1.073054
1.072696
1.071933
1.070908
1.069669
1.068535
1.067147
1.065795
1.064816
1.063887
1.063153
1.062212
1.061465
1.060300
1.059412
1.058391
1.057071
1.055364
1.053861
1.052130
1.050499
1.048800
1.046872
1.045097
1.043429
1.041936
1.040491
1.039075
1.037860
1.036961
1.036123
1.035301
1.034699
1.033882
1.033254
1.032748
1.032356
1.031784
1.031238
1.030610
1.030015
1.029235
1.028612
1.027881
1.027296
1.026677
1.026072
1.025503
1.024855
1.024415
1.023907
1.023163
1.022596
1.021893
1.021193
1.020538
1.020049
1.019405
1.019008
1.018468
1.017935
1.017360
1.016857
1.016409
1.015720
1.015082
1.014374
1.014120
1.013467
1.012926
1.012491
1.012068
1.011686
1.011194
1.010761
1.010152
1.009741
1.009160
1.008575
1.008221
1.007819
1.007447
1.006985
1.006451
1.006042
1.005593
1.005084
1.004625
1.004277
1.003868
1.003489
1.003069
1.002666
1.002384
1.002059
1.001791
1.001392
1.001231
1.000882
1.000653
1.000457
1.000380
0.999958
0.999517
0.999319
0.998943
0.998723
0.998219
0.997804
0.997347
0.997023
0.996675
0.996307
0.995881
0.995435
0.994943
0.994519
0.994063
0.993621
0.993265
0.992750
0.992371
0.991968
0.991480
0.991120
0.990786
0.990470
0.990186
0.989735
0.989365
0.988924
0.988529
0.988163
0.987706
0.987332
0.986877
0.986281
0.985696
0.985362
0.984901
0.984446
0.983912
0.983327
0.982844
0.982814
0.982553
0.982234
0.982101
0.981836
0.981657
0.981468
0.981073
0.980783
0.980431
0.980253
0.979977
0.980166
0.979831
0.979700
0.979709
0.979423
0.979247
0.978944
0.978609
0.978228
0.977913
0.977470
0.977284
0.976880
0.976550
0.976313
0.975999
0.975715
0.975500
0.975251
0.975079
0.974728
0.974359
0.974009
0.973957
0.973796
0.973652
0.973641
0.973807
0.973970
0.973971
0.973919
0.973795
0.973846
0.973919
0.973954
0.974255
0.974336
0.974569
0.974670
0.974806
0.974998
0.975207
0.975277
0.975263
0.975352
0.975421
0.975585
0.975740
0.975970
0.976222
0.976486
0.976799
0.977159
0.977398
0.977863
0.978350
0.978631
0.979069
0.979369
0.979881
0.980030
0.980300
0.980497
0.980669
0.980919
0.980990
0.981168
0.981302
0.981723
0.981952
0.982231
0.982748
0.983232
0.983891
0.984341
0.984983
0.985762
0.986135
0.986700
0.987155
0.987829
0.988514
0.988935
0.989460
0.990329
0.990534
0.991194
0.991813
0.992717
0.993519
0.994045
0.994502
0.995292
0.995973
0.996517
0.997213
0.997729
0.998215
0.998247
0.998305
0.998410
0.998424
0.998298
0.998233
0.998365
0.998521
0.998794
0.999081
0.999555
0.999982
1.000343
1.000740
1.000993
1.001092
1.001650
1.001999
1.002227
1.002515
1.002994
1.003401
1.003981
1.004450
1.004938
1.005820
1.006476
1.006967
1.007534
1.008076
1.008333
1.008696
1.009210
1.009655
1.009971
1.010250
1.010615
1.011132
1.011438
1.011860
1.012274
1.012647
1.013103
1.013413
1.013854
1.014311
1.014648
1.014905
1.015211
1.015649
1.015900
1.016198
1.016543
1.016691
1.016967
1.017287
1.017504
1.017866
1.018305
1.018708
1.019288
1.019495
1.019648
1.019711
1.020005
1.020142
1.020401
1.020774
1.021107
1.021292
1.021748
1.021973
1.022242
1.022591
1.022803
1.023140
1.023403
1.023716
1.024031
1.024416
1.024670
1.024909
1.025107
1.025549
1.025818
1.026077
1.026325
1.026726
1.026984
1.027313
1.027471
1.027791
1.028240
1.028432
1.028742
1.028991
1.029133
1.029816
1.030258
1.030655
1.030968
1.031126
1.031537
1.031788
1.032155
1.032399
1.032716
1.033040
1.033329
1.033495
1.033880
1.034190
1.034605
1.034968
1.035160
1.035495
1.035760
1.036125
1.036553
1.036777
1.037130
1.037398
1.037782
1.038153
1.038551
1.038887
1.039393
1.039738
1.040033
1.040439
1.040828
1.041227
1.041570
1.041866
1.042306
1.042695
1.043094
1.043318
1.043717
1.044138
1.044452
1.044881
1.045258
1.045690
1.046018
1.046353
1.046667
1.047115
1.047416
1.047721
1.047976
1.048298
1.048727
1.049094
1.049391
1.049803
1.050031
1.050359
1.050652
1.050882
1.051096
1.051344
1.051678
1.051900
1.052258
1.052399
1.052773
1.053068
1.053457
1.053743
1.054134
1.054431
1.054644
1.054919
1.055157
1.055368
1.055709
1.055967
1.056113
1.056408
1.056740
1.056941
1.057096
1.057341
1.057531
1.057827
1.058013
1.058289
1.058529
1.058550
1.058847
1.059054
1.059188
1.059302
1.059666
1.059867
1.060060
1.060272
1.060468
1.060657
1.060895
1.061083
1.061242
1.061358
1.061500
1.061676
1.061940
1.062042
1.062075
1.062061
1.062292
1.062503
1.062615
1.062745
1.062809
1.062967
1.063237
1.063376
1.063538
1.063584
1.063798
1.063844
1.064067
1.064199
1.064282
1.064463
1.064593
1.064676
1.064756
1.064971
1.065017
1.065261
1.065409
1.065458
1.065397
1.065649
1.065757
1.065923
1.066045
1.066171
1.066247
1.066407
1.066429
1.066466
1.066635
1.066745
1.066825
1.067007
1.067050
1.067113
1.067277
1.067357
1.067563
1.067637
1.067891
1.067960
1.068057
1.068166
1.068227
1.068359
1.068457
1.068544
1.068562
1.068699
1.068767
1.068949
1.069005
1.069247
1.069312
1.069420
1.069599
1.069692
1.069797
1.069846
1.070023
1.070159
1.070274
1.070329
1.070419
1.070462
1.070639
1.070637
1.070748
1.070886
1.071034
1.071109
1.071088
1.071215
1.071404
1.071403
1.071516
1.071583
1.071568
1.071778
1.071811
1.071879
1.072072
1.072109
1.072317
1.072350
1.072458
1.072527
1.072618
1.072715
1.072800
1.072952
1.072946
1.073059
1.073071
1.073255
1.073315
1.073346
1.073468
1.073551
1.073599
1.073712
1.073807
1.073854
1.073889
1.074012
1.074121
1.074237
1.074227
1.074195
1.074330
1.074532
1.074536
1.074625
1.074576
1.074690
1.074737
1.074704
1.074815
1.074866
1.075000
1.074982
1.075070
1.075078
1.075310
1.075337
1.075396
1.075538
1.075489
1.075575
1.075590
1.075735
1.075797
1.075785
1.075896
1.075887
1.075916
1.076024
1.076148
1.076214
1.076227
1.076294
1.076333
1.076407
1.076472
1.076550
1.076576
1.076654
1.076679
1.076779
1.076798
1.076891
1.077000
1.077089
1.077181
1.077178
1.077138
1.077248
1.077305
1.077290
1.077398
1.077339
1.077446
1.077504
1.077689
1.077616
1.077630
1.077733
1.077914
1.077846
1.077900
1.077925
1.077937
1.077914
1.078002
1.078034
1.078119
1.078168
1.078151
1.078301
1.078319
1.078434
1.078520
1.078584
1.078601
1.078603
1.078607
1.078698
1.078687
1.078796
1.078859
1.078827
1.078807
1.078885
1.078948
1.078950
1.079000
1.079009
1.079000
1.079188
1.079188
1.079167
1.079184
1.079266
1.079218
1.079299
1.079305
1.079364
1.079439
1.079524
1.079533
1.079596
1.079545
1.079603
1.079667
1.079747
1.079763
1.079717
1.079794
1.079793
1.079876
1.079958
1.079960
1.080041
1.080027
1.079981
1.079996
1.080068
1.080036
1.080071
1.080055
1.080084
1.080227
1.080242
1.080289
1.080303
1.080313
1.080400
1.080412
1.080439
1.080414
1.080389
1.080434
1.080484
1.080519
1.080563
1.080672
1.080722
1.080676
1.080690
1.080690
1.080802
1.080743
1.080802
1.080802
1.080947
1.080853
1.080854
1.080855
1.080855
1.080973
1.080975
1.080976
1.081041
1.080994
1.081090
1.081141
1.081200
1.081268
1.081263
1.081286
1.081287
1.081351
1.081311
1.081299
1.081322
1.081387
1.081363
1.081372
1.081481
1.081516
1.081561
1.081520
1.081535
1.081542
1.081542
1.081607
1.081594
1.081645
1.081626
1.081626
1.081636
1.081636
1.081636
1.081659
1.081652
1.081696
1.081746
1.081797
1.081780
1.081733
1.081743
1.081735
1.081778
1.081866
1.081881
1.081881
1.081880
1.081841
1.081793
1.081911
1.081955
1.081964
1.081963
1.082008
1.082047
1.082044
1.082006
1.082065
1.082032
1.082032
1.082055
1.082055
1.082070
1.082070
1.082070
1.082185
1.082212
1.082248
1.082261
1.082261
1.082261
1.082296
1.082252
1.082252
1.082296
1.082324
1.082374
1.082329
1.082360
1.082395
1.082395
1.082380
1.082424
1.082439
1.082409
1.082397
1.082397
1.082397
1.082363
1.082379
1.082421
1.082421
1.082421
1.082490
1.082491
1.082491
1.082491
1.082491
1.082572
1.082572
1.082595
1.082559
1.082559
1.082652
1.082617
1.082570
1.082614
1.082614
1.082629
1.082653
1.082689
1.082689
1.082689
1.082698
1.082630
1.082675
1.082675
1.082716
1.082717
1.082686
1.082753
1.082753
1.082768
1.082766
1.082766
1.082718
1.082863
1.082862
1.082862
1.082862
1.082868
1.082862
1.082860
1.082928
1.082927
1.082927
1.082942
1.082942
1.082910
1.082954
1.082954
1.082918
1.082918
1.082968
1.082968
1.083012
1.083012
1.083051
1.083051
1.083051
1.083095
1.083110
1.083110
1.083060
1.083025
1.082990
1.083034
1.083034
1.083034
1.083034
1.083034
1.083002
1.083047
1.083047
1.083074
1.083074
1.083090
1.083084
1.083134
1.083138
1.083180
1.083225
1.083225
1.083234
1.083234
1.083234
1.083234
1.083235
1.083269
1.083270
1.083270
1.083271
1.083271
1.083284
1.083329
1.083298
1.083298
1.083299
1.083299
1.083320
1.083370
1.083370
1.083337
1.083337
1.083337
1.083382
1.083382
1.083432
1.083349
1.083409
1.083454
1.083454
1.083454
1.083454
1.083517
1.083517
1.083538
1.083538
1.083538
1.083508
1.083508
1.083508
1.083552
1.083524
1.083524
1.083452
1.083452
1.083467
1.083512
1.083512
1.083561
1.083531
1.083530
1.083529
1.083573
1.083608
1.083643
1.083691
1.083690
1.083690
1.083734
1.083734
1.083738
1.083738
1.083715
1.083715
1.083741
1.083785
1.083770
1.083770
1.083805
1.083805
1.083771
1.083825
1.083825
1.083825
1.083802
1.083802
1.083818
1.083782
1.083827
1.083827
1.083874
1.083902
1.083902
1.083938
1.083938
1.083982
1.083949
1.083949
1.083949
1.083949
1.083949
1.083949
1.083949
1.083963
1.083963
1.083963
1.084026
1.084026
1.083989
1.083964
1.083965
1.084009
1.084010
1.084010
1.084011
1.084011
1.084011
1.083978
1.083994
1.084038
1.084053
1.084030
1.084030
1.084028
1.084029
1.084029
1.084064
1.084064
1.084109
1.084110
1.084110
1.084110
1.084074
1.084074
1.084074
1.084099
1.084069
1.084113
1.084114
1.084114
1.084114
1.084114
1.084114
1.084114
1.084114
1.084114
1.084114
1.084155
1.084199
1.084199
1.084172
1.084171
1.084185
1.084185
1.084212
1.084260
1.084259
1.084259
1.084259
1.084288
1.084288
1.084379
1.084379
1.084361
1.084359
1.084359
1.084351
1.084351
1.084351
1.084351
1.084351
1.084318
1.084362
1.084362
1.084333
1.084380
1.084380
1.084380
1.084380
1.084380
1.084380
1.084380
1.084380
1.084380
1.084380
1.084358
1.084402
1.084402
1.084402
1.084402
1.084402
1.084450
1.084450
1.084450
1.084450
1.084450
1.084450
1.084450
1.084451
1.084451
1.084452
1.084467
1.084512
1.084512
1.084541
1.084588
1.084572
1.084573
1.084573
1.084574
1.084551
1.084551
1.084539
1.084539
1.084555
1.084597
1.084597
1.084597
1.084605
1.084653
1.084698
1.084698
1.084698
1.084663
1.084663
1.084663
1.084663
1.084663
1.084663
1.084663
1.084663
1.084663
1.084699
1.084747
1.084747
1.084747
1.084747
1.084747
1.084711
1.084739
1.084774
1.084770
1.084769
1.084768
1.084743
1.084778
1.084755
1.084802
1.084817
1.084782
1.084782
1.084781
1.084746
1.084781
1.084781
1.084817
1.084801
1.084801
1.084801
1.084835
1.084835
1.084823
1.084835
1.084800
1.084850
1.084800
1.084765
1.084765
1.084765
1.084765
1.084885
1.084885
1.084930
1.084965
1.084965
1.084930
1.085020
1.085020
1.084985
1.084985
1.084949
1.084949
1.084949
1.084949
1.084949
1.084985
1.085026
1.085097
1.085062
1.085063
1.085111
1.085112
1.085112
1.085077
1.085077
1.085093
1.085093
1.085094
1.085094
1.085094
1.085094
1.085095
1.085095
1.085095
1.085178
1.085179
1.085179
1.085179
1.085108
1.085144
1.085144
1.085120
1.085164
1.085164
1.085129
1.085164
1.085210
1.085210
1.085210
1.085211
1.085177
1.085177
1.085141
1.085120
1.085120
1.085118
1.085118
1.085118
1.085118
1.085154
1.085169
1.085217
1.085212
1.085196
1.085195
1.085238
1.085202
1.085202
1.085202
1.085201
1.085201
1.085201
1.085216
1.085252
1.085251
1.085251
1.085251
1.085299
1.085349
1.085299
1.085263
1.085263
1.085263
1.085263
1.085263
1.085263
1.085313
1.085313
1.085349
1.085349
1.085349
1.085377
1.085377
1.085341
1.085341
1.085341
1.085341
1.085389
1.085389
1.085389
1.085433
1.085433
1.085445
1.085445
1.085445
1.085445
1.085445
1.085410
1.085411
1.085411
1.085411
1.085412
1.085412
1.085412
1.085413
1.085413
1.085449
1.085449
1.085496
1.085496
1.085497
1.085478
1.085478
1.085479
1.085479
1.085479
1.085480
1.085480
1.085522
1.085522
1.085522
1.085558
1.085558
1.085522
1.085522
1.085522
1.085522
1.085570
1.085570
1.085570
1.085571
1.085571
1.085571
1.085571
1.085571
1.085571
1.085571
1.085537
1.085537
1.085537
1.085537
1.085537
1.085537
1.085533
1.085532
1.085531
1.085530
1.085530
1.085530
1.085530
1.085529
1.085529
1.085529
1.085529
1.085576
1.085576
1.085576
1.085576
1.085576
1.085576
1.085576
1.085576
1.085576
1.085576
1.085576
1.085576
1.085576
1.085576
1.085612
1.085612
1.085590
1.085590
1.085590
1.085554
1.085554
1.085554
1.085570
1.085570
1.085617
1.085662
1.085662
1.085662
1.085662
1.085697
1.085697
1.085697
1.085697
1.085697
1.085698
1.085698
1.085663
1.085686
1.085687
1.085687
1.085687
1.085688
1.085688
1.085689
1.085766
1.085766
1.085767
1.085767
1.085767
1.085768
1.085768
1.085768
1.085768
1.085733
1.085733
1.085733
1.085733
1.085734
1.085734
1.085769
1.085769
1.085769
1.085769
1.085769
1.085768
1.085815
1.085815
1.085816
1.085816
1.085816
1.085818
1.085818
1.085818
1.085818
1.085818
1.085818
1.085816
1.085816
1.085816
1.085816
1.085811
1.085811
1.085810
1.085809
1.085809
1.085809
1.085773
1.085773
1.085773
1.085773
1.085772
1.085808
1.085808
1.085808
1.085808
1.085807
1.085807
1.085807
1.085807
1.085807
1.085823
1.085787
1.085787
1.085787
1.085787
1.085787
1.085787
1.085787
1.085823
1.085823
1.085823
1.085823
1.085823
1.085790
1.085837
1.085837
1.085802
1.085802
1.085802
1.085802
1.085798
1.085798
1.085826
1.085826
1.085861
1.085861
1.085906
1.085907
1.085907
1.085908
1.085908
1.085908
1.085874
1.085874
1.085874
1.085875
1.085875
1.085876
1.085876
1.085876
1.085876
1.085912
1.085912
1.085912
1.085912
1.085912
1.085912
1.085877
1.085878
1.085878
1.085878
1.085878
1.085878
1.085878
1.085878
1.085878
1.085878
1.085878
1.085914
1.085914
1.085914
1.085825
1.084942
1.082653
1.078631
1.072909
1.065928
1.058406
1.050859
1.044062
1.038371
1.033901
1.030532
1.028311
1.027323
1.027827
1.029859
1.033516
1.038533
1.044798
1.051784
1.059438
1.067448
1.075742
1.084185
1.093028
1.101859
1.110460
1.118342
1.125023
1.130140
1.133585
1.135533
1.136348
1.136363
1.136029
1.135667
1.135446
1.135367
1.135383
1.135462
1.135495
1.135352
1.135019
1.134607
1.134017
1.133511
1.133093
1.132761
1.132607
1.132559
1.132559
1.132496
1.131643
1.129180
1.124710
1.118335
1.110557
1.101961
1.093172
1.084617
1.076480
1.068745
1.061381
1.054300
1.047483
1.041042
1.035400
1.030925
1.027959
1.026532
1.026181
1.026430
1.026595
1.026687
1.026615
1.026222
1.025646
1.025198
1.024741
1.024453
1.024535
1.024592
1.024629
1.024545
1.024118
1.023694
1.023010
1.022031
1.020962
1.019961
1.019675
1.019977
1.020444
1.020806
1.021113
1.020847
1.019089
1.015745
1.011907
1.008597
1.006426
1.005834
1.006147
1.007011
1.007800
1.007973
1.007593
1.006630
1.005077
1.003762
1.002653
1.001874
1.001322
1.000645
1.000082
0.999488
0.998819
0.997666
0.995699
0.992963
0.990208
0.987715
0.985788
0.984208
0.983000
0.982067
0.981272
0.980443
0.979407
0.978458
0.977455
0.976478
0.975580
0.974707
0.973884
0.973184
0.972365
0.971444
0.970496
0.969759
0.968700
0.967690
0.966744
0.965665
0.964669
0.963756
0.962555
0.961480
0.960422
0.959457
0.958277
0.957191
0.955917
0.954769
0.953542
0.952043
0.950837
0.949520
0.948630
0.947384
0.946443
0.945231
0.944049
0.942952
0.941669
0.940632
0.939447
0.938276
0.936987
0.935829
0.934509
0.933357
0.932222
0.930988
0.929666
0.928530
0.927294
0.926152
0.925068
0.923933
0.922885
0.921889
0.920659
0.919546
0.918457
0.917388
0.915963
0.914471
0.912893
0.911333
0.909736
0.908353
0.907115
0.906022
0.904624
0.902982
0.901411
0.899729
0.898059
0.896370
0.894654
0.893174
0.891789
0.890390
0.888850
0.887315
0.885831
0.884286
0.882918
0.881485
0.880009
0.878522
0.877077
0.875536
0.874082
0.872542
0.871206
0.869776
0.868468
0.866993
0.865798
0.864362
0.862933
0.861720
0.860271
0.858978
0.857720
0.856524
0.855604
0.854749
0.853842
0.852771
0.851779
0.850619
0.849654
0.849075
0.848389
0.847766
0.846932
0.845854
0.844676
0.843608
0.842445
0.841024
0.839805
0.838583
0.837294
0.836198
0.835017
0.833710
0.832688
0.831629
0.830446
0.829483
0.828348
0.827273
0.826468
0.825607
0.824860
0.824199
0.823383
0.822896
0.822433
0.821798
0.821112
0.820318
0.819541
0.819026
0.818307
0.817768
0.817129
0.816530
0.815918
0.815097
0.814556
0.813920
0.813091
0.812500
0.811919
0.811296
0.810759
0.810052
0.809356
0.808803
0.808272
0.807588
0.807064
0.806388
0.805891
0.805282
0.804877
0.804239
0.803507
0.802577
0.801434
0.800617
0.799825
0.799023
0.798407
0.797735
0.797228
0.796664
0.796123
0.795540
0.794896
0.794290
0.793572
0.792911
0.792318
0.791855
0.791499
0.790941
0.790268
0.789670
0.788967
0.788344
0.787716
0.787113
0.786552
0.785873
0.785167
0.784529
0.783597
0.782637
0.781792
0.780978
0.780224
0.779595
0.779063
0.778397
0.777914
0.777362
0.776856
0.776159
0.775476
0.774927
0.774305
0.773779
0.773191
0.772712
0.772093
0.771676
0.771056
0.770632
0.769945
0.769448
0.768826
0.768214
0.767835
0.767206
0.766620
0.766089
0.765435
0.764894
0.764375
0.763821
0.763095
0.762536
0.762047
0.761419
0.760844
0.760199
0.759565
0.758782
0.758088
0.757333
0.756701
0.756097
0.755597
0.755097
0.754478
0.753955
0.753369
0.752700
0.752141
0.751472
0.750875
0.750232
0.749732
0.749091
0.748553
0.747908
0.747287
0.746811
0.746085
0.745536
0.744820
0.744313
0.743561
0.742941
0.742125
0.741112
0.740373
0.739689
0.739012
0.738355
0.737743
0.737126
0.736513
0.735890
0.735291
0.734512
0.733900
0.733290
0.732621
0.732051
0.731380
0.730784
0.730131
0.729577
0.728943
0.728316
0.727730
0.727070
0.726333
0.725575
0.724725
0.723795
0.722953
0.722086
0.721240
0.720597
0.720040
0.719280
0.718719
0.718174
0.717620
0.716958
0.716501
0.715898
0.715385
0.714699
0.714170
0.713558
0.712976
0.712338
0.711865
0.711268
0.710796
0.710256
0.709675
0.709056
0.708576
0.708059
0.707546
0.707037
0.706652
0.706353
0.706151
0.705842
0.705578
0.705077
0.704698
0.704141
0.703738
0.703334
0.703199
0.702743
0.702520
0.702366
0.702124
0.701698
0.701340
0.700645
0.700116
0.699601
0.699030
0.698526
0.698041
0.697613
0.697057
0.696512
0.696004
0.695350
0.694844
0.694417
0.693829
0.693175
0.692632
0.692239
0.691691
0.691126
0.690594
0.690017
0.689224
0.688596
0.687867
0.687154
0.686580
0.685867
0.685272
0.684684
0.684023
0.683390
0.682770
0.682035
0.681408
0.680759
0.680223
0.679588
0.678953
0.678380
0.677933
0.677344
0.676663
0.676000
0.675329
0.674760
0.674208
0.673683
0.673121
0.672462
0.671641
0.670957
0.670175
0.669382
0.668618
0.667938
0.666997
0.666353
0.665851
0.665065
0.664458
0.663860
0.663268
0.662495
0.661861
0.660998
0.660372
0.659667
0.658906
0.658350
0.657481
0.656592
0.655995
0.655325
0.654695
0.653858
0.653069
0.652274
0.651517
0.650722
0.649735
0.649045
0.648474
0.647824
0.647144
0.646354
0.645589
0.644854
0.644097
0.643443
0.642677
0.641950
0.641180
0.640422
0.639641
0.638697
0.637818
0.637092
0.636247
0.635587
0.634859
0.634074
0.633392
0.632594
0.631917
0.631338
0.630786
0.629956
0.629367
0.628692
0.627720
0.627218
0.626576
0.625830
0.624901
0.624041
0.623096
0.622500
0.621735
0.620928
0.620296
0.619493
0.618801
0.618288
0.617631
0.617130
0.616459
0.615832
0.615253
0.614664
0.614052
0.613450
0.612779
0.612171
0.611544
0.610831
0.610196
0.609595
0.608940
0.608385
0.607867
0.607155
0.606722
0.606120
0.605431
0.605017
0.604526
0.603993
0.603384
0.602878
0.602479
0.601805
0.601282
0.600671
0.599957
0.599437
0.598847
0.598403
0.597863
0.597383
0.596977
0.596469
0.595931
0.595293
0.594773
0.594230
0.593778
0.593113
0.592672
0.592351
0.591750
0.591146
0.590652
0.590005
0.589493
0.589141
0.588615
0.588074
0.587468
0.586803
0.586261
0.585721
0.585311
0.584788
0.584352
0.583848
0.583372
0.582892
0.582372
0.581805
0.581403
0.580798
0.580221
0.579672
0.579085
0.578536
0.578020
0.577393
0.576722
0.576273
0.575744
0.575046
0.574327
0.573575
0.572567
0.571737
0.570938
0.569988
0.569199
0.568236
0.567485
0.566577
0.565612
0.564772
0.563792
0.562934
0.562070
0.560872
0.560041
0.558946
0.558017
0.556904
0.555834
0.554850
0.553869
0.552919
0.551865
0.550873
0.549641
0.548615
0.547483
0.546366
0.545252
0.544269
0.543054
0.542077
0.540933
0.539729
0.538862
0.537745
0.536806
0.535663
0.534677
0.533634
0.532661
0.531635
0.530589
0.529493
0.528450
0.527417
0.526586
0.525513
0.524482
0.523352
0.522296
0.521311
0.520145
0.519142
0.518075
0.516959
0.516044
0.514851
0.513785
0.512829
0.511733
0.510729
0.509781
0.508756
0.507638
0.506620
0.505695
0.504429
0.503545
0.502520
0.501551
0.500577
0.499541
0.498529
0.497618
0.496661
0.495632
0.494639
0.493572
0.492676
0.491687
0.490587
0.489519
0.488440
0.487800
0.487055
0.486375
0.485742
0.485056
0.484359
0.483717
0.482831
0.481860
0.481169
0.480290
0.479501
0.478850
0.478131
0.477187
0.476641
0.476064
0.475197
0.474337
0.473539
0.472609
0.471433
0.470431
0.469437
0.468431
0.467252
0.466402
0.465613
0.464243
0.463321
0.462390
0.461232
0.460373
0.459353
0.458505
0.457538
0.456470
0.455300
0.454286
0.453188
0.451990
0.451154
0.450090
0.448858
0.447908
0.446938
0.445572
0.444621
0.443671
0.442430
0.441378
0.440606
0.439520
0.438447
0.437504
0.436571
0.435517
0.434316
0.433152
0.432255
0.431368
0.430348
0.429157
0.428254
0.427238
0.426000
0.424881
0.423646
0.422620
0.421694
0.420746
0.419590
0.418338
0.417166
0.416269
0.415309
0.414276
0.413009
0.411692
0.410466
0.409604
0.408616
0.407599
0.406367
0.405287
0.404199
0.403041
0.402267
0.401398
0.400325
0.399277
0.398136
0.397300
0.396821
0.396075
0.395154
0.393920
0.392761
0.391594
0.390640
0.389655
0.388653
0.387513
0.386525
0.385491
0.384684
0.383792
0.382780
0.381595
0.380602
0.379854
0.378987
0.377984
0.376865
0.375638
0.374543
0.373480
0.372464
0.371374
0.370072
0.369158
0.368070
0.366977
0.365963
0.364842
0.364007
0.362863
0.361961
0.361020
0.360010
0.358948
0.357923
0.356909
0.355915
0.354675
0.353628
0.352685
0.351567
0.350502
0.349511
0.348648
0.347766
0.346882
0.345883
0.344858
0.343886
0.342995
0.342065
0.341087
0.340186
0.339234
0.338280
0.337418
0.336485
0.335667
0.334840
0.333921
0.333135
0.332355
0.331630
0.330909
0.330092
0.329352
0.328659
0.327963
0.327172
0.326471
0.325708
0.324913
0.324008
0.323404
0.322660
0.321996
0.321237
0.320477
0.319787
0.319009
0.318371
0.317605
0.316924
0.316078
0.315381
0.314705
0.313962
0.313206
0.312442
0.311777
0.311121
0.310399
0.309402
0.308663
0.307827
0.307121
0.306300
0.305631
0.304892
0.304100
0.303432
0.302782
0.302037
0.301400
0.300672
0.299938
0.299245
0.298541
0.297990
0.297245
0.296644
0.295920
0.295298
0.294666
0.293984
0.293434
0.292812
0.292110
0.291542
0.290936
0.290313
0.289662
0.289078
0.288473
0.287836
0.287215
0.286663
0.286090
0.285621
0.285054
0.284504
0.284004
0.283464
0.282870
0.282558
0.282017
0.281590
0.281105
0.280615
0.280203
0.279765
0.279245
0.278782
0.278363
0.277910
0.277434
0.276992
0.276411
0.275973
0.275469
0.275040
0.274655
0.274286
0.273812
0.273262
0.272823
0.272376
0.271939
0.271475
0.271020
0.270598
0.270264
0.269882
0.269414
0.268857
0.268472
0.268014
0.267598
0.267181
0.266808
0.266406
0.265966
0.265594
0.265172
0.264635
0.264324
0.263874
0.263440
0.263022
0.262608
0.262132
0.261771
0.261096
0.260611
0.260143
0.259838
0.259317
0.258885
0.258467
0.257984
0.257617
0.257238
0.256789
0.256423
0.255939
0.255545
0.255060
0.254667
0.254188
0.253910
0.253463
0.253127
0.252682
0.252300
0.251816
0.251468
0.251070
0.250874
0.250492
0.250140
0.249768
0.249426
0.249008
0.248610
0.248197
0.247908
0.247580
0.247185
0.246823
0.246448
0.246140
0.245772
0.245318
0.245053
0.244636
0.244194
0.243727
0.243559
0.243125
0.242846
0.242484
0.242239
0.241793
0.241452
0.241057
0.240719
0.240322
0.239900
0.239541
0.239140
0.238677
0.238271
0.237888
0.237456
0.236987
0.236708
0.236236
0.235808
0.235408
0.234948
0.234581
0.234120
0.233609
0.233216
0.232655
0.232213
0.231752
0.231176
0.230778
0.230320
0.229862
0.229474
0.229083
0.228556
0.228164
0.227610
0.227161
0.226716
0.226174
0.225684
0.225234
0.224786
0.224307
0.223467
0.222965
0.222452
0.221839
0.221376
0.220850
0.220347
0.219836
0.219331
0.218834
0.218402
0.217874
0.217389
0.216948
0.216477
0.215881
0.215438
0.215000
0.214480
0.214032
0.213590
0.213068
0.212719
0.212226
0.211746
0.211339
0.210803
0.210392
0.209968
0.209545
0.209099
0.208715
0.208353
0.207841
0.207503
0.207034
0.206662
0.206331
0.205949
0.205508
0.205132
0.204629
0.204304
0.203903
0.203709
0.203471
0.203173
0.202870
0.202532
0.202132
0.201903
0.201549
0.201117
0.200820
0.200620
0.200215
0.199861
0.199546
0.199180
0.198844
0.198533
0.198195
0.197854
0.197549
0.197199
0.196863
0.196625
0.196365
0.196142
0.195793
0.195608
0.195330
0.195032
0.194730
0.194459
0.194218
0.193963
0.193699
0.193460
0.193202
0.192880
0.192631
0.192317
0.192015
0.191753
0.191445
0.191182
0.190885
0.190575
0.190313
0.189960
0.189402
0.189014
0.188641
0.188289
0.187943
0.187672
0.187297
0.186939
0.186590
0.186288
0.185885
0.185535
0.185152
0.184766
0.184472
0.184069
0.183698
0.183346
0.182944
0.182572
0.182253
0.181885
0.181479
0.181033
0.180698
0.180308
0.179917
0.179556
0.179183
0.178774
0.178359
0.177907
0.177542
0.177152
0.176692
0.176336
0.175871
0.175439
0.174927
0.174436
0.174037
0.173564
0.173112
0.172662
0.172413
0.171990
0.171619
0.171178
0.170793
0.170276
0.169836
0.169394
0.168909
0.168434
0.168011
0.167501
0.167137
0.166544
0.166087
0.165643
0.165147
0.164601
0.164224
0.163617
0.163117
0.162595
0.162122
0.161706
0.161171
0.160698
0.160145
0.159651
0.159136
0.158683
0.158168
0.157590
0.157104
0.156712
0.156250
0.155742
0.155249
0.154768
0.154262
0.153777
0.153236
0.152743
0.152231
0.151804
0.151373
0.150923
0.150423
0.149663
0.149190
0.148695
0.148178
0.147598
0.147216
0.146751
0.146221
0.145705
0.145232
0.144746
0.144319
0.143850
0.143385
0.143006
0.142530
0.142144
0.141765
0.141324
0.140921
0.140457
0.140033
0.139618
0.139191
0.138730
0.138317
0.137933
0.137535
0.137091
0.136750
0.136368
0.135995
0.135649
0.135277
0.134820
0.134448
0.134072
0.133702
0.133354
0.132984
0.132519
0.132150
0.131782
0.131391
0.131257
0.130917
0.130650
0.130299
0.129963
0.129539
0.129225
0.128846
0.128464
0.128146
0.127809
0.127386
0.127065
0.126669
0.126260
0.125962
0.125453
0.125093
0.124764
0.124349
0.123968
0.123528
0.123160
0.122749
0.122434
0.122062
0.121733
0.121296
0.120869
0.120464
0.119993
0.119608
0.119148
0.118835
0.118370
0.118002
0.117558
0.117326
0.117078
0.116868
0.116628
0.116479
0.116237
0.116029
0.115845
0.115685
0.115483
0.114942
0.114759
0.114479
0.114229
0.113973
0.113792
0.113548
0.113379
0.113164
0.113015
0.112766
0.112597
0.112434
0.112250
0.112105
0.111887
0.111641
0.111533
0.111376
0.111260
0.111115
0.110924
0.110852
0.110586
0.110405
0.110325
0.110135
0.109991
0.109790
0.109675
0.109509
0.109379
0.109282
0.109135
0.108993
0.108892
0.108782
0.108659
0.108546
0.108450
0.108240
0.108146
0.108033
0.107887
0.108062
0.107964
0.107967
0.108030
0.107951
0.107926
0.107835
0.107807
0.107682
0.107635
0.107624
0.107491
0.107418
0.107305
0.107216
0.107133
0.107045
0.106939
0.106876
0.106808
0.106686
0.106613
0.106523
0.106455
0.106371
0.106297
0.106225
0.106117
0.105977
0.105890
0.105833
0.105796
0.105608
0.105585
0.105566
0.105501
0.105367
0.105281
0.105192
0.105143
0.104957
0.104963
0.104847
0.104779
0.104661
0.104557
0.104186
0.104062
0.103837
0.103638
0.103266
0.102855
0.102345
0.101865
0.101447
0.101084
0.100653
0.100301
0.099861
0.099344
0.099093
0.098667
0.098314
0.097948
0.097613
0.097225
0.096881
0.096478
0.096143
0.095767
0.095430
0.095095
0.094704
0.094332
0.094034
0.093642
0.093346
0.092983
0.092800
0.092405
0.092084
0.091788
0.091418
0.091035
0.090741
0.090355
0.090028
0.089732
0.089426
0.089131
0.088779
0.088650
0.088367
0.088217
0.087860
0.087638
0.087352
0.087093
0.086733
0.086370
0.086132
0.085891
0.085646
0.085363
0.085034
0.084748
0.084443
0.084148
0.083829
0.083584
0.083230
0.083040
0.082802
0.082463
0.082204
0.081905
0.081612
0.081343
0.081005
0.080687
0.080388
0.080183
0.079885
0.079624
0.079349
0.079026
0.078839
0.078548
0.078314
0.078047
0.077742
0.077444
0.077098
0.076886
0.076574
0.076359
0.076003
0.075470
0.075139
0.074719
0.074421
0.074104
0.073815
0.073453
0.073224
0.072876
0.072652
0.072338
0.072110
0.071762
0.071429
0.071214
0.070916
0.070652
0.070329
0.070031
0.069785
0.069543
0.069317
0.069032
0.068695
0.068432
0.068184
0.067970
0.067673
0.067444
0.067269
0.066973
0.066721
0.066523
0.066327
0.066079
0.065888
0.065627
0.065303
0.065118
0.064937
0.064642
0.064429
0.064249
0.063954
0.063741
0.063668
0.063505
0.063347
0.063185
0.062987
0.062809
0.062563
0.062399
0.062155
0.061945
0.061749
0.061526
0.061359
0.061145
0.060946
0.060740
0.060509
0.060251
0.060108
0.059862
0.059621
0.059372
0.059163
0.059004
0.058758
0.058523
0.058311
0.058068
0.057820
0.057612
0.057437
0.057218
0.057023
0.056768
0.056523
0.056333
0.056088
0.055839
0.055630
0.055424
0.055200
0.054885
0.054680
0.054393
0.054135
0.053684
0.053391
0.053036
0.052708
0.052518
0.052233
0.051941
0.051680
0.051473
0.051135
0.050838
0.050592
0.050350
0.050109
0.049868
0.049559
0.049284
0.049034
0.048743
0.048495
0.048297
0.048102
0.047850
0.047592
0.047317
0.047107
0.046885
0.046628
0.046418
0.046174
0.045965
0.045756
0.045546
0.045407
0.045141
0.044932
0.044766
0.044586
0.044343
0.044194
0.043985
0.043809
0.043625
0.043408
0.043269
0.043088
0.043149
0.042971
0.042932
0.042738
0.042644
0.042501
0.042412
0.042281
0.042193
0.042012
0.041928
0.041782
0.041717
0.041579
0.041455
0.041380
0.041269
0.041079
0.040953
0.040778
0.040672
0.040599
0.040461
0.040363
0.040249
0.040078
0.039968
0.039810
0.039736
0.039585
0.039474
0.039363
0.039236
0.039167
0.039026
0.038947
0.038878
0.038767
0.038656
0.038546
0.038395
0.038285
0.038203
0.038104
0.038008
0.037638
0.037478
0.037341
0.037180
0.037061
0.036950
0.036870
0.036716
0.036559
0.036468
0.036308
0.036228
0.036109
0.036028
0.035958
0.035842
0.035772
0.035627
0.035536
0.035436
0.035396
0.035359
0.035274
0.035108
0.035068
0.035014
0.034925
0.034855
0.034785
0.034668
0.034676
0.034571
0.034563
0.034551
0.034517
0.034430
0.034400
0.034360
0.034321
0.034221
0.034147
0.034077
0.033970
0.033970
0.033900
0.034108
0.034119
0.034120
0.034131
0.034134
0.034064
0.034092
0.034124
0.034054
0.034065
0.034115
0.034031
0.034049
0.034095
0.034028
0.034051
0.034013
0.033991
0.033924
0.033961
0.033888
0.033910
0.033839
0.033889
0.033852
0.033869
0.033832
0.033781
0.033701
0.033628
0.033595
0.033557
0.033575
0.033542
0.033508
0.033471
0.033437
0.033400
0.033400
0.033332
0.033283
0.033283
0.033255
0.033218
0.033184
0.033147
0.032847
0.032728
0.032585
0.032499
0.032449
0.032468
0.032355
0.032295
0.032211
0.032140
0.032059
0.032059
0.031981
0.031945
0.031911
0.031861
0.031824
0.031779
0.031658
0.031658
0.031660
0.031616
0.031639
0.031589
0.031589
0.031521
0.031485
0.031485
0.031450
0.031450
0.031425
0.031390
0.031414
0.031379
0.031359
0.031359
0.031318
0.031282
0.031282
0.031282
0.031282
0.031249
0.031249
0.031249
0.031143
0.031343
0.031393
0.031448
0.031463
0.031513
0.031478
0.031501
0.031516
0.031512
0.031562
0.031612
0.031612
0.031514
0.031553
0.031553
0.031624
0.031588
0.031588
0.031638
0.031626
0.031591
0.031591
0.031591
0.031641
0.031641
0.031640
0.031605
0.031560
0.031528
0.031528
0.031492
0.031492
0.031492
0.031542
0.031507
0.031507
0.031430
0.031433
0.031370
0.031370
0.031405
0.031409
0.031409
0.031364
0.031297
0.031021
0.030971
0.030849
0.030763
0.030713
0.030678
0.030628
0.030578
0.030613
0.030563
0.030535
0.030500
0.030450
0.030360
0.030360
0.030310
0.030310
0.030242
0.030192
0.030192
0.030196
0.030196
0.030161
0.030146
0.030146
0.030105
0.030071
0.030071
0.030071
0.030071
0.030071
0.030036
0.030036
0.030052
0.030052
0.030021
0.030021
0.030021
0.030055
0.030055
0.029984
0.030007
0.030007
0.030007
0.029978
0.029912
0.030075
0.030125
0.030225
0.030275
0.030325
0.030291
0.030364
0.030395
0.030419
0.030389
0.030477
0.030477
0.030527
0.030527
0.030527
0.030543
0.030543
0.030543
