1.405871
1.241234
1.089061
0.984575
0.927826
0.904018
0.897066
0.898017
0.898896
0.898481
0.897418
0.896244
0.895160
0.894123
0.893445
0.893028
0.892522
0.891618
0.890671
0.889595
0.888406
0.887292
0.886196
0.885053
0.884018
0.882815
0.881556
0.880004
0.878872
0.877660
0.876197
0.874621
0.873345
0.871892
0.870581
0.869182
0.867760
0.866475
0.865113
0.863969
0.862518
0.861237
0.860139
0.859029
0.857916
0.856538
0.855569
0.854262
0.852904
0.851424
0.850179
0.848713
0.847600
0.846075
0.844928
0.843393
0.842088
0.840418
0.839428
0.838534
0.837527
0.836359
0.835526
0.834402
0.832956
0.831614
0.830467
0.828873
0.827492
0.826168
0.824594
0.823211
0.821802
0.819978
0.818566
0.816975
0.815367
0.813721
0.812137
0.810397
0.808759
0.807172
0.805234
0.803664
0.801991
0.800370
0.798896
0.797114
0.795532
0.793721
0.792019
0.790213
0.788537
0.786761
0.784986
0.783238
0.781460
0.779652
0.777963
0.775942
0.774122
0.772250
0.770693
0.768861
0.767253
0.765498
0.763594
0.761889
0.760025
0.758302
0.756655
0.754908
0.753095
0.751487
0.749738
0.747910
0.746113
0.744379
0.742720
0.740911
0.739067
0.737533
0.735630
0.733838
0.731893
0.730144
0.728524
0.726709
0.725148
0.723477
0.721675
0.720307
0.718576
0.716994
0.715349
0.713747
0.712102
0.710534
0.708909
0.707410
0.705770
0.704149
0.702773
0.701252
0.699804
0.698330
0.696710
0.695209
0.693645
0.692291
0.690634
0.689336
0.687905
0.686482
0.685021
0.683544
0.682169
0.680788
0.679493
0.678121
0.676578
0.675200
0.673826
0.672661
0.671459
0.670094
0.668734
0.667461
0.666265
0.664838
0.663670
0.662165
0.660715
0.659361
0.658233
0.656842
0.655527
0.654180
0.652916
0.651493
0.650170
0.648890
0.647506
0.646238
0.644943
0.643552
0.642370
0.640986
0.639626
0.638302
0.636961
0.635717
0.634388
0.633117
0.631723
0.630410
0.629251
0.627770
0.626521
0.625104
0.623925
0.622588
0.621229
0.620146
0.618674
0.617405
0.615950
0.614704
0.613268
0.612075
0.610881
0.609439
0.608113
0.606669
0.605307
0.604164
0.602908
0.601637
0.600339
0.599149
0.597823
0.596438
0.595244
0.593874
0.592780
0.591505
0.590248
0.589046
0.587861
0.586637
0.585329
0.584072
0.582905
0.581582
0.580360
0.579323
0.578189
0.577053
0.576042
0.574943
0.573883
0.572646
0.571786
0.570713
0.569650
0.568538
0.567353
0.566353
0.565358
0.564207
0.563175
0.562146
0.561063
0.560103
0.559051
0.558016
0.557067
0.555984
0.554944
0.553936
0.552966
0.551959
0.551015
0.549982
0.548979
0.548119
0.547285
0.546358
0.545512
0.544500
0.543620
0.542857
0.541869
0.540941
0.540134
0.539281
0.538452
0.537559
0.536705
0.535899
0.535207
0.534476
0.533759
0.532865
0.531970
0.531306
0.530590
0.529791
0.528996
0.528403
0.527663
0.527078
0.526217
0.525461
0.524824
0.524057
0.523426
0.522710
0.522015
0.521216
0.520632
0.519833
0.519320
0.518749
0.518178
0.517725
0.517021
0.516390
0.515680
0.514964
0.514477
0.513875
0.513466
0.512742
0.511921
0.511394
0.510829
0.510222
0.509808
0.509217
0.508649
0.507888
0.507371
0.506892
0.506191
0.505708
0.505141
0.504693
0.504148
0.503610
0.503146
0.502589
0.502138
0.501654
0.501063
0.500669
0.500192
0.499676
0.499168
0.498575
0.498028
0.497498
0.496911
0.496485
0.495982
0.495423
0.494946
0.494470
0.494049
0.493580
0.493076
0.492590
0.492016
0.491632
0.491145
0.490608
0.490004
0.489647
0.489202
0.488569
0.488212
0.487660
0.487201
0.486736
0.486406
0.485887
0.485278
0.484787
0.484436
0.483783
0.483421
0.482843
0.482263
0.481819
0.481322
0.480884
0.480472
0.479931
0.479478
0.479021
0.478616
0.478159
0.477784
0.477381
0.477009
0.476408
0.475959
0.475509
0.475058
0.474614
0.474116
0.473695
0.473162
0.472603
0.472210
0.471883
0.471522
0.471099
0.470467
0.470137
0.469647
0.469180
0.468723
0.468161
0.467813
0.467243
0.466900
0.466477
0.466138
0.465598
0.465098
0.464733
0.464238
0.463886
0.463480
0.463046
0.462569
0.462122
0.461616
0.461044
0.460716
0.460362
0.459978
0.459621
0.459181
0.458702
0.458230
0.457846
0.457340
0.456950
0.456574
0.456035
0.455624
0.454983
0.454587
0.454065
0.453483
0.453056
0.452578
0.452092
0.451725
0.451349
0.450860
0.450422
0.449964
0.449536
0.449158
0.448856
0.448397
0.447964
0.447453
0.447144
0.446679
0.446352
0.445894
0.445595
0.445168
0.444787
0.444408
0.444146
0.443567
0.443190
0.442757
0.442425
0.442054
0.441624
0.441238
0.440846
0.440445
0.440065
0.439683
0.439283
0.438920
0.438547
0.438244
0.437846
0.437549
0.437269
0.436868
0.436519
0.436154
0.435799
0.435438
0.435164
0.434821
0.434410
0.433987
0.433612
0.433196
0.432874
0.432487
0.432120
0.431743
0.431389
0.430977
0.430610
0.430110
0.429714
0.429382
0.428978
0.428643
0.428252
0.427756
0.427317
0.426989
0.426477
0.426095
0.425673
0.425371
0.424912
0.424483
0.424073
0.423656
0.423316
0.422840
0.422426
0.422086
0.421622
0.421181
0.420695
0.420272
0.419987
0.419499
0.419125
0.418649
0.418209
0.417490
0.416930
0.416533
0.415977
0.415384
0.414994
0.414546
0.414039
0.413577
0.413134
0.412612
0.412196
0.411662
0.411207
0.410791
0.410287
0.409809
0.409344
0.408867
0.408372
0.407931
0.407515
0.406971
0.406612
0.406114
0.405677
0.405229
0.404679
0.404159
0.403687
0.403242
0.402823
0.402354
0.401907
0.401442
0.400940
0.400468
0.399974
0.399571
0.399159
0.398695
0.398191
0.397895
0.397556
0.397181
0.396810
0.396392
0.396040
0.395706
0.395291
0.394887
0.394520
0.394125
0.393711
0.393275
0.392861
0.392483
0.392120
0.391742
0.391400
0.391092
0.390731
0.390351
0.389912
0.389546
0.389237
0.388907
0.388548
0.388282
0.387965
0.387631
0.387276
0.386955
0.386629
0.386435
0.386152
0.385966
0.385660
0.385343
0.385064
0.384813
0.384493
0.384275
0.384020
0.383835
0.383562
0.383294
0.382977
0.382744
0.382577
0.382329
0.381848
0.381562
0.381254
0.380919
0.380732
0.380577
0.380311
0.380097
0.379951
0.379768
0.379529
0.379368
0.379152
0.378983
0.378754
0.378578
0.378403
0.378274
0.378080
0.377952
0.377828
0.377738
0.377566
0.377435
0.377223
0.377150
0.377077
0.376943
0.376859
0.376753
0.376587
0.376471
0.376424
0.376261
0.376126
0.376018
0.375858
0.375857
0.375747
0.375639
0.375589
0.375455
0.375362
0.375387
0.375280
0.375322
0.375242
0.375219
0.375159
0.375162
0.375096
0.375087
0.375079
0.375069
0.374941
0.374927
0.374790
0.374719
0.374680
0.374629
0.374581
0.374530
0.374487
0.374451
0.374401
0.374318
0.374225
0.374162
0.374135
0.374019
0.374021
0.373989
0.373894
0.373840
0.373745
0.373672
0.373725
0.373650
0.373566
0.373461
0.373417
0.373373
0.373309
0.373289
0.373175
0.373125
0.373102
0.373063
0.373010
0.373023
0.372928
0.372659
0.372484
0.372414
0.372286
0.372149
0.372110
0.372059
0.371977
0.371882
0.371865
0.371727
0.371760
0.371670
0.371637
0.371568
0.371447
0.371385
0.371360
0.371298
0.371253
0.371219
0.371182
0.371149
0.371090
0.371070
0.371044
0.370998
0.370931
0.370947
0.370950
0.370931
0.370901
0.370882
0.370784
0.370826
0.370780
0.370717
0.370710
0.370628
0.370585
0.370559
0.370557
0.370557
0.370620
0.370666
0.370720
0.370753
0.370756
0.370756
0.370700
0.370749
0.370707
0.370670
0.370746
0.370767
0.370730
0.370730
0.370686
0.370763
0.370708
0.370664
0.370691
0.370684
0.370643
0.370666
0.370581
0.370620
0.370641
0.370556
0.370556
0.370521
0.370544
0.370490
0.370490
0.370490
0.370366
0.370445
0.370456
0.370416
0.370416
0.370373
0.370368
0.370339
0.370310
0.370310
0.370239
0.370225
0.370257
0.370243
0.370164
0.370164
0.369789
0.369702
0.369635
0.369613
0.369565
0.369523
0.369437
0.369390
0.369344
0.369376
0.369252
0.369176
0.369134
0.369085
0.369118
0.369109
0.369072
0.369072
0.368975
0.368975
0.368975
0.368938
0.368971
0.368960
0.368969
0.368893
0.368883
0.368883
0.368806
0.368840
0.368870
0.368820
0.368794
0.368759
0.368719
0.368719
0.368719
0.368719
0.368717
0.368678
0.368670
0.368634
0.368606
0.368606
0.368722
0.368694
0.368789
0.368837
0.368921
0.368921
0.368970
0.368984
0.368984
0.369025
0.369001
0.369001
0.369051
0.369015
0.368981
0.368993
0.368993
0.368993
0.369043
0.369043
0.369008
0.369008
0.369008
0.369058
0.369053
0.369053
0.369015
0.368952
0.368918
0.368918
0.368918
0.368918
0.368918
0.368929
0.368929
0.368933
0.368933
0.368933
0.368933
0.368900
0.368900
0.368863
0.368827
0.368795
0.368795
0.368795
0.368539
0.368490
0.368427
0.368411
0.368251
0.368201
0.368186
0.368102
0.368023
0.368023
0.368013
0.368008
0.367966
0.368008
0.368008
0.367939
0.367939
0.367903
0.367911
0.367873
0.367804
0.367767
0.367695
0.367697
0.367665
0.367665
0.367665
0.367700
0.367700
0.367700
0.367700
0.367700
0.367751
0.367720
0.367683
0.367717
0.367716
0.367646
0.367646
0.367646
0.367646
0.367596
0.367596
0.367596
0.367596
0.367805
0.367853
0.367920
0.367933
0.367983
0.367952
0.367926
0.367982
0.367982
0.368031
0.368081
0.368081
0.368165
0.368165
0.368165
0.368215
0.368184
0.368145
0.368195
0.368164
0.368164
0.368164
0.368164
0.368245
0.368245
0.368245
0.368245
0.368245
0.368205
0.368170
0.368139
0.368173
0.368137
0.368192
0.368153
0.368153
0.368153
0.368153
0.368153
0.368153
0.368117
0.368117
0.368117
0.368152
0.368118
0.367819
0.367769
0.367708
0.367628
0.367579
0.367579
0.367490
0.367441
0.367441
0.367428
0.367381
0.367345
0.367299
0.367299
0.367229
0.367186
0.367186
0.367186
0.367149
0.367149
0.367185
0.367185
0.367145
0.367129
0.367129
0.367129
0.367099
0.367099
0.367059
0.367095
0.367065
0.367065
0.367100
0.367116
0.367116
0.367116
0.367116
0.367076
0.367076
0.367041
0.367076
0.367040
0.367011
0.367006
0.367006
0.367006
0.367179
0.367192
0.367290
0.367339
0.367424
0.367424
0.367434
0.367484
0.367569
0.367573
0.367623
0.367611
0.367661
0.367631
0.367631
0.367680
0.367680
0.367680
0.367760
0.367760
0.367796
0.367756
0.367726
0.367776
0.367811
0.367776
0.367706
0.367706
0.367706
0.367706
0.367748
0.367748
0.367798
0.367827
0.367827
0.367797
0.367758
0.367758
0.367758
0.367758
0.367728
0.367738
0.367738
0.367738
0.367773
0.367475
0.367455
0.367391
0.367342
0.367262
0.367262
0.367213
0.367125
0.367160
0.367082
0.367034
0.367034
0.366988
0.366988
0.366982
0.366974
0.366974
0.366974
0.366934
0.366934
0.366904
0.366904
0.366904
0.366848
0.366848
0.366848
0.366848
0.366848
0.366883
0.366883
0.366919
0.366919
0.366919
0.366935
0.366935
0.366865
0.366865
0.366865
0.366900
0.366900
0.366900
0.366900
0.366900
0.366900
0.366900
0.366900
0.367073
0.367068
0.367130
0.367145
0.367245
0.367214
0.367264
0.367313
0.367390
0.367363
0.367413
0.367374
0.367454
0.367454
0.367454
0.367508
0.367536
0.367535
0.367585
0.367585
0.367546
0.367582
0.367582
0.367632
0.367632
0.367632
0.367632
0.367632
0.367632
0.367596
0.367596
0.367600
0.367650
0.367611
0.367576
0.367576
0.367576
0.367576
0.367611
0.367611
0.367611
0.367646
0.367646
0.367646
0.367348
0.367298
0.367199
0.367111
0.367061
0.367061
0.367012
0.366963
0.366963
0.366915
0.366881
0.366881
0.366835
0.366835
0.366835
0.366760
0.366760
0.366760
0.366686
0.366686
0.366686
0.366721
0.366721
0.366798
0.366782
0.366782
0.366782
0.366782
0.366741
0.366741
0.366775
0.366775
0.366775
0.366791
0.366755
0.366797
0.366797
0.366797
0.366797
0.366797
0.366797
0.366797
0.366758
0.366727
0.366727
0.366727
0.366727
0.366900
0.366949
0.367047
0.367096
0.367145
0.367145
0.367195
0.367245
0.367294
0.367329
0.367442
0.367334
0.367434
0.367434
0.367434
0.367484
0.367484
0.367517
0.367567
0.367567
0.367567
0.367567
0.367567
0.367652
0.367587
0.367587
0.367587
0.367586
0.367586
0.367586
0.367586
0.367586
0.367636
0.367636
0.367599
0.367599
0.367599
0.367599
0.367560
0.367560
0.367560
0.367560
0.367560
0.367561
0.367262
0.367212
0.367113
0.367063
0.367013
0.367013
0.366964
0.366914
0.366914
0.366865
0.366822
0.366857
0.366809
0.366809
0.366736
0.366690
0.366726
0.366726
0.366684
0.366684
0.366684
0.366684
0.366731
0.366747
0.366697
0.366697
0.366697
0.366697
0.366660
0.366660
0.366660
0.366660
0.366660
0.366710
0.366710
0.366710
0.366710
0.366747
0.366711
0.366711
0.366711
0.366711
0.366674
0.366674
0.366674
0.366674
0.366674
0.366874
0.366924
0.367024
0.367043
0.367130
0.367119
0.367169
0.367219
0.367269
0.367269
0.367283
0.367283
0.367333
0.367333
0.367332
0.367382
0.367347
0.367347
0.367469
0.367469
0.367469
0.367469
0.367469
0.367519
0.367482
0.367482
0.367482
0.367482
0.367482
0.367482
0.367482
0.367482
0.367569
0.367604
0.367604
0.367604
0.367604
0.367654
0.367658
0.367658
0.367658
0.367658
0.367658
0.367623
0.367322
0.367200
0.367137
0.367087
0.367037
0.367037
0.367029
0.366979
0.366942
0.366892
0.366842
0.366842
0.366792
0.366792
0.366753
0.366703
0.366740
0.366740
0.366690
0.366725
0.366760
0.366760
0.366723
0.366673
0.366673
0.366673
0.366638
0.366638
0.366638
0.366638
0.366675
0.366675
0.366675
0.366725
0.366725
0.366688
0.366688
0.366688
0.366688
0.366688
0.366688
0.366688
0.366688
0.366688
0.366725
0.366725
0.366725
0.366953
0.367003
0.367066
0.367088
0.367138
0.367138
0.367188
0.367238
0.367316
0.367316
0.367366
0.367336
0.367386
0.367386
0.367386
0.367486
0.367449
0.367449
0.367499
0.367499
0.367499
0.367499
0.367499
0.367583
0.367583
0.367587
0.367548
0.367548
0.367548
0.367548
0.367583
0.367583
0.367633
0.367633
0.367633
0.367633
0.367633
0.367633
0.367561
0.367561
0.367598
0.367598
0.367598
0.367525
0.367225
0.367208
0.367108
0.367058
0.367008
0.367008
0.366994
0.366911
0.366911
0.366861
0.366811
0.366811
0.366761
0.366761
0.366761
0.366711
0.366711
0.366744
0.366661
0.366661
0.366661
0.366661
0.366661
0.366611
0.366611
0.366611
0.366611
0.366611
0.366611
0.366611
0.366611
0.366611
0.366611
0.366661
0.366661
0.366696
0.366696
0.366696
0.366700
0.366700
0.366700
0.366728
0.366700
0.366700
0.366700
0.366700
0.366900
0.366950
0.367050
0.367100
0.367178
0.367147
0.367197
0.367297
0.367347
0.367347
0.367397
0.367428
0.367478
0.367478
0.367478
0.367528
0.367528
0.367497
0.367547
0.367547
0.367547
0.367306
0.367860
0.370474
0.375387
0.382301
0.390637
0.399914
0.409288
0.418481
0.427629
0.436663
0.445772
0.454876
0.464123
0.473618
0.483311
0.493086
0.503048
0.513088
0.523088
0.532989
0.542889
0.552788
0.562636
0.572584
0.582432
0.591889
0.600489
0.607688
0.613189
0.616930
0.619030
0.619830
0.619880
0.619530
0.619180
0.618929
0.618879
0.618929
0.619029
0.619079
0.618929
0.618579
0.618129
0.617579
0.616979
0.616529
0.616129
0.615929
0.615879
0.615879
0.615829
0.614929
0.612366
0.607673
0.600990
0.592771
0.583668
0.574575
0.566286
0.559490
0.554478
0.551299
0.549611
0.548862
0.548659
0.548491
0.548165
0.547703
0.547080
0.546467
0.545965
0.545726
0.545705
0.546026
0.546446
0.546866
0.547327
0.547635
0.547888
0.548138
0.548284
0.548421
0.548521
0.548521
0.548521
0.548471
0.548421
0.548334
0.548331
0.548281
0.548278
0.548278
0.548275
0.548275
0.548275
0.548262
0.548262
0.548262
0.548213
0.548213
0.548213
0.548125
0.548072
0.547923
0.547770
0.547570
0.547368
0.547168
0.546965
0.546853
0.546700
0.546501
0.546351
0.546198
0.545999
0.545759
0.545609
0.545406
0.545242
0.545089
0.544890
0.544687
0.544537
0.544372
0.544222
0.544070
0.543870
0.543720
0.543530
0.543380
0.543181
0.542978
0.542779
0.542629
0.542429
0.542227
0.542077
0.541884
0.541682
0.541532
0.541332
0.541180
0.540973
0.540773
0.540621
0.540421
0.540221
0.540072
0.539869
0.539669
0.539489
0.539353
0.539153
0.539003
0.538801
0.538601
0.538414
0.538245
0.538042
0.537892
0.537693
0.537490
0.537340
0.537141
0.536911
0.536758
0.536596
0.536396
0.536206
0.536007
0.535807
0.535685
0.535485
0.535285
0.535135
0.534933
0.534733
0.534553
0.534351
0.534236
0.534037
0.533834
0.533684
0.533485
0.533237
0.533232
0.533319
0.533522
0.533789
0.534024
0.534267
0.534561
0.534844
0.535096
0.535350
0.535548
0.535804
0.536106
0.536359
0.536611
0.536919
0.537168
0.537426
0.537679
0.537932
0.538132
0.538440
0.538693
0.538992
0.539295
0.539548
0.539751
0.540051
0.540339
0.540636
0.540886
0.541168
0.541325
0.541430
0.541634
0.541797
0.542055
0.542312
0.542520
0.542778
0.542983
0.543246
0.543498
0.543799
0.544100
0.544395
0.544643
0.544933
0.545182
0.545480
0.545679
0.545882
0.546037
0.546275
0.546485
0.546669
0.546878
0.547092
0.547302
0.547509
0.547865
0.548115
0.548441
0.548540
0.548487
0.548384
0.548134
0.547834
0.547489
0.547197
0.546859
0.546678
0.546398
0.546165
0.545985
0.545702
0.545470
0.545133
0.544843
0.544414
0.544016
0.543568
0.543170
0.542718
0.542374
0.542022
0.541737
0.541402
0.541126
0.540852
0.540581
0.540311
0.540038
0.539761
0.539427
0.539042
0.538702
0.538298
0.537896
0.537552
0.537114
0.536713
0.536374
0.536041
0.535655
0.535377
0.535010
0.534743
0.534477
0.534200
0.533971
0.533631
0.533252
0.532951
0.532562
0.532158
0.531818
0.531475
0.531130
0.530847
0.530454
0.530131
0.529822
0.529528
0.529131
0.528795
0.528501
0.528153
0.527853
0.527703
0.527499
0.527350
0.527146
0.526899
0.526937
0.527141
0.527386
0.527742
0.527990
0.528226
0.528495
0.528821
0.529196
0.529580
0.529900
0.530305
0.530622
0.530987
0.531425
0.531852
0.532319
0.532756
0.533210
0.533808
0.534307
0.534701
0.535100
0.535573
0.535911
0.536347
0.536846
0.537116
0.537216
0.537256
0.537373
0.537423
0.537578
0.537832
0.538136
0.538399
0.538867
0.539125
0.539388
0.539627
0.539891
0.540062
0.540459
0.540810
0.541139
0.541465
0.541782
0.542158
0.542273
0.542571
0.542739
0.543074
0.543472
0.543744
0.543993
0.544366
0.544691
0.544991
0.545302
0.545725
0.546074
0.546396
0.546816
0.547008
0.547386
0.547756
0.548179
0.548325
0.548531
0.548857
0.549040
0.549424
0.549883
0.550241
0.550386
0.550311
0.550178
0.550018
0.549857
0.549672
0.549439
0.549250
0.549061
0.548929
0.548734
0.548354
0.547996
0.547760
0.547370
0.546909
0.546415
0.545961
0.545465
0.545042
0.544630
0.544176
0.543780
0.543320
0.543007
0.542679
0.542329
0.541936
0.541444
0.541036
0.540533
0.540124
0.539622
0.539144
0.538834
0.538376
0.537905
0.537415
0.537014
0.536609
0.536057
0.535648
0.535091
0.534644
0.534236
0.533751
0.533436
0.532908
0.532506
0.532071
0.531622
0.531209
0.530760
0.530237
0.529788
0.529348
0.528951
0.528488
0.527918
0.527570
0.527034
0.526509
0.526121
0.525623
0.525142
0.524747
0.524266
0.523775
0.523213
0.522790
0.522332
0.521883
0.521472
0.521037
0.520482
0.519848
0.519357
0.518926
0.518448
0.518006
0.517578
0.517122
0.516491
0.516052
0.515533
0.515106
0.514558
0.514226
0.513667
0.513112
0.512736
0.512146
0.511673
0.511151
0.510634
0.510169
0.509575
0.509090
0.508551
0.507900
0.507411
0.506809
0.506239
0.505758
0.505314
0.504812
0.504239
0.503720
0.503283
0.502796
0.502276
0.501951
0.501564
0.501068
0.500705
0.500289
0.499955
0.499409
0.499003
0.498567
0.498096
0.497587
0.497141
0.496717
0.496371
0.495968
0.495495
0.495001
0.494724
0.494224
0.493652
0.493253
0.492938
0.492594
0.492291
0.491869
0.491552
0.491154
0.490898
0.490604
0.490487
0.490320
0.490105
0.490050
0.489787
0.489644
0.489548
0.489456
0.489115
0.488900
0.488645
0.488306
0.487994
0.487604
0.487144
0.486882
0.486662
0.486420
0.486135
0.486001
0.485879
0.485787
0.485650
0.485608
0.485425
0.485319
0.485029
0.484763
0.484362
0.484184
0.483897
0.483534
0.483173
0.482881
0.482554
0.482348
0.482187
0.482006
0.481937
0.481787
0.481618
0.481533
0.481386
0.481213
0.480957
0.480664
0.480436
0.480135
0.479720
0.479374
0.479159
0.478943
0.478763
0.478612
0.478436
0.478271
0.478147
0.477923
0.477744
0.477448
0.477308
0.477093
0.476758
0.476399
0.476097
0.475891
0.475623
0.475377
0.475076
0.474921
0.474783
0.474558
0.474331
0.474155
0.473917
0.473724
0.473489
0.473234
0.472979
0.472778
0.472439
0.472158
0.471953
0.471579
0.471381
0.471132
0.470936
0.470578
0.470349
0.470148
0.469879
0.469682
0.469362
0.469214
0.469212
0.469118
0.468872
0.468461
0.467966
0.467624
0.467171
0.466774
0.466332
0.465972
0.465639
0.465138
0.464650
0.464284
0.463894
0.463500
0.463047
0.462640
0.462187
0.461784
0.461345
0.460976
0.460498
0.460075
0.459671
0.459261
0.458852
0.458448
0.458052
0.457528
0.457081
0.456668
0.456188
0.455783
0.455370
0.454929
0.454475
0.453989
0.453528
0.453074
0.452648
0.452151
0.451704
0.451229
0.450863
0.450292
0.449803
0.449416
0.448918
0.448421
0.447957
0.447430
0.446942
0.446445
0.446055
0.445606
0.445176
0.444748
0.444155
0.443699
0.443210
0.442703
0.442263
0.441856
0.441400
0.440862
0.440456
0.439957
0.439556
0.439100
0.438625
0.438227
0.437813
0.437394
0.436956
0.436589
0.436077
0.435792
0.435355
0.434921
0.434470
0.434100
0.433750
0.433342
0.432988
0.432688
0.432246
0.431896
0.431604
0.431223
0.430777
0.430516
0.430175
0.429878
0.429602
0.429231
0.428900
0.428644
0.428251
0.428059
0.427713
0.427425
0.427212
0.426924
0.426620
0.426352
0.426057
0.425771
0.425527
0.425193
0.424920
0.424662
0.424455
0.424215
0.423997
0.423666
0.423381
0.423094
0.422867
0.422661
0.422452
0.422115
0.421918
0.421555
0.421292
0.421076
0.420874
0.420543
0.420425
0.420117
0.419916
0.419643
0.419382
0.419139
0.418857
0.418548
0.418312
0.418070
0.417745
0.417532
0.417297
0.416954
0.416833
0.416626
0.416350
0.416109
0.415775
0.415508
0.415267
0.414981
0.414663
0.414402
0.414058
0.413730
0.413482
0.413191
0.412911
0.412632
0.412303
0.412108
0.411755
0.411424
0.411118
0.410818
0.410537
0.410172
0.409768
0.409428
0.409182
0.408841
0.408467
0.408203
0.407773
0.407322
0.406906
0.406553
0.406178
0.405807
0.405468
0.405038
0.404665
0.404314
0.403841
0.403451
0.403020
0.402540
0.402173
0.401708
0.401326
0.400839
0.400397
0.399983
0.399507
0.399008
0.398521
0.397999
0.397527
0.397061
0.396552
0.396107
0.395648
0.395146
0.394601
0.394238
0.393729
0.393266
0.392781
0.392229
0.391923
0.391766
0.391689
0.391665
0.391750
0.391871
0.392005
0.392118
0.392119
0.392100
0.392117
0.391856
0.391470
0.391085
0.390611
0.390212
0.389809
0.389410
0.388975
0.388649
0.388596
0.388604
0.388624
0.388828
0.388973
0.389081
0.389244
0.389305
0.389345
0.389150
0.388926
0.388556
0.388250
0.387855
0.387495
0.387190
0.386843
0.386686
0.386618
0.386592
0.386621
0.386743
0.386915
0.387044
0.387168
0.387236
0.387278
0.387155
0.386901
0.386760
0.386390
0.386142
0.385847
0.385550
0.385292
0.385067
0.384983
0.384949
0.385074
0.385063
0.385143
0.385235
0.385279
0.385330
0.385232
0.385089
0.384879
0.384603
0.384404
0.384133
0.383906
0.383886
0.383681
0.383496
0.383396
0.383362
0.383358
0.383303
0.383317
0.383303
0.383259
0.383226
0.383041
0.382803
0.382619
0.382355
0.382129
0.381977
0.381753
0.381495
0.381312
0.381095
0.380978
0.380772
0.380603
0.380331
0.380166
0.379917
0.379700
0.379499
0.379342
0.379141
0.378980
0.378988
0.378784
0.378756
0.378707
0.378589
0.378531
0.378438
0.378249
0.378043
0.377885
0.377636
0.377513
0.377279
0.377108
0.376892
0.376709
0.376454
0.376238
0.375964
0.375818
0.375474
0.375288
0.375048
0.374853
0.374672
0.374417
0.374226
0.374000
0.373834
0.373612
0.373352
0.373103
0.372820
0.372609
0.372441
0.372255
0.372038
0.371849
0.371586
0.371384
0.371137
0.370925
0.370754
0.370351
0.370266
0.369886
0.369634
0.369494
0.369045
0.368738
0.368623
0.368203
0.367763
0.367639
0.367494
0.367098
0.366595
0.366538
0.366344
0.365922
0.365281
0.364908
0.364747
0.364596
0.363972
0.363355
0.363014
0.362903
0.362504
0.361873
0.361295
0.360975
0.360817
0.360309
0.359642
0.359212
0.358911
0.358456
0.357832
0.357497
0.357129
0.356553
0.356135
0.355622
0.355093
0.354523
0.354005
0.353512
0.352994
0.352364
0.351678
0.350932
0.350158
0.349411
0.348743
0.348032
0.347308
0.346430
0.345648
0.344827
0.343961
0.343129
0.342214
0.341381
0.340388
0.339523
0.338577
0.337714
0.336783
0.335921
0.335011
0.333987
0.333128
0.332137
0.331159
0.330210
0.329303
0.328355
0.327328
0.326430
0.325436
0.324473
0.323410
0.322422
0.321452
0.320418
0.319330
0.318302
0.317345
0.316315
0.315310
0.314211
0.313230
0.312280
0.311271
0.310204
0.309245
0.308182
0.307269
0.306307
0.305254
0.304391
0.303348
0.302397
0.301334
0.300430
0.299437
0.298618
0.297629
0.296645
0.295655
0.294803
0.293808
0.292911
0.292002
0.291071
0.290164
0.289226
0.288380
0.287414
0.286548
0.285567
0.284773
0.283818
0.282973
0.282066
0.281207
0.280290
0.279522
0.278604
0.277707
0.276836
0.275993
0.275094
0.274273
0.273417
0.272609
0.271665
0.270940
0.270109
0.269284
0.268403
0.267720
0.266857
0.266086
0.265228
0.264460
0.263744
0.263010
0.262271
0.261454
0.260776
0.260057
0.259251
0.258590
0.257842
0.257074
0.256388
0.255724
0.255006
0.254320
0.253586
0.252940
0.252377
0.251699
0.251061
0.250398
0.249683
0.249027
0.248398
0.247941
0.247305
0.246660
0.246090
0.245469
0.244835
0.244255
0.243678
0.243189
0.242551
0.242076
0.241502
0.240971
0.240294
0.239829
0.239258
0.238677
0.238197
0.237637
0.237013
0.236504
0.235965
0.235531
0.234929
0.234399
0.233869
0.233405
0.232905
0.232398
0.231890
0.231402
0.230796
0.230309
0.229824
0.229323
0.228789
0.228240
0.227680
0.227217
0.226716
0.226268
0.225682
0.225209
0.224848
0.224338
0.223852
0.223439
0.222906
0.222338
0.221949
0.221466
0.221013
0.220630
0.220128
0.219644
0.219350
0.218871
0.218405
0.217919
0.217510
0.217054
0.216643
0.216227
0.215825
0.215417
0.215023
0.214553
0.214142
0.213797
0.213418
0.212902
0.212641
0.212261
0.211797
0.211503
0.211119
0.210738
0.210362
0.209929
0.209618
0.209224
0.208869
0.208480
0.208204
0.207879
0.207441
0.207103
0.206776
0.206375
0.206039
0.205810
0.205416
0.205051
0.204704
0.204324
0.204019
0.203726
0.203381
0.202994
0.202702
0.202334
0.202044
0.201667
0.201345
0.201024
0.200636
0.200543
0.200258
0.199926
0.199547
0.199252
0.198981
0.198730
0.198386
0.198054
0.197721
0.197445
0.197092
0.196835
0.196458
0.196223
0.195872
0.195643
0.195285
0.195110
0.194798
0.194533
0.194278
0.193960
0.193584
0.193240
0.192938
0.192679
0.192336
0.192009
0.191729
0.191438
0.191021
0.190776
0.190375
0.190119
0.189704
0.189440
0.189188
0.188888
0.188650
0.188279
0.187985
0.187640
0.187351
0.187021
0.186644
0.186260
0.185943
0.185530
0.185170
0.184772
0.184510
0.184112
0.183798
0.183363
0.182988
0.182623
0.182321
0.182054
0.181785
0.181417
0.180906
0.180547
0.180136
0.179819
0.179320
0.179025
0.178777
0.178329
0.177879
0.177571
0.177064
0.176611
0.176190
0.175845
0.175463
0.175014
0.174568
0.174152
0.173676
0.173290
0.172799
0.172409
0.172042
0.171569
0.171110
0.170646
0.170183
0.169697
0.169314
0.168835
0.168548
0.168177
0.167688
0.167247
0.166758
0.166183
0.165700
0.165261
0.164725
0.164287
0.163775
0.163320
0.162881
0.162345
0.161791
0.161300
0.160806
0.160323
0.160031
0.159471
0.159003
0.158552
0.158010
0.157562
0.157079
0.156673
0.156165
0.155811
0.155383
0.154894
0.154346
0.153850
0.153329
0.152816
0.152275
0.151702
0.151180
0.150688
0.150295
0.149765
0.149273
0.148745
0.148324
0.147766
0.147256
0.146767
0.146257
0.145920
0.145474
0.144927
0.144429
0.143823
0.143382
0.142933
0.142445
0.141914
0.141561
0.141203
0.140761
0.140169
0.139713
0.139190
0.138655
0.138156
0.137666
0.137081
0.136609
0.136166
0.135631
0.135178
0.134656
0.134235
0.133674
0.133170
0.132686
0.132080
0.131586
0.131020
0.130549
0.130201
0.129848
0.129481
0.129014
0.128523
0.128058
0.127570
0.127117
0.126559
0.126025
0.125573
0.125013
0.124638
0.124261
0.123847
0.123371
0.122915
0.122421
0.121941
0.121409
0.120959
0.120441
0.119969
0.119492
0.118961
0.118474
0.118027
0.117452
0.117058
0.116509
0.116060
0.115620
0.115173
0.114681
0.114233
0.113742
0.113340
0.112999
0.112595
0.112142
0.111824
0.111470
0.111140
0.110719
0.110453
0.110207
0.110077
0.109783
0.109497
0.109106
0.108758
0.108372
0.107940
0.107459
0.106998
0.106482
0.106045
0.105686
0.105382
0.105117
0.104742
0.104313
0.103868
0.103411
0.102885
0.102443
0.101933
0.101443
0.101003
0.100507
0.100023
0.099473
0.099026
0.098535
0.098053
0.097604
0.097127
0.096650
0.096150
0.095712
0.095308
0.095020
0.094781
0.094401
0.094036
0.093568
0.093127
0.092732
0.092339
0.092001
0.091514
0.091138
0.090696
0.090236
0.089765
0.089356
0.088903
0.088544
0.088120
0.087789
0.087548
0.087328
0.087090
0.086642
0.086241
0.086080
0.085815
0.085539
0.085196
0.084869
0.084575
0.084139
0.083800
0.083486
0.083170
0.082885
0.082512
0.082106
0.081798
0.081495
0.081236
0.081093
0.080892
0.080569
0.080291
0.080001
0.079723
0.079445
0.079132
0.078750
0.078509
0.078212
0.078098
0.077822
0.077620
0.077297
0.077053
0.076783
0.076628
0.076312
0.076072
0.075763
0.075567
0.075335
0.075108
0.074912
0.074720
0.074478
0.074227
0.073957
0.073649
0.073461
0.073274
0.073044
0.072751
0.072566
0.072398
0.072265
0.072144
0.072003
0.071689
0.071449
0.071308
0.071094
0.070917
0.070744
0.070467
0.070299
0.070056
0.069849
0.069567
0.069327
0.069232
0.068994
0.068788
0.068585
0.068428
0.068225
0.068031
0.067791
0.067563
0.067333
0.067136
0.066986
0.066745
0.066557
0.066372
0.066215
0.065946
0.065764
0.065544
0.065401
0.065212
0.064997
0.064821
0.064642
0.064433
0.064204
0.064033
0.063823
0.063682
0.063474
0.063344
0.063094
0.062895
0.062802
0.062612
0.062492
0.062427
0.062319
0.062252
0.062125
0.061961
0.061829
0.061670
0.061483
0.061360
0.061262
0.061097
0.060976
0.060797
0.060646
0.060550
0.060310
0.060172
0.060094
0.059916
0.059779
0.059646
0.059511
0.059304
0.059160
0.059028
0.058813
0.058627
0.058464
0.058281
0.058120
0.057942
0.057786
0.057656
0.057498
0.057281
0.057063
0.056935
0.056737
0.056547
0.056320
0.056193
0.055958
0.055799
0.055612
0.055415
0.055169
0.054991
0.054751
0.054543
0.054350
0.054144
0.053959
0.053647
0.053507
0.053233
0.053026
0.052835
0.052618
0.052305
0.051949
0.051578
0.051232
0.050950
0.050599
0.050070
0.049718
0.049405
0.049018
0.048711
0.048382
0.048005
0.047609
0.047223
0.046857
0.046403
0.046081
0.045757
0.045374
0.044988
0.044719
0.044344
0.043952
0.043571
0.043299
0.042904
0.042483
0.042157
0.041888
0.041537
0.041204
0.040853
0.040552
0.040205
0.039905
0.039561
0.039252
0.038943
0.038609
0.038379
0.038045
0.037804
0.037501
0.037203
0.036971
0.036646
0.036349
0.036109
0.035952
0.035723
0.035508
0.035227
0.035031
0.034808
0.034691
0.034520
0.034323
0.034124
0.033989
0.033834
0.033718
0.033529
0.033387
0.033348
0.033233
0.033064
0.032999
0.032834
0.032824
0.032661
0.032615
0.032525
0.032467
0.032485
0.032403
0.032321
0.032239
0.032171
0.032146
0.032013
0.031922
0.031893
0.031867
0.031894
0.031845
0.031855
0.031832
0.031791
0.031768
0.031730
0.031708
0.031679
0.031701
0.031677
0.031596
0.031598
0.031564
0.031614
0.031575
0.031524
0.031553
0.031553
0.031584
0.031605
0.031569
0.031556
0.031566
0.031552
0.031539
0.031547
0.031554
0.031481
0.031527
0.031511
0.031529
0.031545
0.031453
0.031493
0.031503
0.031510
0.031491
0.031482
0.031532
0.031458
0.031429
0.031403
0.031375
0.031364
0.031443
0.031405
0.031393
0.031388
0.031413
0.031390
0.031367
0.031332
0.031352
0.031323
0.031339
0.031303
0.031274
0.031186
0.031235
0.031215
0.031216
0.031227
0.031219
0.031153
0.031169
0.031130
0.031182
0.031086
0.031068
0.031089
0.031079
0.031042
0.030978
0.030994
0.030999
0.030936
0.030959
0.030991
0.030992
0.030929
0.030867
0.030775
0.030863
0.030826
0.030765
0.030723
0.030697
0.030712
0.030701
0.030640
0.030580
0.030597
0.030570
0.030510
0.030427
0.030410
0.030360
0.030380
0.030340
0.030272
0.030214
0.030167
0.030159
0.030116
0.030142
0.030086
0.029968
0.030011
0.029955
0.029878
0.029807
0.029766
0.029761
0.029681
0.029607
0.029570
0.029531
0.029460
0.029502
0.029435
0.029432
0.029382
0.029267
0.029251
0.029184
0.029153
0.029088
0.029027
0.029013
0.028951
0.028920
0.028862
0.028754
0.028743
0.028685
0.028614
0.028567
0.028558
0.028483
0.028430
0.028335
0.028231
0.028264
0.028247
0.028176
0.028222
0.028140
0.028121
0.028077
0.028058
0.028009
0.027919
0.027921
0.027864
0.027819
0.027729
0.027703
0.027612
0.027571
0.027563
0.027543
0.027486
0.027530
0.027456
0.027456
0.027421
0.027340
0.027355
0.027276
0.027276
0.027200
0.027171
0.027157
0.027135
0.027177
0.027108
0.027108
0.027041
0.026938
0.026949
0.026887
0.026914
0.026826
0.026815
0.026831
0.026807
0.026814
0.026776
0.026725
0.026791
0.026709
0.026744
0.026664
0.026666
0.026666
0.026625
0.026625
0.026623
0.026616
0.026610
0.026587
0.026627
0.026554
0.026569
0.026535
0.026552
0.026552
0.026472
0.026548
0.026462
0.026530
0.026508
0.026464
0.026488
0.026488
0.026495
0.026522
0.026522
0.026508
0.026470
0.026454
0.026411
0.026468
0.026468
