1.479064
1.303050
1.135880
1.015885
0.947058
0.917255
0.908828
0.909427
0.909894
0.909116
0.907671
0.906216
0.905387
0.904953
0.904787
0.904557
0.904023
0.903379
0.902615
0.901762
0.900795
0.899804
0.898705
0.897759
0.896872
0.895712
0.894750
0.893272
0.892124
0.891060
0.889778
0.888519
0.887516
0.886128
0.884920
0.883738
0.882445
0.881164
0.879846
0.878619
0.877514
0.876168
0.875097
0.874144
0.873074
0.871938
0.870655
0.869322
0.867984
0.866500
0.864868
0.863268
0.861726
0.860246
0.858680
0.857270
0.855750
0.854046
0.852375
0.850879
0.849314
0.847946
0.846389
0.845009
0.843348
0.841708
0.840103
0.838204
0.836652
0.834527
0.832950
0.831038
0.829065
0.827054
0.825219
0.823099
0.821294
0.819648
0.817726
0.815844
0.813850
0.811801
0.809782
0.807923
0.805735
0.803650
0.801608
0.799413
0.797338
0.795109
0.793040
0.790952
0.788768
0.786707
0.784593
0.782419
0.780237
0.778171
0.776043
0.773950
0.771792
0.769686
0.767536
0.765430
0.763196
0.761117
0.759192
0.757683
0.756025
0.754204
0.752591
0.750955
0.749501
0.747960
0.746582
0.745185
0.743704
0.742388
0.740977
0.739458
0.737964
0.736617
0.735116
0.733716
0.732315
0.730777
0.729276
0.727885
0.726484
0.725378
0.724131
0.722639
0.721405
0.720036
0.718692
0.717317
0.715874
0.714460
0.713077
0.711858
0.710497
0.709201
0.707875
0.706692
0.705393
0.704121
0.702946
0.701686
0.700247
0.698874
0.697437
0.695962
0.694390
0.692990
0.691600
0.690065
0.688576
0.687138
0.685592
0.684108
0.682569
0.680980
0.679617
0.677801
0.676122
0.674212
0.672365
0.670298
0.668484
0.666527
0.664685
0.662658
0.660464
0.658428
0.656238
0.654205
0.652198
0.650009
0.648029
0.646011
0.643831
0.641620
0.639622
0.637404
0.635515
0.633391
0.631322
0.629162
0.627319
0.625034
0.622734
0.621040
0.619357
0.617552
0.615699
0.613849
0.612102
0.610116
0.608403
0.606685
0.604733
0.602848
0.601037
0.599236
0.597330
0.595526
0.593743
0.591908
0.589990
0.588211
0.586296
0.584476
0.582480
0.580698
0.578742
0.576921
0.574949
0.573204
0.571082
0.569105
0.567161
0.565282
0.563431
0.561529
0.559608
0.557472
0.555560
0.553503
0.551438
0.549435
0.547367
0.545375
0.543320
0.541357
0.539195
0.537167
0.534990
0.532934
0.530847
0.528674
0.526679
0.524616
0.522512
0.520287
0.518036
0.515859
0.513826
0.511723
0.509420
0.507210
0.505004
0.502715
0.500474
0.498285
0.495976
0.493810
0.491497
0.489305
0.487144
0.484938
0.482851
0.480572
0.478341
0.476127
0.473837
0.471555
0.469426
0.467251
0.465103
0.462748
0.460513
0.458366
0.456228
0.453942
0.451724
0.449518
0.447443
0.445313
0.443071
0.440938
0.438692
0.436860
0.434855
0.432764
0.430708
0.428525
0.426357
0.424419
0.422233
0.420195
0.418138
0.416091
0.413940
0.411978
0.410066
0.408097
0.406143
0.404114
0.402074
0.400026
0.398141
0.396198
0.394280
0.392366
0.390441
0.388762
0.386863
0.384950
0.383072
0.381241
0.379248
0.377382
0.375497
0.373650
0.371824
0.369913
0.368004
0.366281
0.364521
0.362753
0.360815
0.359124
0.357281
0.355546
0.353928
0.352151
0.350502
0.348666
0.347041
0.345336
0.343807
0.342155
0.340566
0.338734
0.337145
0.335347
0.333771
0.332062
0.330411
0.328743
0.327209
0.325698
0.324055
0.322375
0.320781
0.319198
0.317648
0.315974
0.314350
0.312790
0.311247
0.309684
0.308132
0.306427
0.304916
0.303435
0.301822
0.300458
0.299077
0.297536
0.295970
0.294441
0.292964
0.291391
0.289875
0.288347
0.286825
0.285283
0.283732
0.282347
0.280876
0.279329
0.277853
0.276328
0.274963
0.273426
0.272093
0.270594
0.269147
0.267655
0.266315
0.264871
0.263413
0.262153
0.260845
0.259452
0.258064
0.256802
0.255361
0.254122
0.252841
0.251550
0.250274
0.248986
0.247719
0.246368
0.245127
0.243842
0.242626
0.241486
0.240122
0.238758
0.237556
0.236296
0.235058
0.233991
0.232754
0.231556
0.230343
0.229078
0.227971
0.226736
0.225655
0.224638
0.223401
0.222265
0.220856
0.219363
0.217768
0.216173
0.214826
0.213352
0.211856
0.210483
0.209084
0.207687
0.206255
0.204815
0.203298
0.201882
0.200395
0.198936
0.197429
0.195967
0.194431
0.192953
0.191645
0.190221
0.188769
0.187352
0.186008
0.184517
0.183400
0.182030
0.180784
0.179333
0.178124
0.176788
0.175563
0.174133
0.172937
0.171634
0.170463
0.169079
0.167854
0.166646
0.165428
0.164121
0.163050
0.161852
0.160655
0.159664
0.158372
0.157331
0.156171
0.154978
0.153822
0.152602
0.151472
0.150305
0.149322
0.148207
0.147220
0.146239
0.145212
0.144316
0.143258
0.142252
0.141149
0.140090
0.139189
0.138184
0.137282
0.136151
0.135218
0.134186
0.133332
0.132387
0.131380
0.130314
0.129439
0.128469
0.127529
0.126519
0.125706
0.124666
0.123710
0.122797
0.121972
0.121110
0.120215
0.119326
0.118486
0.117607
0.116685
0.115777
0.114954
0.114189
0.113193
0.112456
0.111794
0.110825
0.109923
0.109149
0.108359
0.107558
0.106717
0.105873
0.105145
0.104292
0.103424
0.102559
0.101702
0.100994
0.100113
0.099304
0.098545
0.097768
0.096987
0.096049
0.095359
0.094601
0.093726
0.092907
0.092155
0.091389
0.090613
0.089892
0.089078
0.088492
0.087621
0.086960
0.086234
0.085363
0.084807
0.084241
0.083484
0.082869
0.082226
0.081542
0.080865
0.080357
0.079578
0.078919
0.078265
0.077665
0.077088
0.076354
0.075820
0.075208
0.074571
0.073983
0.073429
0.072829
0.072195
0.071771
0.071271
0.070568
0.069978
0.069454
0.068981
0.068458
0.067999
0.067413
0.066880
0.066370
0.065879
0.065319
0.064810
0.064468
0.064173
0.063686
0.063333
0.062795
0.062371
0.062004
0.061454
0.061103
0.060706
0.060212
0.059811
0.059277
0.058843
0.058503
0.058220
0.057641
0.057329
0.056956
0.056543
0.056240
0.055825
0.055476
0.055140
0.054764
0.054520
0.054069
0.053815
0.053544
0.053129
0.052764
0.052559
0.052317
0.052081
0.051847
0.051492
0.051264
0.050997
0.050698
0.050404
0.050168
0.049882
0.049697
0.049364
0.049138
0.048934
0.048708
0.048503
0.048165
0.047934
0.047757
0.047516
0.047339
0.047091
0.046836
0.046612
0.046422
0.046264
0.046113
0.045906
0.045717
0.045511
0.045369
0.045257
0.045054
0.044877
0.044791
0.044600
0.044365
0.044209
0.044086
0.043953
0.043860
0.043692
0.043470
0.043422
0.043153
0.043097
0.042848
0.042716
0.042517
0.042486
0.042442
0.042281
0.042147
0.042028
0.041874
0.041732
0.041628
0.041469
0.041385
0.041310
0.041158
0.041064
0.040997
0.040800
0.040690
0.040668
0.040433
0.040421
0.040351
0.040295
0.040138
0.040128
0.039925
0.039787
0.039584
0.039489
0.039404
0.039357
0.039171
0.039124
0.039003
0.038980
0.038887
0.038831
0.038690
0.038701
0.038604
0.038540
0.038456
0.038266
0.038230
0.038076
0.038096
0.037968
0.037867
0.037736
0.037717
0.037671
0.037605
0.037510
0.037524
0.037408
0.037372
0.037276
0.037159
0.037136
0.036973
0.036923
0.036880
0.036766
0.036766
0.036774
0.036683
0.036572
0.036447
0.036402
0.036350
0.036242
0.036181
0.036097
0.036103
0.036070
0.035979
0.035940
0.035921
0.035816
0.035811
0.035825
0.035760
0.035721
0.035660
0.035601
0.035619
0.035431
0.035406
0.035417
0.035328
0.035254
0.035192
0.035125
0.035132
0.035078
0.034982
0.034891
0.034843
0.034874
0.034828
0.034752
0.034651
0.034591
0.034604
0.034587
0.034551
0.034531
0.034419
0.034287
0.034261
0.034238
0.034179
0.034159
0.034146
0.034012
0.033948
0.033917
0.033823
0.033738
0.033674
0.033658
0.033669
0.033578
0.033541
0.033560
0.033437
0.033447
0.033398
0.033329
0.033245
0.033234
0.033271
0.033222
0.033177
0.033177
0.033116
0.032986
0.033002
0.033034
0.032925
0.032925
0.032903
0.032842
0.032764
0.032704
0.032732
0.032666
0.032603
0.032607
0.032608
0.032562
0.032504
0.032464
0.032497
0.032345
0.032285
0.032314
0.032321
0.032237
0.032202
0.032156
0.032110
0.032132
0.032164
0.032081
0.031967
0.031967
0.031976
0.032039
0.031892
0.031898
0.031931
0.031843
0.031786
0.031812
0.031739
0.031712
0.031627
0.031661
0.031665
0.031662
0.031572
0.031494
0.031468
0.031436
0.031408
0.031477
0.031468
0.031468
0.031398
0.031384
0.031278
0.031236
0.031236
0.031210
0.031210
0.031172
0.031134
0.031134
0.031039
0.031032
0.031090
0.031040
0.030985
0.030948
0.030982
0.030978
0.030941
0.030774
0.030724
0.030737
0.030707
0.030735
0.030700
0.030645
0.030603
0.030599
0.030514
0.030428
0.030428
0.030389
0.030424
0.030388
0.030361
0.030290
0.030290
0.030289
0.030281
0.030222
0.030098
0.030100
0.030057
0.030013
0.029989
0.030036
0.029930
0.029936
0.029936
0.029913
0.029913
0.029876
0.029791
0.029820
0.029836
0.029836
0.029836
0.029836
0.029786
0.029699
0.029699
0.029699
0.029662
0.029651
0.029626
0.029637
0.029603
0.029574
0.029556
0.029599
0.029607
0.029649
0.029658
0.029597
0.029579
0.029590
0.029554
0.029554
0.029538
0.029521
0.029558
0.029534
0.029534
0.029487
0.029472
0.029373
0.029371
0.029373
0.029373
0.029359
0.029359
0.029359
0.029308
0.029308
0.029332
0.029294
0.029269
0.029269
0.029269
0.029222
0.029186
0.029186
0.029186
0.029186
0.029151
0.029141
0.029104
0.029104
0.029141
0.029117
0.029047
0.028997
0.028980
0.028973
0.028967
0.028932
0.028919
0.028914
0.028846
0.028846
0.028843
0.028843
0.028842
0.028874
0.028839
0.028838
0.028803
0.028781
0.028765
0.028689
0.028689
0.028689
0.028689
0.028688
0.028686
0.028686
0.028638
0.028617
0.028545
0.028545
0.028544
0.028544
0.028509
0.028509
0.028509
0.028510
0.028510
0.028471
0.028427
0.028427
0.028427
0.028395
0.028395
0.028395
0.028404
0.028408
0.028419
0.028446
0.028433
0.028433
0.028409
0.028373
0.028373
0.028388
0.028364
0.028329
0.028340
0.028340
0.028408
0.028408
0.028408
0.028355
0.028367
0.028286
0.028286
0.028295
0.028295
0.028308
0.028274
0.028274
0.028303
0.028349
0.028349
0.028349
0.028304
0.028304
0.028339
0.028364
0.028364
0.028364
0.028343
0.028302
0.028317
0.028284
0.028251
0.028244
0.028244
0.028244
0.028208
0.028174
0.028174
0.028104
0.028095
0.028017
0.028025
0.028019
0.028019
0.027981
0.027942
0.027972
0.027988
0.027985
0.027940
0.027937
0.027900
0.027902
0.027900
0.027900
0.027900
0.027899
0.027899
0.027874
0.027874
0.027879
0.027879
0.027879
0.027879
0.027884
0.027884
0.027884
0.027801
0.027801
0.027823
0.027823
0.027823
0.027823
0.027823
0.027823
0.027852
0.027807
0.027807
0.027793
0.027758
0.027758
0.027781
0.027791
0.027795
0.027757
0.027763
0.027771
0.027795
0.027803
0.027812
0.027850
0.027793
0.027790
0.027771
0.027782
0.027782
0.027741
0.027787
0.027787
0.027814
0.027826
0.027826
0.027781
0.027781
0.027781
0.027823
0.027823
0.027823
0.027741
0.027741
0.027741
0.027696
0.027726
0.027736
0.027736
0.027749
0.027714
0.027714
0.027748
0.027778
0.027778
0.027734
0.027734
0.027696
0.027696
0.027696
0.027696
0.027686
0.027616
0.027606
0.027590
0.027539
0.027533
0.027533
0.027559
0.027554
0.027550
0.027550
0.027547
0.027547
0.027544
0.027544
0.027465
0.027458
0.027425
0.027394
0.027393
0.027393
0.027393
0.027393
0.027384
0.027384
0.027418
0.027375
0.027375
0.027375
0.027375
0.027302
0.027302
0.027288
0.027289
0.027324
0.027324
0.027324
0.027324
0.027281
0.027281
0.027281
0.027251
0.027251
0.027218
0.027218
0.027254
0.027263
0.027268
0.027278
0.027284
0.027308
0.027266
0.027267
0.027275
0.027275
0.027253
0.027263
0.027263
0.027311
0.027311
0.027311
0.027323
0.027323
0.027323
0.027304
0.027304
0.027233
0.027233
0.027233
0.027246
0.027238
0.027238
0.027277
0.027277
0.027277
0.027277
0.027216
0.027255
0.027255
0.027268
0.027268
0.027268
0.027268
0.027228
0.027221
0.027221
0.027193
0.027193
0.027193
0.027193
0.027193
0.027193
0.027202
0.027161
0.027114
0.027081
0.027069
0.027069
0.027064
0.027091
0.027086
0.027121
0.027041
0.027041
0.027012
0.027051
0.027051
0.027049
0.027049
0.027009
0.027008
0.027008
0.026983
0.026983
0.026983
0.026983
0.026949
0.026949
0.026949
0.026949
0.026925
0.026959
0.026959
0.026959
0.026960
0.026960
0.026960
0.026922
0.026865
0.026835
0.026878
0.026878
0.026878
0.026878
0.026878
0.026878
0.026866
0.026870
0.026881
0.026887
0.026894
0.026894
0.026902
0.026877
0.026857
0.026867
0.026837
0.026837
0.026848
0.026831
0.026831
0.026856
0.026823
0.026823
0.026835
0.026835
0.026835
0.026835
0.026835
0.026817
0.026830
0.026830
0.026794
0.026794
0.026794
0.026794
0.026794
0.026777
0.026740
0.026754
0.026791
0.026791
0.026791
0.026791
0.026761
0.026745
0.026745
0.026745
0.026743
0.026743
0.026667
0.026667
0.026653
0.026582
0.026610
0.026594
0.026587
0.026580
0.026580
0.026575
0.026557
0.026553
0.026553
0.026512
0.026512
0.026510
0.026510
0.026498
0.026496
0.026533
0.026533
0.026532
0.026532
0.026532
0.026532
0.026560
0.026523
0.026523
0.026523
0.026523
0.026523
0.026475
0.026428
0.026425
0.026425
0.026458
0.026458
0.026458
0.026458
0.026389
0.026419
0.026419
0.026419
0.026419
0.026389
0.026389
0.026389
0.026392
0.026433
0.026467
0.026473
0.026443
0.026379
0.026387
0.026433
0.026428
0.026406
0.026416
0.026416
0.026426
0.026426
0.026462
0.026470
0.026470
0.026502
0.026514
0.026475
0.026475
0.026475
0.026472
0.026485
0.026485
0.026485
0.026485
0.026453
0.026453
0.026453
0.026453
0.026484
0.026484
0.026498
0.026498
0.026498
0.026499
0.026499
0.026499
0.026499
0.026499
0.026499
0.026499
0.026501
0.026501
0.026501
0.026501
0.026431
0.026421
0.026405
0.026402
0.026395
0.026395
0.026351
0.026346
0.026342
0.026309
0.026311
0.026311
0.026277
0.026277
0.026247
0.026245
0.026278
0.026284
0.026313
0.026313
0.026313
0.026313
0.026280
0.026258
0.026225
0.026272
0.026272
0.026272
0.026272
0.026272
0.026314
0.026314
0.026315
0.026315
0.026315
0.026315
0.026292
0.026292
0.026292
0.026292
0.026292
0.026294
0.026294
0.026306
0.026315
0.026319
0.026290
0.026297
0.026304
0.026317
0.026325
0.026333
0.026333
0.026342
0.026352
0.026367
0.026377
0.026377
0.026377
0.026389
0.026397
0.026412
0.026424
0.026424
0.026424
0.026424
0.026441
0.026499
0.026499
0.026499
0.026499
0.026499
0.026517
0.026517
0.026517
0.026555
0.026555
0.026587
0.026587
0.026587
0.026587
0.026587
0.026510
0.026530
0.026530
0.026530
0.026530
0.026530
0.026530
0.026817
0.027702
0.030376
0.035318
0.042361
0.050913
0.060503
0.070271
0.080144
0.089960
0.099605
0.108840
0.117815
0.126917
0.136200
0.145848
0.155801
0.165994
0.176126
0.186401
0.196475
0.206201
0.215079
0.222568
0.228607
0.232740
0.235337
0.236840
0.237285
0.237533
0.237644
0.237786
0.238224
0.238952
0.239574
0.240304
0.240878
0.241197
0.241477
0.241557
0.241759
0.241912
0.242242
0.242715
0.243210
0.244030
0.244725
0.245598
0.246371
0.247092
0.247829
0.248432
0.248074
0.246204
0.242190
0.236100
0.228467
0.219976
0.211117
0.202375
0.193922
0.185638
0.177547
0.169282
0.160928
0.152299
0.143383
0.134334
0.125244
0.116110
0.107084
0.098329
0.090309
0.083829
0.079572
0.077326
0.076702
0.076422
0.076118
0.075908
0.075490
0.075035
0.074858
0.074977
0.074908
0.074809
0.074303
0.073616
0.072715
0.071887
0.070997
0.070321
0.069738
0.069382
0.069128
0.068792
0.068613
0.068351
0.067972
0.067556
0.067218
0.066903
0.066507
0.066108
0.065796
0.065400
0.065084
0.064734
0.064420
0.064165
0.063903
0.063501
0.063233
0.062920
0.062569
0.062244
0.061842
0.061649
0.061336
0.061009
0.060690
0.060466
0.060179
0.060126
0.059815
0.059614
0.059297
0.059074
0.058788
0.058526
0.058419
0.058163
0.057949
0.057679
0.057405
0.057165
0.056980
0.056797
0.056597
0.056439
0.056217
0.055980
0.055773
0.055600
0.055470
0.055427
0.055274
0.055147
0.054943
0.054728
0.054551
0.054347
0.054178
0.054002
0.053929
0.053747
0.053593
0.053323
0.053216
0.053019
0.052940
0.052699
0.052615
0.052497
0.052342
0.052191
0.052079
0.051978
0.051802
0.051722
0.051607
0.051424
0.051262
0.051134
0.051024
0.050917
0.050635
0.050526
0.050393
0.050275
0.050167
0.050042
0.049897
0.049688
0.049619
0.049491
0.049281
0.049177
0.049106
0.048869
0.048794
0.048647
0.048518
0.048441
0.048302
0.048157
0.048047
0.047935
0.047773
0.047712
0.047570
0.047516
0.047347
0.047249
0.047172
0.046937
0.046735
0.046709
0.046614
0.046496
0.046410
0.046296
0.046226
0.046150
0.046027
0.045941
0.045813
0.045647
0.045460
0.045371
0.045184
0.045078
0.045012
0.044896
0.044886
0.044713
0.044633
0.044489
0.044425
0.044267
0.044110
0.044055
0.043945
0.043779
0.043628
0.043659
0.043522
0.043499
0.043336
0.043189
0.043117
0.043030
0.042794
0.042725
0.042624
0.042572
0.042399
0.042298
0.042198
0.042057
0.041956
0.041915
0.041825
0.041751
0.041627
0.041518
0.041329
0.041219
0.041077
0.041040
0.040897
0.040851
0.040655
0.040629
0.040495
0.040395
0.040295
0.040251
0.040095
0.040023
0.039913
0.039807
0.039659
0.039551
0.039357
0.039221
0.039010
0.038955
0.038803
0.038797
0.038732
0.038656
0.038475
0.038387
0.038374
0.038202
0.038108
0.037998
0.037976
0.037823
0.037823
0.037639
0.037474
0.037422
0.037360
0.037301
0.037130
0.037033
0.036990
0.036995
0.036873
0.036799
0.036708
0.036610
0.036408
0.036397
0.036327
0.036207
0.036117
0.036086
0.035932
0.035878
0.035786
0.035666
0.035644
0.035485
0.035466
0.035379
0.035268
0.035256
0.035125
0.035041
0.034868
0.034894
0.034775
0.034687
0.034640
0.034534
0.034478
0.034435
0.034375
0.034297
0.034171
0.034082
0.034107
0.033979
0.033938
0.033860
0.033820
0.033732
0.033694
0.033571
0.033483
0.033396
0.033311
0.033225
0.033207
0.033134
0.033085
0.033012
0.032928
0.032831
0.032778
0.032746
0.032628
0.032593
0.032548
0.032463
0.032347
0.032302
0.032216
0.032192
0.032163
0.032015
0.031945
0.031859
0.031761
0.031721
0.031605
0.031572
0.031518
0.031483
0.031402
0.031362
0.031278
0.031229
0.031178
0.031084
0.031017
0.030978
0.030947
0.030839
0.030838
0.030733
0.030715
0.030638
0.030638
0.030554
0.030537
0.030462
0.030397
0.030313
0.030255
0.030208
0.030224
0.030174
0.030140
0.030063
0.030063
0.030056
0.029972
0.029927
0.029897
0.029897
0.029811
0.029749
0.029657
0.029620
0.029546
0.029492
0.029491
0.029501
0.029507
0.029458
0.029357
0.029292
0.029300
0.029257
0.029266
0.029219
0.029136
0.029209
0.029209
0.029061
0.029051
0.029009
0.029009
0.029021
0.028947
0.028926
0.028926
0.028824
0.028837
0.028767
0.028734
0.028714
0.028674
0.028642
0.028642
0.028527
0.028530
0.028511
0.028524
0.028486
0.028486
0.028456
0.028387
0.028344
0.028325
0.028288
0.028288
0.028259
0.028297
0.028261
0.028217
0.028091
0.028046
0.028030
0.028001
0.027987
0.027952
0.027965
0.027916
0.027896
0.027830
0.027770
0.027770
0.027773
0.027739
0.027695
0.027694
0.027694
0.027640
0.027584
0.027584
0.027616
0.027623
0.027578
0.027547
0.027547
0.027547
0.027428
0.027453
0.027387
0.027343
0.027343
0.027343
0.027343
0.027276
0.027276
0.027308
0.027291
0.027247
0.027235
0.027207
0.027179
0.027179
0.027147
0.027185
0.027185
0.027194
0.027127
0.027124
0.027131
0.027138
0.027130
0.027127
0.027127
0.027127
0.027066
0.027076
0.027076
0.027087
0.027087
0.027103
0.027069
0.027069
0.027044
0.027013
0.027013
0.027013
0.027007
0.026963
0.026976
0.026941
0.026941
0.026941
0.026941
0.026874
0.026912
0.026880
0.026880
0.026839
0.026865
0.026865
0.026834
0.026866
0.026828
0.026786
0.026786
0.026753
0.026753
0.026753
0.026729
0.026721
0.026689
0.026680
0.026632
0.026624
0.026549
0.026508
0.026516
0.026543
0.026543
0.026501
0.026495
0.026530
0.026494
0.026494
0.026494
0.026492
0.026530
0.026530
0.026489
0.026489
0.026489
0.026489
0.026437
0.026436
0.026452
0.026458
0.026458
0.026458
0.026458
0.026458
0.026458
0.026496
0.026397
0.026398
0.026398
0.026398
0.026398
0.026398
0.026398
0.026398
0.026398
0.026360
0.026354
0.026354
0.026354
0.026354
0.026363
0.026405
0.026415
0.026384
0.026391
0.026391
0.026400
0.026409
0.026399
0.026399
0.026409
0.026385
0.026357
0.026375
0.026375
0.026384
0.026384
0.026422
0.026434
0.026434
0.026418
0.026418
0.026418
0.026430
0.026430
0.026394
0.026394
0.026394
0.026356
0.026375
0.026375
0.026348
0.026399
0.026387
0.026387
0.026387
0.026387
0.026387
0.026387
0.026387
0.026431
0.026431
0.026431
0.026431
0.026431
0.026345
0.026336
0.026320
0.026305
0.026299
0.026299
0.026293
0.026288
0.026288
0.026284
0.026279
0.026245
0.026242
0.026282
0.026282
0.026302
0.026302
0.026302
0.026260
0.026258
0.026258
0.026258
0.026258
0.026258
0.026258
0.026258
0.026270
0.026270
0.026270
0.026270
0.026293
0.026293
0.026293
0.026293
0.026252
0.026230
0.026230
0.026230
0.026233
0.026273
0.026273
0.026273
0.026273
0.026273
0.026273
0.026341
0.026345
0.026355
0.026362
0.026410
0.026410
0.026418
0.026427
0.026427
0.026436
0.026414
0.026414
0.026425
0.026425
0.026425
0.026500
0.026500
0.026500
0.026512
0.026512
0.026512
0.026512
0.026512
0.026493
0.026493
0.026493
0.026493
0.026493
0.026493
0.026518
0.026550
0.026550
0.026518
0.026532
0.026532
0.026532
0.026532
0.026500
0.026500
0.026500
0.026500
0.026500
0.026500
0.026500
0.026571
0.026571
0.026500
0.026491
0.026475
0.026468
0.026429
0.026429
0.026424
0.026419
0.026415
0.026415
0.026412
0.026412
0.026409
0.026441
0.026431
0.026429
0.026429
0.026397
0.026434
0.026434
0.026434
0.026406
0.026406
0.026406
0.026406
0.026406
0.026406
0.026368
0.026368
0.026368
0.026397
0.026397
0.026397
0.026435
0.026435
0.026435
0.026435
0.026435
0.026452
0.026452
0.026414
0.026414
0.026414
0.026414
0.026414
0.026423
0.026427
0.026475
0.026511
0.026518
0.026518
0.026526
0.026534
0.026534
0.026506
0.026548
0.026500
0.026511
0.026511
0.026511
0.026522
0.026522
0.026560
0.026572
0.026572
0.026572
0.026572
0.026513
0.026558
0.026589
0.026589
0.026589
0.026589
0.026556
0.026556
0.026556
0.026594
0.026594
0.026610
0.026610
0.026610
0.026572
0.026572
0.026572
0.026604
0.026604
0.026604
0.026604
0.026604
0.026604
0.026465
0.026455
0.026439
0.026432
0.026426
0.026426
0.026420
0.026415
0.026415
0.026475
0.026472
0.026472
0.026469
0.026469
0.026469
0.026467
0.026435
0.026435
0.026434
0.026434
0.026434
0.026434
0.026434
0.026433
0.026433
0.026430
0.026430
0.026430
0.026430
0.026430
0.026430
0.026430
0.026398
0.026398
0.026398
0.026398
0.026398
0.026398
0.026398
0.026371
0.026404
0.026404
0.026404
0.026404
0.026404
0.026389
0.026398
0.026402
0.026413
0.026387
0.026394
0.026394
0.026402
0.026410
0.026419
0.026419
0.026462
0.026462
0.026472
0.026472
0.026472
0.026484
0.026449
0.026449
0.026461
0.026429
0.026429
0.026429
0.026429
0.026442
0.026442
0.026442
0.026474
0.026474
0.026474
0.026474
0.026474
0.026474
0.026487
0.026487
0.026419
0.026387
0.026387
0.026387
0.026387
0.026387
0.026387
0.026419
0.026419
0.026419
0.026419
0.026349
0.026340
0.026323
0.026316
0.026310
0.026310
0.026271
0.026234
0.026234
0.026229
0.026226
0.026226
0.026256
0.026256
0.026256
0.026254
0.026254
0.026254
0.026253
0.026253
0.026253
0.026253
0.026253
0.026252
0.026187
0.026187
0.026187
0.026219
0.026219
0.026219
0.026219
0.026184
0.026184
0.026185
0.026220
0.026220
0.026220
0.026185
0.026185
0.026185
0.026185
0.026185
0.026185
0.026152
0.026187
0.026196
0.026200
0.026211
0.026217
0.026224
0.026224
0.026232
0.026240
0.026240
0.026250
0.026260
0.026260
0.026270
0.026270
0.026270
0.026282
0.026282
0.026250
0.026262
0.026262
0.026226
0.026226
0.026226
0.026239
0.026239
0.026239
0.026239
0.026239
0.026239
0.026239
0.026239
0.026239
0.026239
0.026252
0.026252
0.026252
0.026252
0.026252
0.026221
0.026221
0.026221
0.026221
0.026221
0.026221
0.026221
0.026221
0.026151
0.026142
0.026125
0.026118
0.026076
0.026076
0.026071
0.026066
0.026062
0.026062
0.026058
0.026058
0.026056
0.026097
0.026066
0.026064
0.026064
0.026064
0.026063
0.026063
0.026063
0.026063
0.026063
0.026063
0.026063
0.026063
0.026063
0.026063
0.026063
0.026063
0.026063
0.026063
0.026063
0.026028
0.026028
0.026028
0.026028
0.026028
0.025997
0.025997
0.025997
0.025997
0.025997
0.025997
0.025997
0.025985
0.025989
0.026000
0.026006
0.026013
0.026013
0.026021
0.026029
0.026029
0.026039
0.026048
0.026048
0.026059
0.026059
0.026059
0.026071
0.026071
0.026035
0.026047
0.026047
0.026017
0.026017
0.026017
0.026004
0.026004
0.026004
0.026004
0.026004
0.026004
0.026004
0.026004
0.026004
0.026004
0.026017
0.026017
0.026017
0.026017
0.026017
0.026017
0.026017
0.026017
0.026017
0.026017
0.026017
0.026017
0.025947
0.025938
0.025886
0.025879
0.025873
0.025873
0.025837
0.025832
0.025832
0.025828
0.025825
0.025825
0.025822
0.025822
0.025822
0.025820
0.025820
0.025820
0.025819
0.025819
0.025819
0.025819
0.025819
0.025819
0.025819
0.025819
0.025819
0.025819
0.025819
0.025819
0.025819
0.025819
0.025819
0.025819
0.025819
0.025784
0.025784
0.025784
0.025784
0.025784
0.025784
0.025784
0.025784
0.025784
0.025784
0.025754
0.025763
0.025767
0.025778
0.025784
0.025791
0.025791
0.025799
0.025808
0.025817
0.025817
0.025827
0.025827
0.025837
0.025837
0.025837
0.025849
0.025849
0.025849
0.025861
0.025861
0.025861
0.025861
0.025861
0.025874
0.025839
0.025839
0.025839
0.025839
0.025839
0.025839
0.025839
0.025839
0.025852
0.025852
0.025852
0.025852
0.025852
0.025852
0.025852
0.025852
0.025852
0.025852
0.025852
0.025852
0.025852
0.025782
0.025773
0.025756
0.025749
0.025743
0.025714
0.025708
0.025703
0.025703
0.025699
0.025696
0.025696
0.025693
0.025693
0.025693
0.025691
0.025691
0.025691
0.025690
0.025655
0.025655
0.025655
0.025655
0.025655
0.025655
0.025655
0.025655
0.025655
0.025655
0.025655
0.025655
0.025655
0.025655
0.025655
0.025655
0.025655
0.025655
0.025655
0.025655
0.025655
0.025655
0.025655
0.025655
0.025655
0.025655
0.025664
0.025669
0.025679
0.025685
0.025692
0.025692
0.025700
0.025709
0.025709
0.025718
0.025728
0.025728
0.025739
0.025739
0.025739
0.025750
0.025750
0.025750
0.025762
0.025762
0.025762
0.025729
0.025729
0.025741
0.025741
0.025741
0.025741
0.025741
0.025741
0.025741
0.025741
0.025741
0.025741
0.025755
0.025755
0.025755
0.025755
0.025755
0.025725
0.025725
0.025725
0.025725
0.025725
0.025725
0.025725
0.025725
0.025655
0.025646
0.025630
0.025623
0.025616
0.025616
0.025611
0.025606
0.025602
0.025602
0.025598
0.025598
0.025596
0.025596
0.025596
0.025594
0.025594
0.025594
0.025593
0.025593
0.025593
0.025593
0.025593
0.025592
0.025592
0.025592
0.025592
0.025592
0.025592
0.025592
0.025592
0.025592
0.025593
0.025560
0.025560
0.025560
0.025560
0.025560
0.025560
0.025560
0.025560
0.025560
0.025560
0.025560
0.025560
0.025569
0.025573
0.025583
0.025590
0.025597
0.025597
0.025573
0.025581
0.025581
0.025590
0.025632
0.025632
0.025643
0.025643
0.025643
0.025654
0.025654
0.025654
0.025666
0.025634
0.025634
0.025634
0.025634
0.025647
0.025679
0.025679
0.025679
0.025679
0.025679
0.025679
0.025679
0.025679
0.025679
0.025661
0.025661
0.025661
0.025661
0.025661
0.025692
0.025692
0.025692
0.025692
0.025692
0.025692
0.025692
0.025692
0.025590
0.025581
0.025565
0.025526
0.025490
0.025490
0.025485
0.025512
0.025507
0.025507
0.025504
0.025504
0.025501
0.025501
0.025470
0.025468
0.025468
0.025468
0.025467
0.025467
0.025467
0.025498
0.025498
0.025498
0.025498
0.025498
0.025498
0.025498
0.025466
0.025466
0.025466
0.025466
0.025467
0.025467
0.025467
0.025498
0.025498
0.025498
0.025498
0.025498
0.025498
0.025498
0.025467
0.025467
0.025476
0.025480
0.025490
0.025497
0.025504
0.025535
0.025543
0.025552
0.025552
0.025561
0.025571
0.025571
0.025550
0.025550
0.025550
0.025597
0.025597
0.025597
0.025609
0.025641
0.025605
0.025605
0.025605
0.025605
0.025618
0.025586
0.025622
0.025622
0.025591
0.025591
0.025591
0.025591
0.025623
0.025604
0.025636
0.025636
0.025636
0.025636
0.025636
0.025604
0.025604
0.025604
0.025604
0.025604
0.025604
0.025604
0.025637
0.025567
0.025589
0.025573
0.025533
0.025527
0.025527
0.025489
0.025485
0.025480
0.025480
0.025477
0.025477
0.025474
0.025474
0.025507
0.025505
0.025505
0.025505
0.025504
0.025471
0.025471
0.025471
0.025471
0.025471
0.025471
0.025471
0.025471
0.025471
0.025471
0.025471
0.025475
0.025475
0.025475
0.025475
0.025475
0.025443
0.025443
0.025443
0.025443
0.025443
0.025443
0.025443
0.025443
0.025443
0.025452
0.025456
0.025461
0.025467
0.025512
0.025512
0.025520
0.025496
0.025496
0.025505
0.025515
0.025515
0.025526
0.025526
0.025488
0.025499
0.025499
0.025499
0.025582
0.025582
0.025582
0.025582
0.025582
0.025562
0.025562
0.025562
0.025532
0.025494
0.025494
0.025494
0.025494
0.025494
0.025532
0.025545
0.025578
0.025578
0.025578
0.025578
0.025578
0.025545
0.025545
0.025508
0.025508
0.025508
0.025508
0.025508
0.025508
0.025475
0.025466
0.025482
0.025475
0.025469
0.025469
0.025463
0.025420
0.025416
0.025384
0.025380
0.025380
0.025378
0.025378
0.025416
0.025414
0.025414
0.025414
0.025445
0.025445
0.025445
0.025407
0.025407
0.025407
0.025407
0.025374
0.025374
0.025374
0.025412
0.025412
0.025412
0.025412
0.025413
0.025413
0.025445
0.025407
0.025407
0.025407
0.025407
0.025407
0.025407
0.025375
0.025413
0.025413
0.025422
0.025426
0.025436
0.025443
0.025450
0.025412
0.025452
0.025461
0.025461
0.025470
0.025480
0.025480
0.025528
0.025496
0.025496
0.025507
0.025507
0.025507
0.025519
0.025481
0.025481
0.025481
0.025514
0.025527
0.025527
0.025527
0.025527
0.025565
0.025565
0.025532
0.025532
0.025532
0.025494
0.025508
0.025508
0.025508
0.025508
0.025508
0.025540
0.025540
0.025540
0.025578
0.025578
0.025578
0.025578
0.025545
0.025508
0.025437
0.025428
0.025412
0.025405
0.025398
0.025371
0.025365
0.025393
0.025426
0.025398
0.025394
0.025394
0.025392
0.025354
0.025321
0.025319
0.025319
0.025319
0.025318
0.025318
0.025318
0.025318
0.025356
0.025388
0.025388
0.025388
0.025388
0.025350
0.025350
0.025350
0.025318
0.025318
0.025318
0.025318
0.025318
0.025318
0.025318
0.025318
0.025318
0.025351
0.025351
0.025351
0.025351
0.025351
0.025360
0.025364
0.025342
0.025348
0.025355
0.025355
0.025363
0.025372
0.025372
0.025381
0.025391
0.025423
0.025434
0.025434
0.025434
0.025445
0.025445
0.025445
0.025425
0.025425
0.025425
0.025425
0.025425
0.025438
0.025438
0.025438
0.025438
0.025470
0.025470
0.025470
0.025470
0.025470
0.025470
0.025483
0.025451
0.025451
0.025451
0.025451
0.025451
0.025451
0.025451
0.025451
0.025483
0.025483
0.025483
0.025483
0.025413
0.025404
0.025388
0.025381
0.025342
0.025342
0.025336
0.025331
0.025327
0.025327
0.025324
0.025324
0.025354
0.025354
0.025354
0.025352
0.025352
0.025352
0.025351
0.025351
0.025318
0.025318
0.025318
0.025318
0.025318
0.025318
0.025318
0.025318
0.025350
0.025350
0.025350
0.025350
0.025351
0.025351
0.025351
0.025351
0.025351
0.025318
0.025318
0.025318
0.025318
0.025318
0.025318
0.025318
0.025351
0.025360
0.025364
0.025374
0.025381
0.025388
0.025388
0.025396
0.025404
0.025372
0.025381
0.025391
0.025391
0.025401
0.025401
0.025401
0.025445
0.025445
0.025445
0.025457
0.025457
0.025457
0.025457
0.025457
0.025470
0.025438
0.025438
0.025438
0.025438
0.025438
0.025438
0.025438
0.025470
0.025470
0.025483
0.025483
0.025457
0.025457
0.025457
0.025457
0.025457
0.025425
0.025425
0.025425
0.025425
0.025425
0.025425
0.025354
0.025378
0.025361
0.025354
0.025348
0.025348
0.025342
0.025337
0.025333
0.025333
0.025297
0.025297
0.025295
0.025295
0.025295
0.025293
0.025293
0.025325
0.025324
0.025324
0.025324
0.025324
0.025324
0.025324
0.025324
0.025324
0.025291
0.025291
0.025291
0.025291
0.025291
0.025291
0.025292
0.025324
0.025324
0.025324
0.025324
0.025324
0.025324
0.025324
0.025324
0.025324
0.025292
0.025292
0.025301
0.025305
0.025315
0.025322
0.025329
0.025361
0.025369
0.025378
0.025378
0.025387
0.025397
0.025397
0.025408
0.025408
0.025375
0.025386
0.025386
0.025386
0.025398
0.025398
0.025398
0.025431
0.025431
0.025431
0.025444
0.025416
0.025416
0.025416
0.025416
0.025416
0.025384
0.025384
0.025384
0.025397
0.025397
0.025397
0.025397
0.025430
0.025430
0.025430
0.025430
0.025430
0.025430
0.025430
0.025430
0.025430
0.025397
0.025327
0.025318
0.025301
0.025294
0.025288
0.025288
0.025315
0.025310
0.025306
0.025306
0.025302
0.025302
0.025300
0.025300
0.025300
0.025265
0.025265
0.025265
0.025264
0.025264
0.025264
0.025264
0.025297
0.025296
0.025296
0.025296
0.025296
0.025296
0.025296
0.025296
0.025322
0.025289
0.025290
0.025290
0.025290
0.025290
0.025290
0.025290
0.025322
0.025322
0.025322
0.025322
0.025322
0.025322
0.025331
0.025335
0.025346
0.025320
0.025327
0.025327
0.025335
0.025343
0.025343
0.025352
0.025395
0.025395
0.025405
0.025405
0.025405
0.025417
0.025417
0.025417
0.025429
0.025396
0.025396
0.025396
0.025396
0.025396
0.025409
0.025409
0.025442
0.025442
0.025442
0.025442
0.025442
0.025442
0.025442
0.025455
0.025455
0.025422
0.025422
0.025422
0.025422
0.025422
0.025422
0.025422
0.025455
0.025455
0.025455
0.025455
0.025413
0.025343
0.025334
