2.099711
1.962903
1.842673
1.766551
1.730367
1.718239
1.715998
1.715909
1.715666
1.715116
1.714315
1.713269
1.712394
1.712190
1.712498
1.712724
1.712669
1.712454
1.711902
1.711059
1.710081
1.709067
1.708518
1.708126
1.707883
1.707502
1.707217
1.706941
1.706549
1.706237
1.705615
1.704958
1.704340
1.703698
1.702916
1.702074
1.701141
1.700206
1.699330
1.698076
1.696990
1.695843
1.694772
1.693662
1.692815
1.691636
1.690443
1.689282
1.688046
1.686692
1.685254
1.683897
1.683086
1.681814
1.680629
1.679533
1.678363
1.677054
1.675591
1.674156
1.672718
1.671281
1.670049
1.668600
1.667472
1.666104
1.664648
1.663088
1.661544
1.660150
1.658452
1.656950
1.655408
1.653592
1.652367
1.650473
1.648897
1.647193
1.645087
1.644262
1.642501
1.640599
1.639111
1.637078
1.635439
1.633622
1.632122
1.630173
1.628425
1.626697
1.624791
1.623020
1.621005
1.619116
1.617167
1.615371
1.613370
1.611641
1.609675
1.608033
1.606193
1.604043
1.602249
1.600398
1.598655
1.596952
1.595322
1.593613
1.591390
1.589580
1.587950
1.586147
1.584412
1.582619
1.580817
1.579063
1.577365
1.575434
1.573947
1.572418
1.570937
1.568884
1.567265
1.565618
1.564243
1.562852
1.561357
1.559820
1.558664
1.557425
1.556332
1.555301
1.554315
1.553227
1.552240
1.550792
1.549764
1.548772
1.547754
1.546883
1.545903
1.545089
1.544186
1.543138
1.542185
1.541285
1.540359
1.539387
1.538331
1.537602
1.536601
1.535774
1.534800
1.533862
1.533004
1.532225
1.530627
1.529728
1.528726
1.527970
1.526980
1.526349
1.525664
1.524785
1.523765
1.522979
1.521876
1.520542
1.519404
1.518491
1.517829
1.516874
1.515775
1.514752
1.513817
1.512809
1.511353
1.510254
1.509090
1.508745
1.507628
1.506386
1.505288
1.504112
1.503178
1.501992
1.500940
1.499852
1.498645
1.497808
1.496675
1.495592
1.494504
1.493568
1.492428
1.491445
1.490469
1.489376
1.488433
1.487225
1.486280
1.485235
1.484284
1.483315
1.482273
1.481210
1.480138
1.478965
1.477959
1.476873
1.475768
1.474557
1.473113
1.471765
1.470592
1.469187
1.467852
1.466547
1.465149
1.463592
1.462313
1.460894
1.460024
1.458595
1.457197
1.455804
1.454232
1.452902
1.451519
1.449921
1.448728
1.447082
1.445518
1.443847
1.442792
1.441253
1.439607
1.438093
1.436359
1.434878
1.433184
1.431589
1.430018
1.428318
1.426629
1.425157
1.423166
1.421620
1.419786
1.418048
1.416209
1.414424
1.412814
1.410841
1.409058
1.407192
1.405341
1.403431
1.401408
1.399543
1.397466
1.395788
1.393885
1.392065
1.390198
1.388201
1.385658
1.383757
1.381573
1.379897
1.377736
1.375853
1.373741
1.371928
1.369987
1.367891
1.365951
1.364074
1.361961
1.359996
1.358128
1.356052
1.354152
1.352227
1.350456
1.348426
1.346468
1.344348
1.342430
1.341176
1.339315
1.337430
1.335435
1.333546
1.331725
1.329785
1.328072
1.326312
1.325012
1.323238
1.321324
1.319647
1.317669
1.315948
1.314139
1.312479
1.310677
1.308877
1.307385
1.305804
1.304255
1.302637
1.301094
1.299451
1.298004
1.296336
1.294660
1.293435
1.291831
1.290440
1.289079
1.287595
1.286190
1.284831
1.283401
1.281509
1.280058
1.278701
1.277536
1.276107
1.274801
1.273475
1.272296
1.270907
1.269722
1.268673
1.267552
1.266346
1.265023
1.263919
1.262828
1.261668
1.260519
1.259381
1.258172
1.257181
1.255981
1.254997
1.253869
1.252878
1.251738
1.250740
1.249699
1.248659
1.247477
1.246489
1.245480
1.244574
1.243549
1.242561
1.241463
1.240507
1.239553
1.238501
1.237540
1.236725
1.235697
1.234612
1.233642
1.232595
1.231598
1.230715
1.229805
1.228925
1.227792
1.226868
1.225919
1.224824
1.223923
1.222986
1.222078
1.221170
1.220170
1.219310
1.218404
1.217531
1.216780
1.215862
1.215087
1.214216
1.213371
1.212433
1.211683
1.210819
1.209920
1.209169
1.208590
1.207892
1.207148
1.206319
1.205666
1.204268
1.203546
1.202717
1.201993
1.201403
1.200509
1.199936
1.199182
1.198519
1.197921
1.197310
1.196653
1.195961
1.195340
1.194626
1.193997
1.193344
1.192786
1.192156
1.191739
1.191135
1.190489
1.189983
1.189375
1.188936
1.188370
1.187821
1.187217
1.186778
1.186356
1.185940
1.185410
1.184952
1.184428
1.183882
1.183464
1.182981
1.182462
1.182105
1.181662
1.181142
1.180535
1.180036
1.179554
1.179075
1.178641
1.178130
1.177726
1.177248
1.176811
1.176315
1.175956
1.175465
1.174944
1.174403
1.173900
1.173517
1.173070
1.172725
1.172307
1.171843
1.171467
1.171031
1.170613
1.170136
1.169641
1.169243
1.168857
1.168518
1.168199
1.167592
1.167277
1.166846
1.166362
1.165957
1.165530
1.165023
1.164554
1.164217
1.163719
1.163326
1.162665
1.162280
1.161860
1.161442
1.160907
1.160383
1.159957
1.159409
1.158927
1.158503
1.158084
1.157548
1.157203
1.156655
1.156166
1.155792
1.155314
1.154763
1.154399
1.153808
1.153400
1.152875
1.152272
1.151990
1.151373
1.150913
1.150340
1.149882
1.149379
1.149017
1.148695
1.148134
1.147699
1.147185
1.146710
1.146174
1.145520
1.145131
1.144610
1.144018
1.143550
1.142942
1.142497
1.141865
1.141359
1.140825
1.140353
1.139813
1.139154
1.138732
1.138146
1.137665
1.137213
1.136606
1.136159
1.135532
1.135023
1.134563
1.134093
1.133540
1.133098
1.132632
1.132131
1.131680
1.131262
1.130819
1.130299
1.129859
1.129457
1.128988
1.128499
1.128294
1.127929
1.127401
1.127094
1.126632
1.126195
1.125783
1.125323
1.124957
1.124613
1.124246
1.123836
1.123440
1.122915
1.122517
1.122155
1.121809
1.121405
1.121203
1.120762
1.120395
1.120086
1.119794
1.119409
1.119017
1.118607
1.118343
1.118051
1.117788
1.117513
1.117212
1.116823
1.116467
1.116205
1.115989
1.115661
1.115357
1.115055
1.114890
1.114835
1.114478
1.114196
1.113766
1.113491
1.113182
1.113098
1.112872
1.112566
1.112355
1.112064
1.111832
1.111525
1.111346
1.111082
1.110807
1.110549
1.110396
1.110124
1.109850
1.109709
1.109381
1.109151
1.108971
1.108883
1.108716
1.108574
1.108386
1.108097
1.107866
1.107643
1.107480
1.107326
1.107075
1.106960
1.106824
1.106667
1.106533
1.106434
1.106236
1.106064
1.105761
1.105581
1.105349
1.105289
1.105110
1.104948
1.104790
1.104626
1.104372
1.104268
1.104043
1.104036
1.103847
1.103765
1.103635
1.103481
1.103306
1.103163
1.102936
1.102892
1.102739
1.102576
1.102503
1.102340
1.102188
1.102111
1.102057
1.101965
1.101834
1.101719
1.101545
1.101419
1.101300
1.101134
1.100994
1.100881
1.100812
1.100666
1.100561
1.100478
1.100385
1.100270
1.100170
1.100124
1.099944
1.099794
1.099747
1.099563
1.099517
1.099376
1.099312
1.099244
1.099202
1.099066
1.099011
1.098918
1.098804
1.098739
1.098641
1.098494
1.098443
1.098361
1.098165
1.098121
1.097945
1.097941
1.097750
1.097744
1.097675
1.097629
1.097472
1.097421
1.097354
1.097308
1.097114
1.097085
1.096958
1.096911
1.096817
1.096783
1.096690
1.096618
1.096520
1.096372
1.096327
1.096112
1.096162
1.096068
1.096064
1.096017
1.095900
1.095923
1.095827
1.095782
1.095735
1.095621
1.095616
1.095568
1.095474
1.095426
1.095210
1.095112
1.094968
1.094848
1.094799
1.094774
1.094711
1.094712
1.094664
1.094571
1.094526
1.094531
1.094463
1.094320
1.094322
1.094179
1.094181
1.094159
1.093950
1.093901
1.093899
1.093907
1.093816
1.093816
1.093619
1.093515
1.093520
1.093494
1.093443
1.093262
1.093218
1.093144
1.093052
1.093008
1.093018
1.092919
1.092873
1.092802
1.092716
1.092648
1.092648
1.092603
1.092606
1.092521
1.092521
1.092427
1.092310
1.092283
1.092283
1.092181
1.092043
1.092093
1.092062
1.092022
1.092022
1.091903
1.091828
1.091805
1.091805
1.091710
1.091667
1.091620
1.091588
1.091588
1.091417
1.091349
1.091399
1.091368
1.091284
1.091284
1.091234
1.091030
1.090940
1.090981
1.090931
1.090884
1.090814
1.090821
1.090842
1.090740
1.090697
1.090669
1.090619
1.090682
1.090619
1.090568
1.090473
1.090475
1.090408
1.090430
1.090430
1.090309
1.090268
1.090318
1.090318
1.090270
1.090188
1.090203
1.090231
1.090139
1.090045
1.089978
1.089928
1.089927
1.089927
1.089865
1.089887
1.089809
1.089809
1.089709
1.089668
1.089671
1.089671
1.089647
1.089580
1.089535
1.089509
1.089481
1.089436
1.089348
1.089350
1.089381
1.089381
1.089402
1.089264
1.089214
1.089233
1.089191
1.089189
1.089151
1.089101
1.089039
1.089062
1.089036
1.088999
1.089020
1.089019
1.088969
1.088919
1.088877
1.088841
1.088863
1.088797
1.088746
1.088718
1.088683
1.088681
1.088683
1.088683
1.088732
1.088710
1.088575
1.088578
1.088563
1.088446
1.088481
1.088481
1.088396
1.088345
1.088343
1.088365
1.088391
1.088392
1.088410
1.088310
1.088313
1.088262
1.088262
1.088262
1.088222
1.088216
1.088193
1.088142
1.088142
1.088179
1.088175
1.088195
1.088150
1.088150
1.088101
1.088063
1.088069
1.088091
1.088090
1.088061
1.088061
1.088061
1.087961
1.087961
1.087949
1.087949
1.087920
1.087918
1.087918
1.087940
1.087940
1.087890
1.087845
1.087845
1.087768
1.087762
1.087762
1.087762
1.087762
1.087712
1.087762
1.087762
1.087758
1.087758
1.087757
1.087734
1.087734
1.087733
1.087763
1.087670
1.087670
1.087670
1.087560
1.087560
1.087560
1.087562
1.087584
1.087584
1.087583
1.087534
1.087533
1.087535
1.087545
1.087545
1.087545
1.087544
1.087544
1.087544
1.087466
1.087474
1.087424
1.087424
1.087396
1.087372
1.087322
1.087322
1.087322
1.087322
1.087322
1.087357
1.087357
1.087357
1.087307
1.087278
1.087255
1.087255
1.087221
1.087221
1.087221
1.087221
1.087180
1.087180
1.087202
1.087202
1.087178
1.087128
1.087128
1.087075
1.087075
1.087075
1.087075
1.087075
1.087115
1.087115
1.087115
1.087115
1.087072
1.087072
1.087072
1.087073
1.086993
1.086972
1.086972
1.086922
1.086922
1.086924
1.086946
1.086946
1.086946
1.086900
1.086902
1.086902
1.086902
1.086876
1.086876
1.086856
1.086806
1.086806
1.086807
1.086807
1.086807
1.086807
1.086764
1.086765
1.086765
1.086765
1.086739
1.086694
1.086696
1.086736
1.086716
1.086766
1.086766
1.086725
1.086675
1.086675
1.086675
1.086676
1.086674
1.086624
1.086724
1.086726
1.086726
1.086726
1.086685
1.086665
1.086665
1.086667
1.086617
1.086617
1.086594
1.086596
1.086575
1.086575
1.086527
1.086484
1.086486
1.086538
1.086488
1.086493
1.086493
1.086474
1.086455
1.086455
1.086455
1.086411
1.086411
1.086411
1.086413
1.086413
1.086415
1.086418
1.086418
1.086421
1.086371
1.086307
1.086307
1.086308
1.086290
1.086293
1.086293
1.086295
1.086295
1.086295
1.086298
1.086255
1.086255
1.086258
1.086239
1.086189
1.086191
1.086191
1.086194
1.086194
1.086194
1.086197
1.086137
1.086137
1.086140
1.086140
1.086140
1.086125
1.086126
1.086126
1.086129
1.086129
1.086086
1.086086
1.086088
1.086111
1.086111
1.086114
1.086164
1.086114
1.086117
1.086101
1.086101
1.086043
1.086046
1.085996
1.086046
1.086049
1.085999
1.086000
1.086000
1.086003
1.086003
1.086003
1.085960
1.085963
1.085927
1.085927
1.085906
1.085906
1.085906
1.085904
1.085904
1.085904
1.085904
1.085862
1.085862
1.085848
1.085849
1.085849
1.085798
1.085785
1.085831
1.085783
1.085784
1.085784
1.085734
1.085692
1.085692
1.085692
1.085693
1.085694
1.085694
1.085694
1.085694
1.085683
1.085684
1.085684
1.085684
1.085684
1.085594
1.085594
1.085644
1.085644
1.085694
1.085644
1.085644
1.085644
1.085632
1.085632
1.085573
1.085523
1.085523
1.085524
1.085484
1.085484
1.085584
1.085584
1.085584
1.085585
1.085585
1.085585
1.085585
1.085585
1.085528
1.085529
1.085529
1.085527
1.085527
1.085495
1.085497
1.085547
1.085545
1.085497
1.085497
1.085497
1.085498
1.085496
1.085493
1.085493
1.085493
1.085493
1.085544
1.085544
1.085544
1.085592
1.085556
1.085556
1.085557
1.085557
1.085557
1.085555
1.085490
1.085490
1.085491
1.085492
1.085492
1.085492
1.085492
1.085542
1.085544
1.085546
1.085546
1.085548
1.085498
1.085458
1.085408
1.085408
1.085410
1.085407
1.085454
1.085454
1.085454
1.085503
1.085503
1.085507
1.085507
1.085557
1.085558
1.085506
1.085506
1.085506
1.085508
1.085508
1.085508
1.085508
1.085508
1.085508
1.085522
1.085524
1.085526
1.085530
1.085528
1.085478
1.085478
1.085478
1.085478
1.085479
1.085529
1.085479
1.085479
1.085479
1.085479
1.085534
1.085484
1.085484
1.085486
1.085486
1.085486
1.085486
1.085486
1.085486
1.085486
1.085536
1.085538
1.085538
1.085538
1.085505
1.085558
1.085558
1.085546
1.085546
1.085546
1.085546
1.085548
1.085598
1.085598
1.085598
1.085598
1.085598
1.085648
1.085648
1.085648
1.085648
1.085650
1.085600
1.085600
1.085600
1.085600
1.085601
1.085601
1.085601
1.085651
1.085701
1.085750
1.085800
1.085752
1.085752
1.085703
1.085703
1.085653
1.085653
1.085703
1.085703
1.085753
1.085753
1.085853
1.085853
1.085821
1.085821
1.085823
1.085823
1.085871
1.085871
1.085872
1.085822
1.085772
1.085765
1.085818
1.085868
1.085868
1.085868
1.085868
1.085868
1.085868
1.085868
1.085919
1.085919
1.085922
1.085922
1.085921
1.085921
1.085921
1.085971
1.085971
1.085971
1.085971
1.085971
1.085974
1.086020
1.086020
1.086020
1.085970
1.085970
1.085970
1.085970
1.086020
1.086020
1.086020
1.086020
1.086020
1.085973
1.086023
1.086023
1.086023
1.086023
1.086023
1.086023
1.086073
1.086073
1.086073
1.086073
1.086073
1.086070
1.086120
1.086120
1.086073
1.086073
1.086073
1.086123
1.086123
1.086122
1.086122
1.086122
1.086122
1.086172
1.086172
1.086172
1.086166
1.086166
1.086166
1.086263
1.086263
1.086263
1.086213
1.086216
1.086216
1.086265
1.086265
1.086215
1.086215
1.086213
1.086261
1.086261
1.086261
1.086231
1.086231
1.086230
1.086280
1.086280
1.086280
1.086280
1.086280
1.086330
1.086330
1.086330
1.086327
1.086327
1.086327
1.086377
1.086377
1.086377
1.086379
1.086379
1.086429
1.086429
1.086433
1.086433
1.086433
1.086432
1.086482
1.086482
1.086481
1.086481
1.086481
1.086531
1.086531
1.086531
1.086531
1.086531
1.086580
1.086630
1.086629
1.086627
1.086627
1.086627
1.086627
1.086629
1.086629
1.086629
1.086629
1.086679
1.086729
1.086729
1.086726
1.086726
1.086726
1.086776
1.086779
1.086779
1.086779
1.086729
1.086779
1.086779
1.086779
1.086777
1.086777
1.086827
1.086877
1.086877
1.086878
1.086878
1.086878
1.086928
1.086928
1.086926
1.086926
1.086926
1.086975
1.086975
1.086975
1.086975
1.086975
1.086975
1.087071
1.087073
1.087073
1.087073
1.087173
1.088174
1.099437
1.095112
1.108000
1.109128
1.125602
1.130199
1.140392
1.148800
1.157979
1.163761
1.170350
1.175557
1.179865
1.182835
1.184691
1.185504
1.185244
1.183388
1.181485
1.178539
1.176059
1.173152
1.170958
1.168740
1.166431
1.164147
1.161710
1.159192
1.156778
1.154481
1.152206
1.150174
1.148423
1.146696
1.145011
1.143337
1.141670
1.139885
1.138150
1.136178
1.134203
1.132308
1.130515
1.128557
1.126570
1.124699
1.122809
1.120855
1.118904
1.116938
1.113809
1.109135
1.102373
1.093854
1.083781
1.072936
1.061937
1.050809
1.040106
1.029540
1.019307
1.009394
1.000096
0.991904
0.985498
0.980885
0.977556
0.975583
0.974301
0.973136
0.972227
0.971654
0.971140
0.970573
0.969796
0.968505
0.966736
0.964598
0.961813
0.958777
0.955606
0.952352
0.949276
0.946590
0.944241
0.942125
0.940199
0.938295
0.936445
0.934221
0.931883
0.929379
0.926748
0.924187
0.921612
0.919127
0.916613
0.914172
0.911620
0.909073
0.906590
0.904003
0.901465
0.898600
0.895746
0.892749
0.890008
0.887231
0.884542
0.881739
0.879106
0.876269
0.873480
0.870747
0.867854
0.865144
0.862417
0.860071
0.857804
0.855468
0.853163
0.850823
0.848525
0.846418
0.844191
0.841875
0.839752
0.837497
0.835311
0.833211
0.830918
0.828712
0.826393
0.824220
0.822121
0.819995
0.817955
0.815756
0.813589
0.811437
0.809266
0.807191
0.805158
0.802871
0.800916
0.798971
0.797246
0.795037
0.793094
0.791236
0.789334
0.787323
0.785496
0.783623
0.781712
0.779878
0.777965
0.776296
0.774535
0.772694
0.770963
0.769188
0.767450
0.765676
0.764201
0.762520
0.760907
0.759409
0.757733
0.756180
0.754482
0.752960
0.751292
0.749596
0.748029
0.746516
0.745002
0.743396
0.741708
0.740444
0.738930
0.737593
0.736021
0.734464
0.732946
0.731497
0.729979
0.728615
0.727393
0.725990
0.724646
0.723407
0.721904
0.720511
0.719332
0.717960
0.716703
0.715430
0.714088
0.712847
0.711775
0.710368
0.709107
0.707848
0.706530
0.705334
0.704078
0.702696
0.701448
0.700235
0.698952
0.697664
0.696432
0.695115
0.694047
0.692601
0.691527
0.690252
0.689098
0.687949
0.686754
0.685495
0.684290
0.683005
0.681742
0.680466
0.679291
0.677943
0.676786
0.675450
0.674319
0.672975
0.671830
0.670669
0.669415
0.668206
0.666889
0.665636
0.664330
0.663291
0.662046
0.660829
0.659691
0.658704
0.657700
0.656565
0.655309
0.654316
0.653189
0.651984
0.650957
0.649922
0.648757
0.647724
0.646487
0.645344
0.644110
0.643037
0.642050
0.640923
0.639870
0.638788
0.637692
0.636439
0.635453
0.634224
0.633027
0.631968
0.630877
0.629677
0.628681
0.627646
0.626609
0.625445
0.624344
0.623207
0.622325
0.621393
0.620477
0.619422
0.618336
0.617387
0.616587
0.615730
0.614739
0.613704
0.612815
0.611858
0.610884
0.609842
0.609025
0.608275
0.607241
0.606437
0.605610
0.604926
0.604209
0.603574
0.602665
0.601961
0.601192
0.600483
0.599665
0.598860
0.598138
0.597378
0.596676
0.595845
0.595143
0.594375
0.593724
0.592970
0.592372
0.591826
0.591055
0.590532
0.589949
0.589246
0.588666
0.588065
0.587575
0.586982
0.586469
0.585968
0.585601
0.585007
0.584460
0.583975
0.583494
0.582987
0.582470
0.581959
0.581472
0.581145
0.580582
0.579988
0.579595
0.579176
0.578667
0.578215
0.577869
0.577429
0.576991
0.576596
0.576206
0.575813
0.575364
0.574944
0.574573
0.574016
0.573703
0.573184
0.573018
0.572649
0.572218
0.571726
0.571459
0.571085
0.570601
0.570338
0.569927
0.569677
0.569220
0.569002
0.568677
0.568255
0.567892
0.567445
0.567160
0.566794
0.566440
0.566126
0.565723
0.565381
0.564989
0.564653
0.564349
0.564106
0.563590
0.563239
0.562978
0.562672
0.562315
0.561965
0.561647
0.561237
0.561070
0.560634
0.560270
0.559914
0.559644
0.559412
0.559038
0.558644
0.558316
0.558048
0.557671
0.557421
0.557159
0.556874
0.556526
0.556130
0.555768
0.555567
0.555336
0.554998
0.554653
0.554285
0.554044
0.553673
0.553490
0.553120
0.552908
0.552652
0.552277
0.552123
0.551736
0.551557
0.551264
0.550896
0.550603
0.550328
0.550097
0.549850
0.549591
0.549271
0.548986
0.548704
0.548535
0.548337
0.548077
0.547746
0.547503
0.547256
0.547099
0.546813
0.546492
0.546418
0.546237
0.545968
0.545783
0.545676
0.545440
0.545185
0.545177
0.544860
0.544724
0.544422
0.544289
0.544111
0.543814
0.543652
0.543423
0.543185
0.542962
0.542829
0.542593
0.542412
0.542339
0.542113
0.541858
0.541830
0.541579
0.541219
0.541117
0.540875
0.540776
0.540635
0.540499
0.540329
0.539968
0.539629
0.539222
0.538897
0.538569
0.538265
0.537817
0.537645
0.537224
0.536753
0.536330
0.535968
0.535592
0.535204
0.534769
0.534342
0.533959
0.533625
0.533244
0.532794
0.532460
0.531923
0.531585
0.531012
0.530833
0.530582
0.530373
0.529894
0.529433
0.528860
0.528370
0.527892
0.527507
0.527144
0.526690
0.526120
0.525577
0.524998
0.524496
0.523620
0.523061
0.522264
0.521514
0.520741
0.519894
0.519119
0.518393
0.518040
0.517641
0.517246
0.516784
0.516018
0.515322
0.514454
0.513456
0.512514
0.511635
0.510641
0.509610
0.508723
0.507844
0.506825
0.505760
0.505021
0.504120
0.503289
0.502360
0.501443
0.500710
0.499828
0.498991
0.498056
0.497263
0.496340
0.495448
0.494641
0.493802
0.492924
0.492210
0.491241
0.490460
0.489558
0.488789
0.488068
0.487320
0.486468
0.485710
0.484916
0.483990
0.483181
0.482374
0.481495
0.480785
0.479983
0.479233
0.478364
0.477607
0.476853
0.476043
0.475291
0.474603
0.473901
0.473146
0.472492
0.472115
0.471489
0.471083
0.470524
0.469955
0.469563
0.469108
0.468538
0.468010
0.467339
0.466642
0.466003
0.465658
0.465190
0.464695
0.464311
0.463802
0.463201
0.462555
0.461760
0.461103
0.460393
0.459727
0.458970
0.458378
0.457487
0.456819
0.456070
0.455497
0.455042
0.454429
0.453830
0.453076
0.452536
0.452214
0.451911
0.451572
0.451224
0.450817
0.450373
0.449791
0.449261
0.448920
0.448378
0.447971
0.447480
0.446938
0.446560
0.446185
0.445665
0.445180
0.444878
0.444525
0.444040
0.443619
0.443097
0.442661
0.442161
0.441768
0.441246
0.440723
0.440193
0.439653
0.439119
0.438584
0.438028
0.437475
0.436933
0.436345
0.435887
0.435189
0.434704
0.434220
0.433555
0.433056
0.432428
0.431885
0.431268
0.430715
0.430050
0.429507
0.428813
0.428251
0.427635
0.426951
0.426433
0.425789
0.425107
0.424556
0.423868
0.423203
0.422699
0.421990
0.421456
0.420918
0.420209
0.419556
0.418837
0.418167
0.417494
0.416856
0.416151
0.415498
0.414814
0.413980
0.413335
0.412766
0.412128
0.411399
0.410489
0.409414
0.408774
0.408272
0.407843
0.407364
0.406712
0.406002
0.405325
0.404533
0.403737
0.402741
0.401813
0.400915
0.399921
0.398967
0.398075
0.397169
0.396090
0.394964
0.393811
0.392536
0.391438
0.390157
0.388976
0.387770
0.386540
0.385427
0.384252
0.382975
0.381735
0.380752
0.379583
0.378318
0.377097
0.375774
0.374536
0.373285
0.371969
0.370686
0.369544
0.368409
0.367191
0.365926
0.364675
0.363486
0.362264
0.360980
0.359784
0.358405
0.357030
0.355818
0.354508
0.353293
0.351980
0.350720
0.349583
0.348258
0.347056
0.345688
0.344359
0.343035
0.341810
0.340533
0.339273
0.338194
0.336881
0.335665
0.334341
0.333021
0.331864
0.330547
0.329218
0.328071
0.326717
0.325402
0.324173
0.322850
0.321656
0.320298
0.319041
0.317949
0.316807
0.315629
0.314185
0.313017
0.311658
0.310394
0.309248
0.308014
0.306938
0.305831
0.304544
0.303247
0.302043
0.300845
0.299621
0.298382
0.297139
0.296078
0.295248
0.294393
0.293425
0.292749
0.292120
0.291492
0.291009
0.290322
0.289706
0.288891
0.287652
0.286438
0.285199
0.284042
0.282749
0.281494
0.280205
0.278876
0.277622
0.276390
0.275191
0.273856
0.272655
0.271487
0.270289
0.269109
0.267874
0.266755
0.265541
0.264336
0.263290
0.262020
0.260826
0.259595
0.258660
0.257842
0.257188
0.256595
0.256149
0.255564
0.254999
0.254535
0.253899
0.253363
0.252972
0.252460
0.251752
0.251263
0.250639
0.250103
0.249536
0.249040
0.248217
0.247264
0.246294
0.245133
0.244290
0.243272
0.242152
0.241033
0.240249
0.239449
0.238802
0.238308
0.237684
0.237220
0.236766
0.236260
0.235745
0.235079
0.234465
0.233806
0.233322
0.232873
0.232087
0.231199
0.230291
0.229222
0.228331
0.227388
0.226280
0.225366
0.224655
0.223863
0.223183
0.222545
0.221929
0.221353
0.220745
0.220219
0.219605
0.219127
0.218496
0.217858
0.217135
0.216401
0.215737
0.214953
0.214058
0.213211
0.212453
0.211581
0.210970
0.210179
0.209425
0.208643
0.208096
0.207369
0.206782
0.206131
0.205459
0.205013
0.204440
0.203736
0.203120
0.202299
0.201615
0.200851
0.200051
0.199325
0.198717
0.198046
0.197391
0.196763
0.196190
0.195579
0.194915
0.194155
0.193431
0.192806
0.192241
0.191499
0.190784
0.190183
0.189634
0.189033
0.188391
0.187820
0.187363
0.186900
0.186462
0.185815
0.185260
0.184794
0.184219
0.183589
0.183102
0.182493
0.181949
0.181384
0.180910
0.180377
0.179857
0.179362
0.178836
0.178387
0.177935
0.177304
0.176996
0.176584
0.176110
0.175558
0.175151
0.174620
0.174095
0.173559
0.173076
0.172490
0.171998
0.171547
0.171016
0.170478
0.170040
0.169536
0.168933
0.168369
0.167954
0.167321
0.166727
0.166138
0.165783
0.165313
0.164814
0.164394
0.163883
0.163360
0.162773
0.162242
0.161767
0.161171
0.160646
0.160019
0.159482
0.158887
0.158406
0.157696
0.157117
0.156495
0.155891
0.155312
0.154747
0.154166
0.153535
0.152890
0.152425
0.151832
0.151352
0.150741
0.150211
0.149491
0.148954
0.148243
0.147567
0.146965
0.146251
0.145647
0.144907
0.144231
0.143653
0.142956
0.142292
0.141641
0.140994
0.140261
0.139525
0.138826
0.138112
0.137442
0.136801
0.136125
0.135648
0.134996
0.134581
0.133998
0.133497
0.133080
0.132818
0.132315
0.131923
0.131222
0.130433
0.129651
0.128977
0.128127
0.127416
0.126622
0.125961
0.125321
0.124566
0.123888
0.123120
0.122364
0.121713
0.121052
0.120211
0.119643
0.118899
0.118246
0.117499
0.116844
0.116160
0.115550
0.114851
0.114195
0.113531
0.112971
0.112343
0.111842
0.111139
0.110591
0.110129
0.109625
0.108941
0.108390
0.107760
0.107197
0.106570
0.106067
0.105513
0.105059
0.104509
0.103942
0.103368
0.102852
0.102247
0.101759
0.101174
0.100684
0.100191
0.099634
0.099113
0.098663
0.098142
0.097630
0.097091
0.096643
0.096102
0.095701
0.095155
0.094768
0.094298
0.093805
0.093370
0.092880
0.092394
0.091866
0.091548
0.091213
0.090760
0.090249
0.089821
0.089330
0.088938
0.088444
0.088071
0.087584
0.087128
0.086634
0.086235
0.085664
0.085220
0.084765
0.084294
0.083775
0.083351
0.082730
0.082373
0.081925
0.081410
0.080943
0.080540
0.080066
0.079686
0.079208
0.078725
0.078336
0.077899
0.077459
0.077066
0.076560
0.076199
0.075711
0.075294
0.074820
0.074536
0.074228
0.073818
0.073439
0.072989
0.072571
0.072052
0.071637
0.071260
0.070790
0.070396
0.069915
0.069539
0.069107
0.068620
0.068270
0.067954
0.067508
0.067129
0.066675
0.066278
0.065924
0.065548
0.065223
0.064781
0.064376
0.063895
0.063527
0.063078
0.062715
0.062285
0.061941
0.061482
0.061187
0.060970
0.060767
0.060365
0.060041
0.059795
0.059359
0.058893
0.058590
0.058278
0.057914
0.057469
0.057166
0.056843
0.056500
0.056188
0.055890
0.055581
0.055262
0.054801
0.054543
0.054294
0.053980
0.053632
0.053392
0.053092
0.052795
0.052447
0.052236
0.052006
0.051710
0.051461
0.051280
0.051051
0.050772
0.050522
0.050252
0.050003
0.049783
0.049456
0.049254
0.048940
0.048730
0.048468
0.048289
0.048078
0.047839
0.047624
0.047397
0.047194
0.046911
0.046751
0.046578
0.046410
0.046216
0.046019
0.045799
0.045766
0.045617
0.045451
0.045304
0.045166
0.044992
0.044814
0.044666
0.044443
0.044278
0.044165
0.044004
0.043862
0.043719
0.043658
0.043543
0.043368
0.043145
0.042992
0.042844
0.042717
0.042620
0.042528
0.042420
0.042295
0.042153
0.042089
0.041997
0.041860
0.041803
0.041747
0.041599
0.041433
0.041353
0.041247
0.041107
0.041052
0.041034
0.040817
0.040710
0.040708
0.040586
0.040514
0.040440
0.040419
0.040204
0.040124
0.040013
0.039988
0.039871
0.039748
0.039631
0.039570
0.039583
0.039527
0.039505
0.039415
0.039351
0.039258
0.039167
0.039061
0.038922
0.038922
0.038818
0.038862
0.038745
0.038618
0.038591
0.038591
0.038440
0.038489
0.038342
0.038263
0.038223
0.038113
0.038113
0.037964
0.038022
0.037987
0.038007
0.037943
0.037932
0.037844
0.037761
0.037761
0.037663
0.037637
0.037504
0.037491
0.037513
0.037446
0.037473
0.037409
0.037419
0.037328
0.037293
0.037307
0.037226
0.037149
0.037106
0.037121
0.037121
0.036975
0.036990
0.036971
0.036943
0.036938
0.036846
0.036787
0.036768
0.036747
0.036731
0.036696
0.036583
0.036581
0.036541
0.036578
0.036554
0.036522
0.036548
0.036454
0.036484
0.036442
0.036367
0.036402
0.036405
0.036325
0.036291
0.036244
0.036236
0.036271
0.036222
0.036208
0.036240
0.036110
0.036066
0.036099
0.036016
0.036055
0.036040
0.036036
0.035964
0.035995
0.035925
0.035989
0.035917
0.035956
0.035927
0.035889
0.035858
0.035791
0.035791
0.035865
0.035832
0.035797
0.035782
0.035738
0.035760
0.035766
0.035761
0.035768
0.035663
0.035663
0.035675
0.035685
0.035649
0.035658
0.035679
0.035619
0.035658
0.035716
0.035637
0.035571
0.035588
0.035629
0.035601
0.035601
0.035525
0.035498
0.035507
0.035469
0.035548
0.035548
0.035522
0.035522
0.035510
0.035469
0.035453
0.035453
0.035464
0.035440
0.035440
0.035417
0.035391
0.035391
0.035355
0.035342
0.035290
0.035290
0.035321
0.035349
0.035417
0.035368
0.035368
0.035321
0.035321
0.035308
0.035308
0.035236
0.035218
0.035306
0.035288
0.035284
0.035258
0.035216
0.035216
0.035210
0.035210
0.035194
0.035194
0.035213
0.035164
0.035133
0.035118
0.035118
0.035077
0.035055
0.035055
0.035042
0.035042
0.034998
0.035027
0.034991
0.035006
0.035005
0.034994
0.034994
0.034984
0.034958
0.034898
0.034960
0.034927
0.034918
0.034918
0.034910
0.034868
0.034868
0.034861
0.034786
0.034811
0.034870
0.034870
0.034864
0.034800
0.034796
0.034726
0.034676
0.034623
0.034590
0.034607
0.034604
0.034604
0.034577
0.034577
0.034564
0.034647
0.034647
0.034609
0.034584
0.034551
0.034515
0.034484
0.034496
0.034474
0.034386
0.034397
0.034400
0.034400
0.034365
0.034406
0.034406
0.034367
0.034282
0.034290
0.034271
0.034245
0.034161
0.034137
0.034082
0.034082
0.034033
0.034041
0.034041
0.034001
0.033998
0.034006
0.033961
0.033961
0.033932
0.033960
0.033912
0.033912
0.033858
0.033788
0.033788
0.033753
0.033802
0.033796
0.033803
0.033744
0.033744
0.033744
0.033713
0.033655
0.033655
0.033580
0.033580
0.033559
0.033599
0.033548
0.033542
0.033500
0.033475
0.033475
0.033513
0.033374
0.033396
0.033425
0.033360
0.033418
0.033375
0.033314
0.033314
0.033318
0.033275
0.033316
0.033316
0.033300
0.033279
0.033236
0.033234
0.033261
0.033307
0.033231
0.033231
0.033226
0.033129
0.033126
0.033126
0.033056
0.033097
0.033097
0.032993
0.033024
0.033024
0.032969
0.032969
0.033015
0.033048
0.033080
0.033020
0.032967
0.032929
0.032929
0.032894
0.032789
0.032789
0.032790
0.032758
0.032758
0.032715
0.032684
0.032722
0.032722
0.032768
0.032675
0.032675
0.032786
0.032705
0.032705
0.032662
0.032616
0.032611
0.032611
0.032611
0.032585
0.032607
0.032607
0.032619
0.032594
0.032551
0.032593
0.032570
0.032570
0.032613
0.032561
0.032492
0.032478
0.032461
0.032461
0.032440
0.032441
0.032441
0.032441
0.032422
0.032422
0.032422
0.032422
0.032417
0.032462
0.032436
0.032385
0.032368
0.032325
0.032325
0.032261
0.032214
0.032214
0.032214
0.032237
0.032286
0.032286
0.032286
0.032286
0.032322
0.032312
0.032312
0.032313
0.032173
0.032204
0.032204
0.032204
0.032204
0.032177
0.032166
0.032166
0.032166
0.032166
0.032178
0.032178
0.032129
0.032151
0.032135
0.032127
0.032080
0.032052
0.032036
0.032043
0.031999
0.031999
0.031956
0.031956
0.031956
0.031990
0.031984
0.031984
0.031984
0.031974
0.031970
0.031992
0.031930
0.031930
0.031930
0.031892
0.031862
0.031862
0.031830
0.031873
0.031873
0.031869
0.031869
0.031869
0.031838
0.031821
0.031891
0.031900
0.031948
0.031864
0.031864
0.031849
0.031817
0.031817
0.031859
0.031874
0.031873
0.031816
0.031819
0.031820
0.031781
0.031734
0.031774
0.031808
0.031808
0.031746
0.031746
0.031746
0.031716
0.031720
0.031720
0.031723
0.031740
0.031740
0.031740
0.031776
0.031776
0.031754
0.031754
0.031785
0.031829
0.031774
0.031774
0.031774
0.031719
0.031719
0.031724
0.031724
0.031702
0.031702
0.031728
0.031728
0.031737
0.031737
0.031699
0.031730
0.031730
0.031678
0.031630
0.031630
0.031649
0.031649
0.031687
0.031656
0.031683
0.031683
0.031683
0.031695
0.031647
0.031647
0.031647
0.031633
0.031626
0.031612
0.031626
0.031602
0.031555
0.031554
0.031523
0.031561
0.031561
0.031624
0.031589
0.031589
0.031623
0.031563
0.031563
0.031524
0.031492
0.031524
0.031510
0.031582
0.031584
0.031584
0.031592
0.031606
0.031656
0.031628
0.031628
0.031604
0.031564
0.031563
0.031501
0.031463
0.031493
0.031554
0.031573
0.031458
0.031458
0.031458
0.031458
0.031458
0.031544
0.031544
0.031544
0.031452
0.031472
0.031472
0.031464
0.031464
0.031481
0.031434
0.031390
0.031390
0.031360
0.031360
0.031360
0.031360
0.031381
0.031339
0.031339
0.031339
0.031326
0.031300
0.031300
0.031288
0.031240
0.031264
0.031249
0.031176
0.031176
0.031133
0.031133
0.031171
0.031171
0.031171
0.031171
0.031129
0.031130
0.031130
0.031130
0.031118
0.031103
0.031063
0.031029
0.030992
0.030974
0.030974
0.031007
0.031034
0.031034
0.031023
0.031023
0.030984
0.030984
0.030978
0.030978
0.030978
0.030978
0.030930
0.030918
0.030913
0.030919
0.030949
0.030961
0.030923
0.030923
0.030933
0.030933
0.030920
0.030920
0.030920
0.030920
0.030871
0.030871
0.030903
0.030903
0.030855
0.030855
0.030784
0.030818
0.030866
0.030866
0.030878
0.030878
0.030905
0.030907
0.030873
0.030860
0.030812
0.030812
0.030812
0.030780
0.030780
0.030744
0.030780
0.030780
0.030780
0.030780
0.030749
0.030749
0.030749
0.030715
0.030751
0.030751
0.030759
0.030759
0.030759
0.030699
0.030663
0.030663
0.030663
0.030647
0.030695
0.030660
0.030699
0.030666
0.030666
0.030666
0.030675
0.030675
0.030675
0.030615
0.030615
0.030656
0.030630
0.030630
0.030605
0.030605
0.030608
0.030587
0.030634
0.030634
0.030676
0.030653
0.030653
0.030641
0.030708
0.030708
0.030708
0.030708
0.030638
0.030616
0.030660
0.030628
0.030628
0.030628
0.030640
0.030640
0.030640
0.030655
0.030655
0.030752
0.030752
0.030752
0.030752
0.030680
0.030680
0.030619
0.030601
0.030566
0.030611
0.030611
0.030611
0.030646
0.030646
0.030676
0.030660
0.030660
0.030660
0.030706
0.030706
0.030675
0.030662
0.030662
0.030618
0.030658
0.030658
0.030658
0.030704
0.030704
0.030704
0.030694
0.030694
0.030682
0.030644
0.030614
0.030576
0.030623
0.030614
0.030614
0.030662
0.030660
0.030660
0.030626
0.030626
0.030626
0.030656
0.030611
0.030659
0.030659
0.030649
0.030615
