2.430076
2.308766
2.202035
2.132921
2.098493
2.086167
2.083832
2.083997
2.084397
2.083934
2.083286
2.082262
2.080765
2.078940
2.076939
2.074946
2.073235
2.071411
2.069477
2.067409
2.065495
2.063401
2.061323
2.058908
2.056602
2.053883
2.051282
2.048457
2.045895
2.043136
2.040470
2.037696
2.035078
2.032275
2.029433
2.026567
2.023725
2.020786
2.017749
2.015143
2.012101
2.009373
2.006605
2.003666
2.000734
1.998082
1.995574
1.992951
1.989973
1.986930
1.983798
1.980481
1.977603
1.974555
1.971243
1.968131
1.964933
1.961806
1.958337
1.955051
1.951523
1.947970
1.944251
1.940922
1.937198
1.934098
1.930640
1.927246
1.923875
1.920551
1.917221
1.913805
1.910745
1.906980
1.903530
1.900156
1.897072
1.893479
1.890223
1.886737
1.883484
1.879668
1.876366
1.872749
1.869082
1.865446
1.862005
1.858465
1.854988
1.851446
1.847916
1.844351
1.840459
1.836690
1.833231
1.829775
1.826176
1.822430
1.818692
1.815233
1.811447
1.807928
1.804206
1.800627
1.796876
1.793625
1.790090
1.786396
1.783147
1.779891
1.777004
1.773985
1.770796
1.768005
1.764781
1.761528
1.758393
1.755132
1.751912
1.748408
1.745057
1.742003
1.738745
1.735594
1.732344
1.729115
1.725977
1.722793
1.719752
1.716477
1.713203
1.710033
1.706944
1.703892
1.701211
1.698114
1.695413
1.692329
1.689589
1.686630
1.683680
1.680964
1.678318
1.675811
1.672988
1.670225
1.667644
1.664876
1.662510
1.659789
1.657399
1.654871
1.652328
1.649880
1.647510
1.644897
1.642342
1.639938
1.637472
1.634849
1.632412
1.630054
1.627306
1.625049
1.622761
1.620268
1.617707
1.615510
1.613311
1.610694
1.608430
1.606095
1.604078
1.601659
1.599181
1.597303
1.595179
1.592613
1.590422
1.588111
1.586243
1.583683
1.581427
1.579328
1.576951
1.574923
1.572982
1.570670
1.568372
1.566746
1.564564
1.562189
1.560223
1.558362
1.555989
1.553851
1.551874
1.549712
1.547309
1.545370
1.543420
1.540959
1.538767
1.536887
1.534661
1.532507
1.530474
1.528221
1.526332
1.524224
1.521736
1.519396
1.517491
1.515073
1.512741
1.510709
1.508358
1.505981
1.503900
1.501475
1.499273
1.496958
1.494572
1.492436
1.490000
1.487782
1.485617
1.483263
1.481040
1.478778
1.476482
1.473979
1.471344
1.469115
1.466639
1.464124
1.461609
1.459147
1.456997
1.454591
1.452459
1.450122
1.447641
1.445227
1.442849
1.440223
1.437037
1.433314
1.429572
1.425523
1.421634
1.418227
1.414993
1.412423
1.409912
1.407544
1.405391
1.402800
1.400520
1.397940
1.395565
1.392815
1.390032
1.387028
1.384436
1.381838
1.379094
1.376607
1.374226
1.371564
1.368997
1.366339
1.363654
1.361279
1.358896
1.356410
1.353782
1.351503
1.348908
1.346295
1.343684
1.340965
1.338111
1.335159
1.332035
1.329133
1.326124
1.323297
1.320491
1.317704
1.315006
1.312367
1.309660
1.307149
1.304422
1.301803
1.298864
1.296207
1.293207
1.290399
1.287644
1.284899
1.282108
1.279214
1.276605
1.273711
1.271054
1.268492
1.265525
1.262561
1.259751
1.256844
1.253643
1.250722
1.247793
1.244902
1.241980
1.239149
1.236475
1.233944
1.231360
1.228519
1.225907
1.223263
1.220279
1.217371
1.214383
1.211394
1.208314
1.205196
1.202104
1.199128
1.196077
1.193122
1.190125
1.187573
1.184875
1.182492
1.180021
1.177594
1.175237
1.172955
1.170478
1.167920
1.165306
1.162304
1.159379
1.156340
1.153081
1.149614
1.146179
1.142990
1.139986
1.136982
1.134047
1.131097
1.127614
1.123656
1.119617
1.115310
1.110991
1.106868
1.103092
1.099641
1.096465
1.093799
1.090735
1.088172
1.085293
1.082698
1.080108
1.077552
1.075082
1.072404
1.069523
1.066519
1.063565
1.060200
1.056773
1.053228
1.049512
1.045839
1.041630
1.037219
1.032351
1.027352
1.022370
1.017929
1.013806
1.010043
1.006476
1.003111
0.999842
0.996593
0.993160
0.989998
0.986842
0.983560
0.980453
0.976857
0.973293
0.969592
0.965944
0.961747
0.956803
0.951848
0.947081
0.942801
0.938864
0.935039
0.931179
0.927838
0.924476
0.921258
0.918093
0.914643
0.911428
0.907908
0.904620
0.901219
0.897748
0.893613
0.888821
0.883979
0.878940
0.873642
0.868650
0.864020
0.860129
0.856698
0.853454
0.850447
0.847534
0.844367
0.841264
0.838279
0.835030
0.831862
0.828828
0.825710
0.822673
0.819354
0.816129
0.812740
0.809354
0.806382
0.803027
0.799742
0.796567
0.793254
0.790114
0.786922
0.783779
0.780886
0.778037
0.775326
0.772641
0.769993
0.767172
0.764063
0.761005
0.757753
0.754320
0.751473
0.748940
0.746645
0.744230
0.741866
0.739708
0.737806
0.735850
0.733519
0.730361
0.726717
0.722630
0.718197
0.713339
0.708620
0.703511
0.698203
0.693691
0.690050
0.687151
0.684832
0.682369
0.680458
0.678490
0.676772
0.674650
0.672361
0.669490
0.666416
0.663166
0.660007
0.656656
0.653475
0.650433
0.647236
0.644202
0.641079
0.637848
0.634590
0.631363
0.628254
0.624882
0.621760
0.618419
0.615001
0.611867
0.608493
0.605286
0.601966
0.598770
0.595585
0.592100
0.588784
0.585289
0.581820
0.578513
0.575369
0.572835
0.570046
0.567441
0.565330
0.562977
0.560359
0.557668
0.554419
0.551156
0.547810
0.544339
0.541101
0.537573
0.533922
0.530791
0.527259
0.524104
0.520508
0.517028
0.513789
0.510595
0.507204
0.503779
0.500314
0.496920
0.493509
0.490033
0.486740
0.483324
0.479985
0.476658
0.473595
0.470916
0.468020
0.465405
0.463115
0.460822
0.458194
0.455245
0.452139
0.448876
0.445641
0.442426
0.439096
0.436037
0.432972
0.429784
0.426580
0.423589
0.420588
0.417598
0.414799
0.411728
0.408597
0.405598
0.402751
0.399689
0.396926
0.393888
0.391087
0.388172
0.385273
0.382576
0.379735
0.377001
0.374374
0.371691
0.368830
0.366320
0.363575
0.360936
0.358351
0.355758
0.353125
0.350620
0.348164
0.345622
0.343366
0.340892
0.338628
0.336296
0.334054
0.331759
0.329484
0.327106
0.324540
0.322026
0.319662
0.317472
0.315173
0.313057
0.310981
0.308782
0.307151
0.305144
0.303349
0.301632
0.299842
0.297953
0.296157
0.294404
0.292541
0.290893
0.289298
0.287449
0.285706
0.284127
0.282327
0.280612
0.279047
0.277422
0.275889
0.274366
0.272777
0.271343
0.269756
0.268274
0.266635
0.265230
0.263726
0.262340
0.260821
0.259332
0.258038
0.256618
0.255227
0.253750
0.252527
0.251066
0.249823
0.248529
0.247460
0.246307
0.245306
0.244605
0.243750
0.242912
0.242019
0.241213
0.240154
0.239042
0.237881
0.236743
0.234757
0.231664
0.228747
0.226281
0.222556
0.219288
0.216958
0.215380
0.213945
0.212921
0.211894
0.211207
0.210506
0.209561
0.208818
0.207886
0.206770
0.205735
0.204845
0.203729
0.202960
0.201968
0.201024
0.200179
0.199380
0.198375
0.197602
0.196350
0.195649
0.194544
0.193594
0.192542
0.191513
0.190585
0.189515
0.188536
0.187548
0.186524
0.185358
0.184375
0.183452
0.182607
0.181737
0.180823
0.179940
0.178935
0.178000
0.177235
0.176260
0.175443
0.174624
0.173830
0.172951
0.172038
0.171043
0.170086
0.168976
0.167984
0.166824
0.165821
0.164610
0.163545
0.162525
0.161408
0.160207
0.159158
0.158402
0.157438
0.156560
0.155605
0.154357
0.153307
0.152024
0.150843
0.149734
0.148580
0.147536
0.146419
0.145142
0.143978
0.142791
0.141635
0.140533
0.139366
0.138244
0.137024
0.136028
0.134962
0.133840
0.132531
0.131777
0.130926
0.130035
0.129101
0.128097
0.126994
0.125861
0.124963
0.124041
0.122919
0.121888
0.120891
0.119866
0.119001
0.118019
0.117144
0.116259
0.115382
0.114495
0.113519
0.112742
0.111926
0.111073
0.110221
0.109339
0.108605
0.107739
0.106917
0.106315
0.105594
0.104780
0.104128
0.103298
0.102628
0.101992
0.101279
0.100683
0.099931
0.099341
0.098611
0.097927
0.097376
0.096744
0.096229
0.095496
0.094942
0.094370
0.093745
0.093201
0.092614
0.091979
0.091526
0.091006
0.090586
0.090063
0.089565
0.088974
0.088328
0.087845
0.087261
0.086771
0.086247
0.085707
0.085084
0.084567
0.084112
0.083449
0.082981
0.082413
0.081978
0.081483
0.081058
0.080492
0.079923
0.079172
0.078777
0.078170
0.077638
0.077053
0.076453
0.075997
0.075571
0.074997
0.074562
0.073913
0.073383
0.072844
0.072285
0.071761
0.071324
0.070738
0.070272
0.069708
0.069238
0.068757
0.068137
0.067719
0.067175
0.066592
0.066050
0.065497
0.065013
0.064477
0.063989
0.063406
0.062933
0.062372
0.061823
0.061230
0.060744
0.060216
0.059684
0.059074
0.058593
0.058135
0.057622
0.056991
0.056520
0.056090
0.055635
0.055059
0.054613
0.054054
0.053509
0.052968
0.052480
0.051913
0.051464
0.051006
0.050455
0.050060
0.049586
0.048974
0.048585
0.048015
0.047645
0.047213
0.046739
0.046180
0.045654
0.045153
0.044607
0.044271
0.043762
0.043256
0.042835
0.042512
0.042023
0.041670
0.041194
0.040809
0.040389
0.039980
0.039630
0.039212
0.038894
0.038364
0.037971
0.037570
0.037372
0.036978
0.036571
0.036306
0.035910
0.035555
0.035168
0.034867
0.034525
0.034231
0.033876
0.033526
0.033199
0.032906
0.032618
0.032366
0.032092
0.031850
0.031530
0.031304
0.031178
0.030899
0.030648
0.030322
0.030044
0.029764
0.029588
0.029290
0.029122
0.028955
0.028742
0.028549
0.028335
0.028144
0.028037
0.027816
0.027642
0.027457
0.027340
0.027182
0.026993
0.026843
0.026618
0.026477
0.026333
0.026144
0.026100
0.025928
0.025855
0.025723
0.025527
0.025474
0.025313
0.025288
0.025062
0.024914
0.024805
0.024810
0.024668
0.024694
0.024628
0.024585
0.024514
0.024426
0.024396
0.024293
0.024256
0.024287
0.024175
0.024049
0.023976
0.023948
0.023880
0.023831
0.023799
0.023770
0.023781
0.023733
0.023733
0.023763
0.023738
0.023700
0.023753
0.023753
0.023756
0.023703
0.023744
0.023697
0.023707
0.023700
0.023671
0.023716
0.023716
0.023716
0.023723
0.023769
0.023765
0.023737
0.023779
0.023806
0.023710
0.023730
0.023687
0.023711
0.023599
0.023734
0.023734
0.023753
0.023761
0.023801
0.023799
0.023837
0.023831
0.023848
0.023924
0.023910
0.023841
0.023914
0.023926
0.023951
0.023932
0.023974
0.024001
0.024041
0.023967
0.024010
0.024021
0.024026
0.024025
0.023993
0.023985
0.024004
0.024047
0.024012
0.023908
0.023950
0.024001
0.024096
0.024074
0.024001
0.024057
0.024055
0.024129
0.024122
0.024147
0.024127
0.024124
0.024180
0.024198
0.024083
0.024118
0.024121
0.024170
0.024123
0.024218
0.024194
0.024150
0.024169
0.024217
0.024165
0.024111
0.024178
0.024289
0.024270
0.024268
0.024256
0.024251
0.024277
0.024344
0.024302
0.024329
0.024281
0.024279
0.024279
0.024308
0.024337
0.024424
0.024391
0.024390
0.024325
0.024396
0.024388
0.024359
0.024412
0.024421
0.024522
0.024512
0.024560
0.024497
0.024532
0.024484
0.024591
0.024622
0.024632
0.024542
0.024601
0.024607
0.024690
0.024745
0.024744
0.024743
0.024685
0.024660
0.024657
0.024701
0.024761
0.024735
0.024737
0.024771
0.024814
0.024820
0.024894
0.024890
0.024933
0.024929
0.024990
0.025035
0.025045
0.025083
0.025062
0.025082
0.025116
0.025116
0.025124
0.025127
0.025160
0.025190
0.025258
0.025242
0.025267
0.025295
0.025355
0.025298
0.025285
0.025427
0.025415
0.025428
0.025414
0.025463
0.025463
0.025496
0.025589
0.025601
0.025549
0.025588
0.025614
0.025630
0.025674
0.025716
0.025716
0.025734
0.025738
0.025732
0.025760
0.025793
0.025889
0.025889
0.025896
0.025906
0.025929
0.025900
0.025946
0.025945
0.025945
0.026002
0.026028
0.025984
0.025984
0.026064
0.026090
0.026137
0.026171
0.026114
0.026137
0.026166
0.026170
0.026216
0.026220
0.026161
0.026234
0.026275
0.026257
0.026309
0.026342
0.026403
0.026414
0.026420
0.026420
0.026428
0.026436
0.026427
0.026424
0.026404
0.026413
0.026460
0.026489
0.026489
0.026506
0.026563
0.026556
0.026600
0.026600
0.026591
0.026609
0.026621
0.026576
0.026623
0.026623
0.026646
0.026668
0.026697
0.026796
0.026796
0.026797
0.026797
0.026789
0.026804
0.026845
0.026891
0.026893
0.026847
0.026847
0.026903
0.026949
0.026949
0.027013
0.027029
0.026934
0.026942
0.026998
0.026985
0.026985
0.027016
0.027016
0.027089
0.027089
0.027107
0.027121
0.027121
0.027072
0.027072
0.027091
0.027080
0.027111
0.027085
0.027098
0.027098
0.027177
0.027197
0.027197
0.027259
0.027258
0.027327
0.027347
0.027400
0.027390
0.027406
0.027407
0.027384
0.027384
0.027384
0.027457
0.027427
0.027439
0.027484
0.027484
0.027472
0.027490
0.027490
0.027485
0.027508
0.027451
0.027451
0.027451
0.027480
0.027544
0.027544
0.027579
0.027613
0.027632
0.027626
0.027626
0.027626
0.027608
0.027600
0.027600
0.027600
0.027620
0.027620
0.027603
0.027648
0.027656
0.027677
0.027709
0.027794
0.027792
0.027759
0.027794
0.027814
0.027841
0.027799
0.027799
0.027810
0.027805
0.027805
0.027827
0.027850
0.027861
0.027820
0.027875
0.027875
0.027903
0.027916
0.027875
0.027875
0.027875
0.027875
0.027875
0.027933
0.027955
0.027915
0.027915
0.027941
0.028043
0.028043
0.028029
0.027945
0.027979
0.027995
0.027974
0.027974
0.028018
0.027978
0.028019
0.028019
0.028019
0.028092
0.028137
0.028179
0.028179
0.028097
0.028097
0.028097
0.028116
0.028116
0.028122
0.028122
0.028083
0.028128
0.028169
0.028212
0.028246
0.028246
0.028335
0.028254
0.028218
0.028218
0.028218
0.028240
0.028265
0.028308
0.028308
0.028308
0.028319
0.028319
0.028319
0.028320
0.028320
0.028344
0.028376
0.028339
0.028339
0.028339
0.028363
0.028363
0.028431
0.028431
0.028431
0.028457
0.028492
0.028537
0.028459
0.028459
0.028459
0.028486
0.028486
0.028486
0.028512
0.028512
0.028540
0.028543
0.028584
0.028548
0.028574
0.028609
0.028637
0.028637
0.028630
0.028630
0.028630
0.028632
0.028703
0.028667
0.028667
0.028667
0.028695
0.028695
0.028695
0.028745
0.028745
0.028745
0.028745
0.028745
0.028745
0.028739
0.028688
0.028688
0.028688
0.028764
0.028791
0.028812
0.028812
0.028844
0.028844
0.028889
0.028844
0.028807
0.028807
0.028807
0.028841
0.028805
0.028805
0.028805
0.028833
0.028876
0.028876
0.028840
0.028875
0.028875
0.028881
0.028916
0.028951
0.028951
0.028916
0.028916
0.028888
0.028888
0.028923
0.028951
0.028994
0.028994
0.028994
0.028994
0.028994
0.028996
0.028996
0.028978
0.029015
0.028980
0.028980
0.028980
0.028980
0.028948
0.028957
0.028957
0.028957
0.028992
0.029027
0.029027
0.029033
0.028999
0.028999
0.029028
0.029033
0.029033
0.029033
0.029003
0.029048
0.029094
0.029094
0.029094
0.029129
0.029129
0.029099
0.029099
0.029138
0.029148
0.029114
0.029142
0.029114
0.029114
0.029114
0.029114
0.029114
0.029149
0.029121
0.029121
0.029121
0.029121
0.029121
0.029164
0.029205
0.029143
0.029143
0.029143
0.029143
0.029143
0.029083
0.029130
0.029130
0.029130
0.029130
0.029130
0.029070
0.029070
0.029099
0.029064
0.029064
0.029064
0.029039
0.029039
0.029119
0.029119
0.029119
0.029119
0.029095
0.029095
0.029050
0.029050
0.029064
0.029081
0.029047
0.029092
0.029092
0.029092
0.029190
0.029205
0.029185
0.029185
0.029185
0.029185
0.029185
0.029164
0.029193
0.029193
0.029159
0.029204
0.029184
0.029254
0.029254
0.029254
0.029258
0.029258
0.029219
0.029219
0.029174
0.029174
0.029137
0.029137
0.029119
0.029084
0.029104
0.029139
0.029139
0.029203
0.029203
0.029220
0.029220
0.029220
0.029200
0.029224
0.029187
0.029187
0.029216
0.029236
0.029281
0.029267
0.029267
0.029304
0.029304
0.029304
0.029291
0.029291
0.029291
0.029309
0.029289
0.029252
0.029240
0.029259
0.029259
0.029259
0.029296
0.029286
0.029286
0.029286
0.029286
0.029286
0.029286
0.029276
0.029276
0.029295
0.029295
0.029331
0.029322
0.029322
0.029282
0.029282
0.029282
0.029282
0.029275
0.029275
0.029275
0.029315
0.029292
0.029286
0.029286
0.029306
0.029306
0.029306
0.029351
0.029346
0.029346
0.029346
0.029346
0.029346
0.029301
0.029298
0.029327
0.029327
0.029372
0.029372
0.029392
0.029392
0.029392
0.029392
0.029392
0.029392
0.029391
0.029391
0.029391
0.029391
0.029391
0.029392
0.029392
0.029392
0.029392
0.029414
0.029414
0.029416
0.029453
0.029453
0.029453
0.029453
0.029453
0.029498
0.029406
0.029406
0.029446
0.029446
0.029450
0.029474
0.029434
0.029434
0.029434
0.029434
0.029440
0.029440
0.029440
0.029480
0.029497
0.029504
0.029504
0.029504
0.029504
0.029550
0.029574
0.029583
0.029583
0.029583
0.029583
0.029583
0.029593
0.029593
0.029593
0.029593
0.029593
0.029605
0.029605
0.029652
0.029677
0.029677
0.029645
0.029657
0.029657
0.029657
0.029657
0.029690
0.029703
0.029703
0.029703
0.029703
0.029703
0.029718
0.029745
0.029745
0.029712
0.029712
0.029728
0.029728
0.029728
0.029728
0.029757
0.029774
0.029774
0.029774
0.029774
0.029731
0.029749
0.029784
0.029754
0.029754
0.029754
0.029793
0.029793
0.029822
0.029855
0.029855
0.029875
0.029875
0.029875
0.029875
0.029920
0.029888
0.029937
0.029937
0.029937
0.029892
0.029892
0.029914
0.029946
0.029986
0.029943
0.029989
0.030013
0.030032
0.030032
0.029960
0.029960
0.029965
0.029994
0.029994
0.029994
0.030034
0.030034
0.030092
0.030092
0.030092
0.030092
0.030111
0.030138
0.030126
0.030085
0.030085
0.030066
0.030027
0.030054
0.030054
0.030054
0.030117
0.030117
0.030077
0.030125
0.030125
0.030093
0.030093
0.030093
0.030093
0.030122
0.030103
0.030103
0.030103
0.030103
0.030135
0.030135
0.030165
0.030184
0.030184
0.030114
0.030114
0.030114
0.030145
0.030177
0.030177
0.030157
0.030157
0.030157
0.030149
0.030149
0.030201
0.030201
0.030209
0.030177
0.030140
0.030140
0.030140
0.030140
0.030174
0.030174
0.030154
0.030154
0.030187
0.030187
0.030171
0.030171
0.030171
0.030173
0.030173
0.030173
0.030173
0.030173
0.030173
0.030173
0.030138
0.030138
0.030147
0.030130
0.030130
0.030130
0.030164
0.030131
0.030131
0.030098
0.030098
0.030098
0.030098
0.030135
0.030135
0.030135
0.030167
0.030167
0.030135
0.030135
0.030135
0.030103
0.030068
0.030068
0.030068
0.030106
0.030075
0.030036
0.030036
0.030036
0.030068
0.030068
0.030034
0.030034
0.030004
0.029972
0.029972
0.029972
0.029937
0.029937
0.029937
0.029948
0.029948
0.029948
0.029988
0.030020
0.030020
0.030020
0.030066
0.029927
0.029927
0.029927
0.029927
0.029927
0.029894
0.029821
0.029821
0.029861
0.029861
0.029939
0.029939
0.029939
0.029912
0.029880
0.029840
0.029840
0.029840
0.029840
0.029840
0.029814
0.029860
0.029827
0.029859
0.029859
0.029859
0.029835
0.029835
0.029777
0.029777
0.029777
0.029777
0.029718
0.029718
0.029698
0.029698
0.029698
0.029731
0.029698
0.029676
0.029639
0.029639
0.029607
0.029607
0.029607
0.029585
0.029585
0.029585
0.029585
0.029585
0.029585
0.029597
0.029597
0.029597
0.029597
0.029565
0.029533
0.029533
0.029514
0.029478
0.029478
0.029478
0.029478
0.029478
0.029460
0.029492
0.029457
0.029457
0.029457
0.029457
0.029407
0.029407
0.029407
0.029375
0.029375
0.029375
0.029360
0.029360
0.029326
0.029358
0.029358
0.029331
0.029331
0.029362
0.029330
0.029330
0.029330
0.029330
0.029330
0.029224
0.029224
0.029224
0.029193
0.029225
0.029225
0.029176
0.029222
0.029188
0.029156
0.029156
0.029156
0.029144
0.029144
0.029144
0.029144
0.029144
0.029144
0.029167
0.029167
0.029167
0.029167
0.029167
0.029104
0.029104
0.029095
0.029095
0.029063
0.029063
0.029063
0.029030
0.029022
0.029055
0.029055
0.029018
0.029018
0.029018
0.029017
0.029017
0.029017
0.029017
0.029017
0.028990
0.028985
0.028955
0.028955
0.028988
0.028957
0.028957
0.028953
0.028953
0.028921
0.028921
0.028921
0.028921
0.028919
0.028871
0.028871
0.028871
0.028871
0.028903
0.028866
0.028866
0.028866
0.028866
0.028833
0.028833
0.028776
0.028776
0.028776
0.028776
0.028776
0.028776
0.028778
0.028810
0.028810
0.028810
0.028810
0.028810
0.028781
0.028781
0.028781
0.028781
0.028781
0.028781
0.028786
0.028786
0.028786
0.028819
0.028756
0.028756
0.028762
0.028782
0.028749
0.028692
0.028692
0.028692
0.028681
0.028681
0.028681
0.028681
0.028681
0.028713
0.028722
0.028722
0.028722
0.028742
0.028709
0.028709
0.028720
0.028720
0.028720
0.028676
0.028723
0.028723
0.028734
0.028767
0.028767
0.028767
0.028750
0.028762
0.028730
0.028730
0.028730
0.028730
0.028730
0.028696
0.028696
0.028696
0.028696
0.028728
0.028744
0.028744
0.028763
0.028763
0.028731
0.028731
0.028718
0.028696
0.028696
0.028696
0.028677
0.028723
0.028723
0.028756
0.028756
0.028775
0.028794
0.028839
0.028807
0.028780
0.028715
0.028735
0.028735
0.028689
0.028670
0.028670
0.028720
0.028752
0.028752
0.028771
0.028817
0.028817
0.028806
0.028777
0.028777
0.028749
0.028730
0.028753
0.028707
0.028707
0.028736
0.028769
0.028792
0.028838
0.028838
0.028838
0.028805
0.028801
0.028801
0.028801
0.028801
0.028801
0.028801
0.028827
0.028827
0.028852
0.028852
0.028852
0.028879
0.028879
0.028817
0.028817
0.028817
0.028817
0.028845
0.028845
0.028845
0.028845
0.028804
0.028837
0.028879
0.028879
0.028879
0.028879
0.028818
0.028818
0.028847
0.028847
0.028847
0.028847
0.028847
0.028822
0.028852
0.028884
0.028884
0.028884
0.028884
0.028884
0.028852
0.028883
0.028818
0.028818
0.028818
0.028818
0.028818
0.028818
0.028850
0.028847
0.028847
0.028847
0.028847
0.028847
0.028814
0.028847
0.028847
0.028811
0.028811
0.028811
0.028811
0.028811
0.028811
0.028865
0.028865
0.028865
0.028865
0.028865
0.028833
0.028833
0.028798
0.028798
0.028833
0.028833
0.028833
0.028833
0.028833
0.028865
0.028865
0.028865
0.028865
0.028867
0.028835
0.028835
0.028835
0.028835
0.028835
0.028835
0.028835
0.028835
0.028835
0.028872
0.028872
0.028872
0.028872
0.028872
0.028839
0.028839
0.028805
0.028805
0.028773
0.028773
0.028773
0.028790
0.028790
0.028822
0.028822
0.028822
0.028822
0.028792
0.028759
0.028759
0.028759
0.028759
0.028759
0.028759
0.028752
0.028722
0.028762
0.028794
0.028794
0.028794
0.028794
0.028794
0.028733
0.028733
0.028733
0.028733
0.028733
0.028733
0.028733
0.028733
0.028706
0.028738
0.028711
0.028711
0.028711
0.028711
0.028678
0.028693
0.028693
0.028693
0.028693
0.028693
0.028693
0.028667
0.028667
0.028700
0.028700
0.028700
0.028700
0.028700
0.028643
0.028643
0.028643
0.028643
0.028643
0.028643
0.028619
0.028585
0.028585
0.028618
0.028618
0.028618
0.028618
0.028595
0.028562
0.028562
0.028562
0.028562
0.028562
0.028541
0.028541
0.028541
0.028541
0.028541
0.028573
0.028552
0.028552
0.028552
0.028520
0.028520
0.028520
0.028500
0.028500
0.028500
0.028500
0.028500
0.028500
0.028482
0.028495
0.028495
0.028495
0.028495
0.028463
0.028463
0.028445
0.028443
0.028443
0.028443
0.028443
0.028443
0.028426
0.028426
0.028458
0.028458
0.028458
0.028458
0.028410
0.028410
0.028410
0.028410
0.028410
0.028410
0.028410
0.028396
0.028396
0.028396
0.028428
0.028428
0.028428
0.028382
0.028350
0.028385
0.028385
0.028385
0.028385
0.028372
0.028372
0.028372
0.028372
0.028372
0.028405
0.028394
0.028394
0.028394
0.028362
0.028362
0.028362
0.028352
0.028352
0.028352
0.028352
0.028352
0.028304
0.028268
0.028300
0.028300
0.028300
0.028300
0.028313
0.028306
0.028306
0.028306
0.028260
0.028260
0.028260
0.028254
0.028254
0.028254
0.028287
0.028287
0.028287
0.028328
0.028295
0.028295
0.028295
0.028295
0.028295
0.028246
0.028246
0.028246
0.028246
0.028246
0.028246
0.028244
0.028322
0.028322
0.028290
0.028290
0.028290
0.028289
0.028289
0.028244
0.028244
0.028244
0.028244
0.028244
0.028244
0.028244
0.028290
0.028322
0.028292
0.028260
0.028260
0.028260
0.028260
0.028260
0.028218
0.028218
0.028218
0.028218
0.028218
0.028264
0.028268
0.028268
0.028268
0.028268
0.028268
0.028268
0.028274
0.028274
0.028274
0.028274
0.028274
0.028274
0.028282
0.028282
0.028282
0.028282
0.028282
0.028277
0.028277
0.028277
0.028277
0.028277
0.028277
0.028287
0.028287
0.028287
0.028287
0.028287
0.028287
0.028298
0.028298
0.028298
0.028298
0.028298
0.028310
0.028310
0.028310
0.028310
0.028310
0.028310
0.028324
0.028324
0.028324
0.028324
0.028324
