1.538109
1.373775
1.222969
1.121137
1.067488
1.045614
1.039305
1.040510
1.041727
1.041936
1.041872
1.041530
1.041091
1.040570
1.040031
1.039581
1.038998
1.038562
1.038811
1.038373
1.037096
1.035180
1.033195
1.031178
1.028944
1.026420
1.023294
1.019916
1.016785
1.013669
1.010608
1.007642
1.004712
1.001776
0.998813
0.995995
0.992977
0.990395
0.987770
0.985187
0.982384
0.979756
0.977185
0.974691
0.971954
0.969219
0.966466
0.963407
0.960545
0.957466
0.954489
0.951532
0.948735
0.945847
0.942747
0.939764
0.936763
0.934170
0.931425
0.928603
0.925677
0.922711
0.919850
0.917013
0.914028
0.911116
0.907987
0.905382
0.902630
0.899662
0.896443
0.893515
0.890356
0.887115
0.883858
0.880476
0.877114
0.874059
0.870993
0.867737
0.864416
0.860875
0.857708
0.854398
0.851220
0.847873
0.844552
0.841370
0.837922
0.834397
0.830752
0.827121
0.823510
0.819817
0.816231
0.813074
0.809169
0.805545
0.802274
0.798839
0.795083
0.791295
0.787626
0.784300
0.780493
0.776586
0.772974
0.769566
0.765971
0.762254
0.758556
0.755119
0.751347
0.747306
0.743565
0.739875
0.736053
0.732052
0.728263
0.724415
0.720600
0.716815
0.712804
0.709048
0.705251
0.701339
0.697551
0.693730
0.689998
0.686218
0.682512
0.678741
0.674973
0.671230
0.667658
0.664078
0.660416
0.656778
0.653104
0.649362
0.645748
0.642515
0.639045
0.635512
0.631884
0.628311
0.624748
0.621774
0.618424
0.615044
0.611748
0.608311
0.604940
0.601734
0.598586
0.595391
0.592227
0.589063
0.585955
0.582887
0.580065
0.577035
0.573915
0.571046
0.568235
0.565300
0.562329
0.559437
0.556576
0.553888
0.551239
0.548431
0.545682
0.543001
0.540367
0.537763
0.535158
0.532543
0.530157
0.527867
0.525226
0.522882
0.520512
0.517938
0.515520
0.513239
0.510928
0.508485
0.506046
0.503670
0.501299
0.499274
0.497193
0.495140
0.493088
0.490894
0.488919
0.486710
0.484511
0.482360
0.480264
0.478071
0.475917
0.473884
0.471809
0.469765
0.467848
0.465573
0.463716
0.461620
0.459587
0.457708
0.455604
0.453633
0.451723
0.449751
0.447876
0.446075
0.444327
0.442283
0.440481
0.438478
0.436692
0.434540
0.432621
0.430614
0.428753
0.426846
0.424978
0.423229
0.421199
0.419440
0.417341
0.415687
0.413832
0.411902
0.409947
0.408040
0.406211
0.404441
0.402578
0.400640
0.398758
0.396930
0.395065
0.393130
0.391439
0.389540
0.387583
0.385791
0.383986
0.382134
0.380211
0.378446
0.376686
0.374777
0.372972
0.371156
0.369307
0.367531
0.365731
0.363960
0.362094
0.360242
0.358550
0.356773
0.354984
0.353241
0.351575
0.349845
0.348043
0.346442
0.344808
0.343155
0.341425
0.339747
0.338078
0.336553
0.334983
0.333365
0.331718
0.330146
0.328496
0.326975
0.325411
0.323975
0.322377
0.320777
0.319252
0.317858
0.316362
0.314908
0.313294
0.311715
0.310434
0.309018
0.307573
0.306337
0.304796
0.303525
0.302150
0.300845
0.299483
0.298273
0.297044
0.295806
0.294570
0.293503
0.292254
0.291065
0.289885
0.288695
0.287544
0.286432
0.285178
0.284216
0.283098
0.281959
0.280967
0.280001
0.278806
0.277732
0.276659
0.275616
0.274536
0.273488
0.272380
0.271307
0.270279
0.269221
0.268173
0.267230
0.266103
0.265121
0.264101
0.263181
0.262069
0.260999
0.260043
0.258989
0.257844
0.256886
0.255894
0.254839
0.253699
0.252638
0.251503
0.250505
0.249292
0.248284
0.247245
0.246189
0.245127
0.243844
0.242666
0.241533
0.240394
0.239203
0.237996
0.236830
0.235645
0.234372
0.233334
0.232133
0.230911
0.229715
0.228429
0.227347
0.225953
0.224756
0.223454
0.222173
0.221045
0.219749
0.218509
0.217134
0.215992
0.214796
0.213762
0.212487
0.211283
0.210021
0.208901
0.207886
0.206766
0.205596
0.204388
0.203343
0.202174
0.201003
0.199875
0.198745
0.197633
0.196581
0.195535
0.194414
0.193568
0.192494
0.191485
0.190339
0.189459
0.188353
0.187506
0.186422
0.185421
0.184439
0.183453
0.182546
0.181654
0.180697
0.179744
0.178916
0.178004
0.177091
0.176190
0.175265
0.174377
0.173539
0.172519
0.171841
0.170950
0.170097
0.169205
0.168379
0.167624
0.166766
0.165945
0.165054
0.164185
0.163462
0.162690
0.161742
0.160968
0.160188
0.159419
0.158652
0.157890
0.157061
0.156112
0.155304
0.154508
0.153827
0.152924
0.152205
0.151309
0.150508
0.149574
0.148869
0.148059
0.147257
0.146444
0.145592
0.144749
0.143937
0.143141
0.142357
0.141503
0.140546
0.139778
0.138973
0.138150
0.137410
0.136477
0.135580
0.134905
0.133951
0.133084
0.132226
0.131568
0.130631
0.129834
0.128893
0.128094
0.127262
0.126336
0.125457
0.124584
0.123799
0.122863
0.121942
0.121094
0.120191
0.119329
0.118485
0.117593
0.116798
0.115831
0.114869
0.113998
0.113186
0.112236
0.111417
0.110667
0.109837
0.109001
0.108172
0.107271
0.106428
0.105604
0.104729
0.103977
0.103108
0.102400
0.101560
0.100721
0.099922
0.099244
0.098599
0.097809
0.097063
0.096383
0.095684
0.095013
0.094263
0.093556
0.092821
0.092213
0.091547
0.090875
0.090301
0.089545
0.088927
0.088332
0.087618
0.086979
0.086442
0.085885
0.085224
0.084583
0.084041
0.083366
0.082832
0.082345
0.081783
0.081163
0.080538
0.079963
0.079523
0.079020
0.078454
0.077947
0.077441
0.076894
0.076396
0.075902
0.075323
0.074777
0.074194
0.073691
0.073209
0.072648
0.072142
0.071619
0.071122
0.070647
0.070171
0.069578
0.069069
0.068659
0.068083
0.067629
0.067044
0.066658
0.066180
0.065628
0.065165
0.064865
0.064370
0.063846
0.063457
0.063049
0.062619
0.062189
0.061747
0.061380
0.060900
0.060396
0.060022
0.059664
0.059267
0.058761
0.058347
0.057995
0.057607
0.057096
0.056672
0.056310
0.055845
0.055394
0.055004
0.054539
0.054245
0.053858
0.053423
0.052999
0.052630
0.052262
0.051811
0.051447
0.051031
0.050614
0.050123
0.049761
0.049405
0.048985
0.048708
0.048256
0.047901
0.047514
0.047066
0.046672
0.046324
0.045906
0.045571
0.045149
0.044698
0.044409
0.043942
0.043605
0.043196
0.042947
0.042560
0.042223
0.041900
0.041442
0.041204
0.040775
0.040416
0.040161
0.039697
0.039422
0.039068
0.038761
0.038443
0.038162
0.037887
0.037580
0.037212
0.036895
0.036627
0.036271
0.035947
0.035680
0.035380
0.035115
0.034823
0.034522
0.034283
0.033993
0.033819
0.033544
0.033263
0.032955
0.032695
0.032420
0.032229
0.032086
0.031866
0.031550
0.031283
0.031072
0.030765
0.030603
0.030375
0.030153
0.029992
0.029729
0.029597
0.029426
0.029294
0.028988
0.028820
0.028633
0.028528
0.028412
0.028196
0.027994
0.027738
0.027585
0.027554
0.027400
0.027234
0.027082
0.026945
0.026777
0.026651
0.026581
0.026458
0.026257
0.026181
0.025999
0.025924
0.025884
0.025785
0.025722
0.025605
0.025529
0.025454
0.025387
0.025370
0.025261
0.025241
0.025162
0.025038
0.025007
0.024920
0.024879
0.024808
0.024868
0.024841
0.024896
0.024781
0.024754
0.024752
0.024732
0.024674
0.024697
0.024646
0.024617
0.024563
0.024583
0.024522
0.024454
0.024493
0.024434
0.024420
0.024420
0.024375
0.024374
0.024312
0.024378
0.024417
0.024405
0.024399
0.024413
0.024397
0.024343
0.024338
0.024415
0.024329
0.024336
0.024289
0.024331
0.024332
0.024342
0.024419
0.024377
0.024377
0.024438
0.024353
0.024334
0.024403
0.024443
0.024443
0.024424
0.024441
0.024441
0.024427
0.024399
0.024341
0.024433
0.024368
0.024324
0.024324
0.024396
0.024396
0.024436
0.024465
0.024481
0.024473
0.024488
0.024523
0.024482
0.024542
0.024542
0.024557
0.024532
0.024570
0.024547
0.024578
0.024593
0.024615
0.024535
0.024567
0.024605
0.024597
0.024490
0.024504
0.024532
0.024473
0.024519
0.024613
0.024654
0.024654
0.024627
0.024668
0.024668
0.024657
0.024694
0.024767
0.024778
0.024736
0.024769
0.024664
0.024628
0.024682
0.024719
0.024658
0.024691
0.024777
0.024777
0.024777
0.024759
0.024796
0.024847
0.024801
0.024801
0.024743
0.024740
0.024740
0.024763
0.024783
0.024767
0.024821
0.024821
0.024885
0.024894
0.024928
0.024916
0.024902
0.024867
0.024877
0.024825
0.024851
0.024885
0.024896
0.024894
0.024829
0.024872
0.024864
0.024838
0.024838
0.024873
0.024861
0.024873
0.024834
0.024834
0.024863
0.024861
0.024880
0.024870
0.024925
0.024889
0.024951
0.024972
0.024923
0.024910
0.024912
0.024947
0.024976
0.025005
0.025033
0.025057
0.025021
0.025007
0.025014
0.025013
0.025013
0.025006
0.025006
0.024996
0.025001
0.025036
0.025014
0.024989
0.025014
0.025028
0.025028
0.025088
0.025123
0.025123
0.025110
0.025145
0.025141
0.025141
0.025204
0.025204
0.025201
0.025276
0.025248
0.025303
0.025302
0.025339
0.025339
0.025357
0.025357
0.025355
0.025355
0.025398
0.025342
0.025429
0.025505
0.025505
0.025526
0.025551
0.025551
0.025555
0.025583
0.025625
0.025636
0.025707
0.025707
0.025734
0.025821
0.025853
0.025886
0.025866
0.025866
0.025946
0.025946
0.025935
0.025970
0.026044
0.026044
0.025994
0.026080
0.026154
0.026115
0.026155
0.026202
0.026187
0.026258
0.026258
0.026301
0.026353
0.026400
0.026400
0.026436
0.026436
0.026436
0.026483
0.026527
0.026478
0.026478
0.026522
0.026547
0.026640
0.026640
0.026604
0.026643
0.026611
0.026705
0.026660
0.026731
0.026856
0.026856
0.026856
0.026905
0.026905
0.026905
0.027032
0.027032
0.027067
0.027104
0.027156
0.027205
0.027239
0.027239
0.027286
0.027335
0.027335
0.027351
0.027351
0.027381
0.027428
0.027474
0.027474
0.027482
0.027529
0.027576
0.027541
0.027626
0.027672
0.027701
0.027710
0.027710
0.027757
0.027757
0.027807
0.027807
0.027864
0.027912
0.027912
0.027912
0.027962
0.028009
0.028009
0.028020
0.028098
0.028098
0.028098
0.028098
0.028158
0.028130
0.028143
0.028206
0.028206
0.028208
0.028255
0.028290
0.028351
0.028364
0.028411
0.028407
0.028445
0.028445
0.028445
0.028574
0.028590
0.028552
0.028552
0.028626
0.028644
0.028644
0.028644
0.028682
0.028728
0.028739
0.028739
0.028788
0.028788
0.028758
0.028717
0.028732
0.028796
0.028796
0.028790
0.028795
0.028795
0.028841
0.028836
0.028886
0.028886
0.028901
0.028947
0.028952
0.028952
0.029001
0.029042
0.029042
0.029042
0.029089
0.029089
0.029105
0.029136
0.029136
0.029186
0.029232
0.029232
0.029232
0.029232
0.029238
0.029287
0.029287
0.029350
0.029350
0.029321
0.029314
0.029314
0.029314
0.029314
0.029314
0.029361
0.029417
0.029417
0.029417
0.029460
0.029516
0.029516
0.029562
0.029531
0.029580
0.029554
0.029554
0.029563
0.029563
0.029563
0.029595
0.029609
0.029609
0.029617
0.029666
0.029683
0.029715
0.029715
0.029715
0.029761
0.029761
0.029761
0.029761
0.029761
0.029761
0.029734
0.029734
0.029734
0.029829
0.029829
0.029839
0.029839
0.029839
0.029841
0.029832
0.029832
0.029841
0.029841
0.029888
0.029904
0.029904
0.029904
0.029914
0.029914
0.029914
0.029914
0.029914
0.029963
0.030047
0.030047
0.030047
0.030047
0.030079
0.030047
0.030019
0.030019
0.030019
0.030019
0.030066
0.030035
0.030067
0.030105
0.030105
0.030105
0.030105
0.030080
0.030080
0.030080
0.030080
0.030127
0.030177
0.030177
0.030177
0.030183
0.030183
0.030183
0.030183
0.030183
0.030183
0.030183
0.030183
0.030229
0.030258
0.030258
0.030258
0.030258
0.030258
0.030258
0.030258
0.030302
0.030302
0.030302
0.030288
0.030334
0.030334
0.030334
0.030334
0.030334
0.030348
0.030348
0.030348
0.030348
0.030348
0.030348
0.030348
0.030394
0.030394
0.030394
0.030394
0.030372
0.030352
0.030352
0.030352
0.030320
0.030320
0.030320
0.030320
0.030399
0.030399
0.030399
0.030434
0.030402
0.030402
0.030402
0.030402
0.030402
0.030442
0.030458
0.030504
0.030504
0.030504
0.030504
0.030504
0.030504
0.030504
0.030504
0.030504
0.030504
0.030504
0.030555
0.030555
0.030602
0.030576
0.030576
0.030576
0.030576
0.030576
0.030576
0.030576
0.030529
0.030529
0.030546
0.030546
0.030546
0.030593
0.030593
0.030593
0.030593
0.030593
0.030593
0.030593
0.030593
0.030559
0.030576
0.030576
0.030576
0.030545
0.030592
0.030592
0.030592
0.030592
0.030545
0.030545
0.030545
0.030564
0.030549
0.030549
0.030549
0.030590
0.030605
0.030605
0.030652
0.030652
0.030652
0.030671
0.030671
0.030671
0.030671
0.030612
0.030620
0.030620
0.030620
0.030620
0.030620
0.030636
0.030654
0.030654
0.030674
0.030674
0.030674
0.030674
0.030692
0.030692
0.030692
0.030692
0.030692
0.030692
0.030692
0.030740
0.030721
0.030721
0.030721
0.030741
0.030774
0.030774
0.030760
0.030760
0.030715
0.030715
0.030715
0.030684
0.030732
0.030732
0.030746
0.030711
0.030711
0.030711
0.030711
0.030753
0.030739
0.030739
0.030739
0.030739
0.030760
0.030760
0.030807
0.030807
0.030821
0.030776
0.030776
0.030776
0.030776
0.030776
0.030744
0.030744
0.030781
0.030781
0.030781
0.030781
0.030781
0.030864
0.030864
0.030864
0.030864
0.030864
0.030864
0.030864
0.030864
0.030864
0.030850
0.030829
0.030829
0.030829
0.030843
0.030799
0.030799
0.030846
0.030869
0.030885
0.030885
0.030885
0.030885
0.030885
0.030885
0.030885
0.030885
0.030885
0.030928
0.030928
0.030898
0.030898
0.030898
0.030898
0.030898
0.030946
0.030946
0.030946
0.030946
0.030946
0.030946
0.030946
0.030902
0.030902
0.030939
0.030939
0.030939
0.030939
0.030939
0.030960
0.030960
0.030925
0.030925
0.030925
0.030902
0.030902
0.030902
0.030902
0.030950
0.030950
0.030950
0.030950
0.030950
0.030950
0.030950
0.030950
0.030950
0.030950
0.030950
0.030907
0.030907
0.030907
0.030878
0.030902
0.030902
0.030902
0.030902
0.030902
0.030902
0.030902
0.030946
0.030946
0.030946
0.030946
0.030946
0.030946
0.030946
0.030946
0.030961
0.030961
0.030961
0.030961
0.030961
0.030994
0.030979
0.030979
0.030984
0.030984
0.031031
0.030998
0.030998
0.030998
0.030998
0.030998
0.030998
0.031036
0.031070
0.031070
0.031070
0.031070
0.031070
0.031070
0.031042
0.031042
0.031033
0.031033
0.031033
0.031033
0.031033
0.031067
0.031067
0.031067
0.031067
0.031067
0.031067
0.031067
0.031067
0.031036
0.031036
0.031000
0.031000
0.031000
0.030958
0.030995
0.030995
0.030995
0.030995
0.030995
0.030995
0.030995
0.030995
0.031011
0.030975
0.030975
0.030940
0.030940
0.031006
0.031042
0.031042
0.031042
0.031042
0.031042
0.031042
0.031042
0.031042
0.030963
0.030980
0.030980
0.030980
0.030980
0.030980
0.030980
0.031017
0.031017
0.031017
0.031017
0.031017
0.031017
0.031017
0.030980
0.031006
0.031024
0.031024
0.031024
0.031024
0.161959
0.161967
0.161967
0.161927
0.161927
0.161927
0.161881
0.161881
0.161845
0.161869
0.161769
0.161588
0.161338
0.161139
0.160889
0.160640
0.160477
0.160227
0.159978
0.159728
0.159518
0.159282
0.159033
0.158783
0.158534
0.158334
0.158088
0.157839
0.157589
0.157390
0.157140
0.156849
0.156599
0.156350
0.156120
0.155870
0.155674
0.155425
0.155175
0.154926
0.154639
0.154389
0.154143
0.153894
0.153644
0.153349
0.153103
0.152954
0.152904
0.152754
0.152525
0.152329
0.152080
0.151830
0.151585
0.151291
0.151042
0.150796
0.150547
0.150297
0.150052
0.149802
0.149557
0.149307
0.149112
0.148883
0.148634
0.148438
0.148338
0.148106
0.147907
0.147661
0.147462
0.147216
0.146971
0.146722
0.146503
0.146219
0.145929
0.145780
0.145584
0.145410
0.145161
0.144916
0.144671
0.144472
0.144205
0.144010
0.143724
0.143546
0.143301
0.143073
0.142878
0.142633
0.142384
0.142154
0.141950
0.141705
0.141510
0.141266
0.141067
0.140822
0.140578
0.140383
0.140139
0.139945
0.139695
0.139448
0.139210
0.138953
0.138676
0.138413
0.138169
0.137934
0.137769
0.137525
0.137331
0.137030
0.136789
0.136509
0.136215
0.136021
0.135777
0.135492
0.135215
0.134910
0.134685
0.134426
0.134267
0.134084
0.133863
0.133620
0.133364
0.133157
0.132938
0.132745
0.132471
0.132243
0.131914
0.131640
0.131447
0.131205
0.131010
0.130768
0.130601
0.130375
0.130187
0.129945
0.129703
0.129382
0.129164
0.128972
0.128667
0.128475
0.128222
0.127981
0.127789
0.127548
0.127357
0.127159
0.126967
0.126726
0.126493
0.126371
0.126131
0.125940
0.125699
0.125459
0.125198
0.124985
0.124795
0.124554
0.124364
0.124125
0.123885
0.123719
0.123479
0.123294
0.123089
0.122806
0.122652
0.122381
0.122205
0.122009
0.121770
0.121509
0.121270
0.121037
0.120799
0.120560
0.120371
0.120173
0.119968
0.119730
0.119526
0.119328
0.119090
0.118852
0.118663
0.118426
0.118237
0.117920
0.117674
0.117485
0.117248
0.117011
0.116823
0.116585
0.116339
0.116186
0.115949
0.115761
0.115515
0.115267
0.115093
0.114857
0.114575
0.114388
0.114137
0.113874
0.113687
0.113451
0.113215
0.113019
0.112783
0.112621
0.112386
0.112150
0.111954
0.111719
0.111484
0.111288
0.111053
0.110808
0.110622
0.110353
0.110108
0.109923
0.109678
0.109444
0.109242
0.108963
0.108729
0.108511
0.108277
0.108033
0.107848
0.107630
0.107397
0.107201
0.107011
0.106767
0.106583
0.106339
0.106095
0.105940
0.105666
0.105434
0.105239
0.105006
0.104763
0.104538
0.104294
0.104051
0.103868
0.103624
0.103393
0.103211
0.102968
0.102706
0.102511
0.102280
0.102037
0.101843
0.101569
0.101353
0.101195
0.100964
0.100722
0.100492
0.100262
0.100020
0.099826
0.099596
0.099354
0.099161
0.098931
0.098716
0.098523
0.098294
0.098052
0.097855
0.097613
0.097400
0.097158
0.096965
0.096660
0.096432
0.096239
0.096000
0.095759
0.095580
0.095297
0.095056
0.094864
0.094582
0.094355
0.094240
0.094000
0.093759
0.093567
0.093341
0.093065
0.092873
0.092633
0.092352
0.092160
0.091935
0.091723
0.091531
0.091292
0.091052
0.090813
0.090632
0.090408
0.090207
0.090016
0.089777
0.089502
0.089311
0.089073
0.088808
0.088632
0.088359
0.088121
0.087930
0.087692
0.087455
0.087294
0.087128
0.086890
0.086700
0.086479
0.086242
0.086016
0.085779
0.085502
0.085313
0.085076
0.084840
0.084651
0.084414
0.084155
0.083967
0.083731
0.083565
0.083376
0.083158
0.082845
0.082657
0.082424
0.082154
0.081966
0.081732
0.081497
0.081309
0.081036
0.080802
0.080577
0.080343
0.080143
0.079980
0.079715
0.079482
0.079295
0.079062
0.078794
0.078607
0.078359
0.078126
0.077941
0.077709
0.077477
0.077292
0.077019
0.076765
0.076580
0.076385
0.076154
0.075969
0.075771
0.075541
0.075322
0.075092
0.074862
0.074644
0.074415
0.074161
0.073978
0.073784
0.073556
0.073394
0.073166
0.072974
0.072755
0.072528
0.072301
0.072120
0.071858
0.071631
0.071451
0.071225
0.071000
0.070819
0.070593
0.070369
0.070211
0.070009
0.069830
0.069687
0.069464
0.069241
0.069063
0.068825
0.068532
0.068354
0.068133
0.067912
0.067788
0.067568
0.067348
0.067172
0.066953
0.066735
0.066560
0.066342
0.066185
0.066011
0.065794
0.065542
0.065400
0.065184
0.065012
0.064797
0.064553
0.064382
0.064153
0.063941
0.063771
0.063559
0.063374
0.063206
0.062996
0.062786
0.062619
0.062416
0.062168
0.062002
0.061795
0.061589
0.061453
0.061248
0.061043
0.060880
0.060717
0.060511
0.060350
0.060149
0.059949
0.059743
0.059532
0.059414
0.059252
0.059095
0.058977
0.058820
0.058734
0.058617
0.058501
0.058385
0.058194
0.058040
0.057887
0.057728
0.057576
0.057462
0.057348
0.057166
0.057054
0.056882
0.056770
0.056658
0.056545
0.056434
0.056287
0.056177
0.056031
0.055923
0.055814
0.055670
0.055562
0.055419
0.055313
0.055171
0.055030
0.054904
0.054799
0.054694
0.054520
0.054416
0.054243
0.054140
0.053968
0.053833
0.053695
0.053561
0.053424
0.053254
0.053155
0.052986
0.052818
0.052682
0.052515
0.052380
0.052214
0.052048
0.051914
0.051711
0.051547
0.051383
0.051212
0.051049
0.050848
0.050717
0.050517
0.050317
0.050150
0.049980
0.049782
0.049558
0.049389
0.049192
0.048995
0.048758
0.048590
0.048395
0.048136
0.047969
0.047769
0.047603
0.047368
0.047133
0.046933
0.046699
0.046493
0.046260
0.046053
0.045821
0.045572
0.045366
0.045135
0.044929
0.044681
0.044511
0.044306
0.044101
0.043878
0.043673
0.043434
0.043187
0.042983
0.042834
0.042654
0.042407
0.042227
0.042048
0.041868
0.041645
0.041500
0.041321
0.041165
0.040986
0.040806
0.040651
0.040471
0.040281
0.040126
0.039946
0.039773
0.039618
0.039463
0.039351
0.039196
0.039041
0.038922
0.038810
0.038655
0.038544
0.038415
0.038301
0.038147
0.037983
0.037830
0.037718
0.037634
0.037519
0.037393
0.037309
0.037198
0.037149
0.037038
0.036985
0.036902
0.036792
0.036710
0.036628
0.036546
0.036476
0.036331
0.036250
0.036170
0.036130
0.036051
0.036002
0.035932
0.035889
0.035850
0.035751
0.035713
0.035636
0.035598
0.035560
0.035484
0.035447
0.035375
0.035300
0.035264
0.035227
0.035190
0.035154
0.035153
0.035116
0.035081
0.035046
0.035011
0.034976
0.034941
0.034907
0.034908
0.034874
0.034788
0.034790
0.034757
0.034724
0.034691
0.034659
0.034661
0.034629
0.034629
0.034597
0.034605
0.034574
0.034592
0.034553
0.034522
0.034492
0.034492
0.034462
0.034437
0.034437
0.034408
0.034408
0.034379
0.034350
0.034350
0.034322
0.034294
0.034294
0.034342
0.034342
0.034315
0.034315
0.034288
0.034288
0.034261
0.034200
0.034200
0.034174
0.034217
0.034191
0.034191
0.034166
0.034166
0.034176
0.034176
0.034152
0.034113
0.034089
0.034128
0.034104
0.034104
0.034104
0.034046
0.034111
0.034088
0.034088
0.034049
0.034049
0.034061
0.034022
0.033961
0.033961
0.033961
0.033927
0.033966
0.033945
0.033945
0.033925
0.033889
0.033869
0.033869
0.033869
0.033810
0.033795
0.033811
0.033844
0.033825
0.033825
0.033825
0.033814
0.033814
0.033796
0.033796
0.033796
0.033743
0.033739
0.033682
0.033635
0.033618
0.033677
0.033677
0.033661
0.033661
0.033644
0.033683
0.033667
0.033620
0.033582
0.033567
0.033528
0.033513
0.033478
0.033478
0.033463
0.033416
0.033436
0.033423
0.033409
0.033409
0.033448
0.033387
0.033387
0.033374
0.033335
0.033322
0.033322
0.033274
0.033262
0.033227
0.033216
0.033167
0.033191
0.033191
0.033180
0.033180
0.033171
0.033121
0.033085
0.033075
0.033026
0.033017
0.033017
0.033017
0.032995
0.032960
0.032952
0.032938
0.032894
0.032894
0.032887
0.032837
0.032824
0.032818
0.032768
0.032762
0.032727
0.032708
0.032708
0.032708
0.032653
0.032688
0.032649
0.032598
0.032559
0.032559
0.032509
0.032506
0.032506
0.032453
0.032489
0.032437
0.032402
0.032402
0.032351
0.032351
0.032350
0.032335
0.032335
0.032250
0.032250
0.032250
0.032236
0.032236
0.032187
0.032187
0.032189
0.032105
0.032070
0.032073
0.032023
0.032023
0.031977
0.031977
0.031966
0.031966
0.031966
0.031953
0.031953
0.031904
0.031909
0.031878
0.031829
0.031800
0.031751
0.031751
0.031759
0.031710
0.031710
0.031700
0.031702
0.031702
0.031634
0.031634
0.031585
0.031585
0.031595
0.031547
0.031512
0.031475
0.031475
0.031475
0.031439
0.031439
0.031392
0.031392
0.031440
0.031392
0.031392
0.031345
0.031351
0.031351
0.031272
0.031272
0.031252
0.031188
0.031188
0.031141
0.031158
0.031158
0.031114
0.031114
0.031114
0.031122
0.031122
0.031160
0.031115
0.031115
0.031134
0.031089
0.031054
0.031015
0.030971
0.030961
0.030961
0.030916
0.030916
0.030955
0.030933
0.030968
0.030968
0.030958
0.030958
0.030958
0.030915
0.030939
0.030904
0.030828
0.030828
0.030828
0.030819
0.030845
0.030845
0.030845
0.030774
0.030779
0.030779
0.030738
0.030738
0.030766
0.030766
0.030690
0.030690
0.030690
0.030650
0.030650
0.030650
0.030650
0.030611
0.030640
0.030640
0.030605
0.030601
0.030601
0.030601
0.030637
0.030571
0.030536
0.030536
0.030536
0.030498
0.030498
0.030530
0.030530
0.030458
0.030458
0.030458
0.030458
0.030493
0.030457
0.030493
0.030493
0.030493
0.030422
0.030422
0.030422
0.030422
0.030387
0.030352
0.030326
0.030326
0.030326
0.030326
0.030256
0.030256
0.030291
0.030291
0.030291
0.030294
0.030264
0.030263
0.030300
0.030300
0.030300
0.030268
0.030195
0.030195
0.030195
0.030195
0.030163
0.030180
0.030216
0.030180
0.030157
0.030157
0.030125
0.030125
0.030125
0.030125
0.030125
0.030125
0.030125
0.030095
0.030095
0.030095
0.030095
0.030095
0.030095
0.030095
0.030065
