1.502789
1.332680
1.172379
1.058799
0.994903
0.967644
0.959707
0.960135
0.960345
0.959353
0.957777
0.956212
0.955160
0.954495
0.954261
0.954313
0.954505
0.954432
0.954319
0.953934
0.953077
0.951950
0.950501
0.948889
0.947290
0.945853
0.944451
0.942910
0.941651
0.940347
0.939113
0.937819
0.936572
0.935209
0.934026
0.932815
0.931481
0.930238
0.929022
0.927766
0.926468
0.925188
0.923971
0.922952
0.921864
0.920512
0.919405
0.918077
0.916497
0.915223
0.913754
0.912278
0.910901
0.909674
0.908363
0.907133
0.905868
0.904596
0.903184
0.902016
0.900736
0.899460
0.898386
0.897240
0.896149
0.894872
0.893778
0.892437
0.891240
0.889849
0.888174
0.886812
0.885216
0.883737
0.882297
0.880845
0.879503
0.878063
0.876858
0.875446
0.874019
0.872619
0.870969
0.869441
0.867765
0.866030
0.864453
0.862655
0.861098
0.859286
0.857430
0.855654
0.853878
0.852029
0.850131
0.848199
0.846273
0.844582
0.842585
0.840295
0.838122
0.836217
0.834055
0.832030
0.829737
0.827558
0.825427
0.823056
0.820802
0.818225
0.815991
0.813641
0.811123
0.808746
0.806546
0.804269
0.802123
0.800254
0.798500
0.797041
0.795517
0.793995
0.792631
0.790932
0.789171
0.787164
0.784715
0.782341
0.779714
0.777212
0.774577
0.772232
0.769883
0.767614
0.765630
0.764107
0.762445
0.760929
0.759442
0.757945
0.756482
0.755003
0.753406
0.751292
0.749369
0.747324
0.745188
0.743365
0.741383
0.739491
0.737836
0.736168
0.734812
0.733353
0.732036
0.730558
0.728742
0.727069
0.725320
0.723497
0.721665
0.719572
0.717360
0.715088
0.712875
0.710696
0.708256
0.706072
0.703966
0.701809
0.700142
0.698648
0.697144
0.695975
0.694615
0.693172
0.691660
0.690103
0.687983
0.686009
0.683818
0.681712
0.679548
0.677684
0.675814
0.674224
0.672775
0.671535
0.670618
0.669653
0.668609
0.667799
0.666877
0.665720
0.664516
0.662986
0.661141
0.659118
0.657217
0.655030
0.652927
0.650864
0.648911
0.646860
0.645285
0.643754
0.642652
0.641585
0.640630
0.639758
0.638999
0.637950
0.636907
0.635415
0.633624
0.631879
0.630084
0.628052
0.625843
0.623961
0.621931
0.620162
0.618437
0.617260
0.616384
0.615493
0.614909
0.614357
0.613694
0.612877
0.611853
0.610709
0.609111
0.607091
0.605008
0.602856
0.600717
0.598636
0.596515
0.594738
0.592736
0.591299
0.589922
0.588668
0.587774
0.586988
0.586335
0.585545
0.584733
0.583611
0.582169
0.580351
0.578376
0.576217
0.573972
0.571778
0.569744
0.567711
0.565744
0.564465
0.563539
0.562888
0.562579
0.562397
0.562126
0.561704
0.561297
0.560937
0.560009
0.558718
0.556837
0.554817
0.552616
0.550650
0.548592
0.546771
0.545196
0.543987
0.542901
0.541905
0.541095
0.540378
0.539856
0.539172
0.538761
0.537853
0.536313
0.534546
0.532635
0.530490
0.528374
0.526240
0.524381
0.522559
0.520795
0.519288
0.518223
0.517126
0.516392
0.515631
0.514807
0.514061
0.513139
0.512391
0.511264
0.509742
0.507931
0.505898
0.504128
0.502348
0.500449
0.498473
0.496433
0.494836
0.493635
0.492828
0.492043
0.491459
0.490794
0.490104
0.489232
0.488207
0.487361
0.485863
0.484053
0.482376
0.480705
0.478974
0.476932
0.474860
0.472791
0.470833
0.469402
0.468334
0.467352
0.466537
0.465866
0.465229
0.464420
0.463345
0.462180
0.461094
0.459475
0.457743
0.455664
0.453581
0.451374
0.449284
0.447140
0.445056
0.443004
0.441231
0.439743
0.438639
0.437993
0.437629
0.437176
0.436877
0.436046
0.435012
0.433817
0.432379
0.430801
0.429293
0.427666
0.426277
0.425135
0.423804
0.422591
0.421180
0.419973
0.418827
0.417539
0.416268
0.415166
0.413741
0.412316
0.411448
0.410700
0.410023
0.409111
0.408460
0.407676
0.406937
0.406072
0.404597
0.403175
0.401690
0.400198
0.398480
0.397092
0.395420
0.394062
0.392615
0.391189
0.389649
0.388208
0.386700
0.385262
0.383787
0.382346
0.380951
0.379304
0.377938
0.376661
0.375001
0.373502
0.372123
0.370558
0.369116
0.367875
0.366373
0.364885
0.363636
0.362236
0.360760
0.360110
0.359427
0.358431
0.357478
0.356761
0.355463
0.354113
0.352724
0.351317
0.349901
0.348453
0.347285
0.345868
0.344583
0.343327
0.341889
0.340392
0.339062
0.337733
0.336245
0.334884
0.333531
0.332141
0.330852
0.329383
0.327964
0.326520
0.325262
0.323729
0.322209
0.320911
0.319435
0.317916
0.316472
0.314936
0.313558
0.311987
0.310502
0.309058
0.307523
0.305934
0.304390
0.302851
0.301375
0.299687
0.298152
0.296646
0.295076
0.293379
0.291779
0.290237
0.288512
0.286753
0.284918
0.283095
0.281245
0.279350
0.277442
0.275655
0.273956
0.272356
0.270652
0.269126
0.267550
0.265918
0.264300
0.262443
0.260723
0.259046
0.257282
0.255514
0.253899
0.252191
0.250709
0.249236
0.247660
0.246030
0.244583
0.242923
0.241393
0.239889
0.238442
0.236848
0.235424
0.233961
0.232718
0.231338
0.229857
0.228567
0.227263
0.226036
0.224707
0.223398
0.222180
0.220888
0.219755
0.218605
0.217350
0.216178
0.215081
0.213958
0.212907
0.211838
0.210911
0.209757
0.208685
0.207797
0.206716
0.205743
0.204858
0.203861
0.202957
0.201971
0.201068
0.200156
0.199289
0.198421
0.197599
0.196659
0.195749
0.194919
0.194046
0.193216
0.192306
0.191530
0.190714
0.189891
0.189179
0.188382
0.187617
0.186711
0.186026
0.185140
0.184418
0.183682
0.182801
0.182070
0.181126
0.180515
0.179698
0.178922
0.178180
0.177343
0.176662
0.175893
0.174970
0.174226
0.173405
0.172509
0.171638
0.170785
0.169996
0.169211
0.168395
0.167441
0.166641
0.165823
0.164852
0.164056
0.163201
0.162243
0.161350
0.160493
0.159411
0.158443
0.157539
0.156513
0.155576
0.154489
0.153527
0.152593
0.151478
0.150435
0.149475
0.148405
0.147381
0.146367
0.145218
0.144172
0.142998
0.142042
0.140926
0.139796
0.138687
0.137586
0.136272
0.135283
0.134100
0.133010
0.132007
0.130778
0.129721
0.128680
0.127559
0.126400
0.125297
0.124293
0.123181
0.122043
0.121014
0.119912
0.118928
0.117915
0.116781
0.115738
0.114701
0.113803
0.112750
0.111804
0.110877
0.109877
0.109065
0.108147
0.107167
0.106257
0.105354
0.104383
0.103592
0.102761
0.101817
0.100992
0.100133
0.099345
0.098670
0.097875
0.097145
0.096381
0.095602
0.094875
0.094226
0.093566
0.092663
0.092015
0.091375
0.090667
0.089909
0.089297
0.088827
0.088111
0.087529
0.086959
0.086293
0.085616
0.085190
0.084673
0.083991
0.083365
0.082786
0.082272
0.081635
0.081082
0.080524
0.080124
0.079575
0.079026
0.078451
0.077998
0.077410
0.077015
0.076502
0.075987
0.075501
0.075079
0.074454
0.073985
0.073412
0.073077
0.072620
0.072056
0.071728
0.071136
0.070815
0.070351
0.069969
0.069528
0.068945
0.068494
0.068151
0.067761
0.067338
0.066809
0.066440
0.066096
0.065668
0.065215
0.064705
0.064333
0.063863
0.063480
0.063118
0.062779
0.062261
0.061848
0.061448
0.061002
0.060583
0.060095
0.059715
0.059361
0.058973
0.058616
0.058109
0.057685
0.057300
0.056896
0.056484
0.056040
0.055592
0.055230
0.054799
0.054426
0.053974
0.053451
0.053033
0.052645
0.052184
0.051815
0.051359
0.051037
0.050596
0.050135
0.049753
0.049314
0.048958
0.048601
0.048137
0.047697
0.047300
0.046882
0.046474
0.046024
0.045562
0.045193
0.044781
0.044377
0.044053
0.043614
0.043254
0.042801
0.042553
0.042061
0.041678
0.041329
0.040981
0.040559
0.040252
0.039852
0.039490
0.039096
0.038739
0.038376
0.038018
0.037781
0.037450
0.037095
0.036695
0.036393
0.035995
0.035707
0.035403
0.035044
0.034797
0.034460
0.034143
0.033764
0.033511
0.033230
0.032982
0.032623
0.032388
0.032106
0.031783
0.031539
0.031335
0.031044
0.030770
0.030490
0.030312
0.030005
0.029763
0.029521
0.029416
0.029137
0.028952
0.028650
0.028456
0.028265
0.028074
0.027820
0.027590
0.027398
0.027210
0.027081
0.026824
0.026754
0.026631
0.026468
0.026293
0.026029
0.025942
0.025788
0.025701
0.025519
0.025398
0.025269
0.025139
0.025108
0.025012
0.024892
0.024828
0.024631
0.024552
0.024507
0.024342
0.024322
0.024232
0.024173
0.024047
0.023952
0.023924
0.023790
0.023731
0.023728
0.023687
0.023593
0.023542
0.023459
0.023489
0.023457
0.023473
0.023373
0.023428
0.023319
0.023224
0.023185
0.023177
0.023129
0.023104
0.023101
0.023007
0.022974
0.022892
0.022961
0.022975
0.022895
0.022901
0.022858
0.022736
0.022772
0.022777
0.022688
0.022733
0.022692
0.022746
0.022742
0.022668
0.022583
0.022669
0.022698
0.022673
0.022636
0.022636
0.022644
0.022686
0.022571
0.022616
0.022656
0.022619
0.022562
0.022562
0.022619
0.022580
0.022585
0.022566
0.022566
0.022523
0.022537
0.022607
0.022612
0.022658
0.022603
0.022645
0.022673
0.022631
0.022657
0.022608
0.022608
0.022608
0.022628
0.022652
0.022647
0.022634
0.022672
0.022594
0.022665
0.022726
0.022784
0.022793
0.022719
0.022764
0.022729
0.022805
0.022820
0.022833
0.022825
0.022867
0.022836
0.022891
0.022961
0.023014
0.023014
0.023005
0.023051
0.023051
0.023049
0.023082
0.023153
0.023113
0.023113
0.023089
0.023084
0.023117
0.023190
0.023197
0.023216
0.023311
0.023342
0.023320
0.023386
0.023386
0.023422
0.023422
0.023403
0.023438
0.023449
0.023493
0.023530
0.023567
0.023552
0.023585
0.023622
0.023622
0.023681
0.023669
0.023752
0.023751
0.023752
0.023782
0.023782
0.023782
0.023820
0.023899
0.023899
0.023894
0.023935
0.023888
0.023884
0.023963
0.023963
0.024006
0.024039
0.024085
0.024092
0.024092
0.024094
0.024145
0.024190
0.024193
0.024237
0.024242
0.024308
0.024372
0.024391
0.024391
0.024391
0.024475
0.024484
0.024529
0.024506
0.024491
0.024548
0.024548
0.024523
0.024523
0.024605
0.024605
0.024605
0.024646
0.024764
0.024782
0.024782
0.024829
0.024817
0.024817
0.024884
0.024918
0.024952
0.025021
0.025011
0.025034
0.025028
0.025052
0.025100
0.025072
0.025058
0.025080
0.025128
0.025148
0.025184
0.025169
0.025169
0.025204
0.025227
0.025275
0.025305
0.025303
0.025331
0.025379
0.025443
0.025443
0.025439
0.025503
0.025518
0.025487
0.025485
0.025534
0.025617
0.025617
0.025653
0.025622
0.025679
0.025728
0.025766
0.025713
0.025788
0.025789
0.025878
0.025878
0.025787
0.025787
0.025836
0.025877
0.025918
0.025918
0.025894
0.025972
0.026021
0.026041
0.026047
0.026149
0.026173
0.026173
0.026197
0.026276
0.026226
0.026233
0.026233
0.026282
0.026290
0.026350
0.026350
0.026335
0.026348
0.026348
0.026443
0.026486
0.026455
0.026455
0.026490
0.026501
0.026549
0.026607
0.026650
0.026639
0.026687
0.026700
0.026700
0.026738
0.026786
0.026840
0.026878
0.026889
0.026903
0.026903
0.026946
0.026981
0.027075
0.027075
0.027075
0.027133
0.027129
0.027178
0.027178
0.027192
0.027241
0.027254
0.027347
0.027370
0.027370
0.027394
0.027444
0.027444
0.027444
0.027444
0.027462
0.027464
0.027560
0.027560
0.027550
0.027521
0.027570
0.027570
0.027682
0.027682
0.027718
0.027787
0.027787
0.027837
0.027837
0.027837
0.027858
0.027858
0.027858
0.027826
0.027902
0.027868
0.027868
0.027923
0.027977
0.027984
0.028033
0.028065
0.028132
0.028132
0.028167
0.028167
0.028167
0.028151
0.028151
0.028161
0.028209
0.028209
0.028309
0.028309
0.028357
0.028368
0.028369
0.028470
0.028470
0.028470
0.028470
0.028439
0.028502
0.028502
0.028502
0.028502
0.028546
0.028571
0.028619
0.028654
0.028654
0.028654
0.028740
0.028740
0.028740
0.028709
0.028709
0.028709
0.028734
0.028734
0.028780
0.028780
0.028780
0.028754
0.028842
0.028842
0.028842
0.028857
0.028857
0.028899
0.028899
0.028899
0.028899
0.028899
0.028931
0.028931
0.028971
0.028995
0.028995
0.029038
0.029038
0.029101
0.029087
0.029083
0.029100
0.029068
0.029068
0.029068
0.029100
0.029100
0.029138
0.029145
0.029173
0.029217
0.029217
0.029206
0.029223
0.029233
0.029233
0.029320
0.029320
0.029320
0.029352
0.029398
0.029436
0.029349
0.029349
0.029349
0.029395
0.029386
0.029386
0.029373
0.029413
0.029413
0.029432
0.029432
0.029493
0.029539
0.029577
0.029577
0.029577
0.029577
0.029577
0.029577
0.029507
0.029507
0.029507
0.029526
0.029556
0.029556
0.029587
0.029646
0.029646
0.029646
0.029646
0.029646
0.029646
0.029646
0.029576
0.029606
0.029583
0.029631
0.029675
0.029675
0.029675
0.029765
0.029765
0.029765
0.029765
0.029765
0.029795
0.029837
0.029767
0.029767
0.029767
0.029767
0.029767
0.029767
0.029767
0.029858
0.029858
0.029903
0.029903
0.029903
0.029924
0.029955
0.029945
0.029945
0.029945
0.029945
0.029945
0.029945
0.029945
0.029979
0.029979
0.029936
0.029936
0.029936
0.029907
0.029964
0.029895
0.029895
0.029895
0.029887
0.029887
0.029887
0.029926
0.029957
0.029957
0.029957
0.029957
0.029957
0.029957
0.030002
0.029971
0.029954
0.029954
0.029954
0.029954
0.029954
0.029993
0.030024
0.030024
0.030024
0.030066
0.030066
0.030109
0.030066
0.030067
0.030028
0.030072
0.030094
0.030139
0.030139
0.030178
0.030209
0.030209
0.030209
0.030209
0.030209
0.030209
0.030209
0.030178
0.030139
0.030139
0.030139
0.030139
0.030139
0.030225
0.030257
0.030257
0.030257
0.030264
0.030241
0.030241
0.030241
0.030187
0.030187
0.030187
0.030192
0.030192
0.030192
0.030225
0.030256
0.030256
0.030256
0.030256
0.030256
0.030256
0.030225
0.030225
0.030225
0.030225
0.030225
0.030225
0.030225
0.030225
0.030225
0.030280
0.030280
0.030280
0.030323
0.030323
0.030291
0.030291
0.030291
0.030291
0.030291
0.030291
0.030291
0.030291
0.030291
0.030307
0.030307
0.030307
0.030307
0.030307
0.030234
0.030234
0.030234
0.030234
0.030234
0.030234
0.030234
0.030234
0.030234
0.030265
0.030284
0.030284
0.030284
0.030284
0.030276
0.030276
0.030276
0.030276
0.030233
0.030233
0.030233
0.030233
0.030209
0.030240
0.030263
0.030263
0.030263
0.030287
0.030256
0.030256
0.030256
0.030215
0.030215
0.030215
0.030215
0.030215
0.030215
0.030247
0.030247
0.030247
0.030247
0.030247
0.030215
0.030215
0.030215
0.030215
0.030215
0.030215
0.030215
0.030215
0.030215
0.030215
0.030215
0.030215
0.030215
0.030260
0.030260
0.030220
0.030220
0.030196
0.030153
0.030153
0.030178
0.030178
0.030178
0.030178
0.030178
0.030178
0.030153
0.030153
0.030153
0.030153
0.030153
0.030153
0.030153
0.030153
0.030178
0.030178
0.030178
0.030171
0.030171
0.030171
0.030171
0.030171
0.030171
0.030171
0.030127
0.030186
0.030186
0.030186
0.030186
0.030186
0.030143
0.030143
0.030143
0.030143
0.030143
0.030143
0.111588
0.111549
0.111549
0.111549
0.111549
0.111549
0.111549
0.111549
0.111549
0.111549
0.111527
0.111462
0.111396
0.111297
0.111189
0.111081
0.110974
0.110868
0.110763
0.110658
0.110515
0.110425
0.110279
0.110176
0.110090
0.109988
0.109888
0.109788
0.109688
0.109635
0.109563
0.109440
0.109337
0.109241
0.109145
0.109050
0.108956
0.108862
0.108769
0.108639
0.108547
0.108456
0.108365
0.108302
0.108171
0.108082
0.107994
0.107907
0.107907
0.107855
0.107786
0.107701
0.107590
0.107506
0.107422
0.107339
0.107221
0.107122
0.106994
0.106914
0.106834
0.106756
0.106678
0.106601
0.106524
0.106448
0.106388
0.106313
0.106299
0.106227
0.106183
0.106151
0.106107
0.106050
0.105971
0.105914
0.105872
0.105830
0.105774
0.105707
0.105680
0.105639
0.105584
0.105544
0.105490
0.105451
0.105350
0.105310
0.105272
0.105233
0.105140
0.105067
0.104968
0.104931
0.104881
0.104796
0.104759
0.104711
0.104627
0.104603
0.104579
0.104555
0.104544
0.104472
0.104460
0.104437
0.104377
0.104353
0.104342
0.104264
0.104200
0.104147
0.104135
0.104036
0.104014
0.103943
0.103872
0.103801
0.103779
0.103708
0.103638
0.103568
0.103487
0.103444
0.103325
0.103245
0.103149
0.102998
0.102918
0.102799
0.102720
0.102601
0.102431
0.102352
0.102193
0.102065
0.101948
0.101771
0.101644
0.101517
0.101351
0.101225
0.101049
0.100910
0.100735
0.100609
0.100412
0.100238
0.100023
0.099849
0.099674
0.099460
0.099295
0.099072
0.098866
0.098652
0.098430
0.098216
0.098002
0.097788
0.097574
0.097360
0.097147
0.096912
0.096698
0.096493
0.096201
0.095995
0.095733
0.095527
0.095272
0.095100
0.094845
0.094550
0.094353
0.094098
0.093851
0.093619
0.093373
0.093118
0.092920
0.092674
0.092427
0.092188
0.091942
0.091703
0.091506
0.091231
0.090986
0.090798
0.090551
0.090363
0.090125
0.089936
0.089699
0.089482
0.089330
0.089093
0.088869
0.088681
0.088463
0.088327
0.088091
0.087913
0.087726
0.087549
0.087362
0.087234
0.087048
0.086872
0.086696
0.086485
0.086386
0.086211
0.086025
0.085900
0.085725
0.085590
0.085416
0.085291
0.085078
0.084954
0.084780
0.084607
0.084484
0.084361
0.084178
0.084056
0.083980
0.083858
0.083736
0.083567
0.083433
0.083313
0.083166
0.083046
0.082927
0.082772
0.082652
0.082534
0.082415
0.082235
0.082117
0.081999
0.081882
0.081751
0.081635
0.081518
0.081349
0.081233
0.081117
0.080940
0.080825
0.080710
0.080542
0.080428
0.080300
0.080139
0.080026
0.079898
0.079785
0.079610
0.079499
0.079372
0.079197
0.079086
0.078913
0.078833
0.078641
0.078476
0.078303
0.078194
0.078022
0.077897
0.077725
0.077554
0.077383
0.077276
0.077105
0.076934
0.076709
0.076613
0.076443
0.076274
0.076104
0.075917
0.075749
0.075580
0.075394
0.075225
0.074993
0.074825
0.074639
0.074454
0.074287
0.074055
0.073870
0.073684
0.073475
0.073206
0.073021
0.072817
0.072586
0.072402
0.072099
0.071915
0.071685
0.071481
0.071277
0.071048
0.070844
0.070595
0.070392
0.070142
0.069939
0.069690
0.069487
0.069238
0.069034
0.068765
0.068562
0.068313
0.068090
0.067841
0.067618
0.067415
0.067110
0.066887
0.066618
0.066415
0.066191
0.065882
0.065690
0.065467
0.065198
0.064975
0.064731
0.064508
0.064239
0.064018
0.063774
0.063551
0.063327
0.063084
0.062824
0.062615
0.062391
0.062114
0.061890
0.061647
0.061432
0.061197
0.060954
0.060683
0.060460
0.060264
0.060021
0.059778
0.059597
0.059400
0.059158
0.058916
0.058720
0.058479
0.058302
0.058019
0.057778
0.057549
0.057307
0.057117
0.056854
0.056660
0.056466
0.056226
0.056050
0.055810
0.055617
0.055424
0.055184
0.054992
0.054800
0.054561
0.054369
0.054178
0.053939
0.053765
0.053574
0.053304
0.053114
0.052924
0.052735
0.052498
0.052325
0.052136
0.051900
0.051712
0.051525
0.051304
0.051150
0.050963
0.050777
0.050557
0.050338
0.050153
0.049933
0.049749
0.049516
0.049273
0.049102
0.048904
0.048733
0.048502
0.048333
0.048066
0.047896
0.047667
0.047498
0.047269
0.047093
0.046865
0.046676
0.046498
0.046281
0.046065
0.045898
0.045672
0.045456
0.045260
0.045045
0.044830
0.044615
0.044450
0.044235
0.044021
0.043807
0.043594
0.043429
0.043216
0.043011
0.042798
0.042642
0.042430
0.042274
0.042119
0.041907
0.041715
0.041560
0.041355
0.041166
0.040997
0.040792
0.040637
0.040483
0.040278
0.040123
0.039974
0.039820
0.039665
0.039480
0.039330
0.039176
0.039009
0.038854
0.038705
0.038551
0.038402
0.038253
0.038098
0.037949
0.037800
0.037667
0.037518
0.037413
0.037264
0.037165
0.037016
0.036867
0.036732
0.036583
0.036483
0.036371
0.036271
0.036129
0.036030
0.035931
0.035832
0.035733
0.035634
0.035541
0.035357
0.035258
0.035167
0.035096
0.034997
0.034917
0.034819
0.034728
0.034630
0.034581
0.034491
0.034393
0.034352
0.034254
0.034156
0.034117
0.034029
0.033931
0.033844
0.033795
0.033708
0.033660
0.033622
0.033525
0.033489
0.033412
0.033327
0.033279
0.033243
0.033147
0.033090
0.033042
0.032960
0.032912
0.032878
0.032872
0.032824
0.032833
0.032785
0.032753
0.032706
0.032675
0.032628
0.032597
0.032509
0.032479
0.032433
0.032404
0.032398
0.032369
0.032323
0.032376
0.032330
0.032303
0.032257
0.032277
0.032196
0.032171
0.032107
0.032127
0.032082
0.032058
0.032013
0.032034
0.032025
0.032025
0.032037
0.031957
0.031980
0.031935
0.031935
0.031911
0.031867
0.031892
0.031848
0.031872
0.031828
0.031828
0.031810
0.031810
0.031731
0.031791
0.031748
0.031720
0.031746
0.031703
0.031732
0.031751
0.031751
0.031735
0.031685
0.031643
0.031643
0.031670
0.031628
0.031628
0.031663
0.031649
0.031649
0.031649
0.031636
0.031636
0.031595
0.031624
0.031624
0.031583
0.031583
0.031577
0.031577
0.031537
0.031537
0.031537
0.031597
0.031597
0.031597
0.031557
0.031587
0.031587
0.031587
0.031548
0.031548
0.031578
0.031578
0.031539
0.031539
0.031539
0.031570
0.031531
0.031520
0.031520
0.031481
0.031513
0.031513
0.031513
0.031513
0.031474
0.031511
0.031576
0.031563
0.031563
0.031525
0.031525
0.031525
0.031557
0.031520
0.031520
0.031520
0.031520
0.031457
0.031457
0.031490
0.031490
0.031490
0.031490
0.031453
0.031453
0.031486
0.031486
0.031449
0.031449
0.031486
0.031486
0.031486
0.031486
0.031483
0.031448
0.031448
0.031448
0.031483
0.031447
0.031447
0.031447
0.031510
0.031475
0.031475
0.031468
0.031468
0.031508
0.031445
0.031473
0.031438
0.031473
0.031473
0.031473
0.031473
0.031474
0.031509
0.031509
0.031509
0.031545
0.031510
0.031475
0.031475
0.031475
0.031475
0.031475
0.031475
0.031440
0.031440
0.031477
0.031477
0.031442
0.031442
0.031442
0.031442
0.031442
0.031442
0.031442
0.031442
0.031409
0.031445
0.031482
0.031482
0.031482
0.031449
0.031449
0.031449
0.031449
0.031449
0.031449
0.031449
0.031393
0.031464
0.031464
0.031431
0.031431
0.031398
0.031398
0.031398
0.031398
0.031431
0.031398
0.031398
0.031398
0.031398
0.031436
0.031436
0.031436
0.031434
0.031402
0.031439
0.031439
0.031439
0.031407
0.031407
0.031407
0.031407
0.031407
0.031407
0.031407
0.031407
0.031407
0.031414
0.031414
0.031414
0.031414
0.031383
0.031383
0.031383
0.031383
0.031383
0.031383
0.031383
0.031383
0.031352
0.031352
0.031352
0.031352
0.031352
0.031350
0.031350
0.031350
0.031387
0.031387
0.031357
0.031322
0.031322
0.031322
0.031322
0.031322
0.031322
0.031357
0.031327
0.031327
0.031327
0.031327
0.031297
0.031297
0.031297
0.031262
0.031262
0.031262
0.031262
0.031262
0.031262
0.031262
0.031266
0.031266
0.031266
0.031236
0.031196
0.031196
0.031196
0.031196
0.031236
0.031236
0.031236
0.031236
0.031274
0.031204
0.031204
0.031204
0.031204
0.031175
0.031175
0.031157
0.031197
0.031157
0.031157
0.031157
0.031157
0.031157
0.031157
0.031128
0.031128
0.031128
0.031099
0.031099
0.031059
0.031059
0.031059
0.031059
0.031059
0.031059
0.031059
0.031059
0.031059
0.031030
0.030989
0.030989
0.030963
0.030963
0.030963
0.030963
0.030963
0.030963
0.030963
0.030963
0.030922
0.030922
0.030922
0.030894
0.030894
0.030894
0.030862
0.030862
0.030862
0.030862
0.030862
0.030862
0.030862
0.030895
0.030895
0.030854
0.030854
0.030826
0.030826
0.030826
0.030798
0.030786
0.030786
0.030786
0.030786
0.030757
0.030722
0.030722
0.030757
0.030715
0.030715
0.030717
0.030717
0.030717
0.030648
0.030648
0.030648
0.030648
0.030613
0.030613
0.030613
0.030613
0.030572
0.030572
0.030572
0.030544
0.030579
0.030537
0.030537
0.030510
0.030510
0.030510
0.030475
0.030475
0.030475
0.030434
0.030434
0.030434
0.030434
0.030434
0.030365
0.030365
0.030365
0.030365
0.030365
0.030296
0.030323
0.030323
0.030323
0.030323
0.030323
0.030333
0.030333
0.030292
0.030292
0.030265
0.030265
0.030265
0.030223
0.030223
0.030223
0.030223
0.030223
0.030223
0.030223
0.030223
0.030223
0.030181
0.030154
0.030154
0.030154
0.030112
0.030145
0.030145
0.030145
0.030145
0.030145
0.030186
0.030186
0.030186
0.030144
0.030076
0.030076
0.030076
0.030035
0.030007
0.030007
0.030007
0.030007
0.030075
0.030075
0.030075
0.030075
0.030075
0.030048
0.030006
0.030006
0.030006
0.029979
0.029937
0.029937
0.029937
0.029937
0.029937
0.029965
0.029965
0.029952
0.029952
0.029924
0.029883
0.029912
0.029912
0.029912
0.029884
0.029884
0.029843
0.029843
0.029870
0.029870
0.029870
0.029870
0.029870
0.029843
0.029843
0.029843
0.029801
0.029801
0.029801
0.029801
0.029801
0.029768
0.029768
0.029768
0.029776
0.029776
0.029776
0.029776
0.029769
0.029741
0.029741
0.029741
0.029741
