1.525480
1.359553
1.204018
1.094239
1.032432
1.005907
0.998337
0.999183
0.999825
0.999438
0.998600
0.997824
0.997607
0.997534
0.997766
0.997751
0.997296
0.996563
0.995351
0.993969
0.992458
0.990498
0.988522
0.986855
0.985112
0.983148
0.981328
0.979303
0.977679
0.975911
0.974049
0.972321
0.970610
0.968632
0.966945
0.965017
0.963079
0.961207
0.959242
0.957153
0.954901
0.952862
0.950584
0.948684
0.946587
0.944921
0.942912
0.940780
0.938726
0.937300
0.935726
0.934436
0.933181
0.931962
0.930587
0.929208
0.927632
0.926071
0.924608
0.923133
0.921680
0.920302
0.918946
0.917533
0.916041
0.914578
0.913141
0.911649
0.910253
0.908543
0.907059
0.905492
0.904291
0.903051
0.901286
0.899192
0.897191
0.894944
0.892865
0.890751
0.888505
0.886095
0.884060
0.881633
0.879585
0.877369
0.875171
0.873028
0.870922
0.868579
0.866708
0.864543
0.862455
0.860339
0.858198
0.856290
0.853976
0.852021
0.849806
0.847495
0.845370
0.843165
0.841064
0.838863
0.836603
0.834595
0.832467
0.830239
0.828017
0.825823
0.823527
0.821182
0.818783
0.816460
0.814135
0.811736
0.809470
0.806951
0.804453
0.802003
0.799668
0.797206
0.794648
0.792120
0.789562
0.787180
0.784855
0.782451
0.780178
0.777577
0.775194
0.772774
0.770675
0.768213
0.765749
0.763438
0.761082
0.758664
0.756361
0.754133
0.751774
0.749248
0.747011
0.744634
0.742377
0.740208
0.737886
0.735408
0.732828
0.730545
0.728216
0.725792
0.723658
0.721467
0.719092
0.716613
0.714137
0.711397
0.708377
0.705460
0.702210
0.699315
0.696295
0.693252
0.690326
0.687672
0.684795
0.682147
0.679850
0.676876
0.674364
0.671872
0.669415
0.666686
0.664003
0.661479
0.658561
0.655422
0.652450
0.649706
0.646797
0.643817
0.640530
0.637814
0.635016
0.632068
0.628884
0.625936
0.623201
0.620275
0.617159
0.614111
0.611545
0.608719
0.605757
0.602756
0.600505
0.598381
0.595598
0.592732
0.589841
0.587066
0.584491
0.581696
0.578897
0.576505
0.574303
0.571229
0.568570
0.565855
0.563107
0.560509
0.557882
0.555225
0.552421
0.549858
0.547181
0.544442
0.541668
0.539324
0.536733
0.534012
0.531461
0.529169
0.526532
0.523821
0.521114
0.518829
0.516373
0.513646
0.511027
0.508271
0.506007
0.503655
0.500843
0.498080
0.495433
0.493040
0.490615
0.487941
0.485258
0.482545
0.480177
0.477914
0.475248
0.472346
0.469609
0.467228
0.465114
0.462883
0.460128
0.457406
0.454741
0.452163
0.450012
0.447529
0.444870
0.442212
0.439559
0.437376
0.435204
0.432906
0.430555
0.428016
0.425877
0.423639
0.421437
0.418944
0.416621
0.414409
0.412219
0.409600
0.407327
0.405221
0.402852
0.400416
0.398236
0.395942
0.393807
0.391645
0.389449
0.387249
0.384934
0.382754
0.380581
0.378471
0.376391
0.374225
0.372079
0.370025
0.367925
0.365830
0.363811
0.361630
0.359525
0.357549
0.355655
0.353768
0.351684
0.349538
0.347518
0.345543
0.343554
0.341306
0.339215
0.337225
0.335263
0.333197
0.331169
0.329407
0.327479
0.325522
0.323575
0.321844
0.320026
0.318357
0.316767
0.315228
0.313805
0.312108
0.310539
0.308958
0.307027
0.305160
0.303335
0.301477
0.299558
0.297833
0.296018
0.294178
0.292291
0.290492
0.288791
0.286902
0.285283
0.283673
0.281970
0.280221
0.278522
0.276771
0.275261
0.273618
0.271950
0.270321
0.268721
0.267182
0.265421
0.263942
0.262351
0.260908
0.259222
0.257663
0.256140
0.254508
0.252779
0.251197
0.249670
0.247926
0.246306
0.244638
0.243129
0.241581
0.239754
0.238262
0.236755
0.235325
0.233752
0.232188
0.230668
0.229268
0.227581
0.225903
0.224596
0.223055
0.221616
0.220028
0.218537
0.217107
0.215646
0.214181
0.212828
0.211254
0.209794
0.208563
0.207114
0.205713
0.204274
0.203019
0.201530
0.200185
0.198885
0.197533
0.196189
0.194718
0.193451
0.192165
0.190914
0.189673
0.188393
0.187045
0.185755
0.184432
0.183133
0.181767
0.180533
0.179407
0.178142
0.176879
0.175572
0.174379
0.173115
0.171990
0.170771
0.169558
0.168390
0.167177
0.165929
0.164863
0.163716
0.162507
0.161305
0.160164
0.159028
0.157910
0.156832
0.155643
0.154611
0.153462
0.152400
0.151371
0.150221
0.149146
0.148222
0.146983
0.145955
0.144877
0.143800
0.142746
0.141674
0.140547
0.139596
0.138501
0.137583
0.136525
0.135568
0.134530
0.133456
0.132695
0.131547
0.130662
0.129791
0.128785
0.127748
0.126911
0.125912
0.125022
0.123926
0.123132
0.122310
0.121297
0.120465
0.119546
0.118807
0.118012
0.117130
0.116299
0.115556
0.114705
0.113952
0.112950
0.112287
0.111493
0.110691
0.109910
0.109078
0.108379
0.107621
0.106928
0.106199
0.105484
0.104930
0.104189
0.103445
0.102733
0.102116
0.101437
0.100737
0.100086
0.099330
0.098772
0.098155
0.097462
0.096781
0.096322
0.095649
0.095005
0.094555
0.093923
0.093297
0.092637
0.092108
0.091514
0.090788
0.090332
0.089862
0.089354
0.088688
0.088171
0.087704
0.087184
0.086739
0.086166
0.085587
0.085118
0.084728
0.084190
0.083757
0.083244
0.082651
0.082142
0.081689
0.081238
0.080851
0.080522
0.080062
0.079590
0.079113
0.078748
0.078301
0.077865
0.077488
0.077001
0.076490
0.076106
0.075702
0.075334
0.074808
0.074401
0.073987
0.073586
0.073196
0.072769
0.072400
0.072055
0.071646
0.071200
0.070849
0.070412
0.070059
0.069621
0.069268
0.069031
0.068570
0.068218
0.067805
0.067485
0.067131
0.066837
0.066407
0.066020
0.065727
0.065336
0.065050
0.064635
0.064370
0.063905
0.063565
0.063214
0.062871
0.062545
0.062088
0.061838
0.061416
0.061099
0.060661
0.060415
0.060048
0.059784
0.059487
0.059105
0.058800
0.058468
0.058092
0.057749
0.057431
0.057079
0.056760
0.056433
0.056095
0.055819
0.055451
0.055124
0.054700
0.054420
0.054169
0.053749
0.053416
0.052964
0.052706
0.052342
0.052088
0.051667
0.051200
0.051002
0.050721
0.050329
0.050080
0.049713
0.049431
0.049215
0.048738
0.048539
0.048241
0.047937
0.047673
0.047335
0.047097
0.046837
0.046537
0.046220
0.045887
0.045580
0.045271
0.045031
0.044850
0.044565
0.044288
0.044070
0.043766
0.043602
0.043341
0.043135
0.042862
0.042534
0.042409
0.042150
0.041933
0.041690
0.041583
0.041302
0.041051
0.040865
0.040646
0.040448
0.040250
0.040077
0.039964
0.039650
0.039518
0.039306
0.039102
0.038886
0.038709
0.038584
0.038511
0.038210
0.038138
0.037994
0.037805
0.037640
0.037450
0.037346
0.037155
0.036984
0.036858
0.036762
0.036613
0.036456
0.036371
0.036190
0.036081
0.036049
0.035895
0.035842
0.035623
0.035488
0.035400
0.035285
0.035178
0.035006
0.034916
0.034746
0.034603
0.034475
0.034286
0.034260
0.034172
0.034113
0.033966
0.033863
0.033915
0.033763
0.033715
0.033569
0.033494
0.033484
0.033335
0.033221
0.033206
0.033148
0.033075
0.033026
0.033022
0.032916
0.032867
0.032811
0.032745
0.032716
0.032668
0.032550
0.032501
0.032456
0.032424
0.032376
0.032291
0.032256
0.032216
0.032179
0.032210
0.032206
0.032114
0.032054
0.032050
0.032033
0.031898
0.031864
0.031803
0.031771
0.031734
0.031853
0.031788
0.031774
0.031779
0.031679
0.031724
0.031662
0.031642
0.031633
0.031599
0.031546
0.031462
0.031474
0.031426
0.031395
0.031420
0.031437
0.031390
0.031448
0.031488
0.031432
0.031441
0.031393
0.031435
0.031359
0.031297
0.031291
0.031243
0.031288
0.031243
0.031268
0.031192
0.031159
0.031109
0.031143
0.031062
0.031104
0.031049
0.031082
0.031067
0.031113
0.031042
0.031008
0.030891
0.030918
0.030903
0.030837
0.030858
0.030877
0.030883
0.030773
0.030742
0.030769
0.030766
0.030753
0.030757
0.030805
0.030805
0.030710
0.030727
0.030727
0.030695
0.030736
0.030732
0.030706
0.030706
0.030745
0.030771
0.030771
0.030754
0.030675
0.030747
0.030747
0.030700
0.030657
0.030712
0.030575
0.030551
0.030583
0.030544
0.030567
0.030564
0.030531
0.030541
0.030596
0.030552
0.030590
0.030477
0.030557
0.030562
0.030573
0.030544
0.030559
0.030551
0.030520
0.030494
0.030494
0.030508
0.030544
0.030466
0.030426
0.030496
0.030533
0.030452
0.030414
0.030428
0.030441
0.030441
0.030445
0.030365
0.030376
0.030406
0.030374
0.030463
0.030384
0.030452
0.030510
0.030510
0.030510
0.030520
0.030477
0.030483
0.030506
0.030458
0.030475
0.030427
0.030395
0.030338
0.030338
0.030421
0.030368
0.030394
0.030345
0.030268
0.030349
0.030285
0.030337
0.030327
0.030287
0.030251
0.030218
0.030171
0.030212
0.030235
0.030148
0.030112
0.030131
0.030112
0.030135
0.030135
0.030180
0.030234
0.030254
0.030176
0.030176
0.030176
0.030134
0.030134
0.029961
0.029888
0.029963
0.029963
0.029963
0.030032
0.030063
0.030016
0.030007
0.030007
0.030007
0.030036
0.029922
0.029922
0.029848
0.029848
0.029868
0.029828
0.029857
0.029857
0.029857
0.029922
0.029896
0.029945
0.029928
0.029985
0.029981
0.029989
0.029968
0.029932
0.029892
0.029903
0.029903
0.029984
0.029973
0.029973
0.029985
0.030022
0.030100
0.030113
0.030099
0.030015
0.029998
0.029953
0.029933
0.029888
0.029918
0.029953
0.029988
0.029988
0.030018
0.029975
0.030032
0.030054
0.030044
0.030001
0.030034
0.030034
0.029996
0.029996
0.029996
0.029996
0.029996
0.029964
0.029964
0.029882
0.029810
0.029808
0.029771
0.029860
0.029883
0.029853
0.029848
0.029843
0.029834
0.029830
0.029785
0.029748
0.029746
0.029746
0.029716
0.029714
0.029715
0.029675
0.029674
0.029674
0.029743
0.029787
0.029758
0.029775
0.029734
0.029734
0.029696
0.029696
0.029657
0.029657
0.029657
0.029599
0.029599
0.029576
0.029540
0.029495
0.029565
0.029582
0.029582
0.029517
0.029517
0.029486
0.029486
0.029486
0.029495
0.029465
0.029469
0.029489
0.029495
0.029530
0.029555
0.029562
0.029602
0.029602
0.029650
0.029637
0.029593
0.029573
0.029536
0.029571
0.029549
0.029549
0.029557
0.029547
0.029547
0.029547
0.029538
0.029499
0.029555
0.029580
0.029611
0.029611
0.029590
0.029509
0.029481
0.029481
0.029481
0.029481
0.029519
0.029550
0.029550
0.029530
0.029495
0.029534
0.029503
0.029546
0.029508
0.029541
0.029541
0.029541
0.029566
0.029495
0.029442
0.029409
0.029402
0.029396
0.029365
0.029359
0.029324
0.029394
0.029362
0.029398
0.029411
0.029408
0.029408
0.029408
0.029406
0.029391
0.029383
0.029400
0.029400
0.029330
0.029330
0.029369
0.029335
0.029335
0.029349
0.029349
0.029349
0.029349
0.029349
0.029338
0.029338
0.029300
0.029300
0.029288
0.029288
0.029288
0.029272
0.029311
0.029311
0.029261
0.029261
0.029295
0.029327
0.029327
0.029336
0.029340
0.029386
0.029392
0.029364
0.029364
0.029363
0.029371
0.029333
0.029343
0.029353
0.029353
0.029363
0.029399
0.029399
0.029402
0.029419
0.029419
0.029431
0.029431
0.029399
0.029399
0.029371
0.029383
0.029377
0.029335
0.029361
0.029330
0.029386
0.029386
0.029445
0.029413
0.029413
0.029465
0.029465
0.029426
0.029426
0.029426
0.029444
0.029444
0.029444
0.029444
0.029496
0.029539
0.029539
0.029468
0.029421
0.029404
0.029397
0.029346
0.029346
0.029340
0.029335
0.029335
0.029331
0.029327
0.029327
0.029325
0.029325
0.029325
0.029343
0.029311
0.029347
0.029324
0.029324
0.029324
0.029366
0.029366
0.029368
0.029327
0.029327
0.029327
0.029327
0.029327
0.029327
0.029327
0.029327
0.029401
0.029401
0.029401
0.029401
0.029422
0.029391
0.029352
0.029352
0.029358
0.029321
0.029321
0.029280
0.029280
0.029319
0.029402
0.029406
0.029424
0.029430
0.029437
0.029437
0.029445
0.029540
0.029549
0.029549
0.029568
0.029590
0.029636
0.029598
0.029559
0.029570
0.029610
0.029610
0.029633
0.029632
0.029632
0.029632
0.029632
0.029645
0.029645
0.029645
0.029631
0.029631
0.029665
0.029640
0.029640
0.029640
0.029677
0.029690
0.029667
0.029667
0.029667
0.029667
0.029667
0.029635
0.029650
0.029650
0.029612
0.029653
0.029699
0.029590
0.029581
0.029580
0.029573
0.029567
0.029567
0.029600
0.029637
0.029637
0.029633
0.029590
0.029590
0.029588
0.029588
0.029588
0.029548
0.029567
0.029567
0.029608
0.029608
0.029646
0.029646
0.029646
0.029666
0.029666
0.029666
0.029701
0.029701
0.029662
0.029626
0.029623
0.029623
0.029623
0.029623
0.029662
0.029662
0.029619
0.029666
0.029666
0.029666
0.029666
0.029666
0.029666
0.029689
0.029696
0.029705
0.029709
0.029719
0.029726
0.029733
0.029757
0.029764
0.029773
0.029773
0.029782
0.029792
0.029817
0.029828
0.029828
0.029793
0.029805
0.029805
0.029805
0.029842
0.029842
0.029842
0.029842
0.029842
0.029855
0.029882
0.029882
0.029882
0.029885
0.029885
0.029851
0.029813
0.029840
0.029885
0.029899
0.029861
0.029829
0.029829
0.029858
0.029900
0.029900
0.029900
0.029900
0.029900
0.029900
0.029929
0.029897
0.029827
0.029818
0.029801
0.029794
0.029788
0.029818
0.029812
0.029808
0.029766
0.029766
0.029762
0.029789
0.029818
0.029818
0.029791
0.029760
0.029760
0.029760
0.029758
0.029758
0.029791
0.029827
0.029827
0.029853
0.029867
0.029829
0.029829
0.029829
0.029862
0.029838
0.029838
0.029838
0.029874
0.029846
0.029823
0.029823
0.029856
0.029856
0.029856
0.029856
0.029856
0.029856
0.029856
0.029856
0.029856
0.029828
0.029832
0.029843
0.029877
0.029884
0.029884
0.029866
0.029874
0.029874
0.029919
0.029892
0.029892
0.029902
0.029902
0.029870
0.029881
0.029881
0.029881
0.029893
0.029929
0.029962
0.029962
0.029929
0.029942
0.029942
0.029942
0.029887
0.029929
0.029929
0.029966
0.029966
0.029966
0.029966
0.029979
0.029979
0.029979
0.029979
0.029979
0.029948
0.029911
0.029888
0.029926
0.029926
0.029926
0.029926
0.029856
0.029847
0.029830
0.029823
0.029797
0.029797
0.029791
0.029756
0.029795
0.029791
0.029788
0.029788
0.029785
0.029785
0.029785
0.029810
0.029819
0.029819
0.029818
0.029790
0.029828
0.029789
0.029789
0.029829
0.029792
0.029792
0.029792
0.029792
0.029792
0.029749
0.029749
0.029749
0.029788
0.029788
0.029788
0.029788
0.029788
0.029749
0.029749
0.029722
0.029722
0.029764
0.029764
0.029764
0.029764
0.029764
0.029773
0.029777
0.029801
0.029807
0.029814
0.029814
0.029822
0.029754
0.029763
0.029728
0.029738
0.029713
0.029807
0.029795
0.029795
0.029848
0.029848
0.029865
0.029878
0.029854
0.029816
0.029816
0.029816
0.029790
0.029833
0.029833
0.029811
0.029848
0.029848
0.029848
0.029818
0.029818
0.029832
0.029833
0.029812
0.029812
0.029812
0.029812
0.029812
0.029812
0.029773
0.029752
0.029752
0.029717
0.029717
0.029647
0.029638
0.029621
0.029595
0.096116
0.096108
0.096056
0.095866
0.095681
0.095446
0.095240
0.095009
0.094822
0.094592
0.094361
0.094175
0.093945
0.093744
0.093513
0.093329
0.093065
0.092730
0.092490
0.092174
0.092041
0.091760
0.091497
0.091275
0.091066
0.090862
0.090600
0.090354
0.090127
0.089899
0.089717
0.089460
0.089264
0.088899
0.088572
0.088298
0.087886
0.087495
0.087094
0.086705
0.086507
0.086302
0.085869
0.085477
0.085104
0.084773
0.084548
0.084354
0.084035
0.083589
0.083250
0.082856
0.082468
0.082077
0.081677
0.081313
0.081023
0.080499
0.080105
0.079784
0.079478
0.079288
0.078991
0.078632
0.078241
0.077898
0.077520
0.077108
0.076742
0.076371
0.075999
0.075632
0.075344
0.075116
0.074710
0.074407
0.074032
0.073797
0.073484
0.073156
0.072910
0.072568
0.072288
0.072063
0.071809
0.071558
0.071335
0.071028
0.070827
0.070505
0.070268
0.069993
0.069760
0.069592
0.069409
0.069127
0.069009
0.068736
0.068515
0.068370
0.068138
0.067915
0.067652
0.067480
0.067165
0.066907
0.066600
0.066403
0.066111
0.065868
0.065647
0.065402
0.065159
0.064940
0.064687
0.064445
0.064169
0.063980
0.063763
0.063554
0.063334
0.063155
0.062904
0.062682
0.062438
0.062219
0.061817
0.061707
0.061470
0.061270
0.061080
0.060877
0.060664
0.060470
0.060277
0.060124
0.059893
0.059682
0.059575
0.059386
0.059180
0.059074
0.058865
0.058797
0.058577
0.058380
0.058266
0.058155
0.058014
0.057916
0.057710
0.057524
0.057330
0.057225
0.056994
0.056907
0.056694
0.056558
0.056433
0.056193
0.055947
0.055878
0.055701
0.055517
0.055388
0.055297
0.055090
0.055002
0.054801
0.054617
0.054482
0.054323
0.054118
0.053876
0.053851
0.053609
0.053503
0.053251
0.053049
0.052873
0.052711
0.052545
0.052385
0.052246
0.052046
0.051904
0.051785
0.051593
0.051383
0.051210
0.051015
0.050879
0.050640
0.050588
0.050397
0.050230
0.050003
0.049929
0.049739
0.049544
0.049337
0.049188
0.048996
0.048792
0.048698
0.048418
0.048182
0.047962
0.047796
0.047619
0.047406
0.047197
0.047068
0.046891
0.046672
0.046532
0.046387
0.046186
0.045967
0.045766
0.045584
0.045365
0.045178
0.044920
0.044746
0.044520
0.044334
0.044163
0.044002
0.043786
0.043601
0.043420
0.043211
0.042994
0.042807
0.042650
0.042434
0.042230
0.042061
0.041945
0.041791
0.041618
0.041430
0.041273
0.041133
0.040960
0.040795
0.040667
0.040601
0.040361
0.040238
0.040082
0.039877
0.039721
0.039565
0.039453
0.039297
0.039142
0.039083
0.038928
0.038862
0.038714
0.038596
0.038462
0.038357
0.038285
0.038130
0.037982
0.037826
0.037601
0.037566
0.037416
0.037343
0.037169
0.037129
0.036975
0.036893
0.036781
0.036698
0.036596
0.036508
0.036351
0.036285
0.036222
0.036121
0.036040
0.035903
0.035803
0.035711
0.035657
0.035580
0.035546
0.035492
0.035393
0.035294
0.035223
0.035174
0.035100
0.034995
0.034932
0.034882
0.034784
0.034734
0.034635
0.034639
0.034590
0.034531
0.034482
0.034383
0.034389
0.034303
0.034254
0.034155
0.034115
0.034070
0.034009
0.034001
0.033959
0.033909
0.033854
0.033902
0.033882
0.033842
0.033775
0.033726
0.033716
0.033667
0.033699
0.033661
0.033612
0.033564
0.033521
0.033472
0.033423
0.033404
0.033317
0.033383
0.033345
0.033296
0.033248
0.033230
0.033208
0.033174
0.033125
0.033113
0.033064
0.033078
0.033061
0.033013
0.032978
0.032964
0.032964
0.032917
0.032869
0.032942
0.032927
0.032880
0.032832
0.032832
0.032785
0.032667
0.032656
0.032593
0.032536
0.032529
0.032482
0.032430
0.032375
0.032358
0.032373
0.032352
0.032391
0.032389
0.032377
0.032410
0.032418
0.032453
0.032407
0.032372
0.032361
0.032361
0.032315
0.032315
0.032270
0.032305
0.032260
0.032260
0.032215
0.032231
0.032215
0.032181
0.032158
0.032158
0.032194
0.032150
0.032150
0.032107
0.032107
0.032107
0.032063
0.032063
0.031987
0.032041
0.032081
0.032047
0.032086
0.032113
0.032076
0.032083
0.032041
0.032076
0.032053
0.032003
0.032050
0.032060
0.032018
0.032029
0.032029
0.031988
0.031999
0.031969
0.032015
0.031986
0.031986
0.031986
0.031984
0.031984
0.031997
0.031938
0.031945
0.031945
0.031945
0.031905
0.031905
0.031934
0.031963
0.031959
0.031972
0.031972
0.031926
0.031927
0.031927
0.031900
0.031900
0.031861
0.031861
0.031861
0.031861
0.031861
0.031797
0.031815
0.031745
0.031736
0.031717
0.031729
0.031696
0.031696
0.031693
0.031652
0.031648
0.031648
0.031619
0.031552
0.031513
0.031532
0.031575
0.031573
0.031560
0.031524
0.031527
0.031527
0.031527
0.031527
0.031469
0.031469
0.031440
0.031440
0.031394
0.031372
0.031338
0.031338
0.031338
0.031333
0.031333
0.031372
0.031339
0.031339
0.031293
0.031293
0.031273
0.031273
0.031240
0.031200
0.031200
0.031200
0.031189
0.031193
0.031204
0.031219
0.031201
0.031183
0.031190
0.031185
0.031185
0.031194
0.031155
0.031155
0.031165
0.031144
0.031144
0.031137
0.031075
0.031045
0.031057
0.031079
0.031079
0.031026
0.031004
0.031017
0.031017
0.030990
0.030975
0.030975
0.030975
0.030975
0.030975
0.030961
0.030952
0.030987
0.030878
0.030831
0.030831
0.030840
0.030840
0.030840
0.030752
0.030752
0.030740
0.030740
0.030712
0.030675
0.030605
0.030585
0.030568
0.030561
0.030555
0.030511
0.030496
0.030514
0.030540
0.030540
0.030429
0.030420
0.030417
0.030423
0.030423
0.030386
0.030378
0.030378
0.030377
0.030377
0.030341
0.030291
0.030316
0.030297
0.030372
0.030372
0.030296
0.030322
0.030322
0.030256
0.030191
0.030202
0.030203
0.030203
0.030203
0.030203
0.030200
0.030157
0.030212
0.030218
0.030218
0.030216
0.030200
0.030157
0.030157
0.030112
0.030115
0.030056
0.030063
0.030036
0.030036
0.030044
0.030053
0.030122
0.030116
0.030126
0.030128
0.030138
0.030165
0.030043
0.030054
0.030030
0.030030
0.030042
0.029972
0.029999
0.030003
0.030003
0.030057
0.030026
0.030012
0.030017
0.030017
0.030017
0.030045
0.030045
0.030024
0.030024
0.030037
0.030008
0.030008
0.029999
0.029958
0.029958
0.029958
0.029958
0.029996
0.029955
0.029955
0.029962
0.029962
0.029902
0.029893
0.029877
0.029890
0.029896
0.029867
0.029861
0.029856
0.029852
0.029838
0.029795
0.029824
0.029821
0.029821
0.029835
0.029793
0.029793
0.029793
0.029792
0.029807
0.029743
0.029743
0.029743
0.029743
0.029759
0.029759
0.029759
0.029759
0.029766
0.029766
0.029766
0.029746
0.029746
0.029764
0.029764
0.029764
0.029764
0.029764
0.029783
0.029783
0.029783
0.029738
0.029699
0.029672
0.029681
0.029676
0.029687
0.029715
0.029722
0.029722
0.029730
0.029738
0.029729
0.029739
0.029749
0.029734
0.029706
0.029729
0.029760
0.029772
0.029772
0.029772
0.029770
0.029770
0.029770
0.029770
0.029770
0.029770
0.029716
0.029716
0.029716
0.029716
0.029716
0.029742
0.029742
0.029782
0.029782
0.029758
0.029758
0.029785
0.029785
0.029785
0.029779
0.029779
0.029766
0.029766
0.029766
0.029766
0.029729
0.029729
0.029729
0.029688
0.029678
0.029658
0.029650
0.029644
0.029605
0.029630
0.029623
0.029619
0.029619
0.029615
0.029582
0.029580
0.029611
0.029644
0.029642
0.029604
0.029567
0.029566
0.029500
0.029532
0.029526
0.029526
0.029525
0.029525
0.029527
0.029491
0.029491
0.029524
0.029524
0.029524
0.029524
0.029525
0.029558
0.029558
0.029523
0.029487
0.029522
0.029522
0.029496
0.029496
0.029496
0.029496
0.029462
0.029471
0.029482
0.029492
0.029498
0.029505
0.029505
0.029479
0.029488
0.029488
0.029497
0.029472
0.029472
0.029483
0.029483
0.029450
0.029498
0.029498
0.029498
0.029510
0.029510
0.029479
0.029478
0.029478
0.029478
0.029490
0.029490
0.029490
0.029471
0.029471
0.029437
0.029437
0.029476
0.029476
0.029489
0.029460
0.029460
0.029460
0.029460
0.029460
0.029460
0.029431
0.029431
0.029431
0.029431
0.029431
0.029431
0.029403
0.029333
0.029292
0.029275
0.029268
0.029262
0.029235
0.029167
0.029197
0.029193
0.029193
0.029190
0.029164
0.029161
0.029126
0.029126
0.029139
0.029139
0.029114
0.029112
0.029112
0.029082
0.029117
0.029092
0.029092
0.029092
0.029092
0.029092
0.029092
0.029068
0.029068
0.029068
0.029068
0.029111
0.029111
0.029089
0.029089
0.029089
0.029089
0.029089
0.029054
0.029033
0.029004
0.029004
0.029004
0.029013
0.029052
0.029042
0.029049
0.029056
0.029056
0.029063
0.029072
0.029053
0.029027
0.029037
0.029066
0.029113
0.029068
0.029050
0.029061
0.029025
0.029025
0.029011
0.028983
0.028966
0.028966
0.028966
0.028978
0.028978
0.029014
0.028998
0.028998
0.028998
0.028998
0.028998
0.028983
0.028983
0.028996
0.028996
0.028996
0.029015
0.029001
0.029001
0.029001
0.029001
0.029001
0.028977
0.028964
0.028964
0.028964
0.028964
0.028894
0.028885
0.028857
0.028850
0.028843
0.028843
0.028838
0.028833
0.028819
0.028819
0.028815
0.028781
0.028779
0.028819
0.028810
0.028760
0.028720
0.028720
0.028753
0.028753
0.028745
0.028724
0.028724
0.028723
0.028723
0.028723
0.028683
0.028683
0.028723
0.028723
0.028696
0.028696
0.028652
0.028652
0.028652
0.028652
0.028652
0.028652
0.028648
0.028648
0.028648
0.028648
0.028648
0.028646
0.028732
0.028728
0.028738
0.028745
0.028752
0.028674
0.028682
0.028671
0.028671
0.028681
0.028691
0.028691
0.028702
0.028702
0.028739
0.028750
0.028790
0.028792
0.028804
0.028804
0.028804
0.028764
0.028764
0.028744
0.028744
0.028744
0.028744
0.028744
0.028744
0.028785
0.028785
0.028785
0.028826
0.028839
0.028839
0.028845
0.028845
0.028805
0.028805
0.028805
0.028805
0.028813
0.028797
0.028797
0.028797
0.028797
0.028727
0.028727
0.028751
0.028744
