1.785531
1.634774
1.500945
1.416863
1.378559
1.366469
1.364622
1.365265
1.366041
1.366421
1.366874
1.366869
1.367147
1.367755
1.368286
1.368772
1.368579
1.368020
1.367792
1.367260
1.366627
1.365201
1.363349
1.361234
1.359192
1.356881
1.354870
1.352510
1.350423
1.348353
1.345824
1.343583
1.340914
1.338439
1.335910
1.333265
1.330545
1.327781
1.325210
1.322574
1.319760
1.316901
1.313931
1.310660
1.307580
1.304227
1.301004
1.297551
1.294285
1.291461
1.288635
1.285494
1.282645
1.279364
1.276519
1.273467
1.270205
1.266889
1.263700
1.260286
1.257074
1.253715
1.250487
1.246893
1.243595
1.240545
1.237258
1.234056
1.231128
1.228148
1.225530
1.222424
1.218858
1.215388
1.211980
1.209008
1.205959
1.203408
1.200822
1.198620
1.196188
1.193363
1.189869
1.186167
1.182497
1.179096
1.175486
1.171950
1.168253
1.164560
1.161302
1.158235
1.155444
1.152992
1.150794
1.148318
1.145865
1.142716
1.138868
1.134806
1.130773
1.126534
1.122194
1.118147
1.114030
1.110377
1.106501
1.102866
1.099291
1.095465
1.091564
1.087481
1.083409
1.079948
1.076677
1.074023
1.071441
1.068655
1.065569
1.062012
1.058437
1.054582
1.050891
1.047050
1.043545
1.040126
1.036579
1.033502
1.030338
1.026986
1.023547
1.020042
1.016579
1.013103
1.009732
1.006307
1.002704
0.999381
0.996094
0.992707
0.989531
0.986259
0.982972
0.979879
0.977133
0.974847
0.972552
0.970834
0.969459
0.967762
0.966343
0.965137
0.963148
0.960760
0.957996
0.955184
0.952170
0.949405
0.946503
0.943918
0.941332
0.938585
0.936291
0.933829
0.931293
0.928917
0.926469
0.923790
0.921380
0.918814
0.916165
0.913738
0.911605
0.909075
0.906655
0.904364
0.901904
0.899476
0.897046
0.894903
0.892174
0.889855
0.888150
0.886251
0.885356
0.883945
0.882618
0.881583
0.880888
0.879753
0.878183
0.876109
0.873965
0.871660
0.868934
0.866743
0.864701
0.862401
0.860505
0.858710
0.856243
0.853960
0.851867
0.850028
0.847825
0.845334
0.842960
0.841079
0.839275
0.837137
0.834853
0.832821
0.830954
0.828983
0.826935
0.824708
0.822654
0.820736
0.818852
0.817139
0.814917
0.813079
0.811206
0.809476
0.807881
0.806459
0.805415
0.804356
0.803318
0.802075
0.800511
0.798993
0.797042
0.795028
0.792963
0.791198
0.789036
0.787419
0.785756
0.783737
0.782110
0.780106
0.778101
0.776321
0.774054
0.772326
0.770347
0.768072
0.766360
0.764267
0.762469
0.760719
0.759007
0.757142
0.755264
0.753644
0.752059
0.750296
0.748843
0.747436
0.746022
0.744356
0.742967
0.741532
0.740101
0.738579
0.737150
0.735601
0.734447
0.733137
0.731527
0.730323
0.729095
0.727932
0.727238
0.726456
0.725603
0.724842
0.723954
0.722784
0.721673
0.720396
0.719071
0.717689
0.716202
0.714664
0.713316
0.711814
0.710448
0.709319
0.707891
0.706451
0.705140
0.703708
0.702324
0.700663
0.699406
0.698176
0.696940
0.695796
0.694766
0.694010
0.692948
0.692143
0.691281
0.690340
0.689332
0.688095
0.686944
0.685575
0.684203
0.682934
0.681495
0.680116
0.678908
0.677673
0.676261
0.675032
0.673977
0.672607
0.671129
0.669713
0.668501
0.667084
0.665683
0.664723
0.663679
0.662570
0.661597
0.660448
0.659481
0.658376
0.657321
0.655855
0.654669
0.653031
0.651846
0.650151
0.648783
0.646993
0.645516
0.643968
0.642350
0.640773
0.639254
0.637712
0.636287
0.634627
0.633142
0.631835
0.630494
0.629094
0.628279
0.627527
0.626832
0.626260
0.625542
0.624722
0.623937
0.622408
0.620654
0.618602
0.616518
0.614466
0.612385
0.610430
0.608352
0.606355
0.604407
0.602378
0.600478
0.598379
0.596391
0.594214
0.592147
0.590096
0.588100
0.586257
0.584811
0.582996
0.581833
0.580588
0.578765
0.576981
0.575182
0.573193
0.571125
0.568873
0.566892
0.564761
0.562859
0.560792
0.558692
0.556665
0.554506
0.552358
0.550271
0.548217
0.546130
0.543951
0.541864
0.540100
0.538149
0.536994
0.535144
0.532803
0.531228
0.529952
0.528769
0.527147
0.525451
0.523716
0.521632
0.519505
0.517272
0.515295
0.513168
0.511038
0.509174
0.507040
0.504961
0.503200
0.501100
0.499370
0.497655
0.495368
0.493686
0.491946
0.489943
0.488223
0.486365
0.484494
0.482828
0.481121
0.479403
0.477603
0.475688
0.473994
0.472187
0.470344
0.468493
0.466679
0.464605
0.462890
0.460945
0.459110
0.457152
0.455305
0.453198
0.451525
0.449938
0.448335
0.446498
0.444545
0.442900
0.441311
0.439492
0.438210
0.436545
0.434968
0.433378
0.431913
0.430576
0.429111
0.427628
0.425983
0.424517
0.422834
0.421279
0.419842
0.418350
0.416850
0.415444
0.413821
0.412430
0.411085
0.409720
0.408236
0.406941
0.405495
0.404046
0.402735
0.401210
0.399630
0.397951
0.396383
0.394899
0.393259
0.391907
0.390599
0.389210
0.387877
0.386824
0.385739
0.384538
0.383242
0.381903
0.380564
0.379144
0.377917
0.376750
0.375467
0.374063
0.372565
0.371272
0.369649
0.368300
0.367110
0.365675
0.364402
0.363176
0.361827
0.360562
0.359222
0.358027
0.356801
0.355442
0.354057
0.352647
0.351284
0.350004
0.348852
0.347689
0.346406
0.345404
0.344386
0.343205
0.342081
0.340704
0.338741
0.336487
0.334468
0.332844
0.331187
0.329542
0.327347
0.325012
0.322984
0.321256
0.319475
0.317574
0.316252
0.315183
0.314100
0.313112
0.312220
0.311412
0.310529
0.309425
0.308375
0.307297
0.306357
0.305210
0.304272
0.303319
0.302363
0.301246
0.300191
0.299132
0.297971
0.296954
0.295838
0.294795
0.293769
0.292792
0.291677
0.290599
0.289564
0.288534
0.287572
0.286495
0.285493
0.284417
0.283473
0.282347
0.281369
0.280209
0.279304
0.278181
0.277248
0.276086
0.275195
0.274077
0.273077
0.272080
0.270987
0.269969
0.268760
0.267794
0.266773
0.265808
0.264704
0.263789
0.262768
0.261755
0.260667
0.259649
0.258582
0.257539
0.256399
0.255325
0.254264
0.253236
0.251995
0.251019
0.249848
0.248779
0.247670
0.246469
0.245375
0.244230
0.243184
0.241957
0.240842
0.239608
0.238374
0.237288
0.236073
0.234931
0.233671
0.232475
0.231335
0.230131
0.229030
0.227759
0.226633
0.225392
0.224350
0.222995
0.221786
0.220507
0.219276
0.218127
0.216952
0.215825
0.214544
0.213547
0.212389
0.211265
0.210100
0.209107
0.208016
0.207059
0.206022
0.204980
0.203968
0.202941
0.201999
0.200891
0.199784
0.198785
0.197757
0.196705
0.195478
0.194513
0.193532
0.192578
0.191608
0.190451
0.189362
0.188431
0.187228
0.186338
0.185219
0.184202
0.183272
0.182310
0.181266
0.180359
0.179334
0.178214
0.177306
0.176129
0.175292
0.174191
0.173132
0.172125
0.171140
0.170258
0.169250
0.168353
0.167278
0.166161
0.165179
0.164264
0.163223
0.162245
0.161235
0.160313
0.159345
0.158396
0.157450
0.156634
0.155646
0.154631
0.153825
0.152824
0.151873
0.151000
0.150166
0.149190
0.148313
0.147420
0.146494
0.145558
0.144733
0.143799
0.142980
0.142046
0.141240
0.140268
0.139382
0.138481
0.137717
0.136679
0.136011
0.135160
0.134350
0.133459
0.132696
0.131957
0.131265
0.130474
0.129610
0.128858
0.128146
0.127116
0.126436
0.125745
0.124900
0.124157
0.123214
0.122467
0.121732
0.120879
0.120143
0.119331
0.118672
0.117937
0.117057
0.116331
0.115562
0.114672
0.113906
0.113126
0.112346
0.111646
0.110948
0.110104
0.109365
0.108771
0.107982
0.107338
0.106540
0.105826
0.105048
0.104322
0.103585
0.102781
0.102143
0.101480
0.100615
0.099777
0.099192
0.098463
0.097788
0.097050
0.096535
0.095697
0.095023
0.094430
0.093647
0.093048
0.092303
0.091695
0.090957
0.090274
0.089630
0.089099
0.088499
0.087809
0.087254
0.086543
0.086058
0.085435
0.084747
0.084080
0.083557
0.082867
0.082324
0.081651
0.081142
0.080478
0.079870
0.079294
0.078708
0.078100
0.077675
0.077136
0.076615
0.076198
0.075631
0.075199
0.074592
0.074157
0.073688
0.073360
0.072886
0.072371
0.072116
0.071643
0.071204
0.070721
0.070452
0.069971
0.069659
0.069170
0.068856
0.068378
0.068083
0.067668
0.067301
0.066841
0.066585
0.066169
0.065833
0.065578
0.065302
0.065027
0.064617
0.064347
0.064039
0.063807
0.063448
0.063184
0.062957
0.062601
0.062310
0.062017
0.061736
0.061395
0.061220
0.060923
0.060719
0.060444
0.060154
0.059918
0.059628
0.059370
0.059068
0.058809
0.058560
0.058272
0.058133
0.057981
0.057662
0.057401
0.057179
0.057059
0.056789
0.056569
0.056267
0.056176
0.055930
0.055667
0.055425
0.055268
0.055016
0.054779
0.054667
0.054464
0.054250
0.054074
0.053752
0.053591
0.053528
0.053274
0.053165
0.052930
0.052863
0.052666
0.052515
0.052342
0.052186
0.052021
0.051889
0.051723
0.051618
0.051327
0.051151
0.051014
0.050945
0.050733
0.050533
0.050527
0.050380
0.050242
0.050123
0.050008
0.049882
0.049666
0.049458
0.049400
0.049171
0.049116
0.049032
0.048900
0.048738
0.048663
0.048557
0.048472
0.048264
0.048164
0.048021
0.047822
0.047716
0.047624
0.047392
0.047341
0.047187
0.047092
0.046996
0.046929
0.046720
0.046634
0.046534
0.046393
0.046350
0.046173
0.046085
0.046005
0.045812
0.045676
0.045570
0.045469
0.045309
0.045280
0.045265
0.045110
0.044935
0.044827
0.044728
0.044567
0.044448
0.044371
0.044209
0.044103
0.044030
0.043939
0.043728
0.043634
0.043622
0.043525
0.043425
0.043348
0.043192
0.043018
0.042867
0.042708
0.042627
0.042489
0.042491
0.042370
0.042271
0.042166
0.042037
0.041945
0.041825
0.041689
0.041553
0.041413
0.041313
0.041213
0.041114
0.041009
0.040866
0.040786
0.040634
0.040548
0.040439
0.040372
0.040264
0.040167
0.040078
0.039995
0.039835
0.039683
0.039654
0.039585
0.039465
0.039358
0.039288
0.039201
0.039123
0.038961
0.038819
0.038814
0.038744
0.038657
0.038530
0.038380
0.038336
0.038205
0.038095
0.038053
0.037984
0.037848
0.037779
0.037737
0.037668
0.037574
0.037475
0.037309
0.037275
0.037266
0.037170
0.037098
0.037064
0.036958
0.036907
0.036840
0.036840
0.036729
0.036704
0.036554
0.036516
0.036474
0.036379
0.036305
0.036276
0.036260
0.036191
0.036114
0.036007
0.035972
0.035922
0.035863
0.035863
0.035788
0.035788
0.035719
0.035671
0.035635
0.035519
0.035447
0.035405
0.035374
0.035305
0.035274
0.035232
0.035196
0.035113
0.035036
0.034993
0.034964
0.034916
0.034930
0.034857
0.034857
0.034816
0.034779
0.034697
0.034637
0.034598
0.034598
0.034527
0.034527
0.034487
0.034444
0.034444
0.034362
0.034373
0.034308
0.034273
0.034273
0.034267
0.034267
0.034296
0.034335
0.034264
0.034199
0.034127
0.034127
0.034136
0.034070
0.034042
0.034006
0.033934
0.033911
0.033841
0.033776
0.033806
0.033806
0.033720
0.033733
0.033724
0.033702
0.033673
0.033593
0.033593
0.033568
0.033607
0.033511
0.033506
0.033555
0.033487
0.033477
0.033452
0.033412
0.033394
0.033424
0.033382
0.033343
0.033315
0.033274
0.033274
0.033235
0.033317
0.033278
0.033298
0.033247
0.033247
0.033247
0.033211
0.033198
0.033198
0.033198
0.033172
0.033132
0.033094
0.033084
0.033084
0.033076
0.033099
0.033035
0.033067
0.033084
0.033084
0.033045
0.033003
0.032978
0.032952
0.032952
0.032990
0.032997
0.032991
0.032991
0.033031
0.033024
0.032999
0.032941
0.032899
0.032917
0.032905
0.032905
0.032905
0.032881
0.032801
0.032747
0.032709
0.032709
0.032709
0.032748
0.032724
0.032724
0.032724
0.032724
0.032787
0.032787
0.032787
0.032768
0.032741
0.032697
0.032697
0.032690
0.032690
0.032690
0.032668
0.032668
0.032668
0.032670
0.032670
0.032649
0.032670
0.032575
0.032531
0.032526
0.032526
0.032526
0.032559
0.032539
0.032539
0.032483
0.032483
0.032482
0.032482
0.032513
0.032506
0.032448
0.032427
0.032427
0.032427
0.032427
0.032427
0.032420
0.032420
0.032420
0.032401
0.032485
0.032459
0.032424
0.032306
0.032306
0.032340
0.032377
0.032409
0.032444
0.032444
0.032397
0.032397
0.032397
0.032374
0.032374
0.032398
0.032352
0.032316
0.032316
0.032280
0.032280
0.032263
0.032263
0.032246
0.032271
0.032305
0.032305
0.032305
0.032305
0.032260
0.032260
0.032260
0.032208
0.032250
0.032214
0.032246
0.032246
0.032279
0.032292
0.032292
0.032300
0.032285
0.032311
0.032222
0.032222
0.032222
0.032222
0.032186
0.032186
0.032263
0.032270
0.032256
0.032256
0.032214
0.032214
0.032214
0.032214
0.032174
0.032174
0.032174
0.032174
0.032162
0.032162
0.032162
0.032153
0.032153
0.032153
0.032153
0.032153
0.032139
0.032174
0.032174
0.032162
0.032162
0.032093
0.032093
0.032129
0.032162
0.032162
0.032160
0.032160
0.032160
0.032202
0.032186
0.032176
0.032137
0.032102
0.032102
0.032102
0.032067
0.032096
0.032096
0.032096
0.032015
0.032008
0.032008
0.031999
0.031999
0.031999
0.031999
0.031999
0.031999
0.032024
0.032060
0.032060
0.032060
0.032060
0.032056
0.032022
0.032032
0.032032
0.032032
0.031995
0.031995
0.031995
0.031995
0.031947
0.031985
0.031985
0.032000
0.031984
0.031984
0.031984
0.031978
0.031978
0.031940
0.031940
0.031898
0.031898
0.031898
0.031898
0.031934
0.031902
0.031932
0.031932
0.031932
0.031898
0.031907
0.031946
0.031904
0.031904
0.031904
0.031904
0.031904
0.031883
0.031890
0.031890
0.031857
0.031857
0.031857
0.031810
0.031810
0.031773
0.031773
0.031773
0.031771
0.031771
0.031771
0.031771
0.031771
0.031771
0.031808
0.031841
0.031884
0.031853
0.031853
0.031853
0.031853
0.031853
0.031853
0.031846
0.031812
0.031812
0.031812
0.031812
0.031812
0.031775
0.031743
0.031743
0.031743
0.031743
0.031775
0.031775
0.031775
0.031775
0.031775
0.031743
0.031706
0.031706
0.031706
0.031706
0.031707
0.031707
0.031707
0.031707
0.031707
0.031707
0.031707
0.031707
0.031707
0.031709
0.031709
0.031709
0.031709
0.031709
0.031709
0.031709
0.031709
0.031709
0.031709
0.031712
0.031712
0.031712
0.031712
0.031712
0.031678
0.031711
0.031680
0.031678
0.031678
0.031678
0.031712
0.031712
0.031712
0.031712
0.031712
0.031643
0.031612
0.031580
0.031580
0.031584
0.031584
0.031584
0.031618
0.031618
0.031618
0.031618
0.031618
0.031618
0.031618
0.031570
0.031570
0.031570
0.031570
0.031570
0.031612
0.031612
0.031575
0.031575
0.031614
0.031620
0.031620
0.031578
0.031578
0.031543
0.031543
0.031543
0.031543
0.031543
0.031512
0.031512
0.031554
0.031554
0.031512
0.031522
0.031522
0.031522
0.031522
0.031522
0.031529
0.031529
0.031529
0.031529
0.031563
0.031563
0.031563
0.031531
0.031548
0.031569
0.031569
0.031569
0.031569
0.031569
0.031569
0.031569
0.031569
0.031490
0.031490
0.031500
0.031500
0.031507
0.031507
0.031507
0.031507
0.031507
0.031507
0.031507
0.031507
0.031507
0.031507
0.031507
0.031470
0.031470
0.031470
0.031470
0.031470
0.031470
0.031482
0.031475
0.031475
0.031475
0.031475
0.031449
0.031420
0.031420
0.031420
0.031382
0.031382
0.031348
0.031383
0.031340
0.031308
0.031308
0.031274
0.031274
0.031286
0.031251
0.031251
0.031251
0.031220
0.031220
0.031255
0.031255
0.031255
0.031255
0.031286
0.031286
0.031286
0.031286
0.031286
0.031306
0.031306
0.031289
0.031289
0.031302
0.031302
0.031252
0.031252
0.031252
0.031252
0.031252
0.031252
0.031252
0.031252
0.031268
0.031232
0.031284
0.031284
0.031284
0.031300
0.031300
0.031300
0.031300
0.031300
0.031268
0.031268
0.031234
0.031234
0.031195
0.031224
0.031224
0.031224
0.031217
0.031217
0.031175
0.031192
0.031192
0.031192
0.031192
0.031192
0.031192
0.031192
0.031158
0.031158
0.031180
0.031180
0.031180
0.031180
0.031180
0.031180
0.031198
0.031198
0.031198
0.031198
0.031198
0.031198
0.031198
0.031198
0.031198
0.031198
0.031198
0.031160
0.031160
0.031160
0.031160
0.031179
0.031143
0.031112
0.031112
0.031112
0.031112
0.031112
0.031112
0.031112
0.031112
0.031071
0.031037
0.031037
0.031081
0.031081
0.031101
0.031067
0.031067
0.031067
0.031067
0.031024
0.031024
0.031064
0.031033
0.030994
0.030994
0.030994
0.030994
0.031026
0.031006
0.031006
0.031006
0.030999
0.030999
0.030999
0.030967
0.030967
0.030967
0.031045
0.031045
0.031045
0.031003
0.030964
0.030987
0.030987
0.030987
0.031018
0.031021
0.030957
0.030919
0.030919
0.030919
0.030919
0.030919
0.030919
0.030919
0.030882
0.030906
0.030906
0.030906
0.030906
0.030906
0.030906
0.030906
0.030906
0.030906
0.030906
0.030906
0.030906
0.030906
0.030821
0.030821
0.030863
0.030863
0.030863
0.030863
0.030863
0.030863
0.030863
0.030863
0.030869
0.030869
0.030869
0.030828
0.030854
0.030854
0.030854
0.030854
0.030854
0.030854
0.030816
0.030837
0.030805
0.030741
0.030741
0.030741
0.030741
0.030711
0.030731
0.030731
0.030763
0.030813
0.030813
0.030813
0.030781
0.030781
0.030781
0.030743
0.030743
0.030743
0.030743
0.030743
0.030770
0.030770
0.030770
0.030734
0.030734
0.030734
0.030734
0.030734
0.030698
0.030698
0.030698
0.030698
0.030698
0.030698
0.030698
0.030688
0.030688
0.030649
0.030673
0.030674
0.030674
0.030674
0.030674
0.030642
0.030606
0.030606
0.030606
0.030639
0.030639
0.030639
0.030639
0.030639
0.030634
0.030597
0.030597
0.030530
0.030537
0.030537
0.030537
0.030537
0.030537
0.030508
0.030508
0.030508
0.030473
0.030473
0.030473
0.030445
0.030410
0.030373
0.030373
0.030403
0.030438
0.030393
0.030393
0.030393
0.030393
0.030393
0.030352
0.030314
0.030314
0.030279
0.030279
0.030279
0.030286
0.030254
0.030216
0.030216
0.030284
0.030284
0.030243
0.030243
0.030243
0.030208
0.030172
0.030172
0.030172
0.030171
0.030171
0.030171
0.030171
0.030171
0.030171
0.030101
0.030101
0.030101
0.030065
0.030065
0.030028
0.030028
0.030028
0.030028
0.030028
0.030028
0.030028
0.029992
0.029992
0.029992
0.029992
0.029964
0.029964
0.029964
0.029971
0.029939
0.029939
0.029875
0.029839
0.029805
0.029805
0.029770
0.029803
0.029803
0.029803
0.029803
0.029803
0.029803
0.029803
0.029769
0.029769
0.029736
0.029736
0.029729
0.029657
0.029627
0.029627
0.029627
0.029627
0.029627
0.029627
0.029627
0.029627
0.029627
0.029592
0.029592
0.029592
0.029592
0.029592
0.029558
0.029558
0.029558
0.029558
0.029558
0.029558
0.029558
0.029530
0.029530
0.029493
0.029493
0.029493
0.029493
0.029431
0.029431
0.029431
0.029431
0.029431
0.029398
0.029398
0.029363
0.029363
0.029334
0.029334
0.029301
0.029301
0.029301
0.029264
0.029264
0.029238
0.029238
0.029204
0.029204
0.029211
0.029211
0.029211
0.029211
0.029211
0.029211
0.029211
0.029178
0.029178
0.029178
0.029178
0.029178
0.029178
0.029145
0.029112
0.029112
0.029112
0.029112
0.029112
0.029112
0.029052
0.029052
0.029052
0.029017
0.029017
0.029017
0.029017
0.029017
0.028986
0.028953
0.028953
0.028953
0.028953
0.028919
0.028891
0.028891
0.028918
0.028918
0.028918
0.028918
0.028891
0.028891
0.028891
0.028891
0.028849
0.028818
0.028760
0.028702
0.028702
0.028696
0.028666
0.028666
0.028630
0.028630
0.028603
0.028603
0.028561
0.028561
0.028561
0.028561
0.028561
0.028561
0.028571
0.028605
0.028605
0.028605
0.028605
0.028605
0.028605
0.028537
0.028537
0.028537
0.028509
0.028509
0.028502
0.028448
0.028441
0.028482
0.028482
0.028447
0.028415
0.028415
0.028374
0.028346
0.028346
0.028381
0.028381
0.028346
0.028346
0.028382
0.028409
0.028409
0.028409
0.028382
0.028356
0.028356
0.028356
0.028329
0.028329
0.028298
0.028268
0.028268
0.028268
0.028268
0.028224
0.028224
0.028224
0.028224
0.028224
0.028208
0.028244
0.028244
0.028181
0.028181
0.028181
0.028181
0.028181
0.028208
0.028185
0.028155
0.028155
0.028155
0.028180
0.028154
0.028154
0.028154
0.028154
0.028127
0.028091
0.028055
0.028055
0.028083
0.028048
0.028048
0.028048
0.028084
0.028084
0.028084
0.028084
0.028118
0.028111
0.028111
0.028081
0.028061
0.027991
0.027955
0.027955
0.027955
0.027990
0.027990
0.027979
0.027979
0.027979
0.027979
0.027979
0.027950
0.027913
0.027863
0.027838
0.027838
0.027838
0.027838
0.027838
0.027838
0.027838
0.027838
0.027838
0.027838
0.027809
0.027809
0.027809
0.027790
0.027790
0.027790
0.027790
0.027790
0.027790
0.027790
0.027790
0.027790
0.027790
0.027790
0.027790
0.027754
0.027754
0.027754
0.027754
0.027719
0.027725
0.027725
0.027725
0.027725
0.027725
0.027725
0.027725
0.027725
0.027693
0.027693
0.027693
0.027664
0.027664
0.027649
0.027642
0.027642
0.027642
0.027635
0.027635
0.027633
0.027633
0.027633
0.027633
0.027633
0.027605
0.027605
0.027569
0.027535
0.027535
0.027535
0.027535
0.027535
0.027535
0.027533
0.027533
0.027533
0.027533
0.027533
0.027533
0.027533
0.027533
0.027497
0.027497
0.027497
0.027497
0.027475
0.027475
0.027475
0.027464
0.027464
0.027436
0.027436
0.027436
0.027436
0.027400
0.027400
0.027400
0.027400
0.027400
0.027400
0.027364
0.027364
0.027364
0.027364
0.027371
0.027371
0.027371
0.027371
0.027371
0.027371
0.027371
0.027371
0.027371
0.027371
0.027371
0.027371
0.027371
0.027371
0.027371
0.027371
0.027371
0.027371
0.027364
0.027364
0.027364
0.027364
0.027364
0.027339
0.027339
0.027336
0.027329
0.027329
0.027329
0.027329
0.027329
0.027329
0.027329
0.027329
0.027329
0.027270
0.027270
0.027270
0.027270
0.027270
0.027270
0.027270
0.027270
0.027241
0.027241
0.027241
0.027241
0.027241
0.027206
0.027206
0.027206
0.027206
0.027206
0.027206
0.027241
0.027241
0.027241
0.027241
0.027241
0.027206
0.027206
0.027206
0.027206
0.027206
0.027206
0.027206
0.027206
0.027206
0.027213
0.027213
0.027213
0.027213
0.027213
0.027196
0.027196
0.027196
0.027196
0.027194
0.027194
0.027176
0.027176
0.027176
0.027176
0.027141
0.027141
0.027134
0.027134
0.027134
0.027134
0.027134
0.027156
0.027156
0.027156
0.027156
0.027134
0.027134
0.027134
0.027134
0.027134
0.027134
0.027134
0.027134
0.027134
0.027134
0.027099
0.027099
0.027099
0.027099
0.027099
0.027134
0.027134
0.027134
0.027134
0.027134
0.027134
0.027134
0.027134
0.027099
0.027099
0.027099
0.027099
0.027099
0.027099
0.027099
0.027099
0.027134
0.027134
0.027134
0.027134
0.027134
0.027099
0.027099
0.027064
0.027064
0.027070
0.027070
0.027070
0.027070
0.027106
0.027106
0.027078
0.027078
0.027079
0.027038
0.026968
0.027009
0.027009
0.027009
0.027011
0.027011
0.027011
0.027011
0.027011
0.027004
0.026964
0.026964
0.026964
0.026964
0.026964
0.026964
0.027004
0.027004
0.027004
0.027004
0.027004
0.027004
0.027004
0.027004
0.026964
0.026964
0.026964
0.026966
0.026966
0.026966
0.027007
0.027007
0.027007
0.027007
0.027007
0.027007
0.027007
0.026966
0.026916
0.026916
0.026916
0.026916
0.026916
0.026916
0.026916
0.026957
0.026957
0.026957
0.026957
0.026957
0.026957
0.026916
0.026916
0.026916
0.026916
0.026916
0.026884
0.026849
0.026856
0.026856
0.026897
0.026897
0.026897
0.026897
0.026891
0.026891
0.026878
0.026844
0.026844
0.026844
0.026844
0.026844
0.026802
0.026802
0.026802
0.026802
0.026802
0.026802
0.026802
0.026837
0.026837
0.026837
0.026837
0.026802
0.026802
0.026802
0.026802
0.026802
0.026802
0.026802
0.026802
0.026802
0.026802
0.026802
0.026802
0.026802
0.026802
0.026802
0.026802
0.026767
0.026767
0.026767
0.026767
0.026767
0.026767
0.026767
0.026767
0.026767
0.026739
0.026739
0.026739
0.026739
0.026739
0.026739
0.026739
0.026739
0.026726
0.026726
0.026726
0.026726
0.026734
0.026741
0.026741
0.026709
0.026709
0.026709
0.026709
0.026709
0.026709
0.026709
0.026709
0.026702
0.026702
0.026702
0.026702
0.026702
0.026702
0.026702
0.026702
0.026702
0.026702
0.026702
0.026702
0.026702
0.026702
0.026702
0.026702
0.026702
0.026702
0.026702
0.026702
0.026702
0.026702
0.026702
0.026702
0.026702
0.026702
0.026702
0.026702
0.026702
0.026702
0.026702
0.026702
0.026702
0.026702
0.026724
0.026724
0.026724
0.026689
0.026689
0.026689
0.026689
0.026689
0.026689
0.026689
0.026689
0.026689
0.026724
0.026724
0.026724
0.026731
0.026731
0.026696
0.026696
0.026696
0.026696
0.026696
0.026696
0.026696
0.026696
0.026696
0.026731
0.026731
0.026731
0.026731
0.026731
0.026731
0.026696
0.026689
0.026689
0.026689
0.026689
0.026689
0.026689
0.026724
0.026724
0.026695
0.026695
0.026695
