2.160397
2.033721
1.926986
1.863897
1.836499
1.828009
1.826598
1.826750
1.826745
1.826306
1.825544
1.824767
1.824459
1.823933
1.823233
1.822464
1.821787
1.821296
1.820681
1.819717
1.818690
1.817467
1.816216
1.814789
1.813564
1.812199
1.810878
1.809566
1.808042
1.806322
1.804892
1.803494
1.801762
1.800017
1.798235
1.796404
1.794636
1.792865
1.791175
1.789423
1.787705
1.786124
1.784988
1.783503
1.781989
1.780324
1.778542
1.776858
1.775045
1.773247
1.771577
1.769679
1.768400
1.766671
1.764904
1.763158
1.761213
1.759375
1.757439
1.755686
1.753837
1.752020
1.750059
1.748303
1.746678
1.744933
1.743018
1.741111
1.739117
1.737494
1.735697
1.733900
1.732014
1.729916
1.727751
1.725502
1.723233
1.721050
1.718965
1.717028
1.715260
1.713165
1.710786
1.708868
1.706930
1.705165
1.703389
1.701640
1.699752
1.698000
1.696482
1.694856
1.692655
1.690883
1.689277
1.687648
1.686206
1.684802
1.683553
1.682174
1.680966
1.679691
1.678213
1.676147
1.674723
1.673197
1.671444
1.669652
1.668176
1.666312
1.664751
1.662856
1.661444
1.659823
1.658136
1.656254
1.654900
1.653390
1.652003
1.650918
1.649928
1.648952
1.648031
1.647080
1.646120
1.645260
1.644111
1.643136
1.641827
1.640488
1.638607
1.636762
1.634894
1.632811
1.631070
1.628586
1.626770
1.625090
1.623395
1.621644
1.619933
1.618251
1.616581
1.614882
1.613543
1.612347
1.611503
1.610417
1.609628
1.608973
1.608159
1.607536
1.606047
1.605157
1.603810
1.602237
1.600283
1.598755
1.597136
1.595565
1.594153
1.592963
1.591908
1.591009
1.590319
1.590015
1.589308
1.588647
1.588176
1.587814
1.587114
1.586790
1.586150
1.585420
1.584533
1.583419
1.582128
1.580674
1.579481
1.578206
1.577158
1.576078
1.575223
1.574620
1.574156
1.574300
1.573684
1.573244
1.572797
1.572144
1.571465
1.570666
1.569738
1.568715
1.567725
1.566649
1.565685
1.564901
1.563950
1.563138
1.562463
1.561636
1.560894
1.560251
1.559640
1.558822
1.558195
1.557328
1.556377
1.554933
1.553249
1.551724
1.549836
1.548019
1.546203
1.544764
1.544116
1.543193
1.542203
1.541536
1.541217
1.540637
1.540041
1.539585
1.538671
1.538201
1.537255
1.536184
1.535090
1.533890
1.532600
1.531094
1.529897
1.528810
1.527740
1.526630
1.525554
1.524529
1.523278
1.522075
1.520974
1.519833
1.518585
1.517027
1.515058
1.513124
1.511244
1.509543
1.507499
1.505961
1.504642
1.503329
1.501880
1.500472
1.499440
1.498619
1.497645
1.496683
1.496235
1.495160
1.493973
1.492925
1.491617
1.490744
1.489832
1.488874
1.488069
1.487316
1.487044
1.486430
1.485820
1.485549
1.484850
1.484214
1.483705
1.483200
1.482681
1.482068
1.481240
1.480082
1.479134
1.478369
1.477779
1.477079
1.476310
1.475633
1.475233
1.474836
1.474782
1.474571
1.474316
1.474210
1.474271
1.473990
1.474077
1.474312
1.474000
1.473244
1.473000
1.472632
1.472045
1.471179
1.470849
1.470827
1.470302
1.469829
1.469810
1.469994
1.469883
1.469569
1.468940
1.468571
1.468523
1.468345
1.467810
1.466445
1.465640
1.465055
1.465014
1.464248
1.463179
1.462478
1.462374
1.462470
1.462094
1.461633
1.461360
1.461432
1.461701
1.461532
1.461080
1.460601
1.460354
1.459947
1.459903
1.459190
1.458260
1.457259
1.456910
1.456345
1.456111
1.455973
1.455505
1.454937
1.454600
1.454658
1.455020
1.455331
1.455074
1.454534
1.454088
1.453893
1.453589
1.453403
1.453121
1.452121
1.451254
1.449867
1.449074
1.448683
1.448604
1.448552
1.448163
1.447621
1.447034
1.446786
1.446761
1.447149
1.447053
1.446292
1.445163
1.443757
1.442821
1.441953
1.441497
1.441233
1.440679
1.439841
1.439287
1.438448
1.438807
1.440072
1.442029
1.443544
1.444063
1.443878
1.443066
1.442062
1.441227
1.440622
1.440096
1.439003
1.437856
1.436923
1.436350
1.435770
1.435524
1.434720
1.433572
1.432259
1.431045
1.430189
1.430052
1.429610
1.428291
1.427625
1.427503
1.427848
1.428180
1.428098
1.428259
1.428817
1.428974
1.428928
1.428893
1.428585
1.428285
1.427964
1.427706
1.427542
1.426979
1.426564
1.425948
1.425247
1.424880
1.424603
1.424503
1.424504
1.424468
1.424102
1.423925
1.423755
1.423330
1.423582
1.423132
1.422674
1.422344
1.421961
1.421575
1.421165
1.420928
1.420616
1.420500
1.420555
1.420387
1.419998
1.419479
1.418837
1.418071
1.417566
1.417013
1.416402
1.415929
1.415403
1.414899
1.414335
1.413790
1.413270
1.412822
1.412407
1.411878
1.411224
1.410730
1.410067
1.409631
1.409045
1.408563
1.407923
1.407242
1.406616
1.406319
1.406095
1.406172
1.407111
1.408901
1.410689
1.411829
1.412421
1.412389
1.411575
1.410580
1.408938
1.407393
1.405970
1.404618
1.403455
1.402031
1.400837
1.399417
1.398740
1.399209
1.400187
1.401842
1.403372
1.405042
1.406400
1.407587
1.407851
1.407462
1.406336
1.405035
1.403696
1.401997
1.400467
1.399009
1.397286
1.395737
1.394107
1.392567
1.391211
1.389843
1.388269
1.387077
1.385826
1.384643
1.383723
1.382915
1.382526
1.382338
1.382159
1.382178
1.382376
1.382489
1.382541
1.382438
1.382010
1.381311
1.380340
1.378783
1.376988
1.375147
1.373194
1.371149
1.369182
1.367263
1.365603
1.364217
1.363221
1.362510
1.361831
1.361349
1.361066
1.360527
1.360266
1.359587
1.358731
1.357566
1.356254
1.354642
1.353180
1.351590
1.349848
1.348307
1.346238
1.344256
1.342646
1.341380
1.340141
1.338848
1.337651
1.336557
1.335537
1.334025
1.332439
1.330514
1.328678
1.326627
1.324514
1.322633
1.320595
1.318655
1.316816
1.314790
1.312713
1.310851
1.308616
1.306629
1.304571
1.302532
1.300346
1.298307
1.296397
1.294592
1.292908
1.291417
1.289891
1.288164
1.286551
1.285109
1.283256
1.281276
1.279135
1.277231
1.275057
1.272942
1.271047
1.268861
1.266848
1.264866
1.262773
1.260724
1.258695
1.256583
1.254545
1.252590
1.250609
1.248506
1.246546
1.244610
1.242789
1.240822
1.238861
1.236859
1.234765
1.232643
1.230563
1.228516
1.226504
1.224478
1.222241
1.220152
1.218065
1.215934
1.213806
1.211785
1.209770
1.207773
1.205585
1.203593
1.201529
1.199672
1.197680
1.195575
1.193377
1.191140
1.189206
1.187191
1.185058
1.182962
1.180906
1.178875
1.176785
1.174662
1.172620
1.170596
1.168545
1.166689
1.164684
1.162699
1.160871
1.158894
1.156912
1.155104
1.153212
1.151210
1.149271
1.147221
1.145385
1.143519
1.141575
1.139820
1.137934
1.135989
1.134107
1.132268
1.130564
1.128745
1.127194
1.125718
1.124080
1.122410
1.120703
1.118982
1.117292
1.115647
1.114109
1.112398
1.110743
1.109225
1.107698
1.106361
1.104664
1.103240
1.101767
1.100224
1.098819
1.097469
1.096111
1.094852
1.093530
1.092300
1.090929
1.089689
1.088547
1.087264
1.086036
1.084638
1.083555
1.082131
1.081027
1.080012
1.078915
1.077980
1.076972
1.076099
1.075217
1.074270
1.073302
1.072365
1.071531
1.070593
1.069708
1.068834
1.068052
1.067202
1.066377
1.065661
1.065064
1.064408
1.063690
1.063093
1.062425
1.061767
1.061181
1.060625
1.060034
1.059604
1.058934
1.058433
1.057923
1.057343
1.056857
1.056454
1.055976
1.055554
1.055219
1.054836
1.054458
1.054116
1.053824
1.053527
1.053205
1.052804
1.052508
1.052187
1.051933
1.051511
1.051354
1.051016
1.050756
1.050598
1.050352
1.050168
1.049931
1.049811
1.049654
1.049473
1.049394
1.049363
1.049203
1.049029
1.048858
1.048855
1.048796
1.048663
1.048642
1.048643
1.048351
1.048380
1.048366
1.048264
1.048273
1.048319
1.048353
1.048208
1.048307
1.048360
1.048311
1.048321
1.048432
1.048479
1.048537
1.048557
1.048678
1.048714
1.048847
1.048868
1.048923
1.049044
1.049154
1.049312
1.049385
1.049565
1.049744
1.049853
1.049986
1.050121
1.050207
1.050435
1.050480
1.050734
1.050914
1.051031
1.051140
1.051220
1.051438
1.051614
1.051879
1.051987
1.052213
1.052467
1.052668
1.052865
1.053076
1.053230
1.053395
1.053590
1.053869
1.053941
1.054199
1.054305
1.054524
1.054847
1.055055
1.055174
1.055501
1.055644
1.055890
1.056118
1.056213
1.056396
1.056592
1.056693
1.056862
1.057037
1.057176
1.057449
1.057555
1.057725
1.057983
1.058064
1.058276
1.058462
1.058575
1.058695
1.058876
1.059035
1.059162
1.059212
1.059368
1.059465
1.059681
1.059820
1.059905
1.060042
1.060296
1.060447
1.060520
1.060506
1.060621
1.060820
1.060871
1.061038
1.061145
1.061262
1.061468
1.061541
1.061591
1.061686
1.061806
1.061930
1.062139
1.062100
1.062240
1.062515
1.062493
1.062661
1.062799
1.062822
1.062931
1.063113
1.063090
1.063183
1.063292
1.063386
1.063465
1.063607
1.063639
1.063800
1.063769
1.063925
1.064102
1.064219
1.064303
1.064256
1.064414
1.064509
1.064559
1.064690
1.064805
1.064844
1.064951
1.064978
1.065116
1.065162
1.065230
1.065367
1.065416
1.065457
1.065530
1.065590
1.065644
1.065768
1.065737
1.065849
1.065831
1.065920
1.066001
1.065950
1.066101
1.066142
1.066259
1.066355
1.066386
1.066337
1.066473
1.066547
1.066587
1.066598
1.066614
1.066701
1.066716
1.066809
1.066805
1.066934
1.066835
1.066925
1.067004
1.067007
1.067005
1.067038
1.067093
1.067092
1.067123
1.067225
1.067174
1.067190
1.067200
1.067247
1.067293
1.067274
1.067331
1.067348
1.067397
1.067371
1.067368
1.067421
1.067401
1.067352
1.067514
1.067559
1.067515
1.067584
1.067541
1.067508
1.067474
1.067543
1.067584
1.067584
1.067678
1.067635
1.067655
1.067703
1.067592
1.067597
1.067596
1.067692
1.067695
1.067693
1.067792
1.067814
1.067799
1.067800
1.067760
1.067761
1.067804
1.067774
1.067778
1.067761
1.067861
1.067811
1.067752
1.067801
1.067850
1.067899
1.067853
1.067944
1.067937
1.067947
1.067852
1.067853
1.067849
1.067868
1.067905
1.067904
1.067919
1.067949
1.067948
1.068011
1.068062
1.068063
1.068063
1.068018
1.068040
1.068048
1.068000
1.068102
1.068110
1.068062
1.068124
1.068125
1.068176
1.068229
1.068179
1.068182
1.068196
1.068248
1.068176
1.068260
1.068262
1.068337
1.068403
1.068360
1.068408
1.068412
1.068478
1.068480
1.068444
1.068455
1.068430
1.068528
1.068533
1.068559
1.068609
1.068573
1.068641
1.068741
1.068793
1.068842
1.068711
1.068812
1.068776
1.068779
1.068829
1.068879
1.068832
1.068851
1.068853
1.068866
1.068964
1.069040
1.069064
1.069033
1.069135
1.069135
1.069197
1.069165
1.069252
1.069298
1.069320
1.069270
1.069237
1.069290
1.069391
1.069407
1.069407
1.069462
1.069482
1.069507
1.069660
1.069655
1.069658
1.069691
1.069609
1.069682
1.069687
1.069737
1.069785
1.069738
1.069788
1.069789
1.069842
1.069865
1.069888
1.069888
1.069941
1.069945
1.070017
1.070113
1.070118
1.070128
1.070100
1.070106
1.070131
1.070131
1.070195
1.070245
1.070245
1.070349
1.070381
1.070401
1.070424
1.070475
1.070530
1.070580
1.070609
1.070634
1.070631
1.070682
1.070682
1.070656
1.070711
1.070761
1.070761
1.070817
1.070826
1.070826
1.070880
1.070931
1.070910
1.071010
1.071088
1.071138
1.071139
1.071089
1.071156
1.071130
1.071131
1.071183
1.071183
1.071230
1.071234
1.071239
1.071289
1.071277
1.071364
1.071368
1.071415
1.071415
1.071416
1.071466
1.071466
1.071466
1.071443
1.071495
1.071571
1.071579
1.071579
1.071629
1.071626
1.071726
1.071777
1.071777
1.071777
1.071827
1.071747
1.071720
1.071770
1.071782
1.071832
1.071833
1.071883
1.071880
1.071930
1.071930
1.072032
1.071982
1.072030
1.071982
1.071982
1.071986
1.071986
1.071986
1.071988
1.072037
1.072084
1.072134
1.072134
1.072184
1.072186
1.072213
1.072168
1.072218
1.072208
1.072258
1.072231
1.072231
1.072233
1.072280
1.072280
1.072282
1.072291
1.072293
1.072316
1.072316
1.072320
1.072320
1.072392
1.072442
1.072442
1.072489
1.072491
1.072499
1.072501
1.072547
1.072547
1.072547
1.072549
1.072549
1.072599
1.072649
1.072599
1.072604
1.072600
1.072600
1.072650
1.072627
1.072677
1.072777
1.072777
1.072777
1.072734
1.072668
1.072670
1.072791
1.072791
1.072794
1.072841
1.072837
1.072837
1.072887
1.072937
1.072896
1.072948
1.072997
1.072993
1.072993
1.072993
1.072993
1.072973
1.072980
1.072980
1.072976
1.072935
1.072932
1.072932
1.072954
1.073000
1.072978
1.072978
1.072978
1.072974
1.073024
1.073024
1.072980
1.072935
1.072935
1.072915
1.073015
1.073014
1.073061
1.073061
1.073110
1.073210
1.073210
1.073166
1.073188
1.073238
1.073238
1.073193
1.073196
1.073196
1.073192
1.073190
1.073237
1.073237
1.073248
1.073225
1.073275
1.073324
1.073324
1.073282
1.073232
1.073276
1.073280
1.073330
1.073380
1.073382
1.073343
1.073343
1.073339
1.073337
1.073342
1.073394
1.073394
1.073391
1.073391
1.073363
1.073413
1.073463
1.073463
1.073406
1.073424
1.073380
1.073479
1.073482
1.073482
1.073532
1.073532
1.073528
1.073528
1.073528
1.073528
1.073628
1.073583
1.073546
1.073540
1.073540
1.073490
1.073512
1.073514
1.073514
1.073499
1.073549
1.073551
1.073551
1.073551
1.073551
1.073551
1.073551
1.073514
1.073611
1.073643
1.073643
1.073598
1.073648
1.073598
1.073623
1.073623
1.073673
1.073669
1.073719
1.073717
1.073717
1.073672
1.073672
1.073772
1.073736
1.073736
1.073733
1.073783
1.073783
1.073833
1.073833
1.073788
1.073788
1.073860
1.073860
1.073863
1.073863
1.073860
1.073860
1.073858
1.073858
1.073852
1.073850
1.073866
1.073866
1.073866
1.073866
1.073864
1.073914
1.073911
1.073911
1.073894
1.073849
1.073899
1.073921
1.073971
1.073971
1.073971
1.073971
1.073971
1.073971
1.073971
1.073979
1.073976
1.073976
1.073976
1.073894
1.073894
1.073894
1.073894
1.073894
1.073894
1.073993
1.073993
1.073949
1.073949
1.073949
1.073946
1.073946
1.074018
1.074018
1.074065
1.074065
1.074065
1.074065
1.074071
1.074071
1.074071
1.074064
1.074064
1.074064
1.074114
1.074163
1.074163
1.074163
1.074133
1.074183
1.074183
1.074138
1.074112
1.074115
1.074165
1.074165
1.074165
1.074165
1.074162
1.074162
1.074162
1.074147
1.074147
1.074150
1.074177
1.074177
1.074177
1.074177
1.074177
1.074177
1.074177
1.074175
1.074175
1.074175
1.074175
1.074224
1.074274
1.074274
1.074230
1.074230
1.074230
1.074230
1.074230
1.074180
1.074180
1.074130
1.074230
1.074230
1.074230
1.074252
1.074252
1.074249
1.074249
1.074249
1.074204
1.074204
1.074202
1.074252
1.074252
1.074252
1.074252
1.074252
1.074252
1.074252
1.074252
1.074252
1.074252
1.074252
1.074252
1.074324
1.074324
1.074324
1.074324
1.074329
1.074329
1.074327
1.074377
1.074377
1.074427
1.074427
1.074527
1.075527
1.083930
1.082622
1.092626
1.096661
1.110751
1.117475
1.127568
1.135076
1.143188
1.148895
1.155057
1.160110
1.164938
1.168911
1.171922
1.173906
1.174330
1.173332
1.171910
1.169482
1.167490
1.164869
1.162948
1.161209
1.159246
1.157161
1.155184
1.153011
1.150907
1.148783
1.146985
1.145169
1.143484
1.142034
1.140412
1.139198
1.137675
1.136138
1.134660
1.133040
1.131468
1.129837
1.128125
1.126624
1.124948
1.123267
1.121454
1.119893
1.118100
1.116429
1.113527
1.109243
1.102706
1.094253
1.084048
1.073060
1.061749
1.050355
1.039182
1.028404
1.017753
1.007620
0.998947
0.991912
0.986404
0.982326
0.979407
0.977483
0.976512
0.975916
0.975664
0.975632
0.975588
0.975391
0.974495
0.972851
0.970446
0.967653
0.964283
0.960979
0.957917
0.955177
0.953298
0.952219
0.951489
0.951142
0.950375
0.949214
0.947611
0.945817
0.943835
0.941910
0.939704
0.937511
0.935884
0.934365
0.933127
0.932058
0.930815
0.929627
0.928398
0.927259
0.925910
0.924372
0.922650
0.920739
0.918541
0.916015
0.913775
0.911197
0.908682
0.906448
0.903904
0.901540
0.899143
0.896792
0.894577
0.892306
0.889969
0.887944
0.885802
0.883456
0.881370
0.879087
0.877046
0.874717
0.872494
0.870339
0.868065
0.865940
0.863863
0.861874
0.859753
0.857815
0.855787
0.853700
0.851410
0.849247
0.847119
0.844980
0.842784
0.840619
0.838548
0.836342
0.834267
0.832055
0.829951
0.827726
0.825612
0.823924
0.821923
0.819968
0.817835
0.815775
0.813598
0.811482
0.809591
0.807566
0.805362
0.803286
0.801216
0.799126
0.797248
0.795278
0.793317
0.791210
0.789395
0.787421
0.785533
0.783569
0.781788
0.779788
0.777880
0.775865
0.773928
0.771927
0.770077
0.768337
0.766500
0.764645
0.762875
0.761048
0.759167
0.757476
0.755540
0.753832
0.752211
0.750515
0.748672
0.747040
0.745338
0.743842
0.742146
0.740507
0.738740
0.737001
0.735403
0.733601
0.731838
0.730231
0.728419
0.726775
0.725118
0.723496
0.722178
0.720704
0.719151
0.717570
0.715882
0.714151
0.712524
0.710898
0.709189
0.707446
0.705897
0.704214
0.702421
0.700778
0.699222
0.697498
0.696130
0.694586
0.693170
0.691556
0.690062
0.688669
0.687123
0.685863
0.684542
0.683185
0.681668
0.680191
0.678780
0.677446
0.676038
0.674737
0.673438
0.672591
0.671603
0.670649
0.669588
0.668646
0.667523
0.666462
0.665160
0.663984
0.662759
0.661597
0.660419
0.659209
0.658037
0.657024
0.655917
0.654900
0.653706
0.652794
0.651529
0.650298
0.648890
0.647493
0.646144
0.644804
0.643637
0.642613
0.641622
0.640582
0.639721
0.638709
0.637540
0.636748
0.635862
0.634870
0.633803
0.632876
0.632244
0.631385
0.630630
0.629818
0.628896
0.628050
0.627279
0.626336
0.625554
0.624767
0.623901
0.622987
0.622143
0.621248
0.620552
0.619821
0.619148
0.618334
0.617624
0.616853
0.615980
0.615182
0.614117
0.613268
0.612432
0.611524
0.610711
0.610047
0.609570
0.608884
0.608408
0.607897
0.607352
0.606690
0.606137
0.605578
0.605152
0.604470
0.603988
0.603461
0.603096
0.602658
0.602065
0.601631
0.601119
0.600547
0.600079
0.599608
0.599248
0.598654
0.598338
0.597804
0.597550
0.597125
0.596769
0.596237
0.595782
0.595242
0.594676
0.594137
0.593444
0.592886
0.592351
0.591918
0.591599
0.591392
0.591173
0.590968
0.590643
0.590295
0.589959
0.589617
0.589303
0.588915
0.588642
0.588398
0.588098
0.587825
0.587569
0.587324
0.586984
0.586759
0.586522
0.586171
0.585965
0.585668
0.585406
0.585259
0.584786
0.584587
0.584041
0.583597
0.583133
0.582795
0.582508
0.582252
0.582191
0.582064
0.581823
0.581683
0.581528
0.581392
0.581102
0.581123
0.580816
0.580629
0.580529
0.580502
0.580477
0.580206
0.580094
0.580012
0.579836
0.579618
0.579597
0.579428
0.579179
0.579049
0.578838
0.578592
0.578231
0.577935
0.577784
0.577662
0.577473
0.577581
0.577526
0.577587
0.577469
0.577367
0.577410
0.577402
0.577319
0.577221
0.577207
0.577056
0.577114
0.577043
0.577118
0.577079
0.576980
0.576957
0.576933
0.576868
0.576556
0.576417
0.576283
0.576104
0.575910
0.575863
0.575914
0.575971
0.576025
0.576012
0.576075
0.576075
0.576076
0.576108
0.576067
0.576086
0.576058
0.576157
0.576204
0.576219
0.576143
0.576005
0.575855
0.575880
0.575699
0.575604
0.575321
0.575278
0.575150
0.575198
0.575288
0.575251
0.575352
0.575423
0.575364
0.575410
0.575416
0.575288
0.575377
0.575305
0.575198
0.575175
0.574937
0.574744
0.574630
0.574437
0.574284
0.574126
0.574075
0.574077
0.573987
0.573918
0.573879
0.573799
0.573850
0.573719
0.573734
0.573572
0.573434
0.573312
0.573128
0.572950
0.572786
0.572617
0.572360
0.572147
0.572074
0.571928
0.571710
0.571714
0.571502
0.571415
0.571323
0.571239
0.571063
0.570812
0.570663
0.570586
0.570277
0.569988
0.569885
0.569562
0.569342
0.569238
0.568985
0.568781
0.568526
0.568378
0.568166
0.568060
0.567759
0.567651
0.567457
0.567218
0.567017
0.566569
0.566016
0.565271
0.564828
0.564535
0.564275
0.564072
0.563785
0.563391
0.563061
0.562790
0.562710
0.562633
0.562507
0.562460
0.562387
0.562354
0.562328
0.562386
0.562270
0.562138
0.562032
0.561775
0.561599
0.561632
0.561443
0.561442
0.561421
0.561263
0.561144
0.561141
0.560889
0.560747
0.560479
0.560421
0.560145
0.560026
0.559688
0.559411
0.559302
0.558906
0.558578
0.558280
0.558164
0.557801
0.557708
0.557367
0.557011
0.556607
0.556233
0.556051
0.555755
0.555458
0.555401
0.555326
0.554986
0.554686
0.554379
0.554097
0.553763
0.553675
0.553412
0.553074
0.552840
0.552665
0.552402
0.552102
0.551874
0.551624
0.551542
0.551305
0.551005
0.550727
0.550632
0.550416
0.550166
0.550122
0.549913
0.549716
0.549274
0.548821
0.548554
0.547997
0.547089
0.546218
0.545593
0.545214
0.544687
0.544104
0.543530
0.543001
0.542504
0.541843
0.541305
0.541209
0.540969
0.540640
0.540394
0.540079
0.539962
0.539625
0.539397
0.539144
0.538889
0.538733
0.538543
0.538384
0.537977
0.537719
0.537560
0.537285
0.537197
0.536952
0.536640
0.536426
0.536091
0.535985
0.535737
0.535473
0.535217
0.535000
0.534703
0.534576
0.534426
0.534260
0.533998
0.533623
0.533322
0.533045
0.532858
0.532862
0.532555
0.532333
0.532278
0.531818
0.531222
0.530759
0.530272
0.529836
0.529367
0.528860
0.528314
0.527747
0.527445
0.526899
0.526416
0.525903
0.525502
0.524999
0.524424
0.523919
0.523527
0.522999
0.522576
0.522283
0.521771
0.521374
0.520933
0.520432
0.519894
0.519508
0.518899
0.518490
0.518063
0.517614
0.517127
0.516706
0.516141
0.515587
0.515037
0.514559
0.514031
0.513425
0.512885
0.512345
0.511799
0.511311
0.510783
0.510325
0.509846
0.509380
0.508941
0.508389
0.507969
0.507501
0.507020
0.506548
0.505842
0.505363
0.504902
0.504331
0.503870
0.503530
0.503051
0.502617
0.502048
0.501672
0.501059
0.500677
0.500105
0.499637
0.498944
0.498521
0.497868
0.497252
0.496864
0.496033
0.495330
0.494741
0.494158
0.493475
0.492956
0.492286
0.491639
0.490986
0.490272
0.489634
0.488771
0.488111
0.487467
0.486616
0.485987
0.485258
0.484751
0.484471
0.484191
0.483844
0.483682
0.483556
0.483429
0.483341
0.483251
0.482844
0.482631
0.482341
0.481970
0.481490
0.481076
0.480620
0.480211
0.479615
0.479113
0.478524
0.477965
0.477496
0.477077
0.476775
0.476342
0.476070
0.475407
0.474907
0.474361
0.473948
0.473510
0.472961
0.472239
0.471468
0.470509
0.469691
0.468830
0.467903
0.467135
0.466374
0.465531
0.464848
0.464237
0.463520
0.462976
0.462332
0.461768
0.461328
0.460948
0.460224
0.459430
0.458779
0.457900
0.457144
0.456211
0.455508
0.454720
0.454030
0.453323
0.452517
0.451932
0.451127
0.450448
0.449769
0.449112
0.448306
0.447659
0.446921
0.446257
0.445721
0.445408
0.445075
0.444792
0.444420
0.443868
0.443287
0.442548
0.442074
0.441394
0.440799
0.440160
0.439630
0.439027
0.438405
0.437857
0.437276
0.436625
0.435945
0.435311
0.434634
0.434030
0.433389
0.432893
0.432423
0.431832
0.431308
0.430613
0.430197
0.429617
0.428923
0.428496
0.427801
0.427245
0.426632
0.426077
0.425472
0.424741
0.424165
0.423546
0.422875
0.422331
0.421635
0.421123
0.420305
0.419759
0.419204
0.418578
0.417939
0.417211
0.416531
0.416007
0.415298
0.414586
0.413919
0.413259
0.412527
0.411938
0.411381
0.410729
0.410124
0.409629
0.409051
0.408317
0.407595
0.407064
0.406360
0.405701
0.405087
0.404490
0.403955
0.403218
0.402586
0.402050
0.401335
0.400853
0.400290
0.399683
0.399146
0.398605
0.398092
0.397423
0.396953
0.396487
0.396045
0.395461
0.394943
0.394503
0.393888
0.393336
0.392702
0.392317
0.391801
0.391258
0.390744
0.390301
0.389769
0.389182
0.388634
0.388166
0.387558
0.386978
0.386464
0.386037
0.385395
0.384875
0.384393
0.383779
0.383302
0.382466
0.381899
0.381228
0.380538
0.379870
0.378998
0.378296
0.377575
0.376839
0.376152
0.375352
0.374596
0.373669
0.372887
0.372131
0.371308
0.370412
0.369634
0.369126
0.368129
0.367293
0.366373
0.365462
0.364624
0.363764
0.362773
0.361871
0.360904
0.359968
0.358978
0.358016
0.356935
0.355922
0.355065
0.353911
0.352846
0.351833
0.350682
0.349447
0.348106
0.346900
0.345675
0.344313
0.343137
0.341804
0.340538
0.339339
0.338104
0.336909
0.335736
0.334478
0.333433
0.332231
0.330811
0.329525
0.328404
0.327217
0.326136
0.324986
0.323683
0.322472
0.321299
0.319996
0.318794
0.317601
0.316351
0.315119
0.314035
0.312809
0.311555
0.310512
0.309262
0.308102
0.306987
0.305886
0.304958
0.304029
0.303250
0.302448
0.301813
0.300981
0.300346
0.299755
0.299134
0.298336
0.297404
0.296381
0.295394
0.294381
0.293352
0.292413
0.291306
0.290364
0.289331
0.288489
0.287545
0.286613
0.285622
0.284607
0.283893
0.282959
0.282024
0.281134
0.280318
0.279586
0.279055
0.278576
0.278166
0.277627
0.277147
0.276641
0.276216
0.275761
0.275280
0.274711
0.274281
0.273793
0.273270
0.272657
0.272089
0.271413
0.270673
0.269911
0.269126
0.268343
0.267464
0.266496
0.265603
0.264839
0.264198
0.263669
0.263037
0.262593
0.261989
0.261328
0.260666
0.260050
0.259510
0.258936
0.258281
0.257519
0.256719
0.255810
0.254945
0.254105
0.253243
0.252307
0.251326
0.250522
0.249779
0.248994
0.248378
0.247688
0.247048
0.246335
0.245648
0.244931
0.244097
0.243352
0.242505
0.241635
0.240707
0.239815
0.238880
0.238009
0.237020
0.236117
0.235210
0.234431
0.233787
0.232994
0.232358
0.231554
0.230817
0.229975
0.229215
0.228517
0.227581
0.226659
0.225651
0.224624
0.223812
0.222904
0.221966
0.221053
0.220230
0.219384
0.218539
0.217775
0.217029
0.216320
0.215646
0.215033
0.214594
0.214084
0.213600
0.213114
0.212776
0.212467
0.212234
0.212029
0.211481
0.210635
0.209856
0.209006
0.208113
0.207261
0.206394
0.205501
0.204709
0.204011
0.203131
0.202269
0.201596
0.200856
0.200016
0.199169
0.198373
0.197527
0.196779
0.195943
0.195158
0.194395
0.193541
0.192895
0.192140
0.191710
0.191178
0.190471
0.189551
0.188823
0.187946
0.187243
0.186492
0.185683
0.184849
0.184090
0.183386
0.182587
0.181815
0.181264
0.180442
0.179699
0.178962
0.178254
0.177450
0.176648
0.175859
0.175122
0.174352
0.173655
0.172863
0.172123
0.171323
0.170622
0.169887
0.169132
0.168345
0.167560
0.166769
0.166029
0.165240
0.164514
0.163760
0.163062
0.162249
0.161466
0.160651
0.159892
0.159141
0.158387
0.157547
0.156856
0.156000
0.155248
0.154427
0.153679
0.152867
0.152186
0.151358
0.150611
0.149901
0.149091
0.148448
0.147947
0.147284
0.146614
0.145756
0.145014
0.144244
0.143548
0.142808
0.142138
0.141447
0.140733
0.139963
0.139207
0.138487
0.137956
0.137370
0.136867
0.136376
0.135881
0.135310
0.135000
0.134532
0.134057
0.133514
0.132856
0.132083
0.131346
0.130663
0.129950
0.129287
0.128568
0.128045
0.127426
0.126669
0.126033
0.125317
0.124683
0.124001
0.123394
0.122715
0.122083
0.121430
0.120769
0.120123
0.119453
0.118756
0.118162
0.117485
0.116851
0.116237
0.115599
0.114937
0.114306
0.113709
0.113155
0.112521
0.111920
0.111299
0.110618
0.110018
0.109388
0.108887
0.108238
0.107656
0.106996
0.106402
0.105735
0.105215
0.104539
0.104014
0.103376
0.102768
0.102199
0.101684
0.100982
0.100432
0.099836
0.099260
0.098625
0.098016
0.097373
0.096785
0.096205
0.095613
0.095089
0.094455
0.093924
0.093280
0.092728
0.092098
0.091449
0.090899
0.090338
0.089643
0.089112
0.088469
0.087891
0.087268
0.086627
0.086072
0.085544
0.084971
0.084286
0.083730
0.083109
0.082588
0.081959
0.081344
0.080825
0.080221
0.079654
0.079121
0.078611
0.078028
0.077507
0.076955
0.076392
0.075937
0.075334
0.074844
0.074359
0.073851
0.073316
0.072801
0.072263
0.071846
0.071359
0.070890
0.070429
0.069893
0.069553
0.069061
0.068585
0.068175
0.067734
0.067292
0.066942
0.066578
0.066148
0.065795
0.065310
0.064879
0.064542
0.064107
0.063790
0.063404
0.063027
0.062665
0.062331
0.061919
0.061684
0.061253
0.060922
0.060565
0.060242
0.059992
0.059579
0.059290
0.058964
0.058692
0.058403
0.058166
0.057832
0.057595
0.057343
0.057109
0.056856
0.056574
0.056381
0.056129
0.055816
0.055587
0.055358
0.055069
0.054767
0.054624
0.054339
0.054051
0.053855
0.053634
0.053438
0.053239
0.053126
0.052896
0.052707
0.052485
0.052332
0.052069
0.051871
0.051627
0.051453
0.051239
0.051059
0.050833
0.050662
0.050518
0.050388
0.050219
0.050113
0.049918
0.049736
0.049543
0.049440
0.049159
0.048948
0.048798
0.048680
0.048531
0.048383
0.048204
0.048030
0.047904
0.047822
0.047675
0.047540
0.047402
0.047240
0.047127
0.046965
0.046755
0.046625
0.046482
0.046368
0.046278
0.046142
0.046035
0.045886
0.045792
0.045633
0.045539
0.045337
0.045270
0.045134
0.045071
0.044913
0.044780
0.044656
0.044595
0.044488
0.044412
0.044283
0.044172
0.044106
0.043991
0.043824
0.043706
0.043614
0.043550
0.043464
0.043330
0.043249
0.043115
0.043034
0.042925
0.042860
0.042726
0.042713
0.042625
0.042515
0.042408
0.042400
0.042260
0.042214
0.042062
0.042045
0.041917
0.041792
0.041780
0.041699
0.041609
0.041609
0.041500
0.041488
0.041374
0.041340
0.041209
0.041156
0.041056
0.040954
0.040908
0.040799
0.040746
0.040599
0.040599
0.040502
0.040528
0.040422
0.040370
0.040320
0.040275
0.040172
0.040074
0.040062
0.039981
0.039920
0.039799
0.039788
0.039736
0.039646
0.039610
0.039464
0.039500
0.039418
0.039312
0.039277
0.039181
0.039183
0.039104
0.039046
0.039042
0.039001
0.038929
0.038916
0.038781
0.038713
0.038713
0.038579
0.038583
0.038551
0.038433
0.038433
0.038432
0.038384
0.038354
0.038323
0.038205
0.038175
0.038138
0.038108
0.037958
0.037958
0.037929
0.037844
0.037815
0.037748
0.037748
0.037622
0.037622
0.037595
0.037554
0.037475
0.037406
0.037371
0.037304
0.037304
0.037272
0.037246
0.037207
0.037168
0.037106
0.037039
0.037014
0.036903
0.036878
0.036878
0.036776
0.036697
0.036721
0.036721
0.036697
0.036630
0.036559
0.036483
0.036483
0.036369
0.036411
0.036352
0.036352
0.036286
0.036226
0.036226
0.036169
0.036124
0.036033
0.036033
0.036014
0.035930
0.035838
0.035838
0.035761
0.035724
0.035705
0.035659
0.035607
0.035607
0.035509
0.035476
0.035458
0.035412
0.035363
0.035363
0.035299
0.035299
0.035269
0.035232
0.035216
0.035138
0.035054
0.034996
0.034934
0.034934
0.034934
0.034840
0.034810
0.034749
0.034749
0.034737
0.034689
0.034677
0.034629
0.034606
0.034567
0.034485
0.034474
0.034377
0.034377
0.034351
0.034302
0.034302
0.034293
0.034234
0.034189
0.034131
0.034131
0.034149
0.034100
0.034067
0.034011
0.034011
0.034011
0.033916
0.033879
0.033846
0.033744
0.033777
0.033729
0.033724
0.033788
0.033739
0.033739
0.033735
0.033631
0.033559
0.033477
0.033412
0.033412
0.033438
0.033421
0.033421
0.033421
0.033336
0.033335
0.033335
0.033275
0.033168
0.033136
0.033087
0.033087
0.033087
0.033041
0.033109
0.033109
0.033109
0.033060
0.033064
0.033064
0.032969
0.032969
0.032966
0.032971
0.032923
0.032885
0.032885
0.032804
0.032804
0.032811
0.032764
0.032716
0.032703
0.032703
0.032703
0.032663
0.032663
0.032663
0.032663
0.032584
0.032570
0.032579
0.032579
0.032533
0.032526
0.032526
0.032560
0.032560
0.032488
0.032488
0.032488
0.032453
0.032375
0.032375
0.032375
0.032389
0.032389
0.032378
0.032378
0.032378
0.032378
0.032366
0.032274
0.032274
0.032291
0.032220
0.032216
0.032216
0.032171
0.032171
0.032171
0.032143
0.032143
0.032118
0.032118
0.032118
0.032118
0.032118
0.032118
0.032086
0.032043
0.032043
0.032005
0.032005
0.032026
0.032026
0.031987
0.031987
0.031987
0.031979
0.031940
0.031940
0.031940
0.031909
0.031832
0.031786
0.031809
0.031809
0.031799
0.031799
0.031799
0.031799
0.031759
0.031791
0.031791
0.031791
0.031791
0.031760
0.031721
0.031721
0.031721
0.031751
0.031751
0.031734
0.031734
0.031734
0.031734
0.031734
0.031751
0.031751
0.031751
0.031720
0.031682
0.031682
0.031682
0.031682
0.031682
0.031635
0.031619
0.031683
0.031683
0.031683
0.031678
0.031642
0.031642
0.031623
0.031553
0.031553
0.031553
0.031553
0.031528
0.031528
0.031529
0.031512
0.031551
0.031496
0.031457
0.031457
0.031457
0.031457
0.031489
0.031489
0.031489
0.031475
0.031475
0.031506
0.031506
0.031524
0.031524
0.031477
0.031444
0.031414
0.031440
0.031440
0.031414
0.031414
0.031374
0.031368
0.031368
0.031407
0.031407
0.031407
0.031407
0.031407
0.031407
0.031433
0.031394
0.031364
0.031332
0.031332
0.031367
0.031367
0.031367
0.031367
0.031367
0.031367
0.031367
0.031333
0.031333
0.031333
0.031333
0.031333
0.031286
0.031286
0.031256
0.031256
0.031256
0.031256
0.031256
0.031286
0.031256
0.031256
0.031226
0.031226
0.031226
0.031226
0.031187
0.031187
0.031187
0.031187
0.031187
0.031223
0.031189
0.031187
0.031226
0.031206
0.031206
0.031166
0.031166
0.031166
0.031136
0.031097
0.031097
0.031097
0.031097
0.031050
0.031050
0.031022
0.031022
0.031022
0.031059
0.031059
0.031106
0.031106
0.031059
0.031059
0.031059
0.031059
0.031059
0.031059
0.031059
0.031056
0.031056
0.031056
0.031056
0.031056
0.031056
0.031056
0.030987
0.030987
0.030987
0.030987
0.030987
0.030987
0.030987
0.031026
0.031068
0.031068
0.031068
0.031068
0.031029
0.030982
0.031029
0.031029
0.031029
0.031029
0.031029
0.031029
0.031067
0.031067
0.031067
0.031021
0.031021
0.031021
0.031021
0.031021
0.030991
0.030991
0.030991
0.030991
0.030964
0.030964
0.030964
0.030964
0.030964
0.030964
0.030964
0.030932
0.030932
0.030932
0.030932
0.030932
0.030932
0.030932
0.030932
0.030932
0.030932
0.030932
0.030932
0.030932
0.030932
0.030932
0.030932
0.030892
0.030846
0.030846
0.030846
0.030846
0.030846
0.030846
0.030846
0.030812
0.030838
0.030838
0.030838
0.030838
0.030808
0.030842
0.030842
0.030842
0.030831
0.030814
0.030798
0.030764
0.030764
0.030764
0.030781
0.030781
0.030781
0.030821
0.030821
0.030821
0.030821
0.030821
0.030821
0.030821
0.030804
0.030804
0.030804
0.030804
0.030804
0.030804
0.030821
0.030821
0.030821
0.030821
0.030821
0.030792
0.030792
0.030792
0.030792
0.030775
0.030758
0.030758
