1.534704
1.366902
1.209655
1.099011
1.036961
1.010391
1.002745
1.003475
1.004177
1.003825
1.002984
1.001771
1.000432
0.999269
0.998130
0.997078
0.995948
0.994462
0.993153
0.991619
0.990333
0.988852
0.987242
0.985732
0.984149
0.982760
0.981118
0.979237
0.977645
0.976245
0.975238
0.974259
0.973543
0.972953
0.972442
0.971841
0.971226
0.970705
0.969890
0.969116
0.968418
0.967541
0.966523
0.965119
0.963536
0.961420
0.959373
0.957279
0.954935
0.952766
0.950752
0.948510
0.946467
0.944228
0.942057
0.939919
0.937775
0.935327
0.933184
0.930882
0.928673
0.926420
0.924396
0.922198
0.920109
0.917810
0.915632
0.913237
0.910905
0.908505
0.906267
0.904016
0.901996
0.899607
0.897755
0.895630
0.893432
0.891434
0.889095
0.886866
0.884620
0.882427
0.880099
0.877764
0.875382
0.873141
0.870955
0.868523
0.866417
0.864031
0.861621
0.859350
0.856725
0.854296
0.852068
0.849669
0.847330
0.844776
0.842319
0.839752
0.837238
0.834645
0.832159
0.829611
0.827026
0.824299
0.821621
0.819078
0.816310
0.813639
0.811013
0.808283
0.805530
0.803114
0.800425
0.797940
0.795369
0.792775
0.790135
0.787474
0.785166
0.782764
0.780293
0.777577
0.775185
0.772552
0.770103
0.767376
0.764968
0.762447
0.759781
0.757246
0.754456
0.751850
0.749113
0.746249
0.743664
0.740925
0.738339
0.735511
0.733191
0.730627
0.727996
0.725168
0.722737
0.720248
0.717651
0.715187
0.712488
0.709938
0.707358
0.704870
0.702401
0.699957
0.697522
0.694910
0.692301
0.689764
0.687194
0.684662
0.681986
0.679464
0.676700
0.674252
0.671634
0.669239
0.666766
0.664372
0.661958
0.659608
0.657428
0.655190
0.652840
0.650531
0.648047
0.645583
0.643260
0.640852
0.638175
0.635868
0.633663
0.631343
0.629032
0.626744
0.624466
0.622274
0.620331
0.617978
0.616037
0.613948
0.611792
0.609705
0.607545
0.605505
0.603276
0.601298
0.599119
0.597099
0.595034
0.592996
0.590963
0.589113
0.587033
0.585040
0.582862
0.580935
0.578790
0.576695
0.574760
0.572763
0.570694
0.568986
0.566774
0.564742
0.562802
0.560766
0.558806
0.556793
0.554712
0.552736
0.550844
0.548915
0.546956
0.544891
0.542926
0.540996
0.539043
0.537275
0.535271
0.533308
0.531447
0.529462
0.527609
0.525716
0.523877
0.521890
0.520127
0.518204
0.516273
0.514478
0.512429
0.510365
0.508335
0.506054
0.504085
0.502156
0.500161
0.498079
0.495869
0.494047
0.492079
0.489920
0.488005
0.485860
0.483608
0.481835
0.479685
0.477466
0.475844
0.473554
0.471452
0.469122
0.466869
0.464790
0.462352
0.460053
0.457933
0.455768
0.453968
0.452092
0.450536
0.448868
0.447341
0.445730
0.444065
0.442462
0.440446
0.438449
0.436375
0.434379
0.432615
0.430439
0.428521
0.426687
0.424538
0.422508
0.420501
0.418274
0.416136
0.414163
0.411917
0.409647
0.407403
0.405362
0.403124
0.400802
0.398384
0.396136
0.394131
0.391837
0.389558
0.387406
0.385471
0.383259
0.380971
0.378899
0.376524
0.374224
0.371968
0.369681
0.367473
0.365274
0.362913
0.360798
0.358669
0.356427
0.354242
0.351944
0.349741
0.347588
0.345375
0.343294
0.341179
0.338716
0.336674
0.334405
0.332320
0.330496
0.328494
0.326121
0.324128
0.322157
0.320228
0.318093
0.316101
0.314005
0.311911
0.309784
0.307744
0.305540
0.303676
0.301410
0.299360
0.297267
0.295263
0.293201
0.291123
0.289096
0.287140
0.285146
0.283098
0.281145
0.279225
0.277269
0.275207
0.273364
0.271318
0.269418
0.267479
0.265550
0.263680
0.261895
0.260096
0.258271
0.256476
0.254868
0.253219
0.251445
0.249786
0.248184
0.246556
0.244910
0.243231
0.241668
0.239876
0.238302
0.236738
0.235178
0.233644
0.232100
0.230568
0.229147
0.227822
0.226210
0.224823
0.223465
0.221983
0.220581
0.219052
0.217684
0.216346
0.214901
0.213540
0.212189
0.210836
0.209446
0.208095
0.206826
0.205484
0.204157
0.202819
0.201490
0.200166
0.198973
0.197795
0.196509
0.195189
0.194089
0.192849
0.191679
0.190360
0.189152
0.187954
0.186680
0.185523
0.184345
0.182997
0.181822
0.180666
0.179610
0.178524
0.177318
0.176256
0.175164
0.173926
0.172976
0.171895
0.170762
0.169846
0.168860
0.167755
0.166734
0.165585
0.164500
0.163577
0.162485
0.161514
0.160609
0.159585
0.158515
0.157550
0.156504
0.155391
0.154306
0.153188
0.152317
0.151303
0.150414
0.149346
0.148463
0.147429
0.146485
0.145528
0.144586
0.143439
0.142484
0.141623
0.140780
0.139848
0.138915
0.138045
0.137085
0.136215
0.135306
0.134450
0.133628
0.132759
0.131783
0.130969
0.130084
0.129221
0.128349
0.127402
0.126547
0.125742
0.124891
0.124125
0.123308
0.122461
0.121612
0.120899
0.120012
0.119353
0.118519
0.117786
0.116969
0.116295
0.115420
0.114625
0.113932
0.113084
0.112359
0.111617
0.110790
0.110028
0.109407
0.108578
0.107771
0.107148
0.106497
0.105584
0.104939
0.104162
0.103571
0.102850
0.102068
0.101468
0.100686
0.099977
0.099113
0.098432
0.097693
0.097173
0.096478
0.095709
0.095002
0.094332
0.093745
0.092999
0.092367
0.091727
0.091082
0.090385
0.089740
0.089168
0.088567
0.087782
0.087297
0.086570
0.085992
0.085339
0.084610
0.083966
0.083426
0.082788
0.082091
0.081501
0.080959
0.080285
0.079763
0.079112
0.078703
0.078069
0.077424
0.076970
0.076359
0.075710
0.075292
0.074737
0.074056
0.073591
0.073073
0.072507
0.072069
0.071338
0.070877
0.070390
0.069833
0.069354
0.068938
0.068364
0.067974
0.067448
0.066976
0.066500
0.066071
0.065651
0.065188
0.064801
0.064384
0.063872
0.063411
0.063009
0.062546
0.062127
0.061712
0.061367
0.060861
0.060463
0.060144
0.059711
0.059346
0.059050
0.058753
0.058203
0.057901
0.057692
0.057272
0.056871
0.056656
0.056289
0.055920
0.055658
0.055295
0.055004
0.054573
0.054268
0.054019
0.053646
0.053400
0.053072
0.052815
0.052521
0.052228
0.051876
0.051692
0.051469
0.051214
0.050919
0.050612
0.050384
0.050182
0.049958
0.049620
0.049444
0.049319
0.049017
0.048776
0.048509
0.048348
0.048136
0.047857
0.047607
0.047437
0.047224
0.046994
0.046715
0.046571
0.046459
0.046159
0.046069
0.045776
0.045693
0.045610
0.045395
0.045166
0.044938
0.044835
0.044627
0.044500
0.044361
0.044127
0.043981
0.043826
0.043663
0.043541
0.043379
0.043203
0.043072
0.042921
0.042781
0.042610
0.042503
0.042427
0.042322
0.042217
0.042040
0.041861
0.041754
0.041731
0.041631
0.041447
0.041318
0.041324
0.041150
0.041003
0.040935
0.040840
0.040784
0.040618
0.040585
0.040438
0.040330
0.040141
0.040125
0.039954
0.039846
0.039777
0.039731
0.039599
0.039645
0.039417
0.039417
0.039306
0.039279
0.039102
0.039122
0.039047
0.038896
0.038801
0.038760
0.038675
0.038470
0.038370
0.038340
0.038305
0.038209
0.038120
0.038047
0.037997
0.037894
0.037898
0.037825
0.037704
0.037680
0.037579
0.037413
0.037362
0.037319
0.037279
0.037272
0.037249
0.037212
0.037067
0.037019
0.036975
0.036914
0.036871
0.036795
0.036715
0.036650
0.036556
0.036473
0.036507
0.036496
0.036453
0.036414
0.036365
0.036299
0.036288
0.036231
0.036149
0.036149
0.036098
0.036115
0.036026
0.036026
0.035868
0.035845
0.035795
0.035805
0.035811
0.035738
0.035765
0.035772
0.035691
0.035730
0.035657
0.035625
0.035538
0.035535
0.035504
0.035517
0.035528
0.035447
0.035406
0.035393
0.035406
0.035326
0.035302
0.035228
0.035245
0.035207
0.035160
0.035119
0.035081
0.035027
0.035027
0.034948
0.034935
0.034942
0.034905
0.034905
0.034824
0.034824
0.034824
0.034841
0.034834
0.034788
0.034748
0.034672
0.034651
0.034684
0.034577
0.034511
0.034449
0.034384
0.034391
0.034391
0.034385
0.034341
0.034375
0.034320
0.034272
0.034280
0.034278
0.034242
0.034227
0.034196
0.034157
0.034077
0.034033
0.034033
0.034055
0.034055
0.034020
0.034019
0.034019
0.033905
0.033851
0.033888
0.033811
0.033811
0.033811
0.033844
0.033900
0.033901
0.033858
0.033840
0.033800
0.033714
0.033675
0.033643
0.033643
0.033677
0.033635
0.033600
0.033570
0.033560
0.033568
0.033573
0.033542
0.033514
0.033449
0.033449
0.033457
0.033457
0.033466
0.033466
0.033476
0.033476
0.033407
0.033407
0.033435
0.033410
0.033410
0.033321
0.033370
0.033407
0.033366
0.033366
0.033333
0.033375
0.033337
0.033337
0.033337
0.033262
0.033195
0.033178
0.033178
0.033138
0.033151
0.033136
0.033128
0.033128
0.033094
0.033065
0.033065
0.033102
0.033058
0.033057
0.033057
0.033057
0.032998
0.032942
0.032926
0.032914
0.032907
0.032907
0.032869
0.032864
0.032833
0.032792
0.032789
0.032753
0.032750
0.032711
0.032711
0.032673
0.032673
0.032711
0.032710
0.032710
0.032674
0.032642
0.032642
0.032650
0.032614
0.032580
0.032544
0.032544
0.032544
0.032544
0.032544
0.032512
0.032477
0.032477
0.032467
0.032467
0.032435
0.032365
0.032326
0.032330
0.032290
0.032255
0.032255
0.032187
0.032187
0.032187
0.032187
0.032196
0.032156
0.032167
0.032173
0.032180
0.032180
0.032126
0.032102
0.032079
0.032079
0.032089
0.032089
0.032031
0.031991
0.031991
0.031968
0.031968
0.031968
0.031948
0.031948
0.031982
0.031986
0.031949
0.031930
0.031930
0.031930
0.031930
0.031956
0.031956
0.031888
0.031888
0.031888
0.031869
0.031803
0.031803
0.031772
0.031744
0.031744
0.031712
0.031712
0.031682
0.031652
0.031652
0.031612
0.031502
0.031493
0.031477
0.031440
0.031402
0.031438
0.031393
0.031389
0.031389
0.031356
0.031353
0.031424
0.031422
0.031382
0.031382
0.031280
0.031252
0.031282
0.031281
0.031249
0.031249
0.031215
0.031198
0.031198
0.031197
0.031157
0.031157
0.031126
0.031159
0.031132
0.031132
0.031062
0.031057
0.031057
0.031025
0.031025
0.030999
0.030948
0.030948
0.030948
0.030948
0.030948
0.030948
0.030948
0.030892
0.030892
0.030892
0.030831
0.030835
0.030835
0.030816
0.030823
0.030798
0.030806
0.030814
0.030823
0.030823
0.030833
0.030799
0.030779
0.030755
0.030682
0.030652
0.030652
0.030622
0.030633
0.030633
0.030667
0.030667
0.030643
0.030656
0.030656
0.030656
0.030623
0.030623
0.030623
0.030541
0.030511
0.030489
0.030502
0.030502
0.030502
0.030502
0.030502
0.030502
0.030502
0.030502
0.030502
0.030542
0.030521
0.030521
0.030410
0.030400
0.030354
0.030347
0.030339
0.030300
0.030294
0.030289
0.030289
0.030296
0.030292
0.030215
0.030212
0.030194
0.030164
0.030163
0.030089
0.030089
0.030088
0.030088
0.030088
0.030055
0.030035
0.030035
0.030005
0.029966
0.029966
0.029966
0.029966
0.029966
0.029966
0.029966
0.029966
0.029966
0.029966
0.029923
0.029905
0.029905
0.029905
0.029905
0.029905
0.029866
0.029866
0.029866
0.029866
0.029866
0.029866
0.029875
0.029879
0.029889
0.029895
0.029871
0.029854
0.029862
0.029810
0.029750
0.029781
0.029791
0.029791
0.029801
0.029758
0.029758
0.029756
0.029756
0.029725
0.029779
0.029779
0.029779
0.029788
0.029750
0.029746
0.029746
0.029746
0.029709
0.029709
0.029709
0.029709
0.029709
0.029709
0.029723
0.029723
0.029723
0.029760
0.029721
0.029721
0.029721
0.029721
0.029721
0.029684
0.029686
0.029654
0.029585
0.029576
0.029560
0.029537
0.029568
0.029524
0.029480
0.029444
0.029482
0.029478
0.029474
0.029437
0.029397
0.029397
0.029365
0.029395
0.029395
0.029395
0.029402
0.029402
0.029343
0.029337
0.029374
0.029334
0.029374
0.029337
0.029337
0.029337
0.029337
0.029227
0.029227
0.029215
0.029252
0.029253
0.029220
0.029224
0.029224
0.029263
0.029327
0.029290
0.029290
0.029290
0.029290
0.029290
0.029258
0.029222
0.029230
0.029201
0.029211
0.029180
0.029187
0.029187
0.029232
0.029236
0.029213
0.029213
0.029223
0.029223
0.029234
0.029234
0.029238
0.029249
0.029249
0.029173
0.029185
0.029185
0.029185
0.029186
0.029219
0.029231
0.029206
0.029196
0.029196
0.029163
0.029201
0.029134
0.029134
0.029134
0.029147
0.029113
0.029113
0.029075
0.029060
0.029060
0.029031
0.029031
0.029031
0.029031
0.029068
0.029036
0.028998
0.028929
0.028953
0.028937
0.028973
0.028930
0.028930
0.028924
0.028919
0.028919
0.028915
0.028879
0.028917
0.028914
0.028914
0.028914
0.028875
0.028835
0.028875
0.028836
0.028836
0.028836
0.028836
0.028836
0.028836
0.028796
0.028796
0.028833
0.028833
0.028833
0.028839
0.028839
0.028802
0.028802
0.028802
0.028802
0.028765
0.028765
0.028765
0.028757
0.028757
0.028771
0.028771
0.028771
0.028771
0.028771
0.028733
0.028742
0.028746
0.028757
0.028763
0.028770
0.028770
0.028777
0.028786
0.028832
0.028832
0.028776
0.028776
0.028787
0.028745
0.028745
0.028756
0.028756
0.028756
0.028768
0.028768
0.028783
0.028783
0.028783
0.028832
0.028832
0.028795
0.028795
0.028795
0.028795
0.028758
0.028758
0.028758
0.028771
0.028771
0.028771
0.028771
0.028771
0.028771
0.028771
0.028737
0.028737
0.028737
0.028737
0.028737
0.028737
0.028669
0.028660
0.028644
0.028637
0.028631
0.028631
0.028625
0.028620
0.028620
0.028616
0.028613
0.028576
0.028574
0.028574
0.028574
0.028572
0.028572
0.028572
0.028571
0.028571
0.028571
0.028571
0.028571
0.028570
0.028570
0.028540
0.028540
0.028518
0.028518
0.028518
0.028549
0.028549
0.028549
0.028516
0.028516
0.028479
0.028473
0.028473
0.028473
0.028473
0.028442
0.028442
0.028442
0.028442
0.028442
0.028451
0.028455
0.028496
0.028548
0.028555
0.028555
0.028562
0.028571
0.028571
0.028580
0.028524
0.028524
0.028535
0.028535
0.028535
0.028546
0.028546
0.028546
0.028558
0.028589
0.028589
0.028589
0.028589
0.028601
0.028601
0.028570
0.028570
0.028570
0.028570
0.028570
0.028542
0.028506
0.028506
0.028519
0.028519
0.028519
0.028547
0.028547
0.028547
0.028547
0.028547
0.028547
0.028519
0.028519
0.028519
0.028519
0.028450
0.028441
0.028425
0.028418
0.028412
0.028412
0.028445
0.028441
0.028437
0.028437
0.028433
0.028394
0.028392
0.028392
0.028392
0.028390
0.028390
0.028390
0.028389
0.028389
0.028355
0.028394
0.028394
0.028394
0.028394
0.028394
0.028394
0.028394
0.028355
0.028355
0.028355
0.028355
0.028355
0.028322
0.028286
0.028286
0.028325
0.028325
0.028325
0.028325
0.028320
0.028320
0.028331
0.028331
0.028292
0.028301
0.028301
0.028311
0.028318
0.028325
0.028325
0.028332
0.028379
0.028379
0.028389
0.028398
0.028398
0.028409
0.028409
0.028409
0.028420
0.028381
0.028381
0.028393
0.028393
0.028393
0.028393
0.028432
0.028444
0.028444
0.028444
0.028444
0.028444
0.028444
0.028444
0.028444
0.028444
0.028444
0.028418
0.028418
0.028418
0.028418
0.125015
0.125018
0.124970
0.125005
0.125038
0.125034
0.124933
0.124933
0.124833
0.124793
0.124673
0.124538
0.124407
0.124296
0.124197
0.124019
0.123926
0.123845
0.123772
0.123670
0.123573
0.123482
0.123443
0.123279
0.123152
0.123064
0.122922
0.122783
0.122667
0.122587
0.122469
0.122414
0.122454
0.122374
0.122244
0.122155
0.122028
0.121912
0.121819
0.121653
0.121573
0.121455
0.121452
0.121350
0.121225
0.121147
0.121070
0.120992
0.120976
0.120916
0.120807
0.120760
0.120692
0.120527
0.120463
0.120333
0.120242
0.120129
0.120065
0.119946
0.119898
0.119771
0.119665
0.119548
0.119490
0.119352
0.119275
0.119171
0.119158
0.119101
0.119016
0.118915
0.118827
0.118740
0.118689
0.118590
0.118503
0.118483
0.118410
0.118324
0.118239
0.118218
0.118128
0.118043
0.117959
0.117874
0.117758
0.117723
0.117639
0.117544
0.117461
0.117350
0.117267
0.117125
0.117044
0.116951
0.116820
0.116728
0.116597
0.116461
0.116322
0.116214
0.116043
0.115899
0.115726
0.115618
0.115501
0.115362
0.115230
0.115040
0.114941
0.114833
0.114696
0.114559
0.114391
0.114292
0.114116
0.113948
0.113691
0.113516
0.113382
0.113190
0.113006
0.112908
0.112725
0.112551
0.112407
0.112237
0.112022
0.111841
0.111586
0.111405
0.111233
0.111012
0.110884
0.110663
0.110523
0.110303
0.110120
0.109949
0.109729
0.109447
0.109227
0.109014
0.108896
0.108681
0.108540
0.108334
0.108122
0.107910
0.107699
0.107496
0.107277
0.107075
0.106867
0.106655
0.106455
0.106214
0.105947
0.105747
0.105536
0.105293
0.105045
0.104842
0.104631
0.104377
0.104166
0.103968
0.103708
0.103531
0.103312
0.103052
0.102816
0.102606
0.102317
0.102107
0.101903
0.101696
0.101486
0.101282
0.101077
0.100773
0.100621
0.100455
0.100170
0.099999
0.099767
0.099615
0.099313
0.099090
0.098799
0.098598
0.098334
0.098137
0.097910
0.097719
0.097446
0.097257
0.096993
0.096763
0.096539
0.096314
0.096078
0.095853
0.095613
0.095390
0.095135
0.094950
0.094676
0.094456
0.094202
0.093963
0.093743
0.093556
0.093351
0.093126
0.092896
0.092726
0.092423
0.092242
0.091973
0.091713
0.091476
0.091282
0.091023
0.090783
0.090569
0.090387
0.090161
0.089894
0.089630
0.089443
0.089177
0.089041
0.088814
0.088610
0.088411
0.088258
0.088117
0.087918
0.087715
0.087518
0.087384
0.087223
0.087045
0.086842
0.086670
0.086406
0.086256
0.086029
0.085919
0.085696
0.085504
0.085359
0.085202
0.084994
0.084801
0.084672
0.084541
0.084415
0.084202
0.084033
0.083816
0.083655
0.083432
0.083275
0.083053
0.082916
0.082887
0.082727
0.082471
0.082290
0.082064
0.081957
0.081688
0.081472
0.081173
0.080989
0.080767
0.080503
0.080397
0.080028
0.079835
0.079613
0.079415
0.079191
0.079027
0.078799
0.078608
0.078337
0.078135
0.077952
0.077808
0.077602
0.077382
0.077217
0.077016
0.076838
0.076627
0.076430
0.076161
0.075973
0.075779
0.075582
0.075390
0.075194
0.074967
0.074770
0.074612
0.074439
0.074298
0.074085
0.073909
0.073796
0.073564
0.073342
0.073106
0.072913
0.072833
0.072564
0.072387
0.072149
0.072011
0.071787
0.071614
0.071456
0.071264
0.071056
0.070895
0.070679
0.070445
0.070302
0.070071
0.069845
0.069647
0.069486
0.069237
0.069145
0.068977
0.068710
0.068463
0.068265
0.068107
0.067960
0.067728
0.067546
0.067247
0.067038
0.066856
0.066708
0.066533
0.066346
0.066152
0.065938
0.065737
0.065561
0.065362
0.065153
0.064939
0.064656
0.064498
0.064254
0.064097
0.063892
0.063653
0.063402
0.063275
0.063033
0.062848
0.062595
0.062432
0.062261
0.061970
0.061726
0.061410
0.061274
0.060985
0.060809
0.060618
0.060379
0.060166
0.059955
0.059773
0.059506
0.059289
0.059145
0.058874
0.058696
0.058510
0.058304
0.058118
0.057846
0.057656
0.057429
0.057208
0.056938
0.056655
0.056463
0.056288
0.056130
0.055939
0.055767
0.055469
0.055213
0.054995
0.054789
0.054525
0.054361
0.054098
0.053935
0.053707
0.053550
0.053304
0.053083
0.052838
0.052661
0.052451
0.052195
0.052002
0.051838
0.051611
0.051492
0.051278
0.051110
0.050859
0.050660
0.050462
0.050258
0.050065
0.049843
0.049650
0.049519
0.049250
0.049043
0.048840
0.048587
0.048365
0.048159
0.047890
0.047734
0.047567
0.047276
0.047089
0.046883
0.046615
0.046423
0.046191
0.045929
0.045661
0.045372
0.045022
0.044644
0.044218
0.043835
0.043444
0.043061
0.042741
0.042346
0.042031
0.041650
0.041318
0.040925
0.040503
0.040117
0.039803
0.039388
0.039040
0.038745
0.038408
0.038092
0.037805
0.037508
0.037176
0.036824
0.036541
0.036317
0.035941
0.035669
0.035376
0.035158
0.034882
0.034590
0.034362
0.034111
0.033834
0.033608
0.033395
0.033108
0.032835
0.032638
0.032404
0.032151
0.031970
0.031733
0.031519
0.031286
0.031115
0.030928
0.030724
0.030539
0.030307
0.030119
0.029931
0.029734
0.029560
0.029361
0.029239
0.029277
0.029145
0.029191
0.029124
0.029072
0.028938
0.028882
0.028880
0.028738
0.028649
0.028574
0.028501
0.028409
0.028328
0.028244
0.028219
0.028137
0.028094
0.028055
0.027956
0.027904
0.027782
0.027689
0.027654
0.027639
0.027567
0.027475
0.027432
0.027364
0.027349
0.027275
0.027244
0.027183
0.027249
0.027115
0.027083
0.027062
0.026979
0.026967
0.026872
0.026842
0.026807
0.026777
0.026759
0.026712
0.026655
0.026644
0.026525
0.026453
0.026371
0.026399
0.026338
0.026301
0.026291
0.026254
0.026248
0.026243
0.026287
0.026267
0.026187
0.026252
0.026267
0.026255
0.026216
0.026220
0.026181
0.026200
0.026221
0.026213
0.026214
0.026203
0.026206
0.026227
0.026195
0.026233
0.026262
0.026299
0.026295
0.026306
0.026263
0.026343
0.026379
0.026382
0.026357
0.026385
0.026398
0.026411
0.026440
0.026421
0.026429
0.026464
0.026565
0.026551
0.026586
0.026609
0.026616
0.026713
0.026670
0.026716
0.026747
0.026758
0.026791
0.026821
0.026901
0.026889
0.026931
0.026956
0.026978
0.027014
0.027068
0.027062
0.027098
0.027094
0.027176
0.027226
0.027226
0.027234
0.027227
0.027285
0.027312
0.027317
0.027322
0.027407
0.027376
0.027434
0.027404
0.027528
0.027502
0.027549
0.027524
0.027542
0.027573
0.027666
0.027641
0.027650
0.027671
0.027721
0.027691
0.027679
0.027678
0.027648
0.027640
0.027700
0.027745
0.027766
0.027771
0.027771
0.027798
0.027798
0.027831
0.027878
0.027901
0.027898
0.027929
0.027919
0.027954
0.027986
0.028067
0.028053
0.028094
0.028093
0.028078
0.028120
0.028156
0.028187
0.028176
0.028209
0.028290
0.028290
0.028280
0.028271
0.028319
0.028311
0.028319
0.028346
0.028387
0.028437
0.028446
0.028439
0.028449
0.028443
0.028478
0.028532
0.028537
0.028543
0.028557
0.028613
0.028609
0.028618
0.028708
0.028720
0.028727
0.028738
0.028750
0.028760
0.028760
0.028793
0.028805
0.028805
0.028865
0.028878
0.028928
0.028928
0.028928
0.028963
0.028989
0.028989
0.028961
0.029017
0.029019
0.029019
0.029022
0.029022
0.028991
0.029025
0.029043
0.029043
0.029109
0.029109
0.029109
0.029074
0.029079
0.029079
0.029113
0.029118
0.029118
0.029125
0.029125
0.029057
0.029062
0.029052
0.029045
0.029038
0.028989
0.029007
0.029002
0.029033
0.029033
0.029038
0.029038
0.029044
0.029010
0.028972
0.028958
0.028974
0.028985
0.029030
0.029065
0.029065
0.029082
0.029045
0.029045
0.029045
0.029056
0.029091
0.029103
0.029055
0.029021
0.029034
0.029034
0.029034
0.029051
0.029051
0.029051
0.029017
0.029017
0.029017
0.029017
0.029034
0.028986
0.029001
0.029001
0.029028
0.029048
0.029012
0.029018
0.029026
0.029026
0.029052
0.029039
0.029055
0.029018
0.029028
0.029046
0.029057
0.029044
0.029062
0.029074
0.029074
0.029074
0.029086
0.029105
0.029013
0.029013
0.029032
0.028999
0.028966
0.028985
0.028985
0.028985
0.028985
0.028960
0.028960
0.028960
0.028960
0.028993
0.028993
0.028958
0.028913
0.028913
0.028934
0.028934
0.028889
0.028911
0.028945
0.028945
0.028945
0.028945
0.028945
0.028874
0.028841
0.028824
0.028857
0.028841
0.028796
0.028791
0.028809
0.028760
0.028720
0.028716
0.028673
0.028670
0.028670
0.028670
0.028744
0.028744
0.028780
0.028778
0.028759
0.028759
0.028759
0.028759
0.028741
0.028741
0.028741
0.028737
0.028737
0.028737
0.028702
0.028702
0.028727
0.028685
0.028640
0.028608
0.028633
0.028633
0.028591
0.028591
0.028591
0.028591
0.028591
0.028591
0.028591
0.028622
0.028626
0.028615
0.028579
0.028613
0.028613
0.028621
0.028630
0.028630
0.028661
0.028626
0.028626
0.028637
0.028637
0.028595
0.028607
0.028607
0.028607
0.028615
0.028575
0.028590
0.028554
0.028554
0.028554
0.028567
0.028567
0.028567
0.028545
0.028588
0.028588
0.028588
0.028525
0.028554
0.028569
0.028569
0.028569
0.028569
0.028592
0.028630
0.028630
0.028630
0.028630
0.028630
0.028590
0.028546
0.028546
0.028546
0.028505
0.028496
0.028440
0.028433
0.028427
0.028427
0.028426
0.028421
0.028417
0.028440
0.028401
0.028378
0.028375
0.028375
0.028332
0.028321
0.028321
0.028321
0.028320
0.028313
0.028313
0.028313
0.028313
0.028313
0.028344
0.028344
0.028344
0.028344
0.028344
0.028262
0.028262
0.028262
0.028262
0.028262
0.028262
0.028262
0.028262
0.028262
0.028262
0.028262
0.028293
0.028293
0.028293
0.028293
0.028229
0.028233
0.028243
0.028253
0.028285
0.028285
0.028293
0.028263
0.028263
0.028272
0.028282
0.028282
0.028325
0.028325
0.028325
0.028294
0.028322
0.028322
0.028334
0.028334
0.028334
0.028334
0.028334
0.028346
0.028309
0.028324
0.028324
0.028324
0.028324
0.028281
0.028281
0.028281
0.028281
0.028320
0.028320
0.028320
0.028320
0.028320
