1.525480
1.359553
1.204018
1.094239
1.032432
1.005907
0.998337
0.999183
0.999825
0.999438
0.998600
0.997824
0.997607
0.997534
0.997766
0.997751
0.997296
0.996563
0.995351
0.993969
0.992458
0.990498
0.988522
0.986855
0.985112
0.983148
0.981328
0.979303
0.977679
0.975911
0.974049
0.972321
0.970610
0.968632
0.966945
0.965017
0.963079
0.961207
0.959242
0.957153
0.954901
0.952862
0.950584
0.948684
0.946587
0.944921
0.942912
0.940780
0.938726
0.937300
0.935726
0.934436
0.933181
0.931962
0.930587
0.929208
0.927632
0.926071
0.924608
0.923133
0.921680
0.920302
0.918946
0.917533
0.916041
0.914578
0.913141
0.911649
0.910253
0.908543
0.907059
0.905492
0.904291
0.903051
0.901286
0.899192
0.897191
0.894944
0.892865
0.890751
0.888505
0.886095
0.884060
0.881633
0.879585
0.877369
0.875171
0.873028
0.870922
0.868579
0.866708
0.864543
0.862455
0.860339
0.858198
0.856290
0.853976
0.852021
0.849806
0.847495
0.845370
0.843165
0.841064
0.838863
0.836603
0.834595
0.832467
0.830239
0.828017
0.825823
0.823527
0.821182
0.818783
0.816460
0.814135
0.811736
0.809470
0.806951
0.804453
0.802003
0.799668
0.797206
0.794648
0.792120
0.789562
0.787180
0.784855
0.782451
0.780178
0.777577
0.775194
0.772774
0.770675
0.768213
0.765749
0.763438
0.761082
0.758664
0.756361
0.754133
0.751774
0.749248
0.747011
0.744634
0.742377
0.740208
0.737886
0.735408
0.732828
0.730545
0.728216
0.725792
0.723658
0.721467
0.719092
0.716613
0.714137
0.711397
0.708377
0.705460
0.702210
0.699315
0.696295
0.693252
0.690326
0.687672
0.684795
0.682147
0.679850
0.676876
0.674364
0.671872
0.669415
0.666686
0.664003
0.661479
0.658561
0.655422
0.652450
0.649706
0.646797
0.643817
0.640530
0.637814
0.635016
0.632068
0.628884
0.625936
0.623201
0.620275
0.617159
0.614111
0.611545
0.608719
0.605757
0.602756
0.600505
0.598381
0.595598
0.592732
0.589841
0.587066
0.584491
0.581696
0.578897
0.576505
0.574303
0.571229
0.568570
0.565855
0.563107
0.560509
0.557882
0.555225
0.552421
0.549858
0.547181
0.544442
0.541668
0.539324
0.536733
0.534012
0.531461
0.529169
0.526532
0.523821
0.521114
0.518829
0.516373
0.513646
0.511027
0.508271
0.506007
0.503655
0.500843
0.498080
0.495433
0.493040
0.490615
0.487941
0.485258
0.482545
0.480177
0.477914
0.475248
0.472346
0.469609
0.467228
0.465114
0.462883
0.460128
0.457406
0.454741
0.452163
0.450012
0.447529
0.444870
0.442212
0.439559
0.437376
0.435204
0.432906
0.430555
0.428016
0.425877
0.423639
0.421437
0.418944
0.416621
0.414409
0.412219
0.409600
0.407327
0.405221
0.402852
0.400416
0.398236
0.395942
0.393807
0.391645
0.389449
0.387249
0.384934
0.382754
0.380581
0.378471
0.376391
0.374225
0.372079
0.370025
0.367925
0.365830
0.363811
0.361630
0.359525
0.357549
0.355655
0.353768
0.351684
0.349538
0.347518
0.345543
0.343554
0.341306
0.339215
0.337225
0.335263
0.333197
0.331169
0.329407
0.327479
0.325522
0.323575
0.321844
0.320026
0.318357
0.316767
0.315228
0.313805
0.312108
0.310539
0.308958
0.307027
0.305160
0.303335
0.301477
0.299558
0.297833
0.296018
0.294178
0.292291
0.290492
0.288791
0.286902
0.285283
0.283673
0.281970
0.280221
0.278522
0.276771
0.275261
0.273618
0.271950
0.270321
0.268721
0.267182
0.265421
0.263942
0.262351
0.260908
0.259222
0.257663
0.256140
0.254508
0.252779
0.251197
0.249670
0.247926
0.246306
0.244638
0.243129
0.241581
0.239754
0.238262
0.236755
0.235325
0.233752
0.232188
0.230668
0.229268
0.227581
0.225903
0.224596
0.223055
0.221616
0.220028
0.218537
0.217107
0.215646
0.214181
0.212828
0.211254
0.209794
0.208563
0.207114
0.205713
0.204274
0.203019
0.201530
0.200185
0.198885
0.197533
0.196189
0.194718
0.193451
0.192165
0.190914
0.189673
0.188393
0.187045
0.185755
0.184432
0.183133
0.181767
0.180533
0.179407
0.178142
0.176879
0.175572
0.174379
0.173115
0.171990
0.170771
0.169558
0.168390
0.167177
0.165929
0.164863
0.163716
0.162507
0.161305
0.160164
0.159028
0.157910
0.156832
0.155643
0.154611
0.153462
0.152400
0.151371
0.150221
0.149146
0.148222
0.146983
0.145955
0.144877
0.143800
0.142746
0.141674
0.140547
0.139596
0.138501
0.137583
0.136525
0.135568
0.134530
0.133456
0.132695
0.131547
0.130662
0.129791
0.128785
0.127748
0.126911
0.125912
0.125022
0.123926
0.123132
0.122310
0.121297
0.120465
0.119546
0.118807
0.118012
0.117130
0.116299
0.115556
0.114705
0.113952
0.112950
0.112287
0.111493
0.110691
0.109910
0.109078
0.108379
0.107621
0.106928
0.106199
0.105484
0.104930
0.104189
0.103445
0.102733
0.102116
0.101437
0.100737
0.100086
0.099330
0.098772
0.098155
0.097462
0.096781
0.096322
0.095649
0.095005
0.094555
0.093923
0.093297
0.092637
0.092108
0.091514
0.090788
0.090332
0.089862
0.089354
0.088688
0.088171
0.087704
0.087184
0.086739
0.086166
0.085587
0.085118
0.084728
0.084190
0.083757
0.083244
0.082651
0.082142
0.081689
0.081238
0.080851
0.080522
0.080062
0.079590
0.079113
0.078748
0.078301
0.077865
0.077488
0.077001
0.076490
0.076106
0.075702
0.075334
0.074808
0.074401
0.073987
0.073586
0.073196
0.072769
0.072400
0.072055
0.071646
0.071200
0.070849
0.070412
0.070059
0.069621
0.069268
0.069031
0.068570
0.068218
0.067805
0.067485
0.067131
0.066837
0.066407
0.066020
0.065727
0.065336
0.065050
0.064635
0.064370
0.063905
0.063565
0.063214
0.062871
0.062545
0.062088
0.061838
0.061416
0.061099
0.060661
0.060415
0.060048
0.059784
0.059487
0.059105
0.058800
0.058468
0.058092
0.057749
0.057431
0.057079
0.056760
0.056433
0.056095
0.055819
0.055451
0.055124
0.054700
0.054420
0.054169
0.053749
0.053416
0.052964
0.052706
0.052342
0.052088
0.051667
0.051200
0.051002
0.050721
0.050329
0.050080
0.049713
0.049431
0.049215
0.048738
0.048539
0.048241
0.047937
0.047673
0.047335
0.047097
0.046837
0.046537
0.046220
0.045887
0.045580
0.045271
0.045031
0.044850
0.044565
0.044288
0.044070
0.043766
0.043602
0.043341
0.043135
0.042862
0.042534
0.042409
0.042150
0.041933
0.041690
0.041583
0.041302
0.041051
0.040865
0.040646
0.040448
0.040250
0.040077
0.039964
0.039650
0.039518
0.039306
0.039102
0.038886
0.038709
0.038584
0.038511
0.038210
0.038138
0.037994
0.037805
0.037640
0.037450
0.037346
0.037155
0.036984
0.036858
0.036762
0.036613
0.036456
0.036371
0.036190
0.036081
0.036049
0.035895
0.035842
0.035623
0.035488
0.035400
0.035285
0.035178
0.035006
0.034916
0.034746
0.034603
0.034475
0.034286
0.034260
0.034172
0.034113
0.033966
0.033863
0.033915
0.033763
0.033715
0.033569
0.033494
0.033484
0.033335
0.033221
0.033206
0.033148
0.033075
0.033026
0.033022
0.032916
0.032867
0.032811
0.032745
0.032716
0.032668
0.032550
0.032501
0.032456
0.032424
0.032376
0.032291
0.032256
0.032216
0.032179
0.032210
0.032206
0.032114
0.032054
0.032050
0.032033
0.031898
0.031864
0.031803
0.031771
0.031734
0.031853
0.031788
0.031774
0.031779
0.031679
0.031724
0.031662
0.031642
0.031633
0.031599
0.031546
0.031462
0.031474
0.031426
0.031395
0.031420
0.031437
0.031390
0.031448
0.031488
0.031432
0.031441
0.031393
0.031435
0.031359
0.031297
0.031291
0.031243
0.031288
0.031243
0.031268
0.031192
0.031159
0.031109
0.031143
0.031062
0.031104
0.031049
0.031082
0.031067
0.031113
0.031042
0.031008
0.030891
0.030918
0.030903
0.030837
0.030858
0.030877
0.030883
0.030773
0.030742
0.030769
0.030766
0.030753
0.030757
0.030805
0.030805
0.030710
0.030727
0.030727
0.030695
0.030736
0.030732
0.030706
0.030706
0.030745
0.030771
0.030771
0.030754
0.030675
0.030747
0.030747
0.030700
0.030657
0.030712
0.030575
0.030551
0.030583
0.030544
0.030567
0.030564
0.030531
0.030541
0.030596
0.030552
0.030590
0.030477
0.030557
0.030562
0.030573
0.030544
0.030559
0.030551
0.030520
0.030494
0.030494
0.030508
0.030544
0.030466
0.030426
0.030496
0.030533
0.030452
0.030414
0.030428
0.030441
0.030441
0.030445
0.030365
0.030376
0.030406
0.030374
0.030463
0.030384
0.030452
0.030510
0.030510
0.030510
0.030520
0.030477
0.030483
0.030506
0.030458
0.030475
0.030427
0.030395
0.030338
0.030338
0.030421
0.030368
0.030394
0.030345
0.030268
0.030349
0.030285
0.030337
0.030327
0.030287
0.030251
0.030218
0.030171
0.030212
0.030235
0.030148
0.030112
0.030131
0.030112
0.030135
0.030135
0.030180
0.030234
0.030254
0.030176
0.030176
0.030176
0.030134
0.030134
0.029961
0.029888
0.029963
0.029963
0.029963
0.030032
0.030063
0.030016
0.030007
0.030007
0.030007
0.030036
0.029922
0.029922
0.029848
0.029848
0.029868
0.029828
0.029857
0.029857
0.029857
0.029922
0.029896
0.029945
0.029928
0.029985
0.029981
0.029989
0.029968
0.029932
0.029892
0.029903
0.029903
0.029984
0.029973
0.029973
0.029985
0.030022
0.030100
0.030113
0.030099
0.030015
0.029998
0.029953
0.029933
0.029888
0.029918
0.029953
0.029988
0.029988
0.030018
0.029975
0.030032
0.030054
0.030044
0.030001
0.030034
0.030034
0.029996
0.029996
0.029996
0.029996
0.029996
0.029964
0.029964
0.029882
0.029810
0.029808
0.029771
0.029860
0.029883
0.029853
0.029848
0.029843
0.029834
0.029830
0.029785
0.029748
0.029746
0.029746
0.029716
0.029714
0.029715
0.029675
0.029674
0.029674
0.029743
0.029787
0.029758
0.029775
0.029734
0.029734
0.029696
0.029696
0.029657
0.029657
0.029657
0.029599
0.029599
0.029576
0.029540
0.029495
0.029565
0.029582
0.029582
0.029517
0.029517
0.029486
0.029486
0.029486
0.029495
0.029465
0.029469
0.029489
0.029495
0.029530
0.029555
0.029562
0.029602
0.029602
0.029650
0.029637
0.029593
0.029573
0.029536
0.029571
0.029549
0.029549
0.029557
0.029547
0.029547
0.029547
0.029538
0.029499
0.029555
0.029580
0.029611
0.029611
0.029590
0.029509
0.029481
0.029481
0.029481
0.029481
0.029519
0.029550
0.029550
0.029530
0.029495
0.029534
0.029503
0.029546
0.029508
0.029541
0.029541
0.029541
0.029566
0.029495
0.029442
0.029409
0.029402
0.029396
0.029365
0.029359
0.029324
0.029394
0.029362
0.029398
0.029411
0.029408
0.029408
0.029408
0.029406
0.029391
0.029383
0.029400
0.029400
0.029330
0.029330
0.029369
0.029335
0.029335
0.029349
0.029349
0.029349
0.029349
0.029349
0.029338
0.029338
0.029300
0.029300
0.029288
0.029288
0.029288
0.029272
0.029311
0.029311
0.029261
0.029261
0.029295
0.029327
0.029327
0.029336
0.029340
0.029386
0.029392
0.029364
0.029364
0.029363
0.029371
0.029333
0.029343
0.029353
0.029353
0.029363
0.029399
0.029399
0.029402
0.029419
0.029419
0.029431
0.029431
0.029399
0.029399
0.029371
0.029383
0.029377
0.029335
0.029361
0.029330
0.029386
0.029386
0.029445
0.029413
0.029413
0.029465
0.029465
0.029426
0.029426
0.029426
0.029444
0.029444
0.029444
0.029444
0.029496
0.029539
0.029539
0.029468
0.029421
0.029404
0.029397
0.029346
0.029346
0.029340
0.029335
0.029335
0.029331
0.029327
0.029327
0.029325
0.029325
0.029325
0.029343
0.029311
0.029347
0.029324
0.029324
0.029324
0.029366
0.029366
0.029368
0.029327
0.029327
0.029327
0.029327
0.029327
0.029327
0.029327
0.029327
0.029401
0.029401
0.029401
0.029401
0.029422
0.029391
0.029352
0.029352
0.029358
0.029321
0.029321
0.029280
0.029280
0.029319
0.029402
0.029406
0.029424
0.029430
0.029437
0.029437
0.029445
0.029540
0.029549
0.029549
0.029568
0.029590
0.029636
0.029598
0.029559
0.029570
0.029610
0.029610
0.029633
0.029632
0.029632
0.029632
0.029632
0.029645
0.029645
0.029645
0.029631
0.029631
0.029665
0.029640
0.029640
0.029640
0.029677
0.029690
0.029667
0.029667
0.029667
0.029667
0.029667
0.029635
0.029650
0.029650
0.029612
0.029653
0.029699
0.029590
0.029581
0.029580
0.029573
0.029567
0.029567
0.029600
0.029637
0.029637
0.029633
0.029590
0.029590
0.029588
0.029588
0.029588
0.029548
0.029567
0.029567
0.029608
0.029608
0.029646
0.029646
0.029646
0.029666
0.029666
0.029666
0.029701
0.029701
0.029662
0.029626
0.029623
0.029623
0.029623
0.029623
0.029662
0.029662
0.029619
0.029666
0.029666
0.029666
0.029666
0.029666
0.029666
0.029689
0.029696
0.029705
0.029709
0.029719
0.029726
0.029733
0.029757
0.029764
0.029773
0.029773
0.029782
0.029792
0.029817
0.029828
0.029828
0.029793
0.029805
0.029805
0.029805
0.029842
0.029842
0.029842
0.029842
0.029842
0.029855
0.029882
0.029882
0.029882
0.029885
0.029885
0.029851
0.029813
0.029840
0.029885
0.029899
0.029861
0.029829
0.029829
0.029858
0.029900
0.029900
0.029900
0.029900
0.029900
0.029900
0.029929
0.029897
0.029827
0.029818
0.029801
0.029794
0.029788
0.029818
0.029812
0.029808
0.029766
0.029766
0.029762
0.029789
0.029818
0.029818
0.029791
0.029760
0.029760
0.029760
0.029758
0.029758
0.029791
0.029827
0.029827
0.029853
0.029867
0.029829
0.029829
0.029829
0.029862
0.029838
0.029838
0.029838
0.029874
0.029846
0.029823
0.029823
0.029856
0.029856
0.029856
0.029856
0.029856
0.029856
0.029856
0.029856
0.029856
0.029828
0.029832
0.029843
0.029877
0.029884
0.029884
0.029866
0.029874
0.029874
0.029919
0.029892
0.029892
0.029902
0.029902
0.029870
0.029881
0.029881
0.029881
0.029893
0.029929
0.029962
0.029962
0.029929
0.029942
0.029942
0.029942
0.029887
0.029929
0.029929
0.029966
0.029966
0.029966
0.029966
0.029979
0.029979
0.029979
0.029979
0.029979
0.029948
0.029911
0.029888
0.029926
0.029926
0.029926
0.029926
0.029856
0.029847
0.029830
0.029823
0.029797
0.029797
0.029791
0.029756
0.029795
0.029791
0.029788
0.029788
0.029785
0.029785
0.029785
0.029810
0.029819
0.029819
0.029818
0.029790
0.029828
0.029789
0.029789
0.029829
0.029792
0.029792
0.029792
0.029792
0.029792
0.029749
0.029749
0.029749
0.029788
0.029788
0.029788
0.029788
0.029788
0.029749
0.029749
0.029722
0.029722
0.029764
0.029764
0.029764
0.029764
0.029764
0.029773
0.029777
0.029801
0.029807
0.029814
0.029814
0.029822
0.029754
0.029763
0.029728
0.029738
0.029713
0.029807
0.029795
0.029795
0.029848
0.029848
0.029865
0.029878
0.029854
0.029816
0.029816
0.029816
0.029790
0.029833
0.029833
0.029811
0.029848
0.029848
0.029848
0.029818
0.029818
0.029832
0.029833
0.029812
0.029812
0.029812
0.029812
0.029812
0.029812
0.029773
0.029752
0.029752
0.029717
0.029717
0.029647
0.029638
0.029621
0.029595
0.134229
0.134221
0.134216
0.134211
0.134172
0.134102
0.133980
0.133875
0.133778
0.133674
0.133478
0.133222
0.132854
0.132493
0.132165
0.131858
0.131484
0.131225
0.130894
0.130587
0.130297
0.129967
0.129632
0.129332
0.128953
0.128653
0.128286
0.127972
0.127638
0.127277
0.126965
0.126592
0.126219
0.125927
0.125601
0.125263
0.124908
0.124559
0.124177
0.123861
0.123511
0.123198
0.122882
0.122475
0.122094
0.121826
0.121441
0.121194
0.121029
0.120695
0.120324
0.119940
0.119656
0.119337
0.119014
0.118627
0.118308
0.117980
0.117643
0.117270
0.116879
0.116602
0.116274
0.115910
0.115569
0.115292
0.114963
0.114748
0.114561
0.114313
0.114053
0.113683
0.113399
0.113077
0.112757
0.112430
0.112178
0.111805
0.111665
0.111410
0.111245
0.110961
0.110713
0.110465
0.110210
0.110000
0.109787
0.109486
0.109244
0.109033
0.108800
0.108617
0.108440
0.108225
0.108037
0.107845
0.107609
0.107465
0.107231
0.107094
0.106905
0.106686
0.106508
0.106387
0.106112
0.106042
0.105836
0.105659
0.105481
0.105358
0.105105
0.104984
0.104761
0.104566
0.104410
0.104218
0.104110
0.103902
0.103729
0.103560
0.103417
0.103264
0.103082
0.102944
0.102678
0.102530
0.102358
0.102191
0.102025
0.101896
0.101722
0.101600
0.101488
0.101335
0.101164
0.101136
0.100915
0.100806
0.100623
0.100420
0.100321
0.100081
0.099976
0.099728
0.099600
0.099439
0.099280
0.099124
0.098991
0.098838
0.098708
0.098535
0.098336
0.098156
0.098030
0.097813
0.097656
0.097430
0.097245
0.097117
0.096876
0.096836
0.096673
0.096529
0.096366
0.096141
0.096021
0.095847
0.095634
0.095445
0.095294
0.095064
0.094884
0.094710
0.094512
0.094332
0.094182
0.093984
0.093690
0.093489
0.093312
0.093039
0.092848
0.092690
0.092461
0.092227
0.092038
0.091850
0.091689
0.091465
0.091239
0.091077
0.090968
0.090662
0.090478
0.090323
0.090092
0.089819
0.089598
0.089419
0.089255
0.089064
0.088820
0.088641
0.088457
0.088331
0.088087
0.087963
0.087684
0.087481
0.087278
0.087055
0.086860
0.086661
0.086475
0.086254
0.086141
0.085990
0.085745
0.085501
0.085315
0.085094
0.084939
0.084759
0.084527
0.084296
0.084094
0.083924
0.083735
0.083545
0.083322
0.083128
0.082932
0.082689
0.082555
0.082367
0.082124
0.081893
0.081705
0.081488
0.081258
0.081111
0.080888
0.080646
0.080404
0.080188
0.080015
0.079655
0.079278
0.078803
0.078386
0.078026
0.077638
0.077301
0.077005
0.076630
0.076332
0.075880
0.075501
0.075173
0.074806
0.074404
0.074104
0.073740
0.073302
0.073000
0.072627
0.072232
0.071892
0.071466
0.071080
0.070753
0.070348
0.070108
0.069794
0.069394
0.069115
0.068848
0.068534
0.068217
0.067879
0.067501
0.067233
0.066960
0.066627
0.066343
0.066079
0.065725
0.065466
0.065146
0.064869
0.064627
0.064363
0.064096
0.063883
0.063693
0.063458
0.063215
0.062974
0.062803
0.062587
0.062336
0.062183
0.061971
0.061798
0.061669
0.061373
0.061245
0.061009
0.060838
0.060600
0.060492
0.060243
0.060065
0.059954
0.059820
0.059699
0.059531
0.059390
0.059207
0.059049
0.058805
0.058673
0.058544
0.058329
0.058148
0.057996
0.057820
0.057617
0.057521
0.057347
0.057175
0.057074
0.056797
0.056683
0.056502
0.056393
0.056178
0.055940
0.055864
0.055604
0.055532
0.055318
0.055212
0.054986
0.054845
0.054611
0.054473
0.054299
0.054161
0.053881
0.053826
0.053573
0.053305
0.053194
0.052940
0.052739
0.052581
0.052391
0.052173
0.051917
0.051721
0.051543
0.051290
0.051218
0.050997
0.050717
0.050620
0.050380
0.050220
0.049993
0.049732
0.049548
0.049261
0.049055
0.048800
0.048622
0.048425
0.048239
0.048003
0.047750
0.047558
0.047391
0.047148
0.046867
0.046708
0.046471
0.046206
0.045950
0.045780
0.045581
0.045282
0.045195
0.044929
0.044708
0.044549
0.044296
0.044091
0.043860
0.043688
0.043486
0.043281
0.043112
0.042962
0.042807
0.042492
0.042342
0.042134
0.041936
0.041847
0.041658
0.041452
0.041286
0.041090
0.040869
0.040786
0.040587
0.040489
0.040370
0.040219
0.040080
0.039918
0.039745
0.039587
0.039492
0.039408
0.039210
0.039086
0.038981
0.038909
0.038872
0.038760
0.038581
0.038390
0.038231
0.038232
0.038138
0.037964
0.037833
0.037740
0.037583
0.037471
0.037462
0.037319
0.037208
0.037143
0.037031
0.036959
0.036847
0.036790
0.036671
0.036493
0.036393
0.036244
0.036051
0.035915
0.035803
0.035687
0.035624
0.035554
0.035517
0.035409
0.035346
0.035253
0.035106
0.035059
0.034968
0.034901
0.034790
0.034782
0.034670
0.034650
0.034543
0.034506
0.034421
0.034307
0.034302
0.034177
0.034110
0.034071
0.033994
0.033949
0.033874
0.033807
0.033725
0.033658
0.033613
0.033601
0.033548
0.033483
0.033438
0.033371
0.033268
0.033211
0.033138
0.033103
0.033049
0.033015
0.032954
0.032956
0.032899
0.032862
0.032804
0.032769
0.032712
0.032635
0.032569
0.032570
0.032628
0.032595
0.032540
0.032493
0.032427
0.032439
0.032384
0.032257
0.032306
0.032272
0.032240
0.032187
0.032187
0.032121
0.032028
0.032009
0.031964
0.031977
0.031912
0.031901
0.031897
0.031818
0.031799
0.031768
0.031725
0.031706
0.031631
0.031631
0.031546
0.031546
0.031515
0.031547
0.031506
0.031419
0.031333
0.031353
0.031280
0.031290
0.031204
0.031198
0.031144
0.031093
0.031091
0.031011
0.031018
0.030954
0.030907
0.030907
0.030861
0.030870
0.030821
0.030777
0.030740
0.030756
0.030663
0.030660
0.030660
0.030613
0.030600
0.030636
0.030589
0.030555
0.030563
0.030516
0.030555
0.030530
0.030532
0.030485
0.030485
0.030471
0.030416
0.030383
0.030418
0.030388
0.030380
0.030333
0.030333
0.030334
0.030364
0.030314
0.030243
0.030272
0.030295
0.030295
0.030250
0.030259
0.030296
0.030323
0.030289
0.030271
0.030282
0.030282
0.030261
0.030255
0.030205
0.030229
0.030241
0.030197
0.030217
0.030217
0.030169
0.030219
0.030219
0.030240
0.030240
0.030197
0.030225
0.030178
0.030178
0.030158
0.030158
0.030171
0.030171
0.030174
0.030151
0.030132
0.030168
0.030168
0.030151
0.030106
0.030130
0.030165
0.030184
0.030138
0.030068
0.030084
0.030081
0.030074
0.030037
0.030045
0.030039
0.030060
0.029999
0.029999
0.029996
0.030023
0.029979
0.029966
0.029966
0.029973
0.029973
0.029973
0.030009
0.030037
0.029992
0.029992
0.029992
0.029951
0.029951
0.029979
0.029987
0.029947
0.029947
0.029947
0.029947
0.029947
0.029980
0.029966
0.029966
0.029928
0.029928
0.029928
0.029855
0.029884
0.029930
0.029930
0.029930
0.029932
0.029923
0.029927
0.029938
0.029944
0.029983
0.029940
0.029908
0.029880
0.029919
0.029929
0.029969
0.029929
0.029990
0.029990
0.029990
0.030002
0.029971
0.029927
0.029955
0.029955
0.029950
0.029984
0.029984
0.029945
0.029958
0.029954
0.029954
0.029954
0.029954
0.029954
0.029989
0.029989
0.029956
0.029969
0.029989
0.029989
0.029981
0.029981
0.030012
0.030012
0.030012
0.030048
0.030017
0.029985
0.029985
0.029985
0.029985
0.029915
0.029905
0.029889
0.029874
0.029828
0.029801
0.029833
0.029828
0.029824
0.029824
0.029820
0.029758
0.029755
0.029755
0.029742
0.029772
0.029804
0.029767
0.029766
0.029758
0.029754
0.029754
0.029792
0.029763
0.029763
0.029763
0.029763
0.029802
0.029802
0.029802
0.029802
0.029773
0.029769
0.029769
0.029769
0.029769
0.029731
0.029731
0.029731
0.029704
0.029704
0.029704
0.029704
0.029704
0.029753
0.029758
0.029742
0.029768
0.029775
0.029775
0.029783
0.029791
0.029791
0.029775
0.029785
0.029785
0.029795
0.029717
0.029717
0.029762
0.029738
0.029738
0.029750
0.029750
0.029750
0.029750
0.029750
0.029726
0.029739
0.029739
0.029739
0.029739
0.029739
0.029739
0.029720
0.029746
0.029710
0.029724
0.029724
0.029724
0.029724
0.029702
0.029702
0.029702
0.029702
0.029702
0.029702
0.029696
0.029714
0.029714
0.029714
0.029644
0.029635
0.029579
0.029552
0.029546
0.029546
0.029541
0.029536
0.029532
0.029532
0.029584
0.029548
0.029545
0.029545
0.029545
0.029543
0.029543
0.029487
0.029486
0.029486
0.029486
0.029486
0.029446
0.029446
0.029503
0.029503
0.029503
0.029503
0.029545
0.029545
0.029545
0.029530
0.029491
0.029491
0.029457
0.029457
0.029457
0.029482
0.029447
0.029447
0.029447
0.029412
0.029431
0.029431
0.029428
0.029428
0.029439
0.029445
0.029417
0.029417
0.029379
0.029387
0.029387
0.029432
0.029442
0.029442
0.029453
0.029443
0.029477
0.029489
0.029489
0.029489
0.029501
0.029458
0.029458
0.029420
0.029420
0.029433
0.029433
0.029433
0.029411
0.029454
0.029454
0.029454
0.029454
0.029454
0.029447
0.029461
0.029461
0.029461
0.029461
0.029461
0.029461
0.029456
0.029456
0.029419
0.029449
0.029449
0.029449
0.029445
0.029445
0.029375
0.029366
0.029349
0.029308
0.029338
0.029304
0.029298
0.029293
0.029289
0.029289
0.029286
0.029285
0.029258
0.029221
0.029221
0.029219
0.029219
0.029220
0.029219
0.029219
0.029219
0.029262
0.029262
0.029264
0.029264
0.029264
0.029264
0.029264
0.029264
0.029264
0.029232
0.029232
0.029198
0.029198
0.029198
0.029202
0.029242
0.029242
0.029242
0.029242
0.029207
0.029207
0.029213
0.029213
0.029222
0.029226
0.029237
0.029243
0.029258
0.029258
0.029266
0.029241
0.029241
0.029250
0.029270
0.029270
0.029280
0.029288
0.029288
0.029336
0.029390
0.029390
0.029402
0.029402
0.029402
0.029377
0.029388
0.029401
0.029448
0.029448
0.029415
0.029428
0.029428
0.029428
0.029395
0.029395
0.029395
0.029422
0.029422
0.029456
0.029489
0.029489
0.029505
0.029474
0.029474
0.029474
0.029474
0.029382
0.029398
0.029367
0.029296
0.029322
0.029305
0.029316
