1.567160
1.406657
1.262094
1.168301
1.122490
1.106508
1.103484
1.103530
1.103573
1.103096
1.102290
1.101292
1.100254
1.099311
1.098537
1.097723
1.096651
1.095299
1.094090
1.092787
1.091627
1.090634
1.089570
1.088634
1.087789
1.086640
1.085548
1.084332
1.083058
1.081705
1.080144
1.078638
1.077251
1.075571
1.074013
1.072452
1.070816
1.069189
1.067537
1.065879
1.064465
1.062842
1.061389
1.060166
1.058776
1.057311
1.055777
1.054205
1.052544
1.050733
1.049143
1.047528
1.045859
1.044196
1.042357
1.040822
1.039070
1.037242
1.035515
1.033856
1.032014
1.030434
1.028744
1.027354
1.025691
1.023948
1.022246
1.020290
1.018641
1.016631
1.015002
1.013109
1.011284
1.009418
1.007662
1.005683
1.003932
1.002317
1.000554
0.998714
0.996949
0.995045
0.993089
0.991254
0.989199
0.987341
0.985608
0.983611
0.981725
0.979704
0.977966
0.976082
0.974173
0.972465
0.970517
0.968511
0.966635
0.964807
0.963001
0.961232
0.959319
0.957534
0.955658
0.953815
0.951916
0.950108
0.948230
0.946936
0.945459
0.943988
0.942633
0.941234
0.939955
0.938674
0.937428
0.936182
0.934964
0.933812
0.932674
0.931366
0.930113
0.928865
0.927652
0.926293
0.925210
0.923746
0.922257
0.921057
0.919894
0.918914
0.917772
0.916426
0.915187
0.913980
0.912685
0.911356
0.910005
0.908748
0.907479
0.906181
0.905062
0.903844
0.902496
0.901406
0.900255
0.899080
0.898038
0.896764
0.895425
0.894163
0.892889
0.891467
0.889933
0.888673
0.887266
0.885868
0.884486
0.883154
0.881744
0.880254
0.878872
0.877546
0.876240
0.874550
0.872997
0.871175
0.869583
0.867600
0.865959
0.864274
0.862602
0.860784
0.858764
0.857064
0.855082
0.853355
0.851584
0.849748
0.847921
0.846125
0.844294
0.842316
0.840486
0.838632
0.837009
0.835244
0.833512
0.831649
0.830121
0.828161
0.826180
0.824818
0.823265
0.821579
0.820058
0.818296
0.816836
0.815112
0.813628
0.812093
0.810357
0.808832
0.807254
0.805700
0.804038
0.802480
0.800939
0.799359
0.797609
0.796202
0.794551
0.793048
0.791400
0.789776
0.788265
0.786708
0.785180
0.783775
0.782059
0.780525
0.778886
0.777484
0.775915
0.774369
0.772773
0.771173
0.769826
0.768182
0.766458
0.764905
0.763330
0.761843
0.760316
0.758801
0.757205
0.755658
0.754051
0.752541
0.750981
0.749336
0.747731
0.746156
0.744671
0.743004
0.741479
0.739777
0.738313
0.736768
0.735201
0.733625
0.731984
0.730494
0.728780
0.727301
0.725719
0.724106
0.722511
0.720935
0.719299
0.717472
0.715992
0.714366
0.712828
0.711182
0.709657
0.707958
0.706411
0.704914
0.703316
0.701704
0.700120
0.698481
0.697012
0.695427
0.693808
0.692234
0.690703
0.689197
0.687593
0.686006
0.684346
0.682869
0.681281
0.679830
0.678369
0.676790
0.675237
0.673866
0.672238
0.670830
0.669374
0.667887
0.666477
0.665048
0.663638
0.662193
0.660952
0.659404
0.657983
0.656604
0.655230
0.653769
0.652375
0.650997
0.649498
0.648011
0.646529
0.645238
0.643737
0.642346
0.640884
0.639478
0.638191
0.636702
0.635407
0.633925
0.632589
0.631300
0.629952
0.628618
0.627169
0.625994
0.624645
0.623395
0.622215
0.620875
0.619625
0.618314
0.617256
0.615981
0.614598
0.613225
0.612072
0.610683
0.609574
0.608298
0.607162
0.605912
0.604743
0.603607
0.602473
0.601426
0.600217
0.598942
0.597851
0.596876
0.595834
0.594562
0.593406
0.592400
0.591341
0.590248
0.589218
0.588138
0.587093
0.586104
0.584867
0.583869
0.582956
0.581912
0.580906
0.579943
0.578959
0.577991
0.576969
0.576014
0.575118
0.574071
0.573088
0.572166
0.571392
0.570349
0.569444
0.568682
0.567815
0.566888
0.566159
0.565315
0.564502
0.563609
0.562792
0.562026
0.561167
0.560454
0.559548
0.558591
0.557851
0.557186
0.556469
0.555773
0.555083
0.554484
0.553835
0.553187
0.552552
0.551888
0.551281
0.550526
0.549953
0.549518
0.548934
0.548185
0.547605
0.547015
0.546433
0.546019
0.545337
0.544989
0.544374
0.543753
0.543265
0.542737
0.541988
0.541460
0.540917
0.540352
0.539690
0.538933
0.538051
0.537196
0.536575
0.535777
0.535027
0.534360
0.533658
0.532964
0.532150
0.531309
0.530607
0.529951
0.529161
0.528333
0.527522
0.526722
0.525942
0.525145
0.524444
0.523593
0.522878
0.522051
0.521526
0.520682
0.519819
0.519023
0.518367
0.517563
0.516943
0.516257
0.515595
0.514779
0.514189
0.513462
0.512774
0.511973
0.511324
0.510675
0.510048
0.509356
0.508705
0.508122
0.507409
0.506886
0.506186
0.505551
0.504874
0.504249
0.503651
0.503017
0.502374
0.501762
0.501272
0.500628
0.500046
0.499521
0.498943
0.498294
0.497667
0.497218
0.496599
0.496008
0.495474
0.494950
0.494461
0.493858
0.493371
0.492847
0.492329
0.491817
0.491273
0.490787
0.490237
0.489744
0.489300
0.488760
0.488360
0.487768
0.487406
0.486985
0.486496
0.486174
0.485770
0.485353
0.484908
0.484605
0.484112
0.483694
0.483345
0.482973
0.482441
0.482068
0.481710
0.481339
0.480899
0.480600
0.480296
0.479970
0.479615
0.479245
0.478962
0.478611
0.478216
0.478020
0.477636
0.477411
0.477038
0.476799
0.476502
0.476293
0.475958
0.475579
0.475351
0.475143
0.474828
0.474511
0.474300
0.473995
0.473730
0.473543
0.473182
0.473074
0.472754
0.472496
0.472276
0.471957
0.471665
0.471383
0.470992
0.470883
0.470657
0.470437
0.470267
0.470166
0.469871
0.469681
0.469468
0.469235
0.469084
0.468834
0.468701
0.468531
0.468366
0.468178
0.468172
0.467972
0.467781
0.467615
0.467537
0.467293
0.467127
0.467002
0.466909
0.466783
0.466582
0.466395
0.466242
0.466131
0.465895
0.465690
0.465605
0.465395
0.465181
0.464926
0.464830
0.464651
0.464580
0.464472
0.464251
0.464158
0.464165
0.463999
0.463856
0.463681
0.463499
0.463452
0.463396
0.463115
0.463121
0.462975
0.462826
0.462810
0.462652
0.462559
0.462417
0.462296
0.462213
0.462043
0.461981
0.461941
0.461712
0.461636
0.461622
0.461329
0.461257
0.461213
0.461059
0.460990
0.460902
0.460867
0.460689
0.460608
0.460585
0.460487
0.460345
0.460196
0.460258
0.460119
0.460101
0.459851
0.459871
0.459781
0.459727
0.459651
0.459566
0.459484
0.459345
0.459240
0.459244
0.459193
0.458957
0.458852
0.458728
0.458764
0.458736
0.458649
0.458513
0.458526
0.458417
0.458342
0.458311
0.458268
0.458193
0.458180
0.458126
0.458109
0.458139
0.457969
0.457992
0.457814
0.457708
0.457668
0.457636
0.457570
0.457504
0.457473
0.457354
0.457309
0.457266
0.457139
0.457100
0.457091
0.457016
0.457014
0.457018
0.456882
0.456802
0.456765
0.456744
0.456658
0.456646
0.456601
0.456518
0.456461
0.456424
0.456263
0.456205
0.456101
0.455996
0.455981
0.455934
0.455926
0.455868
0.455845
0.455793
0.455797
0.455705
0.455617
0.455629
0.455501
0.455536
0.455476
0.455422
0.455386
0.455329
0.455319
0.455201
0.455248
0.455066
0.455144
0.455065
0.455024
0.455012
0.454977
0.454958
0.454922
0.454912
0.454862
0.454839
0.454737
0.454688
0.454645
0.454599
0.454599
0.454632
0.454505
0.454478
0.454471
0.454390
0.454319
0.454389
0.454291
0.454229
0.454235
0.454248
0.454252
0.454193
0.454174
0.454230
0.454225
0.454239
0.454135
0.454179
0.454191
0.454113
0.454074
0.454063
0.453997
0.454008
0.453939
0.453925
0.453915
0.453848
0.453855
0.453843
0.453766
0.453767
0.453802
0.453766
0.453720
0.453736
0.453693
0.453633
0.453646
0.453712
0.453631
0.453585
0.453565
0.453533
0.453462
0.453439
0.453463
0.453396
0.453446
0.453329
0.453348
0.453270
0.453175
0.453173
0.453109
0.453044
0.453124
0.453116
0.453079
0.453049
0.453007
0.452953
0.452904
0.452797
0.452855
0.452844
0.452881
0.452914
0.452817
0.452817
0.452767
0.452806
0.452771
0.452771
0.452744
0.452743
0.452721
0.452694
0.452706
0.452646
0.452674
0.452608
0.452571
0.452629
0.452630
0.452665
0.452558
0.452517
0.452551
0.452563
0.452504
0.452533
0.452482
0.452477
0.452527
0.452555
0.452587
0.452516
0.452549
0.452466
0.452514
0.452514
0.452524
0.452526
0.452459
0.452548
0.452581
0.452493
0.452514
0.452478
0.452489
0.452461
0.452453
0.452487
0.452491
0.452507
0.452492
0.452414
0.452389
0.452439
0.452486
0.452519
0.452445
0.452445
0.452456
0.452516
0.452406
0.452364
0.452364
0.452427
0.452427
0.452388
0.452350
0.452350
0.452480
0.452473
0.452464
0.452414
0.452431
0.452466
0.452500
0.452496
0.452459
0.452442
0.452391
0.452336
0.452306
0.452334
0.452447
0.452391
0.452350
0.452346
0.452250
0.452310
0.452240
0.452201
0.452235
0.452200
0.452248
0.452245
0.452245
0.452244
0.452237
0.452252
0.452197
0.452127
0.452125
0.452066
0.452116
0.452150
0.452150
0.452156
0.452156
0.452206
0.452206
0.452169
0.452150
0.452179
0.452194
0.452194
0.452194
0.452194
0.452279
0.452193
0.452193
0.452193
0.452136
0.452195
0.452234
0.452245
0.452212
0.452182
0.452232
0.452275
0.452284
0.452314
0.452323
0.452306
0.452356
0.452367
0.452331
0.452331
0.452378
0.452428
0.452464
0.452440
0.452440
0.452393
0.452443
0.452406
0.452404
0.452381
0.452381
0.452431
0.452431
0.452431
0.452512
0.452512
0.452598
0.452560
0.452535
0.452535
0.452535
0.452534
0.452620
0.452620
0.452620
0.452620
0.452585
0.452635
0.452598
0.452598
0.452635
0.452670
0.452600
0.452608
0.452592
0.452585
0.452578
0.452543
0.452588
0.452583
0.452573
0.452573
0.452570
0.452570
0.452595
0.452627
0.452592
0.452590
0.452556
0.452591
0.452629
0.452631
0.452631
0.452631
0.452631
0.452631
0.452681
0.452681
0.452680
0.452716
0.452644
0.452644
0.452694
0.452694
0.452659
0.452659
0.452659
0.452709
0.452709
0.452726
0.452761
0.452761
0.452761
0.452777
0.452777
0.452777
0.452786
0.452790
0.452801
0.452874
0.452916
0.452916
0.452892
0.452936
0.452936
0.452995
0.452971
0.452936
0.452947
0.452947
0.453015
0.453112
0.453112
0.453059
0.453071
0.453070
0.453070
0.453120
0.453120
0.453133
0.453100
0.453100
0.453136
0.453222
0.453222
0.453222
0.453257
0.453257
0.453292
0.453355
0.453355
0.453355
0.453335
0.453413
0.453465
0.453432
0.453445
0.453438
0.453438
0.453438
0.453438
0.453404
0.453404
0.453334
0.453324
0.453379
0.453422
0.453415
0.453415
0.453377
0.453338
0.453368
0.453418
0.453415
0.453450
0.453447
0.453410
0.453495
0.453493
0.453493
0.453493
0.453492
0.453492
0.453577
0.453577
0.453583
0.453582
0.453582
0.453582
0.453668
0.453668
0.453668
0.453665
0.453665
0.453715
0.453715
0.453715
0.453715
0.453715
0.453715
0.453771
0.453806
0.453806
0.453842
0.453807
0.453807
0.453857
0.453866
0.453870
0.453913
0.453919
0.453926
0.453976
0.453984
0.453992
0.454030
0.453973
0.454019
0.454104
0.454115
0.454115
0.454114
0.454160
0.454160
0.454210
0.454222
0.454222
0.454257
0.454257
0.454257
0.454320
0.454320
0.454320
0.454285
0.454285
0.454285
0.454320
0.454370
0.454381
0.454381
0.454394
0.454359
0.454359
0.454393
0.454443
0.454443
0.454478
0.454478
0.454477
0.454477
0.454477
0.454496
0.454532
0.454462
0.454452
0.454436
0.454464
0.454458
0.454458
0.454502
0.454497
0.454493
0.454493
0.454490
0.454490
0.454487
0.454487
0.454522
0.454569
0.454536
0.454505
0.454504
0.454504
0.454504
0.454504
0.454539
0.454539
0.454589
0.454624
0.454624
0.454624
0.454624
0.454585
0.454585
0.454571
0.454572
0.454622
0.454622
0.454622
0.454622
0.454657
0.454657
0.454657
0.454626
0.454626
0.454625
0.454625
0.454675
0.454684
0.454689
0.454699
0.454705
0.454690
0.454725
0.454769
0.454777
0.454777
0.454786
0.454796
0.454796
0.454856
0.454856
0.454856
0.454868
0.454868
0.454868
0.454850
0.454850
0.454884
0.454884
0.454884
0.454897
0.454889
0.454889
0.454939
0.454939
0.454939
0.454939
0.454907
0.454945
0.454945
0.454959
0.454959
0.454959
0.454959
0.454994
0.454987
0.454987
0.454987
0.454987
0.454987
0.454987
0.454987
0.454987
0.455005
0.454964
0.454918
0.454910
0.454939
0.454939
0.454934
0.454960
0.454956
0.454991
0.454985
0.454985
0.454982
0.455020
0.455020
0.455018
0.455018
0.454979
0.454978
0.454978
0.454977
0.454977
0.454977
0.454977
0.454943
0.454943
0.454943
0.454943
0.454942
0.454976
0.454976
0.454976
0.454977
0.454977
0.454977
0.455012
0.454977
0.454947
0.454997
0.454997
0.454997
0.454997
0.454997
0.454997
0.455006
0.455010
0.455021
0.455027
0.455034
0.455034
0.455042
0.455017
0.455017
0.455026
0.454997
0.454997
0.455007
0.455052
0.455052
0.455096
0.455063
0.455063
0.455075
0.455075
0.455075
0.455075
0.455075
0.455075
0.455088
0.455088
0.455123
0.455123
0.455123
0.455123
0.455123
0.455123
0.455085
0.455099
0.455136
0.455136
0.455136
0.455136
0.455106
0.455106
0.455106
0.455106
0.455141
0.455141
0.455065
0.455065
0.455065
0.454994
0.455022
0.455006
0.454999
0.454992
0.454992
0.454987
0.454982
0.454978
0.454978
0.454937
0.454937
0.454935
0.454935
0.454934
0.454933
0.454970
0.454970
0.454968
0.454968
0.454968
0.454968
0.455007
0.454969
0.454969
0.454969
0.454969
0.454969
0.454919
0.454881
0.454879
0.454879
0.454911
0.454911
0.454911
0.454911
0.454842
0.454880
0.454880
0.454880
0.454880
0.454850
0.454850
0.454850
0.454859
0.454900
0.454934
0.454941
0.454911
0.454916
0.454924
0.454970
0.454970
0.454948
0.454958
0.454958
0.454968
0.454968
0.455004
0.455016
0.455016
0.455047
0.455059
0.455020
0.455020
0.455020
0.455020
0.455033
0.455033
0.455033
0.455033
0.455001
0.455001
0.455001
0.455001
0.455033
0.455033
0.455046
0.455046
0.455046
0.455046
0.455046
0.455046
0.455046
0.455046
0.455046
0.455046
0.455046
0.455046
0.455046
0.455046
0.454976
0.454967
0.454950
0.454943
0.454937
0.454937
0.454893
0.454888
0.454884
0.454851
0.454847
0.454847
0.454814
0.454814
0.454783
0.454782
0.454814
0.454815
0.454844
0.454844
0.454844
0.454844
0.454811
0.454780
0.454747
0.454797
0.454797
0.454797
0.454797
0.454797
0.454830
0.454830
0.454831
0.454831
0.454831
0.454831
0.454798
0.454798
0.454798
0.454798
0.454798
0.454833
0.454833
0.454834
0.454843
0.454847
0.454818
0.454825
0.454832
0.454832
0.454840
0.454848
0.454848
0.454857
0.454867
0.454868
0.454878
0.454878
0.454878
0.454890
0.454898
0.454898
0.454910
0.454910
0.454910
0.454910
0.454910
0.454973
0.454973
0.454973
0.454973
0.454973
0.454973
0.454973
0.454973
0.455012
0.455012
0.455025
0.455025
0.455025
0.455025
0.455025
0.454949
0.454949
0.454949
0.454949
0.454949
0.454949
0.454949
0.455266
0.456151
0.458853
0.463817
0.470609
0.478943
0.488022
0.497219
0.506261
0.515339
0.524439
0.533550
0.542652
0.551900
0.561408
0.571099
0.581031
0.590975
0.601022
0.610970
0.620918
0.630786
0.640684
0.650532
0.660511
0.670359
0.679808
0.688389
0.695539
0.700990
0.704640
0.706691
0.707496
0.707465
0.707115
0.706715
0.706515
0.706464
0.706476
0.706576
0.706626
0.706476
0.706157
0.705738
0.705138
0.704557
0.704067
0.703721
0.703532
0.703456
0.703464
0.703414
0.702522
0.699984
0.695348
0.688743
0.680621
0.671704
0.662591
0.654129
0.646957
0.641468
0.637683
0.635412
0.634283
0.633790
0.633564
0.633330
0.632996
0.632476
0.631933
0.631540
0.631368
0.631408
0.631746
0.632229
0.632816
0.633359
0.633703
0.633910
0.633961
0.633961
0.633911
0.633916
0.633966
0.634016
0.634072
0.634067
0.634013
0.633958
0.633809
0.633655
0.633436
0.633327
0.633261
0.633254
0.633247
0.633252
0.633296
0.633288
0.633283
0.633283
0.633198
0.633098
0.632942
0.632755
0.632588
0.632383
0.632179
0.632057
0.631852
0.631703
0.631549
0.631395
0.631196
0.631009
0.630773
0.630569
0.630415
0.630216
0.630062
0.629858
0.629655
0.629505
0.629352
0.629180
0.629031
0.628845
0.628695
0.628492
0.628342
0.628139
0.627940
0.627786
0.627587
0.627383
0.627234
0.627039
0.626894
0.626701
0.626470
0.626323
0.626124
0.625933
0.625787
0.625588
0.625394
0.625254
0.625051
0.624862
0.624658
0.624459
0.624316
0.624117
0.623914
0.623776
0.623573
0.623373
0.623219
0.623020
0.622834
0.622680
0.622481
0.622365
0.622166
0.621962
0.621813
0.621609
0.621372
0.621218
0.621032
0.620828
0.620679
0.620475
0.620276
0.620127
0.619923
0.619774
0.619608
0.619409
0.619255
0.619056
0.618652
0.618133
0.617470
0.616766
0.616155
0.615500
0.614846
0.614191
0.613533
0.612879
0.612230
0.611611
0.610962
0.610305
0.609656
0.609002
0.608351
0.607748
0.607048
0.606355
0.605794
0.605090
0.604441
0.603800
0.603150
0.602451
0.601847
0.601236
0.600532
0.599933
0.599280
0.598718
0.598014
0.597366
0.596762
0.596063
0.595371
0.594734
0.594081
0.593382
0.592815
0.592162
0.591569
0.590866
0.590216
0.589613
0.588923
0.588274
0.587686
0.587039
0.586348
0.585750
0.585164
0.584814
0.584626
0.584499
0.584527
0.584661
0.584841
0.584993
0.585035
0.585120
0.585175
0.585291
0.585348
0.585394
0.585455
0.585362
0.585363
0.585431
0.585536
0.585651
0.585722
0.585879
0.586015
0.586126
0.586248
0.586365
0.586404
0.586452
0.586498
0.586388
0.586184
0.585980
0.585831
0.585496
0.584866
0.584217
0.583702
0.583099
0.582451
0.581778
0.581116
0.580421
0.579713
0.579056
0.578460
0.577953
0.577631
0.577276
0.576826
0.576381
0.575948
0.575559
0.575156
0.574683
0.574281
0.573884
0.573523
0.573226
0.572803
0.572457
0.572072
0.571675
0.571245
0.570762
0.570335
0.569980
0.569405
0.568812
0.568323
0.567794
0.567265
0.566713
0.566176
0.565783
0.565221
0.564644
0.564187
0.563667
0.563153
0.562676
0.562094
0.561562
0.561050
0.560522
0.559994
0.559432
0.558962
0.558404
0.557985
0.557465
0.556930
0.556452
0.555941
0.555465
0.554916
0.554350
0.553793
0.553269
0.552755
0.552241
0.551723
0.551243
0.550762
0.550258
0.549783
0.549241
0.548678
0.548072
0.547616
0.547003
0.546492
0.545897
0.545500
0.544936
0.544606
0.544452
0.544248
0.544047
0.543836
0.543402
0.542967
0.542420
0.541777
0.541172
0.540502
0.539968
0.539698
0.539395
0.539187
0.538789
0.538338
0.537863
0.537344
0.536791
0.536376
0.535935
0.535361
0.534935
0.534411
0.533721
0.533299
0.532741
0.532274
0.531800
0.531282
0.530796
0.530309
0.529920
0.529365
0.528885
0.528436
0.527938
0.527442
0.526987
0.526527
0.526050
0.525682
0.525212
0.524819
0.524467
0.524131
0.523635
0.523074
0.522660
0.522291
0.521880
0.521431
0.520994
0.520501
0.519985
0.519583
0.519280
0.518816
0.518437
0.517972
0.517569
0.516980
0.516725
0.516265
0.515861
0.515429
0.514924
0.514596
0.514195
0.513811
0.513441
0.512981
0.512636
0.512253
0.511772
0.511452
0.511006
0.510655
0.510245
0.509831
0.509449
0.509014
0.508612
0.508223
0.507815
0.507451
0.507063
0.506598
0.506267
0.505941
0.505460
0.505142
0.504647
0.504302
0.503888
0.503491
0.503135
0.502680
0.502322
0.501966
0.501514
0.501090
0.500664
0.500183
0.499732
0.499389
0.498860
0.498453
0.497997
0.497584
0.497011
0.496483
0.496039
0.495588
0.495099
0.494787
0.494368
0.494014
0.493624
0.493175
0.492770
0.492445
0.492036
0.491696
0.491244
0.490799
0.490562
0.490118
0.489744
0.489427
0.488980
0.488524
0.488178
0.487773
0.487409
0.487046
0.486673
0.486315
0.485947
0.485563
0.485177
0.484849
0.484497
0.484232
0.483984
0.483843
0.483640
0.483453
0.483242
0.483100
0.482860
0.482610
0.482297
0.482082
0.481765
0.481379
0.481006
0.480698
0.480379
0.479954
0.479663
0.479406
0.479167
0.478963
0.478765
0.478632
0.478467
0.478203
0.478023
0.477784
0.477554
0.477169
0.476875
0.476579
0.476230
0.475879
0.475562
0.475267
0.474922
0.474589
0.474385
0.474143
0.473973
0.473789
0.473583
0.473361
0.473144
0.472904
0.472714
0.472397
0.472131
0.471822
0.471482
0.471182
0.470883
0.470537
0.470205
0.469905
0.469673
0.469357
0.469048
0.468795
0.468473
0.468203
0.467951
0.467637
0.467362
0.467124
0.466827
0.466577
0.466346
0.466129
0.465952
0.465753
0.465568
0.465328
0.465073
0.464821
0.464549
0.464240
0.463991
0.463704
0.463391
0.463111
0.462798
0.462498
0.462126
0.461752
0.461510
0.461259
0.460955
0.460817
0.460568
0.460351
0.460139
0.459924
0.459649
0.459388
0.459166
0.458874
0.458577
0.458265
0.458038
0.457862
0.457606
0.457414
0.457207
0.457011
0.456775
0.456516
0.456377
0.456119
0.455914
0.455636
0.455466
0.455177
0.455013
0.454707
0.454474
0.454291
0.454038
0.453890
0.453636
0.453428
0.453300
0.453029
0.452837
0.452632
0.452390
0.452185
0.451942
0.451748
0.451516
0.451265
0.451068
0.450917
0.450671
0.450410
0.450254
0.450000
0.449787
0.449639
0.449385
0.449181
0.449051
0.448805
0.448593
0.448304
0.448089
0.447856
0.447552
0.447297
0.447082
0.446822
0.446510
0.446272
0.445912
0.445563
0.445213
0.444671
0.444188
0.443756
0.443261
0.442859
0.442359
0.441786
0.441317
0.440786
0.440322
0.439890
0.439409
0.438983
0.438461
0.437955
0.437498
0.437135
0.436660
0.436344
0.436062
0.435652
0.435226
0.434857
0.434501
0.434093
0.433660
0.433213
0.432865
0.432415
0.431996
0.431622
0.431114
0.430718
0.430269
0.429835
0.429364
0.428980
0.428552
0.428069
0.427593
0.427101
0.426671
0.426184
0.425699
0.425144
0.424651
0.424191
0.423620
0.423129
0.422666
0.422134
0.421571
0.420945
0.420431
0.419877
0.419344
0.418751
0.418151
0.417571
0.417044
0.416512
0.415904
0.415258
0.414760
0.414030
0.413549
0.412919
0.412382
0.411779
0.411073
0.410483
0.409819
0.409328
0.408680
0.408090
0.407432
0.406833
0.406294
0.405607
0.404957
0.404284
0.403680
0.403100
0.402425
0.401792
0.401216
0.400645
0.400044
0.399324
0.398765
0.398149
0.397683
0.397020
0.396328
0.395696
0.394935
0.394283
0.393572
0.392845
0.392107
0.391434
0.390736
0.390237
0.389844
0.389632
0.389330
0.389130
0.389031
0.388867
0.388778
0.388384
0.387985
0.387370
0.386810
0.386187
0.385409
0.384808
0.384195
0.383473
0.382852
0.382264
0.381626
0.380955
0.380365
0.379715
0.379083
0.378511
0.377890
0.377313
0.376810
0.376195
0.375650
0.375114
0.374503
0.373991
0.373627
0.373368
0.373099
0.373056
0.372901
0.372802
0.372842
0.372802
0.372721
0.372720
0.372470
0.372053
0.371592
0.371182
0.370717
0.370209
0.369718
0.369163
0.368889
0.368674
0.368579
0.368434
0.368392
0.368440
0.368433
0.368333
0.368327
0.368162
0.367966
0.367686
0.367274
0.366801
0.366276
0.365850
0.365369
0.364699
0.364371
0.364056
0.363899
0.363778
0.363558
0.363593
0.363528
0.363465
0.363375
0.363090
0.362761
0.362348
0.361922
0.361456
0.361006
0.360570
0.360061
0.359760
0.359487
0.359296
0.359116
0.359028
0.358940
0.358756
0.358689
0.358478
0.358124
0.357808
0.357421
0.356994
0.356511
0.356039
0.355667
0.355213
0.354747
0.354413
0.354168
0.353934
0.353702
0.353534
0.353241
0.353044
0.352895
0.352528
0.352201
0.351758
0.351394
0.351056
0.350874
0.350668
0.350590
0.350356
0.350404
0.350397
0.350517
0.350560
0.350381
0.350065
0.349653
0.349255
0.348781
0.348390
0.347895
0.347352
0.346877
0.346353
0.345805
0.345230
0.344689
0.344033
0.343550
0.343022
0.342388
0.341809
0.341281
0.340742
0.340218
0.339603
0.339017
0.338407
0.337887
0.337269
0.336770
0.336153
0.335646
0.335013
0.334537
0.333840
0.333291
0.332685
0.332089
0.331382
0.330793
0.330133
0.329565
0.328850
0.328293
0.327700
0.327053
0.326467
0.325827
0.325232
0.324555
0.323941
0.323378
0.322713
0.322069
0.321403
0.320775
0.320077
0.319447
0.318802
0.318185
0.317507
0.316918
0.316207
0.315547
0.314910
0.314273
0.313597
0.313010
0.312328
0.311710
0.311024
0.310346
0.309615
0.309060
0.308361
0.307758
0.307044
0.306428
0.305804
0.305158
0.304523
0.303930
0.303214
0.302636
0.302010
0.301392
0.300834
0.300283
0.299615
0.299082
0.298504
0.297875
0.297286
0.296728
0.296205
0.295605
0.295090
0.294492
0.293957
0.293408
0.292972
0.292471
0.291867
0.291371
0.290842
0.290301
0.289874
0.289396
0.288826
0.288313
0.287814
0.287309
0.286829
0.286392
0.285926
0.285435
0.284968
0.284545
0.284066
0.283583
0.283120
0.282694
0.282276
0.281863
0.281339
0.280922
0.280513
0.280097
0.279593
0.279115
0.278674
0.278270
0.277860
0.277435
0.276975
0.276513
0.276142
0.275777
0.275367
0.274945
0.274629
0.274245
0.273862
0.273554
0.273198
0.272853
0.272490
0.272154
0.271712
0.271416
0.271003
0.270639
0.270347
0.269950
0.269563
0.269224
0.268781
0.268486
0.268111
0.267669
0.267337
0.266899
0.266519
0.266132
0.265764
0.265328
0.264954
0.264530
0.264145
0.263796
0.263385
0.263006
0.262580
0.262106
0.261686
0.261347
0.260881
0.260401
0.259907
0.259497
0.258993
0.258588
0.258163
0.257694
0.257328
0.256764
0.256233
0.255781
0.255214
0.254807
0.254341
0.253820
0.253293
0.252748
0.252235
0.251727
0.251150
0.250634
0.250174
0.249616
0.249160
0.248610
0.248053
0.247533
0.247037
0.246440
0.245884
0.245408
0.244855
0.244237
0.243759
0.243187
0.242647
0.242109
0.241506
0.241039
0.240589
0.240043
0.239456
0.238815
0.238242
0.237597
0.237203
0.236638
0.236202
0.235686
0.235205
0.234561
0.234188
0.233747
0.233234
0.232748
0.232283
0.231826
0.231439
0.230822
0.230392
0.229932
0.229411
0.228976
0.228621
0.228184
0.227702
0.227286
0.226885
0.226448
0.226067
0.225592
0.225198
0.224801
0.224402
0.224126
0.223793
0.223420
0.223048
0.222672
0.222374
0.221981
0.221671
0.221416
0.221094
0.220727
0.220338
0.220080
0.219765
0.219429
0.219074
0.218772
0.218454
0.218141
0.217840
0.217531
0.217165
0.216883
0.216627
0.216154
0.215791
0.215446
0.215110
0.214713
0.214406
0.214054
0.213628
0.213256
0.212872
0.212538
0.212096
0.211666
0.211320
0.211047
0.210685
0.210186
0.209813
0.209441
0.209066
0.208690
0.208311
0.207932
0.207533
0.207157
0.206734
0.206316
0.205940
0.205515
0.205109
0.204731
0.204329
0.203908
0.203590
0.203136
0.202672
0.202193
0.201746
0.201375
0.200940
0.200548
0.200074
0.199734
0.199294
0.198890
0.198390
0.198177
0.197750
0.197268
0.196937
0.196574
0.196071
0.195595
0.195216
0.194730
0.194389
0.193945
0.193486
0.193069
0.192659
0.192348
0.191830
0.191356
0.190981
0.190520
0.190085
0.189696
0.189215
0.188760
0.188360
0.187948
0.187594
0.187305
0.186760
0.186261
0.185894
0.185439
0.185077
0.184621
0.184190
0.183901
0.183494
0.183055
0.182640
0.182290
0.181814
0.181477
0.181222
0.180754
0.180272
0.179866
0.179439
0.179091
0.178599
0.178285
0.177952
0.177618
0.177126
0.176737
0.176332
0.175926
0.175569
0.175227
0.174884
0.174463
0.174108
0.173729
0.173326
0.173001
0.172549
0.172208
0.171747
0.171437
0.170977
0.170545
0.170216
0.169787
0.169441
0.168985
0.168760
0.168442
0.168082
0.167760
0.167344
0.167099
0.166767
0.166412
0.166022
0.165609
0.165259
0.164886
0.164618
0.164280
0.163969
0.163608
0.163331
0.162998
0.162772
0.162423
0.162095
0.161760
0.161400
0.161028
0.160685
0.160301
0.159982
0.159686
0.159410
0.159034
0.158722
0.158337
0.157955
0.157616
0.157200
0.156935
0.156590
0.156410
0.155978
0.155669
0.155320
0.155013
0.154631
0.154301
0.153924
0.153452
0.153125
0.152731
0.152358
0.151984
0.151640
0.151249
0.150876
0.150508
0.150143
0.149800
0.149325
0.149024
0.148607
0.148220
0.147833
0.147408
0.146984
0.146589
0.146098
0.145666
0.145316
0.144786
0.144366
0.144001
0.143556
0.143127
0.142727
0.142196
0.141823
0.141365
0.140930
0.140606
0.140176
0.139643
0.139235
0.138803
0.138419
0.137863
0.137379
0.137048
0.136487
0.136122
0.135605
0.135123
0.134742
0.134216
0.133784
0.133274
0.132708
0.132311
0.131853
0.131292
0.130869
0.130483
0.130059
0.129553
0.129148
0.128686
0.128283
0.127745
0.127183
0.126697
0.126239
0.125755
0.125212
0.124726
0.124189
0.123745
0.123214
0.122750
0.122289
0.121863
0.121292
0.120904
0.120413
0.119875
0.119505
0.119175
0.118749
0.118340
0.117778
0.117323
0.116839
0.116339
0.115926
0.115455
0.114952
0.114499
0.114089
0.113627
0.113160
0.112681
0.112143
0.111680
0.111279
0.110795
0.110396
0.109921
0.109556
0.109133
0.108642
0.108226
0.107803
0.107515
0.107234
0.106779
0.106272
0.105890
0.105397
0.104976
0.104607
0.104185
0.103865
0.103466
0.102978
0.102587
0.102240
0.101779
0.101354
0.101016
0.100690
0.100193
0.099866
0.099486
0.099114
0.098658
0.098315
0.097955
0.097612
0.097168
0.096784
0.096417
0.096227
0.095883
0.095491
0.095146
0.094761
0.094467
0.094113
0.093743
0.093452
0.093203
0.092724
0.092342
0.091985
0.091653
0.091289
0.090913
0.090605
0.090272
0.090020
0.089650
0.089263
0.089026
0.088711
0.088377
0.088104
0.087839
0.087490
0.087161
0.086867
0.086447
0.086126
0.085828
0.085624
0.085376
0.085143
0.084737
0.084451
0.084169
0.083850
0.083518
0.083226
0.082917
0.082671
0.082334
0.081979
0.081693
0.081359
0.081114
0.080840
0.080444
0.080142
0.079889
0.079612
0.079273
0.078997
0.078696
0.078421
0.078207
0.077867
0.077532
0.077272
0.076939
0.076729
0.076490
0.076192
0.075927
0.075672
0.075378
0.075069
0.074792
0.074533
0.074280
0.074016
0.073722
0.073380
0.073118
0.072788
0.072506
0.072292
0.072017
0.071718
0.071434
0.071109
0.070850
0.070578
0.070274
0.070004
0.069690
0.069433
0.069249
0.068981
0.068763
0.068477
0.068216
0.067947
0.067625
0.067360
0.067172
0.066878
0.066610
0.066307
0.066017
0.065769
0.065550
0.065356
0.065066
0.064848
0.064689
0.064435
0.064144
0.063929
0.063724
0.063521
0.063321
0.063128
0.062941
0.062727
0.062516
0.062224
0.062050
0.061807
0.061649
0.061362
0.061119
0.060877
0.060589
0.060420
0.060193
0.059955
0.059716
0.059444
0.059187
0.058854
0.058568
0.058274
0.058023
0.057687
0.057303
0.057024
0.056713
0.056411
0.056085
0.055698
0.055444
0.055060
0.054796
0.054520
0.054141
0.053824
0.053585
0.053305
0.052952
0.052661
0.052352
0.052089
0.051749
0.051421
0.051148
0.050829
0.050451
0.050237
0.049869
0.049526
0.049302
0.049054
0.048758
0.048541
0.048193
0.047880
0.047660
0.047318
0.047075
0.046735
0.046459
0.046119
0.045850
0.045500
0.045225
0.044984
0.044677
0.044422
0.044133
0.043879
0.043635
0.043346
0.043065
0.042761
0.042605
0.042284
0.042141
0.041935
0.041781
0.041217
0.041015
0.040649
0.040426
0.040186
0.039992
0.039773
0.039580
0.039289
0.039202
0.039087
0.038853
0.038720
0.038545
0.038411
0.038304
0.038150
0.037921
0.037836
0.037678
0.037588
0.037392
0.037348
0.037161
0.037026
0.036928
0.036819
0.036673
0.036627
0.036441
0.036392
0.036225
0.036140
0.036060
0.035987
0.035902
0.035793
0.035723
0.035673
0.035602
0.035467
0.035448
0.035361
0.035259
0.035207
0.035175
0.035087
0.035033
0.035088
0.034939
0.034891
0.034885
0.034857
0.034756
0.034779
0.034687
0.034685
0.034614
0.034585
0.034552
0.034523
0.034443
0.034478
0.034346
0.034339
0.034283
0.034325
0.034277
0.034274
0.034184
0.034143
0.034164
0.034104
0.034087
0.034047
0.034065
0.033932
0.033983
0.033934
0.033946
0.033829
0.033844
0.033880
0.033957
0.033868
0.033813
0.033823
0.033839
0.033817
0.033780
0.033759
0.033649
0.033648
0.033562
0.033504
0.033535
0.033471
0.033497
0.033459
0.033466
0.033495
0.033514
0.033401
0.033397
0.033393
0.033416
0.033406
0.033356
0.033419
0.033375
0.033380
0.033376
0.033372
0.033314
0.033406
0.033347
0.033367
0.033307
0.033328
0.033376
0.033411
0.033317
0.033299
0.033367
0.033425
0.033430
0.033407
0.033453
0.033386
0.033388
0.033431
0.033371
0.033397
0.033386
0.033367
0.033354
0.033341
0.033399
0.033457
0.033447
0.033480
0.033400
0.033396
0.033424
0.033449
0.033432
0.033436
0.033511
0.033501
0.033486
0.033505
0.033543
0.033512
0.033523
0.033499
0.033487
0.033500
0.033433
0.033467
0.033467
0.033553
0.033549
0.033509
0.033457
0.033466
0.033531
0.033514
0.033503
0.033525
0.033505
0.033420
0.033387
0.033377
0.033363
0.033391
0.033391
0.033387
0.033377
0.033341
0.033332
0.033372
0.033349
0.033322
0.033326
0.033229
0.033140
0.033140
0.033154
0.033021
0.033069
0.033066
0.033064
0.033063
0.033068
0.033121
0.033054
0.033049
0.033071
0.033032
0.032962
0.032935
0.032886
0.032904
0.032898
0.032899
0.032907
0.032896
0.032815
0.032841
0.032805
0.032773
0.032783
0.032774
0.032698
0.032709
0.032704
0.032655
0.032609
0.032601
0.032590
0.032611
0.032612
0.032665
0.032665
0.032581
0.032532
0.032524
0.032451
0.032457
0.032464
0.032416
0.032376
0.032352
0.032370
0.032413
0.032448
0.032405
0.032360
0.032371
0.032360
0.032360
0.032350
0.032301
0.032211
0.032256
0.032225
0.032225
0.032251
0.032229
0.032179
0.032223
0.032219
0.032186
0.032160
0.032069
0.032066
0.032041
0.031993
0.031993
0.032046
0.031883
0.031883
0.031883
0.031882
0.031889
0.031847
0.031822
0.031846
0.031887
0.031840
0.031774
0.031733
0.031673
0.031651
0.031648
0.031593
0.031546
0.031564
0.031526
0.031474
0.031451
0.031481
0.031435
0.031401
0.031376
0.031328
0.031328
0.031335
0.031309
0.031203
0.031229
0.031286
0.031253
0.031234
0.031255
0.031215
0.031171
0.031171
0.031114
0.031114
0.031093
0.031093
0.031053
0.031064
0.031078
0.031062
0.031062
0.031049
0.031008
0.030967
0.030967
0.030967
0.030898
0.030911
0.030974
0.030974
0.030894
0.030903
0.030867
0.030917
0.030912
0.030919
0.030919
0.030876
0.030901
0.030882
0.030891
0.030901
0.030901
0.030929
0.030889
0.030851
0.030892
0.030950
0.030930
0.030942
0.030942
0.030942
0.030906
0.030850
0.030825
0.030825
0.030825
0.030856
0.030800
0.030800
0.030800
0.030856
0.030859
0.030803
0.030781
0.030781
0.030781
0.030781
0.030734
0.030734
0.030698
0.030698
0.030732
0.030755
0.030700
0.030685
0.030685
0.030613
