1.548042
1.380633
1.222898
1.111826
1.050602
1.025081
1.017796
1.018710
1.019406
1.018917
1.017897
1.016932
1.016487
1.016186
1.016188
1.015945
1.015306
1.014383
1.013018
1.011482
1.009864
1.007883
1.005886
1.004198
1.002434
1.000387
0.998377
0.996038
0.994060
0.991946
0.989782
0.987731
0.985697
0.983360
0.981364
0.979185
0.976915
0.974792
0.972705
0.970477
0.968147
0.965978
0.963664
0.961663
0.959529
0.957758
0.955791
0.953634
0.951578
0.950130
0.948503
0.947113
0.945780
0.944508
0.943095
0.941603
0.939969
0.938320
0.936831
0.935299
0.933836
0.932402
0.931006
0.929543
0.928038
0.926497
0.925050
0.923614
0.922191
0.920529
0.919077
0.917476
0.916383
0.915143
0.913359
0.911434
0.909455
0.907264
0.905277
0.903267
0.901121
0.898942
0.897005
0.894670
0.892864
0.890726
0.888703
0.886681
0.884719
0.882519
0.880793
0.878799
0.876923
0.875020
0.873130
0.871554
0.869464
0.867899
0.865942
0.864086
0.862323
0.860474
0.858802
0.857046
0.855312
0.853768
0.852203
0.850424
0.848800
0.847205
0.845430
0.843555
0.841779
0.840048
0.838303
0.836583
0.834925
0.833046
0.831156
0.829397
0.827729
0.825994
0.824117
0.822215
0.820412
0.818602
0.816836
0.815179
0.813513
0.811665
0.809882
0.808188
0.806715
0.804929
0.803033
0.801459
0.799761
0.798102
0.796520
0.794900
0.793233
0.791482
0.789948
0.788264
0.786798
0.785420
0.783822
0.782063
0.780174
0.778715
0.777086
0.775410
0.773970
0.772526
0.770865
0.769166
0.767484
0.765522
0.763318
0.761184
0.758714
0.756594
0.754364
0.752166
0.750008
0.748011
0.745955
0.744050
0.742502
0.740320
0.738625
0.736848
0.735136
0.733189
0.731237
0.729506
0.727312
0.724971
0.722722
0.720769
0.718662
0.716475
0.713918
0.712032
0.709957
0.707836
0.705361
0.703225
0.701304
0.699086
0.696793
0.694410
0.692619
0.690544
0.688328
0.686070
0.684479
0.683084
0.680984
0.678760
0.676537
0.674436
0.672519
0.670384
0.668229
0.666515
0.664893
0.662447
0.660374
0.658284
0.656161
0.654165
0.652060
0.650023
0.647785
0.645758
0.643678
0.641475
0.639251
0.637389
0.635312
0.633065
0.631032
0.629200
0.627048
0.624835
0.622610
0.620802
0.618778
0.616571
0.614371
0.612134
0.610318
0.608425
0.606142
0.603822
0.601793
0.599853
0.597967
0.595878
0.593641
0.591535
0.589710
0.587983
0.585820
0.583565
0.581336
0.579541
0.577951
0.576206
0.574011
0.571753
0.569634
0.567649
0.566055
0.564105
0.561927
0.559809
0.557683
0.556061
0.554333
0.552659
0.550766
0.548737
0.547117
0.545410
0.543662
0.541693
0.539785
0.538117
0.536396
0.534377
0.532593
0.531034
0.529157
0.527210
0.525593
0.523832
0.522265
0.520602
0.518980
0.517330
0.515585
0.513922
0.512336
0.510803
0.509241
0.507652
0.506095
0.504609
0.502961
0.501333
0.499866
0.498231
0.496693
0.495226
0.493740
0.492369
0.490837
0.489276
0.487632
0.486164
0.484650
0.482989
0.481466
0.480047
0.478596
0.477015
0.475576
0.474196
0.472789
0.471354
0.470011
0.468775
0.467623
0.466532
0.465556
0.464381
0.463421
0.462331
0.461300
0.460308
0.458914
0.457642
0.456330
0.455081
0.453682
0.452582
0.451230
0.450014
0.448729
0.447561
0.446390
0.444960
0.443819
0.442772
0.441790
0.440715
0.439611
0.438520
0.437649
0.436666
0.435616
0.434626
0.433475
0.432599
0.431436
0.430512
0.429505
0.428653
0.427612
0.426709
0.425739
0.424826
0.423799
0.422842
0.422024
0.420997
0.420105
0.419138
0.418392
0.417575
0.416501
0.415756
0.414891
0.414085
0.413179
0.412257
0.411322
0.410557
0.409439
0.408428
0.407620
0.406674
0.405798
0.404828
0.403974
0.403149
0.402334
0.401335
0.400587
0.399669
0.398803
0.398096
0.397287
0.396484
0.395573
0.394917
0.394023
0.393326
0.392622
0.391755
0.391054
0.390200
0.389512
0.388793
0.388192
0.387460
0.386760
0.386064
0.385277
0.384503
0.383742
0.382960
0.382296
0.381752
0.381085
0.380233
0.379524
0.378832
0.378061
0.377507
0.376874
0.376163
0.375494
0.374793
0.374137
0.373569
0.372921
0.372258
0.371675
0.371028
0.370391
0.369773
0.369193
0.368484
0.367965
0.367312
0.366744
0.366215
0.365654
0.365035
0.364612
0.363949
0.363290
0.362734
0.362234
0.361581
0.361098
0.360467
0.359919
0.359413
0.358897
0.358336
0.357955
0.357320
0.356742
0.356466
0.355835
0.355439
0.354972
0.354541
0.353907
0.353568
0.353041
0.352699
0.352102
0.351702
0.351380
0.350839
0.350499
0.349996
0.349749
0.349427
0.348941
0.348567
0.348222
0.347940
0.347578
0.347069
0.346804
0.346497
0.346169
0.345780
0.345464
0.345158
0.344889
0.344664
0.344335
0.344112
0.343952
0.343606
0.343354
0.343111
0.342890
0.342642
0.342358
0.342098
0.341836
0.341675
0.341523
0.341326
0.341042
0.340977
0.340702
0.340550
0.340500
0.340338
0.340112
0.339963
0.339830
0.339600
0.339368
0.339309
0.339236
0.339130
0.338936
0.338915
0.338846
0.338725
0.338678
0.338602
0.338440
0.338370
0.338379
0.338344
0.338311
0.338198
0.338075
0.338064
0.338012
0.337963
0.337910
0.337976
0.338017
0.337963
0.337887
0.337930
0.337983
0.337943
0.337969
0.337884
0.337875
0.337887
0.337885
0.338019
0.337897
0.337884
0.337869
0.337985
0.338067
0.338035
0.338168
0.338227
0.338212
0.338269
0.338323
0.338241
0.338385
0.338352
0.338404
0.338589
0.338533
0.338595
0.338674
0.338758
0.338908
0.339001
0.338975
0.339092
0.339187
0.339299
0.339418
0.339500
0.339629
0.339562
0.339726
0.339764
0.339933
0.340012
0.340036
0.340259
0.340335
0.340422
0.340468
0.340620
0.340761
0.340894
0.341086
0.341103
0.341223
0.341280
0.341401
0.341461
0.341649
0.341785
0.341863
0.342038
0.342097
0.342302
0.342336
0.342512
0.342584
0.342685
0.342936
0.342912
0.343082
0.343126
0.343247
0.343379
0.343528
0.343616
0.343706
0.343888
0.344110
0.344212
0.344366
0.344494
0.344684
0.344798
0.344815
0.345019
0.345224
0.345282
0.345422
0.345587
0.345737
0.345881
0.345956
0.346031
0.346101
0.346192
0.346276
0.346433
0.346557
0.346630
0.346757
0.346837
0.346937
0.347060
0.347203
0.347266
0.347279
0.347354
0.347528
0.347585
0.347659
0.347715
0.347801
0.347811
0.347857
0.347970
0.348056
0.348142
0.348242
0.348268
0.348428
0.348397
0.348464
0.348550
0.348651
0.348619
0.348740
0.348814
0.348905
0.348894
0.349021
0.349075
0.349184
0.349201
0.349217
0.349312
0.349418
0.349429
0.349462
0.349565
0.349622
0.349647
0.349760
0.349776
0.349866
0.349839
0.349892
0.350038
0.350017
0.350083
0.350094
0.350176
0.350267
0.350293
0.350293
0.350320
0.350276
0.350346
0.350334
0.350407
0.350518
0.350567
0.350617
0.350593
0.350707
0.350743
0.350793
0.350824
0.350847
0.350946
0.350995
0.350958
0.351042
0.351082
0.351206
0.351256
0.351328
0.351332
0.351381
0.351423
0.351554
0.351524
0.351574
0.351555
0.351604
0.351646
0.351712
0.351762
0.351775
0.351839
0.351873
0.351934
0.352075
0.352169
0.352175
0.352189
0.352283
0.352252
0.352215
0.352254
0.352303
0.352424
0.352485
0.352604
0.352611
0.352695
0.352798
0.352808
0.352853
0.352863
0.352941
0.353029
0.352995
0.353081
0.353081
0.353093
0.353143
0.353210
0.353235
0.353322
0.353372
0.353365
0.353503
0.353545
0.353525
0.353575
0.353616
0.353680
0.353730
0.353694
0.353744
0.353789
0.353842
0.353867
0.353858
0.353838
0.353886
0.353962
0.353979
0.353991
0.354014
0.354047
0.354142
0.354189
0.354185
0.354151
0.354173
0.354201
0.354282
0.354186
0.354220
0.354336
0.354342
0.354297
0.354310
0.354337
0.354431
0.354431
0.354500
0.354548
0.354548
0.354594
0.354611
0.354611
0.354655
0.354696
0.354711
0.354730
0.354730
0.354831
0.354857
0.354857
0.354950
0.354916
0.354953
0.354953
0.355003
0.354959
0.355015
0.354996
0.354972
0.355056
0.355114
0.355137
0.355097
0.355109
0.355217
0.355282
0.355239
0.355277
0.355269
0.355349
0.355354
0.355365
0.355433
0.355409
0.355458
0.355427
0.355498
0.355498
0.355512
0.355555
0.355573
0.355533
0.355578
0.355625
0.355590
0.355609
0.355623
0.355636
0.355636
0.355640
0.355703
0.355673
0.355711
0.355680
0.355769
0.355832
0.355900
0.355837
0.355837
0.355837
0.355893
0.355947
0.355960
0.355983
0.355892
0.355909
0.355907
0.355972
0.355915
0.355915
0.355998
0.355946
0.355973
0.355930
0.355949
0.356031
0.356012
0.356065
0.356008
0.355969
0.355933
0.355997
0.355995
0.356036
0.356059
0.355977
0.355894
0.355913
0.355940
0.356059
0.356059
0.356104
0.356159
0.356179
0.356097
0.356097
0.356097
0.356055
0.356055
0.355982
0.355955
0.356029
0.356029
0.355979
0.356048
0.356078
0.356077
0.356068
0.356068
0.356068
0.356193
0.356078
0.356078
0.355997
0.355997
0.356018
0.355979
0.356008
0.356008
0.356008
0.356118
0.356092
0.356140
0.356219
0.356141
0.356137
0.356145
0.356124
0.356132
0.356093
0.356103
0.356103
0.356185
0.356173
0.356173
0.356184
0.356266
0.356286
0.356299
0.356285
0.356296
0.356279
0.356234
0.356213
0.356212
0.356243
0.356277
0.356313
0.356313
0.356342
0.356299
0.356296
0.356287
0.356278
0.356277
0.356307
0.356307
0.356269
0.356269
0.356269
0.356269
0.356269
0.356237
0.356237
0.356197
0.356125
0.356122
0.356180
0.356205
0.356229
0.356198
0.356193
0.356188
0.356179
0.356175
0.356171
0.356134
0.356132
0.356132
0.356103
0.356101
0.356094
0.356055
0.356054
0.356054
0.356123
0.356166
0.356138
0.356088
0.356087
0.356087
0.356049
0.356049
0.356010
0.356010
0.356010
0.355952
0.355952
0.355929
0.355893
0.355928
0.355997
0.356014
0.356014
0.355988
0.355988
0.355957
0.355957
0.355957
0.355957
0.355927
0.355932
0.355880
0.355887
0.355922
0.355946
0.355954
0.355994
0.355994
0.356042
0.356029
0.355933
0.355913
0.355913
0.355948
0.355926
0.355926
0.355934
0.355924
0.355924
0.355924
0.355915
0.355876
0.355932
0.355957
0.355987
0.355987
0.355967
0.355886
0.355847
0.355847
0.355847
0.355847
0.355811
0.355842
0.355842
0.355822
0.355822
0.355860
0.355829
0.355873
0.355834
0.355868
0.355868
0.355868
0.355799
0.355728
0.355754
0.355722
0.355715
0.355708
0.355677
0.355672
0.355637
0.355706
0.355675
0.355710
0.355710
0.355707
0.355707
0.355707
0.355705
0.355690
0.355683
0.355646
0.355646
0.355576
0.355576
0.355615
0.355614
0.355614
0.355550
0.355550
0.355550
0.355550
0.355550
0.355539
0.355539
0.355501
0.355501
0.355489
0.355489
0.355489
0.355458
0.355461
0.355461
0.355489
0.355489
0.355524
0.355462
0.355462
0.355472
0.355476
0.355521
0.355528
0.355500
0.355500
0.355498
0.355507
0.355469
0.355478
0.355488
0.355488
0.355499
0.355534
0.355534
0.355538
0.355538
0.355538
0.355550
0.355550
0.355518
0.355518
0.355490
0.355502
0.355496
0.355531
0.355557
0.355557
0.355532
0.355532
0.355535
0.355503
0.355503
0.355462
0.355462
0.355423
0.355423
0.355423
0.355423
0.355423
0.355423
0.355423
0.355475
0.355518
0.355518
0.355447
0.355400
0.355383
0.355376
0.355402
0.355402
0.355395
0.355390
0.355390
0.355386
0.355383
0.355383
0.355380
0.355380
0.355381
0.355379
0.355347
0.355383
0.355417
0.355417
0.355417
0.355367
0.355367
0.355369
0.355404
0.355404
0.355404
0.355404
0.355404
0.355404
0.355404
0.355404
0.355478
0.355479
0.355479
0.355479
0.355479
0.355448
0.355409
0.355409
0.355415
0.355378
0.355378
0.355413
0.355330
0.355369
0.355452
0.355456
0.355474
0.355480
0.355487
0.355487
0.355495
0.355498
0.355507
0.355507
0.355527
0.355527
0.355573
0.355535
0.355570
0.355582
0.355622
0.355622
0.355644
0.355670
0.355670
0.355670
0.355670
0.355683
0.355683
0.355683
0.355669
0.355669
0.355702
0.355752
0.355752
0.355752
0.355766
0.355779
0.355815
0.355815
0.355815
0.355815
0.355815
0.355783
0.355798
0.355798
0.355760
0.355710
0.355755
0.355720
0.355711
0.355711
0.355704
0.355697
0.355697
0.355731
0.355768
0.355768
0.355764
0.355697
0.355697
0.355694
0.355694
0.355694
0.355728
0.355746
0.355746
0.355787
0.355787
0.355826
0.355826
0.355826
0.355845
0.355845
0.355845
0.355795
0.355795
0.355757
0.355792
0.355848
0.355848
0.355848
0.355849
0.355888
0.355888
0.355844
0.355867
0.355867
0.355867
0.355867
0.355867
0.355867
0.355890
0.355967
0.355976
0.355981
0.355991
0.355997
0.356004
0.356028
0.356036
0.356045
0.356045
0.356054
0.356064
0.356089
0.356099
0.356099
0.356135
0.356146
0.356146
0.356146
0.356184
0.356184
0.356184
0.356184
0.356184
0.356197
0.356223
0.356223
0.356223
0.356259
0.356259
0.356294
0.356344
0.356372
0.356417
0.356431
0.356393
0.356361
0.356361
0.356389
0.356431
0.356431
0.356431
0.356431
0.356431
0.356431
0.356461
0.356496
0.356426
0.356417
0.356400
0.356393
0.356387
0.356417
0.356412
0.356407
0.356365
0.356365
0.356362
0.356388
0.356417
0.356417
0.356390
0.356424
0.356424
0.356424
0.356423
0.356423
0.356455
0.356405
0.356405
0.356431
0.356445
0.356495
0.356495
0.356495
0.356528
0.356563
0.356563
0.356563
0.356599
0.356635
0.356634
0.356634
0.356668
0.356668
0.356668
0.356668
0.356668
0.356668
0.356668
0.356668
0.356668
0.356639
0.356643
0.356654
0.356688
0.356695
0.356695
0.356738
0.356747
0.356747
0.356791
0.356851
0.356851
0.356862
0.356862
0.356829
0.356841
0.356841
0.356841
0.356853
0.356889
0.356921
0.356921
0.356889
0.356901
0.356901
0.356901
0.356904
0.356946
0.356946
0.356983
0.356983
0.356983
0.356983
0.356997
0.356997
0.356997
0.356997
0.356997
0.356965
0.357015
0.357051
0.357089
0.357089
0.357089
0.357089
0.357019
0.357009
0.356993
0.356986
0.357015
0.357015
0.357009
0.356975
0.357014
0.357009
0.357006
0.357006
0.357003
0.357003
0.357003
0.357028
0.357067
0.357067
0.357066
0.357037
0.356987
0.356948
0.356948
0.356988
0.357038
0.357038
0.357038
0.357038
0.357038
0.357045
0.357045
0.357045
0.357085
0.357085
0.357085
0.357085
0.357085
0.357046
0.357046
0.357019
0.357019
0.357061
0.357061
0.357061
0.357061
0.357061
0.357070
0.357074
0.357098
0.357104
0.357111
0.357111
0.357119
0.357051
0.357060
0.357110
0.357120
0.357096
0.357189
0.357225
0.357225
0.357278
0.357278
0.357352
0.357364
0.357340
0.357303
0.357303
0.357303
0.357277
0.357320
0.357320
0.357297
0.357335
0.357335
0.357335
0.357335
0.357335
0.357348
0.357350
0.357328
0.357328
0.357328
0.357328
0.357328
0.357328
0.357289
0.357269
0.357269
0.357319
0.357319
0.357249
0.357239
0.357223
0.357363
0.358157
0.360953
0.366055
0.373080
0.381661
0.390969
0.400383
0.409819
0.419155
0.428313
0.437421
0.446574
0.455822
0.465217
0.474960
0.484805
0.494868
0.504867
0.514866
0.524816
0.534731
0.544581
0.554480
0.564339
0.574188
0.583660
0.592177
0.599362
0.604812
0.608463
0.610540
0.611381
0.611420
0.611070
0.610705
0.610455
0.610405
0.610455
0.610555
0.610566
0.610403
0.610062
0.609616
0.609026
0.608483
0.607990
0.607682
0.607517
0.607475
0.607475
0.607434
0.606545
0.603981
0.599244
0.592488
0.584159
0.574885
0.565303
0.555825
0.546613
0.537586
0.528722
0.519815
0.510856
0.502133
0.494104
0.487325
0.482087
0.478537
0.476518
0.475673
0.475623
0.476060
0.476492
0.476794
0.476878
0.476760
0.476546
0.476383
0.476411
0.476606
0.476909
0.477466
0.477973
0.478480
0.478878
0.479082
0.479112
0.479063
0.478947
0.478886
0.478830
0.478826
0.478871
0.478920
0.479005
0.479104
0.479101
0.479099
0.479097
0.479047
0.478947
0.478845
0.478691
0.478502
0.478302
0.478098
0.477949
0.477750
0.477596
0.477447
0.477287
0.477133
0.476933
0.476784
0.476580
0.476383
0.476234
0.476030
0.475831
0.475643
0.475439
0.475293
0.475094
0.474890
0.474741
0.474542
0.474377
0.474232
0.474102
0.473898
0.473749
0.473558
0.473359
0.473199
0.473006
0.472770
0.472621
0.472430
0.472284
0.472092
0.471902
0.471758
0.471625
0.471437
0.471291
0.471092
0.470849
0.470746
0.470509
0.470318
0.470178
0.469940
0.469736
0.469587
0.469400
0.469207
0.469096
0.468936
0.468694
0.468545
0.468346
0.468204
0.468009
0.467910
0.467883
0.467848
0.467875
0.467856
0.467876
0.467842
0.467863
0.467829
0.467804
0.467699
0.467550
0.467401
0.467197
0.466938
0.466730
0.466510
0.466408
0.466264
0.466242
0.466209
0.466187
0.466156
0.466136
0.466124
0.466093
0.466048
0.465955
0.465806
0.465670
0.465465
0.465260
0.465055
0.464906
0.464783
0.464640
0.464560
0.464496
0.464423
0.464426
0.464354
0.464331
0.464298
0.464114
0.464001
0.463852
0.463647
0.463442
0.463287
0.463111
0.462906
0.462714
0.462566
0.462336
0.462194
0.462084
0.462006
0.461872
0.461794
0.461679
0.461589
0.461469
0.461343
0.461195
0.461005
0.460826
0.460671
0.460474
0.460287
0.460092
0.459931
0.459783
0.459585
0.459487
0.459282
0.459126
0.459010
0.458804
0.458607
0.458451
0.458245
0.458125
0.457940
0.457735
0.457579
0.457341
0.457146
0.456978
0.456773
0.456663
0.456458
0.456266
0.456118
0.455942
0.455794
0.455589
0.455391
0.455235
0.455070
0.454865
0.454739
0.454542
0.454298
0.454100
0.453895
0.453644
0.453461
0.453240
0.453111
0.452900
0.452751
0.452541
0.452338
0.452210
0.452013
0.451804
0.451612
0.451411
0.451228
0.451031
0.450824
0.450736
0.450530
0.450324
0.450176
0.449970
0.449822
0.449581
0.449383
0.449262
0.449057
0.448859
0.448703
0.448506
0.448300
0.448152
0.447947
0.447800
0.447630
0.447425
0.447277
0.447071
0.446874
0.446718
0.446520
0.446364
0.446126
0.445964
0.445809
0.445620
0.445419
0.445281
0.445082
0.444941
0.444703
0.444506
0.444366
0.444161
0.443972
0.443864
0.443666
0.443521
0.443285
0.443087
0.442920
0.442723
0.442423
0.442063
0.441523
0.440934
0.440335
0.439728
0.439169
0.438602
0.438003
0.437446
0.436864
0.436307
0.435680
0.435082
0.434527
0.433975
0.433404
0.432807
0.432169
0.431630
0.431029
0.430485
0.429840
0.429307
0.428704
0.428109
0.427588
0.426967
0.426459
0.425865
0.425241
0.424638
0.423995
0.423457
0.422850
0.422306
0.421700
0.421090
0.420486
0.419833
0.419289
0.418697
0.418121
0.417531
0.416982
0.416390
0.415792
0.415229
0.414630
0.414091
0.413538
0.412945
0.412349
0.411779
0.411187
0.410564
0.410040
0.409453
0.408877
0.408308
0.407715
0.407117
0.406542
0.405930
0.405337
0.404685
0.404077
0.403579
0.402970
0.402387
0.401797
0.401208
0.400618
0.400056
0.399476
0.398919
0.398325
0.397648
0.397125
0.396477
0.395972
0.395331
0.394721
0.394210
0.393735
0.393167
0.392540
0.391924
0.391412
0.390871
0.390244
0.389749
0.389383
0.389235
0.389080
0.388852
0.388772
0.388867
0.388927
0.389039
0.389158
0.388826
0.388370
0.387968
0.387404
0.386846
0.386217
0.385624
0.385106
0.384492
0.383890
0.383295
0.382752
0.382138
0.381645
0.381142
0.380612
0.380057
0.379507
0.378917
0.378416
0.377786
0.377267
0.376734
0.376406
0.376184
0.376003
0.375965
0.375929
0.375949
0.375974
0.376031
0.375990
0.375985
0.375755
0.375325
0.374894
0.374403
0.373868
0.373362
0.372827
0.372379
0.372052
0.371901
0.371821
0.371845
0.371844
0.371881
0.371968
0.372041
0.372069
0.371986
0.371728
0.371349
0.370935
0.370535
0.370000
0.369513
0.368961
0.368533
0.368180
0.368054
0.367965
0.367899
0.367855
0.367996
0.368057
0.368104
0.368084
0.368028
0.367820
0.367414
0.367009
0.366536
0.366082
0.365605
0.365132
0.364729
0.364377
0.364138
0.364039
0.363947
0.363910
0.363874
0.363766
0.363725
0.363618
0.363390
0.363052
0.362653
0.362156
0.361634
0.361222
0.360749
0.360336
0.359827
0.359498
0.359251
0.359051
0.358898
0.358649
0.358521
0.358357
0.358221
0.358009
0.357671
0.357336
0.356947
0.356487
0.356087
0.355625
0.355155
0.354678
0.354279
0.353839
0.353484
0.353065
0.352673
0.352302
0.351899
0.351453
0.351021
0.350636
0.350235
0.349850
0.349452
0.349115
0.348973
0.348704
0.348575
0.348350
0.348030
0.347707
0.347336
0.346933
0.346547
0.346148
0.345738
0.345357
0.344930
0.344583
0.344155
0.343841
0.343492
0.343096
0.342764
0.342462
0.342150
0.341788
0.341474
0.341096
0.340809
0.340470
0.340110
0.339766
0.339484
0.339181
0.338878
0.338543
0.338221
0.337918
0.337590
0.337370
0.337023
0.336726
0.336359
0.336089
0.335805
0.335474
0.335118
0.334839
0.334498
0.334204
0.333951
0.333626
0.333349
0.333028
0.332706
0.332438
0.332129
0.331790
0.331514
0.331146
0.330898
0.330561
0.330260
0.329940
0.329574
0.329284
0.328959
0.328646
0.328265
0.327948
0.327609
0.327321
0.327017
0.326632
0.326316
0.325938
0.325601
0.325264
0.324922
0.324516
0.324079
0.323750
0.323306
0.322965
0.322568
0.322173
0.321833
0.321484
0.321134
0.320682
0.320379
0.319936
0.319528
0.319122
0.318693
0.318335
0.317913
0.317543
0.317079
0.316648
0.316224
0.315761
0.315360
0.314912
0.314497
0.314108
0.313708
0.313310
0.312838
0.312384
0.311949
0.311570
0.311135
0.310671
0.310254
0.309785
0.309315
0.308873
0.308496
0.308003
0.307577
0.307208
0.306715
0.306303
0.305857
0.305433
0.304923
0.304478
0.304004
0.303465
0.303072
0.302628
0.302190
0.301661
0.301164
0.300612
0.300089
0.299577
0.299023
0.298510
0.297982
0.297426
0.296890
0.296341
0.295680
0.295105
0.294505
0.293992
0.293396
0.292828
0.292264
0.291736
0.291117
0.290545
0.290003
0.289472
0.288907
0.288278
0.287654
0.287047
0.286396
0.285729
0.285139
0.284415
0.283752
0.283016
0.282390
0.281662
0.280979
0.280283
0.279472
0.278757
0.278009
0.277326
0.276521
0.275808
0.275151
0.274273
0.273606
0.272800
0.272057
0.271288
0.270561
0.269859
0.269127
0.268489
0.267684
0.267098
0.266419
0.265759
0.265117
0.264488
0.263873
0.263284
0.262698
0.262107
0.261428
0.260944
0.260342
0.259913
0.259397
0.258908
0.258437
0.257941
0.257473
0.256999
0.256601
0.256241
0.255771
0.255356
0.254925
0.254564
0.254188
0.253803
0.253360
0.252973
0.252706
0.252313
0.252013
0.251623
0.251275
0.250997
0.250663
0.250385
0.250098
0.249667
0.249432
0.248962
0.248634
0.248369
0.248047
0.247673
0.247364
0.247075
0.246717
0.246401
0.246084
0.245720
0.245468
0.245133
0.244787
0.244385
0.244146
0.243696
0.243383
0.243022
0.242698
0.242317
0.241962
0.241644
0.241329
0.240888
0.240601
0.240222
0.239917
0.239494
0.239070
0.238683
0.238248
0.237918
0.237506
0.237011
0.236663
0.236257
0.235861
0.235458
0.234972
0.234452
0.233988
0.233512
0.233031
0.232581
0.232159
0.231634
0.231176
0.230648
0.230292
0.229823
0.229367
0.228900
0.228398
0.227922
0.227423
0.226833
0.226319
0.225795
0.225210
0.224711
0.224155
0.223546
0.223022
0.222423
0.221885
0.221413
0.220897
0.220454
0.219851
0.219321
0.218668
0.218086
0.217522
0.216905
0.216310
0.215624
0.215027
0.214447
0.213823
0.213249
0.212566
0.211991
0.211473
0.210951
0.210451
0.209864
0.209064
0.208522
0.208109
0.207502
0.206811
0.206141
0.205538
0.204792
0.204180
0.203577
0.203084
0.202386
0.201819
0.201245
0.200668
0.200105
0.199707
0.199110
0.198479
0.197959
0.197373
0.196776
0.196158
0.195523
0.195007
0.194419
0.193941
0.193440
0.192883
0.192308
0.191744
0.191189
0.190660
0.190069
0.189500
0.188949
0.188539
0.188060
0.187552
0.187070
0.186542
0.186122
0.185659
0.185131
0.184631
0.184101
0.183620
0.183039
0.182514
0.182128
0.181686
0.181270
0.180812
0.180323
0.179832
0.179366
0.178947
0.178484
0.178012
0.177553
0.177060
0.176887
0.176468
0.176039
0.175627
0.175176
0.174751
0.174264
0.173896
0.173563
0.173053
0.172693
0.172221
0.171829
0.171470
0.171104
0.170734
0.170278
0.169957
0.169475
0.169191
0.168816
0.168414
0.168095
0.167847
0.167386
0.167130
0.166800
0.166478
0.166113
0.165789
0.165453
0.165095
0.164700
0.164484
0.164167
0.163757
0.163447
0.163052
0.162751
0.162328
0.161965
0.161644
0.161256
0.160986
0.160553
0.160200
0.159857
0.159493
0.159151
0.158696
0.158360
0.158011
0.157672
0.157274
0.156837
0.156611
0.156275
0.155873
0.155477
0.155100
0.154701
0.154326
0.153871
0.153409
0.153056
0.152601
0.152091
0.151544
0.151089
0.150712
0.150258
0.149790
0.149347
0.148892
0.148404
0.147976
0.147471
0.146977
0.146611
0.146132
0.145713
0.145209
0.144758
0.144333
0.143801
0.143322
0.142899
0.142353
0.141870
0.141526
0.141106
0.140673
0.140218
0.139757
0.139361
0.138806
0.138266
0.137754
0.137273
0.136816
0.136295
0.135805
0.135316
0.134886
0.134307
0.133904
0.133346
0.132894
0.132309
0.131784
0.131421
0.130924
0.130456
0.129904
0.129419
0.128930
0.128455
0.127913
0.127495
0.127054
0.126564
0.126080
0.125553
0.125047
0.124546
0.124040
0.123669
0.123195
0.122918
0.122691
0.122210
0.121807
0.121293
0.120805
0.120340
0.119954
0.119574
0.119112
0.118597
0.118143
0.117749
0.117220
0.116791
0.116370
0.116037
0.115604
0.115181
0.114727
0.114261
0.113800
0.113377
0.112887
0.112444
0.112125
0.111783
0.111313
0.110871
0.110436
0.109970
0.109583
0.109076
0.108749
0.108343
0.108051
0.107653
0.107248
0.106799
0.106406
0.106105
0.105725
0.105324
0.105063
0.104837
0.104499
0.104151
0.103813
0.103459
0.103107
0.102749
0.102327
0.101936
0.101668
0.101259
0.100961
0.100578
0.100267
0.099934
0.099574
0.099207
0.098862
0.098584
0.098132
0.097776
0.097473
0.097130
0.096769
0.096504
0.096126
0.095827
0.095439
0.095123
0.094899
0.094506
0.094175
0.093816
0.093553
0.093209
0.092966
0.092625
0.092250
0.092030
0.091672
0.091379
0.091094
0.090772
0.090550
0.090279
0.089944
0.089699
0.089375
0.089043
0.088760
0.088503
0.088124
0.087842
0.087574
0.087264
0.086953
0.086690
0.086290
0.086004
0.085712
0.085421
0.085074
0.084703
0.084395
0.084115
0.083800
0.083523
0.083236
0.082896
0.082578
0.082264
0.081936
0.081719
0.081359
0.081110
0.080734
0.080350
0.080119
0.079784
0.079403
0.079116
0.078790
0.078527
0.078330
0.078027
0.077736
0.077366
0.077067
0.076810
0.076489
0.076192
0.075865
0.075516
0.075199
0.074931
0.074589
0.074278
0.074035
0.073699
0.073365
0.073110
0.072835
0.072486
0.072172
0.071888
0.071537
0.071232
0.070966
0.070603
0.070325
0.070045
0.069760
0.069500
0.069178
0.068908
0.068617
0.068406
0.068192
0.067848
0.067632
0.067323
0.067185
0.066936
0.066702
0.066467
0.066210
0.065972
0.065793
0.065595
0.065394
0.065086
0.064877
0.064683
0.064369
0.064256
0.064121
0.063870
0.063640
0.063414
0.063126
0.062889
0.062663
0.062442
0.062325
0.062161
0.061941
0.061731
0.061496
0.061213
0.060980
0.060711
0.060544
0.060377
0.060201
0.059976
0.059754
0.059536
0.059343
0.059078
0.058858
0.058638
0.058364
0.058046
0.057807
0.057654
0.057607
0.057393
0.057100
0.056833
0.056557
0.056254
0.055998
0.055745
0.055545
0.055246
0.055034
0.054778
0.054561
0.054433
0.054139
0.053920
0.053670
0.053467
0.053161
0.052924
0.052645
0.052406
0.052157
0.051832
0.051586
0.051333
0.051126
0.050870
0.050653
0.050458
0.050209
0.049925
0.049648
0.049354
0.049006
0.048772
0.048564
0.048239
0.048017
0.047735
0.047491
0.047207
0.046910
0.046705
0.046480
0.046382
0.046019
0.045822
0.045486
0.045291
0.045074
0.044828
0.044554
0.044290
0.044156
0.043890
0.043749
0.043488
0.043270
0.043101
0.042785
0.042592
0.042423
0.042309
0.042108
0.041984
0.041783
0.041603
0.041444
0.041205
0.041063
0.040883
0.040683
0.040529
0.040333
0.040141
0.039984
0.039753
0.039589
0.039390
0.039268
0.039195
0.039088
0.039016
0.038934
0.038783
0.038699
0.038493
0.038374
0.038249
0.038138
0.037984
0.037789
0.037597
0.037436
0.037338
0.037251
0.037119
0.037000
0.036913
0.036828
0.036714
0.036635
0.036554
0.036531
0.036389
0.036347
0.036263
0.036184
0.036113
0.036066
0.035948
0.035855
0.035780
0.035672
0.035597
0.035555
0.035481
0.035407
0.035302
0.035229
0.035193
0.035158
0.035087
0.035081
0.035044
0.035008
0.034935
0.034900
0.034889
0.034828
0.034754
0.034720
0.034589
0.034555
0.034522
0.034489
0.034456
0.034391
0.034395
0.034476
0.034412
0.034387
0.034325
0.034270
0.034208
0.034177
0.034096
0.034076
0.034046
0.034027
0.034024
0.034056
0.034038
0.034012
0.033982
0.033954
0.033926
0.033911
0.033857
0.033821
0.033777
0.033750
0.033724
0.033728
0.033664
0.033642
0.033681
0.033619
0.033619
0.033619
0.033608
0.033608
0.033610
0.033546
0.033493
0.033461
0.033485
0.033438
0.033416
0.033445
0.033463
0.033463
0.033393
0.033370
0.033332
0.033325
0.033298
0.033192
0.033186
0.033139
0.033129
0.033049
0.033045
0.033056
0.033093
0.033074
0.033074
0.033053
0.033046
0.033000
0.032981
0.032963
0.032904
0.032904
0.032887
0.032827
0.032810
0.032880
0.032817
0.032801
0.032833
0.032833
0.032877
0.032846
0.032831
0.032754
0.032684
0.032670
0.032647
0.032611
0.032598
0.032654
0.032638
0.032626
0.032626
0.032630
0.032630
0.032618
0.032579
0.032560
0.032501
0.032524
0.032486
0.032476
0.032435
0.032513
0.032513
0.032531
0.032532
0.032532
0.032530
0.032530
0.032522
0.032525
0.032458
0.032384
0.032389
0.032389
0.032345
0.032366
0.032386
0.032393
0.032393
0.032388
0.032338
0.032334
0.032355
0.032351
0.032239
0.032230
0.032244
0.032244
0.032263
0.032243
0.032241
0.032241
0.032239
0.032190
0.032212
0.032212
0.032212
0.032162
0.032101
0.032056
0.032046
0.031979
0.031972
0.031960
0.031960
0.031930
0.031927
0.031927
0.031926
0.031873
0.031873
0.031900
0.031791
0.031796
0.031794
0.031799
0.031776
0.031805
0.031844
0.031846
0.031803
0.031803
0.031830
0.031824
0.031775
0.031783
0.031754
0.031705
0.031714
0.031714
0.031714
0.031675
0.031704
0.031678
0.031678
0.031667
0.031678
0.031678
0.031662
0.031674
0.031645
0.031675
0.031640
0.031640
0.031649
0.031592
0.031631
0.031638
0.031690
0.031643
0.031651
0.031674
0.031628
0.031607
0.031634
0.031665
0.031629
0.031652
0.031652
0.031615
0.031645
0.031663
0.031635
0.031635
0.031635
0.031572
0.031572
0.031556
0.031556
0.031564
0.031564
0.031564
0.031519
0.031540
0.031533
0.031489
0.031489
0.031536
0.031514
0.031490
0.031490
0.031417
0.031417
0.031440
0.031397
0.031431
0.031397
0.031354
0.031383
0.031383
0.031295
0.031286
0.031228
0.031256
0.031250
0.031178
0.031151
0.031146
0.031127
0.031127
0.031123
0.031049
0.031112
0.031146
0.031106
0.031104
0.031104
0.031063
0.031062
0.030992
0.031022
0.030987
0.030985
0.030964
0.030925
0.030920
0.030914
0.030914
0.030875
0.030875
0.030837
0.030837
0.030837
0.030808
0.030777
0.030777
0.030746
0.030746
0.030746
0.030709
0.030720
0.030720
0.030684
0.030684
0.030654
0.030700
0.030705
0.030686
0.030656
0.030664
0.030664
0.030636
0.030645
0.030616
0.030620
0.030630
0.030595
0.030556
0.030556
0.030596
0.030574
0.030517
0.030517
0.030495
0.030495
0.030495
0.030463
0.030463
0.030505
0.030478
0.030411
0.030411
0.030411
0.030343
0.030329
0.030300
0.030278
0.030243
0.030256
0.030256
0.030268
0.030268
0.030268
0.030243
0.030249
0.030249
0.030249
0.030181
0.030194
0.030141
0.030043
0.030034
0.030006
0.029999
0.029965
0.029965
0.029937
0.029961
0.029935
0.029931
0.029887
0.029887
0.029836
0.029807
0.029807
0.029805
0.029780
0.029780
0.029758
0.029758
0.029758
0.029787
0.029787
0.029745
0.029702
0.029669
0.029640
0.029640
0.029640
0.029618
0.029599
0.029599
0.029599
0.029648
0.029648
0.029642
0.029623
0.029623
0.029554
0.029554
0.029492
0.029492
0.029510
0.029492
0.029492
0.029492
0.029466
0.029486
0.029480
0.029516
0.029523
0.029523
0.029531
0.029509
0.029488
0.029456
0.029462
0.029462
0.029414
0.029400
0.029432
0.029488
0.029488
0.029541
0.029553
0.029539
0.029539
0.029539
0.029474
0.029477
0.029464
0.029464
0.029459
0.029458
0.029451
0.029451
0.029475
0.029505
0.029518
0.029518
0.029512
0.029502
0.029472
0.029437
0.029437
0.029437
0.029432
0.029423
0.029423
0.029423
0.029460
0.029390
0.029351
0.029335
0.029328
0.029321
0.029292
0.029286
0.029311
0.029311
0.029307
0.029268
0.029268
0.029296
0.029262
0.029262
0.029339
0.029339
0.029339
0.029333
0.029304
0.029306
0.029306
0.029306
0.029303
0.029303
0.029303
0.029308
0.029308
0.029306
0.029306
0.029306
0.029312
0.029312
0.029319
0.029318
0.029318
0.029318
0.029318
0.029318
0.029327
0.029327
0.029327
0.029327
0.029327
0.029329
0.029289
0.029312
0.029322
0.029328
0.029335
0.029339
0.029391
0.029400
0.029412
0.029421
0.029435
0.029435
0.029446
0.029446
0.029459
0.029487
0.029505
0.029505
0.029556
0.029556
0.029556
0.029578
0.029578
0.029591
0.029591
0.029591
0.029599
0.029599
0.029628
0.029628
0.029628
0.029637
0.029637
0.029651
0.029651
0.029669
0.029637
0.029637
0.029637
0.029637
0.029637
0.029648
0.029648
0.029669
0.029669
0.029669
0.029612
0.029602
0.029586
0.029579
0.029595
0.029609
0.029569
0.029570
0.029580
0.029580
0.029591
0.029615
0.029612
0.029612
0.029612
0.029627
0.029627
0.029627
0.029625
0.029690
0.029708
0.029708
0.029706
0.029691
0.029691
0.029710
0.029710
0.029736
0.029736
0.029736
0.029716
0.029716
0.029716
0.029716
0.029716
0.029764
0.029764
0.029764
0.029764
0.029786
0.029786
0.029786
0.029786
0.029815
0.029837
0.029846
0.029850
0.029860
0.029867
0.029897
0.029897
0.029905
0.029913
0.029943
0.029977
0.029975
0.029932
0.029906
0.029906
0.029900
0.029937
0.029978
0.029978
0.030022
0.030022
0.030048
0.030048
0.030048
0.030061
0.030061
0.030088
0.030088
0.030088
0.030088
0.030121
0.030121
0.030149
0.030109
0.030122
0.030088
0.030088
0.030088
0.030117
0.030117
0.030117
0.030124
0.030159
0.030159
0.030188
0.030188
0.030118
0.030071
0.030021
0.030014
0.030038
0.030038
0.030066
