2.037041
1.898383
1.775419
1.696314
1.657605
1.644020
1.641413
1.641391
1.641332
1.640859
1.640064
1.639446
1.639422
1.639841
1.640462
1.640748
1.640892
1.640947
1.640894
1.640569
1.640132
1.639553
1.639171
1.638505
1.638029
1.637266
1.636665
1.636107
1.635545
1.634929
1.634309
1.633724
1.633110
1.632720
1.632289
1.631753
1.631309
1.630796
1.630455
1.629841
1.629412
1.628878
1.628492
1.628125
1.627935
1.627579
1.627022
1.626265
1.625715
1.625057
1.624294
1.623671
1.623736
1.623047
1.622644
1.622232
1.621705
1.620979
1.620520
1.619605
1.618989
1.618253
1.617820
1.617094
1.616709
1.616203
1.615568
1.614675
1.614028
1.613368
1.612597
1.611838
1.611221
1.610488
1.609897
1.609130
1.608310
1.607699
1.606895
1.606609
1.606064
1.605084
1.604621
1.603467
1.602843
1.601930
1.601324
1.600374
1.599551
1.598916
1.598177
1.597470
1.596725
1.595996
1.595285
1.594693
1.593913
1.593288
1.592690
1.592204
1.591645
1.590951
1.590558
1.590106
1.589782
1.589537
1.589409
1.589187
1.588446
1.588162
1.588002
1.587718
1.587618
1.587447
1.587297
1.587169
1.587034
1.586778
1.586846
1.586612
1.586277
1.585593
1.585399
1.585318
1.585567
1.585988
1.586475
1.586954
1.587475
1.588344
1.589138
1.589938
1.590842
1.591544
1.592569
1.592869
1.593661
1.594558
1.595617
1.596464
1.597271
1.598343
1.599243
1.600044
1.601007
1.601972
1.602767
1.603531
1.604290
1.605347
1.606023
1.606889
1.607799
1.608593
1.609534
1.610390
1.610482
1.611230
1.611974
1.612823
1.613308
1.614048
1.614684
1.615234
1.615634
1.616015
1.616310
1.616460
1.616683
1.617036
1.617901
1.618240
1.618508
1.619146
1.619548
1.620095
1.620006
1.620366
1.620779
1.621729
1.621993
1.622175
1.622397
1.622688
1.622854
1.622994
1.623247
1.623380
1.623382
1.623560
1.623600
1.623716
1.623795
1.623995
1.623844
1.624064
1.624177
1.624193
1.624362
1.624300
1.624350
1.624584
1.624570
1.624650
1.624865
1.624797
1.624957
1.624852
1.624926
1.624852
1.624977
1.625004
1.624772
1.624577
1.624493
1.624091
1.624047
1.623788
1.623464
1.623124
1.622897
1.622747
1.623030
1.622800
1.622657
1.622404
1.622116
1.621896
1.621653
1.621344
1.620977
1.620428
1.620020
1.619739
1.619962
1.619764
1.619723
1.619405
1.619276
1.619209
1.619142
1.619056
1.618882
1.618594
1.618373
1.618253
1.617750
1.617508
1.617025
1.616496
1.615866
1.615216
1.614581
1.613930
1.613285
1.612738
1.612101
1.611548
1.610896
1.610303
1.609685
1.609343
1.608588
1.608147
1.607477
1.607028
1.605789
1.605200
1.604529
1.604163
1.603263
1.602906
1.602161
1.601720
1.601079
1.600305
1.599720
1.599155
1.598379
1.597844
1.597095
1.596385
1.595708
1.595177
1.594619
1.593663
1.592739
1.591663
1.590861
1.590520
1.589765
1.589009
1.588041
1.587245
1.586608
1.586071
1.585352
1.584919
1.584908
1.584457
1.584323
1.584108
1.583935
1.583781
1.583624
1.583554
1.583385
1.583198
1.583124
1.582775
1.582526
1.582083
1.581635
1.581033
1.580497
1.579767
1.579134
1.578634
1.578040
1.577483
1.577063
1.576481
1.576044
1.575583
1.575259
1.574284
1.573853
1.573582
1.573430
1.573079
1.572909
1.572580
1.572472
1.572172
1.572029
1.571950
1.571834
1.571605
1.571205
1.570979
1.570788
1.570541
1.570331
1.570040
1.569649
1.569498
1.569213
1.568955
1.568767
1.568477
1.568212
1.567948
1.567683
1.567469
1.567132
1.566934
1.566734
1.566517
1.566313
1.566084
1.565882
1.565484
1.565473
1.565227
1.565070
1.565030
1.564733
1.564418
1.564299
1.563969
1.563710
1.563530
1.563303
1.563116
1.562722
1.562590
1.562406
1.562135
1.561895
1.561674
1.561505
1.561259
1.561047
1.560845
1.560643
1.560439
1.560222
1.560007
1.559875
1.559656
1.559572
1.559373
1.559178
1.559067
1.558819
1.558684
1.558712
1.558705
1.558472
1.558265
1.558127
1.557303
1.557124
1.556858
1.556912
1.556725
1.556545
1.556417
1.556220
1.556063
1.555941
1.555898
1.555696
1.555523
1.555266
1.555095
1.554957
1.554841
1.554718
1.554521
1.554506
1.554417
1.554161
1.554048
1.553871
1.553742
1.553587
1.553463
1.553205
1.553100
1.553187
1.553164
1.552950
1.552770
1.552599
1.552431
1.552290
1.552104
1.551875
1.551717
1.551578
1.551422
1.551141
1.550883
1.550694
1.550591
1.550303
1.550054
1.549961
1.549744
1.549503
1.549205
1.549082
1.548882
1.548717
1.548331
1.548049
1.547804
1.547628
1.547457
1.547201
1.546869
1.546700
1.546408
1.546147
1.545915
1.545677
1.545379
1.545224
1.545051
1.544845
1.544393
1.544283
1.543949
1.543750
1.543529
1.543149
1.542938
1.542569
1.542342
1.541988
1.541691
1.541305
1.540951
1.540654
1.540332
1.539897
1.539762
1.539380
1.539085
1.538646
1.538276
1.538056
1.537685
1.537300
1.536987
1.536676
1.536383
1.536069
1.535662
1.535387
1.534981
1.534596
1.534238
1.533897
1.533574
1.532989
1.532658
1.532356
1.531989
1.531542
1.531360
1.531106
1.530620
1.530339
1.529886
1.529488
1.528997
1.528568
1.528339
1.527882
1.527399
1.527007
1.526600
1.526164
1.525714
1.525243
1.524926
1.524561
1.524034
1.523526
1.523142
1.522636
1.522206
1.521868
1.521424
1.521044
1.520542
1.520187
1.519749
1.519389
1.518955
1.518536
1.518177
1.517803
1.517438
1.517157
1.516763
1.516410
1.515998
1.515656
1.515327
1.514849
1.514768
1.514419
1.513985
1.513829
1.513501
1.513160
1.512758
1.512368
1.512088
1.511811
1.511454
1.511089
1.510841
1.510540
1.510224
1.509862
1.509636
1.509351
1.509226
1.508821
1.508510
1.508193
1.508044
1.507851
1.507497
1.507166
1.506967
1.506757
1.506563
1.506325
1.506016
1.505789
1.505602
1.505333
1.505138
1.504902
1.504597
1.504407
1.504285
1.504192
1.503922
1.503703
1.503554
1.503366
1.503058
1.503045
1.502796
1.502624
1.502486
1.502279
1.502063
1.501897
1.501723
1.501485
1.501316
1.501115
1.501046
1.500861
1.500732
1.500514
1.500188
1.500099
1.500016
1.499969
1.499845
1.499743
1.499556
1.499387
1.499179
1.498997
1.498834
1.498891
1.498737
1.498621
1.498504
1.498352
1.498302
1.498182
1.498011
1.497839
1.497777
1.497683
1.497494
1.497456
1.497288
1.497166
1.497056
1.496964
1.496711
1.496615
1.496530
1.496571
1.496528
1.496454
1.496365
1.496211
1.496088
1.495976
1.495845
1.495801
1.495648
1.495674
1.495644
1.495526
1.495390
1.495263
1.495300
1.495208
1.495121
1.495078
1.494946
1.494853
1.494818
1.494656
1.494615
1.494585
1.494538
1.494422
1.494335
1.494302
1.494250
1.494184
1.494124
1.494089
1.493947
1.493858
1.493811
1.493766
1.493763
1.493627
1.493535
1.493600
1.493508
1.493300
1.493276
1.493237
1.493185
1.493113
1.493115
1.492970
1.492979
1.492937
1.492841
1.492827
1.492678
1.492741
1.492549
1.492559
1.492529
1.492525
1.492449
1.492398
1.492330
1.492385
1.492192
1.492095
1.491994
1.491986
1.491893
1.491881
1.491937
1.491909
1.491833
1.491675
1.491741
1.491548
1.491615
1.491570
1.491566
1.491530
1.491434
1.491433
1.491379
1.491327
1.491329
1.491276
1.491272
1.491182
1.491149
1.491101
1.491061
1.491053
1.490967
1.490873
1.490823
1.490730
1.490666
1.490684
1.490679
1.490635
1.490584
1.490579
1.490515
1.490394
1.490435
1.490341
1.490354
1.490286
1.490114
1.490114
1.490114
1.490094
1.490043
1.490096
1.489921
1.489839
1.489924
1.489925
1.489978
1.489839
1.489794
1.489741
1.489684
1.489640
1.489653
1.489625
1.489531
1.489390
1.489376
1.489362
1.489362
1.489314
1.489355
1.489270
1.489270
1.489202
1.489062
1.489051
1.489051
1.488961
1.488875
1.488876
1.488949
1.488909
1.488909
1.488781
1.488749
1.488669
1.488669
1.488631
1.488588
1.488543
1.488564
1.488564
1.488346
1.488278
1.488279
1.488322
1.488278
1.488278
1.488250
1.488207
1.488154
1.488130
1.488080
1.488085
1.488016
1.487973
1.487995
1.487969
1.487966
1.487868
1.487840
1.487919
1.487855
1.487809
1.487773
1.487786
1.487762
1.487715
1.487715
1.487608
1.487616
1.487617
1.487617
1.487630
1.487551
1.487506
1.487544
1.487429
1.487375
1.487307
1.487257
1.487261
1.487261
1.487269
1.487222
1.487144
1.487144
1.487066
1.487029
1.487071
1.487071
1.487049
1.486935
1.486931
1.486909
1.486881
1.486845
1.486757
1.486771
1.486802
1.486802
1.486758
1.486642
1.486592
1.486611
1.486601
1.486600
1.486566
1.486538
1.486518
1.486521
1.486494
1.486458
1.486478
1.486481
1.486453
1.486403
1.486361
1.486325
1.486279
1.486242
1.486217
1.486201
1.486166
1.486153
1.486203
1.486165
1.486214
1.486167
1.486059
1.486103
1.486128
1.486023
1.486058
1.486058
1.485934
1.485909
1.485908
1.485863
1.485888
1.485938
1.485929
1.485829
1.485870
1.485846
1.485846
1.485846
1.485805
1.485800
1.485756
1.485705
1.485705
1.485746
1.485704
1.485675
1.485739
1.485739
1.485690
1.485652
1.485651
1.485606
1.485609
1.485580
1.485580
1.485611
1.485533
1.485533
1.485521
1.485521
1.485493
1.485494
1.485494
1.485450
1.485450
1.485400
1.485405
1.485405
1.485350
1.485344
1.485344
1.485344
1.485396
1.485346
1.485347
1.485347
1.485278
1.485278
1.485277
1.485254
1.485254
1.485254
1.485283
1.485194
1.485194
1.485194
1.485106
1.485106
1.485106
1.485156
1.485113
1.485113
1.485113
1.485063
1.485063
1.485107
1.485117
1.485117
1.485117
1.485120
1.485120
1.485120
1.485094
1.485054
1.485004
1.485004
1.484934
1.484910
1.484862
1.484862
1.484862
1.484862
1.484862
1.484897
1.484897
1.484897
1.484847
1.484866
1.484843
1.484843
1.484810
1.484810
1.484810
1.484809
1.484779
1.484779
1.484770
1.484770
1.484735
1.484685
1.484685
1.484632
1.484632
1.484632
1.484632
1.484632
1.484683
1.484683
1.484683
1.484683
1.484640
1.484640
1.484691
1.484688
1.484598
1.484576
1.484576
1.484549
1.484549
1.484561
1.484521
1.484521
1.484521
1.484476
1.484474
1.484474
1.484474
1.484497
1.484497
1.484476
1.484426
1.484426
1.484424
1.484424
1.484424
1.484424
1.484381
1.484379
1.484379
1.484379
1.484353
1.484365
1.484363
1.484403
1.484383
1.484333
1.484333
1.484288
1.484238
1.484238
1.484238
1.484236
1.484175
1.484126
1.484176
1.484174
1.484174
1.484174
1.484129
1.484110
1.484110
1.484108
1.484059
1.484059
1.484037
1.484035
1.484014
1.484014
1.483963
1.483919
1.483969
1.484016
1.483968
1.484008
1.484008
1.483990
1.483967
1.483967
1.483967
1.483880
1.483880
1.483880
1.483879
1.483879
1.483878
1.483920
1.483920
1.483918
1.483868
1.483805
1.483801
1.483802
1.483784
1.483784
1.483784
1.483783
1.483783
1.483783
1.483782
1.483738
1.483689
1.483689
1.483670
1.483669
1.483668
1.483668
1.483667
1.483667
1.483667
1.483666
1.483558
1.483558
1.483557
1.483557
1.483557
1.483539
1.483539
1.483539
1.483538
1.483538
1.483495
1.483495
1.483495
1.483460
1.483460
1.483459
1.483487
1.483459
1.483459
1.483443
1.483443
1.483385
1.483385
1.483335
1.483362
1.483362
1.483312
1.483312
1.483312
1.483312
1.483312
1.483312
1.483269
1.483269
1.483233
1.483233
1.483212
1.483212
1.483212
1.483209
1.483210
1.483210
1.483210
1.483168
1.483168
1.483154
1.483155
1.483155
1.483107
1.483094
1.483144
1.483239
1.483240
1.483240
1.483190
1.483148
1.483148
1.483148
1.483149
1.483146
1.483146
1.483146
1.483146
1.483135
1.483136
1.483136
1.483136
1.483136
1.483047
1.483047
1.483096
1.483096
1.483097
1.483047
1.483047
1.483047
1.483035
1.483035
1.483025
1.482977
1.482977
1.482978
1.482937
1.482937
1.482987
1.482987
1.482987
1.482988
1.482988
1.482988
1.482988
1.482988
1.482933
1.482934
1.482934
1.482931
1.482931
1.482892
1.482893
1.482942
1.482929
1.482929
1.482929
1.482929
1.482931
1.482881
1.482790
1.482790
1.482790
1.482790
1.482819
1.482819
1.482819
1.482855
1.482866
1.482866
1.482868
1.482868
1.482868
1.482818
1.482754
1.482754
1.482752
1.482753
1.482753
1.482753
1.482753
1.482802
1.482852
1.482853
1.482853
1.482895
1.482845
1.482756
1.482708
1.482708
1.482709
1.482668
1.482714
1.482714
1.482714
1.482763
1.482811
1.482854
1.482854
1.482904
1.482905
1.482806
1.482806
1.482806
1.482808
1.482808
1.482808
1.482808
1.482808
1.482808
1.482821
1.482822
1.482872
1.482872
1.482822
1.482774
1.482774
1.482774
1.482774
1.482776
1.482826
1.482776
1.482776
1.482776
1.482776
1.482829
1.482781
1.482781
1.482782
1.482782
1.482782
1.482782
1.482782
1.482782
1.482782
1.482832
1.482834
1.482834
1.482831
1.482829
1.482882
1.482882
1.482870
1.482870
1.482870
1.482870
1.482872
1.482922
1.482922
1.482922
1.482922
1.482922
1.482923
1.482923
1.482923
1.482923
1.482925
1.482921
1.482921
1.482921
1.482921
1.482921
1.482921
1.482921
1.482949
1.482950
1.482973
1.483023
1.482997
1.482997
1.482974
1.482974
1.482970
1.482970
1.482998
1.482998
1.483048
1.483048
1.483072
1.483072
1.483040
1.483040
1.483042
1.483042
1.483090
1.483090
1.483087
1.483064
1.483063
1.483057
1.483034
1.483084
1.483084
1.483084
1.483084
1.483084
1.483084
1.483084
1.483131
1.483131
1.483173
1.483173
1.483133
1.483133
1.483133
1.483183
1.483183
1.483183
1.483183
1.483183
1.483225
1.483267
1.483267
1.483267
1.483229
1.483229
1.483229
1.483229
1.483279
1.483279
1.483279
1.483279
1.483279
1.483293
1.483343
1.483343
1.483343
1.483343
1.483343
1.483343
1.483393
1.483393
1.483393
1.483393
1.483393
1.483390
1.483440
1.483440
1.483394
1.483394
1.483394
1.483444
1.483444
1.483446
1.483446
1.483446
1.483446
1.483496
1.483496
1.483496
1.483490
1.483490
1.483490
1.483586
1.483586
1.483586
1.483536
1.483539
1.483539
1.483592
1.483592
1.483542
1.483542
1.483540
1.483545
1.483545
1.483545
1.483515
1.483515
1.483518
1.483568
1.483568
1.483568
1.483568
1.483568
1.483618
1.483618
1.483618
1.483608
1.483608
1.483608
1.483658
1.483658
1.483658
1.483671
1.483671
1.483721
1.483724
1.483728
1.483728
1.483728
1.483716
1.483766
1.483766
1.483769
1.483769
1.483769
1.483819
1.483819
1.483829
1.483829
1.483829
1.483860
1.483942
1.483929
1.483927
1.483927
1.483927
1.483949
1.483991
1.483994
1.483994
1.483994
1.484044
1.484072
1.484072
1.484030
1.484033
1.484033
1.484083
1.484125
1.484125
1.484125
1.484075
1.484125
1.484128
1.484128
1.484078
1.484078
1.484028
1.484078
1.484078
1.484128
1.484128
1.484132
1.484181
1.484181
1.484180
1.484180
1.484180
1.484180
1.484180
1.484180
1.484183
1.484183
1.484183
1.484280
1.484330
1.484330
1.484330
1.484430
1.485430
1.500659
1.492096
1.508827
1.506378
1.526404
1.527573
1.537709
1.546738
1.556692
1.562475
1.568923
1.573932
1.577831
1.580529
1.582226
1.582777
1.582267
1.580149
1.577970
1.575483
1.573671
1.571548
1.570265
1.568924
1.567538
1.565995
1.564241
1.562516
1.560878
1.559240
1.557748
1.556497
1.555405
1.554435
1.553557
1.552650
1.551847
1.550798
1.549713
1.548735
1.547566
1.546562
1.545482
1.544351
1.543246
1.542279
1.541061
1.539958
1.538842
1.537644
1.535481
1.531613
1.525686
1.517802
1.508502
1.498094
1.487420
1.476764
1.466439
1.456401
1.446336
1.436363
1.426384
1.416295
1.406519
1.397287
1.388477
1.381086
1.375166
1.370719
1.367602
1.365859
1.365478
1.366122
1.367276
1.368451
1.369008
1.368598
1.367410
1.365399
1.363219
1.360751
1.358094
1.355272
1.352804
1.350113
1.348067
1.346290
1.344569
1.343274
1.342012
1.341008
1.339721
1.338369
1.336940
1.335401
1.333625
1.331877
1.330284
1.328575
1.327000
1.325292
1.323629
1.321527
1.319342
1.317106
1.314664
1.312329
1.309975
1.307644
1.305562
1.303283
1.301125
1.298560
1.296215
1.293794
1.291356
1.288765
1.286223
1.283740
1.281137
1.278555
1.276052
1.273352
1.270819
1.268343
1.265489
1.262827
1.260857
1.258103
1.255089
1.252160
1.249433
1.246629
1.243357
1.240309
1.238079
1.236032
1.233793
1.231359
1.228997
1.227094
1.225154
1.222757
1.220205
1.217934
1.216104
1.214627
1.212510
1.210077
1.207816
1.205745
1.203925
1.202012
1.199841
1.197663
1.195564
1.193843
1.191982
1.190084
1.187950
1.185876
1.184129
1.181949
1.179817
1.177902
1.175968
1.173804
1.171655
1.169742
1.167647
1.165700
1.163645
1.161745
1.159889
1.157915
1.156128
1.154375
1.152599
1.150846
1.149040
1.147378
1.145609
1.144040
1.142423
1.140924
1.139226
1.137810
1.136231
1.134809
1.133259
1.131754
1.130229
1.128882
1.127411
1.126060
1.124725
1.123303
1.121788
1.120089
1.118394
1.116518
1.114594
1.112669
1.111100
1.109891
1.108751
1.107422
1.106248
1.105072
1.104000
1.103039
1.101791
1.100664
1.099463
1.098351
1.097549
1.096431
1.095367
1.094189
1.093295
1.092215
1.091050
1.090098
1.089054
1.088220
1.087504
1.086663
1.085847
1.085009
1.084094
1.083057
1.081801
1.080524
1.079398
1.078312
1.077292
1.075954
1.074862
1.073461
1.072460
1.071279
1.069802
1.068576
1.067038
1.065766
1.064198
1.062770
1.061375
1.060090
1.058683
1.057315
1.056102
1.055125
1.053665
1.052546
1.051122
1.049207
1.047474
1.045598
1.043823
1.041937
1.040363
1.038472
1.037014
1.035336
1.033709
1.032184
1.030487
1.028959
1.027258
1.025644
1.023890
1.022158
1.020696
1.018947
1.017439
1.016061
1.014577
1.012985
1.011742
1.010267
1.008895
1.007599
1.006338
1.005008
1.003836
1.002463
1.001092
0.999926
0.998515
0.997254
0.995876
0.994638
0.993466
0.992437
0.991295
0.990345
0.989195
0.988176
0.987140
0.986054
0.984994
0.983927
0.982881
0.981833
0.980341
0.979093
0.977681
0.976618
0.975249
0.973962
0.972949
0.971685
0.970536
0.969211
0.967925
0.966787
0.965638
0.964399
0.963093
0.962036
0.960753
0.959433
0.958328
0.957005
0.955777
0.954491
0.953221
0.951784
0.950421
0.949177
0.947966
0.946516
0.945237
0.944006
0.942784
0.941598
0.940377
0.938895
0.937562
0.936160
0.934788
0.933023
0.931085
0.929597
0.928129
0.926862
0.925814
0.924795
0.924011
0.923163
0.922834
0.922967
0.922846
0.922723
0.922612
0.922108
0.921424
0.920622
0.919686
0.918756
0.917248
0.915662
0.914050
0.912445
0.911046
0.909780
0.908720
0.907902
0.907131
0.906233
0.905544
0.904833
0.903928
0.902944
0.901835
0.900587
0.898748
0.897001
0.895267
0.893550
0.891449
0.889763
0.888213
0.887293
0.886584
0.885893
0.885189
0.884667
0.884220
0.883658
0.882960
0.882041
0.881314
0.880576
0.879753
0.878654
0.877784
0.876714
0.875676
0.874133
0.872455
0.870487
0.868653
0.867187
0.865980
0.864819
0.863748
0.863145
0.862723
0.862539
0.862078
0.861494
0.860958
0.860583
0.860235
0.859949
0.859499
0.858974
0.858352
0.857880
0.857674
0.857152
0.855849
0.854156
0.853150
0.852093
0.851035
0.849533
0.847608
0.846356
0.845830
0.845421
0.845006
0.844421
0.843684
0.843288
0.842961
0.842602
0.842263
0.841514
0.840695
0.839703
0.839446
0.839092
0.838642
0.837871
0.837065
0.835956
0.835122
0.834242
0.833004
0.831533
0.829934
0.828695
0.828162
0.827342
0.826690
0.826330
0.826203
0.825901
0.825313
0.824897
0.824461
0.823791
0.823367
0.823002
0.822495
0.822130
0.821864
0.821504
0.820907
0.820423
0.819636
0.818867
0.818168
0.817584
0.816764
0.816095
0.815148
0.814478
0.813747
0.813371
0.812901
0.812546
0.812155
0.811723
0.811161
0.810500
0.809581
0.808602
0.807827
0.806902
0.805986
0.805290
0.804623
0.803793
0.802974
0.801613
0.800089
0.798610
0.796649
0.794664
0.792634
0.790905
0.789705
0.788531
0.787924
0.787309
0.786753
0.786252
0.785521
0.784652
0.783444
0.782190
0.780275
0.778442
0.776977
0.775788
0.774624
0.773824
0.773151
0.772400
0.771916
0.771457
0.770544
0.769501
0.768119
0.766667
0.765175
0.763262
0.761979
0.761131
0.760310
0.759845
0.759475
0.759250
0.758914
0.758597
0.758062
0.757426
0.756394
0.754935
0.753612
0.752440
0.751290
0.750392
0.749832
0.749381
0.748964
0.748379
0.747401
0.746384
0.744762
0.743119
0.741287
0.739487
0.737987
0.736882
0.736174
0.735413
0.734986
0.734654
0.733996
0.733369
0.732550
0.732002
0.731350
0.730104
0.728923
0.727805
0.726569
0.725423
0.724278
0.723459
0.722399
0.720814
0.719289
0.717319
0.715684
0.713740
0.711619
0.710089
0.708588
0.707436
0.706858
0.706291
0.705465
0.704789
0.704198
0.702976
0.701467
0.699755
0.697730
0.695719
0.694245
0.692670
0.691493
0.690725
0.689813
0.689166
0.688657
0.687869
0.686716
0.685747
0.684592
0.683020
0.681524
0.680403
0.679034
0.677703
0.676642
0.675881
0.675040
0.674124
0.672895
0.671383
0.669805
0.667977
0.666017
0.664078
0.662457
0.661151
0.659918
0.658943
0.658251
0.657340
0.656574
0.655956
0.655052
0.653510
0.652110
0.650326
0.648386
0.646487
0.644866
0.643417
0.642379
0.641296
0.640523
0.639803
0.638894
0.637964
0.637108
0.636153
0.635473
0.634345
0.633432
0.632702
0.632080
0.631486
0.630897
0.630455
0.630126
0.629331
0.628391
0.627100
0.625539
0.624131
0.622289
0.620534
0.619359
0.618473
0.617869
0.617414
0.617064
0.616864
0.616546
0.615936
0.615170
0.614171
0.612910
0.611697
0.610419
0.609161
0.608003
0.606661
0.605553
0.604394
0.603318
0.602090
0.600739
0.599340
0.598089
0.596989
0.596115
0.595469
0.594927
0.594420
0.593626
0.592740
0.591648
0.590636
0.589536
0.587998
0.586349
0.584583
0.582864
0.581426
0.580398
0.579521
0.578948
0.578495
0.578386
0.578115
0.577792
0.577238
0.576343
0.575306
0.574285
0.572844
0.571331
0.569755
0.568272
0.566596
0.564805
0.563265
0.562122
0.561473
0.560984
0.560606
0.560348
0.559926
0.559083
0.558305
0.557319
0.556503
0.555560
0.554490
0.553247
0.551760
0.550264
0.548758
0.546919
0.544924
0.543100
0.541903
0.541022
0.540337
0.539854
0.539472
0.539145
0.538382
0.537734
0.536711
0.535726
0.534828
0.533904
0.532837
0.531370
0.530214
0.528611
0.527151
0.525277
0.523597
0.522061
0.520676
0.519550
0.518672
0.517909
0.517230
0.516410
0.515487
0.514754
0.513846
0.512901
0.512041
0.510888
0.509771
0.508619
0.507105
0.505310
0.503802
0.502295
0.500904
0.499860
0.498886
0.498010
0.497246
0.496516
0.495834
0.495190
0.494336
0.493554
0.492755
0.491807
0.490902
0.489745
0.488663
0.487528
0.486353
0.485051
0.483802
0.482750
0.481898
0.480857
0.480219
0.479524
0.478867
0.478047
0.477142
0.475769
0.474525
0.473003
0.471696
0.470448
0.469359
0.468240
0.467201
0.466196
0.465242
0.464213
0.463203
0.462176
0.461194
0.460075
0.459268
0.458468
0.457533
0.456599
0.455703
0.454794
0.453800
0.452836
0.451855
0.450883
0.449648
0.448667
0.447655
0.446717
0.445811
0.444975
0.444049
0.442998
0.441888
0.440921
0.439866
0.438818
0.437649
0.436546
0.435605
0.434531
0.433489
0.432320
0.431383
0.430412
0.429592
0.428547
0.427642
0.426844
0.425903
0.425039
0.423901
0.422534
0.421252
0.419992
0.418446
0.416597
0.415065
0.413965
0.412933
0.411687
0.410538
0.409540
0.408798
0.408141
0.407161
0.405971
0.404878
0.403793
0.402856
0.401711
0.400460
0.399217
0.398036
0.396754
0.395522
0.394137
0.392732
0.391382
0.390213
0.389033
0.387734
0.386276
0.384766
0.383372
0.382112
0.380816
0.379188
0.377681
0.376126
0.374749
0.373146
0.371533
0.369966
0.368424
0.366729
0.365338
0.363802
0.362363
0.360923
0.359488
0.358132
0.356809
0.355421
0.354064
0.352565
0.351252
0.349566
0.348110
0.346244
0.344614
0.342990
0.341421
0.339914
0.338435
0.337064
0.335801
0.334501
0.333014
0.331665
0.330135
0.328587
0.327057
0.325568
0.324088
0.322484
0.321021
0.319624
0.318183
0.316763
0.315302
0.313666
0.312056
0.310525
0.308935
0.307300
0.305732
0.303963
0.302244
0.300317
0.298421
0.296377
0.294575
0.292581
0.290681
0.288785
0.286962
0.285172
0.283304
0.281340
0.279606
0.277694
0.275766
0.274016
0.272323
0.270606
0.268889
0.267269
0.265545
0.263862
0.262313
0.260744
0.259223
0.257638
0.256141
0.254728
0.253247
0.251871
0.250521
0.248964
0.247529
0.246168
0.244889
0.243426
0.242093
0.240653
0.239359
0.237975
0.236799
0.235503
0.234197
0.232885
0.231498
0.230307
0.228994
0.227729
0.226443
0.225212
0.224003
0.222615
0.221367
0.220243
0.218991
0.217844
0.216608
0.215411
0.214188
0.212975
0.211743
0.210901
0.209788
0.208709
0.207505
0.206402
0.205199
0.204067
0.202884
0.201795
0.200712
0.199671
0.198524
0.197384
0.196329
0.195156
0.194131
0.193044
0.191832
0.190661
0.189753
0.188732
0.187636
0.186607
0.185581
0.184429
0.183338
0.182196
0.181004
0.179955
0.178821
0.177672
0.176579
0.175526
0.174428
0.173409
0.172474
0.171569
0.170556
0.169484
0.168402
0.167437
0.166328
0.165263
0.164340
0.163205
0.162213
0.161181
0.160011
0.159021
0.157873
0.156826
0.155866
0.154642
0.153590
0.152458
0.151371
0.150327
0.149348
0.148223
0.147121
0.146082
0.145086
0.144017
0.142965
0.141976
0.140966
0.139892
0.138770
0.137836
0.136916
0.135894
0.134963
0.133974
0.132881
0.131751
0.130727
0.129734
0.128815
0.127840
0.126772
0.125851
0.124830
0.123714
0.122731
0.121744
0.120601
0.119696
0.118536
0.117654
0.116606
0.115531
0.114563
0.113716
0.112622
0.111714
0.110703
0.109771
0.108889
0.107992
0.107104
0.106156
0.105157
0.104243
0.103248
0.102314
0.101382
0.100425
0.099624
0.098700
0.097759
0.096922
0.095948
0.095083
0.094176
0.093295
0.092437
0.091634
0.090727
0.089811
0.089023
0.088039
0.087175
0.086363
0.085615
0.084864
0.084039
0.083166
0.082453
0.081504
0.080781
0.080086
0.079350
0.078553
0.077715
0.076916
0.076180
0.075485
0.074633
0.073927
0.073170
0.072520
0.071830
0.071186
0.070418
0.069772
0.069135
0.068410
0.067769
0.067183
0.066495
0.065950
0.065369
0.064742
0.064125
0.063531
0.062991
0.062522
0.061930
0.061355
0.060841
0.060372
0.059770
0.059213
0.058764
0.058291
0.057832
0.057406
0.057041
0.056626
0.056088
0.055632
0.055171
0.054761
0.054337
0.053848
0.053450
0.053103
0.052706
0.052215
0.051852
0.051519
0.051105
0.050784
0.050327
0.050027
0.049669
0.049312
0.048994
0.048597
0.048171
0.047863
0.047481
0.047299
0.046966
0.046688
0.046311
0.046106
0.045857
0.045584
0.045262
0.044997
0.044890
0.044716
0.044442
0.044198
0.043937
0.043615
0.043412
0.043190
0.043073
0.042706
0.042556
0.042259
0.042178
0.041891
0.041735
0.041494
0.041253
0.041002
0.040793
0.040703
0.040475
0.040377
0.040131
0.040002
0.039818
0.039694
0.039507
0.039353
0.039159
0.039107
0.039007
0.038760
0.038746
0.038661
0.038484
0.038306
0.038197
0.037969
0.037866
0.037776
0.037600
0.037493
0.037356
0.037283
0.037138
0.037004
0.036968
0.036859
0.036721
0.036518
0.036484
0.036356
0.036283
0.036137
0.036086
0.035913
0.035920
0.035761
0.035689
0.035632
0.035578
0.035604
0.035493
0.035427
0.035385
0.035334
0.035204
0.035120
0.035168
0.034999
0.035043
0.034972
0.034973
0.034901
0.034805
0.034877
0.034853
0.034819
0.034768
0.034731
0.034664
0.034708
0.034597
0.034565
0.034581
0.034562
0.034596
0.034586
0.034553
0.034623
0.034674
0.034658
0.034622
0.034627
0.034536
0.034505
0.034561
0.034547
0.034563
0.034577
0.034615
0.034587
0.034561
0.034535
0.034529
0.034579
0.034569
0.034523
0.034525
0.034601
0.034549
0.034526
0.034519
0.034525
0.034473
0.034553
0.034540
0.034620
0.034557
0.034558
0.034574
0.034536
0.034574
0.034509
0.034504
0.034487
0.034523
0.034509
0.034460
0.034504
0.034583
0.034593
0.034545
0.034508
0.034545
0.034531
0.034558
0.034535
0.034512
0.034422
0.034416
0.034366
0.034469
0.034361
0.034377
0.034336
0.034385
0.034436
0.034440
0.034463
0.034409
0.034470
0.034429
0.034417
0.034435
0.034340
0.034342
0.034250
0.034282
0.034286
0.034200
0.034318
0.034269
0.034257
0.034287
0.034263
0.034237
0.034197
0.034213
0.034186
0.034134
0.034151
0.034120
0.034133
0.034093
0.034103
0.034124
0.034095
0.034067
0.034067
0.034039
0.034059
0.034012
0.033977
0.033935
0.033976
0.033950
0.033885
0.033937
0.033913
0.033894
0.033848
0.033783
0.033778
0.033780
0.033791
0.033813
0.033670
0.033718
0.033655
0.033692
0.033607
0.033624
0.033603
0.033565
0.033524
0.033561
0.033548
0.033504
0.033418
0.033395
0.033376
0.033399
0.033327
0.033334
0.033334
0.033263
0.033271
0.033212
0.033244
0.033201
0.033191
0.033114
0.033123
0.033074
0.033068
0.033113
0.033139
0.033102
0.033060
0.033021
0.032950
0.032912
0.032878
0.032916
0.032879
0.032848
0.032813
0.032845
0.032755
0.032755
0.032797
0.032809
0.032691
0.032712
0.032783
0.032693
0.032708
0.032645
0.032640
0.032549
0.032578
0.032506
0.032506
0.032476
0.032498
0.032460
0.032372
0.032356
0.032356
0.032330
0.032338
0.032355
0.032277
0.032236
0.032208
0.032186
0.032165
0.032184
0.032098
0.032149
0.032123
0.032113
0.032161
0.032164
0.032119
0.032157
0.032121
0.032035
0.031990
0.032011
0.031994
0.032015
0.031971
0.031989
0.031958
0.031984
0.031900
0.031924
0.031924
0.031904
0.031904
0.031905
0.031859
0.031859
0.031883
0.031869
0.031832
0.031794
0.031755
0.031743
0.031768
0.031700
0.031662
0.031655
0.031683
0.031662
0.031662
0.031688
0.031688
0.031688
0.031688
0.031645
0.031704
0.031598
0.031598
0.031583
0.031569
0.031524
0.031515
0.031515
0.031515
0.031511
0.031555
0.031555
0.031555
0.031565
0.031565
0.031565
0.031524
0.031497
0.031459
0.031419
0.031384
0.031384
0.031367
0.031396
0.031396
0.031396
0.031396
0.031396
0.031363
0.031396
0.031352
0.031336
0.031336
0.031363
0.031363
0.031350
0.031311
0.031311
0.031311
0.031279
0.031279
0.031279
0.031345
0.031345
0.031332
0.031357
0.031319
0.031319
0.031319
0.031258
0.031258
0.031210
0.031197
0.031197
0.031169
0.031214
0.031214
0.031197
0.031197
0.031154
0.031144
0.031178
0.031178
0.031178
0.031140
0.031172
0.031172
0.031135
0.031106
0.031106
0.031125
0.031173
0.031208
0.031208
0.031156
0.031151
0.031151
0.031123
0.031123
0.031086
0.031086
0.031162
0.031162
0.031125
0.031133
0.031133
0.031065
0.031092
0.031092
0.031092
0.031137
0.031100
0.031100
0.031100
0.031100
0.031075
0.031038
0.031066
0.031066
0.031101
0.031065
0.031065
0.031024
0.031028
0.031028
0.031028
0.031028
0.031028
0.031028
0.031069
0.031103
0.031103
0.031080
0.031080
0.031003
0.031032
0.031032
0.031032
0.031032
0.031032
0.031010
0.031010
0.031010
0.031010
0.031010
0.031010
0.031010
0.031007
0.030986
0.030986
0.030986
0.030946
0.030946
0.030939
0.030896
0.030896
0.030902
0.030917
0.030917
0.030962
0.030962
0.030962
0.030962
0.030888
0.030888
0.030873
0.030855
0.030855
0.030900
0.030865
0.030865
0.030865
0.030910
0.030910
0.030944
0.030927
0.030948
0.030927
0.030923
0.030923
0.030923
0.030923
0.030931
0.030916
0.030916
0.030916
0.030882
0.030882
0.030916
0.030916
0.030916
0.030922
0.030907
0.030836
0.030836
0.030872
0.030818
0.030818
0.030857
0.030857
0.030857
0.030844
0.030875
0.030875
0.030906
0.030830
0.030851
0.030851
0.030851
0.030839
0.030839
0.030839
0.030839
0.030785
0.030785
0.030785
0.030824
0.030785
0.030807
0.030807
0.030807
0.030828
0.030828
0.030873
0.030873
0.030873
0.030864
0.030857
0.030812
0.030812
0.030791
0.030823
0.030790
0.030790
0.030790
0.030783
0.030804
0.030849
0.030882
0.030882
0.030882
0.030882
0.030882
0.030843
0.030843
0.030876
0.030831
0.030799
0.030795
0.030795
0.030795
0.030791
0.030812
0.030820
0.030820
0.030857
0.030857
0.030857
0.030857
0.030890
0.030813
0.030813
0.030813
0.030813
0.030780
0.030780
0.030780
0.030780
0.030813
0.030813
0.030813
0.030813
0.030813
0.030813
0.030809
0.030809
0.030777
0.030777
0.030777
0.030777
0.030777
0.030777
0.030777
0.030777
0.030780
0.030780
0.030780
0.030780
0.030780
0.030813
0.030813
0.030813
0.030817
0.030817
0.030817
0.030817
0.030810
0.030857
0.030857
0.030857
0.030863
0.030863
0.030863
0.030863
0.030865
0.030828
0.030828
0.030835
0.030835
0.030872
0.030872
0.030839
0.030839
0.030839
0.030839
0.030848
0.030848
0.030811
0.030811
0.030846
0.030878
0.030878
0.030889
0.030889
0.030856
0.030864
0.030864
0.030900
0.030900
0.030912
0.030838
0.030838
0.030838
0.030838
0.030838
0.030838
0.030897
0.030932
0.030932
0.030932
0.030932
0.030932
0.030946
0.030946
0.030946
0.030946
0.030946
0.030946
0.030946
0.030961
0.030924
0.030924
0.030924
0.030924
0.030924
0.030924
0.030940
0.030975
0.030975
0.030975
0.030975
0.030975
0.030993
0.030993
0.030993
0.030993
0.030993
0.031038
0.031094
0.031094
0.031094
0.031094
0.031049
0.031052
0.031052
0.031039
0.031039
0.031039
0.031039
0.031039
0.031039
0.031060
0.031105
0.031105
0.031137
0.031137
0.031137
0.031159
0.031127
0.031047
0.031047
0.031082
0.031117
0.031140
0.031140
0.031140
0.031140
0.031148
0.031193
0.031217
0.031217
0.031217
0.031182
0.031216
0.031216
0.031196
0.031196
0.031196
0.031193
0.031193
0.031193
0.031219
0.031219
0.031264
0.031300
0.031265
0.031265
0.031292
0.031292
0.031292
0.031292
0.031292
0.031247
0.031310
0.031310
0.031310
0.031310
0.031310
0.031310
0.031311
0.031311
0.031347
0.031347
0.031347
0.031347
0.031376
0.031376
0.031376
0.031366
0.031358
0.031358
0.031358
0.031388
0.031354
0.031399
0.031399
0.031399
0.031399
0.031399
0.031429
0.031429
0.031392
0.031427
0.031427
0.031462
0.031418
0.031450
0.031383
0.031346
0.031346
0.031391
0.031391
0.031391
0.031391
0.031424
0.031424
0.031458
0.031466
0.031466
0.031466
0.031433
0.031354
0.031387
0.031423
0.031423
0.031423
0.031468
0.031433
0.031433
0.031433
0.031535
0.031535
0.031535
0.031535
0.031535
0.031468
0.031468
0.031468
0.031468
0.031503
0.031503
0.031503
0.031503
0.031503
0.031503
0.031503
0.031503
0.031503
0.031542
0.031542
0.031542
0.031542
0.031505
