2.223497
2.087920
1.969187
1.895973
1.863250
1.853077
1.851693
1.852071
1.852275
1.852448
1.851810
1.850878
1.849261
1.847380
1.845697
1.844174
1.842266
1.839653
1.836511
1.832880
1.829394
1.825487
1.821627
1.817255
1.812897
1.808709
1.804127
1.800032
1.795470
1.790625
1.786378
1.782286
1.778356
1.773926
1.769879
1.765736
1.761229
1.756998
1.752622
1.748276
1.743276
1.738541
1.734167
1.729440
1.724705
1.720207
1.715225
1.710407
1.705191
1.700068
1.695788
1.690966
1.685793
1.681104
1.676564
1.671590
1.667079
1.662368
1.657672
1.652973
1.648048
1.642896
1.637673
1.632880
1.627445
1.622442
1.617277
1.612093
1.606661
1.601321
1.595848
1.590828
1.585842
1.580658
1.575447
1.569986
1.564566
1.558818
1.553212
1.547489
1.541907
1.536286
1.530528
1.524961
1.519764
1.514246
1.508590
1.502899
1.496850
1.490606
1.484378
1.478094
1.471581
1.465498
1.459233
1.452935
1.446875
1.440591
1.434278
1.428185
1.421665
1.415345
1.408614
1.402086
1.395923
1.389902
1.384182
1.377967
1.372112
1.366156
1.360406
1.354348
1.348447
1.342653
1.336933
1.331401
1.325692
1.320157
1.314740
1.309096
1.303554
1.298084
1.292619
1.287088
1.281605
1.276116
1.270799
1.265879
1.260805
1.255828
1.250955
1.246212
1.241256
1.236471
1.231695
1.226774
1.222175
1.217511
1.212722
1.208265
1.203758
1.199087
1.194449
1.189963
1.185632
1.181106
1.176709
1.172274
1.168047
1.163897
1.159635
1.155407
1.151505
1.147297
1.142938
1.138521
1.134817
1.130526
1.126747
1.123481
1.120161
1.117068
1.113749
1.110441
1.107151
1.103326
1.099372
1.095455
1.091492
1.087347
1.083532
1.079624
1.075774
1.072064
1.068376
1.064456
1.060304
1.056448
1.052425
1.048023
1.044036
1.040070
1.036053
1.031650
1.027228
1.023279
1.019347
1.015087
1.010850
1.006680
1.002677
0.998868
0.994671
0.990407
0.986411
0.982570
0.978938
0.974790
0.970636
0.966427
0.962524
0.958869
0.955101
0.950995
0.946935
0.943081
0.939398
0.935985
0.932464
0.928451
0.924251
0.920348
0.916493
0.912967
0.909454
0.905729
0.901845
0.898039
0.894156
0.890698
0.887596
0.884265
0.880649
0.876942
0.873315
0.869812
0.866461
0.863062
0.859626
0.855954
0.852003
0.848075
0.844428
0.840980
0.837492
0.833641
0.829830
0.825952
0.822252
0.818930
0.815706
0.812076
0.808405
0.804569
0.801000
0.797575
0.794361
0.790951
0.787307
0.783911
0.780437
0.777283
0.774010
0.770586
0.767019
0.763582
0.760337
0.757181
0.753912
0.751042
0.749141
0.747588
0.746771
0.746707
0.746875
0.746723
0.746866
0.746728
0.745842
0.743553
0.740861
0.738238
0.735094
0.732138
0.729030
0.725967
0.722759
0.720514
0.718973
0.718140
0.717470
0.717037
0.717029
0.716933
0.716108
0.714292
0.712005
0.709321
0.706660
0.703707
0.701022
0.698084
0.695046
0.691887
0.689442
0.687487
0.685018
0.682891
0.681108
0.678837
0.676242
0.673668
0.671075
0.668435
0.665774
0.663144
0.660360
0.658021
0.656725
0.655940
0.655543
0.655586
0.655660
0.655852
0.655999
0.655452
0.653861
0.651748
0.649329
0.646728
0.644064
0.641470
0.638755
0.636397
0.634315
0.632959
0.631889
0.630665
0.630219
0.629501
0.628133
0.626364
0.624148
0.621832
0.619632
0.617324
0.614740
0.612352
0.610253
0.608372
0.607147
0.606709
0.606523
0.606404
0.606701
0.606728
0.606184
0.605156
0.603385
0.601317
0.598977
0.596587
0.594305
0.592058
0.589839
0.587785
0.585719
0.583583
0.581405
0.579415
0.577338
0.575042
0.572857
0.570667
0.568520
0.566934
0.566223
0.565989
0.565963
0.566346
0.566843
0.567385
0.567732
0.567622
0.566658
0.565011
0.563434
0.561401
0.559089
0.556879
0.554589
0.552446
0.550408
0.548434
0.546237
0.544125
0.541967
0.539958
0.538029
0.535729
0.533615
0.531583
0.529425
0.527463
0.525112
0.523364
0.521787
0.521160
0.521083
0.521307
0.521445
0.522050
0.522671
0.522948
0.522551
0.521362
0.519954
0.518310
0.515624
0.512327
0.509234
0.505940
0.502460
0.499261
0.496843
0.494833
0.493371
0.492961
0.492918
0.493183
0.493638
0.493734
0.494130
0.494359
0.493940
0.492845
0.491308
0.489704
0.488035
0.486077
0.484012
0.482073
0.480159
0.478516
0.476753
0.474983
0.473130
0.471404
0.469723
0.467918
0.466136
0.464485
0.462636
0.460969
0.459266
0.457411
0.455744
0.454079
0.452338
0.450478
0.448814
0.447024
0.445808
0.444878
0.444476
0.444057
0.444045
0.443637
0.443682
0.443352
0.442292
0.440994
0.439425
0.437781
0.435509
0.432473
0.429515
0.426532
0.423070
0.419782
0.417476
0.415599
0.414052
0.412545
0.411939
0.411400
0.411132
0.410769
0.410631
0.410285
0.409459
0.408427
0.407130
0.405901
0.403833
0.401185
0.398658
0.396533
0.394766
0.393204
0.391732
0.390608
0.389741
0.389005
0.388154
0.386866
0.385661
0.384419
0.383084
0.381711
0.380354
0.379036
0.377660
0.376440
0.375249
0.374197
0.372762
0.371660
0.370277
0.369314
0.368003
0.366901
0.365769
0.364573
0.363495
0.362391
0.361150
0.360081
0.358992
0.357641
0.356474
0.355493
0.354200
0.352961
0.351557
0.350140
0.348784
0.347504
0.346256
0.344837
0.343596
0.342422
0.340949
0.339487
0.338178
0.336821
0.335547
0.334257
0.332768
0.331336
0.329904
0.328577
0.327144
0.325819
0.324430
0.322929
0.321567
0.320193
0.318739
0.317170
0.315638
0.314282
0.312748
0.311288
0.309817
0.308198
0.306849
0.305266
0.303674
0.302201
0.300756
0.299277
0.297693
0.296124
0.294686
0.293058
0.291653
0.290201
0.288682
0.287067
0.285343
0.283843
0.282339
0.280890
0.279380
0.277769
0.276175
0.274687
0.273263
0.271601
0.270173
0.268693
0.267269
0.265706
0.264213
0.262801
0.261243
0.259676
0.258244
0.256808
0.255274
0.254069
0.252518
0.251135
0.249720
0.248498
0.247132
0.245854
0.244459
0.243211
0.241977
0.240645
0.239427
0.238232
0.236927
0.235785
0.234579
0.233486
0.232368
0.231183
0.230183
0.228973
0.227894
0.226783
0.225771
0.224700
0.223602
0.222539
0.221559
0.220601
0.219404
0.218462
0.217455
0.216437
0.215528
0.214406
0.213449
0.212497
0.211622
0.210618
0.209575
0.208673
0.207603
0.206730
0.205871
0.204845
0.203838
0.202894
0.201968
0.200981
0.199976
0.198868
0.197966
0.196915
0.195914
0.194959
0.193990
0.192924
0.191889
0.190883
0.189899
0.188803
0.187649
0.186666
0.185581
0.184471
0.183385
0.182284
0.181119
0.180081
0.178986
0.177868
0.176567
0.175373
0.174206
0.173029
0.171849
0.170613
0.169382
0.168153
0.166784
0.165564
0.164302
0.163036
0.161737
0.160487
0.159103
0.157850
0.156392
0.155118
0.153721
0.152292
0.151057
0.149773
0.148436
0.147045
0.145734
0.144459
0.143098
0.141712
0.140503
0.139195
0.137823
0.136455
0.135122
0.133802
0.132559
0.131244
0.129889
0.128647
0.127363
0.126170
0.124928
0.123859
0.122502
0.121214
0.120057
0.118877
0.117691
0.116553
0.115342
0.114152
0.113098
0.112106
0.111072
0.109903
0.108833
0.107742
0.106709
0.105731
0.104814
0.103762
0.102872
0.102032
0.101046
0.100165
0.099280
0.098433
0.097563
0.096745
0.095967
0.095222
0.094350
0.093689
0.092864
0.092109
0.091496
0.090783
0.090047
0.089436
0.088822
0.088171
0.087623
0.086993
0.086373
0.085840
0.085206
0.084738
0.084185
0.083667
0.083143
0.082593
0.082257
0.081626
0.081189
0.080778
0.080303
0.079880
0.079470
0.078990
0.078722
0.078276
0.077900
0.077507
0.077063
0.076696
0.076364
0.076039
0.075674
0.075280
0.074945
0.074597
0.074287
0.074100
0.073826
0.073515
0.073285
0.072976
0.072594
0.072337
0.072131
0.071844
0.071467
0.071286
0.070946
0.070688
0.070393
0.070022
0.069731
0.069480
0.069215
0.069005
0.068705
0.068524
0.068191
0.067948
0.067701
0.067490
0.067259
0.066966
0.066722
0.066491
0.066236
0.066054
0.065730
0.065522
0.065362
0.065160
0.064879
0.064661
0.064358
0.064236
0.064016
0.063775
0.063570
0.063327
0.063136
0.062983
0.062695
0.062452
0.062366
0.062123
0.061849
0.061628
0.061396
0.061205
0.061014
0.060845
0.060691
0.060524
0.060215
0.060079
0.059850
0.059663
0.059423
0.059263
0.059029
0.058862
0.058660
0.058480
0.058225
0.058094
0.057971
0.057774
0.057489
0.057324
0.057093
0.056921
0.056689
0.056559
0.056368
0.056164
0.055986
0.055834
0.055670
0.055433
0.055294
0.055109
0.054877
0.054759
0.054549
0.054346
0.054175
0.053960
0.053783
0.053589
0.053418
0.053192
0.053084
0.052936
0.052723
0.052557
0.052426
0.052187
0.052092
0.052044
0.051794
0.051584
0.051440
0.051300
0.051044
0.050893
0.050597
0.050441
0.050294
0.050146
0.050019
0.049888
0.049653
0.049554
0.049421
0.049325
0.049135
0.049019
0.048869
0.048688
0.048566
0.048307
0.048180
0.048021
0.047859
0.047729
0.047600
0.047407
0.047323
0.047230
0.047001
0.046864
0.046767
0.046675
0.046527
0.046428
0.046279
0.046045
0.045979
0.045891
0.045673
0.045638
0.045410
0.045250
0.045138
0.044961
0.044811
0.044767
0.044629
0.044625
0.044439
0.044294
0.044197
0.044113
0.043971
0.043814
0.043688
0.043529
0.043449
0.043385
0.043305
0.043151
0.043083
0.043019
0.042872
0.042768
0.042638
0.042492
0.042468
0.042282
0.042237
0.042089
0.042052
0.041915
0.041825
0.041770
0.041578
0.041534
0.041351
0.041283
0.041317
0.041139
0.041111
0.040926
0.040840
0.040777
0.040494
0.040510
0.040460
0.040302
0.040241
0.040194
0.040066
0.040006
0.039969
0.039874
0.039736
0.039691
0.039514
0.039380
0.039295
0.039172
0.039185
0.039032
0.039000
0.038881
0.038802
0.038725
0.038633
0.038564
0.038561
0.038506
0.038389
0.038291
0.038251
0.038168
0.038124
0.037966
0.037951
0.037868
0.037798
0.037712
0.037631
0.037593
0.037524
0.037487
0.037334
0.037342
0.037199
0.037199
0.037149
0.037100
0.036959
0.036919
0.036878
0.036800
0.036693
0.036653
0.036597
0.036557
0.036567
0.036459
0.036411
0.036372
0.036229
0.036209
0.036105
0.036070
0.035989
0.035894
0.035849
0.035855
0.035755
0.035785
0.035650
0.035625
0.035597
0.035597
0.035574
0.035538
0.035534
0.035381
0.035348
0.035250
0.035209
0.035173
0.035157
0.035187
0.034993
0.034970
0.034970
0.034943
0.034943
0.034876
0.034845
0.034779
0.034715
0.034714
0.034618
0.034655
0.034669
0.034526
0.034526
0.034442
0.034409
0.034336
0.034336
0.034265
0.034226
0.034203
0.034172
0.034103
0.033935
0.033857
0.033879
0.033872
0.033735
0.033692
0.033648
0.033633
0.033560
0.033510
0.033480
0.033438
0.033439
0.033411
0.033379
0.033343
0.033303
0.033245
0.033197
0.033234
0.033166
0.033076
0.033035
0.032999
0.032975
0.032975
0.032908
0.032787
0.032759
0.032759
0.032759
0.032697
0.032629
0.032597
0.032573
0.032573
0.032479
0.032392
0.032392
0.032392
0.032400
0.032306
0.032306
0.032266
0.032266
0.032239
0.032153
0.032109
0.032072
0.032083
0.032071
0.032037
0.032012
0.031979
0.031955
0.031939
0.031853
0.031863
0.031838
0.031807
0.031807
0.031780
0.031791
0.031764
0.031764
0.031710
0.031670
0.031600
0.031600
0.031600
0.031572
0.031582
0.031517
0.031503
0.031503
0.031503
0.031503
0.031378
0.031346
0.031316
0.031269
0.031301
0.031301
0.031219
0.031219
0.031219
0.031219
0.031196
0.031098
0.031017
0.030946
0.030910
0.030894
0.030887
0.030880
0.030858
0.030749
0.030758
0.030758
0.030711
0.030708
0.030708
0.030705
0.030625
0.030603
0.030580
0.030580
0.030580
0.030580
0.030579
0.030497
0.030457
0.030495
0.030495
0.030473
0.030473
0.030436
0.030436
0.030356
0.030315
0.030315
0.030315
0.030256
0.030236
0.030236
0.030216
0.030216
0.030137
0.030137
0.030118
0.030118
0.030118
0.030136
0.030136
0.030096
0.030075
0.030037
0.029978
0.029987
0.029991
0.030002
0.030008
0.030015
0.030015
0.029995
0.029992
0.030001
0.029855
0.029865
0.029865
0.029876
0.029857
0.029889
0.029900
0.029900
0.029900
0.029912
0.029912
0.029842
0.029806
0.029769
0.029768
0.029768
0.029768
0.029736
0.029736
0.029736
0.029719
0.029719
0.029719
0.029694
0.029694
0.029686
0.029686
0.029616
0.029616
0.029616
0.029616
0.029616
0.029655
0.029655
0.029655
0.029585
0.029575
0.029559
0.029500
0.029493
0.029454
0.029448
0.029445
0.029431
0.029405
0.029402
0.029375
0.029373
0.029373
0.029337
0.029335
0.029335
0.029335
0.029334
0.029334
0.029298
0.029298
0.029298
0.029266
0.029289
0.029254
0.029254
0.029254
0.029254
0.029254
0.029254
0.029254
0.029254
0.029254
0.029254
0.029254
0.029254
0.029254
0.029254
0.029254
0.029223
0.029159
0.029159
0.029148
0.029148
0.029148
0.029157
0.029162
0.029172
0.029169
0.029176
0.029176
0.029184
0.029192
0.029201
0.029201
0.029211
0.029173
0.029144
0.029144
0.029144
0.029097
0.029097
0.029097
0.029109
0.029109
0.029141
0.029141
0.029141
0.029154
0.029154
0.029154
0.029120
0.029120
0.029120
0.029088
0.029088
0.029088
0.029101
0.029101
0.029122
0.029122
0.029122
0.029122
0.029122
0.029099
0.029099
0.029099
0.029099
0.029060
0.029060
0.029024
0.029015
0.028994
0.029020
0.029013
0.029013
0.029008
0.029003
0.029003
0.028963
0.028947
0.028915
0.028943
0.028978
0.028947
0.028945
0.028977
0.028946
0.028977
0.028977
0.028977
0.028979
0.028979
0.028979
0.028921
0.028881
0.028881
0.028879
0.028848
0.028848
0.028848
0.028809
0.028810
0.028810
0.028843
0.028843
0.028880
0.028810
0.028841
0.028841
0.028841
0.028804
0.028804
0.028804
0.028804
0.028804
0.028813
0.028849
0.028883
0.028887
0.028894
0.028894
0.028902
0.028910
0.028920
0.028832
0.028842
0.028829
0.028840
0.028840
0.028864
0.028913
0.028913
0.028944
0.028956
0.028956
0.028918
0.028918
0.028887
0.028882
0.028882
0.028882
0.028882
0.028882
0.028920
0.028920
0.028920
0.028890
0.028935
0.028898
0.028860
0.028822
0.028790
0.028790
0.028790
0.028824
0.028824
0.028862
0.028862
0.028862
0.028793
0.028783
0.028732
0.028757
0.028750
0.028719
0.028713
0.028744
0.028746
0.028742
0.028738
0.028738
0.028736
0.028736
0.028736
0.028734
0.028662
0.028662
0.028661
0.028661
0.028661
0.028693
0.028693
0.028728
0.028690
0.028690
0.028690
0.028654
0.028654
0.028654
0.028654
0.028654
0.028654
0.028655
0.028655
0.028655
0.028655
0.028655
0.028655
0.028655
0.028655
0.028655
0.028655
0.028655
0.028655
0.028655
0.028655
0.028664
0.028630
0.028640
0.028647
0.028654
0.028677
0.028685
0.028693
0.028703
0.028664
0.028674
0.028674
0.028685
0.028685
0.028685
0.028703
0.028703
0.028703
0.028715
0.028715
0.028715
0.028715
0.028715
0.028727
0.028727
0.028766
0.028727
0.028734
0.028734
0.028734
0.028734
0.028734
0.028747
0.028709
0.028709
0.028709
0.028709
0.028709
0.028749
0.028749
0.028749
0.028709
0.028709
0.028709
0.028639
0.028633
0.028617
0.028610
0.028636
0.028636
0.028630
0.028664
0.028664
0.028660
0.028621
0.028582
0.028580
0.028580
0.028545
0.028543
0.028543
0.028543
0.028542
0.028542
0.028581
0.028581
0.028546
0.028578
0.028578
0.028539
0.028506
0.028506
0.028506
0.028506
0.028506
0.028506
0.028506
0.028507
0.028546
0.028546
0.028546
0.028517
0.028480
0.028441
0.028441
0.028441
0.028441
0.028441
0.028441
0.028441
0.028441
0.028489
0.028493
0.028503
0.028510
0.028517
0.028517
0.028486
0.028494
0.028503
0.028503
0.028476
0.028476
0.028487
0.028487
0.028526
0.028537
0.028537
0.028537
0.028549
0.028549
0.028510
0.028510
0.028510
0.028490
0.028490
0.028490
0.028490
0.028490
0.028529
0.028529
0.028529
0.028562
0.028575
0.028575
0.028499
0.028466
0.028486
0.028486
0.028486
0.028486
0.028520
0.028489
0.028528
0.028528
0.028459
0.028449
0.028398
0.028391
0.028385
0.028377
0.028371
0.028402
0.028365
0.028360
0.028357
0.028357
0.028393
0.028363
0.028363
0.028361
0.028325
0.028325
0.028355
0.028316
0.028316
0.028316
0.028316
0.028318
0.028318
0.028351
0.028390
0.028354
0.028354
0.028354
0.028354
0.028354
0.028318
0.028279
0.028246
0.028246
0.028246
0.028246
0.028246
0.028220
0.028259
0.028259
0.028259
0.028259
0.028259
0.028259
0.028259
0.028229
0.028233
0.028244
0.028213
0.028220
0.028220
0.028267
0.028276
0.028285
0.028285
0.028295
0.028295
0.028305
0.028305
0.028267
0.028278
0.028278
0.028278
0.028290
0.028290
0.028329
0.028329
0.028329
0.028342
0.028342
0.028342
0.028342
0.028342
0.028303
0.028266
0.028233
0.028233
0.028246
0.028246
0.028285
0.028285
0.028285
0.028285
0.028285
0.028285
0.028285
0.028285
0.028246
0.028246
0.028176
0.028194
0.028178
0.028171
0.028204
0.028204
0.028198
0.028193
0.028193
0.028189
0.028114
0.028114
0.028111
0.028072
0.028108
0.028106
0.028106
0.028106
0.028144
0.028144
0.028144
0.028144
0.028108
0.028108
0.028108
0.028086
0.028086
0.028047
0.028047
0.028047
0.027977
0.027977
0.028049
0.028050
0.028050
0.028050
0.028050
0.028050
0.028050
0.028050
0.028050
0.027977
0.027977
0.027977
0.028016
0.028016
0.028025
0.028029
0.028040
0.028046
0.028053
0.028053
0.028061
0.028069
0.028047
0.028047
0.028018
0.028021
0.028031
0.028031
0.028063
0.028074
0.028074
0.028074
0.028086
0.028086
0.028086
0.028086
0.028055
0.028067
0.028067
0.028067
0.028067
0.028067
0.028099
0.028099
0.028099
0.028099
0.028112
0.028112
0.028112
0.028112
0.028081
0.028081
0.028081
0.028011
0.028045
0.028045
0.028039
0.028073
0.028073
0.028003
0.027992
0.027940
0.027915
0.027909
0.027843
0.027873
0.027868
0.027868
0.027864
0.027861
0.027861
0.027890
0.027890
0.027890
0.027888
0.027852
0.027852
0.027851
0.027819
0.027819
0.027819
0.027819
0.027855
0.027855
0.027855
0.027855
0.027886
0.027851
0.027851
0.027851
0.027851
0.027819
0.027783
0.027783
0.027783
0.027783
0.027783
0.027783
0.027783
0.027783
0.027783
0.027783
0.027783
0.027789
0.027789
0.027798
0.027802
0.027813
0.027819
0.027826
0.027826
0.027834
0.027843
0.027852
0.027852
0.027862
0.027862
0.027873
0.027873
0.027873
0.027884
0.027884
0.027814
0.027826
0.027826
0.027826
0.027826
0.027826
0.027825
0.027825
0.027825
0.027825
0.027825
0.027825
0.027825
0.027825
0.027825
0.027839
0.027839
0.027839
0.027873
0.027873
0.027873
0.027839
0.027839
0.027839
0.027839
0.027839
0.027870
0.027870
0.027800
0.027825
0.027809
0.027805
0.027799
0.027767
0.027762
0.027757
0.027757
0.027753
0.027750
0.027714
0.027743
0.027743
0.027743
0.027741
0.027741
0.027741
0.027740
0.027740
0.027708
0.027708
0.027673
0.027673
0.027673
0.027704
0.027704
0.027704
0.027704
0.027704
0.027704
0.027704
0.027704
0.027704
0.027704
0.027704
0.027704
0.027704
0.027704
0.027704
0.027704
0.027704
0.027704
0.027704
0.027704
0.027713
0.027717
0.027719
0.027726
0.027733
0.027733
0.027741
0.027749
0.027749
0.027758
0.027768
0.027734
0.027745
0.027745
0.027745
0.027756
0.027756
0.027790
0.027802
0.027802
0.027802
0.027802
0.027802
0.027745
0.027745
0.027745
0.027745
0.027745
0.027745
0.027745
0.027745
0.027745
0.027745
0.027759
0.027759
0.027759
0.027759
0.027759
0.027759
0.027759
0.027759
0.027793
0.027793
0.027793
0.027793
0.027793
0.027723
0.027714
0.027698
0.027691
0.027649
0.027685
0.027679
0.027674
0.027670
0.027670
0.027667
0.027667
0.027664
0.027664
0.027664
0.027662
0.027662
0.027627
0.027626
0.027626
0.027634
0.027634
0.027669
0.027669
0.027669
0.027669
0.027669
0.027669
0.027634
0.027634
0.027658
0.027655
0.027656
0.027620
0.027620
0.027620
0.027620
0.027620
0.027596
0.027596
0.027620
0.027620
0.027620
0.027620
0.027620
0.027629
0.027633
0.027644
0.027650
0.027657
0.027657
0.027665
0.027674
0.027674
0.027683
0.027693
0.027693
0.027704
0.027704
0.027704
0.027715
0.027715
0.027715
0.027727
0.027727
0.027727
0.027727
0.027727
0.027740
0.027740
0.027740
0.027740
0.027740
0.027740
0.027740
0.027740
0.027740
0.027740
0.027753
0.027753
0.027787
0.027787
0.027787
0.027787
0.027787
0.027753
0.027753
0.027753
0.027753
0.027753
0.027683
0.027709
0.027658
0.027651
0.027644
0.027644
0.027674
0.027669
0.027669
0.027665
0.027661
0.027661
0.027623
0.027589
0.027624
0.027622
0.027622
0.027622
0.027621
0.027621
0.027621
0.027621
0.027621
0.027585
0.027585
0.027585
0.027585
0.027585
0.027585
0.027588
0.027588
0.027588
0.027588
0.027588
0.027588
0.027588
0.027588
0.027588
0.027588
0.027588
0.027588
0.027588
0.027588
0.027588
0.027588
0.027588
0.027597
0.027601
0.027612
0.027618
0.027625
0.027625
0.027633
0.027642
0.027651
0.027651
0.027661
0.027661
0.027671
0.027671
0.027671
0.027683
0.027683
0.027683
0.027695
0.027695
0.027695
0.027695
0.027695
0.027708
0.027708
0.027708
0.027672
0.027672
0.027708
0.027708
0.027708
0.027708
0.027721
0.027759
0.027759
0.027759
0.027721
0.027734
0.027734
0.027699
0.027664
0.027698
0.027698
0.027698
0.027768
0.027737
0.027728
0.027712
0.027705
0.027699
0.027664
0.027585
0.027616
0.027580
0.027576
0.027573
0.027573
0.027570
0.027644
0.027644
0.027642
0.027642
0.027607
0.027606
0.027606
0.027567
0.027567
0.027531
0.027531
0.027567
0.027567
0.027567
0.027605
0.027641
0.027605
0.027605
0.027605
0.027605
0.027567
0.027567
0.027563
0.027563
0.027563
0.027563
0.027563
0.027531
0.027531
0.027606
0.027606
0.027606
0.027615
0.027619
0.027591
0.027628
0.027600
0.027600
0.027608
0.027616
0.027616
0.027626
0.027604
0.027678
0.027689
0.027697
0.027697
0.027708
0.027669
0.027701
0.027713
0.027677
0.027677
0.027677
0.027677
0.027690
0.027729
0.027733
0.027733
0.027733
0.027733
0.027733
0.027764
0.027726
0.027726
0.027703
0.027703
0.027703
0.027701
0.027740
0.027775
0.027775
0.027775
0.027741
0.027741
0.027741
0.027741
0.027741
0.027632
0.027623
0.027606
0.027638
0.027632
0.027632
0.027662
0.027657
0.027653
0.027653
0.027649
0.027649
0.027611
0.027611
0.027613
0.027575
0.027575
0.027575
0.027610
0.027610
0.027610
0.027610
0.027610
0.027574
0.027574
0.027574
0.027574
0.027574
0.027535
0.027535
0.027556
0.027556
0.027557
0.027595
0.027595
0.027595
0.027595
0.027595
0.027595
0.027595
0.027595
0.027595
0.027557
0.027557
0.027557
0.027566
0.027570
0.027619
0.027625
0.027632
0.027632
0.027640
0.027648
0.027648
0.027658
0.027668
0.027598
0.027609
0.027609
0.027609
0.027620
0.027690
0.027690
0.027702
0.027702
0.027702
0.027702
0.027702
0.027714
0.027714
0.027714
0.027683
0.027683
0.027683
0.027683
0.027714
0.027714
0.027714
0.027728
0.027728
0.027728
0.027728
0.027728
0.027728
0.027728
0.027728
0.027762
0.027762
0.027762
0.027762
0.027693
0.027683
0.027667
0.027660
0.027654
0.027654
0.027648
0.027644
0.027644
0.027640
0.027636
0.027636
0.027634
0.027634
0.027634
0.027632
0.027632
0.027632
0.027595
0.027595
0.027595
0.027564
0.027564
0.027564
0.027564
0.027599
0.027599
0.027599
0.027630
0.027595
0.027595
0.027595
0.027595
0.027595
0.027595
0.027564
0.027564
0.027531
0.027531
0.027531
0.027531
0.027531
0.027531
0.027595
0.027595
0.027595
0.027604
0.027608
0.027588
0.027560
0.027568
0.027568
0.027575
0.027584
0.027593
0.027593
0.027603
0.027603
0.027614
0.027614
0.027614
0.027625
0.027625
0.027625
0.027637
0.027637
0.027637
0.027637
0.027637
0.027650
0.027650
0.027650
0.027650
0.027650
0.027650
0.027650
0.027650
0.027650
0.027663
0.027663
0.027663
0.027663
0.027697
0.027697
0.027697
0.027728
0.027728
0.027694
0.027694
0.027694
0.027663
0.027593
0.027584
0.027603
0.027596
0.027589
0.027589
0.027584
0.027579
0.027610
0.027606
0.027603
0.027615
0.027613
0.027546
0.027546
0.027544
0.027580
0.027580
0.027579
0.027579
0.027579
0.027579
0.027579
0.027578
0.027543
0.027543
0.027543
0.027543
0.027543
0.027543
0.027543
0.027543
0.027543
0.027543
0.027543
0.027543
0.027543
0.027543
0.027543
0.027543
0.027543
0.027543
0.027543
0.027543
0.027543
0.027552
0.027556
0.027567
0.027573
0.027580
0.027580
0.027588
0.027597
0.027597
0.027606
0.027616
0.027616
0.027626
0.027626
0.027626
0.027638
0.027638
0.027638
0.027650
0.027650
0.027650
0.027650
0.027650
0.027663
0.027663
