1.885563
1.741401
1.612412
1.530063
1.491825
1.479422
1.477131
1.477076
1.476867
1.476416
1.475776
1.474612
1.473213
1.471554
1.469589
1.467842
1.465721
1.463722
1.461414
1.459200
1.456926
1.454729
1.452737
1.450467
1.447929
1.445413
1.442996
1.440146
1.437302
1.434720
1.432025
1.429174
1.426846
1.424500
1.422281
1.419913
1.417315
1.414724
1.412146
1.409432
1.406713
1.403991
1.401251
1.398834
1.396364
1.393898
1.391391
1.388542
1.385687
1.382669
1.379883
1.376962
1.373981
1.370944
1.367821
1.364700
1.361406
1.358198
1.354835
1.351609
1.348382
1.344914
1.341822
1.338640
1.335397
1.332226
1.328644
1.325282
1.321614
1.318028
1.314528
1.311387
1.307914
1.304542
1.300794
1.297126
1.293307
1.289663
1.285960
1.282148
1.278353
1.274296
1.270387
1.266516
1.262558
1.258740
1.254970
1.251036
1.246983
1.243020
1.238894
1.234812
1.230789
1.226872
1.222836
1.218606
1.214579
1.210349
1.206133
1.201985
1.197897
1.193661
1.189326
1.185075
1.181126
1.176851
1.172551
1.168288
1.164042
1.159994
1.155678
1.151542
1.147162
1.143314
1.139278
1.135093
1.131067
1.126770
1.123135
1.119839
1.116348
1.113160
1.110452
1.107585
1.104632
1.101610
1.098592
1.095096
1.091098
1.087335
1.083077
1.079082
1.074993
1.071076
1.067012
1.063121
1.059472
1.055425
1.051446
1.047630
1.043676
1.039550
1.035566
1.031947
1.028163
1.024361
1.020575
1.016689
1.012814
1.008870
1.005059
1.001181
0.997407
0.993564
0.989647
0.985858
0.982242
0.978602
0.974895
0.971081
0.967357
0.963652
0.959871
0.956497
0.952993
0.949475
0.946109
0.942527
0.939085
0.935558
0.932199
0.928724
0.925197
0.921784
0.918480
0.915076
0.911571
0.907991
0.904523
0.901104
0.897430
0.893817
0.890015
0.886420
0.882599
0.878955
0.875393
0.871785
0.868375
0.865018
0.861652
0.858372
0.854851
0.851297
0.847897
0.844417
0.840870
0.837576
0.834128
0.830597
0.827243
0.823751
0.820183
0.816735
0.813138
0.809717
0.806013
0.802470
0.798843
0.795427
0.792026
0.788506
0.784819
0.781224
0.777434
0.773934
0.770393
0.766809
0.762988
0.759329
0.755598
0.752170
0.748422
0.744777
0.741071
0.737348
0.733848
0.730285
0.726558
0.722699
0.719023
0.715280
0.711583
0.707866
0.704151
0.700521
0.697058
0.693319
0.689548
0.685825
0.682249
0.678521
0.674940
0.671158
0.667677
0.664103
0.660530
0.657037
0.653600
0.650232
0.646871
0.643378
0.640060
0.636611
0.633095
0.629639
0.626296
0.622900
0.619468
0.616179
0.612773
0.609431
0.605933
0.602659
0.599587
0.596408
0.593288
0.590095
0.586824
0.583753
0.580431
0.577300
0.574134
0.570962
0.567815
0.564623
0.561612
0.558472
0.555454
0.552594
0.549811
0.546699
0.543650
0.540751
0.537653
0.534759
0.531777
0.528848
0.526093
0.523323
0.520285
0.517192
0.514212
0.511168
0.508172
0.505003
0.502050
0.499174
0.496202
0.493115
0.490237
0.487449
0.484702
0.481828
0.478871
0.475822
0.472847
0.469952
0.466928
0.463998
0.461047
0.457972
0.455115
0.452144
0.449292
0.446277
0.443422
0.440389
0.437412
0.434536
0.431665
0.428826
0.425950
0.422986
0.420200
0.417251
0.414297
0.411417
0.408528
0.405701
0.402809
0.399934
0.397085
0.394339
0.391437
0.388637
0.385813
0.383020
0.380170
0.377319
0.374567
0.371670
0.368839
0.365988
0.363105
0.360297
0.357377
0.354697
0.351890
0.349087
0.346354
0.343524
0.340706
0.337884
0.335058
0.332393
0.329535
0.326740
0.324021
0.321359
0.318668
0.315935
0.313355
0.310701
0.308074
0.305497
0.302821
0.300506
0.298118
0.295582
0.293040
0.290741
0.288467
0.286135
0.283651
0.281345
0.278873
0.276568
0.274322
0.271942
0.269765
0.267441
0.265272
0.263031
0.260931
0.258650
0.256438
0.254264
0.252215
0.250069
0.247879
0.245977
0.243968
0.242105
0.239962
0.238062
0.236055
0.234345
0.232374
0.230405
0.228541
0.226593
0.224703
0.222846
0.221038
0.219135
0.217254
0.215532
0.213683
0.212106
0.210638
0.208899
0.207167
0.205406
0.203626
0.201943
0.200120
0.198432
0.196933
0.195233
0.193614
0.192033
0.190291
0.188703
0.187084
0.185599
0.184067
0.182276
0.180884
0.179164
0.177427
0.176038
0.174331
0.172914
0.171454
0.169875
0.168290
0.166905
0.165421
0.163935
0.162497
0.161086
0.159791
0.158271
0.156892
0.155460
0.154065
0.152876
0.151469
0.150258
0.149204
0.148141
0.146871
0.145670
0.144544
0.143302
0.142072
0.140856
0.139759
0.138588
0.137489
0.136354
0.135210
0.134087
0.133100
0.131951
0.131039
0.129823
0.128821
0.127733
0.126782
0.125818
0.124890
0.123785
0.122882
0.121942
0.121014
0.120069
0.119228
0.118210
0.117265
0.116479
0.115612
0.114556
0.113574
0.112752
0.112040
0.111182
0.110407
0.109432
0.108727
0.107926
0.107322
0.106424
0.105708
0.104943
0.104148
0.103447
0.102695
0.101895
0.101039
0.100363
0.099618
0.098951
0.098245
0.097540
0.096847
0.096190
0.095531
0.094738
0.094158
0.093425
0.092698
0.092022
0.091468
0.090767
0.090074
0.089572
0.088805
0.088169
0.087508
0.087037
0.086455
0.085830
0.085239
0.084703
0.084233
0.083578
0.082992
0.082471
0.081828
0.081320
0.080683
0.080154
0.079633
0.079098
0.078474
0.078077
0.077489
0.076933
0.076393
0.075836
0.075337
0.074729
0.074291
0.073722
0.073273
0.072818
0.072390
0.071850
0.071428
0.070878
0.070565
0.070035
0.069776
0.069168
0.068768
0.068276
0.067731
0.067346
0.066956
0.066432
0.066122
0.065580
0.065190
0.064714
0.064267
0.064042
0.063530
0.063017
0.062604
0.062312
0.061902
0.061543
0.061188
0.060869
0.060506
0.060164
0.059822
0.059481
0.059026
0.058588
0.058185
0.057934
0.057679
0.057331
0.056891
0.056517
0.056323
0.055881
0.055529
0.055279
0.054833
0.054423
0.054284
0.053861
0.053595
0.053310
0.053025
0.052648
0.052405
0.052136
0.051959
0.051725
0.051316
0.050982
0.050766
0.050457
0.050161
0.049894
0.049581
0.049402
0.049079
0.048816
0.048643
0.048436
0.048227
0.048073
0.047780
0.047537
0.047340
0.047005
0.046809
0.046651
0.046359
0.046128
0.046012
0.045652
0.045501
0.045331
0.045189
0.044951
0.044892
0.044618
0.044370
0.044179
0.044124
0.043836
0.043680
0.043505
0.043330
0.043131
0.043022
0.042855
0.042713
0.042583
0.042338
0.042076
0.042025
0.041985
0.041615
0.041573
0.041428
0.041294
0.041157
0.040918
0.040898
0.040645
0.040512
0.040494
0.040278
0.040118
0.039934
0.039802
0.039722
0.039654
0.039423
0.039332
0.039256
0.039175
0.039102
0.038781
0.038733
0.038594
0.038645
0.038546
0.038352
0.038208
0.038208
0.037994
0.037898
0.037742
0.037621
0.037585
0.037476
0.037376
0.037306
0.037104
0.037074
0.036987
0.036892
0.036789
0.036748
0.036646
0.036511
0.036373
0.036280
0.036198
0.036181
0.036106
0.036045
0.036011
0.035980
0.035772
0.035773
0.035695
0.035670
0.035563
0.035466
0.035402
0.035369
0.035251
0.035217
0.035281
0.035201
0.035205
0.035059
0.034937
0.034915
0.034908
0.034778
0.034726
0.034708
0.034618
0.034459
0.034431
0.034408
0.034364
0.034344
0.034373
0.034336
0.034248
0.034168
0.034171
0.034079
0.034030
0.034010
0.033992
0.033906
0.033859
0.033808
0.033758
0.033785
0.033740
0.033739
0.033698
0.033680
0.033680
0.033616
0.033537
0.033510
0.033448
0.033448
0.033406
0.033346
0.033266
0.033266
0.033320
0.033211
0.033205
0.033205
0.033163
0.033163
0.033099
0.033059
0.033077
0.033077
0.033030
0.032988
0.032928
0.032830
0.032784
0.032707
0.032657
0.032641
0.032634
0.032584
0.032584
0.032532
0.032414
0.032437
0.032437
0.032387
0.032326
0.032276
0.032236
0.032236
0.032234
0.032169
0.032110
0.032109
0.032139
0.032100
0.032100
0.032057
0.031948
0.031968
0.031985
0.032013
0.032016
0.031885
0.031857
0.031813
0.031774
0.031757
0.031765
0.031744
0.031706
0.031698
0.031655
0.031655
0.031655
0.031636
0.031636
0.031636
0.031664
0.031563
0.031524
0.031517
0.031488
0.031456
0.031463
0.031410
0.031396
0.031398
0.031360
0.031402
0.031411
0.031500
0.031438
0.031438
0.031397
0.031371
0.031333
0.031320
0.031332
0.031332
0.031332
0.031332
0.031297
0.031291
0.031268
0.031247
0.031247
0.031250
0.031250
0.031216
0.031176
0.031140
0.031103
0.031062
0.030975
0.030975
0.030972
0.030972
0.030972
0.030972
0.030972
0.030972
0.030972
0.030964
0.030908
0.030846
0.030777
0.030768
0.030735
0.030728
0.030722
0.030691
0.030668
0.030661
0.030617
0.030617
0.030577
0.030572
0.030583
0.030580
0.030535
0.030533
0.030485
0.030485
0.030484
0.030484
0.030484
0.030441
0.030416
0.030400
0.030386
0.030347
0.030296
0.030306
0.030296
0.030320
0.030320
0.030296
0.030296
0.030296
0.030282
0.030266
0.030195
0.030195
0.030159
0.030159
0.030159
0.030141
0.030109
0.030066
0.030065
0.030095
0.030105
0.030111
0.030118
0.030118
0.030126
0.030119
0.030045
0.029994
0.030004
0.029961
0.029923
0.029971
0.029971
0.029965
0.029935
0.029935
0.029961
0.029961
0.029976
0.029976
0.029959
0.029996
0.030008
0.029974
0.029893
0.029893
0.029922
0.029922
0.029922
0.029913
0.029915
0.029928
0.029928
0.029827
0.029827
0.029853
0.029853
0.029811
0.029811
0.029775
0.029727
0.029710
0.029704
0.029659
0.029659
0.029638
0.029594
0.029616
0.029609
0.029603
0.029567
0.029562
0.029509
0.029515
0.029515
0.029489
0.029489
0.029487
0.029512
0.029441
0.029428
0.029453
0.029453
0.029373
0.029373
0.029373
0.029373
0.029356
0.029356
0.029315
0.029315
0.029279
0.029279
0.029234
0.029234
0.029234
0.029229
0.029194
0.029194
0.029194
0.029173
0.029214
0.029214
0.029214
0.029214
0.029169
0.029169
0.029120
0.029116
0.029117
0.029121
0.029132
0.029138
0.029193
0.029158
0.029229
0.029238
0.029198
0.029207
0.029217
0.029177
0.029119
0.029119
0.029084
0.029095
0.029057
0.029057
0.029069
0.028974
0.028974
0.028974
0.028974
0.028974
0.028986
0.028986
0.028986
0.028986
0.028986
0.028981
0.028957
0.028941
0.028941
0.028954
0.028965
0.028965
0.028965
0.028998
0.028977
0.028977
0.028963
0.028960
0.028925
0.028925
0.028925
0.028925
0.028925
0.028808
0.028799
0.028783
0.028737
0.028734
0.028764
0.028758
0.028766
0.028727
0.028727
0.028706
0.028706
0.028703
0.028690
0.028643
0.028596
0.028543
0.028543
0.028557
0.028586
0.028586
0.028539
0.028539
0.028539
0.028503
0.028487
0.028480
0.028480
0.028480
0.028480
0.028480
0.028557
0.028557
0.028557
0.028557
0.028506
0.028444
0.028406
0.028371
0.028386
0.028386
0.028386
0.028386
0.028386
0.028395
0.028348
0.028359
0.028321
0.028281
0.028281
0.028252
0.028260
0.028241
0.028327
0.028321
0.028313
0.028324
0.028324
0.028281
0.028292
0.028292
0.028292
0.028257
0.028246
0.028263
0.028263
0.028263
0.028275
0.028275
0.028240
0.028197
0.028197
0.028197
0.028197
0.028197
0.028197
0.028197
0.028243
0.028243
0.028243
0.028274
0.028274
0.028232
0.028232
0.028232
0.028232
0.028232
0.028232
0.028232
0.028209
0.028209
0.028109
0.028100
0.028048
0.027986
0.027938
0.027938
0.027932
0.027947
0.027943
0.027930
0.027926
0.027926
0.027908
0.027908
0.027908
0.027938
0.027903
0.027862
0.027861
0.027840
0.027840
0.027840
0.027840
0.027794
0.027794
0.027862
0.027862
0.027862
0.027862
0.027862
0.027862
0.027883
0.027883
0.027838
0.027803
0.027763
0.027763
0.027798
0.027763
0.027784
0.027784
0.027784
0.027797
0.027812
0.027786
0.027790
0.027795
0.027766
0.027773
0.027773
0.027773
0.027803
0.027841
0.027767
0.027737
0.027737
0.027747
0.027737
0.027737
0.027711
0.027755
0.027755
0.027767
0.027746
0.027746
0.027746
0.027746
0.027781
0.027781
0.027781
0.027781
0.027710
0.027710
0.027734
0.027696
0.027696
0.027696
0.027709
0.027709
0.027741
0.027741
0.027741
0.027741
0.027741
0.027741
0.027684
0.027684
0.027614
0.027601
0.027633
0.027565
0.027556
0.027582
0.027575
0.027569
0.027527
0.027521
0.027516
0.027538
0.027553
0.027552
0.027552
0.027549
0.027549
0.027549
0.027510
0.027510
0.027510
0.027509
0.027502
0.027464
0.027464
0.027490
0.027490
0.027527
0.027527
0.027527
0.027527
0.027527
0.027527
0.027527
0.027527
0.027527
0.027527
0.027475
0.027475
0.027539
0.027539
0.027504
0.027504
0.027498
0.027457
0.027419
0.027394
0.027360
0.027368
0.027372
0.027383
0.027422
0.027428
0.027428
0.027436
0.027472
0.027437
0.027446
0.027456
0.027456
0.027434
0.027434
0.027434
0.027445
0.027445
0.027445
0.027419
0.027419
0.027435
0.027435
0.027435
0.027447
0.027476
0.027476
0.027476
0.027476
0.027476
0.027476
0.027476
0.027473
0.027473
0.027486
0.027486
0.027452
0.027452
0.027415
0.027415
0.027415
0.027415
0.027415
0.027415
0.027444
0.027444
0.027429
0.027360
0.027351
0.027335
0.027328
0.027322
0.027322
0.027316
0.027286
0.027282
0.027282
0.027278
0.027242
0.027207
0.027207
0.027207
0.027205
0.027166
0.027166
0.027165
0.027195
0.027159
0.027159
0.027159
0.027198
0.027234
0.027267
0.027267
0.027267
0.027194
0.027159
0.027174
0.027139
0.027104
0.027142
0.027142
0.027104
0.027104
0.027138
0.027138
0.027138
0.027105
0.027105
0.027105
0.027105
0.027105
0.027154
0.027158
0.027134
0.027141
0.027147
0.027180
0.027188
0.027181
0.027154
0.027131
0.027140
0.027140
0.027151
0.027151
0.027151
0.027194
0.027194
0.027194
0.027206
0.027206
0.027204
0.027171
0.027138
0.027151
0.027151
0.027151
0.027151
0.027151
0.027151
0.027151
0.027183
0.027183
0.027196
0.027162
0.027162
0.027164
0.027164
0.027164
0.027164
0.027179
0.027113
0.027113
0.027113
0.027113
0.027113
0.027044
0.027035
0.027019
0.027012
0.027006
0.027037
0.027032
0.027027
0.027027
0.026996
0.026993
0.026993
0.026990
0.026990
0.026954
0.026921
0.026921
0.026921
0.026956
0.026956
0.026941
0.026941
0.026941
0.026941
0.026941
0.026905
0.026905
0.026905
0.026905
0.026905
0.026905
0.026905
0.026905
0.026905
0.026905
0.026905
0.026876
0.026913
0.026920
0.026920
0.026920
0.026886
0.026849
0.026849
0.026823
0.026823
0.026832
0.026836
0.026846
0.026853
0.026897
0.026859
0.026882
0.026890
0.026899
0.026899
0.026909
0.026909
0.026893
0.026893
0.026865
0.026876
0.026876
0.026876
0.026888
0.026888
0.026888
0.026888
0.026888
0.026901
0.026901
0.026901
0.026901
0.026901
0.026901
0.026901
0.026901
0.026901
0.026931
0.026931
0.026931
0.026931
0.026874
0.026874
0.026874
0.026874
0.026906
0.026906
0.026906
0.026906
0.026906
0.026870
0.026861
0.026845
0.026838
0.026831
0.026831
0.026826
0.026787
0.026755
0.026751
0.026747
0.026747
0.026745
0.026745
0.026745
0.026776
0.026776
0.026754
0.026768
0.026768
0.026768
0.026768
0.026768
0.026768
0.026741
0.026708
0.026708
0.026708
0.026708
0.026708
0.026741
0.026741
0.026741
0.026742
0.026742
0.026742
0.026742
0.026704
0.026704
0.026742
0.026742
0.026779
0.026763
0.026775
0.026775
0.026784
0.026788
0.026798
0.026711
0.026681
0.026718
0.026725
0.026734
0.026771
0.026780
0.026827
0.026806
0.026816
0.026816
0.026816
0.026827
0.026791
0.026754
0.026765
0.026765
0.026765
0.026765
0.026765
0.026815
0.026852
0.026852
0.026852
0.026852
0.026852
0.026797
0.026797
0.026760
0.026760
0.026773
0.026773
0.026773
0.026773
0.026810
0.026795
0.026770
0.026770
0.026770
0.026770
0.026770
0.026732
0.026695
0.026626
0.026617
0.026601
0.026594
0.026588
0.026625
0.026620
0.026615
0.026596
0.026596
0.026592
0.026592
0.026552
0.026552
0.026552
0.026550
0.026550
0.026550
0.026549
0.026549
0.026587
0.026587
0.026587
0.026586
0.026586
0.026549
0.026549
0.026549
0.026549
0.026549
0.026549
0.026549
0.026549
0.026549
0.026587
0.026587
0.026587
0.026575
0.026575
0.026553
0.026553
0.026553
0.026553
0.026520
0.026520
0.026528
0.026566
0.026614
0.026620
0.026627
0.026627
0.026634
0.026605
0.026572
0.026581
0.026591
0.026591
0.026601
0.026601
0.026601
0.026614
0.026652
0.026630
0.026642
0.026627
0.026627
0.026627
0.026627
0.026639
0.026639
0.026601
0.026601
0.026601
0.026601
0.026601
0.026639
0.026639
0.026639
0.026652
0.026652
0.026652
0.026652
0.026669
0.026669
0.026669
0.026669
0.026669
0.026669
0.026669
0.026669
0.026600
0.026591
0.026558
0.026551
0.026545
0.026561
0.026555
0.026550
0.026543
0.026539
0.026535
0.026535
0.026533
0.026533
0.026533
0.026531
0.026531
0.026531
0.026530
0.026530
0.026530
0.026530
0.026530
0.026530
0.026530
0.026530
0.026530
0.026530
0.026530
0.026497
0.026497
0.026482
0.026482
0.026515
0.026515
0.026482
0.026482
0.026482
0.026482
0.026482
0.026482
0.026482
0.026449
0.026449
0.026449
0.026449
0.026458
0.026495
0.026505
0.026511
0.026518
0.026518
0.026526
0.026534
0.026543
0.026511
0.026520
0.026520
0.026531
0.026513
0.026513
0.026524
0.026556
0.026572
0.026584
0.026584
0.026584
0.026584
0.026584
0.026564
0.026564
0.026564
0.026564
0.026564
0.026564
0.026564
0.026596
0.026596
0.026609
0.026642
0.026642
0.026642
0.026609
0.026577
0.026615
0.026615
0.026615
0.026615
0.026615
0.026599
0.026599
0.026525
0.026548
0.026530
0.026523
0.026517
0.026485
0.026479
0.026474
0.026480
0.026508
0.026505
0.026505
0.026503
0.026503
0.026503
0.026501
0.026533
0.026533
0.026494
0.026494
0.026494
0.026494
0.026532
0.026531
0.026497
0.026497
0.026497
0.026497
0.026464
0.026464
0.026480
0.026480
0.026512
0.026512
0.026512
0.026545
0.026545
0.026545
0.026545
0.026512
0.026512
0.026480
0.026480
0.026480
0.026480
0.026489
0.026493
0.026535
0.026541
0.026548
0.026548
0.026556
0.026564
0.026564
0.026573
0.026583
0.026583
0.026578
0.026546
0.026546
0.026589
0.026589
0.026589
0.026601
0.026601
0.026601
0.026601
0.026601
0.026614
0.026614
0.026614
0.026614
0.026614
0.026614
0.026614
0.026614
0.026614
0.026614
0.026627
0.026627
0.026627
0.026627
0.026627
0.026627
0.026615
0.026615
0.026615
0.026615
0.026615
0.026615
0.026630
0.026561
0.026552
0.026536
0.026529
0.026523
0.026523
0.026517
0.026513
0.026531
0.026531
0.026527
0.026527
0.026525
0.026511
0.026511
0.026509
0.026509
0.026509
0.026508
0.026508
0.026508
0.026508
0.026508
0.026508
0.026508
0.026508
0.026493
0.026493
0.026493
0.026493
0.026493
0.026493
0.026493
0.026493
0.026461
0.026461
0.026461
0.026461
0.026461
0.026461
0.026461
0.026461
0.026461
0.026461
0.026461
0.026470
0.026474
0.026522
0.026528
0.026535
0.026535
0.026505
0.026513
0.026513
0.026522
0.026532
0.026532
0.026543
0.026558
0.026558
0.026569
0.026569
0.026607
0.026619
0.026619
0.026619
0.026619
0.026619
0.026631
0.026593
0.026593
0.026593
0.026593
0.026593
0.026593
0.026593
0.026593
0.026631
0.026644
0.026644
0.026644
0.026644
0.026644
0.026644
0.026629
0.026629
0.026591
0.026591
0.026591
0.026591
0.026522
0.026551
0.026535
0.026528
0.026522
0.026522
0.026517
0.026512
0.026512
0.026508
0.026504
0.026504
0.026502
0.026502
0.026502
0.026500
0.026500
0.026500
0.026499
0.026499
0.026499
0.026499
0.026499
0.026499
0.026499
0.026499
0.026514
0.026514
0.026514
0.026514
0.026514
0.026514
0.026514
0.026514
0.026514
0.026514
0.026514
0.026514
0.026514
0.026514
0.026514
0.026514
0.026514
0.026483
0.026483
0.026483
0.026492
0.026496
0.026506
0.026544
0.026551
0.026551
0.026543
0.026551
0.026560
0.026529
0.026539
0.026539
0.026549
0.026549
0.026549
0.026560
0.026560
0.026560
0.026572
0.026572
0.026572
0.026572
0.026572
0.026584
0.026584
0.026584
0.026584
0.026584
0.026584
0.026584
0.026584
0.026584
0.026598
0.026630
0.026630
0.026630
0.026598
0.026613
0.026613
0.026613
0.026613
0.026613
0.026613
0.026613
0.026613
0.026544
0.026567
0.026551
0.026544
0.026538
0.026538
0.026533
0.026528
0.026496
0.026492
0.026488
0.026488
0.026486
0.026486
0.026486
0.026484
0.026501
0.026501
0.026500
0.026500
0.026500
0.026500
0.026500
0.026499
0.026499
0.026467
0.026467
0.026467
0.026467
0.026467
0.026467
0.026499
0.026499
0.026500
0.026500
0.026500
0.026500
0.026500
0.026500
0.026500
0.026500
0.026500
0.026500
0.026500
0.026500
0.026508
0.026513
0.026523
0.026544
0.026551
0.026551
0.026559
0.026567
0.026567
0.026576
0.026586
0.026586
0.026597
0.026634
0.026634
0.026645
0.026645
0.026645
0.026619
0.026589
0.026589
0.026589
0.026589
0.026601
0.026601
0.026632
0.026632
0.026670
0.026654
0.026654
0.026654
0.026623
0.026623
0.026637
0.026637
0.026599
0.026599
0.026599
0.026599
0.026599
0.026599
0.026599
0.026637
0.026637
0.026637
0.026637
0.026568
0.026559
0.026543
0.026536
0.026530
0.026530
0.026524
0.026482
0.026478
0.026470
0.026467
0.026505
0.026502
0.026518
0.026518
0.026516
0.026516
0.026516
0.026515
0.026515
0.026515
0.026515
0.026515
0.026514
0.026514
0.026514
0.026514
0.026514
0.026514
0.026514
0.026514
0.026514
0.026515
0.026515
0.026515
0.026515
0.026515
0.026515
0.026499
0.026499
0.026499
0.026499
0.026499
0.026499
0.026499
0.026508
0.026512
0.026522
0.026529
0.026536
0.026536
0.026543
0.026552
0.026590
0.026600
0.026570
0.026570
0.026581
0.026581
0.026581
0.026592
0.026592
0.026592
0.026604
0.026643
0.026643
0.026643
0.026643
0.026671
0.026671
0.026664
0.026664
0.026664
0.026664
0.026664
0.026664
0.026703
0.026671
0.026684
0.026684
0.026684
0.026684
0.026684
0.026684
0.026684
0.026716
0.026716
0.026716
0.026716
0.026716
0.026647
0.026623
0.026607
0.026600
0.026561
0.026561
0.026556
0.026551
0.026551
0.026547
0.026546
0.026546
0.026543
0.026543
0.026573
0.026572
0.026572
0.026572
0.026571
0.026571
0.026571
0.026571
0.026540
0.026540
0.026540
0.026540
0.026540
0.026540
0.026540
0.026540
0.026540
0.026540
0.026540
0.026556
0.026556
0.026556
0.026556
0.026556
0.026556
0.026556
0.026582
0.026582
0.026582
0.026582
0.026582
0.026582
0.026591
0.026595
0.026605
0.026611
0.026618
0.026618
0.026626
0.026634
0.026643
0.026643
0.026653
0.026653
0.026663
0.026648
0.026648
0.026659
0.026659
0.026659
0.026671
0.026671
0.026671
0.026671
0.026709
0.026721
0.026721
0.026721
0.026721
0.026721
0.026683
0.026683
0.026683
0.026683
0.026696
0.026696
0.026696
0.026696
0.026696
0.026734
0.026734
0.026734
0.026734
0.026734
0.026734
0.026734
0.026734
0.026643
0.026634
0.026618
0.026611
0.026605
0.026605
0.026599
0.026632
0.026632
0.026628
0.026625
0.026625
0.026622
0.026622
0.026622
0.026621
0.026621
0.026621
0.026582
0.026582
0.026582
0.026582
0.026619
0.026619
0.026619
0.026619
0.026604
0.026604
0.026604
0.026604
0.026604
0.026604
0.026604
0.026604
0.026604
0.026604
0.026604
0.026604
0.026604
0.026604
0.026604
0.026604
0.026604
0.026604
0.026575
0.026575
0.026583
0.026587
0.026598
0.026604
0.026673
0.026673
0.026680
0.026689
0.026698
0.026698
0.026646
0.026661
0.026671
0.026671
0.026674
0.026648
0.026648
0.026685
0.026729
0.026729
0.026729
0.026729
0.026729
0.026742
0.026742
0.026742
0.026742
0.026672
0.026672
0.026672
0.026672
0.026710
0.026723
0.026755
0.026755
0.026740
0.026740
0.026740
0.026740
0.026740
0.026702
0.026702
0.026702
0.026702
0.026601
0.026630
0.026614
0.026575
0.026641
0.026641
0.026635
0.026630
0.026662
0.026618
0.026578
0.026578
0.026575
0.026575
0.026575
0.026611
0.026651
0.026619
0.026618
0.026618
0.026618
0.026618
0.026650
0.026665
0.026587
0.026587
0.026587
0.026587
0.026587
0.026627
0.026665
0.026633
0.026633
0.026633
0.026633
0.026633
0.026665
0.026665
0.026628
0.026628
0.026628
0.026628
0.026628
0.026628
0.026665
0.026633
0.026633
0.026642
0.026630
0.026641
0.026679
0.026648
0.026614
0.026621
0.026630
0.026639
0.026639
0.026683
0.026721
0.026699
0.026699
0.026699
0.026710
0.026710
0.026710
0.026717
0.026717
0.026717
0.026717
0.026717
0.026729
0.026729
0.026735
0.026735
0.026735
0.026735
0.026735
0.026735
0.026735
0.026758
0.026758
0.026758
0.026758
0.026758
0.026758
0.026758
0.026763
0.026763
0.026763
0.026763
0.026763
0.026694
0.026685
0.026664
0.026628
0.026622
