2.088631
1.945331
1.815329
1.729081
1.685388
1.669116
1.666078
1.666462
1.667134
1.667184
1.650887
1.645222
1.641713
1.638195
1.633973
1.630365
1.626315
1.622411
1.618649
1.615188
1.611924
1.609164
1.606416
1.603989
1.601586
1.599270
1.597075
1.594756
1.592606
1.590584
1.588696
1.586902
1.585257
1.583355
1.581960
1.580381
1.578681
1.577206
1.575573
1.573946
1.572494
1.571513
1.570635
1.569544
1.568739
1.567773
1.566861
1.565578
1.564553
1.563380
1.562454
1.561702
1.560971
1.559883
1.558933
1.557480
1.556322
1.554904
1.553822
1.552712
1.551312
1.550017
1.548580
1.547221
1.546148
1.544755
1.543260
1.541868
1.540604
1.539067
1.537198
1.535301
1.533428
1.531352
1.529232
1.527070
1.524562
1.521912
1.519612
1.517357
1.514889
1.512677
1.510438
1.507822
1.505491
1.503086
1.500927
1.498715
1.496129
1.493397
1.490719
1.488100
1.485755
1.483179
1.481329
1.478867
1.476678
1.474090
1.471891
1.469918
1.467767
1.465741
1.464229
1.462613
1.460339
1.458127
1.456283
1.454599
1.452477
1.450160
1.447746
1.446157
1.444331
1.442478
1.440391
1.437880
1.435812
1.434063
1.432270
1.430487
1.428152
1.426011
1.423958
1.422069
1.420264
1.418287
1.416184
1.413729
1.411113
1.408808
1.406616
1.404903
1.402891
1.400882
1.398549
1.396292
1.393759
1.391412
1.389858
1.387777
1.385771
1.384013
1.381536
1.378941
1.376641
1.374461
1.372076
1.370250
1.368794
1.366902
1.364515
1.362415
1.359735
1.357052
1.354855
1.353009
1.351105
1.348673
1.346342
1.343998
1.341598
1.338836
1.335873
1.333030
1.330808
1.328348
1.325979
1.323655
1.321884
1.320415
1.319144
1.318446
1.318614
1.318805
1.318483
1.316946
1.314924
1.312578
1.310589
1.308165
1.306038
1.303818
1.301538
1.299381
1.296716
1.294032
1.291680
1.289552
1.287711
1.285141
1.282214
1.278641
1.275884
1.273614
1.272252
1.270409
1.268545
1.267023
1.266197
1.265980
1.265593
1.265142
1.263892
1.261817
1.259314
1.257125
1.254911
1.252406
1.249285
1.246414
1.244044
1.241651
1.239326
1.236427
1.233460
1.230396
1.227784
1.225348
1.222760
1.219845
1.216927
1.213813
1.211749
1.210311
1.209027
1.207686
1.206518
1.205363
1.204637
1.204007
1.202093
1.199237
1.196104
1.193140
1.190586
1.187373
1.184140
1.180953
1.178157
1.175475
1.172069
1.168911
1.165755
1.162464
1.159251
1.156305
1.153123
1.149841
1.146489
1.143489
1.141183
1.139137
1.136991
1.135184
1.133625
1.132063
1.130285
1.127850
1.124954
1.121749
1.118266
1.114809
1.111627
1.108367
1.105187
1.101989
1.098728
1.095394
1.092035
1.088391
1.084963
1.081506
1.078184
1.074861
1.071834
1.068664
1.065803
1.063664
1.061923
1.060423
1.058960
1.057485
1.055988
1.053808
1.050901
1.047692
1.044541
1.041287
1.038249
1.035712
1.033278
1.030904
1.028577
1.025777
1.023158
1.020526
1.017757
1.014961
1.012413
1.009751
1.006963
1.004333
1.002131
1.000233
0.998229
0.996475
0.994832
0.993076
0.991322
0.989343
0.987211
0.984891
0.982466
0.979918
0.977518
0.975072
0.972664
0.970332
0.968046
0.965998
0.963625
0.961266
0.959087
0.956695
0.954376
0.952569
0.950847
0.949173
0.948763
0.948272
0.948384
0.948601
0.947968
0.946443
0.944941
0.942305
0.939727
0.936697
0.933506
0.930964
0.928603
0.926902
0.925685
0.924856
0.924280
0.923462
0.922672
0.921784
0.920267
0.918342
0.916017
0.913915
0.911731
0.909698
0.907597
0.905595
0.903561
0.901964
0.900575
0.899747
0.899354
0.899988
0.901000
0.902419
0.904787
0.906367
0.907683
0.907582
0.906841
0.905392
0.903122
0.900388
0.897400
0.894757
0.892088
0.889886
0.887398
0.885404
0.883445
0.881178
0.878938
0.876488
0.874714
0.873216
0.872159
0.871023
0.870405
0.869500
0.868619
0.867655
0.866375
0.864639
0.863292
0.862074
0.861541
0.861482
0.862120
0.863501
0.865389
0.867704
0.869641
0.870574
0.869894
0.868209
0.866134
0.864396
0.862703
0.861180
0.859489
0.857458
0.854811
0.851877
0.848842
0.845610
0.842314
0.839044
0.835871
0.832872
0.829399
0.826262
0.823201
0.819835
0.817105
0.815566
0.814869
0.814844
0.816020
0.818740
0.821728
0.825161
0.828718
0.831125
0.832056
0.831776
0.831055
0.828687
0.825824
0.822623
0.819425
0.816348
0.813356
0.810283
0.806674
0.803357
0.799856
0.796967
0.794468
0.791298
0.788545
0.786140
0.783876
0.781583
0.779441
0.777580
0.775609
0.774538
0.774106
0.774309
0.775720
0.777514
0.779788
0.781997
0.783863
0.785273
0.784838
0.782921
0.780110
0.776688
0.773088
0.769421
0.766016
0.762754
0.759912
0.757911
0.756133
0.754538
0.752916
0.751319
0.750093
0.748401
0.746414
0.744026
0.741244
0.738346
0.735974
0.733712
0.731474
0.728984
0.727206
0.726319
0.726310
0.726599
0.728228
0.730431
0.732179
0.733871
0.735657
0.736920
0.737359
0.736659
0.735445
0.734069
0.732269
0.730947
0.729715
0.728400
0.727746
0.726455
0.724399
0.721861
0.718868
0.715836
0.713674
0.711828
0.709536
0.707058
0.704541
0.701862
0.699293
0.696821
0.694099
0.691468
0.688696
0.686041
0.683712
0.682505
0.682772
0.683737
0.685837
0.688335
0.691633
0.695544
0.698998
0.701749
0.703865
0.704509
0.703659
0.701720
0.698779
0.695471
0.691882
0.688543
0.685950
0.683643
0.681131
0.678996
0.676650
0.674425
0.672063
0.669660
0.667295
0.664828
0.662265
0.660069
0.658435
0.657201
0.656332
0.656050
0.656410
0.657548
0.658802
0.660760
0.662934
0.664338
0.664834
0.665064
0.665122
0.663872
0.661882
0.659924
0.657436
0.655074
0.652828
0.650773
0.648698
0.646647
0.644730
0.642723
0.640694
0.638494
0.636452
0.634204
0.632023
0.629933
0.628364
0.627418
0.626532
0.626082
0.625487
0.624747
0.624066
0.623160
0.621713
0.619941
0.618257
0.616172
0.613954
0.611957
0.609935
0.608144
0.606000
0.603992
0.602092
0.599935
0.598374
0.597072
0.595883
0.595057
0.594611
0.594393
0.594027
0.593678
0.593262
0.592187
0.590629
0.588755
0.586714
0.584578
0.582319
0.580527
0.578889
0.577730
0.576552
0.575722
0.574741
0.573814
0.572521
0.571295
0.569682
0.568020
0.565869
0.563538
0.560955
0.558286
0.555357
0.552709
0.550121
0.547777
0.545483
0.543513
0.541859
0.540586
0.539620
0.538760
0.537938
0.536950
0.535999
0.534732
0.533320
0.531605
0.529916
0.527878
0.525247
0.522589
0.519906
0.517009
0.514340
0.511995
0.510068
0.508341
0.507262
0.506428
0.505846
0.505131
0.504538
0.503769
0.502691
0.501385
0.499843
0.498124
0.495798
0.493447
0.490816
0.488227
0.485708
0.483608
0.481729
0.479930
0.478556
0.477584
0.476743
0.475951
0.475057
0.474313
0.473299
0.471937
0.470541
0.469052
0.467370
0.465777
0.464226
0.462709
0.461149
0.459633
0.458070
0.456591
0.455052
0.453547
0.452047
0.450512
0.448996
0.447590
0.446157
0.444886
0.443630
0.442346
0.440936
0.439678
0.438362
0.437068
0.435727
0.434547
0.433193
0.432100
0.430804
0.429631
0.428620
0.427546
0.426273
0.425225
0.424153
0.423011
0.421797
0.420715
0.419710
0.418650
0.417597
0.416456
0.415472
0.414424
0.413200
0.412334
0.411185
0.410167
0.408909
0.407790
0.406795
0.405651
0.404396
0.403481
0.402165
0.401025
0.399838
0.398667
0.397323
0.396019
0.394808
0.393572
0.392563
0.391351
0.390050
0.389040
0.387751
0.386669
0.385563
0.384273
0.383434
0.382257
0.380813
0.379694
0.378433
0.377249
0.376324
0.375164
0.374106
0.373077
0.371850
0.370806
0.369540
0.368426
0.367216
0.366101
0.364917
0.363758
0.362656
0.361429
0.360244
0.358898
0.357743
0.356644
0.355249
0.354070
0.352722
0.351359
0.350056
0.348741
0.347403
0.346090
0.344740
0.343281
0.341919
0.340568
0.339061
0.337639
0.336156
0.334408
0.332970
0.331378
0.329681
0.328106
0.326429
0.324873
0.323224
0.321702
0.319881
0.317792
0.315530
0.313022
0.310749
0.308525
0.306281
0.303905
0.301687
0.299490
0.297312
0.295054
0.293094
0.290887
0.288665
0.286313
0.283850
0.281469
0.279036
0.276815
0.274611
0.272315
0.269875
0.267480
0.265081
0.262694
0.260316
0.258134
0.255856
0.253694
0.251332
0.249146
0.246985
0.244772
0.242639
0.240529
0.238345
0.236302
0.234078
0.231983
0.230022
0.228151
0.226373
0.224476
0.222670
0.220769
0.218791
0.216914
0.215084
0.213366
0.211660
0.209639
0.207929
0.206219
0.204387
0.202614
0.200877
0.199212
0.197610
0.195835
0.194354
0.192670
0.191173
0.189485
0.188011
0.186461
0.184931
0.183406
0.182119
0.180826
0.179279
0.178021
0.176595
0.175089
0.173727
0.172331
0.170998
0.169453
0.168288
0.166895
0.165639
0.164294
0.163046
0.161744
0.160368
0.159105
0.157965
0.156679
0.155597
0.154382
0.153217
0.151981
0.150843
0.149735
0.148534
0.147374
0.146259
0.145268
0.144049
0.143106
0.142023
0.141131
0.140038
0.139041
0.137944
0.136950
0.135827
0.134830
0.133845
0.132788
0.131758
0.130872
0.129827
0.128901
0.127869
0.126922
0.125936
0.125058
0.124022
0.123042
0.122038
0.121038
0.120229
0.119321
0.118358
0.117601
0.116576
0.115545
0.114603
0.113817
0.113000
0.112078
0.111197
0.110308
0.109479
0.108569
0.107652
0.106860
0.106118
0.105304
0.104497
0.103717
0.102808
0.101927
0.101117
0.100332
0.099469
0.098700
0.097847
0.097062
0.096216
0.095447
0.094616
0.093862
0.092965
0.092260
0.091604
0.090775
0.090100
0.089308
0.088579
0.087821
0.087234
0.086475
0.085767
0.085058
0.084339
0.083685
0.082998
0.082324
0.081713
0.081024
0.080373
0.079732
0.079113
0.078543
0.078056
0.077478
0.076945
0.076331
0.075746
0.075156
0.074681
0.074051
0.073580
0.072946
0.072410
0.071987
0.071366
0.070944
0.070358
0.069834
0.069344
0.068887
0.068315
0.067849
0.067435
0.066969
0.066378
0.065989
0.065503
0.064992
0.064602
0.064154
0.063714
0.063361
0.062827
0.062483
0.062238
0.061659
0.061280
0.060928
0.060460
0.060113
0.059767
0.059319
0.058913
0.058530
0.058210
0.057808
0.057456
0.057183
0.056768
0.056498
0.056125
0.055784
0.055477
0.055120
0.054789
0.054489
0.054114
0.053853
0.053514
0.053306
0.052957
0.052759
0.052406
0.052137
0.051851
0.051542
0.051217
0.051004
0.050704
0.050423
0.050083
0.049913
0.049652
0.049391
0.049188
0.048900
0.048746
0.048502
0.048255
0.048080
0.047787
0.047559
0.047393
0.047241
0.046886
0.046777
0.046585
0.046338
0.046142
0.045956
0.045691
0.045490
0.045296
0.045112
0.044926
0.044663
0.044568
0.044473
0.044278
0.044020
0.043872
0.043829
0.043678
0.043365
0.043287
0.043227
0.042999
0.042807
0.042627
0.042431
0.042297
0.042157
0.042035
0.041913
0.041863
0.041760
0.041556
0.041357
0.041246
0.041204
0.041007
0.040812
0.040705
0.040599
0.040486
0.040416
0.040286
0.040080
0.039992
0.039909
0.039793
0.039635
0.039513
0.039425
0.039307
0.039234
0.039041
0.039052
0.039013
0.038869
0.038704
0.038563
0.038609
0.038422
0.038288
0.038162
0.038039
0.037998
0.037968
0.037940
0.037773
0.037738
0.037527
0.037506
0.037455
0.037434
0.037317
0.037187
0.037181
0.037016
0.036976
0.036875
0.036850
0.036807
0.036675
0.036700
0.036510
0.036533
0.036358
0.036306
0.036228
0.036197
0.036141
0.036017
0.035980
0.035918
0.035842
0.035783
0.035730
0.035695
0.035736
0.035605
0.035601
0.035605
0.035484
0.035317
0.035322
0.035255
0.035160
0.035072
0.035061
0.035068
0.034968
0.034835
0.034798
0.034850
0.034780
0.034731
0.034665
0.034585
0.034547
0.034489
0.034410
0.034376
0.034378
0.034333
0.034259
0.034264
0.034102
0.034184
0.034096
0.034032
0.033991
0.033982
0.033939
0.033861
0.033895
0.033895
0.033799
0.033759
0.033726
0.033696
0.033562
0.033580
0.033533
0.033566
0.033529
0.033411
0.033335
0.033289
0.033248
0.033196
0.033188
0.033194
0.033141
0.033136
0.033122
0.033130
0.033069
0.033036
0.032971
0.032895
0.032874
0.032938
0.032954
0.032925
0.032875
0.032744
0.032678
0.032631
0.032603
0.032567
0.032567
0.032521
0.032554
0.032570
0.032575
0.032616
0.032505
0.032410
0.032380
0.032356
0.032359
0.032283
0.032286
0.032284
0.032244
0.032216
0.032211
0.032143
0.032072
0.032047
0.032036
0.032013
0.032013
0.031900
0.031888
0.031912
0.031850
0.031849
0.031779
0.031697
0.031668
0.031668
0.031646
0.031631
0.031630
0.031649
0.031611
0.031611
0.031633
0.031570
0.031528
0.031485
0.031421
0.031444
0.031398
0.031398
0.031370
0.031360
0.031360
0.031399
0.031290
0.031290
0.031185
0.031183
0.031109
0.031109
0.031149
0.031149
0.031123
0.031037
0.030994
0.030915
0.030874
0.030909
0.030952
0.030886
0.030876
0.030840
0.030876
0.030833
0.030757
0.030723
0.030680
0.030680
0.030639
0.030635
0.030698
0.030652
0.030565
0.030607
0.030633
0.030611
0.030611
0.030611
0.030611
0.030535
0.030391
0.030409
0.030409
0.030418
0.030368
0.030343
0.030324
0.030273
0.030279
0.030247
0.030272
0.030272
0.030215
0.030113
0.030113
0.030113
0.030069
0.030028
0.030010
0.030047
0.030047
0.030053
0.030053
0.030023
0.029967
0.029864
0.029875
0.029885
0.029885
0.029885
0.029915
0.029915
0.029869
0.029869
0.029795
0.029801
0.029810
0.029794
0.029748
0.029717
0.029717
0.029712
0.029712
0.029624
0.029599
0.029557
0.029599
0.029562
0.029562
0.029511
0.029511
0.029520
0.029520
0.029532
0.029532
0.029532
0.029485
0.029449
0.029427
0.029390
0.029355
0.029315
0.029255
0.029255
0.029255
0.029238
0.029229
0.029200
0.029183
0.029143
0.029143
0.029067
0.029067
0.029101
0.029101
0.029055
0.029095
0.029061
0.029061
0.029061
0.029083
0.029025
0.029025
0.029067
0.029032
0.029067
0.029067
0.029067
0.029059
0.028995
0.028995
0.028966
0.029007
0.028972
0.028946
0.028946
0.028860
0.028888
0.028966
0.028966
0.028960
0.028960
0.028973
0.028973
0.028917
0.028917
0.028917
0.028834
0.028777
0.028739
0.028739
0.028775
0.028692
0.028692
0.028672
0.028672
0.028719
0.028680
0.028691
0.028691
0.028644
0.028644
0.028580
0.028580
0.028564
0.028564
0.028611
0.028611
0.028611
0.028602
0.028602
0.028558
0.028557
0.028529
0.028529
0.028529
0.028571
0.028552
0.028552
0.028590
0.028590
0.028559
0.028516
0.028516
0.028514
0.028506
0.028506
0.028470
0.028495
0.028495
0.028457
0.028455
0.028455
0.028464
0.028464
0.028421
0.028401
0.028401
0.028401
0.028401
0.028401
0.028374
0.028374
0.028414
0.028346
0.028309
0.028309
0.028309
0.028348
0.028348
0.028307
0.028307
0.028307
0.028280
0.028280
0.028280
0.028302
0.028262
0.028262
0.028262
0.028262
0.028262
0.028302
0.028302
0.028276
0.028276
0.028276
0.028233
0.028193
0.028198
0.028157
0.028116
0.028158
0.028158
0.028158
0.028158
0.028175
0.028175
0.028175
0.028169
0.028169
0.028169
0.028147
0.028147
0.028147
0.028147
0.028105
0.028105
0.028081
0.028081
0.028123
0.028171
0.028171
0.028171
0.028132
0.028132
0.028132
0.028132
0.028132
0.028109
0.028109
0.028089
0.028063
0.028106
0.028108
0.028108
0.028108
0.028108
0.028108
0.028087
0.028087
0.028045
0.028045
0.028063
0.028085
0.028085
0.028085
0.028085
0.028085
0.028085
0.028085
0.028066
0.028066
0.028066
0.028030
0.028030
0.028030
0.028030
0.028008
0.027992
0.027992
0.027992
0.027956
0.027956
0.027956
0.027982
0.027982
0.027982
0.027982
0.027982
0.027982
0.027937
0.027937
0.027896
0.027896
0.027906
0.027951
0.027951
0.027951
0.027957
0.027957
0.027957
0.027957
0.027957
0.027957
0.027957
0.027957
0.027957
0.027957
0.027957
0.027957
0.027957
0.028003
0.028003
0.028003
0.028001
0.028001
0.027987
0.027987
0.027989
0.027989
0.027989
0.027989
0.027989
0.027989
0.028021
0.028021
0.028047
0.028093
0.028093
0.028093
0.028093
0.028069
0.027975
0.027975
0.027975
0.028007
0.028053
0.028053
0.028109
0.028109
0.028056
0.028056
0.028103
0.028103
0.028056
0.028056
0.028042
0.028042
0.028040
0.028040
0.028087
0.028087
0.028087
0.028087
0.028087
0.028087
0.028087
0.028134
0.028087
0.028087
0.028047
0.028047
0.028065
0.028065
0.028112
0.028112
0.028112
0.028112
0.028112
0.028160
0.028160
0.028160
0.028160
0.028160
0.028160
0.028137
0.028137
0.028137
0.028137
0.028098
0.028098
0.028098
0.028146
0.028146
0.028146
0.028146
0.028146
0.028146
0.028146
0.028160
0.028160
0.028160
0.028160
0.028160
0.028160
0.028230
0.028191
0.028191
0.028191
0.028191
0.028191
0.028235
0.028235
0.028210
0.028210
0.028210
0.028210
0.028206
0.028268
0.028224
0.028224
0.028224
0.028224
0.028229
0.028229
0.028215
0.028215
0.028215
0.028215
0.028215
0.028215
0.028263
0.028263
0.028263
0.028208
0.028208
0.028208
0.028208
0.028208
0.028208
0.028170
0.028170
0.028170
0.028170
0.028218
0.028218
0.028218
0.028218
0.028277
0.028325
0.028325
0.028325
0.028325
0.028304
0.028278
0.028278
0.028278
0.028253
0.028226
0.028226
0.028274
0.028274
0.028321
0.028321
0.028321
0.028321
0.028321
0.028321
0.028298
0.028298
0.028298
0.028298
0.028298
0.028262
0.028286
0.028333
0.028345
0.028345
0.028345
0.028345
0.028345
0.028322
0.028299
0.028299
0.028299
0.028313
0.028300
0.028300
0.028300
0.028384
0.028350
0.028350
0.028350
0.028350
0.028313
0.028313
0.028313
0.028313
0.028313
0.028313
0.028313
0.028313
0.028373
0.028346
0.028369
0.028369
0.028386
0.028386
0.028387
0.028387
0.028387
0.028387
0.028387
0.028387
0.028387
0.028387
0.028434
0.028434
0.028434
0.028434
0.028434
0.028434
0.028434
0.028434
0.028434
0.028460
0.028428
0.028428
0.028428
0.028441
0.028488
0.028463
0.028463
0.028440
0.028440
0.028440
0.028440
0.028466
0.028466
0.028466
0.028466
0.028466
0.028466
0.028466
0.028466
0.028513
0.028484
0.028484
0.028497
0.028484
0.028484
0.028484
0.028484
0.028484
0.028456
0.028443
0.028479
0.028479
0.028479
0.028538
0.028538
0.028538
0.028538
0.028538
0.028526
0.028526
0.028526
0.028541
0.028541
0.028541
0.028541
0.028497
0.028497
0.028497
0.028497
0.028545
0.028545
0.028545
0.028545
0.028545
0.028589
0.028589
0.028589
0.028589
0.028567
0.028536
0.028536
0.028536
0.028584
0.028584
0.028584
0.028558
0.028558
0.028554
0.028554
0.028554
0.028554
0.028554
0.028554
0.028602
0.028557
0.028606
0.028606
0.028606
0.028606
0.028606
0.028606
0.028672
0.028672
0.028624
0.028624
0.028672
0.028645
0.028645
0.028615
0.028662
0.028662
0.028638
0.028638
0.028638
0.028682
0.028682
0.028682
0.028682
0.028682
0.028682
0.028670
0.028670
0.028670
0.028638
0.028638
0.028638
0.028638
0.028624
0.028656
0.028634
0.028634
0.028634
0.028670
0.028670
0.028670
0.028718
0.028718
0.028718
0.028688
0.028688
0.028688
0.028732
0.028712
0.028712
0.028712
0.028697
0.028697
0.028712
0.028712
0.028712
0.028734
0.028734
0.028734
0.028781
0.028781
0.028781
0.028781
0.028734
0.028734
0.028734
0.028734
0.028734
0.028781
0.028781
0.028781
0.028781
0.028781
0.028781
0.028781
0.028781
0.028755
0.028755
0.028755
0.028755
0.028755
0.028755
0.028755
0.028732
0.028732
0.028748
0.028777
0.028777
0.028777
0.028777
0.028777
0.028777
0.028777
0.028777
0.028777
0.028777
0.028763
0.028763
0.028763
0.028775
0.028775
0.028775
0.028775
0.028775
0.028775
0.028786
0.028786
0.028786
0.028786
0.028786
0.028786
0.028786
0.028786
0.028786
0.028786
0.028786
0.028786
0.028809
0.028809
0.028809
0.028809
0.028809
0.028809
0.028809
0.028809
0.028856
0.028872
0.028872
0.028872
0.028872
0.028872
0.028872
0.028872
0.028872
0.028868
0.028868
0.028855
0.028855
0.028855
0.028855
0.028855
0.028855
0.028855
0.028855
0.028855
0.028894
0.028894
0.028894
0.028894
0.028894
0.028894
0.028894
0.028869
0.028869
0.028869
0.028916
0.028938
0.028938
0.028938
0.028938
0.028938
0.028938
0.028938
0.028938
0.028938
0.028938
0.028938
0.028938
0.028938
0.028938
0.028938
0.028938
0.028938
0.028938
0.028938
0.028938
0.028928
0.028928
0.028928
0.028928
0.028928
0.028944
0.028944
0.028944
0.028944
0.028921
0.028921
0.028921
0.028921
0.028921
0.028921
0.028921
0.028921
0.028921
0.028921
0.028921
0.028921
0.028921
0.028968
0.028968
0.028968
0.028968
0.028968
0.028921
0.028921
0.028921
0.028921
0.028921
0.028990
0.028990
0.028990
0.028990
0.028990
0.028990
0.028990
0.028990
0.028990
0.028990
0.028990
0.028982
0.028982
0.028982
0.028982
0.028982
0.028982
0.028982
0.028982
0.028982
0.028982
0.028982
0.028982
0.028982
0.028982
0.029022
0.029022
0.029022
0.029000
0.029000
0.029000
0.029000
0.029000
0.029000
0.029000
0.029000
0.029000
0.029000
0.029000
0.029000
0.028989
0.028989
0.028989
0.028969
0.028969
0.028985
0.029042
0.029091
0.029091
0.029113
0.029056
0.029007
0.028991
0.028991
0.028991
0.028991
0.028991
0.029054
0.029054
0.029054
0.029103
0.029103
0.029103
0.029103
0.029103
0.029054
0.029054
0.029054
0.029054
0.029054
0.029054
0.029054
0.029054
0.029054
0.029103
0.029103
0.029081
0.029081
0.029081
0.029081
0.029032
0.029032
0.029058
0.029058
0.029032
0.029032
0.029032
0.029081
0.029081
0.029081
0.029081
0.029065
0.029065
0.029065
0.029043
0.029065
0.029065
0.029065
0.029087
0.029128
0.029128
0.029177
0.029177
0.029177
0.029151
0.029151
0.029151
0.029155
0.029106
0.029106
0.029106
0.029106
0.029106
0.029128
0.029128
0.029177
0.029177
0.029177
0.029177
0.029177
0.029177
0.029177
0.029168
0.029119
0.029119
0.029119
0.029119
0.029119
0.029192
0.029192
0.029192
0.029192
0.029192
0.029192
0.029194
0.029194
0.029194
0.029145
0.029145
0.029098
0.029145
0.029145
0.029194
0.029194
0.029194
0.029194
0.029194
0.029194
0.029194
0.029216
0.029216
0.029216
0.029216
0.029216
0.029216
0.029216
0.029216
0.029216
0.029216
0.029216
0.029216
0.029258
0.029258
0.029258
0.029258
0.029258
0.029258
0.029258
0.029258
0.029258
0.029258
0.029275
0.029275
0.029275
0.029275
0.029275
0.029275
0.029258
0.029236
0.029236
0.029236
0.029236
0.029236
0.029236
0.029253
0.029253
0.029253
0.029253
0.029253
0.029253
0.029253
0.029253
0.029236
0.029236
0.029236
0.029236
0.029253
0.029253
0.029253
0.029253
0.029253
0.029275
0.029275
0.029275
0.029275
0.029275
0.029266
0.029266
0.029266
0.029266
0.029266
0.029266
0.029266
0.029266
0.029266
0.029266
0.029309
0.029309
0.029309
0.029309
0.029309
0.029309
0.029309
0.029309
0.029309
0.029309
0.029309
0.029309
0.029309
0.029287
0.029287
0.029287
0.029287
0.029287
0.029287
0.029287
0.029287
0.029287
0.029287
0.029287
0.029287
0.029333
0.029333
0.029333
0.029333
0.029333
0.029333
0.029287
0.029287
0.029309
0.029309
0.029309
0.029309
0.029309
0.029355
0.029355
0.029355
0.029355
0.029355
0.029355
0.029355
0.029355
0.029355
0.029403
0.029403
0.029403
0.029403
0.029403
0.029403
0.029403
0.029403
0.029403
0.029403
0.029403
0.029403
0.029403
0.029403
0.029381
0.029381
0.029381
0.029381
0.029381
0.029381
0.029381
0.029381
0.029381
0.029381
0.029381
0.029381
0.029405
0.029405
0.029396
0.029396
0.029396
0.029396
0.029396
0.029396
0.029396
0.029396
0.029419
0.029419
0.029419
0.029419
0.029419
0.029419
0.029461
0.029461
0.029461
0.029461
0.029419
0.029419
0.029419
0.029463
0.029463
0.029463
0.029463
0.029463
0.029463
0.029505
0.029505
0.029505
0.029505
0.029512
0.029512
0.029512
0.029469
0.029469
0.029469
0.029469
0.029447
0.029447
0.029447
0.029489
0.029489
0.029489
0.029474
0.029474
0.029474
0.029474
0.029474
0.029474
0.029431
0.029431
0.029431
0.029431
0.029474
0.029474
0.029474
0.029474
0.029474
0.029496
0.029496
0.029496
0.029496
0.029496
0.029496
0.029496
0.029496
0.029496
0.029496
0.029496
0.029540
0.029540
0.029540
0.029540
0.029540
0.029549
0.029549
0.029549
0.029549
0.029549
0.029549
0.029549
0.029549
0.029549
0.029549
0.029500
0.029500
0.029492
0.029470
0.029519
0.029527
0.029527
0.029527
0.029527
0.029527
0.029527
0.029527
0.029519
0.029519
0.029519
0.029470
0.029470
0.029470
0.029519
0.029519
0.029519
0.029519
0.029519
0.029519
0.029519
0.029519
0.029541
0.029504
0.029504
0.029504
0.029504
0.029504
0.029597
0.029597
0.029597
0.029597
0.029597
0.029566
0.029566
