1.456285
1.280296
1.115126
0.999315
0.934915
0.907606
0.899716
0.900241
0.900572
0.899826
0.898509
0.897376
0.896626
0.896001
0.895881
0.896339
0.896879
0.896912
0.896701
0.896320
0.895739
0.894973
0.894220
0.893398
0.892351
0.891138
0.890120
0.888709
0.887618
0.886556
0.885181
0.884030
0.883032
0.882108
0.881217
0.880315
0.879476
0.878622
0.877819
0.877023
0.876129
0.875259
0.874172
0.873344
0.872209
0.871071
0.870070
0.868935
0.867783
0.866556
0.865518
0.864375
0.863328
0.862039
0.860917
0.859851
0.858904
0.857778
0.856929
0.855972
0.854957
0.853833
0.852888
0.851814
0.850806
0.849755
0.848752
0.847675
0.846634
0.845251
0.844240
0.843153
0.841770
0.840607
0.839352
0.838055
0.836815
0.835623
0.834504
0.833210
0.832146
0.830953
0.829528
0.828295
0.826849
0.825634
0.824265
0.822966
0.821671
0.820517
0.819227
0.817967
0.816791
0.815611
0.814239
0.812797
0.811538
0.810163
0.808790
0.807436
0.806092
0.804676
0.803120
0.801346
0.799785
0.798203
0.796534
0.794908
0.793194
0.791295
0.789603
0.787775
0.786248
0.784648
0.783360
0.781787
0.780448
0.779011
0.777712
0.776281
0.775084
0.773800
0.772389
0.771094
0.769915
0.768633
0.767473
0.766324
0.765073
0.763961
0.762772
0.761545
0.760404
0.759272
0.758293
0.756933
0.755652
0.754565
0.753392
0.752389
0.751114
0.750111
0.748952
0.747973
0.746870
0.745786
0.744757
0.743744
0.742452
0.741681
0.740446
0.739429
0.738406
0.737010
0.736282
0.734918
0.733797
0.732864
0.731574
0.730219
0.728745
0.727270
0.725729
0.724749
0.723863
0.722421
0.721251
0.720301
0.719335
0.718123
0.716951
0.715923
0.715041
0.713385
0.711652
0.710320
0.709083
0.707579
0.705776
0.703957
0.702549
0.701391
0.700068
0.698117
0.696787
0.695556
0.694061
0.692455
0.690803
0.689517
0.688461
0.686486
0.684729
0.683357
0.681789
0.680567
0.679110
0.677182
0.675432
0.673978
0.672357
0.670331
0.668269
0.666604
0.664778
0.662606
0.660497
0.658372
0.656359
0.654079
0.651659
0.648964
0.646956
0.644907
0.642546
0.639826
0.637521
0.635411
0.633333
0.630840
0.628261
0.625759
0.623539
0.621402
0.618946
0.616164
0.613625
0.611093
0.609122
0.606611
0.603826
0.601325
0.598990
0.596877
0.594042
0.591331
0.588719
0.586283
0.583780
0.581127
0.578481
0.575921
0.573283
0.570561
0.567881
0.565339
0.562672
0.560196
0.557573
0.554954
0.552307
0.549726
0.547185
0.544529
0.542118
0.539545
0.537021
0.534351
0.531760
0.529143
0.526717
0.524241
0.521561
0.518857
0.516223
0.513573
0.510955
0.508346
0.505853
0.502900
0.500483
0.497671
0.495142
0.492822
0.490445
0.488240
0.486104
0.484053
0.481641
0.479265
0.476950
0.474648
0.472506
0.470249
0.467850
0.465628
0.463586
0.461207
0.458982
0.456865
0.454730
0.452686
0.450370
0.448445
0.446574
0.444442
0.442322
0.440335
0.438316
0.436250
0.434251
0.432247
0.430243
0.428415
0.426444
0.424850
0.423018
0.421341
0.419803
0.418271
0.416506
0.414934
0.413509
0.411907
0.410127
0.408388
0.406580
0.404523
0.402659
0.400855
0.398865
0.396854
0.395024
0.393172
0.391303
0.389505
0.387417
0.385526
0.383642
0.381794
0.379870
0.378211
0.376233
0.374299
0.372424
0.370588
0.368872
0.366714
0.364820
0.362862
0.360890
0.358746
0.356681
0.354315
0.352154
0.349830
0.347777
0.345598
0.343391
0.341313
0.339203
0.337065
0.334841
0.332758
0.330555
0.328369
0.326054
0.324108
0.321897
0.319763
0.317543
0.315447
0.313335
0.311138
0.309022
0.306897
0.304766
0.302764
0.300540
0.298614
0.296865
0.294789
0.292760
0.290716
0.288739
0.286542
0.284559
0.282455
0.280227
0.278218
0.276240
0.274160
0.272136
0.270222
0.268291
0.266523
0.264576
0.262636
0.260739
0.258615
0.256681
0.254848
0.252918
0.251236
0.249466
0.247537
0.245610
0.243842
0.241973
0.240189
0.238274
0.236530
0.234714
0.232894
0.231329
0.229504
0.227742
0.226009
0.224135
0.222478
0.220821
0.219063
0.217486
0.215642
0.213970
0.212396
0.210582
0.208922
0.207281
0.205925
0.204301
0.202775
0.201204
0.199736
0.198045
0.196683
0.195302
0.193634
0.192317
0.190868
0.189402
0.187936
0.186672
0.185420
0.183978
0.182596
0.181195
0.179923
0.178779
0.177362
0.176093
0.174830
0.173640
0.172331
0.171170
0.169980
0.168925
0.167923
0.167032
0.165810
0.164741
0.163514
0.162425
0.161353
0.160295
0.159224
0.158124
0.157005
0.156043
0.155000
0.154000
0.153103
0.152115
0.151045
0.149909
0.149112
0.148161
0.147123
0.146225
0.145294
0.144354
0.143468
0.142557
0.141592
0.140702
0.139765
0.138934
0.137972
0.137336
0.136671
0.135883
0.135025
0.134145
0.133293
0.132482
0.131659
0.130716
0.129889
0.129077
0.128207
0.127378
0.126633
0.125692
0.124887
0.124148
0.123253
0.122434
0.121553
0.120813
0.120114
0.119339
0.118419
0.117593
0.116695
0.115908
0.115145
0.114418
0.113535
0.112737
0.111962
0.111329
0.110604
0.109773
0.108877
0.108182
0.107379
0.106586
0.105723
0.104900
0.104156
0.103286
0.102438
0.101686
0.100822
0.099920
0.099048
0.098320
0.097573
0.096774
0.096034
0.095112
0.094297
0.093651
0.092776
0.091935
0.091133
0.090387
0.089554
0.088769
0.088010
0.087211
0.086655
0.085762
0.085196
0.084577
0.083887
0.083300
0.082549
0.081822
0.081115
0.080289
0.079616
0.079103
0.078332
0.077660
0.077036
0.076367
0.075772
0.075108
0.074536
0.073875
0.073317
0.072751
0.072102
0.071574
0.070874
0.070273
0.069711
0.069195
0.068741
0.068141
0.067667
0.067118
0.066508
0.066147
0.065507
0.065072
0.064617
0.064230
0.063750
0.063284
0.062801
0.062290
0.061907
0.061464
0.060908
0.060407
0.060082
0.059619
0.059209
0.058823
0.058380
0.058040
0.057535
0.057153
0.056727
0.056525
0.056008
0.055658
0.055466
0.055040
0.054603
0.054292
0.054039
0.053631
0.053327
0.053167
0.052853
0.052493
0.052232
0.051967
0.051779
0.051392
0.051219
0.050981
0.050627
0.050356
0.050151
0.049779
0.049625
0.049403
0.049233
0.048883
0.048634
0.048376
0.048259
0.048128
0.047850
0.047683
0.047360
0.047125
0.047023
0.046705
0.046551
0.046410
0.046097
0.045977
0.045806
0.045666
0.045448
0.045332
0.045116
0.044871
0.044722
0.044565
0.044343
0.044020
0.043868
0.043782
0.043567
0.043378
0.043221
0.043022
0.042990
0.042763
0.042645
0.042345
0.042336
0.042115
0.041999
0.041777
0.041700
0.041449
0.041308
0.041217
0.041075
0.040842
0.040710
0.040608
0.040519
0.040437
0.040369
0.040201
0.040158
0.040018
0.039872
0.039685
0.039584
0.039458
0.039343
0.039233
0.039219
0.039166
0.039031
0.038907
0.038898
0.038824
0.038688
0.038680
0.038715
0.038545
0.038466
0.038375
0.038427
0.038202
0.038209
0.038126
0.038126
0.037965
0.037973
0.037886
0.037925
0.037845
0.037690
0.037679
0.037635
0.037503
0.037419
0.037384
0.037286
0.037152
0.037125
0.036995
0.036947
0.036841
0.036816
0.036775
0.036736
0.036713
0.036641
0.036618
0.036576
0.036488
0.036456
0.036323
0.036340
0.036233
0.036193
0.036193
0.035990
0.035932
0.035909
0.035895
0.035946
0.035802
0.035718
0.035760
0.035642
0.035699
0.035559
0.035498
0.035515
0.035385
0.035267
0.035251
0.035271
0.035271
0.035067
0.035102
0.035174
0.035020
0.035045
0.034995
0.034932
0.034899
0.034867
0.034721
0.034719
0.034663
0.034671
0.034597
0.034478
0.034447
0.034408
0.034441
0.034356
0.034281
0.034333
0.034249
0.034260
0.034253
0.034195
0.034157
0.034152
0.034029
0.033989
0.033920
0.033849
0.033849
0.033805
0.033708
0.033721
0.033677
0.033633
0.033611
0.033626
0.033588
0.033467
0.033468
0.033452
0.033401
0.033368
0.033356
0.033280
0.033252
0.033185
0.033186
0.033103
0.033114
0.033151
0.033151
0.033131
0.033095
0.032970
0.032908
0.032873
0.032920
0.032875
0.032830
0.032815
0.032771
0.032708
0.032692
0.032613
0.032670
0.032700
0.032689
0.032655
0.032619
0.032575
0.032569
0.032524
0.032484
0.032477
0.032432
0.032398
0.032360
0.032342
0.032306
0.032271
0.032368
0.032368
0.032298
0.032298
0.032197
0.032123
0.032153
0.032153
0.032135
0.032078
0.032046
0.032033
0.031993
0.031960
0.031958
0.031958
0.032025
0.032041
0.032022
0.031945
0.031975
0.031940
0.031894
0.031824
0.031824
0.031783
0.031709
0.031709
0.031667
0.031667
0.031630
0.031609
0.031631
0.031612
0.031543
0.031543
0.031543
0.031461
0.031497
0.031497
0.031463
0.031451
0.031451
0.031451
0.031422
0.031386
0.031328
0.031296
0.031278
0.031240
0.031240
0.031274
0.031274
0.031274
0.031240
0.031240
0.031203
0.031203
0.031101
0.031101
0.031101
0.031067
0.031073
0.030978
0.030969
0.030969
0.031011
0.030977
0.030945
0.030945
0.030945
0.030872
0.030872
0.030799
0.030768
0.030768
0.030722
0.030722
0.030767
0.030772
0.030759
0.030759
0.030759
0.030724
0.030693
0.030656
0.030613
0.030613
0.030594
0.030631
0.030556
0.030533
0.030533
0.030533
0.030570
0.030553
0.030449
0.030449
0.030449
0.030449
0.030449
0.030496
0.030500
0.030454
0.030429
0.030429
0.030344
0.030344
0.030317
0.030245
0.030211
0.030211
0.030239
0.030239
0.030237
0.030237
0.030208
0.030163
0.030163
0.030136
0.030136
0.030136
0.030136
0.030069
0.030007
0.030007
0.030007
0.030007
0.030007
0.029966
0.029940
0.029855
0.029855
0.029884
0.029863
0.029863
0.029863
0.029863
0.029863
0.029798
0.029773
0.029736
0.029731
0.029710
0.029710
0.029710
0.029775
0.029731
0.029705
0.029705
0.029664
0.029664
0.029642
0.029642
0.029672
0.029633
0.029633
0.029610
0.029585
0.029561
0.029552
0.029552
0.029593
0.029554
0.029512
0.029512
0.029533
0.029492
0.029467
0.029467
0.029467
0.029467
0.029428
0.029358
0.029358
0.029358
0.029358
0.029336
0.029377
0.029377
0.029314
0.029314
0.029252
0.029218
0.029218
0.029218
0.029218
0.029218
0.029218
0.029181
0.029181
0.029181
0.029137
0.029137
0.029179
0.029144
0.029107
0.029107
0.029050
0.029050
0.029021
0.029021
0.028977
0.028977
0.028941
0.028941
0.028970
0.028970
0.028934
0.028934
0.028934
0.028910
0.028910
0.028910
0.028910
0.028910
0.028910
0.028910
0.028874
0.028874
0.028856
0.028856
0.028889
0.028889
0.028889
0.028901
0.028901
0.028878
0.028878
0.028878
0.028828
0.028828
0.028828
0.028828
0.028828
0.028816
0.028816
0.028816
0.028816
0.028816
0.028816
0.028799
0.028766
0.028766
0.028722
0.028686
0.028686
0.028686
0.028686
0.028686
0.028686
0.028686
0.028719
0.028719
0.028719
0.028716
0.028716
0.028661
0.028661
0.028661
0.028661
0.028647
0.028647
0.028647
0.028647
0.028611
0.028611
0.028611
0.028611
0.028611
0.028611
0.028611
0.028634
0.028634
0.028632
0.028624
0.028624
0.028624
0.028624
0.028624
0.028583
0.028583
0.028596
0.028596
0.028596
0.028596
0.028596
0.028596
0.028603
0.028640
0.028619
0.028619
0.028619
0.028590
0.028574
0.028574
0.028574
0.028505
0.028495
0.028495
0.028414
0.028402
0.028439
0.028468
0.028468
0.028508
0.028508
0.028508
0.028508
0.028532
0.028532
0.028492
0.028492
0.028492
0.028492
0.028492
0.028464
0.028464
0.028464
0.028464
0.028464
0.028437
0.028437
0.028437
0.028437
0.028437
0.028437
0.028437
0.028437
0.028437
0.028437
0.028437
0.028437
0.028431
0.028412
0.028412
0.028412
0.028412
0.028412
0.028412
0.028437
0.028437
0.028437
0.028437
0.028437
0.028449
0.028449
0.028449
0.028459
0.028459
0.028456
0.028456
0.028456
0.028456
0.028456
0.028456
0.028421
0.028456
0.028443
0.028401
0.028401
0.028443
0.028443
0.028443
0.028443
0.028419
0.028384
0.028383
0.028383
0.028408
0.028365
0.028365
0.028365
0.028365
0.028365
0.028365
0.028365
0.028365
0.028326
0.028326
0.028326
0.028326
0.028327
0.028311
0.028383
0.028383
0.028383
0.028383
0.028383
0.028383
0.028383
0.028383
0.028309
0.028309
0.028309
0.028309
0.028335
0.028335
0.028335
0.028339
0.028339
0.028339
0.028339
0.028339
0.028339
0.028339
0.028339
0.028339
0.028339
0.028339
0.028397
0.028397
0.028397
0.028385
0.028385
0.028385
0.028385
0.028385
0.028385
0.028385
0.028385
0.028385
0.028385
0.028411
0.028411
0.028411
0.028411
0.028411
0.028411
0.028411
0.028411
0.028411
0.028411
0.028411
0.028411
0.028411
0.028411
0.028411
0.028399
0.028353
0.028312
0.028312
0.028312
0.028312
0.028312
0.028312
0.028339
0.028339
0.028339
0.028339
0.028339
0.028339
0.028339
0.028339
0.028339
0.028336
0.028336
0.028336
0.028336
0.028297
0.028297
0.028261
0.028261
0.028300
0.028300
0.028300
0.028300
0.028300
0.028300
0.028300
0.028328
0.028328
0.028289
0.028289
0.028289
0.028289
0.028289
0.028289
0.028289
0.028289
0.028289
0.028289
0.028327
0.028327
0.028327
0.028327
0.028288
0.028288
0.028288
0.028288
0.028288
0.028288
0.028288
0.028288
0.028288
0.028288
0.028316
0.028316
0.028316
0.028316
0.028316
0.028316
0.028316
0.028316
0.028316
0.028316
0.028316
0.028316
0.028316
0.028316
0.028276
0.028276
0.028276
0.028276
0.028269
0.028269
0.028269
0.028269
0.028269
0.028269
0.028270
0.028270
0.028299
0.028299
0.028299
0.028299
0.028299
0.028299
0.028299
0.028299
0.028336
0.028336
0.028336
0.028336
0.028336
0.028299
0.028299
0.028279
0.028279
0.028279
0.028279
0.028279
0.028279
0.028279
0.028316
0.028316
0.028316
0.028316
0.028316
0.028316
0.028346
0.028346
0.028346
0.028307
0.028307
0.028270
0.028270
0.028270
0.028307
0.028307
0.028346
0.028346
0.028346
0.028346
0.028346
0.028346
0.028346
0.028346
0.028307
0.028307
0.028307
0.028307
0.028307
0.028307
0.028307
0.028307
0.028307
0.028337
0.028337
0.028337
0.028298
0.028298
0.028298
0.028298
0.028298
0.028298
0.028298
0.028298
0.028298
0.028298
0.028298
0.028298
0.028298
0.028298
0.028298
0.028298
0.028298
0.028298
0.028298
0.028298
0.028298
0.028263
0.028263
0.028263
0.028263
0.028263
0.028263
0.028294
0.028294
0.028294
0.028294
0.028294
0.028294
0.028294
0.028294
0.028294
0.028294
0.028294
0.028294
0.028294
0.028294
0.028294
0.028294
0.028294
0.028294
0.028294
0.028294
0.028294
0.028325
0.028325
0.028325
0.028294
0.028294
0.028294
0.028294
0.028294
0.028294
0.028294
0.028326
0.028326
0.028288
0.028326
0.028326
0.028357
0.028357
0.028357
0.028357
0.028326
0.028326
0.028288
0.028249
0.028249
0.028249
0.028249
0.028249
0.028288
0.028288
0.028288
0.028352
0.028315
0.028315
0.028315
0.028282
0.028251
0.028212
0.028212
0.028212
0.028212
0.028212
0.028212
0.028212
0.115801
0.115834
0.115883
0.115953
0.115919
0.115968
0.115968
0.115962
0.115930
0.115930
0.115833
0.115604
0.115359
0.115114
0.114870
0.114625
0.114414
0.114169
0.114005
0.113761
0.113516
0.113272
0.113028
0.112819
0.112574
0.112299
0.112055
0.111810
0.111566
0.111322
0.111067
0.110823
0.110628
0.110384
0.110171
0.109928
0.109684
0.109440
0.109196
0.108952
0.108708
0.108434
0.108190
0.107946
0.107703
0.107605
0.107557
0.107362
0.107118
0.106886
0.106674
0.106397
0.106154
0.105910
0.105667
0.105424
0.105181
0.104906
0.104663
0.104453
0.104210
0.103967
0.103724
0.103530
0.103299
0.103057
0.103039
0.102845
0.102651
0.102408
0.102166
0.101923
0.101681
0.101407
0.101177
0.100935
0.100762
0.100568
0.100372
0.100178
0.099936
0.099738
0.099533
0.099291
0.099098
0.098905
0.098676
0.098434
0.098241
0.097935
0.097694
0.097390
0.097197
0.096956
0.096718
0.096538
0.096373
0.096163
0.095948
0.095721
0.095480
0.095287
0.095047
0.094861
0.094669
0.094390
0.094132
0.093940
0.093700
0.093460
0.093282
0.093042
0.092803
0.092657
0.092455
0.092216
0.092039
0.091799
0.091594
0.091417
0.091140
0.090901
0.090698
0.090460
0.090188
0.090012
0.089774
0.089536
0.089313
0.089194
0.088956
0.088697
0.088507
0.088269
0.088047
0.087857
0.087636
0.087445
0.087223
0.087002
0.086766
0.086576
0.086409
0.086172
0.086000
0.085795
0.085559
0.085387
0.085151
0.084915
0.084744
0.084508
0.084290
0.084102
0.083835
0.083618
0.083430
0.083195
0.082946
0.082759
0.082583
0.082350
0.082163
0.081947
0.081713
0.081527
0.081312
0.081079
0.080893
0.080679
0.080415
0.080247
0.080015
0.079783
0.079571
0.079397
0.079197
0.078985
0.078800
0.078570
0.078358
0.078174
0.077944
0.077734
0.077550
0.077328
0.077119
0.076904
0.076675
0.076480
0.076266
0.076037
0.075954
0.075772
0.075545
0.075338
0.075157
0.074930
0.074725
0.074544
0.074318
0.074126
0.073982
0.073725
0.073500
0.073342
0.073118
0.072894
0.072666
0.072510
0.072286
0.072063
0.071885
0.071686
0.071464
0.071303
0.071120
0.070922
0.070745
0.070455
0.070235
0.070083
0.069832
0.069645
0.069508
0.069314
0.069157
0.068983
0.068766
0.068549
0.068400
0.068184
0.067968
0.067753
0.067543
0.067322
0.067108
0.066956
0.066774
0.066561
0.066417
0.066243
0.066032
0.065863
0.065652
0.065441
0.065301
0.065112
0.064903
0.064711
0.064503
0.064296
0.064158
0.063952
0.063746
0.063511
0.063347
0.063165
0.062961
0.062866
0.062664
0.062462
0.062343
0.062142
0.061905
0.061745
0.061577
0.061402
0.061244
0.061047
0.060851
0.060695
0.060465
0.060271
0.060153
0.059993
0.059825
0.059673
0.059482
0.059293
0.059142
0.058992
0.058879
0.058732
0.058621
0.058534
0.058387
0.058313
0.058166
0.058056
0.057947
0.057772
0.057664
0.057558
0.057414
0.057307
0.057206
0.057064
0.056957
0.056878
0.056737
0.056632
0.056528
0.056389
0.056285
0.056146
0.056009
0.055906
0.055804
0.055669
0.055531
0.055430
0.055324
0.055187
0.055055
0.054992
0.054856
0.054726
0.054607
0.054445
0.054388
0.054222
0.054088
0.053989
0.053872
0.053717
0.053585
0.053421
0.053290
0.053189
0.053024
0.052863
0.052761
0.052601
0.052402
0.052239
0.052040
0.051882
0.051713
0.051655
0.051458
0.051327
0.051213
0.051012
0.050817
0.050622
0.050486
0.050296
0.050061
0.049895
0.049703
0.049469
0.049373
0.049161
0.048996
0.048786
0.048659
0.048427
0.048283
0.048095
0.047857
0.047626
0.047421
0.047292
0.047084
0.046847
0.046614
0.046342
0.046158
0.045973
0.045769
0.045545
0.045421
0.045174
0.044930
0.044691
0.044467
0.044305
0.044059
0.043870
0.043586
0.043407
0.043227
0.043076
0.042853
0.042674
0.042477
0.042318
0.042100
0.041936
0.041728
0.041505
0.041349
0.041231
0.040988
0.040801
0.040646
0.040446
0.040367
0.040253
0.040155
0.040037
0.039881
0.039728
0.039612
0.039481
0.039326
0.039178
0.039018
0.038904
0.038737
0.038626
0.038497
0.038414
0.038317
0.038273
0.038162
0.038073
0.037989
0.037878
0.037725
0.037614
0.037573
0.037490
0.037380
0.037261
0.037179
0.037098
0.036997
0.036917
0.036910
0.036872
0.036792
0.036714
0.036687
0.036609
0.036564
0.036493
0.036427
0.036389
0.036276
0.036280
0.036205
0.036182
0.036145
0.036047
0.036010
0.035974
0.035960
0.035918
0.035904
0.035869
0.035834
0.035799
0.035733
0.035732
0.035698
0.035645
0.035611
0.035578
0.035544
0.035511
0.035478
0.035483
0.035433
0.035387
0.035387
0.035355
0.035323
0.035307
0.035278
0.035247
0.035216
0.035189
0.035120
0.035090
0.035014
0.035056
0.035023
0.035027
0.035010
0.035012
0.034943
0.034915
0.034886
0.034922
0.034891
0.034863
0.034863
0.034836
0.034809
0.034790
0.034725
0.034699
0.034699
0.034673
0.034624
0.034624
0.034599
0.034599
0.034606
0.034581
0.034581
0.034555
0.034553
0.034508
0.034462
0.034462
0.034401
0.034405
0.034405
0.034382
0.034382
0.034317
0.034317
0.034295
0.034252
0.034252
0.034231
0.034231
0.034243
0.034243
0.034222
0.034158
0.034158
0.034056
0.034059
0.034039
0.034079
0.034059
0.034040
0.034040
0.033927
0.033927
0.033909
0.033863
0.033844
0.033844
0.033846
0.033829
0.033829
0.033812
0.033749
0.033766
0.033768
0.033731
0.033731
0.033715
0.033652
0.033652
0.033644
0.033665
0.033650
0.033650
0.033588
0.033575
0.033561
0.033502
0.033454
0.033509
0.033509
0.033557
0.033509
0.033484
0.033471
0.033471
0.033411
0.033411
0.033435
0.033399
0.033401
0.033447
0.033436
0.033416
0.033416
0.033375
0.033326
0.033317
0.033309
0.033272
0.033272
0.033215
0.033253
0.033253
0.033220
0.033220
0.033178
0.033085
0.033078
0.033068
0.033061
0.033079
0.033024
0.033089
0.033040
0.033071
0.033021
0.033017
0.033017
0.032964
0.032964
0.032911
0.032911
0.032859
0.032819
0.032856
0.032904
0.032847
0.032847
0.032796
0.032796
0.032796
0.032758
0.032724
0.032674
0.032675
0.032626
0.032649
0.032576
0.032563
0.032563
0.032563
0.032516
0.032475
0.032466
0.032466
0.032420
0.032420
0.032371
0.032376
0.032363
0.032395
0.032372
0.032372
0.032292
0.032292
0.032251
0.032258
0.032209
0.032217
0.032168
0.032205
0.032165
0.032165
0.032117
0.032126
0.032105
0.032105
0.032068
0.032030
0.031945
0.031957
0.031909
0.031909
0.031874
0.031874
0.031874
0.031843
0.031843
0.031756
0.031785
0.031752
0.031752
0.031754
0.031754
0.031686
0.031686
0.031700
0.031654
0.031671
0.031549
0.031511
0.031465
0.031483
0.031520
0.031505
0.031505
0.031460
0.031480
0.031411
0.031373
0.031373
0.031329
0.031350
0.031306
0.031306
0.031306
0.031294
0.031257
0.031236
0.031204
0.031241
0.031198
0.031162
0.031194
0.031151
0.031139
0.031061
0.031061
0.031061
0.031019
0.031051
0.031051
0.030977
0.031004
0.030968
0.030927
0.030965
0.030965
0.030924
0.030924
0.030924
0.030884
0.030849
0.030849
0.030737
0.030766
0.030801
0.030839
0.030800
0.030766
0.030766
0.030728
0.030728
0.030728
0.030728
0.030690
0.030652
0.030619
0.030581
0.030581
0.030581
0.030581
0.030544
0.030515
0.030483
0.030483
0.030447
0.030412
0.030412
0.030412
0.030376
0.030345
0.030345
0.030345
0.030309
0.030309
0.030309
0.030309
0.030244
0.030244
0.030244
0.030244
0.030244
0.030210
0.030210
0.030181
0.030220
0.030186
0.030139
0.030139
0.030139
0.030139
0.030043
0.030043
0.030009
0.030009
0.030009
0.029977
0.029977
0.029950
0.029935
0.029935
0.029873
0.029873
0.029873
0.029873
0.029847
0.029797
0.029765
0.029765
0.029765
0.029765
0.029765
0.029740
0.029709
0.029709
0.029709
0.029709
0.029709
0.029672
0.029603
0.029603
0.029603
0.029566
0.029566
0.029566
0.029533
0.029433
0.029433
0.029395
0.029395
0.029395
0.029395
0.029395
0.029344
0.029344
0.029344
0.029344
0.029344
0.029306
0.029277
0.029248
0.029228
0.029228
0.029228
0.029228
0.029262
0.029262
0.029224
0.029144
0.029144
0.029144
0.029144
0.029144
0.029100
0.029100
0.029100
0.029034
0.029015
0.029015
0.028979
0.028979
0.028979
0.028931
0.028958
0.028920
0.028893
0.028866
0.028866
0.028866
0.028816
0.028816
0.028816
0.028816
0.028778
0.028805
0.028778
0.028778
0.028737
0.028737
0.028709
0.028709
0.028709
0.028671
0.028671
0.028712
0.028712
0.028645
0.028645
0.028645
0.028645
0.028607
0.028607
0.028607
0.028639
0.028639
0.028639
0.028593
0.028600
0.028600
0.028492
0.028492
0.028492
0.028492
0.028492
0.028492
0.028492
0.028492
0.028492
0.028492
0.028455
0.028455
0.028429
0.028462
0.028462
0.028462
0.028462
0.028429
0.028429
0.028367
0.028383
0.028383
0.028383
0.028383
0.028375
0.028375
0.028375
0.028350
0.028383
0.028337
0.028337
0.028305
0.028218
0.028185
0.028185
0.028185
0.028185
0.028203
0.028203
0.028203
0.028168
0.028168
0.028212
0.028212
0.028245
0.028221
0.028221
0.028221
0.028221
0.028187
0.028207
0.028207
0.028172
0.028172
0.028172
0.028172
0.028172
0.028172
0.028172
0.028139
0.028172
0.028193
0.028193
0.028193
0.028160
0.028127
0.028127
0.028127
0.028102
0.028137
0.028090
0.028090
0.028112
0.028112
0.028076
0.028076
0.028109
0.028109
0.028113
0.028113
0.028077
0.028067
0.028067
0.028067
0.028067
0.028067
0.028067
0.028067
0.028067
0.028067
0.028091
0.028124
0.028124
0.028124
0.028094
0.028094
0.028070
0.028037
0.028062
0.028062
0.028062
0.028062
0.028038
0.028038
0.028038
0.028038
0.028038
0.028097
0.028059
0.028059
0.028059
0.028016
0.028016
0.027987
0.027981
0.027981
0.027944
0.027944
0.027944
0.027912
0.027912
0.027949
0.027977
0.028010
0.028010
0.028010
0.028010
0.028010
