1.347000
1.027000
0.692000
0.412000
0.210000
0.080000
0.007000
0.022000
0.034133
0.033225
0.027245
0.019257
0.012109
0.006018
0.005958
0.007035
0.006941
0.007966
0.008062
0.009073
0.009036
0.009079
0.009073
0.010056
0.010198
0.010044
0.010038
0.004476
0.003613
0.002236
0.002236
0.001974
0.002236
0.001414
0.002828
0.003606
0.003606
0.005000
0.004472
0.005385
0.005831
0.005831
0.006325
0.006708
0.006708
0.006708
0.008062
0.007616
0.007616
0.008062
0.008062
0.007616
0.008944
0.008944
0.008944
0.008944
0.008944
0.008944
0.009434
0.008944
0.008944
0.009434
0.009434
0.009434
0.009434
0.009434
0.009434
0.010000
0.010296
0.010296
0.010817
0.010817
0.010296
0.010817
0.010817
0.010817
0.010817
0.010817
0.010817
0.011402
0.010817
0.010817
0.010817
0.011402
0.010817
0.010817
0.011402
0.011402
0.010817
0.011402
0.011402
0.011402
0.011402
0.011402
0.011402
0.012042
0.012042
0.012042
0.012042
0.012042
0.012042
0.012728
0.012042
0.012042
0.012728
0.012728
0.012042
0.012728
0.012728
0.012042
0.012728
0.012728
0.012728
0.012728
0.012728
0.012728
0.013454
0.012728
0.012728
0.013454
0.013454
0.012728
0.013454
0.013454
0.013454
0.013454
0.013454
0.013454
0.013454
0.013454
0.013454
0.013454
0.014213
0.014213
0.013454
0.014213
0.014213
0.014213
0.014213
0.014213
0.014213
0.014213
0.014213
0.014213
0.015000
0.014213
0.014213
0.015000
0.015000
0.014213
0.015000
0.015000
0.015000
0.015000
0.015000
0.015000
0.015000
0.015000
0.015000
0.015811
0.015811
0.015000
0.015811
0.015811
0.015811
0.015811
0.015811
0.015811
0.016643
0.015811
0.015811
0.016643
0.015811
0.015811
0.015811
0.016643
0.015811
0.015811
0.016643
0.016643
0.016643
0.016643
0.016643
0.016643
0.016643
0.016643
0.016643
0.017493
0.016643
0.016643
0.017493
0.017493
0.016643
0.017493
0.017493
0.017493
0.017493
0.017493
0.017493
0.018358
0.017493
0.017493
0.018358
0.017493
0.017493
0.018358
0.018358
0.017493
0.018358
0.018358
0.018358
0.018358
0.018358
0.018358
0.019235
0.018358
0.018358
0.019235
0.019235
0.018358
0.019235
0.019235
0.019235
0.018358
0.019235
0.019235
0.019235
0.019235
0.019235
0.019235
0.020125
0.019235
0.019235
0.020125
0.020125
0.020125
0.020125
0.020125
0.020125
0.021024
0.021024
0.021024
0.021932
0.021024
0.021024
0.021932
0.021932
0.021932
0.022847
0.021932
0.021932
0.022847
0.022847
0.022847
0.023770
0.023770
0.022847
0.023770
0.023770
0.023770
0.024698
0.024698
0.023770
0.024698
0.024698
0.024698
0.025632
0.025632
0.024698
0.024698
0.025632
0.025632
0.025632
0.026571
0.025632
0.025632
0.026571
0.026571
0.026571
0.027514
0.026571
0.026571
0.027514
0.027514
0.027514
0.028460
0.027514
0.027514
0.028460
0.028460
0.028460
0.029411
0.028460
0.028460
0.029411
0.029411
0.029411
0.029411
0.029411
0.029411
0.030364
0.030364
0.030364
0.030364
0.030364
0.030364
0.031321
0.031321
0.030364
0.031321
0.031321
0.031321
0.032280
0.032280
0.031321
0.031321
0.032280
0.032280
0.032280
0.032280
0.032280
0.032280
0.033242
0.033242
0.033242
0.033242
0.033257
0.033257
0.034220
0.034220
0.033257
0.034220
0.034220
0.034220
0.035185
0.034220
0.034220
0.035185
0.035185
0.035185
0.035185
0.035185
0.035185
0.036152
0.036152
0.035185
0.036152
0.036152
0.036152
0.037121
0.036152
0.036152
0.037121
0.037121
0.037121
0.037121
0.037121
0.037121
0.038092
0.038092
0.037121
0.037121
0.038092
0.038092
0.038092
0.038092
0.038092
0.038092
0.039064
0.039064
0.038092
0.039064
0.039064
0.039064
0.040037
0.039064
0.039064
0.040037
0.040037
0.040075
0.040075
0.040075
0.040075
0.041049
0.041049
0.040075
0.041049
0.041049
0.041049
0.042024
0.041049
0.041049
0.042024
0.042024
0.041049
0.042024
0.042024
0.042024
0.043000
0.042024
0.042024
0.043000
0.043000
0.043000
0.043000
0.043000
0.043000
0.043977
0.043000
0.043000
0.043000
0.043977
0.043977
0.043000
0.043977
0.043977
0.043977
0.043977
0.043977
0.043977
0.044956
0.044956
0.044034
0.045011
0.045011
0.045011
0.045011
0.045011
0.045011
0.045989
0.045989
0.045011
0.045989
0.045989
0.045989
0.045989
0.045989
0.045989
0.046968
0.046968
0.045989
0.046968
0.046968
0.046968
0.046968
0.046968
0.046968
0.047948
0.046968
0.046968
0.047948
0.047948
0.047948
0.047948
0.047948
0.047948
0.047948
0.047948
0.047948
0.047948
0.048929
0.047948
0.047948
0.048929
0.048929
0.048929
0.048929
0.048929
0.048929
0.049910
0.048929
0.049000
0.049980
0.049980
0.049000
0.049980
0.049980
0.049980
0.049980
0.049980
0.049980
0.050961
0.050961
0.049980
0.050961
0.050961
0.050961
0.050961
0.050961
0.050961
0.051942
0.050961
0.050961
0.051942
0.051942
0.050961
0.051942
0.051942
0.051942
0.051942
0.051942
0.051942
0.051942
0.051942
0.051942
0.051942
0.052924
0.052924
0.051942
0.052924
0.052924
0.052924
0.052924
0.052924
0.052924
0.053907
0.052924
0.052924
0.053907
0.053907
0.052924
0.053907
0.053907
0.053907
0.053907
0.053907
0.053907
0.054891
0.053907
0.053907
0.054891
0.054891
0.053907
0.054891
0.054891
0.054891
0.054891
0.054891
0.054891
0.055875
0.054891
0.054891
0.055875
0.055875
0.054891
0.055875
0.055875
0.055875
0.054891
0.055875
0.055875
0.055875
0.055875
0.055875
0.055875
0.056859
0.055875
0.055875
0.056939
0.056939
0.055955
0.056939
0.056939
0.055955
0.056939
0.056939
0.056939
0.056939
0.056939
0.056939
0.057922
0.056939
0.056939
0.057922
0.057922
0.056939
0.057922
0.057922
0.057922
0.057922
0.057922
0.057922
0.058907
0.057922
0.057922
0.058907
0.058907
0.057922
0.058907
0.058907
0.058907
0.058907
0.058907
0.058907
0.057922
0.058907
0.058907
0.058907
0.058907
0.058907
0.058907
0.059892
0.058907
0.058907
0.059892
0.059892
0.058907
0.059892
0.059892
0.058907
0.059892
0.059892
0.059892
0.059892
0.059892
0.059892
0.060877
0.059892
0.059892
0.060877
0.060877
0.059892
0.060877
0.060877
0.060877
0.060877
0.060877
0.060877
0.060877
0.060877
0.060877
0.061863
0.060877
0.060877
0.061863
0.061863
0.060877
0.061863
0.061863
0.060877
0.061863
0.061863
0.061863
0.060877
0.061863
0.061863
0.061863
0.061863
0.061863
0.061863
0.061863
0.061863
0.061863
0.062849
0.061863
0.061863
0.062849
0.062849
0.061863
0.062849
0.062849
0.061863
0.062849
0.062849
0.062849
0.062849
0.062849
0.062849
0.063836
0.062849
0.062849
0.063836
0.062849
0.062849
0.063836
0.063836
0.062849
0.063836
0.063836
0.063836
0.063836
0.063836
0.063836
0.063836
0.063922
0.063922
0.064908
0.063922
0.063922
0.063922
0.063922
0.063922
0.063922
0.064908
0.063922
0.063922
0.064908
0.064908
0.063922
0.064908
0.064908
0.063922
0.064908
0.064908
0.064908
0.064908
0.064908
0.064908
0.064908
0.064908
0.064908
0.065894
0.064908
0.064908
0.065894
0.065894
0.064908
0.065894
0.065894
0.064908
0.065894
0.065894
0.065894
0.065894
0.065894
0.065894
0.065894
0.065894
0.065894
0.066880
0.065894
0.065894
0.066880
0.065894
0.065894
0.065894
0.066880
0.065894
0.065894
0.066880
0.065894
0.065894
0.066880
0.066880
0.065894
0.066880
0.066880
0.065894
0.066880
0.066880
0.066880
0.066880
0.066880
0.066880
0.066880
0.066880
0.066880
0.067868
0.066880
0.066880
0.067868
0.066880
0.066880
0.067868
0.067868
0.066880
0.067868
0.067868
0.066880
0.067868
0.067868
0.067868
0.067868
0.067868
0.067868
0.067868
0.067868
0.067868
0.068855
0.067963
0.067963
0.067963
0.067963
0.067963
0.067963
0.068949
0.067963
0.067963
0.068949
0.067963
0.067963
0.068949
0.068949
0.067963
0.068949
0.068949
0.067963
0.068949
0.068949
0.067963
0.068949
0.068949
0.068949
0.068949
0.068949
0.068949
0.068949
0.068949
0.068949
0.069936
0.068949
0.068949
0.069936
0.068949
0.068949
0.069936
0.069936
0.068949
0.069936
0.069936
0.068949
0.069936
0.069936
0.068949
0.069936
0.069936
0.069936
0.069936
0.069936
0.069936
0.068949
0.069936
0.069936
0.069936
0.069936
0.069936
0.069936
0.069936
0.069936
0.069936
0.069936
0.069936
0.069936
0.070922
0.069936
0.069936
0.070922
0.069936
0.069936
0.070922
0.070922
0.069936
0.070922
0.070922
0.069936
0.070922
0.070922
0.069936
0.070922
0.070922
0.070922
0.070922
0.070922
0.070922
0.070922
0.070922
0.070922
0.071910
0.070922
0.070922
0.071910
0.070922
0.070922
0.071910
0.070922
0.070922
0.070922
0.071910
0.070922
0.070922
0.071910
0.070922
0.070922
0.071910
0.070922
0.070922
0.071910
0.071910
0.070922
0.071910
0.071910
0.070922
0.071910
0.071910
0.070922
0.071910
0.071910
0.071910
0.071910
0.071910
0.071910
0.071910
0.071910
0.071910
0.071910
0.071910
0.071910
0.072897
0.071910
0.071910
0.072897
0.071910
0.071910
0.072897
0.071910
0.071910
0.072897
0.072897
0.071910
0.072897
0.072897
0.071910
0.071910
0.072897
0.071910
0.071910
0.072897
0.072897
0.071910
0.072897
0.072897
0.071910
0.072897
0.072897
0.071910
0.072897
0.072897
0.072897
0.072897
0.072897
0.072897
0.072897
0.072897
0.072897
0.073000
0.073000
0.073000
0.073000
0.073000
0.073000
0.073986
0.073000
0.073000
0.073986
0.073000
0.073000
0.073986
0.073000
0.073000
0.073986
0.073986
0.073000
0.073986
0.073986
0.073000
0.073986
0.073986
0.073000
0.073000
0.073986
0.073986
0.073000
0.073986
0.073986
0.073000
0.073986
0.073986
0.073000
0.073986
0.073986
0.073000
0.073986
0.073986
0.073986
0.073986
0.073986
0.073986
0.073986
0.073986
0.073986
0.073986
0.073986
0.073986
0.073986
0.073986
0.073986
0.074973
0.073986
0.073986
0.074973
0.073986
0.073986
0.074973
0.073986
0.073986
0.074973
0.074973
0.073986
0.074973
0.074973
0.073986
0.074973
0.074973
0.073986
0.074973
0.074973
0.073986
0.073986
0.074973
0.074973
0.073986
0.074973
0.074973
0.073986
0.074973
0.074973
0.073986
0.074973
0.074973
0.073986
0.074973
0.074973
0.074973
0.074973
0.074973
0.074973
0.074973
0.074973
0.074973
0.074973
0.074973
0.074973
0.074973
0.074973
0.074973
0.075961
0.074973
0.074973
0.075961
0.074973
0.074973
0.075961
0.074973
0.074973
0.075961
0.074973
0.074973
0.075961
0.074973
0.074973
0.075961
0.075961
0.074973
0.074973
0.075961
0.074973
0.074973
0.075961
0.074973
0.074973
0.075961
0.074973
0.074973
0.075961
0.075961
0.074973
0.075961
0.075961
0.074973
0.075961
0.075961
0.074973
0.075961
0.075961
0.074973
0.075961
0.075961
0.075961
0.075961
0.075961
0.075961
0.075961
0.075961
0.075961
0.075961
0.075961
0.075961
0.075961
0.075961
0.075961
0.075961
0.075961
0.075961
0.076948
0.075961
0.075961
0.076948
0.075961
0.075961
0.075961
0.075961
0.075961
0.075961
0.075961
0.075961
0.075961
0.075961
0.075961
0.075961
0.076948
0.075961
0.075961
0.076948
0.075961
0.075961
0.076948
0.075961
0.075961
0.076948
0.075961
0.075961
0.076948
0.075961
0.075961
0.076948
0.076948
0.075961
0.076948
0.076948
0.075961
0.076948
0.076948
0.075961
0.076948
0.076948
0.075961
0.076948
0.076948
0.075961
0.076948
0.076948
0.076948
0.076948
0.076948
0.076948
0.075961
0.076948
0.076948
0.075961
0.076948
0.077058
0.076072
0.077058
0.077058
0.076072
0.077058
0.077058
0.077058
0.077058
0.077058
0.077058
0.077058
0.077058
0.077058
0.077058
0.077058
0.077058
0.077058
0.077058
0.077058
0.077058
0.077058
0.077058
0.077058
0.077058
0.077058
0.078045
0.077058
0.077058
0.078045
0.077058
0.077058
0.078045
0.077058
0.077058
0.078045
0.077058
0.077058
0.078045
0.077058
0.077058
0.078045
0.078045
0.077058
0.077058
0.078045
0.077058
0.077058
0.078045
0.077058
0.077058
0.078045
0.077058
0.077058
0.078045
0.077058
0.077058
0.078045
0.077058
0.077058
0.078045
0.078045
0.077058
0.078045
0.078045
0.077058
0.078045
0.078045
0.077058
0.078045
0.078045
0.077058
0.078045
0.078045
0.077058
0.078045
0.078045
0.077058
0.078045
0.078045
0.078045
0.078045
0.078045
0.078045
0.078045
0.078045
0.078045
0.078045
0.078045
0.078045
0.077058
0.078045
0.078045
0.077058
0.078045
0.078045
0.077058
0.078045
0.078045
0.078045
0.078045
0.078045
0.078045
0.078045
0.078045
0.078045
0.078045
0.078045
0.078045
0.078045
0.078045
0.078045
0.078045
0.078045
0.078045
0.078045
0.078045
0.078045
0.078045
0.078045
0.078045
0.079032
0.078045
0.078045
0.079032
0.078045
0.078045
0.079032
0.078045
0.078045
0.079032
0.078045
0.078045
0.079032
0.078045
0.078045
0.078045
0.078045
0.078045
0.078045
0.078045
0.078045
0.078045
0.079032
0.078045
0.078045
0.079032
0.078045
0.078045
0.079032
0.078045
0.078045
0.079032
0.078045
0.078045
0.079032
0.078045
0.078045
0.079032
0.078045
0.078045
0.079032
0.078045
0.078045
0.079032
0.079032
0.078045
0.079032
0.079032
0.078045
0.079032
0.079032
0.078045
0.079032
0.079032
0.078045
0.079032
0.079032
0.078045
0.079032
0.079032
0.078045
0.078045
0.079032
0.078045
0.078045
0.079032
0.079032
0.078045
0.079032
0.079032
0.078045
0.079032
0.079032
0.078045
0.079032
0.079032
0.078045
0.079032
0.079032
0.078045
0.079032
0.079032
0.078045
0.079032
0.079032
0.078045
0.079032
0.079032
0.079032
0.079032
0.079032
0.079032
0.079032
0.079032
0.079032
0.079032
0.079032
0.079032
0.079032
0.079032
0.079032
0.079032
0.079032
0.079032
0.079032
0.079032
0.079032
0.079032
0.079032
0.079032
0.078045
0.079032
0.079032
0.079032
0.079032
0.079032
0.079032
0.079032
0.079032
0.079032
0.079032
0.079032
0.079032
0.079032
0.079032
0.079032
0.079032
0.079032
0.079032
0.079032
0.079032
0.079032
0.079032
0.079032
0.079032
0.079032
0.079032
0.079032
0.080019
0.079032
0.079032
0.080019
0.079032
0.079032
0.080019
0.079032
0.079032
0.080019
0.079032
0.079032
0.080019
0.079032
0.079032
0.080019
0.079032
0.079032
0.079032
0.079032
0.079032
0.079032
0.079032
0.079032
0.079032
0.080019
0.079032
0.079032
0.080019
0.079032
0.079032
0.080019
0.079032
0.079032
0.080019
0.079032
0.079032
0.080019
0.079032
0.079032
0.080019
0.079032
0.079032
0.080019
0.079032
0.079032
0.080019
0.079032
0.079032
0.080019
0.079032
0.079032
0.080019
0.080019
0.079032
0.080019
0.080019
0.079032
0.080019
0.080019
0.079032
0.080019
0.080019
0.079032
0.079032
0.080019
0.079032
0.079032
0.080019
0.079032
0.079032
0.080019
0.079032
0.079032
0.080019
0.079032
0.079032
0.080019
0.079032
0.079032
0.080019
0.080019
0.079032
0.080019
0.080019
0.079032
0.080019
0.080019
0.079032
0.080019
0.080019
0.079032
0.080019
0.080019
0.079032
0.080019
0.080019
0.079032
0.080019
0.080019
0.079032
0.080019
0.080019
0.079032
0.080019
0.080019
0.079032
0.080019
0.080019
0.080019
0.079032
0.080019
0.080019
0.079032
0.080019
0.080019
0.079032
0.080019
0.080019
0.079032
0.080019
0.080019
0.079032
0.080019
0.080019
0.079032
0.080019
0.080019
0.079032
0.080019
0.080019
0.079032
0.080019
0.080019
0.079032
0.080019
0.080019
0.079032
0.080019
0.080019
0.080019
0.080019
0.080019
0.080019
0.080019
0.080019
0.080019
0.080019
0.080019
0.080019
0.080019
0.080019
0.080019
0.080019
0.080019
0.080019
0.080019
0.080019
0.080019
0.079032
0.080019
0.080019
0.079032
0.080019
0.080019
0.079032
0.080019
0.080019
0.080019
0.080019
0.080019
0.080019
0.080019
0.080019
0.080019
0.080019
0.080019
0.080019
0.080019
0.080019
0.080019
0.080019
0.080019
0.080019
0.080019
0.080019
0.080019
0.080019
0.080019
0.080019
0.080019
0.080019
0.080019
0.080019
0.080019
0.080019
0.080019
0.080019
0.080019
0.080019
0.080019
0.080019
0.081006
0.080019
0.080019
0.080019
0.080019
0.080019
0.080019
0.080019
0.080019
0.080019
0.080019
0.080019
0.080019
0.080019
0.080019
0.080019
0.080019
0.080019
0.080019
0.080019
0.080019
0.080019
0.080019
0.080019
0.080019
0.080019
0.080019
0.080019
0.080019
0.080019
0.080019
0.081006
0.080019
0.080019
0.081006
0.080019
0.080019
0.081006
0.080019
0.080019
0.081006
0.080019
0.080019
0.081006
0.080019
0.080019
0.081006
0.080019
0.080019
0.080019
0.080019
0.080019
0.080019
0.080019
0.080019
0.080019
0.080019
0.080019
0.080019
0.080019
0.080019
0.080019
0.080019
0.080019
0.080019
0.081006
0.080019
0.080019
0.081006
0.080019
0.080019
0.081006
0.080019
0.080019
0.081006
0.080019
0.080019
0.081006
0.080019
0.080019
0.081006
0.080019
0.080019
0.081006
0.080019
0.080019
0.081006
0.080019
0.080019
0.081006
0.080019
0.080019
0.081006
0.080019
0.080019
0.080019
0.080019
0.080019
0.080019
0.081006
0.080019
0.080019
0.081006
0.080019
0.080019
0.081006
0.080019
0.080019
0.081006
0.080019
0.080019
0.081006
0.080019
0.080019
0.081006
0.080019
0.080019
0.081006
0.080019
0.080019
0.081006
0.080019
0.080019
0.081006
0.080019
0.080019
0.081006
0.080019
0.080019
0.081006
0.080019
0.080019
0.081006
0.081006
0.080019
0.081006
0.081006
0.080019
0.081006
0.081006
0.080019
0.080019
0.081006
0.080019
0.080019
0.081006
0.080019
0.080019
0.081006
0.080019
0.080019
0.081006
0.080019
0.080019
0.081006
0.080019
0.080019
0.081006
0.080019
0.080019
0.081006
0.080019
0.080019
0.081006
0.080019
0.080019
0.081006
0.080019
0.080019
0.081006
0.081006
0.080019
0.081006
0.081006
0.080019
0.081006
0.081006
0.080019
0.081006
0.081006
0.080019
0.081006
0.081006
0.080019
0.081006
0.081006
0.080019
0.081006
0.081006
0.080019
0.080019
0.081006
0.080019
0.080019
0.081006
0.080019
0.080019
0.081006
0.080019
0.080019
0.081006
0.080019
0.080019
0.081006
0.080019
0.080019
0.081006
0.081006
0.080019
0.081006
0.081006
0.080019
0.081006
0.081006
0.080019
0.081006
0.081006
0.080019
0.081006
0.081006
0.080019
0.081006
0.081006
0.080019
0.081006
0.081006
0.080019
0.081006
0.081006
0.080019
0.081006
0.081006
0.080019
0.081006
0.081006
0.080019
0.080019
0.081006
0.080019
0.080019
0.081006
0.080019
0.080019
0.081006
0.081006
0.080019
0.081006
0.081006
0.080019
0.081006
0.081006
0.080019
0.081006
0.081006
0.080019
0.081006
0.081006
0.080019
0.081006
0.081006
0.080019
0.081006
0.081006
0.080019
0.081006
0.081006
0.080019
0.081006
0.081006
0.080019
0.081006
0.081006
0.080019
0.081006
0.081006
0.080019
0.081006
0.081006
0.080019
0.081006
0.081006
0.081006
0.080019
0.081006
0.081006
0.080019
0.081006
0.081006
0.080019
0.081006
0.081006
0.080019
0.081006
0.081006
0.080019
0.081006
0.081006
0.080019
0.081006
0.081006
0.080019
0.081006
0.081006
0.080019
0.081006
0.081006
0.080019
0.081006
0.081006
0.080019
0.081006
0.081006
0.080019
0.081006
0.081006
0.080019
0.081006
0.081006
0.080019
0.081006
0.081006
0.080019
0.081006
0.081006
0.081006
0.081006
0.081006
0.081006
0.080019
0.081006
0.081006
0.080019
0.081006
0.081006
0.080019
0.081006
0.081006
0.080019
0.081006
0.081006
0.080019
0.081006
0.081006
0.080019
0.081006
0.081006
0.080019
0.081006
0.081006
0.080019
0.081006
0.081006
0.080019
0.081006
0.081006
0.080019
0.081006
0.081006
0.080019
0.081006
0.081006
0.080019
0.081006
0.081006
0.081006
0.081006
0.081006
0.081006
0.081006
0.081006
0.081006
0.081006
0.081006
0.081006
0.081006
0.081006
0.081006
0.080019
0.081006
0.081006
0.080019
0.081006
0.081006
0.080019
0.081006
0.081006
0.080019
0.081006
0.081006
0.080019
0.081006
0.081006
0.080019
0.081006
0.081006
0.080019
0.081006
0.081006
0.080019
0.081006
0.081006
0.080019
0.081006
0.081006
0.080019
0.081006
0.081006
0.081006
0.081006
0.081006
0.081006
0.081006
0.081006
0.081006
0.081006
0.081006
0.081006
0.081006
0.081006
0.081006
0.081006
0.081006
0.081006
0.080019
0.081006
0.081006
0.080019
0.081006
0.081006
0.080019
0.081006
0.081006
0.080019
0.081006
0.081006
0.080019
0.081006
0.081006
0.081006
0.081006
0.081006
0.080019
0.081006
0.081006
0.080019
0.081006
0.080019
0.080019
0.081006
0.080019
0.080019
0.080019
0.080019
0.080019
0.080019
0.080019
0.079032
0.080019
0.080019
0.079032
0.080019
0.080019
0.079032
0.080019
0.079032
0.079032
0.080019
0.079032
0.079032
0.078045
0.079032
0.079032
0.078045
0.079032
0.078045
0.078045
0.079032
0.078045
0.078045
0.079032
0.078045
0.078045
0.078045
0.078045
0.078045
0.078045
0.078045
0.077058
0.078045
0.078045
0.077058
0.078045
0.078045
0.077058
0.078045
0.077058
0.077058
0.078045
0.077058
0.077058
0.077058
0.077058
0.077058
0.077058
0.077058
0.077058
0.077058
0.077058
0.076072
0.077058
0.077058
0.076072
0.077058
0.076072
0.076072
0.076072
0.076072
0.076072
0.075961
0.075961
0.075961
0.074973
0.075961
0.075961
0.074973
0.075961
0.075961
0.074973
0.075961
0.074973
0.074973
0.075961
0.074973
0.074973
0.075961
0.074973
0.074973
0.074973
0.074973
0.074973
0.074973
0.074973
0.074973
0.074973
0.074973
0.073986
0.074873
0.074873
0.073885
0.074873
0.073885
0.073885
0.074873
0.073885
0.073885
0.074873
0.073885
0.073885
0.074873
0.073885
0.073885
0.073885
0.073885
0.073885
0.072897
0.073885
0.073885
0.072897
0.073797
0.072808
0.072808
0.073797
0.072808
0.072808
0.073797
0.072808
0.072808
0.072808
0.072808
0.072808
0.072808
0.072808
0.072808
0.072808
0.072808
0.071819
0.072732
0.072732
0.071743
0.072732
0.072732
0.071743
0.072732
0.072732
0.071743
0.072732
0.071743
0.071743
0.072732
0.071743
0.071743
0.072732
0.071743
0.071743
0.072670
0.071680
0.071680
0.071680
0.071680
0.071680
0.070689
0.071680
0.071680
0.070689
0.071680
0.071680
0.070689
0.071680
0.070689
0.070689
0.071680
0.070689
0.070689
0.071631
0.070640
0.070640
0.071631
0.070640
0.070640
0.070640
0.070640
0.070640
0.070640
0.070640
0.070640
0.070640
0.070640
0.070640
0.070640
0.070640
0.069649
0.070640
0.070640
0.069613
0.070605
0.070605
0.069613
0.070605
0.070605
0.069613
0.070605
0.069613
0.069613
0.070605
0.069613
0.069613
0.069613
0.069613
0.069613
0.069613
0.069613
0.069613
0.068622
0.069613
0.069613
0.068622
0.069613
0.069613
0.068600
0.069592
0.069592
0.068600
0.069592
0.069592
0.068600
0.069592
0.068600
0.068600
0.069592
0.068600
0.068600
0.069592
0.068600
0.068600
0.069592
0.068600
0.068600
0.069592
0.068600
0.068600
0.068600
0.068600
0.068600
0.068600
0.068600
0.068600
0.068600
0.068600
0.068600
0.068600
0.068600
0.068600
0.067609
0.068600
0.067609
0.067602
0.068593
0.067602
0.067602
0.068593
0.067602
0.067602
0.068593
0.067602
0.067602
0.068593
0.067602
0.067602
0.067602
0.067602
0.067602
0.067602
0.067602
0.067602
0.067602
0.067602
0.067602
0.067602
0.067602
0.067602
0.067602
0.067602
0.067602
0.067602
0.067602
0.066611
0.067602
0.067602
0.066611
0.067602
0.067602
0.066611
0.067602
0.067602
0.066611
0.067602
0.067602
0.066611
0.067602
0.067602
0.066611
0.066611
0.066611
0.066611
0.066611
0.066611
0.066611
0.066611
0.066611
0.066611
0.066611
0.066611
0.066611
0.066611
0.066611
0.066611
0.066611
0.066611
0.066611
0.065620
0.066611
0.066611
0.065620
0.066611
0.066611
0.065620
0.066611
0.066611
0.065620
0.066611
0.066611
0.065620
0.066618
0.066618
0.065628
0.066618
0.065628
0.065628
0.066618
0.065628
0.065628
0.066618
0.065628
0.065628
0.066618
0.065628
0.065628
0.065628
0.065628
0.065628
0.065628
0.065628
0.065628
0.065628
0.065628
0.065628
0.064637
0.065628
0.065628
0.064637
0.065628
0.065628
0.064637
0.065628
0.065628
0.064637
0.065628
0.065628
0.064637
0.065628
0.065628
0.064637
0.065628
0.065628
0.064637
0.065628
0.064637
0.064637
0.065628
0.064637
0.064637
0.065628
0.064637
0.064637
0.065628
0.064637
0.064637
0.065628
0.064637
0.064637
0.065628
0.064637
0.064637
0.064637
0.064637
0.064637
0.064637
0.064637
0.064637
0.064637
0.064637
0.064637
0.063647
0.064637
0.064637
0.063647
0.064637
0.064637
0.063671
0.064661
0.064661
0.063671
0.064661
0.064661
0.063671
0.064661
0.064661
0.063671
0.064661
0.064661
0.063671
0.064661
0.064661
0.063671
0.064661
0.064661
0.063671
0.064661
0.063671
0.063671
0.064661
0.063671
0.063671
0.064661
0.063671
0.063671
0.064661
0.063671
0.063671
0.063671
0.063671
0.063671
0.063671
0.063671
0.063671
0.063671
0.063671
0.063671
0.063671
0.063671
0.063671
0.063671
0.063671
0.063671
0.063671
0.063671
0.063671
0.062682
0.063671
0.063671
0.062682
0.063671
0.063710
0.062722
0.063710
0.063710
0.062722
0.063710
0.063710
0.062722
0.063710
0.063710
0.062722
0.063710
0.063710
0.062722
0.063710
0.063710
0.062722
0.063710
0.063710
0.062722
0.063710
0.063710
0.062722
0.063710
0.063710
0.062722
0.062722
0.063710
0.062722
0.062722
0.063710
0.062722
0.062722
0.062722
0.062722
0.062722
0.062722
0.062722
0.062722
0.062722
0.062722
0.062722
0.062722
0.062722
0.062722
0.062722
0.062722
0.062722
0.062722
0.062722
0.062722
0.062722
0.062722
0.062722
0.062722
0.062722
0.062777
0.062777
0.062777
0.062777
0.062777
0.062777
0.062777
0.062777
0.062777
0.062777
0.062777
0.062777
0.062777
0.062777
0.062777
0.062777
0.061790
0.062777
0.062777
0.061790
0.062777
0.062777
0.061790
0.062777
0.062777
0.061790
0.062777
0.061790
0.061790
0.062777
0.061790
0.061790
0.062777
0.061790
0.061790
0.062777
0.061790
0.061790
0.062777
0.061790
0.061790
0.062777
0.061790
0.061790
0.062777
0.061790
0.061790
0.062777
0.061790
0.061790
0.062777
0.061790
0.061790
0.062777
0.061790
0.061790
0.062777
0.061790
0.061790
0.062777
0.061790
0.061790
0.061790
0.062777
0.061790
0.061790
0.062777
0.061790
0.061790
0.062777
0.062777
0.061790
0.062777
0.062777
0.062777
0.062777
0.062777
0.062777
0.062777
0.062777
0.062777
0.063765
0.062777
0.062777
0.063765
0.062777
0.062777
0.063765
0.063765
0.062777
0.063765
0.063765
0.063765
0.063765
0.063765
0.063765
0.063765
0.063765
0.063765
0.064753
0.063765
0.063765
0.064753
0.063765
0.063765
0.064753
0.064753
0.063765
0.063765
0.064753
0.064753
0.063765
0.064753
0.064753
0.063765
0.064753
0.064753
0.064753
0.064753
0.064753
0.064753
0.064753
0.064753
0.064753
0.065742
0.064753
0.064753
0.065742
0.064753
0.064753
0.065742
0.065742
0.064753
0.065742
0.065742
0.064753
0.065742
0.065742
0.065742
0.065742
0.065742
0.065742
0.065742
0.065742
0.065742
0.066731
0.065742
0.065742
0.066731
0.065742
0.065742
0.066731
0.066731
0.065742
0.066731
0.066731
0.065742
0.065742
0.066731
0.066731
0.065689
0.066678
0.066678
0.065689
0.066678
0.066678
0.066678
0.066678
0.066678
0.066678
0.066678
0.066678
0.066678
0.067668
0.066678
0.066678
0.067668
0.066678
0.066678
0.067668
0.067668
0.066678
0.067668
0.067668
0.066678
0.067668
0.067668
0.067668
0.067668
0.067631
0.067631
0.067631
0.067631
0.067631
0.068622
0.067631
0.067631
0.068622
0.067631
0.067631
0.068622
0.068622
0.067631
0.067631
0.068622
0.067631
0.067631
0.068622
0.068622
0.067631
0.068622
0.068622
0.067631
0.068622
0.068622
0.067609
0.068600
0.068600
0.068600
0.068600
0.068600
0.068600
0.068600
0.068600
0.068600
0.069592
0.068600
0.068600
0.069592
0.068600
0.068600
0.069592
0.069592
0.068600
0.069592
0.069592
0.068600
0.069592
0.069592
0.068600
0.069584
0.069584
0.069584
0.069584
0.069584
0.069584
0.069584
0.069584
0.069584
0.069584
0.069584
0.069584
0.069584
0.069584
0.069584
0.069584
0.069584
0.069584
0.069584
0.070576
0.069584
0.069584
0.070576
0.069584
0.069584
0.070576
0.070576
0.069584
0.070576
0.070583
0.069592
0.070583
0.070583
0.069592
0.070583
0.070583
0.070583
0.070583
0.070583
0.070583
0.070583
0.070583
0.070583
0.071575
0.070583
0.070583
0.071575
0.070583
0.070583
0.071575
0.070583
0.070583
0.071575
0.071575
0.070583
0.070583
0.071575
0.070583
0.070583
0.071575
0.070583
0.070583
0.071575
0.071575
0.070583
0.071575
0.071575
0.070583
0.071575
0.071596
0.070605
0.071596
0.071596
0.071596
0.071596
0.071596
0.071596
0.071596
0.071596
0.071596
0.071596
0.071596
0.071596
0.072588
0.071596
0.071596
0.072588
0.071596
0.071596
0.072588
0.071596
0.071596
0.072588
0.072588
0.071596
0.072588
0.072588
0.071596
0.072588
0.072588
0.071596
0.071596
0.072588
0.072588
0.071596
0.072588
0.072588
0.071596
0.072588
0.072588
0.071596
0.072588
0.072588
0.071596
0.072588
0.072588
0.072588
0.072588
0.072588
0.072588
0.072588
0.072588
0.072588
0.072588
0.072588
0.072588
0.073580
0.072588
0.072588
0.073580
0.072588
0.072588
0.073580
0.072588
0.072588
0.073580
0.072588
0.072588
0.073580
0.073580
0.072588
0.073580
0.073580
0.072588
0.073580
0.073580
0.072588
0.073580
0.073580
0.072588
0.072588
0.073580
0.073580
0.072588
0.073580
0.073580
0.072588
0.073580
0.073580
0.072588
0.073580
0.073580
0.072588
0.073580
0.073580
0.073580
0.073580
0.073580
0.073580
0.073559
0.073559
0.073559
0.073559
0.073559
0.072567
0.073559
0.073559
0.072567
0.073559
0.073559
0.072567
0.073559
0.072567
0.072567
0.073559
0.072567
0.072567
0.073559
0.072567
0.072567
0.073559
0.072567
0.072567
0.073559
0.072567
0.072567
0.072567
0.073559
0.072567
0.072567
0.073559
0.072567
0.072567
0.073559
0.072567
0.072567
0.073553
0.072560
0.072560
0.073553
0.073553
0.072560
0.073553
0.073553
0.072560
0.073553
0.073553
0.072560
0.073553
0.073553
0.073553
0.073553
0.073553
0.073553
0.073553
0.073553
0.073553
0.073553
0.073553
0.073553
0.073553
0.073553
0.073553
0.074545
0.073553
0.073553
0.074545
0.073553
0.073559
0.074552
0.073559
0.073559
0.073559
0.074552
0.073559
0.073559
0.074552
0.073559
0.073559
0.074552
0.073559
0.073559
0.074552
0.073559
0.073559
0.074552
0.073559
0.073559
0.074552
0.073559
0.073559
0.073559
0.073559
0.073559
0.073559
0.073559
0.073559
0.073559
0.073559
0.073559
0.073559
0.073559
0.073559
0.074552
0.073559
0.073559
0.074552
0.073559
0.073559
0.074552
0.073580
0.073580
0.074572
0.073580
0.073580
0.074572
0.073580
0.073580
0.073580
0.074572
0.073580
0.073580
0.074572
0.073580
0.073580
0.074572
0.073580
0.073580
0.074572
0.073580
0.073580
0.074572
0.073580
0.073580
0.074572
0.074572
0.073580
0.074572
0.074572
0.073580
0.074572
0.074572
0.073580
0.074572
0.074572
0.073580
0.074572
0.074572
0.074572
0.074572
0.074572
0.074572
0.074572
0.074572
0.074572
0.074572
0.074572
0.074572
0.074572
0.074572
0.074572
0.074572
0.074572
0.074572
0.075565
0.074572
0.074572
0.074572
0.074572
0.074572
0.074572
0.074572
0.074572
0.074572
0.074572
0.074572
0.074572
0.074572
0.074572
0.074552
0.075545
0.074552
0.074552
0.075545
0.074552
0.074552
0.074552
0.074552
0.074552
0.075545
0.074552
0.074552
0.075545
0.074552
0.074552
0.075545
0.074552
0.074552
0.075545
0.074552
0.074552
0.075545
0.075545
0.074552
0.075545
0.075545
0.074552
0.075545
0.075545
0.074552
0.075545
0.075545
0.074552
0.074552
0.075545
0.074552
0.074552
0.075545
0.075545
0.074552
0.075545
0.075545
0.074552
0.075538
0.075538
0.074545
0.075538
0.075538
0.074545
0.075538
0.075538
0.074545
0.075538
0.075538
0.075538
0.075538
0.075538
0.075538
0.075538
0.075538
0.075538
0.075538
0.075538
0.075538
0.075538
0.075538
0.075538
0.075538
0.075538
0.075538
0.075538
0.075538
0.075538
0.075538
0.075538
0.075538
0.076531
0.075538
0.075538
0.075538
0.075538
0.075538
0.075538
0.075538
0.075538
0.075538
0.075538
0.075538
0.075538
0.075538
0.075538
0.075538
0.076531
0.075538
0.075538
0.076531
0.075538
0.075538
0.076531
0.075538
0.075545
0.076538
0.075545
0.075545
0.076538
0.075545
0.075545
0.076538
0.076538
0.075545
0.076538
0.076538
0.075545
0.076538
0.076538
0.075545
0.076538
0.076538
0.075545
0.076538
0.076538
0.075545
0.076538
0.076538
0.076538
0.075545
0.076538
0.076538
0.075545
0.076538
0.076538
0.075545
0.076538
0.076538
0.075545
0.076538
0.076538
0.075545
0.076538
0.076538
0.075545
0.076538
0.076538
0.076538
0.076538
0.076538
0.076538
0.076538
0.076538
0.076538
0.076538
0.076538
0.076538
0.076538
0.076538
0.076538
0.076538
0.076538
0.076538
0.077531
0.076538
0.076538
0.077531
0.076538
0.076538
0.077531
0.076538
0.076538
0.077531
0.076538
0.076538
0.077531
0.076538
0.076538
0.076538
0.076538
0.076538
0.076538
0.077531
0.076538
0.076538
0.077531
0.076538
0.076538
0.077531
0.076538
0.076538
0.077531
0.076538
0.076538
0.077531
0.076538
0.076538
0.077531
0.076538
0.076538
0.077531
0.077531
0.076538
0.077531
0.077531
0.076557
0.077550
0.077550
0.076557
0.077550
0.077550
0.076557
0.077550
0.077550
0.076557
0.077550
0.077550
0.076557
0.077550
0.077550
0.076557
0.077550
0.077550
0.077550
0.076557
0.077550
0.077550
0.076557
0.077550
0.077550
0.076557
0.077550
0.077550
0.077550
0.077550
0.077550
0.076557
0.077550
0.076557
0.076557
0.077550
0.076557
0.076557
0.077550
0.076557
0.076557
0.076557
0.076557
0.076557
0.076557
0.076557
0.075565
0.076557
0.076557
0.075565
0.076557
0.076557
0.075565
0.076557
0.075565
0.075565
0.076557
0.075565
0.075565
0.076557
0.075565
0.075565
0.075565
0.075565
0.075565
0.074572
0.075565
0.075598
0.074606
0.075598
0.074606
0.074606
0.075598
0.074606
0.074606
0.075598
0.074606
0.074606
0.074606
0.074606
0.074606
0.074606
0.074606
0.074606
0.074606
0.074606
0.073614
0.074606
0.074606
0.073614
0.074606
0.074606
0.073614
0.074606
0.073614
0.073614
0.074606
0.073614
0.073614
0.074606
0.073614
0.073614
0.073614
0.073614
0.073614
0.073614
0.073614
0.073614
0.073614
0.073614
0.072622
0.072622
0.073614
0.072622
0.072622
0.073614
0.072622
0.072622
0.072622
0.072622
0.072622
0.072622
0.072622
0.072622
0.072622
0.072622
0.071631
0.072622
0.072622
0.071631
0.072622
0.072622
0.071631
0.072622
0.072622
0.071631
0.072622
0.071631
0.071631
0.072622
0.071631
0.071631
0.072622
0.071631
0.071631
0.071631
0.071631
0.071631
0.071631
0.071631
0.071631
0.071631
0.071631
0.071631
0.071631
0.071631
0.070640
0.071631
0.071631
0.070640
0.070640
0.071631
0.070640
0.070640
0.070640
0.070640
0.070605
0.070605
0.070605
0.070605
0.070605
0.070605
0.070605
0.070605
0.070605
0.069613
0.070605
0.070605
0.069613
0.070605
0.070605
0.069613
0.070605
0.070605
0.069613
0.070605
0.069613
0.069613
0.070605
0.069613
0.069613
0.070605
0.069613
0.069613
0.070605
0.069613
0.069613
0.069613
0.069613
0.069613
0.069613
0.069613
0.069592
0.069592
0.069592
0.069592
0.068600
0.069592
0.069592
0.068600
0.069592
0.068600
0.068600
0.069592
0.068600
0.068600
0.069592
0.068600
0.068600
0.069592
0.068600
0.068600
0.068600
0.068600
0.068600
0.068600
0.068600
0.068600
0.068600
0.068593
0.068593
0.068593
0.068593
0.068593
0.068593
0.068593
0.067602
0.068593
0.068593
0.067602
0.068593
0.068593
0.067602
0.068593
0.068593
0.067602
0.068593
0.068593
0.067602
0.068593
0.067602
0.067602
0.067602
0.067602
0.067602
0.067602
0.067609
0.067609
0.067609
0.067609
0.067609
0.067609
0.067609
0.067609
0.067609
0.067609
0.067609
0.066618
0.067609
0.067609
0.066618
0.067609
0.067609
0.066618
0.067609
0.067609
0.066618
0.067609
0.067609
0.066618
0.067609
0.067609
0.066618
0.067609
0.066618
0.066618
0.067609
0.066641
0.066641
0.067631
0.066641
0.066641
0.067631
0.066641
0.066641
0.067631
0.066641
0.066641
0.066641
0.066641
0.066641
0.065651
0.066641
0.066641
0.065651
0.066641
0.066641
0.065651
0.066641
0.066641
0.065651
0.066641
0.066641
0.065651
0.066641
0.066641
0.065651
0.066641
0.066641
0.065651
0.066641
0.065651
0.065651
0.066641
0.065651
0.065651
0.066641
0.065651
0.065651
0.066641
0.065651
0.065651
0.066641
0.065651
0.065651
0.066641
0.065689
0.065689
0.066678
0.065689
0.065689
0.065689
0.065689
0.065689
0.065689
0.065689
0.065689
0.064699
0.065689
0.065689
0.064699
0.065689
0.065689
0.064699
0.065689
0.065689
0.064699
0.065689
0.065689
0.064699
0.065689
0.065689
0.064699
0.065689
0.064699
0.064699
0.065689
0.064699
0.064699
0.065689
0.064699
0.064699
0.065689
0.064699
0.064699
0.065689
0.064699
0.064699
0.065689
0.064699
0.064699
0.065689
0.064699
0.064699
0.065689
0.064699
0.064699
0.064699
0.064699
0.064699
0.064699
0.064699
0.064699
0.063710
0.064699
0.064699
0.063710
0.064699
0.064699
0.063710
0.064699
0.064699
0.063710
0.064699
0.064699
0.063710
0.064699
0.064699
0.063710
0.064699
0.064699
0.063710
0.064699
0.063710
0.063710
0.064699
0.063710
0.063710
0.064699
0.063710
0.063710
0.064699
0.063710
0.063710
0.064699
0.063710
0.063710
0.064699
0.063710
0.063710
0.064699
0.063710
0.063710
0.064699
0.063710
0.063710
0.064699
0.063710
0.063710
0.063710
0.063710
0.063710
0.062722
0.063710
0.063710
0.062722
0.063710
0.063710
0.062722
0.063710
0.063710
0.062722
0.063710
0.063710
0.062722
0.063710
0.063710
0.062722
0.063710
0.063710
0.062722
0.063710
0.063710
0.062722
0.063710
0.063765
0.062777
0.063765
0.063765
0.062777
0.063765
0.063765
0.062777
0.063765
0.063765
0.062777
0.063765
0.062777
0.062777
0.063765
0.062777
0.062777
0.063765
0.062777
0.062777
0.062777
0.062777
0.062777
0.062777
0.062777
0.062777
0.062777
0.062777
0.062777
0.062777
0.062777
0.062777
0.062777
0.062777
0.062777
0.062777
0.062777
0.062777
0.062777
0.062777
0.062777
0.062777
0.062777
0.062777
0.062777
0.062777
0.062777
0.062777
0.062777
0.062777
0.062777
0.062777
0.062777
0.061790
0.062777
0.062777
0.061790
0.062777
0.062777
0.061790
0.062777
0.062777
0.061790
0.062777
0.062777
0.061790
0.062777
0.062777
0.061790
0.061790
0.062777
0.061790
0.061790
0.062777
0.061790
0.061790
0.062849
0.061863
0.061863
0.062849
0.061863
0.061863
0.062849
0.061863
0.061863
0.062849
0.061863
0.061863
0.062849
0.061863
0.061863
0.062849
0.061863
0.061863
0.062849
0.061863
0.061863
0.062849
0.061863
0.061863
0.062849
0.061863
0.061863
0.062849
0.061863
0.061863
0.062849
0.061863
0.061863
0.062849
0.061863
0.061863
0.061863
0.061863
0.061863
0.060877
0.061863
0.061863
0.060877
0.061863
0.061863
0.060877
0.061863
0.061863
0.060877
0.061863
0.061863
0.060877
0.061863
0.061863
0.060877
0.061863
0.061863
0.060877
0.061863
0.061863
0.060877
0.061863
0.061863
0.060877
0.061863
0.061863
0.060877
0.061863
0.061863
0.060877
0.061863
0.061863
0.060877
0.061863
0.061863
0.060877
0.061952
0.061952
0.060967
0.061952
0.061952
0.060967
0.061952
0.061952
0.060967
0.060967
0.061952
0.060967
0.060967
0.061952
0.060967
0.060967
0.061952
0.060967
0.060967
0.061952
0.060967
0.060967
0.061952
0.060967
0.060967
0.061952
0.060967
0.060967
0.061952
0.060967
0.060967
0.061952
0.060967
0.060967
0.061952
0.060967
0.060967
0.061952
0.060967
0.060967
0.061952
0.060967
0.060967
0.061952
0.060967
0.060967
0.061952
0.060967
0.060967
0.061952
0.060967
0.060967
0.061952
0.060967
0.060967
0.060967
0.060967
0.060967
0.060967
0.060967
0.060967
0.060967
0.060967
0.060967
0.060967
0.060967
0.060967
0.060967
0.060967
0.060967
0.060967
0.060967
0.060967
0.060967
0.060967
0.060967
0.060967
0.060967
0.060967
0.059983
0.060967
0.060967
0.059983
0.060967
0.060967
0.059983
0.060967
0.060967
0.059983
0.060967
0.060967
0.059983
0.060967
0.060967
0.059983
0.060967
0.060967
0.059983
0.060967
0.060967
0.059983
0.060967
0.060967
0.059983
0.059983
0.060967
0.059983
0.059983
0.060967
0.059983
0.059983
0.060967
0.059983
0.059983
0.060967
0.059983
0.059983
0.060967
0.059983
0.059983
0.060967
0.059983
0.059983
0.060967
0.059983
0.059983
0.060967
0.059983
0.059983
0.060967
0.059983
0.059983
0.060967
0.059983
0.059983
0.060967
0.059983
0.059983
0.060967
0.059983
0.060092
0.061074
0.060092
0.060092
0.061074
0.060092
0.060092
0.061074
0.060092
0.060092
0.060092
0.060092
0.060092
0.060092
0.060092
0.060092
0.060092
0.060092
0.060092
0.060092
0.060092
0.060092
0.060092
0.060092
0.060092
0.060092
0.060092
0.060092
0.060092
0.060092
0.060092
0.060092
0.061074
0.060092
0.060092
0.061074
0.061074
0.060092
0.061074
0.061074
0.060092
0.061074
0.061074
0.061074
0.061074
0.061074
0.061074
0.062056
0.061074
0.061074
0.062056
0.061074
0.061074
0.062056
0.062056
0.061074
0.061074
0.062056
0.062056
0.061074
0.062056
0.062056
0.062056
0.062056
0.062056
0.062056
0.062056
0.062056
0.062056
0.063040
0.062056
0.062056
0.063040
0.063040
0.062056
0.063040
0.063040
0.062056
0.063040
0.063040
0.063040
0.063040
0.063040
0.063040
0.063040
0.063040
0.063040
0.064023
0.063040
0.063040
0.064023
0.064023
0.063040
0.064023
0.064023
0.063040
0.064023
0.064023
0.064023
0.063922
0.063922
0.063922
0.062936
0.063922
0.063922
0.063922
0.063922
0.063922
0.063922
0.064908
0.063922
0.063922
0.064908
0.063922
0.063922
0.064908
0.064908
0.063922
0.064908
0.064908
0.063922
0.064908
0.064908
0.064908
0.064908
0.064908
0.064908
0.064908
0.064908
0.064908
0.065894
0.064908
0.064908
0.065894
0.064908
0.064908
0.065894
0.065894
0.064823
0.065810
0.065810
0.065810
0.065810
0.065810
0.065810
0.065810
0.065810
0.065810
0.065810
0.065810
0.065810
0.065810
0.065810
0.065810
0.065810
0.066798
0.065810
0.065810
0.066798
0.065810
0.065810
0.066798
0.066798
0.065810
0.066731
0.066731
0.065742
0.066731
0.066731
0.066731
0.066731
0.066731
0.066731
0.066731
0.066731
0.066731
0.067720
0.066731
0.066731
0.067720
0.066731
0.066731
0.067720
0.067720
0.066731
0.067720
0.067668
0.066678
0.067668
0.067668
0.067668
0.067668
0.067668
0.067668
0.067668
0.067668
0.067668
0.067668
0.067668
0.067668
0.067668
0.067668
0.067668
0.067668
0.068659
0.067668
0.067668
0.068659
0.067631
0.067631
0.068622
0.067631
0.067631
0.068622
0.068622
0.067631
0.068622
0.068622
0.067631
0.068622
0.068622
0.068622
0.068622
0.068622
0.068622
0.068622
0.068622
0.068622
0.069613
0.068622
0.068622
0.069592
0.068600
0.068600
0.069592
0.069592
0.068600
0.069592
0.069592
0.068600
0.069592
0.069592
0.068600
0.068600
0.069592
0.069592
0.068600
0.069592
0.069592
0.068600
0.069592
0.069592
0.069592
0.069592
0.069592
0.069592
0.069592
0.069592
0.069592
0.069584
0.069584
0.069584
0.070576
0.069584
0.069584
0.070576
0.069584
0.069584
0.070576
0.070576
0.069584
0.070576
0.070576
0.069584
0.070576
0.070576
0.069584
0.070576
0.070576
0.070576
0.070576
0.070576
0.070576
0.070576
0.070576
0.070576
0.070576
0.070576
0.070576
0.070576
0.070576
0.070576
0.070576
0.070576
0.070576
0.070576
0.070576
0.070576
0.070583
0.071575
0.070583
0.070583
0.071575
0.070583
0.070583
0.071575
0.071575
0.070583
0.071575
0.071575
0.070583
0.071575
0.071575
0.070583
0.071575
0.071575
0.071575
0.071575
0.071575
0.071575
0.071575
0.071575
0.071575
0.071575
0.071575
0.071575
0.072567
0.071575
0.071575
0.072567
0.071575
0.071575
0.072567
0.071575
0.071575
0.071575
0.072567
0.071575
0.071575
0.072567
0.071575
0.071575
0.072567
0.071575
0.071575
0.072567
0.072567
0.071575
0.072567
0.072567
0.071575
0.072567
0.072567
0.071575
0.072567
0.072567
0.072567
0.072567
0.072567
0.072567
0.072567
0.072567
0.072567
0.072567
0.072567
0.072567
0.072567
0.072567
0.072567
0.072567
0.072567
0.071575
0.072567
0.072567
0.071575
0.072567
0.072567
0.071575
0.072567
0.072567
0.071575
0.072567
0.072567
0.071575
0.071575
0.072567
0.071575
0.071575
0.072567
0.072567
0.071575
0.072567
0.072567
0.071575
0.072567
0.072567
0.071596
0.072588
0.072588
0.071596
0.072588
0.072588
0.072588
0.072588
0.072588
0.072588
0.072588
0.072588
0.072588
0.072588
0.072588
0.072588
0.073580
0.072588
0.072588
0.073580
0.072588
0.072588
0.073580
0.072588
0.072588
0.073580
0.073580
0.072588
0.073580
0.073580
0.072588
0.073580
0.073580
0.072588
0.072588
0.073580
0.072588
0.072588
0.073580
0.073580
0.072588
0.073580
0.073580
0.072588
0.073580
0.073580
0.072588
0.073580
0.073580
0.073580
0.073580
0.073580
0.073580
0.073580
0.073580
0.073580
0.073580
0.073580
0.073580
0.073580
0.073580
0.073580
0.074572
0.073580
0.073580
0.074572
0.073580
0.073580
0.074572
0.073580
0.073580
0.074572
0.073580
0.073580
0.074572
0.074572
0.073580
0.074572
0.074572
0.073580
0.073580
0.074572
0.073580
0.073580
0.074572
0.073580
0.073580
0.074572
0.074572
0.073580
0.074572
0.074572
0.073580
0.074606
0.074606
0.073614
0.074606
0.074606
0.073614
0.074606
0.074606
0.074606
0.074606
0.074606
0.074606
0.074606
0.074606
0.074606
0.074606
0.074606
0.074606
0.074606
0.074606
0.074606
0.075598
0.074606
0.074606
0.075598
0.074606
0.074606
0.075598
0.074606
0.074606
0.075598
0.074606
0.074606
0.074606
0.075598
0.074606
0.074606
0.075598
0.074606
0.074606
0.075598
0.074606
0.074606
0.075598
0.074606
0.074606
0.075598
0.075598
0.074606
0.075598
0.075598
0.074606
0.075598
0.075598
0.074606
0.075598
0.075644
0.074653
0.075644
0.075644
0.074653
0.075644
0.075644
0.075644
0.075644
0.075644
0.075644
0.075644
0.075644
0.075644
0.075644
0.075644
0.075644
0.075644
0.075644
0.075644
0.076636
0.075644
0.075644
0.076636
0.075644
0.075644
0.075644
0.075644
0.075644
0.075644
0.075644
0.075644
0.075644
0.075644
0.075644
0.075644
0.076636
0.075644
0.075644
0.076636
0.075644
0.075644
0.076636
0.075644
0.075644
0.076636
0.075644
0.075644
0.076636
0.075644
0.075644
0.076636
0.076636
0.075644
0.076636
0.076636
0.075644
0.076636
0.076636
0.075644
0.076636
0.076636
0.075703
0.076694
0.076694
0.075703
0.076694
0.076694
0.076694
0.076694
0.076694
0.076694
0.075703
0.076694
0.076694
0.075703
0.076694
0.076694
0.075703
0.076694
0.076694
0.075703
0.076694
0.076694
0.076694
0.076694
0.076694
0.076694
0.076694
0.076694
0.076694
0.076694
0.076694
0.076694
0.076694
0.076694
0.076694
0.076694
0.076694
0.076694
0.077685
0.076694
0.076694
0.077685
0.076694
0.076694
0.077685
0.076694
0.076694
0.077685
0.076694
0.076694
0.077685
0.076694
0.076694
0.077685
0.076694
0.076694
0.076694
0.077685
0.076694
0.076694
0.077685
0.076694
0.076694
0.077685
0.076694
0.076694
0.077685
0.076694
0.076694
0.077685
0.076694
0.076694
0.077685
0.076694
0.076694
0.077685
0.077685
0.076694
0.077685
0.077685
0.076694
0.077685
0.077685
0.077685
0.078677
0.078677
0.078677
0.079668
0.079668
0.079668
0.080660
0.080660
0.080660
0.081652
0.081652
0.081652
0.082644
0.082644
0.082644
0.082644
0.082644
0.082644
0.082644
0.083582
0.083582
0.083582
0.084575
0.084575
0.084575
0.085569
0.086562
0.086562
0.086562
0.086562
0.086562
0.087556
0.087556
0.087556
0.088549
0.088549
0.088549
0.089543
0.089543
0.089543
0.089543
0.090537
0.090537
0.091531
0.091531
0.091531
0.092526
0.092526
0.091581
0.092526
0.093520
0.093520
0.094515
0.094515
0.094515
0.094562
0.094562
0.095556
0.096504
0.096504
0.096504
0.097545
0.097545
0.096551
0.097545
0.098539
0.098539
0.098539
0.099534
0.099534
0.099534
0.100529
0.100529
0.100529
0.101523
0.101523
0.101523
0.102572
0.102572
0.102518
0.103513
0.104508
0.103513
0.104561
0.104561
0.105504
0.106499
0.106550
0.106550
0.106550
0.107545
0.107545
0.108540
0.108490
0.108540
0.109535
0.109535
0.109535
0.110531
0.110531
0.111526
0.112521
0.111526
0.111526
0.112579
0.112579
0.113517
0.114512
0.114512
0.114512
0.115508
0.115564
0.115564
0.115564
0.116503
0.116503
0.116503
0.117554
0.117554
0.117554
0.118550
0.118550
0.118495
0.119491
0.119545
0.119545
0.120540
0.120540
0.120487
0.121483
0.121483
0.121483
0.122532
0.122532
0.122532
0.123527
0.123527
0.123475
0.124471
0.124471
0.124471
0.125467
0.125467
0.125519
0.126515
0.126463
0.126463
0.127460
0.127460
0.127460
0.128456
0.128507
0.128456
0.129453
0.129453
0.129453
0.130449
0.130449
0.129453
0.129453
0.130449
0.130449
0.130449
0.132442
0.132401
0.131446
0.132442
0.132442
0.132442
0.133439
0.133439
0.133398
0.134395
0.134395
0.134436
0.135433
0.135433
0.135392
0.136389
0.136389
0.136389
0.136429
0.136429
0.136429
0.138384
0.138384
0.137386
0.138384
0.138384
0.138384
0.139381
0.139381
0.139381
0.140378
0.140378
0.140378
0.141375
0.141375
0.141375
0.142373
0.142373
0.141375
0.142373
0.143370
0.143370
0.143339
0.144336
0.144336
0.143370
0.144368
0.144368
0.144368
0.145334
0.145334
0.146332
0.147330
0.146332
0.146332
0.147330
0.147330
0.147330
0.148327
0.148327
0.148327
0.149325
0.149325
0.149325
0.150323
0.150323
0.150323
0.151321
0.151321
0.151321
0.152319
0.152319
0.152319
0.153317
0.153317
0.153317
0.154315
0.154315
0.155313
0.155313
0.155342
0.155313
0.156311
0.156311
0.156311
0.157309
0.158307
0.158307
0.158307
0.158335
0.158335
0.158335
0.159333
0.160303
0.160303
0.161301
0.161329
0.160331
0.161329
0.162327
0.162327
0.163325
0.163325
0.163297
0.164323
0.164323
0.164323
0.165321
0.165321
0.165321
0.166319
0.166319
0.166319
0.167317
0.167317
0.167317
0.169313
0.169313
0.169313
0.169346
0.169346
0.169346
0.170344
0.171342
0.171342
0.172308
0.172308
0.172340
0.173338
0.173338
0.173338
0.174336
0.174336
0.174336
0.175334
0.175334
0.175334
0.175334
0.176332
0.176332
0.176332
0.178328
0.178328
0.178328
0.178328
0.178328
0.178328
0.180325
0.180325
0.180325
0.181323
0.181323
0.181359
0.182321
0.182321
0.182321
0.183319
0.183319
0.183355
0.184353
0.184318
0.184318
0.185316
0.185316
0.185351
0.186314
0.186314
0.186314
0.187313
0.187313
0.187313
0.188345
0.188311
0.188311
0.189309
0.189309
0.189309
0.190308
0.190308
0.190308
0.191306
0.191306
0.191306
0.191306
0.192304
0.192304
0.192304
0.193303
0.193303
0.193303
0.194301
0.193303
0.193303
0.194301
0.195300
0.195300
0.196298
0.195300
0.195300
0.196298
0.196298
0.196298
0.197269
0.197269
0.197297
0.198295
0.198295
0.198295
0.199294
0.199266
0.199266
0.200265
0.200265
0.200292
0.200292
0.200292
0.201264
0.202262
0.202262
0.202262
0.202262
0.202289
0.202262
0.203261
0.203261
0.203261
0.204260
0.204260
0.204287
0.204260
0.205258
0.205258
0.205258
0.206257
0.206235
0.206257
0.206257
0.206257
0.207256
0.208255
0.208233
0.208233
0.208255
0.208255
0.208255
0.209253
0.209253
0.209253
0.210231
0.210231
0.210231
0.212229
0.212229
0.211251
0.212250
0.212250
0.212250
0.213249
0.213249
0.213249
0.214248
0.215246
0.215246
0.216245
0.216245
0.216245
0.217244
0.216245
0.216245
0.218243
0.218243
0.218243
0.219242
0.219242
0.219242
0.220241
0.220241
0.220241
0.220241
0.221265
0.221265
0.221265
0.222263
0.222239
0.223238
0.224236
0.224236
0.224236
0.225235
0.225260
0.225260
0.226259
0.226259
0.226259
0.227233
0.227233
0.227258
0.228256
0.228256
0.228256
0.229255
0.229255
0.230230
0.231253
0.230254
0.230254
0.231253
0.232252
0.232252
0.233251
0.233251
0.233251
0.234250
0.234250
0.234250
0.235249
0.235249
0.235249
0.236248
0.236248
0.236248
0.237247
0.237247
0.237247
0.237247
0.238223
0.238246
0.238246
0.239245
0.239245
0.239245
0.240244
0.240221
0.240244
0.241243
0.241243
0.241243
0.242242
0.242219
0.242219
0.243218
0.243218
0.243218
0.244240
0.244240
0.244217
0.245216
0.245216
0.245216
0.246215
0.246215
0.246215
0.247214
0.247214
0.247214
0.247214
0.248214
0.248214
0.249213
0.248214
0.248214
0.249213
0.249213
0.249213
0.250212
0.250212
0.250212
0.251211
0.251211
0.251211
0.251211
0.252210
0.252210
0.252192
0.253192
0.252210
0.252210
0.253209
0.253209
0.253209
0.254191
0.254191
0.254191
0.255208
0.254209
0.255208
0.256207
0.256207
0.256189
0.257189
0.257189
0.256207
0.257206
0.257206
0.257189
0.258188
0.258188
0.258188
0.259187
0.259187
0.259205
0.259205
0.260204
0.260204
0.261186
0.261186
0.261186
0.262185
0.262185
0.262185
0.263184
0.263184
0.263184
0.264184
0.264184
0.264184
0.263184
0.264184
0.264184
0.264184
0.265183
0.265183
0.265183
0.266182
0.266182
0.266182
0.267182
0.267182
0.267182
0.268181
0.268181
0.267182
0.268181
0.268181
0.268181
0.269180
0.269180
0.269180
0.269197
0.269197
0.269197
0.270196
0.270196
0.270196
0.270196
0.270196
0.270196
0.271196
0.270196
0.270196
0.271196
0.271196
0.270196
0.271196
0.271196
0.270196
0.271196
0.271179
0.270180
0.271179
0.271179
0.270180
0.270180
0.270167
0.270167
0.270167
0.270167
0.270157
0.269158
0.270157
0.270157
0.269152
0.270152
0.269152
0.269151
0.270150
0.269152
0.269152
0.269158
0.269158
0.268159
0.269167
0.269167
0.268181
0.269197
0.268198
0.268218
0.269217
0.268242
0.268242
0.268270
0.268302
0.268302
0.269336
0.268337
0.268337
0.269375
0.269418
0.268419
0.269464
0.269514
0.268516
0.269568
0.269626
0.268689
0.269687
0.269752
0.269820
0.270889
0.269893
0.269969
0.270048
0.271127
0.271127
0.270218
0.271304
0.271304
0.271398
0.272490
0.272490
0.271597
0.272696
0.272696
0.272804
0.273797
0.273909
0.273909
0.274791
0.274791
0.274791
0.275784
0.275784
0.275784
0.276778
0.275895
0.275895
0.276888
0.276778
0.276778
0.277771
0.277881
0.277881
0.278987
0.278875
0.278875
0.279759
0.279759
0.279759
0.280753
0.280861
0.280861
0.281855
0.281746
0.281746
0.282636
0.282740
0.282740
0.282740
0.283734
0.283734
0.283734
0.284728
0.284728
0.284624
0.286613
0.286514
0.286514
0.287508
0.287508
0.287508
0.288503
0.288503
0.287710
0.288704
0.287816
0.287816
0.288919
0.288919
0.289803
0.290692
0.291585
0.291488
0.293384
0.293293
0.293384
0.293477
0.293575
0.292580
0.293575
0.293675
0.293675
0.293675
0.293779
0.293779
0.293886
0.293886
0.293886
0.293997
0.293997
0.293118
0.294111
0.293235
0.293235
0.292243
0.293356
0.292364
0.292489
0.292489
0.291626
0.291626
0.291758
0.290768
0.289778
0.290904
0.289914
0.288924
0.289064
0.289064
0.288075
0.288219
0.287230
0.286241
0.286241
0.285253
0.284413
0.285401
0.284413
0.283425
0.283425
0.282438
0.281450
0.281299
0.280311
0.279322
0.279322
0.278334
0.277346
0.278185
0.277197
0.276208
0.276208
0.275073
0.274084
0.273940
0.273940
0.272951
0.272809
0.271820
0.270692
0.270692
0.271682
0.270692
0.270557
0.271547
0.270557
0.270557
0.271547
0.271417
0.270426
0.271417
0.271417
0.271417
0.271290
0.271290
0.271290
0.272281
0.271290
0.271166
0.272158
0.272158
0.271166
0.272158
0.272039
0.271046
0.272039
0.272039
0.271046
0.271923
0.271923
0.270930
0.271923
0.270817
0.270817
0.270817
0.270817
0.269715
0.270708
0.269715
0.268721
0.269715
0.268615
0.267621
0.268615
0.267621
0.266627
0.266627
0.265530
0.265530
0.263541
0.262547
0.260559
0.259565
0.260559
0.260665
0.260665
0.262652
0.262652
0.262652
0.262652
0.263646
0.263646
0.263646
0.263754
0.263754
0.263754
0.263754
0.262873
0.263865
0.262989
0.263865
0.263981
0.264858
0.263981
0.264974
0.264100
0.264223
0.263359
0.263359
0.262500
0.262635
0.262774
0.262774
0.262916
0.262074
0.262074
0.263213
0.262379
0.262538
0.262699
0.262865
0.261880
0.263034
0.263207
0.262400
0.262581
0.263564
0.263564
0.263748
0.264730
0.264730
0.264730
0.265898
0.265898
0.265898
0.266880
0.267069
0.267069
0.268050
0.268050
0.268050
0.269223
0.269223
0.269223
0.270204
0.270204
0.270398
0.271378
0.271378
0.271378
0.272358
0.272358
0.272358
0.273534
0.273534
0.273534
0.274514
0.274514
0.274514
0.276474
0.276474
0.276671
0.277651
0.277651
0.277651
0.278631
0.278631
0.278631
0.279610
0.279610
0.279610
0.279610
0.280590
0.280788
0.280788
0.282747
0.282747
0.282747
0.283727
0.283727
0.283727
0.284707
0.284707
0.284905
0.285885
0.285885
0.285885
0.286864
0.287064
0.287064
0.288043
0.288043
0.288043
0.289225
0.289225
0.289225
0.290203
0.290408
0.290408
0.291386
0.291594
0.292571
0.293549
0.293549
0.293758
0.294735
0.294735
0.294947
0.295924
0.295924
0.296138
0.297114
0.297114
0.297331
0.298307
0.298307
0.298526
0.297552
0.298526
0.298749
0.298749
0.299723
0.299948
0.299948
0.300922
0.301149
0.301149
0.302352
0.302352
0.302352
0.303557
0.303557
0.303793
0.304764
0.304764
0.304764
0.305735
0.305972
0.305972
0.306943
0.306943
0.306943
0.308153
0.307182
0.307182
0.308153
0.308394
0.308394
0.308394
0.308394
0.308639
0.308639
0.308887
0.308887
0.308887
0.309138
0.308170
0.308170
0.308425
0.307459
0.307717
0.307717
0.306752
0.307015
0.306051
0.305087
0.304391
0.304391
0.304391
0.302467
0.302739
0.301778
0.300817
0.300817
0.299857
0.298896
0.299857
0.298896
0.297936
0.298896
0.297936
0.296699
0.297659
0.296699
0.295738
0.296699
0.295462
0.295462
0.295462
0.295462
0.295462
0.295190
0.295190
0.295190
0.295190
0.294920
0.294920
0.294920
0.294920
0.294654
0.295618
0.294654
0.294654
0.295618
0.295356
0.295356
0.296321
0.295356
0.295356
0.296062
0.296062
0.296062
0.296062
0.297029
0.297029
0.296774
0.297741
0.297741
0.297741
0.298709
0.298709
0.297741
0.298709
0.298709
0.298709
0.299676
0.299676
0.299676
0.300644
0.300644
0.300644
0.300644
0.300644
0.300396
0.301365
0.301365
0.300396
0.301365
0.301365
0.300396
0.301365
0.301121
0.300152
0.301121
0.301121
0.300152
0.301121
0.301121
0.300152
0.301121
0.300152
0.299910
0.299910
0.299910
0.298940
0.299910
0.298940
0.298940
0.297970
0.298940
0.297970
0.297000
0.297970
0.297000
0.296030
0.297000
0.296030
0.295061
0.295061
0.295061
0.294092
0.294092
0.293123
0.293370
0.293370
0.292402
0.291434
0.292402
0.291686
0.290720
0.290720
0.290010
0.290010
0.290271
0.289306
0.288607
0.288607
0.288875
0.288186
0.288186
0.287501
0.287781
0.288064
0.287106
0.286437
0.287684
0.287023
0.286367
0.287621
0.286669
0.286974
0.287282
0.286644
0.286960
0.286332
0.287600
0.286981
0.287310
0.287642
0.287977
0.287977
0.288316
0.288657
0.289002
0.289002
0.289349
0.289700
0.290053
0.290053
0.290410
0.291702
0.291702
0.291132
0.292428
0.292428
0.292795
0.293724
0.293165
0.293539
0.294466
0.294841
0.294841
0.295219
0.295599
0.295599
0.296523
0.296144
0.297069
0.297621
0.297621
0.297621
0.298178
0.298178
0.298741
0.299671
0.299671
0.299671
0.300242
0.300242
0.300242
0.301174
0.301174
0.301174
0.301174
0.302108
0.301174
0.301534
0.302467
0.301897
0.302263
0.303193
0.302632
0.303003
0.303003
0.303378
0.302830
0.304135
0.303595
0.303595
0.304903
0.303982
0.303982
0.304903
0.304903
0.304371
0.305292
0.305292
0.304764
0.305683
0.305683
0.304764
0.306077
0.305159
0.305159
0.305557
0.305557
0.304641
0.305958
0.305043
0.304128
0.305447
0.304534
0.303621
0.303621
0.303120
0.302210
0.303120
0.302210
0.301301
0.300809
0.300809
0.299902
0.299902
0.299902
0.298995
0.298089
0.298089
0.297183
0.297183
0.297183
0.295855
0.294949
0.294949
0.294044
0.293621
0.293621
0.292715
0.291386
0.291386
0.290059
0.290059
0.290059
0.288732
0.287406
0.288314
0.288314
0.287406
0.287899
0.286576
0.285254
0.286166
0.284846
0.283526
0.284037
0.283122
0.281805
0.282323
0.281405
0.281009
0.280615
0.280225
0.280225
0.281146
0.281146
0.279837
0.279453
0.279072
0.279072
0.279072
0.280377
0.279996
0.279619
0.280546
0.280922
0.279619
0.280546
0.281473
0.280546
0.282400
0.281473
0.282774
0.282400
0.282400
0.282400
0.283328
0.282030
0.281663
0.282593
0.281299
0.281299
0.281871
0.280580
0.280580
0.281160
0.280225
0.279873
0.280810
0.280810
0.280462
0.280462
0.280462
0.280462
0.281057
0.281057
0.280118
0.281057
0.280717
0.279777
0.280717
0.280380
0.279439
0.279439
0.280046
0.279104
0.278772
0.278772
0.278772
0.277500
0.277500
0.277173
0.276228
0.275904
0.273690
0.271476
0.271476
0.270529
0.269262
0.269262
0.267049
0.265155
0.265155
0.264208
0.262317
0.262317
0.260427
0.259482
0.259482
0.257595
0.256652
0.255709
0.255102
0.254161
0.255102
0.255102
0.254501
0.255441
0.256381
0.255441
0.255441
0.255783
0.254845
0.255192
0.255192
0.255192
0.256129
0.256129
0.256129
0.257414
0.256831
0.255321
0.256254
0.256254
0.256254
0.256254
0.257187
0.257546
0.256614
0.257909
0.257909
0.256979
0.258840
0.258840
0.258840
0.259771
0.259771
0.259205
0.260135
0.260135
0.260135
0.260501
0.260501
0.260501
0.261800
0.260872
0.260872
0.261800
0.262172
0.261245
0.262172
0.262172
0.262547
0.262547
0.262547
0.262926
0.262926
0.262926
0.262926
0.263308
0.263308
0.263308
0.263693
0.263693
0.263693
0.264081
0.264081
0.263162
0.263555
0.263555
0.263555
0.263034
0.263951
0.263034
0.263435
0.263435
0.263435
0.262520
0.262926
0.262926
0.262013
0.262013
0.262423
0.261513
0.261513
0.261513
0.260603
0.261019
0.260112
0.260112
0.260112
0.259205
0.258298
0.258298
0.258298
0.256971
0.256971
0.256064
0.255159
0.256064
0.255159
0.253831
0.253831
0.252925
0.252925
0.252503
0.251597
0.250691
0.250270
0.250270
0.248944
0.248944
0.248036
0.247619
0.246710
0.246295
0.246295
0.244971
0.244971
0.244561
0.243241
0.243241
0.242835
0.241921
0.242433
0.241518
0.240202
0.241118
0.239804
0.239410
0.239410
0.239019
0.238099
0.238632
0.237710
0.237325
0.236943
0.236943
0.235640
0.236565
0.235264
0.235264
0.235820
0.234891
0.234523
0.234158
0.234158
0.233797
0.233797
0.233439
0.232506
0.233439
0.233086
0.232151
0.232736
0.231799
0.231452
0.232390
0.231108
0.231108
0.229828
0.230768
0.229491
0.229491
0.229157
0.229157
0.228827
0.228827
0.228502
0.227557
0.228502
0.227233
0.226287
0.226914
0.225967
0.225650
0.225650
0.225338
0.224388
0.224078
0.224078
0.223128
0.223772
0.222821
0.221565
0.222517
0.221565
0.220311
0.221265
0.220014
0.219059
0.219059
0.218765
0.217810
0.217810
0.216562
0.216562
0.216562
0.215316
0.214360
0.215316
0.214072
0.213115
0.213115
0.213115
0.211873
0.211873
0.210915
0.210915
0.209957
0.209674
0.209674
0.208715
0.208715
0.207757
0.207475
0.207475
0.206516
0.205558
0.206516
0.205558
0.204600
0.204600
0.203642
0.203642
0.203359
0.202401
0.201442
0.202401
0.201442
0.200484
0.200484
0.200771
0.199815
0.199815
0.198859
0.198859
0.198859
0.197904
0.196949
0.197904
0.196949
0.195995
0.196949
0.196293
0.195341
0.196293
0.195341
0.194389
0.195341
0.194389
0.193437
0.194389
0.193745
0.192795
0.192795
0.192795
0.191846
0.191846
0.191846
0.192161
0.191215
0.191215
0.191215
0.190268
0.190268
0.190591
0.189647
0.189647
0.189647
0.188703
0.189647
0.188703
0.188093
0.189034
0.188093
0.187152
0.188093
0.187152
0.187152
0.187491
0.186553
0.186553
0.186553
0.185615
0.185615
0.185615
0.185615
0.184678
0.184678
0.183742
0.183742
0.183742
0.182806
0.182806
0.182806
0.182225
0.182225
0.182225
0.180936
0.180936
0.180003
0.180003
0.180003
0.179070
0.179070
0.179070
0.178138
0.178138
0.178138
0.177206
0.177206
0.177206
0.176275
0.176275
0.176275
0.175345
0.176275
0.175345
0.174416
0.175345
0.174416
0.173121
0.174052
0.173121
0.173121
0.173121
0.172192
0.172192
0.171828
0.171828
0.170898
0.171828
0.170898
0.169968
0.170537
0.169605
0.169605
0.169605
0.169605
0.168315
0.168315
0.168315
0.167383
0.167961
0.167027
0.167027
0.166093
0.166676
0.165741
0.164806
0.165741
0.164457
0.164457
0.164457
0.164457
0.163175
0.164113
0.163175
0.163175
0.162834
0.162834
0.161895
0.162499
0.161558
0.161558
0.161558
0.161227
0.160284
0.161227
0.160284
0.159956
0.159956
0.159956
0.158688
0.159634
0.158688
0.158688
0.158370
0.158370
0.157423
0.158057
0.157108
0.157108
0.157108
0.156799
0.155849
0.156799
0.155544
0.155544
0.155544
0.155544
0.154292
0.154292
0.154292
0.153997
0.153042
0.153997
0.153042
0.152751
0.152751
0.152751
0.151796
0.152466
0.151509
0.151509
0.151509
0.151228
0.150270
0.151228
0.150270
0.149993
0.149993
0.149993
0.149034
0.149723
0.148762
0.148762
0.149723
0.148496
0.148496
0.148496
0.148496
0.147533
0.148236
0.147272
0.147272
0.147272
0.147272
0.146051
0.147017
0.146051
0.146051
0.146051
0.145801
0.144834
0.145801
0.144834
0.144834
0.144589
0.144589
0.143621
0.143621
0.143621
0.143621
0.142653
0.143381
0.142411
0.142411
0.142411
0.142411
0.141443
0.142176
0.141206
0.141206
0.141206
0.141206
0.140236
0.141206
0.140236
0.140236
0.140004
0.140004
0.139032
0.140004
0.139032
0.139032
0.139032
0.139032
0.138062
0.139032
0.137833
0.137833
0.137833
0.137833
0.136861
0.137833
0.136861
0.136861
0.136861
0.136861
0.135890
0.136861
0.135890
0.135890
0.135890
0.135665
0.134692
0.134692
0.135665
0.134692
0.134692
0.134692
0.134692
0.133720
0.134692
0.133720
0.133720
0.133720
0.133720
0.132748
0.133720
0.132748
0.132748
0.132748
0.132748
0.131776
0.132748
0.132748
0.131776
0.132748
0.131776
0.131776
0.131776
0.131776
0.130805
0.131776
0.130805
0.130579
0.130579
0.130579
0.129607
0.130579
0.130579
0.129607
0.130579
0.129607
0.129998
0.129313
0.130337
0.130181
0.129946
0.128713
0.128531
0.128427
0.128453
0.127559
0.127664
0.127742
0.127768
0.126797
0.126771
0.126719
0.126693
0.126667
0.125696
0.125696
0.125696
0.125722
0.124778
0.124778
0.124778
0.124752
0.123782
0.123782
0.123782
0.123782
0.123782
0.122813
0.122813
0.122813
0.122813
0.121844
0.121844
0.121844
0.121844
0.120876
0.120640
0.120640
0.120640
0.120640
0.119670
0.119670
0.119670
0.119670
0.118701
0.118701
0.118701
0.118701
0.118701
0.117733
0.117733
0.117733
0.117733
0.116765
0.116765
0.116765
0.116765
0.116765
0.115560
0.115560
0.115560
0.115560
0.115560
0.114591
0.114591
0.114591
0.114591
0.113622
0.113622
0.113622
0.113622
0.113622
0.112654
0.112419
0.112419
0.112419
0.112419
0.111450
0.111450
0.111450
0.111450
0.111450
0.110481
0.110481
0.110481
0.110481
0.110250
0.109279
0.109279
0.109279
0.109279
0.109279
0.108310
0.108310
0.108310
0.108310
0.108310
0.108310
0.107112
0.107112
0.107112
0.107112
0.107112
0.106141
0.106141
0.106141
0.106141
0.106141
0.106141
0.105171
0.104948
0.104948
0.104948
0.104948
0.104948
0.103976
0.103976
0.103976
0.103976
0.103976
0.103005
0.102786
0.102786
0.102786
0.102786
0.102786
0.101814
0.101814
0.101814
0.101814
0.101814
0.101602
0.100628
0.100628
0.100628
0.100628
0.100628
0.100628
0.099654
0.099654
0.099654
0.099654
0.099448
0.099448
0.098473
0.098473
0.098473
0.098473
0.098473
0.098473
0.097499
0.097499
0.097499
0.097299
0.097299
0.097299
0.097299
0.096322
0.096322
0.096322
0.096322
0.096322
0.096322
0.095347
0.095153
0.095153
0.095153
0.095153
0.095153
0.094175
0.094175
0.094175
0.094175
0.094175
0.094175
0.094175
0.093011
0.093011
0.093011
0.093011
0.093011
0.093011
0.092033
0.092033
0.092033
0.092033
0.092033
0.092033
0.091853
0.090874
0.090874
0.090874
0.090874
0.090874
0.090874
0.089894
0.089894
0.089894
0.089894
0.089894
0.089722
0.089722
0.088741
0.088741
0.088741
0.088741
0.088741
0.088741
0.088741
0.087761
0.087761
0.087761
0.087761
0.087596
0.087596
0.087596
0.086614
0.086614
0.086614
0.086614
0.086614
0.086614
0.086614
0.085633
0.085633
0.085633
0.085475
0.085475
0.085475
0.085475
0.084493
0.084493
0.084493
0.084493
0.084493
0.084493
0.084493
0.084493
0.083510
0.083510
0.083510
0.083361
0.083361
0.083361
0.083361
0.082377
0.082377
0.082377
0.082377
0.082377
0.082377
0.082377
0.082377
0.081394
0.081394
0.081394
0.081394
0.081253
0.081253
0.081253
0.081253
0.080268
0.080268
0.080268
0.080268
0.080268
0.080268
0.080268
0.080268
0.079284
0.079284
0.079284
0.079284
0.079284
0.079152
0.079152
0.079152
0.078166
0.078166
0.078166
0.078166
0.078166
0.078166
0.078166
0.078166
0.077182
0.077182
0.077182
0.077182
0.077182
0.077182
0.077182
0.077058
0.077058
0.076072
0.076072
0.076072
0.076072
0.076072
0.076072
0.076072
0.076072
0.076072
0.075087
0.075087
0.075087
0.075087
0.075087
0.075087
0.075087
0.075087
0.075087
0.074101
0.073986
0.073986
0.073986
0.073986
0.073986
0.073986
0.073986
0.073986
0.073000
0.073000
0.073000
0.073000
0.073000
0.073000
0.073000
0.073000
0.073000
0.073000
0.072014
0.072014
0.072014
0.072014
0.072014
0.071910
0.071910
0.071910
0.071910
0.071910
0.070922
0.070922
0.070922
0.070922
0.070922
0.070922
0.070922
0.070922
0.070922
0.070922
0.070922
0.069936
0.069936
0.069936
0.069936
0.069936
0.069936
0.069936
0.069936
0.069936
0.069843
0.069843
0.068855
0.068855
0.068855
0.068855
0.068855
0.068855
0.068855
0.068855
0.068855
0.068855
0.068855
0.067868
0.067868
0.067868
0.067868
0.067868
0.067868
0.067868
0.067868
0.067868
0.067868
0.067868
0.067868
0.066880
0.066880
0.066475
0.066095
0.066041
0.066203
0.066474
0.066717
0.066933
0.067015
0.066988
0.066906
0.067813
0.066744
0.066690
0.066690
0.066717
0.066704
0.066731
0.067747
0.066785
0.066758
0.067747
0.066731
0.066731
0.067693
0.067720
0.066731
0.067720
0.067720
0.066731
0.067720
0.067668
0.067668
0.067668
0.067668
0.067668
0.067668
0.067668
0.067668
0.067668
0.067668
0.067668
0.068659
0.067668
0.067668
0.068659
0.067668
0.067668
0.068659
0.068622
0.067631
0.068622
0.068622
0.068622
0.068622
0.068622
0.068622
0.068622
0.068622
0.068622
0.068622
0.068622
0.068622
0.068622
0.069613
0.068622
0.068622
0.069613
0.068622
0.068622
0.069613
0.068622
0.068622
0.069613
0.069613
0.068622
0.069613
0.069613
0.068622
0.069592
0.069592
0.068600
0.069592
0.069592
0.068600
0.069592
0.069592
0.069592
0.069592
0.069592
0.069592
0.069592
0.069592
0.069592
0.069592
0.069592
0.069592
0.069592
0.069592
0.069592
0.070583
0.069592
0.069592
0.069592
0.069592
0.069592
0.069592
0.069592
0.069592
0.069592
0.070583
0.069592
0.069592
0.070583
0.069592
0.069592
0.070583
0.069592
0.069592
0.070583
0.070583
0.069592
0.070583
0.070583
0.069592
0.070583
0.070583
0.069592
0.070583
0.070583
0.070583
0.070583
0.070583
0.070583
0.070583
0.070583
0.070583
0.071575
0.070583
0.070583
0.071575
0.070583
0.070605
0.071596
0.070605
0.070605
0.071596
0.071596
0.070605
0.070605
0.071596
0.070605
0.070605
0.071596
0.071596
0.070605
0.071596
0.071596
0.070605
0.071596
0.071596
0.070605
0.071596
0.071596
0.071596
0.071596
0.071596
0.071596
0.071596
0.071596
0.071596
0.071596
0.071596
0.071596
0.072588
0.071596
0.071596
0.072588
0.071596
0.071596
0.072588
0.071596
0.071596
0.072588
0.072588
0.071596
0.072588
0.072588
0.071596
0.072588
0.072622
0.071631
0.072622
0.072622
0.072622
0.071631
0.072622
0.072622
0.071631
0.072622
0.072622
0.071631
0.072622
0.072622
0.071631
0.072622
0.072622
0.072622
0.072622
0.072622
0.072622
0.072622
0.072622
0.072622
0.072622
0.072622
0.072622
0.072622
0.072622
0.072622
0.073614
0.072622
0.072622
0.073614
0.072622
0.072622
0.073614
0.072622
0.072622
0.073614
0.072622
0.072622
0.073614
0.073614
0.072622
0.073614
0.073614
0.072622
0.073614
0.073614
0.072622
0.072622
0.073614
0.072622
0.072622
0.073614
0.073614
0.072622
0.073614
0.073614
0.072622
0.073614
0.073614
0.072622
0.073614
0.073614
0.072622
0.073580
0.073580
0.073580
0.073580
0.073580
0.073580
0.073580
0.073580
0.073580
0.073580
0.073580
0.073580
0.073580
0.073580
0.073580
0.074572
0.073580
0.073580
0.074572
0.073580
0.073580
0.074572
0.073580
0.073580
0.074572
0.073580
0.073580
0.074572
0.074572
0.073580
0.074572
0.074572
0.073580
0.073580
0.074552
0.073559
0.073559
0.074552
0.073559
0.073559
0.074552
0.074552
0.073559
0.074552
0.074552
0.073559
0.074552
0.074552
0.073559
0.074552
0.074552
0.074552
0.074552
0.074552
0.074552
0.074552
0.074552
0.074552
0.074552
0.074545
0.074545
0.074545
0.074545
0.074545
0.075538
0.074545
0.074545
0.075538
0.074545
0.074545
0.075538
0.074545
0.074545
0.075538
0.074545
0.074545
0.075538
0.074545
0.074545
0.074545
0.075538
0.074545
0.074545
0.075545
0.074552
0.074552
0.075545
0.074552
0.074552
0.075545
0.074552
0.074552
0.075545
0.075545
0.074552
0.075545
0.075545
0.074552
0.075545
0.075545
0.074552
0.075545
0.075545
0.074552
0.075545
0.075545
0.075545
0.075545
0.075545
0.075545
0.075545
0.075565
0.075565
0.075565
0.075565
0.075565
0.075565
0.075565
0.075565
0.075565
0.075565
0.075565
0.076557
0.075565
0.075565
0.075565
0.075565
0.075565
0.075565
0.075565
0.075565
0.075565
0.075565
0.075565
0.075565
0.076557
0.075565
0.075565
0.076557
0.075565
0.075565
0.076557
0.075565
0.075565
0.076557
0.075565
0.075565
0.076557
0.075565
0.075565
0.076590
0.076590
0.075598
0.076590
0.076590
0.075598
0.076590
0.076590
0.075598
0.076590
0.076590
0.075598
0.076590
0.076590
0.075598
0.076590
0.076590
0.076590
0.076590
0.076590
0.076590
0.075598
0.076590
0.076590
0.075598
0.076590
0.076590
0.075598
0.076590
0.076590
0.075598
0.076590
0.076590
0.076590
0.076590
0.076590
0.076590
0.076590
0.076590
0.076590
0.076590
0.076590
0.076590
0.076590
0.076590
0.076590
0.076590
0.076590
0.076590
0.076590
0.076590
0.076590
0.077582
0.076590
0.076590
0.077582
0.076590
0.076590
0.077582
0.076590
0.076590
0.077582
0.076590
0.076590
0.077582
0.076590
0.076590
0.077582
0.077582
0.076590
0.076590
0.077582
0.076590
0.076590
0.077582
0.076590
0.076590
0.077582
0.076590
0.076590
0.077582
0.076590
0.076590
0.077582
0.076590
0.076590
0.077582
0.077582
0.076590
0.077582
0.077582
0.076590
0.077582
0.077582
0.076590
0.077582
0.077582
0.076590
0.077582
0.077582
0.076590
0.077582
0.077582
0.076590
0.077582
0.077582
0.077582
0.077582
0.077582
0.077582
0.077582
0.077582
0.077582
0.077582
0.077582
0.077582
0.076590
0.077582
0.077582
0.076590
0.077582
0.077582
0.076590
0.077582
0.077582
0.076590
0.077582
0.077582
0.077582
0.077582
0.077582
0.077582
0.077582
0.077582
0.077582
0.077582
0.077582
0.077582
0.077582
0.077582
0.077582
0.077582
0.077582
0.077582
0.077582
0.077582
0.077582
0.078575
0.077582
0.077582
0.078575
0.077582
0.077582
0.078619
0.077627
0.077627
0.078619
0.077627
0.077627
0.078619
0.077627
0.077627
0.077627
0.077627
0.077627
0.077627
0.077627
0.077627
0.077627
0.078619
0.077627
0.077627
0.078619
0.077627
0.077627
0.078619
0.077627
0.077627
0.078619
0.077627
0.077627
0.078619
0.077627
0.077627
0.078619
0.077627
0.077627
0.078619
0.077627
0.077627
0.078619
0.078619
0.077627
0.078619
0.078619
0.077627
0.078619
0.078619
0.077627
0.078619
0.078619
0.077627
0.078619
0.078619
0.077627
0.078619
0.078619
0.077627
0.077627
0.078619
0.077627
0.077627
0.078619
0.078619
0.077627
0.078619
0.078619
0.077627
0.078619
0.078619
0.077685
0.078677
0.078677
0.077685
0.078677
0.078677
0.077685
0.078677
0.078677
0.077685
0.078677
0.078677
0.077685
0.078677
0.078677
0.078677
0.078677
0.078677
0.078677
0.078677
0.078677
0.078677
0.078677
0.078677
0.078677
0.078677
0.078677
0.078677
0.078677
0.078677
0.078677
0.078677
0.078677
0.078677
0.078677
0.078677
0.078677
0.077685
0.078677
0.078677
0.078677
0.078677
0.078677
0.078677
0.078677
0.078677
0.078677
0.078677
0.078677
0.078677
0.078677
0.078677
0.078677
0.078677
0.078677
0.078677
0.078677
0.078677
0.078677
0.078677
0.078677
0.078677
0.079668
0.078677
0.078677
0.079668
0.078677
0.078746
0.079737
0.078746
0.078746
0.079737
0.078746
0.078746
0.079737
0.078746
0.078746
0.079737
0.078746
0.078746
0.079737
0.078746
0.078746
0.078746
0.078746
0.078746
0.078746
0.079737
0.078746
0.078746
0.079737
0.078746
0.078746
0.079737
0.078746
0.078746
0.079737
0.078746
0.078746
0.079737
0.078746
0.078746
0.079737
0.078746
0.078746
0.079737
0.078746
0.078746
0.079737
0.078746
0.078746
0.079737
0.078746
0.078746
0.079737
0.079737
0.078746
0.079737
0.079737
0.078746
0.079737
0.079737
0.078746
0.079737
0.079737
0.078746
0.079737
0.079737
0.078746
0.078746
0.079737
0.078746
0.078746
0.079737
0.078746
0.078746
0.079737
0.078746
0.078746
0.079737
0.079737
0.078746
0.079737
0.079737
0.078746
0.079737
0.079737
0.078746
0.079737
0.079737
0.078746
0.079737
0.079737
0.078746
0.079737
0.079737
0.078746
0.079737
0.079737
0.078746
0.079737
0.079737
0.078746
0.079737
0.079737
0.078746
0.079737
0.079737
0.078746
0.079737
0.079737
0.079737
0.079737
0.079737
0.079737
0.078746
0.079737
0.079737
0.078746
0.079737
0.079737
0.078746
0.079737
0.079737
0.078746
0.079737
0.079737
0.078746
0.079737
0.079737
0.078746
0.079737
0.079737
0.078746
0.079737
0.079737
0.078746
0.079737
0.079737
0.079737
0.079737
0.079737
0.079737
0.079737
0.079737
0.079737
0.079737
0.079737
0.079737
0.079737
0.079737
0.079737
0.079819
0.079819
0.079819
0.079819
0.079819
0.079819
0.079819
0.079819
0.079819
0.079819
0.079819
0.079819
0.078829
0.079819
0.079819
0.078829
0.079819
0.079819
0.079819
0.079819
0.079819
0.079819
0.079819
0.079819
0.079819
0.079819
0.079819
0.079819
0.079819
0.079819
0.079819
0.079819
0.079819
0.079819
0.079819
0.079819
0.079819
0.079819
0.079819
0.079819
0.079819
0.079819
0.079819
0.079819
0.079819
0.079819
0.079819
0.079819
0.079819
0.080808
0.079819
0.079819
0.080808
0.079819
0.079819
0.080808
0.079819
0.079819
0.079819
0.079819
0.079819
0.079819
0.079819
0.079819
0.078829
0.079819
0.078829
0.078829
0.079819
0.078829
0.078829
0.079819
0.078829
0.078829
0.079819
0.078829
0.078829
0.078829
0.078829
0.078829
0.078829
0.078829
0.078829
0.078829
0.078829
0.077840
0.078829
0.078829
0.077840
0.078829
0.077840
0.077840
0.078829
0.077840
0.077840
0.078829
0.077840
0.077840
0.077840
0.077840
0.077840
0.077840
0.077840
0.076851
0.076851
0.077840
0.076851
0.076851
0.077840
0.076851
0.076851
0.076851
0.076851
0.076851
0.076851
0.076851
0.075862
0.076851
0.076851
0.075862
0.076851
0.076851
0.075862
0.076851
0.075862
0.075862
0.076851
0.075862
0.075862
0.076851
0.075862
0.075862
0.075862
0.075862
0.075862
0.075862
0.075862
0.075862
0.075862
0.075862
0.074873
0.075862
0.075862
0.074973
0.075961
0.075961
0.074973
0.075961
0.074973
0.074973
0.074973
0.074973
0.074973
0.074973
0.074973
0.074973
0.073986
0.074973
0.074973
0.073986
0.074973
0.074973
0.073986
0.074973
0.073986
0.073986
0.074973
0.073986
0.073986
0.074973
0.073986
0.073986
0.073986
0.073986
0.073986
0.073986
0.073986
0.073986
0.073986
0.073986
0.073000
0.073986
0.073986
0.073000
0.073986
0.073986
0.073000
0.073986
0.073000
0.073000
0.073986
0.073000
0.073000
0.073986
0.073000
0.073000
0.073000
0.073000
0.073000
0.073000
0.073986
0.073000
0.073000
0.073986
0.073000
0.073000
0.073986
0.073000
0.073000
0.073986
0.073986
0.073000
0.073986
0.073986
0.073000
0.073986
0.073986
0.073000
0.073986
0.073986
0.073000
0.073986
0.073986
0.073986
0.073986
0.073986
0.073986
0.073986
0.073986
0.073986
0.073986
0.073986
0.073986
0.073986
0.073986
0.073986
0.074973
0.073986
0.073986
0.074973
0.073986
0.073986
0.074973
0.073986
0.073986
0.073986
0.073986
0.073986
0.073986
0.074973
0.073986
0.073986
0.074973
0.073986
0.073986
0.074973
0.073986
0.073986
0.074973
0.073986
0.073986
0.074973
0.074973
0.073986
0.074973
0.074973
0.073986
0.074973
0.074973
0.073986
0.074973
0.074973
0.073986
0.074973
0.074973
0.074973
0.074973
0.074973
0.074973
0.074973
0.074973
0.074973
0.074973
0.074973
0.074973
0.074973
0.074973
0.074973
0.075961
0.074973
0.074973
0.074973
0.074973
0.074973
0.074973
0.074973
0.074973
0.074973
0.074973
0.074973
0.074973
0.075961
0.074973
0.074973
0.075961
0.074973
0.074973
0.075961
0.074973
0.074973
0.075961
0.074973
0.074973
0.075961
0.074973
0.074973
0.075961
0.075961
0.074973
0.075961
0.075961
0.074973
0.075961
0.075961
0.074973
0.075961
0.075961
0.074973
0.075961
0.075961
0.075961
0.075961
0.075961
0.075961
0.075961
0.075961
0.075961
0.074973
0.075961
0.075961
0.074973
0.075961
0.075961
0.074973
0.075961
0.075961
0.075961
0.075961
0.075961
0.075961
0.075961
0.075961
0.075961
0.075961
0.075961
0.075961
0.075961
0.075961
0.075961
0.075961
0.075961
0.075961
0.076948
0.075961
0.075961
0.076948
0.075961
0.075961
0.076948
0.075961
0.075961
0.076948
0.075961
0.075961
0.076948
0.075961
0.075961
0.076948
0.076948
0.075961
0.076948
0.076948
0.075961
0.075961
0.076948
0.075961
0.075961
0.076948
0.075961
0.075961
0.076948
0.075961
0.075961
0.076948
0.076948
0.075961
0.077058
0.077058
0.076072
0.077058
0.077058
0.076072
0.077058
0.077058
0.076072
0.077058
0.077058
0.076072
0.077058
0.077058
0.077058
0.077058
0.077058
0.077058
0.077058
0.077058
0.077058
0.077058
0.077058
0.077058
0.077058
0.077058
0.077058
0.077058
0.077058
0.077058
0.077058
0.077058
0.077058
0.078045
0.077058
0.077058
0.077058
0.077058
0.077058
0.077058
0.077058
0.077058
0.077058
0.077058
0.077058
0.077058
0.077058
0.077058
0.077058
0.077058
0.077058
0.077058
0.078045
0.077058
0.077058
0.078045
0.077058
0.077058
0.078045
0.077058
0.077058
0.078045
0.077058
0.077058
0.078045
0.077058
0.077058
0.078045
0.077058
0.077058
0.078045
0.078045
0.077058
0.078045
0.078045
0.077058
0.078045
0.078045
0.077058
0.078045
0.078045
0.077058
0.077058
0.078045
0.077058
0.077058
0.078045
0.078045
0.077058
0.078045
0.078045
0.077058
0.078045
0.078045
0.077058
0.078045
0.078045
0.077058
0.078045
0.078045
0.077058
0.078045
0.078045
0.077058
0.078045
0.078045
0.077058
0.078045
0.078045
0.078045
0.078045
0.078045
0.078045
0.078045
0.078045
0.078045
0.078045
0.078045
0.078045
0.078045
0.078045
0.078045
0.078045
0.078045
0.078045
0.078045
0.078045
0.078045
0.078045
0.078045
0.078045
0.078045
0.078045
0.078045
0.078045
0.078045
0.078045
0.078045
0.078045
0.078045
0.078045
0.078045
0.078045
0.078045
0.078045
0.078045
0.078045
0.078045
0.078045
0.078045
0.079032
0.078045
0.078045
0.079032
0.078045
0.078045
0.079032
0.078045
0.078045
0.079032
0.078045
0.078045
0.079032
0.078045
0.078045
0.079032
0.078045
0.078045
0.079032
0.079032
0.078045
0.079032
0.079032
0.078045
0.078045
0.079032
0.078045
0.078045
0.079032
0.078045
0.078045
0.079032
0.078045
0.078045
0.079032
0.078045
0.078045
0.079032
0.078045
0.078045
0.079032
0.079032
0.078045
0.079032
0.079032
0.078045
0.079032
0.079032
0.078045
0.079032
0.079032
0.078045
0.079032
0.079032
0.078045
0.079032
0.079032
0.078045
0.079032
0.079032
0.078045
0.079032
0.079032
0.078045
0.079032
0.079032
0.079032
0.079032
0.079032
0.079032
0.079032
0.079032
0.079032
0.078045
0.079032
0.079032
0.078045
0.079032
0.079032
0.078045
0.079032
0.079032
0.078045
0.079032
0.079032
0.078045
0.079032
0.079032
0.079032
0.079032
0.079032
0.079032
0.079032
0.079032
0.079032
0.079032
0.079032
0.079032
0.079032
0.079032
0.079032
0.079032
0.079032
0.079032
0.079032
0.079032
0.079032
0.079032
0.079032
0.079032
0.079032
0.079032
0.079032
0.080019
0.079032
0.079032
0.080019
0.079032
0.079032
0.079032
0.079032
0.079032
0.079032
0.079032
0.079032
0.079032
0.079032
0.079032
0.079032
0.079032
0.079032
0.079032
0.079032
0.079032
0.079032
0.079032
0.079032
0.079032
0.080019
0.079032
0.079032
0.080019
0.079032
0.079032
0.080019
0.079032
0.079032
0.080019
0.079032
0.079032
0.080019
0.079032
0.079032
0.080019
0.079032
0.079032
0.080019
0.079032
0.079032
0.080019
0.079032
0.079032
0.080019
0.079032
0.079032
0.079032
0.080019
0.079032
0.079032
0.080019
0.079032
0.079032
0.080019
0.079032
0.079032
0.080019
0.079032
0.079032
0.080019
0.079032
0.079032
0.080019
0.079032
0.079032
0.080019
0.079032
0.079032
0.080019
0.079032
0.079032
0.080019
0.079032
0.079032
0.080019
0.080019
0.079032
0.080019
0.080019
0.079032
0.080019
0.080019
0.079032
0.080019
0.080019
0.079032
0.080019
0.080019
0.079032
0.080019
0.080019
0.079032
0.079032
0.080019
0.079032
0.079032
0.080019
0.079032
0.079032
0.080019
0.079032
0.079032
0.080019
0.080019
0.079032
0.080019
0.080019
0.079032
0.080019
0.080019
0.079032
0.080019
0.080019
0.079032
0.080019
0.080019
0.079032
0.080019
0.080019
0.079032
0.080019
0.080019
0.079032
0.080019
0.080019
0.079032
0.080019
0.080019
0.079032
0.080019
0.080019
0.080019
0.080019
0.080019
0.080019
0.080019
0.080019
0.080019
0.080019
0.080019
0.080019
0.079032
0.080019
0.080019
0.079032
0.080019
0.080019
0.079032
0.080019
0.080019
0.079032
0.080019
0.080019
0.079032
0.080019
0.080019
0.079032
0.080019
0.080019
0.079032
0.080019
0.080019
0.080019
0.080019
0.080019
0.080019
0.080019
0.080019
0.080019
0.080019
0.080019
0.080019
0.080019
0.080019
0.080019
0.080019
0.080019
0.080019
0.080019
0.080019
0.080019
0.080019
0.080019
0.080019
0.080019
0.080019
0.080019
0.079032
0.080019
0.080019
0.079032
0.080019
0.080019
0.080019
0.080019
0.080019
0.080019
0.080019
0.080019
0.080019
0.080019
0.080019
0.080019
0.080019
0.080019
0.080019
0.080019
0.080019
0.080019
0.080019
0.080019
0.080019
0.080019
0.080019
0.080019
0.080019
0.080019
0.080019
0.080019
0.080019
0.080019
0.080019
0.080019
0.080019
0.081006
0.080019
0.080019
0.081006
0.080019
0.080019
0.081006
0.080019
0.080019
0.080019
0.080019
0.080019
0.080019
0.080019
0.080019
0.080019
0.080019
0.080019
0.080019
0.080019
0.080019
0.080019
0.080019
0.080019
0.080019
0.080019
0.080019
0.080019
0.080019
0.080019
0.080019
0.081006
0.080019
0.080019
0.081006
0.080019
0.080019
0.081006
0.080019
0.080019
0.081006
0.080019
0.080019
0.081006
0.080019
0.080019
0.081006
0.080019
0.080019
0.081006
0.080019
0.080019
0.081006
0.080019
0.080019
0.080019
0.080019
0.080019
0.080019
0.080019
0.080019
0.080019
0.080019
0.080019
0.080019
0.081006
0.080019
0.080019
0.081006
0.080019
0.080019
0.081006
0.080019
0.080019
0.081006
0.080019
0.080019
0.081006
0.080019
0.080019
0.081006
0.080019
0.080019
0.081006
0.080019
0.080019
0.081006
0.080019
0.080019
0.081006
0.080019
0.080019
0.081006
0.080019
0.080019
0.081006
0.080019
0.080019
0.081006
0.080019
0.080019
0.081006
0.081006
0.080019
0.080019
0.081006
0.080019
0.080019
0.081006
0.080019
0.080019
0.081006
0.080019
0.080019
0.081006
0.080019
0.080019
0.081006
0.080019
0.080019
0.081006
0.080019
0.080019
0.081006
0.080019
0.080019
0.081006
0.080019
0.080019
0.081006
0.080019
0.080019
0.081006
0.080019
0.080019
0.081006
0.081006
0.080019
0.081006
0.081006
0.080019
0.081006
0.081006
0.080019
0.081006
0.081006
0.080019
0.081006
0.081006
0.080019
0.080019
0.081006
0.080019
0.080019
0.081006
0.080019
0.080019
0.081006
0.080019
0.080019
0.081006
0.080019
0.080019
0.081006
0.080019
0.080019
0.081006
0.080019
0.080019
0.081006
0.080019
0.080019
0.081006
0.081006
0.080019
0.081006
0.081006
0.080019
0.081006
0.081006
0.080019
0.081006
0.081006
0.080019
0.081006
0.081006
0.080019
0.081006
0.081006
0.080019
0.081006
0.081006
0.080019
0.081006
0.081006
0.080019
0.080019
0.081006
0.080019
0.080019
0.081006
0.080019
0.080019
0.081006
0.080019
0.080019
0.081006
0.080019
0.080019
0.081006
0.081006
0.080019
0.081006
0.081006
0.080019
0.081006
0.081006
0.080019
0.081006
0.081006
0.080019
0.081006
0.081006
0.080019
0.081006
0.081006
0.080019
0.081006
0.081006
0.080019
0.081006
0.081006
0.080019
0.081006
0.081006
0.080019
0.081006
0.081006
0.080019
0.081006
0.081006
0.080019
0.080019
0.081006
0.080019
0.080019
0.081006
0.081006
0.080019
0.081006
0.081006
0.080019
0.081006
0.081006
0.080019
0.081006
0.081006
0.080019
0.081006
0.081006
0.080019
0.081006
0.081006
0.080019
0.081006
0.081006
0.080019
0.081006
0.081006
0.080019
0.081006
0.081006
0.080019
0.081006
0.081006
0.080019
0.081006
0.081006
0.080019
0.081006
0.081006
0.080019
0.081006
0.081006
0.080019
0.081006
0.081006
0.081006
0.081006
0.081006
0.081006
0.080019
0.081006
0.081006
0.080019
0.081006
0.080019
0.080019
0.080019
0.080019
0.080019
0.080019
0.080019
0.080019
0.080019
0.080019
0.079032
0.080019
0.080019
0.079032
0.080019
0.079032
0.079032
0.080019
0.079032
0.079032
0.079032
0.079032
0.079032
0.079032
0.079032
0.079032
0.079032
0.079032
0.078045
0.079032
0.079032
0.078045
0.079032
0.078045
0.078045
0.079032
0.078045
0.078045
0.079032
0.078045
0.078045
0.077058
0.078045
0.078045
0.077058
0.078045
0.077058
0.077058
0.078045
0.077058
0.077058
0.078045
0.077058
0.077058
0.077058
0.077058
0.077058
0.077058
0.077058
0.076072
0.077058
0.077058
0.076072
0.077058
0.077058
0.076072
0.077058
0.076072
0.076072
0.077058
0.076072
0.076072
0.076072
0.076072
0.076072
0.076072
0.076072
0.076072
0.076072
0.076072
0.075087
0.076072
0.075961
0.074973
0.075961
0.075961
0.074973
0.074973
0.074973
0.074973
0.074973
0.074973
0.074973
0.074973
0.074973
0.074973
0.073986
0.074973
0.074973
0.073986
0.074973
0.074973
0.073986
0.074973
0.073986
0.073986
0.074973
0.073986
0.073986
0.074973
0.073885
0.073885
0.073885
0.073885
0.073885
0.073885
0.073885
0.073885
0.073885
0.073885
0.072897
0.073885
0.073885
0.072897
0.073885
0.073885
0.072897
0.073885
0.072897
0.072897
0.073885
0.072808
0.072808
0.072808
0.072808
0.072808
0.071819
0.072808
0.072808
0.071819
0.072808
0.072808
0.071819
0.072808
0.072808
0.071819
0.072808
0.071819
0.071819
0.072808
0.071743
0.071743
0.072732
0.071743
0.071743
0.072732
0.071743
0.071743
0.071743
0.071743
0.071743
0.071743
0.071743
0.071743
0.071743
0.071743
0.070753
0.071743
0.071680
0.070689
0.071680
0.071680
0.070689
0.071680
0.071680
0.070689
0.071680
0.070689
0.070689
0.071680
0.070689
0.070689
0.070689
0.070689
0.070689
0.070689
0.070689
0.070640
0.069649
0.070640
0.070640
0.069649
0.070640
0.070640
0.069649
0.070640
0.070640
0.069649
0.070640
0.069649
0.069649
0.070640
0.069649
0.069649
0.070640
0.069649
0.069649
0.070605
0.069613
0.069613
0.070605
0.069613
0.069613
0.069613
0.069613
0.069613
0.069613
0.069613
0.069613
0.069613
0.069613
0.069613
0.069613
0.069613
0.068622
0.069613
0.069613
0.068622
0.068622
0.069613
0.068622
0.068622
0.069592
0.068600
0.068600
0.069592
0.068600
0.068600
0.068600
0.068600
0.068600
0.068600
0.068600
0.068600
0.068600
0.068600
0.068600
0.068600
0.068600
0.068600
0.068600
0.068600
0.067609
0.068600
0.068600
0.067609
0.068600
0.068600
0.067609
0.068600
0.068600
0.067609
0.068600
0.068600
0.067609
0.068600
0.067609
0.067609
0.068593
0.067602
0.067602
0.068593
0.067602
0.067602
0.067602
0.067602
0.067602
0.067602
0.067602
0.067602
0.067602
0.067602
0.067602
0.066611
0.067602
0.067602
0.066611
0.067602
0.067602
0.066611
0.067602
0.067602
0.066611
0.067602
0.067602
0.066611
0.067602
0.067602
0.066611
0.067602
0.066611
0.066611
0.067602
0.066611
0.066611
0.067602
0.066611
0.066611
0.067602
0.066611
0.066611
0.067602
0.066611
0.066611
0.067602
0.066611
0.066611
0.066611
0.066611
0.066611
0.065620
0.066611
0.066611
0.065620
0.066611
0.066611
0.065620
0.066611
0.066611
0.065620
0.066611
0.066611
0.065620
0.066611
0.065620
0.065620
0.066611
0.065620
0.065620
0.066611
0.065620
0.065620
0.066611
0.065620
0.065620
0.066618
0.065628
0.065628
0.066618
0.065628
0.065628
0.066618
0.065628
0.065628
0.065628
0.065628
0.065628
0.065628
0.065628
0.065628
0.065628
0.065628
0.065628
0.065628
0.065628
0.065628
0.064637
0.065628
0.065628
0.064637
0.065628
0.065628
0.064637
0.065628
0.064637
0.064637
0.065628
0.064637
0.064637
0.065628
0.064637
0.064637
0.065628
0.064637
0.064637
0.065628
0.064637
0.064637
0.065628
0.064637
0.064637
0.065628
0.064637
0.064637
0.065628
0.064637
0.064637
0.064637
0.064637
0.064637
0.064637
0.064637
0.064637
0.064637
0.064637
0.064637
0.064637
0.064637
0.064637
0.064637
0.064637
0.064637
0.064637
0.064637
0.064637
0.063647
0.064637
0.064637
0.063647
0.064637
0.064637
0.063647
0.064661
0.063671
0.063671
0.064661
0.063671
0.063671
0.064661
0.063671
0.063671
0.064661
0.063671
0.063671
0.064661
0.063671
0.063671
0.064661
0.063671
0.063671
0.064661
0.064661
0.063671
0.064661
0.064661
0.063671
0.064661
0.064661
0.064661
0.064661
0.064661
0.064661
0.065651
0.064661
0.064661
0.065651
0.064661
0.064661
0.065651
0.065651
0.064661
0.064661
0.065651
0.064661
0.064661
0.065651
0.065651
0.064661
0.065651
0.065651
0.064661
0.065651
0.065651
0.065651
0.065651
0.065651
0.065651
0.065651
0.065651
0.065651
0.066641
0.065651
0.065651
0.066641
0.065651
0.065651
0.066641
0.066641
0.065651
0.066641
0.066641
0.065651
0.066641
0.066641
0.066641
0.066641
0.066641
0.066641
0.066641
0.066641
0.066641
0.067631
0.066641
0.066641
0.067631
0.066641
0.066641
0.066641
0.067631
0.066641
0.066641
0.067631
0.066641
0.066641
0.067631
0.067631
0.066641
0.067631
0.067631
0.066641
0.067631
0.067631
0.066641
0.067631
0.067631
0.067631
0.067631
0.067631
0.067631
0.067631
0.067631
0.067631
0.068622
0.067631
0.067631
0.068622
0.067631
0.067631
0.068622
0.068622
0.067631
0.068622
0.068622
0.067631
0.068622
0.068622
0.067631
0.068622
0.068622
0.068622
0.068622
0.068622
0.068622
0.067631
0.068622
0.068622
0.068600
0.068600
0.068600
0.068600
0.068600
0.068600
0.067609
0.068600
0.068600
0.067609
0.068600
0.068600
0.067609
0.068600
0.068600
0.067609
0.068600
0.068600
0.068600
0.068600
0.068600
0.068600
0.068600
0.068600
0.068600
0.069592
0.068600
0.068600
0.069592
0.068600
0.068600
0.069592
0.068600
0.068600
0.069592
0.069592
0.068600
0.069592
0.069592
0.068600
0.069584
0.069584
0.068593
0.069584
0.069584
0.068593
0.068593
0.069584
0.069584
0.068593
0.069584
0.069584
0.068593
0.069584
0.069584
0.069584
0.069584
0.069584
0.069584
0.069584
0.069584
0.069584
0.069584
0.069584
0.069584
0.069584
0.069584
0.069584
0.069584
0.069584
0.069584
0.069584
0.069584
0.069584
0.070576
0.069584
0.069584
0.070576
0.069584
0.069584
0.070576
0.069584
0.069584
0.070576
0.070576
0.069584
0.070576
0.070576
0.069584
0.070576
0.070583
0.069592
0.069592
0.070583
0.070583
0.069592
0.070583
0.070583
0.069592
0.070583
0.070583
0.069592
0.070583
0.070583
0.070583
0.070583
0.070583
0.070583
0.070583
0.070583
0.070583
0.070583
0.070583
0.070583
0.071575
0.070583
0.070583
0.071575
0.070583
0.070583
0.071575
0.070583
0.070583
0.071575
0.071575
0.070583
0.071575
0.071575
0.070583
0.071575
0.071575
0.070583
0.071575
0.071575
0.071575
0.071575
0.071568
0.071568
0.070576
0.071568
0.071568
0.070576
0.071568
0.071568
0.071568
0.071568
0.071568
0.071568
0.071568
0.071568
0.071568
0.071568
0.071568
0.071568
0.071568
0.071568
0.071568
0.072560
0.071568
0.071568
0.072560
0.071568
0.071568
0.072560
0.071568
0.071568
0.072560
0.072560
0.071568
0.072560
0.072560
0.071568
0.072560
0.072560
0.071568
0.072560
0.072560
0.072560
0.072560
0.072567
0.072567
0.072567
0.072567
0.072567
0.071575
0.072567
0.072567
0.072567
0.072567
0.072567
0.072567
0.072567
0.072567
0.072567
0.073559
0.072567
0.072567
0.073559
0.072567
0.072567
0.073559
0.072567
0.072567
0.073559
0.072567
0.072567
0.073559
0.072567
0.072567
0.073559
0.073580
0.072588
0.073580
0.073580
0.072588
0.073580
0.073580
0.072588
0.073580
0.073580
0.073580
0.073580
0.073580
0.073580
0.073580
0.073580
0.073580
0.073580
0.073580
0.073580
0.073580
0.073580
0.073580
0.073580
0.073580
0.073580
0.073580
0.073580
0.073580
0.073580
0.073614
0.073614
0.073614
0.073614
0.073614
0.073614
0.074606
0.073614
0.073614
0.074606
0.073614
0.073614
0.074606
0.073614
0.073614
0.074606
0.074606
0.073614
0.074606
0.074606
0.073614
0.074606
0.074606
0.073614
0.074606
0.074606
0.073614
0.074606
0.074606
0.074606
0.074606
0.074606
0.074606
0.074606
0.074606
0.074606
0.074606
0.074606
0.074606
0.073614
0.074653
0.074653
0.074653
0.074653
0.074653
0.074653
0.074653
0.074653
0.074653
0.074653
0.074653
0.074653
0.074653
0.074653
0.074653
0.074653
0.074653
0.074653
0.075644
0.074653
0.074653
0.075644
0.074653
0.074653
0.075644
0.074653
0.074653
0.075644
0.074653
0.074653
0.075644
0.075644
0.074653
0.075644
0.075644
0.074653
0.075644
0.075644
0.074653
0.075644
0.075644
0.074653
0.075644
0.075644
0.075644
0.074653
0.075644
0.075644
0.074653
0.075644
0.075644
0.074653
0.075644
0.075644
0.074653
0.075644
0.075644
0.074653
0.075644
0.075644
0.075644
0.075644
0.075644
0.075644
0.075644
0.075644
0.075644
0.075644
0.075644
0.075644
0.075644
0.075644
0.075644
0.075644
0.075644
0.075644
0.076636
0.075644
0.075644
0.076636
0.075644
0.075644
0.076636
0.075644
0.075644
0.076636
0.075644
0.075644
0.076636
0.075644
0.075644
0.075644
0.076636
0.075644
0.075644
0.076636
0.075644
0.075644
0.076636
0.075644
0.075644
0.076636
0.075644
0.075644
0.076636
0.075644
0.075644
0.076636
0.076636
0.075644
0.076636
0.076636
0.075644
0.076636
0.076636
0.075644
0.076636
0.076636
0.075644
0.076636
0.076636
0.075644
0.076636
0.076636
0.076636
0.076636
0.076636
0.076636
0.076636
0.076636
0.076636
0.076636
0.076636
0.076636
0.076636
0.076636
0.076636
0.076636
0.076636
0.076636
0.075644
0.076636
0.076636
0.076636
0.076636
0.076636
0.076636
0.076636
0.076636
0.076636
0.076636
0.076636
0.076636
0.076636
0.076636
0.076636
0.076636
0.076636
0.076636
0.076636
0.076636
0.076636
0.077627
0.076636
0.076636
0.077627
0.076636
0.076636
0.077685
0.076694
0.076694
0.077685
0.076694
0.076694
0.077685
0.076694
0.076694
0.077685
0.076694
0.076694
0.077685
0.077685
0.076694
0.077685
0.077685
0.076694
0.076694
0.077685
0.076694
0.076694
0.077685
0.076694
0.076694
0.077685
0.076694
0.076694
0.077685
0.076694
0.076694
0.077685
0.077685
0.076694
0.077685
0.077685
0.076694
0.077685
0.077685
0.076694
0.077685
0.077685
0.076694
0.077685
0.077685
0.076694
0.077685
0.077685
0.076694
0.077685
0.077685
0.077685
0.077685
0.077685
0.077685
0.077685
0.077685
0.077685
0.077685
0.077685
0.077685
0.077685
0.077685
0.077685
0.076694
0.077685
0.077685
0.076694
0.077685
0.077685
0.077685
0.077685
0.077685
0.077685
0.077685
0.077685
0.077756
0.077756
0.077756
0.077756
0.077756
0.077756
0.077756
0.077756
0.077756
0.077756
0.077756
0.077756
0.077756
0.077756
0.077756
0.077756
0.078746
0.077756
0.077756
0.078746
0.077756
0.077756
0.078746
0.077756
0.077756
0.078746
0.077756
0.077756
0.078746
0.077756
0.077756
0.078746
0.077756
0.077756
0.077756
0.077756
0.077756
0.077756
0.078746
0.077756
0.077756
0.078746
0.077756
0.077756
0.077756
0.077756
0.077756
0.077756
0.077756
0.077756
0.077756
0.077756
0.076766
0.077756
0.077756
0.076766
0.077756
0.076766
0.076766
0.077756
0.076766
0.076766
0.077756
0.076766
0.076766
0.076766
0.076766
0.076766
0.076766
0.076766
0.076766
0.076766
0.076766
0.075776
0.076766
0.076766
0.075776
0.076766
0.075776
0.075776
0.076766
0.075776
0.075776
0.075776
0.075776
0.075776
0.074786
0.075776
0.075776
0.074786
0.075776
0.075776
0.074786
0.075776
0.074873
0.074873
0.075862
0.074873
0.075277
0.076562
0.075627
0.075466
0.075223
0.074954
0.074766
0.074658
0.074685
0.073777
0.073885
0.073966
0.073993
0.073993
0.073966
0.072924
0.072897
0.072870
0.072870
0.072870
0.072870
0.072897
0.071937
0.071937
0.071937
0.071910
0.071910
0.071910
0.071910
0.070922
0.070922
0.070922
0.070922
0.070922
0.070922
0.070922
0.069936
0.069936
0.069936
0.069936
0.069936
0.069936
0.069936
0.068949
0.068949
0.068949
0.068949
0.068949
0.068949
0.068949
0.067963
0.067963
0.067963
0.067963
0.067963
0.067963
0.067963
0.067963
0.066978
0.066978
0.066978
0.066978
0.066978
0.066978
0.066978
0.065992
0.065992
0.065992
0.065992
0.065992
0.065992
0.065992
0.065992
0.065008
0.065008
0.065008
0.065008
0.065008
0.065008
0.065008
0.065008
0.064023
0.064023
0.064023
0.064023
0.064023
0.064023
0.064023
0.064023
0.063040
0.063040
0.063040
0.063040
0.063040
0.063040
0.063040
0.063040
0.063040
0.062056
0.062056
0.062056
0.062056
0.062056
0.062056
0.062056
0.062056
0.062056
0.061074
0.061074
0.061074
0.061074
0.061074
0.061074
0.061074
0.061074
0.061074
0.060092
0.060092
0.060092
0.060092
0.060092
0.060092
0.060092
0.060092
0.060092
0.059110
0.059110
0.059110
0.059110
0.059110
0.059110
0.059110
0.059110
0.059110
0.058129
0.058129
0.058129
0.058129
0.058129
0.058129
0.058129
0.058129
0.058129
0.058129
0.057149
0.057149
0.057149
0.057149
0.057149
0.057149
0.057149
0.057149
0.057149
0.057149
0.057149
0.056169
0.056169
0.056169
0.056169
0.056169
0.056169
0.056169
0.056169
0.056169
0.056169
0.056169
0.055191
0.055191
0.055191
0.055191
0.055191
0.055191
0.055191
0.055191
0.055191
0.055191
0.055191
0.054213
0.054213
0.054213
0.054213
0.054213
0.054213
0.054213
0.054213
0.054213
0.054213
0.054213
0.054213
0.054213
0.053235
0.053235
0.053235
0.053235
0.053235
0.053235
0.053235
0.053235
0.053235
0.053235
0.053235
0.053235
0.052259
0.052259
0.052259
0.052259
0.052259
0.052259
0.051853
0.051556
0.051502
0.050688
0.051934
0.052178
0.051798
0.053152
0.053206
0.052963
0.052611
0.052259
0.052016
0.051934
0.052133
0.052267
0.051430
0.051537
0.051591
0.051564
0.051537
0.051457
0.051403
0.051376
0.051376
0.051376
0.051403
0.051430
0.051457
0.051457
0.050485
0.050458
0.050458
0.050458
0.050458
0.050458
0.050458
0.050458
0.050458
0.050458
0.050458
0.050458
0.050458
0.050458
0.050053
0.048786
0.048732
0.048894
0.050134
0.049406
0.049622
0.051052
0.050378
0.050351
0.050108
0.049757
0.049433
0.049245
0.049191
0.048867
0.048705
0.047790
0.049002
0.049703
0.050243
0.051403
0.051295
0.050000
0.049622
0.049326
0.048194
0.048194
0.048302
0.048437
0.049541
0.049622
0.049649
0.049622
0.049541
0.049487
0.049433
0.049433
0.049029
0.047790
0.047763
0.047925
0.048194
0.048869
0.049355
0.049490
0.049301
0.048950
0.048599
0.048329
0.048194
0.048221
0.048329
0.048464
0.047631
0.047712
0.047712
0.047658
0.047604
0.047550
0.047118
0.046795
0.046741
0.046930
0.047226
0.047901
0.049355
0.049490
0.049328
0.048009
0.047631
0.047361
0.047226
0.046849
0.046660
0.046768
0.047038
0.047361
0.048036
0.048495
0.048549
0.049301
0.048923
0.046610
0.046341
0.046233
0.046287
0.046421
0.046556
0.046691
0.046745
0.047712
0.047658
0.046637
0.046556
0.046529
0.046529
0.046529
0.046179
0.046876
0.045855
0.046017
0.046260
0.046529
0.047096
0.047474
0.047528
0.047285
0.046934
0.046583
0.046341
0.046260
0.046314
0.046044
0.044917
0.045936
0.046152
0.046394
0.047015
0.047420
0.047528
0.047339
0.046988
0.046637
0.046367
0.046260
0.045909
0.045720
0.044836
0.045106
0.046394
0.046077
0.046536
0.047582
0.047366
0.046988
0.046610
0.046341
0.046233
0.045882
0.045720
0.044863
0.045133
0.045429
0.047069
0.046536
0.046617
0.046401
0.046023
0.045645
0.045375
0.045267
0.044917
0.044945
0.045052
0.045321
0.045643
0.046288
0.047680
0.046799
0.046583
0.046207
0.045831
0.045562
0.045455
0.045106
0.044945
0.045052
0.044361
0.045643
0.046288
0.046718
0.047760
0.047545
0.047169
0.045831
0.044603
0.044495
0.044549
0.044280
0.045106
0.045159
0.045374
0.044656
0.046234
0.046664
0.046745
0.046530
0.046180
0.045831
0.045589
0.045482
0.044173
0.043985
0.044066
0.045294
0.044656
0.045328
0.046718
0.046799
0.046583
0.046207
0.045831
0.045562
0.045455
0.045106
0.044945
0.044093
0.044361
0.045616
0.045328
0.045758
0.045838
0.046583
0.046207
0.044871
0.044603
0.044119
0.043851
0.044891
0.044227
0.044603
0.046288
0.045812
0.045919
0.045677
0.045274
0.044871
0.044603
0.044093
0.043824
0.043905
0.043269
0.044603
0.045328
0.046772
0.046879
0.046637
0.046234
0.045831
0.044576
0.044093
0.043824
0.043905
0.044227
0.043671
0.045328
0.045812
0.045919
0.045677
0.045274
0.044871
0.044576
0.044093
0.043824
0.042947
0.044227
0.044629
0.043994
0.045543
0.045865
0.045838
0.045543
0.045140
0.044790
0.044549
0.044119
0.043878
0.043028
0.043028
0.043028
0.043028
0.043028
0.043028
0.043028
0.043028
0.043028
0.043028
0.043028
0.043028
0.043028
0.043028
0.043028
0.043028
0.043028
0.043028
0.043028
0.043028
0.043028
0.043028
0.043028
0.043028
0.043028
0.043028
0.043028
0.043028
0.043028
0.043028
0.043028
0.043028
0.043028
0.043028
0.043028
0.043028
0.043028
0.043028
0.043028
0.043028
0.043028
0.043028
0.043028
0.043028
0.043028
0.043028
0.043028
0.043028
0.043028
0.043028
0.043028
0.043028
0.043028
0.043028
0.043028
0.043028
0.043028
0.043028
0.043028
0.043028
0.043028
0.043028
0.043028
0.043028
0.043028
0.043028
0.043028
0.043028
0.043028
0.043028
0.043028
0.043028
0.043028
0.043028
0.043028
0.043028
0.043028
0.043028
0.043028
0.043028
0.043028
0.043028
0.043028
0.043028
0.043028
0.043028
0.043028
0.043028
0.043028
0.043028
0.043028
0.043028
0.043028
0.043028
0.043028
0.043028
0.043028
0.043028
0.043028
0.043028
0.043028
0.043028
0.043028
0.043028
0.043028
0.043028
0.043028
0.043028
0.043028
0.043028
0.043028
0.043028
0.043028
0.043028
0.043028
0.043028
0.043028
0.043028
0.043028
0.043028
0.043028
0.043028
0.043028
0.043028
0.043028
0.043028
0.043028
0.043028
0.043028
0.043028
0.043028
0.043028
