1.347000
1.027000
0.692000
0.412000
0.210000
0.080000
0.007000
0.022000
0.034133
0.033225
0.027245
0.019257
0.012109
0.006018
0.005958
0.006933
0.006941
0.007966
0.008062
0.009073
0.009036
0.009079
0.009073
0.010056
0.010050
0.010044
0.010038
0.004476
0.003613
0.002236
0.002236
0.001974
0.002236
0.001414
0.002828
0.003606
0.003606
0.004472
0.004472
0.005385
0.005831
0.005831
0.006325
0.006708
0.006708
0.006708
0.007616
0.007616
0.007616
0.008062
0.008062
0.007616
0.008944
0.008944
0.008944
0.008944
0.008944
0.008944
0.009434
0.008944
0.008944
0.009434
0.009434
0.008944
0.009434
0.009434
0.009434
0.010000
0.010296
0.010296
0.010817
0.010817
0.010296
0.010817
0.010817
0.010817
0.010817
0.010817
0.010817
0.011402
0.010817
0.010817
0.010817
0.011402
0.010817
0.010817
0.011402
0.011402
0.010817
0.011402
0.011402
0.011402
0.011402
0.011402
0.011402
0.012042
0.011402
0.011402
0.012042
0.012042
0.012042
0.012728
0.012042
0.012042
0.012728
0.012042
0.012042
0.012728
0.012728
0.012042
0.012728
0.012728
0.012728
0.012728
0.012728
0.012728
0.013454
0.012728
0.012728
0.013454
0.013454
0.012728
0.013454
0.013454
0.013454
0.013454
0.013454
0.013454
0.013454
0.013454
0.013454
0.013454
0.013454
0.013454
0.013454
0.014213
0.014213
0.014213
0.014213
0.014213
0.014213
0.014213
0.014213
0.014213
0.015000
0.014213
0.014213
0.015000
0.015000
0.014213
0.015000
0.015000
0.015000
0.015000
0.015000
0.015000
0.015000
0.015000
0.015000
0.015811
0.015000
0.015000
0.015811
0.015811
0.015811
0.015811
0.015811
0.015811
0.016643
0.015811
0.015811
0.016643
0.015811
0.015811
0.015811
0.016643
0.015811
0.015811
0.016643
0.016643
0.015811
0.016643
0.016643
0.016643
0.016643
0.016643
0.016643
0.017493
0.016643
0.016643
0.017493
0.017493
0.016643
0.017493
0.017493
0.016643
0.017493
0.017493
0.017493
0.017493
0.017493
0.017493
0.018358
0.017493
0.017493
0.018358
0.018358
0.017493
0.018358
0.018358
0.017493
0.018358
0.018358
0.018358
0.019235
0.018358
0.018358
0.019235
0.018358
0.018358
0.019235
0.019235
0.019235
0.018358
0.019235
0.019235
0.018358
0.019235
0.019235
0.019235
0.020125
0.019235
0.019235
0.020125
0.020125
0.019235
0.020125
0.020125
0.020125
0.020125
0.020125
0.020125
0.021024
0.021024
0.021024
0.021932
0.021024
0.021024
0.021932
0.021932
0.021932
0.022847
0.021932
0.021932
0.022847
0.022847
0.022847
0.023770
0.023770
0.022847
0.023770
0.023770
0.023770
0.024698
0.024698
0.023770
0.024698
0.024698
0.024698
0.024698
0.025632
0.024698
0.024698
0.025632
0.025632
0.025632
0.026571
0.025632
0.025632
0.026571
0.026571
0.026571
0.027514
0.026571
0.026571
0.027514
0.027514
0.027514
0.028460
0.027514
0.027514
0.028460
0.028460
0.028460
0.028460
0.028460
0.028460
0.029411
0.029411
0.029411
0.029411
0.029411
0.029411
0.030364
0.030364
0.030364
0.030364
0.030364
0.030364
0.031321
0.031321
0.030364
0.031321
0.031321
0.031321
0.031321
0.032280
0.031321
0.031321
0.032280
0.032280
0.032280
0.032280
0.032280
0.032280
0.033242
0.033242
0.032280
0.033242
0.033257
0.033257
0.034220
0.034220
0.033257
0.034220
0.034220
0.034220
0.035185
0.034220
0.034220
0.035185
0.035185
0.035185
0.035185
0.035185
0.035185
0.036152
0.036152
0.035185
0.036152
0.036152
0.036152
0.037121
0.036152
0.036152
0.037121
0.037121
0.037121
0.037121
0.037121
0.037121
0.037121
0.038092
0.037121
0.037121
0.038092
0.038092
0.038092
0.038092
0.038092
0.038092
0.039064
0.039064
0.038092
0.039064
0.039064
0.039064
0.040037
0.039064
0.039064
0.040037
0.040037
0.040037
0.040075
0.040075
0.040075
0.041049
0.041049
0.040075
0.041049
0.041049
0.041049
0.041049
0.041049
0.041049
0.042024
0.042024
0.041049
0.042024
0.042024
0.042024
0.043000
0.042024
0.042024
0.043000
0.043000
0.042024
0.043000
0.043000
0.043000
0.043000
0.043000
0.043000
0.043000
0.043977
0.043977
0.043000
0.043977
0.043977
0.043977
0.043977
0.043977
0.043977
0.044956
0.044956
0.043977
0.045011
0.045011
0.045011
0.045011
0.045011
0.045011
0.045989
0.045989
0.045011
0.045989
0.045989
0.045989
0.045989
0.045989
0.045989
0.046968
0.046968
0.045989
0.046968
0.046968
0.046968
0.046968
0.046968
0.046968
0.047948
0.046968
0.046968
0.047948
0.047948
0.047948
0.046968
0.047948
0.047948
0.047948
0.047948
0.047948
0.047948
0.048929
0.047948
0.047948
0.048929
0.048929
0.048929
0.048929
0.048929
0.048929
0.049910
0.048929
0.048929
0.049980
0.049980
0.049000
0.049980
0.049980
0.049980
0.049980
0.049980
0.049980
0.050961
0.050961
0.049980
0.050961
0.050961
0.050961
0.050961
0.050961
0.050961
0.051942
0.050961
0.050961
0.051942
0.051942
0.050961
0.051942
0.051942
0.051942
0.050961
0.051942
0.051942
0.051942
0.051942
0.051942
0.051942
0.052924
0.052924
0.051942
0.052924
0.052924
0.052924
0.052924
0.052924
0.052924
0.053907
0.052924
0.052924
0.053907
0.053907
0.052924
0.053907
0.053907
0.053907
0.053907
0.053907
0.053907
0.054891
0.053907
0.053907
0.054891
0.054891
0.053907
0.054891
0.054891
0.054891
0.054891
0.054891
0.054891
0.055875
0.054891
0.054891
0.055875
0.055875
0.054891
0.054891
0.055875
0.055875
0.054891
0.055875
0.055875
0.055875
0.055875
0.055875
0.055875
0.056859
0.055875
0.055875
0.056859
0.056939
0.055955
0.056939
0.056939
0.055955
0.056939
0.056939
0.056939
0.056939
0.056939
0.056939
0.057922
0.056939
0.056939
0.057922
0.057922
0.056939
0.057922
0.057922
0.057922
0.057922
0.057922
0.057922
0.058907
0.057922
0.057922
0.058907
0.058907
0.057922
0.058907
0.058907
0.057922
0.057922
0.058907
0.058907
0.057922
0.058907
0.058907
0.058907
0.058907
0.058907
0.058907
0.059892
0.058907
0.058907
0.059892
0.059892
0.058907
0.059892
0.059892
0.058907
0.059892
0.059892
0.059892
0.059892
0.059892
0.059892
0.060877
0.059892
0.059892
0.060877
0.060877
0.059892
0.060877
0.060877
0.059892
0.060877
0.060877
0.060877
0.060877
0.060877
0.060877
0.061863
0.060877
0.060877
0.061863
0.061863
0.060877
0.061863
0.061863
0.060877
0.060877
0.061863
0.061863
0.060877
0.061863
0.061863
0.061863
0.061863
0.061863
0.061863
0.061863
0.061863
0.061863
0.062849
0.061863
0.061863
0.062849
0.062849
0.061863
0.062849
0.062849
0.061863
0.062849
0.062849
0.062849
0.062849
0.062849
0.062849
0.063836
0.062849
0.062849
0.063836
0.062849
0.062849
0.063836
0.063836
0.062849
0.063836
0.063836
0.063836
0.063836
0.063836
0.063836
0.063836
0.063836
0.063922
0.063922
0.063922
0.063922
0.063922
0.063922
0.063922
0.063922
0.064908
0.063922
0.063922
0.064908
0.064908
0.063922
0.064908
0.064908
0.063922
0.064908
0.064908
0.064908
0.064908
0.064908
0.064908
0.064908
0.064908
0.064908
0.065894
0.064908
0.064908
0.065894
0.065894
0.064908
0.065894
0.065894
0.064908
0.065894
0.065894
0.065894
0.065894
0.065894
0.065894
0.065894
0.065894
0.065894
0.066880
0.065894
0.065894
0.065894
0.065894
0.065894
0.065894
0.066880
0.065894
0.065894
0.066880
0.065894
0.065894
0.066880
0.066880
0.065894
0.066880
0.066880
0.065894
0.066880
0.066880
0.066880
0.066880
0.066880
0.066880
0.066880
0.066880
0.066880
0.067868
0.066880
0.066880
0.067868
0.066880
0.066880
0.067868
0.067868
0.066880
0.067868
0.067868
0.066880
0.067868
0.067868
0.067868
0.067868
0.067868
0.067868
0.067868
0.067868
0.067868
0.067868
0.067868
0.067963
0.067963
0.067963
0.067963
0.067963
0.068949
0.067963
0.067963
0.068949
0.067963
0.067963
0.068949
0.068949
0.067963
0.068949
0.068949
0.067963
0.068949
0.068949
0.068949
0.068949
0.068949
0.068949
0.068949
0.068949
0.068949
0.068949
0.068949
0.068949
0.069936
0.068949
0.068949
0.069936
0.068949
0.068949
0.069936
0.069936
0.068949
0.069936
0.069936
0.068949
0.069936
0.069936
0.069936
0.069936
0.069936
0.069936
0.068949
0.069936
0.069936
0.068949
0.069936
0.069936
0.069936
0.069936
0.069936
0.069936
0.069936
0.069936
0.069936
0.070922
0.069936
0.069936
0.070922
0.069936
0.069936
0.070922
0.069936
0.069936
0.070922
0.070922
0.069936
0.070922
0.070922
0.069936
0.070922
0.070922
0.069936
0.070922
0.070922
0.070922
0.070922
0.070922
0.070922
0.070922
0.070922
0.070922
0.071910
0.070922
0.070922
0.071910
0.070922
0.070922
0.070922
0.070922
0.070922
0.070922
0.071910
0.070922
0.070922
0.071910
0.070922
0.070922
0.071910
0.070922
0.070922
0.071910
0.071910
0.070922
0.071910
0.071910
0.070922
0.071910
0.071910
0.070922
0.071910
0.071910
0.071910
0.071910
0.071910
0.071910
0.071910
0.071910
0.071910
0.071910
0.071910
0.071910
0.072897
0.071910
0.071910
0.072897
0.071910
0.071910
0.072897
0.071910
0.071910
0.072897
0.072897
0.071910
0.071910
0.072897
0.071910
0.071910
0.072897
0.071910
0.071910
0.072897
0.072897
0.071910
0.072897
0.072897
0.071910
0.072897
0.072897
0.071910
0.072897
0.072897
0.072897
0.072897
0.072897
0.072897
0.072897
0.072897
0.072897
0.073000
0.073000
0.073000
0.073986
0.073000
0.073000
0.073986
0.073000
0.073000
0.073986
0.073000
0.073000
0.073986
0.073000
0.073000
0.073986
0.073986
0.073000
0.073986
0.073986
0.073000
0.073000
0.073986
0.073000
0.073000
0.073986
0.073986
0.073000
0.073986
0.073986
0.073000
0.073986
0.073986
0.073000
0.073986
0.073986
0.073000
0.073986
0.073986
0.073986
0.073986
0.073986
0.073986
0.073986
0.073986
0.073986
0.073986
0.073986
0.073986
0.074973
0.073986
0.073986
0.074973
0.073986
0.073986
0.074973
0.073986
0.073986
0.074973
0.073986
0.073986
0.074973
0.074973
0.073986
0.074973
0.074973
0.073986
0.074973
0.074973
0.073986
0.073986
0.074973
0.073986
0.073986
0.074973
0.074973
0.073986
0.074973
0.074973
0.073986
0.074973
0.074973
0.073986
0.074973
0.074973
0.073986
0.074973
0.074973
0.074973
0.074973
0.074973
0.074973
0.074973
0.074973
0.074973
0.074973
0.074973
0.074973
0.074973
0.074973
0.074973
0.075961
0.074973
0.074973
0.075961
0.074973
0.074973
0.075961
0.074973
0.074973
0.075961
0.074973
0.074973
0.075961
0.075961
0.074973
0.074973
0.075961
0.074973
0.074973
0.075961
0.074973
0.074973
0.075961
0.074973
0.074973
0.075961
0.074973
0.074973
0.075961
0.075961
0.074973
0.075961
0.075961
0.074973
0.075961
0.075961
0.074973
0.075961
0.075961
0.074973
0.075961
0.075961
0.075961
0.075961
0.075961
0.075961
0.075961
0.075961
0.075961
0.075961
0.075961
0.075961
0.075961
0.075961
0.075961
0.075961
0.075961
0.075961
0.076948
0.075961
0.075961
0.075961
0.075961
0.075961
0.075961
0.075961
0.075961
0.075961
0.075961
0.075961
0.075961
0.075961
0.075961
0.075961
0.076948
0.075961
0.075961
0.076948
0.075961
0.075961
0.076948
0.075961
0.075961
0.076948
0.075961
0.075961
0.076948
0.075961
0.075961
0.076948
0.076948
0.075961
0.076948
0.076948
0.075961
0.076948
0.076948
0.075961
0.076948
0.076948
0.075961
0.076948
0.076948
0.075961
0.076948
0.076948
0.076948
0.075961
0.076948
0.076948
0.075961
0.076948
0.076948
0.075961
0.076948
0.076948
0.076072
0.077058
0.077058
0.076072
0.077058
0.077058
0.077058
0.077058
0.077058
0.077058
0.077058
0.077058
0.077058
0.077058
0.077058
0.077058
0.077058
0.077058
0.077058
0.077058
0.077058
0.077058
0.078045
0.077058
0.077058
0.078045
0.077058
0.077058
0.078045
0.077058
0.077058
0.078045
0.077058
0.077058
0.078045
0.077058
0.077058
0.078045
0.077058
0.077058
0.077058
0.078045
0.077058
0.077058
0.078045
0.077058
0.077058
0.078045
0.077058
0.077058
0.078045
0.077058
0.077058
0.078045
0.077058
0.077058
0.078045
0.077058
0.077058
0.078045
0.078045
0.077058
0.078045
0.078045
0.077058
0.078045
0.078045
0.077058
0.078045
0.078045
0.077058
0.078045
0.078045
0.077058
0.078045
0.078045
0.077058
0.078045
0.078045
0.078045
0.078045
0.078045
0.078045
0.078045
0.078045
0.078045
0.077058
0.078045
0.078045
0.077058
0.078045
0.078045
0.077058
0.078045
0.078045
0.077058
0.078045
0.078045
0.078045
0.078045
0.078045
0.078045
0.078045
0.078045
0.078045
0.078045
0.078045
0.078045
0.078045
0.078045
0.078045
0.078045
0.078045
0.078045
0.078045
0.078045
0.078045
0.078045
0.078045
0.078045
0.079032
0.078045
0.078045
0.079032
0.078045
0.078045
0.079032
0.078045
0.078045
0.079032
0.078045
0.078045
0.078045
0.078045
0.078045
0.078045
0.078045
0.078045
0.078045
0.079032
0.078045
0.078045
0.079032
0.078045
0.078045
0.079032
0.078045
0.078045
0.079032
0.078045
0.078045
0.079032
0.078045
0.078045
0.079032
0.078045
0.078045
0.079032
0.078045
0.078045
0.079032
0.079032
0.078045
0.079032
0.079032
0.078045
0.079032
0.079032
0.078045
0.079032
0.079032
0.078045
0.079032
0.079032
0.078045
0.079032
0.079032
0.078045
0.078045
0.079032
0.078045
0.078045
0.079032
0.079032
0.078045
0.079032
0.079032
0.078045
0.079032
0.079032
0.078045
0.079032
0.079032
0.078045
0.079032
0.079032
0.078045
0.079032
0.079032
0.078045
0.079032
0.079032
0.078045
0.079032
0.079032
0.078045
0.079032
0.079032
0.079032
0.079032
0.079032
0.079032
0.079032
0.079032
0.079032
0.079032
0.079032
0.079032
0.079032
0.079032
0.079032
0.079032
0.079032
0.079032
0.079032
0.079032
0.079032
0.078045
0.079032
0.079032
0.078045
0.079032
0.079032
0.079032
0.079032
0.079032
0.079032
0.079032
0.079032
0.079032
0.079032
0.079032
0.079032
0.079032
0.079032
0.079032
0.079032
0.079032
0.079032
0.079032
0.079032
0.079032
0.079032
0.079032
0.079032
0.079032
0.079032
0.079032
0.080019
0.079032
0.079032
0.080019
0.079032
0.079032
0.080019
0.079032
0.079032
0.080019
0.079032
0.079032
0.080019
0.079032
0.079032
0.079032
0.079032
0.079032
0.079032
0.079032
0.079032
0.079032
0.079032
0.079032
0.079032
0.080019
0.079032
0.079032
0.080019
0.079032
0.079032
0.080019
0.079032
0.079032
0.080019
0.079032
0.079032
0.080019
0.079032
0.079032
0.080019
0.079032
0.079032
0.080019
0.079032
0.079032
0.080019
0.079032
0.079032
0.080019
0.080019
0.079032
0.080019
0.080019
0.079032
0.080019
0.080019
0.079032
0.080019
0.080019
0.079032
0.079032
0.080019
0.079032
0.079032
0.080019
0.079032
0.079032
0.080019
0.079032
0.079032
0.080019
0.079032
0.079032
0.080019
0.079032
0.079032
0.080019
0.080019
0.079032
0.080019
0.080019
0.079032
0.080019
0.080019
0.079032
0.080019
0.080019
0.079032
0.080019
0.080019
0.079032
0.080019
0.080019
0.079032
0.080019
0.080019
0.079032
0.080019
0.080019
0.079032
0.080019
0.080019
0.079032
0.080019
0.080019
0.079032
0.079032
0.080019
0.080019
0.079032
0.080019
0.080019
0.079032
0.080019
0.080019
0.079032
0.080019
0.080019
0.079032
0.080019
0.080019
0.079032
0.080019
0.080019
0.079032
0.080019
0.080019
0.079032
0.080019
0.080019
0.079032
0.080019
0.080019
0.079032
0.080019
0.080019
0.080019
0.080019
0.080019
0.080019
0.080019
0.080019
0.080019
0.080019
0.080019
0.080019
0.080019
0.080019
0.080019
0.080019
0.080019
0.080019
0.080019
0.080019
0.080019
0.079032
0.080019
0.080019
0.079032
0.080019
0.080019
0.079032
0.080019
0.080019
0.079032
0.080019
0.080019
0.080019
0.080019
0.080019
0.080019
0.080019
0.080019
0.080019
0.080019
0.080019
0.080019
0.080019
0.080019
0.080019
0.080019
0.080019
0.080019
0.080019
0.080019
0.080019
0.080019
0.080019
0.080019
0.080019
0.080019
0.080019
0.080019
0.080019
0.080019
0.080019
0.080019
0.080019
0.081006
0.080019
0.080019
0.080019
0.080019
0.080019
0.080019
0.080019
0.080019
0.080019
0.080019
0.080019
0.080019
0.080019
0.080019
0.080019
0.080019
0.080019
0.080019
0.080019
0.080019
0.080019
0.080019
0.080019
0.080019
0.080019
0.080019
0.080019
0.080019
0.080019
0.080019
0.081006
0.080019
0.080019
0.081006
0.080019
0.080019
0.081006
0.080019
0.080019
0.081006
0.080019
0.080019
0.081006
0.080019
0.080019
0.081006
0.080019
0.080019
0.080019
0.080019
0.080019
0.080019
0.080019
0.080019
0.080019
0.080019
0.080019
0.080019
0.080019
0.080019
0.080019
0.080019
0.080019
0.080019
0.081006
0.080019
0.080019
0.081006
0.080019
0.080019
0.081006
0.080019
0.080019
0.081006
0.080019
0.080019
0.081006
0.080019
0.080019
0.081006
0.080019
0.080019
0.081006
0.080019
0.080019
0.081006
0.080019
0.080019
0.081006
0.080019
0.080019
0.081006
0.080019
0.080019
0.080019
0.080019
0.080019
0.080019
0.081006
0.080019
0.080019
0.081006
0.080019
0.080019
0.081006
0.080019
0.080019
0.081006
0.080019
0.080019
0.081006
0.080019
0.080019
0.081006
0.080019
0.080019
0.081006
0.080019
0.080019
0.081006
0.080019
0.080019
0.081006
0.080019
0.080019
0.081006
0.080019
0.080019
0.081006
0.080019
0.080019
0.081006
0.080019
0.080019
0.081006
0.081006
0.080019
0.081006
0.081006
0.080019
0.080019
0.081006
0.080019
0.080019
0.081006
0.080019
0.080019
0.081006
0.080019
0.080019
0.081006
0.080019
0.080019
0.081006
0.080019
0.080019
0.081006
0.080019
0.080019
0.081006
0.080019
0.080019
0.081006
0.080019
0.080019
0.081006
0.080019
0.080019
0.081006
0.081006
0.080019
0.081006
0.081006
0.080019
0.081006
0.081006
0.080019
0.081006
0.081006
0.080019
0.081006
0.081006
0.080019
0.081006
0.081006
0.080019
0.081006
0.081006
0.080019
0.080019
0.081006
0.080019
0.080019
0.081006
0.080019
0.080019
0.081006
0.080019
0.080019
0.081006
0.080019
0.080019
0.081006
0.080019
0.080019
0.081006
0.081006
0.080019
0.081006
0.081006
0.080019
0.081006
0.081006
0.080019
0.081006
0.081006
0.080019
0.081006
0.081006
0.080019
0.081006
0.081006
0.080019
0.081006
0.081006
0.080019
0.081006
0.081006
0.080019
0.081006
0.081006
0.080019
0.081006
0.081006
0.080019
0.080019
0.081006
0.080019
0.080019
0.081006
0.080019
0.080019
0.081006
0.081006
0.080019
0.081006
0.081006
0.080019
0.081006
0.081006
0.080019
0.081006
0.081006
0.080019
0.081006
0.081006
0.080019
0.081006
0.081006
0.080019
0.081006
0.081006
0.080019
0.081006
0.081006
0.080019
0.081006
0.081006
0.080019
0.081006
0.081006
0.080019
0.081006
0.081006
0.080019
0.081006
0.081006
0.080019
0.081006
0.081006
0.080019
0.080019
0.081006
0.081006
0.080019
0.081006
0.081006
0.080019
0.081006
0.081006
0.080019
0.081006
0.081006
0.080019
0.081006
0.081006
0.080019
0.081006
0.081006
0.080019
0.081006
0.081006
0.080019
0.081006
0.081006
0.080019
0.081006
0.081006
0.080019
0.081006
0.081006
0.080019
0.081006
0.081006
0.080019
0.081006
0.081006
0.080019
0.081006
0.081006
0.081006
0.081006
0.081006
0.081006
0.081006
0.081006
0.081006
0.080019
0.081006
0.081006
0.080019
0.081006
0.081006
0.080019
0.081006
0.081006
0.080019
0.081006
0.081006
0.080019
0.081006
0.081006
0.080019
0.081006
0.081006
0.080019
0.081006
0.081006
0.080019
0.081006
0.081006
0.080019
0.081006
0.081006
0.080019
0.081006
0.081006
0.080019
0.081006
0.081006
0.081006
0.081006
0.081006
0.081006
0.081006
0.081006
0.081006
0.081006
0.081006
0.081006
0.081006
0.081006
0.081006
0.081006
0.081006
0.081006
0.080019
0.081006
0.081006
0.080019
0.081006
0.081006
0.080019
0.081006
0.081006
0.080019
0.081006
0.081006
0.080019
0.081006
0.081006
0.080019
0.081006
0.081006
0.080019
0.081006
0.081006
0.080019
0.081006
0.081006
0.081006
0.081006
0.081006
0.081006
0.081006
0.081006
0.081006
0.081006
0.081006
0.081006
0.081006
0.081006
0.081006
0.081006
0.081006
0.081006
0.081006
0.081006
0.081006
0.081006
0.081006
0.081006
0.080019
0.081006
0.081006
0.080019
0.081006
0.081006
0.080019
0.081006
0.081006
0.080019
0.081006
0.081006
0.080019
0.081006
0.081006
0.080019
0.081006
0.081006
0.080019
0.081006
0.081006
0.081006
0.081006
0.081006
0.081006
0.081006
0.081006
0.081006
0.081006
0.081006
0.081006
0.081006
0.081006
0.081006
0.081006
0.081006
0.081006
0.081006
0.081006
0.081006
0.081006
0.081006
0.081006
0.081006
0.081006
0.081006
0.080019
0.081006
0.081006
0.080019
0.081006
0.081006
0.080019
0.081006
0.081006
0.080019
0.081006
0.081006
0.080019
0.081006
0.081006
0.081006
0.081006
0.081006
0.081006
0.081006
0.081006
0.081006
0.081006
0.081006
0.081006
0.081006
0.081006
0.081006
0.081006
0.081006
0.081006
0.081006
0.081006
0.081006
0.081006
0.081006
0.081006
0.081006
0.081006
0.081006
0.081006
0.081006
0.081006
0.081006
0.081006
0.081006
0.080019
0.081006
0.081006
0.080019
0.081006
0.081006
0.080019
0.081006
0.081006
0.080019
0.081006
0.081006
0.081006
0.081006
0.081006
0.081006
0.081006
0.081006
0.081006
0.081006
0.081006
0.081006
0.081006
0.081006
0.081006
0.081006
0.081006
0.081006
0.081006
0.081006
0.081006
0.081006
0.081006
0.081006
0.081006
0.081006
0.081006
0.081006
0.081006
0.081006
0.081006
0.081006
0.081006
0.081006
0.081006
0.081006
0.081006
0.081006
0.081006
0.080019
0.081006
0.081006
0.080019
0.081006
0.081006
0.081006
0.081006
0.081006
0.081006
0.081006
0.081006
0.081006
0.081006
0.081006
0.081006
0.081006
0.081006
0.081006
0.081006
0.081006
0.081006
0.081006
0.081006
0.081006
0.081006
0.081006
0.081006
0.081006
0.081006
0.081006
0.081006
0.081006
0.081006
0.081006
0.081006
0.081006
0.081006
0.081006
0.081006
0.081006
0.081006
0.081006
0.081006
0.081006
0.081006
0.080019
0.081006
0.081006
0.081006
0.081006
0.081006
0.081006
0.081006
0.081006
0.081006
0.081006
0.081006
0.081006
0.081006
0.081006
0.081006
0.081006
0.081006
0.081006
0.081006
0.081006
0.081006
0.081006
0.081006
0.081006
0.081006
0.081006
0.081006
0.081006
0.081006
0.081006
0.081006
0.081006
0.081006
0.081006
0.081006
0.081006
0.081006
0.081006
0.081006
0.081006
0.081006
0.081006
0.081006
0.081006
0.081006
0.081006
0.081006
0.081006
0.081006
0.081006
0.081006
0.081006
0.081006
0.081006
0.081006
0.081006
0.081006
0.081006
0.081006
0.081006
0.081006
0.081006
0.081006
0.081006
0.081006
0.081006
0.081006
0.081006
0.081006
0.081006
0.081006
0.081006
0.081006
0.081006
0.081006
0.081006
0.081006
0.081006
0.081006
0.081006
0.081006
0.081006
0.081006
0.081006
0.081006
0.081006
0.081006
0.081006
0.081994
0.081006
0.081006
0.081006
0.081006
0.081006
0.081006
0.081006
0.081006
0.081006
0.081006
0.081006
0.081006
0.081006
0.081006
0.081006
0.081006
0.081006
0.081006
0.081006
0.081006
0.081006
0.081006
0.081006
0.081006
0.081006
0.081006
0.081006
0.081006
0.081006
0.081006
0.081006
0.081006
0.081006
0.081006
0.081006
0.081006
0.081006
0.081006
0.081006
0.081006
0.081006
0.081006
0.081006
0.081006
0.081006
0.081994
0.081006
0.081006
0.081994
0.081006
0.081006
0.081006
0.081006
0.081006
0.081006
0.081006
0.081006
0.081006
0.081006
0.081006
0.081006
0.081006
0.081006
0.081006
0.081006
0.081006
0.081006
0.081006
0.081006
0.081006
0.081006
0.081006
0.081006
0.081006
0.081006
0.081006
0.081006
0.081006
0.081006
0.081006
0.081006
0.081006
0.081006
0.081006
0.081006
0.081006
0.081006
0.081006
0.081994
0.081006
0.081006
0.081994
0.081006
0.081006
0.081994
0.081006
0.081006
0.081006
0.081006
0.081006
0.081006
0.081006
0.081006
0.081006
0.081006
0.081006
0.081006
0.081006
0.081006
0.081006
0.081006
0.081006
0.081006
0.081006
0.081006
0.081006
0.081006
0.081006
0.081006
0.081006
0.081006
0.081006
0.081006
0.081006
0.081006
0.081006
0.081006
0.081006
0.081006
0.081006
0.081006
0.081006
0.081006
0.081006
0.081994
0.081006
0.081006
0.081994
0.081006
0.081006
0.081994
0.081006
0.081006
0.081006
0.081006
0.081006
0.081006
0.081006
0.081006
0.081006
0.081006
0.081006
0.081006
0.081006
0.081006
0.081006
0.081006
0.081006
0.081006
0.081006
0.081006
0.081006
0.081006
0.081006
0.080019
0.081006
0.081006
0.080019
0.081006
0.080019
0.080019
0.081006
0.080019
0.080019
0.080019
0.080019
0.080019
0.080019
0.080019
0.080019
0.080019
0.080019
0.079032
0.080019
0.080019
0.079032
0.080019
0.079032
0.079032
0.079032
0.079032
0.079032
0.078045
0.079032
0.079032
0.078045
0.079032
0.079032
0.078045
0.079032
0.078045
0.078045
0.079032
0.078045
0.078045
0.078045
0.078045
0.078045
0.078045
0.078045
0.078045
0.078045
0.078045
0.077058
0.078045
0.078045
0.077058
0.078045
0.077058
0.077058
0.078045
0.077058
0.077058
0.078045
0.077058
0.077058
0.077058
0.077058
0.077058
0.077058
0.077058
0.076072
0.077058
0.077058
0.076072
0.077058
0.077058
0.076072
0.076072
0.076072
0.076072
0.076072
0.076072
0.076072
0.076072
0.076072
0.075961
0.074973
0.075961
0.075961
0.074973
0.075961
0.074973
0.074973
0.075961
0.074973
0.074973
0.075961
0.074973
0.074973
0.074973
0.074973
0.074973
0.074973
0.074973
0.074973
0.074973
0.074973
0.073986
0.074973
0.074973
0.073986
0.074973
0.074973
0.073885
0.074873
0.073885
0.073885
0.074873
0.073885
0.073885
0.074873
0.073885
0.073885
0.072897
0.073885
0.073885
0.072897
0.073885
0.073885
0.072897
0.073885
0.072897
0.072897
0.073885
0.072808
0.072808
0.073797
0.072808
0.072808
0.073797
0.072808
0.072808
0.072808
0.072808
0.072808
0.072808
0.072808
0.072808
0.072808
0.072808
0.071819
0.072808
0.072808
0.071743
0.072732
0.072732
0.071743
0.072732
0.072732
0.071743
0.072732
0.071743
0.071743
0.072732
0.071743
0.071743
0.072732
0.071743
0.071743
0.070753
0.071743
0.071680
0.070689
0.071680
0.071680
0.070689
0.071680
0.071680
0.070689
0.071680
0.070689
0.070689
0.071680
0.070689
0.070689
0.071680
0.070689
0.070689
0.071680
0.070689
0.070640
0.070640
0.070640
0.070640
0.070640
0.070640
0.070640
0.070640
0.070640
0.070640
0.070640
0.070640
0.069649
0.070640
0.070640
0.069649
0.070640
0.070640
0.069649
0.070640
0.070605
0.069613
0.070605
0.070605
0.069613
0.069613
0.069613
0.069613
0.069613
0.069613
0.069613
0.069613
0.069613
0.069613
0.069613
0.069613
0.069613
0.068622
0.069613
0.069613
0.068622
0.069613
0.069613
0.068622
0.069613
0.069592
0.068600
0.069592
0.069592
0.068600
0.069592
0.068600
0.068600
0.069592
0.068600
0.068600
0.069592
0.068600
0.068600
0.069592
0.068600
0.068600
0.068600
0.068600
0.068600
0.068600
0.068600
0.068600
0.068600
0.068600
0.068600
0.068600
0.068600
0.068600
0.067609
0.068600
0.068600
0.067609
0.068600
0.067609
0.067609
0.068593
0.067602
0.067602
0.068593
0.067602
0.067602
0.068593
0.067602
0.067602
0.068593
0.067602
0.067602
0.067602
0.067602
0.067602
0.067602
0.067602
0.067602
0.067602
0.067602
0.067602
0.067602
0.067602
0.067602
0.067602
0.067602
0.066611
0.067602
0.067602
0.066611
0.067602
0.067602
0.066611
0.067602
0.067602
0.066611
0.067602
0.067602
0.066611
0.066611
0.067602
0.066611
0.066611
0.066611
0.066611
0.066611
0.066611
0.066611
0.066611
0.066611
0.066611
0.066611
0.066611
0.066611
0.066611
0.066611
0.066611
0.066611
0.066611
0.066611
0.065620
0.066611
0.066611
0.065620
0.066611
0.066611
0.065620
0.066611
0.066611
0.065620
0.066611
0.066611
0.065620
0.066611
0.066611
0.065620
0.066611
0.066611
0.065628
0.066618
0.065628
0.065628
0.066618
0.065628
0.065628
0.065628
0.065628
0.065628
0.065628
0.065628
0.065628
0.065628
0.065628
0.065628
0.065628
0.065628
0.065628
0.065628
0.065628
0.065628
0.064637
0.065628
0.065628
0.064637
0.065628
0.065628
0.064637
0.065628
0.065628
0.064637
0.065628
0.065628
0.064637
0.065628
0.065628
0.064637
0.065628
0.065628
0.064637
0.065628
0.064637
0.064637
0.065628
0.064637
0.064637
0.065628
0.064637
0.064637
0.065628
0.064637
0.064637
0.064637
0.064637
0.064637
0.064637
0.064637
0.064637
0.064637
0.064637
0.064637
0.064637
0.064637
0.064637
0.064637
0.064637
0.064637
0.063647
0.064637
0.064637
0.063647
0.064637
0.064637
0.063647
0.064637
0.064661
0.063671
0.064661
0.064661
0.063671
0.064661
0.064661
0.063671
0.064661
0.064661
0.063671
0.064661
0.064661
0.063671
0.064661
0.064661
0.063671
0.064661
0.063671
0.063671
0.064661
0.063671
0.063671
0.063671
0.063671
0.063671
0.063671
0.063671
0.063671
0.063671
0.063671
0.063671
0.063671
0.063671
0.063671
0.063671
0.063671
0.063671
0.063671
0.063671
0.063671
0.063671
0.063671
0.063671
0.063671
0.063671
0.063671
0.063671
0.063671
0.063671
0.062682
0.063671
0.063671
0.062682
0.063710
0.063710
0.062722
0.063710
0.063710
0.062722
0.063710
0.063710
0.062722
0.063710
0.063710
0.062722
0.063710
0.063710
0.062722
0.063710
0.063710
0.062722
0.062722
0.063710
0.062722
0.062722
0.063710
0.062722
0.062722
0.063710
0.062722
0.062722
0.063710
0.062722
0.062722
0.063710
0.062722
0.062722
0.062722
0.062722
0.062722
0.062722
0.062722
0.062722
0.062722
0.062722
0.062722
0.062722
0.062722
0.062722
0.062722
0.062722
0.062722
0.062722
0.062722
0.062722
0.062722
0.062722
0.062722
0.062722
0.062777
0.062777
0.062777
0.062777
0.062777
0.062777
0.062777
0.062777
0.061790
0.062777
0.062777
0.061790
0.062777
0.062777
0.061790
0.062777
0.062777
0.061790
0.062777
0.062777
0.061790
0.062777
0.062777
0.061790
0.062777
0.061790
0.061790
0.062777
0.061790
0.061790
0.062777
0.061790
0.061790
0.062777
0.061790
0.061790
0.062777
0.061790
0.061790
0.062777
0.061790
0.061790
0.062777
0.061790
0.061790
0.062777
0.061790
0.061790
0.062777
0.061790
0.061790
0.062777
0.061790
0.061790
0.061790
0.061790
0.061790
0.061790
0.061790
0.061790
0.061790
0.061790
0.061790
0.061790
0.061790
0.061790
0.061790
0.061790
0.061790
0.061790
0.061790
0.061790
0.061790
0.061790
0.061790
0.061790
0.061790
0.061790
0.061790
0.061790
0.061790
0.061790
0.061863
0.061863
0.061863
0.061863
0.061863
0.061863
0.061863
0.061863
0.061863
0.061863
0.061863
0.061863
0.061863
0.061863
0.060877
0.061863
0.061863
0.060877
0.060877
0.061863
0.060877
0.060877
0.061863
0.060877
0.060877
0.061863
0.060877
0.060877
0.061863
0.060877
0.060877
0.061863
0.060877
0.060877
0.061863
0.060877
0.060877
0.061863
0.060877
0.060877
0.061863
0.060877
0.060877
0.061863
0.060877
0.060877
0.061863
0.060877
0.060877
0.061863
0.060877
0.060877
0.061863
0.060877
0.060877
0.061863
0.060877
0.060877
0.061863
0.060877
0.060877
0.061863
0.060877
0.060877
0.061863
0.060877
0.060877
0.060877
0.060877
0.060877
0.060877
0.060877
0.060877
0.060877
0.060877
0.060877
0.060877
0.060877
0.060877
0.060877
0.060877
0.060877
0.060877
0.060877
0.060877
0.060877
0.060877
0.060877
0.060877
0.061863
0.060877
0.060877
0.061863
0.061863
0.060877
0.061863
0.061863
0.060877
0.061863
0.061863
0.061863
0.061863
0.061863
0.061863
0.062849
0.061863
0.061863
0.062849
0.062849
0.061863
0.062849
0.062849
0.061863
0.061863
0.062936
0.062936
0.061952
0.062936
0.062936
0.061952
0.062936
0.062936
0.062936
0.062936
0.062936
0.062936
0.063922
0.062936
0.062936
0.063922
0.062936
0.062936
0.063922
0.063922
0.062936
0.063922
0.063922
0.063922
0.063922
0.063922
0.063922
0.063922
0.063922
0.063922
0.063922
0.063922
0.063922
0.063922
0.063922
0.063922
0.063922
0.063922
0.063922
0.063922
0.063922
0.063922
0.063922
0.063922
0.063922
0.062936
0.063922
0.063922
0.062936
0.063922
0.062936
0.062936
0.063922
0.062936
0.062936
0.063922
0.062936
0.062936
0.063922
0.062936
0.062936
0.063922
0.062936
0.062936
0.063922
0.062936
0.062936
0.063922
0.062936
0.062936
0.063922
0.062936
0.062936
0.063922
0.062936
0.062936
0.063922
0.062936
0.062936
0.063922
0.062936
0.062936
0.063922
0.062936
0.062936
0.063922
0.062936
0.062936
0.062936
0.062936
0.062936
0.061952
0.062936
0.062936
0.061952
0.062936
0.062936
0.061952
0.062936
0.062936
0.061952
0.062936
0.062936
0.061952
0.062936
0.062936
0.061952
0.063040
0.063040
0.062056
0.063040
0.063040
0.062056
0.063040
0.063040
0.062056
0.063040
0.063040
0.062056
0.063040
0.063040
0.062056
0.063040
0.063040
0.062056
0.063040
0.063040
0.062056
0.063040
0.063040
0.062056
0.063040
0.063040
0.062056
0.063040
0.063040
0.062056
0.063040
0.062056
0.062056
0.062056
0.062056
0.062056
0.062056
0.062056
0.062056
0.062056
0.062056
0.062056
0.062056
0.062056
0.062056
0.062056
0.062056
0.062056
0.062056
0.062056
0.062056
0.062056
0.062056
0.062056
0.062056
0.062056
0.062056
0.062056
0.062056
0.062056
0.062056
0.062056
0.062056
0.062056
0.062056
0.062056
0.062056
0.062056
0.062056
0.062056
0.062056
0.062056
0.062056
0.062056
0.062056
0.062056
0.062056
0.062056
0.062056
0.061074
0.062056
0.062056
0.061074
0.062056
0.062056
0.061074
0.062056
0.062056
0.061074
0.062056
0.062056
0.061074
0.062056
0.062056
0.061074
0.062056
0.062056
0.061074
0.062056
0.062056
0.061074
0.062056
0.062056
0.061074
0.062056
0.062056
0.061074
0.062056
0.061074
0.061074
0.062056
0.061074
0.061074
0.062056
0.061074
0.061074
0.062056
0.061074
0.061074
0.062056
0.061074
0.061074
0.062056
0.061074
0.061074
0.061074
0.061074
0.061074
0.061074
0.061074
0.061074
0.061074
0.061074
0.061074
0.061074
0.061074
0.061074
0.061074
0.061074
0.061074
0.061074
0.061074
0.061074
0.061074
0.061074
0.061074
0.061074
0.061074
0.061074
0.061074
0.061074
0.061074
0.061074
0.061074
0.061074
0.061074
0.061074
0.061074
0.061074
0.061074
0.061074
0.061196
0.061196
0.061196
0.061196
0.061196
0.061196
0.061196
0.061196
0.061196
0.061196
0.060216
0.061196
0.061196
0.060216
0.061196
0.061196
0.060216
0.061196
0.061196
0.060216
0.061196
0.061196
0.060216
0.061196
0.061196
0.060216
0.061196
0.061196
0.060216
0.061196
0.061196
0.060216
0.061196
0.061196
0.060216
0.061196
0.061196
0.060216
0.061196
0.061196
0.060216
0.061196
0.061196
0.060216
0.061196
0.061196
0.060216
0.061196
0.061196
0.060216
0.061196
0.061196
0.060216
0.061196
0.061196
0.060216
0.061196
0.061196
0.060216
0.060216
0.061196
0.060216
0.060216
0.061196
0.060216
0.060216
0.061196
0.060216
0.060216
0.061196
0.060216
0.060216
0.061196
0.060216
0.060216
0.061196
0.060216
0.060216
0.061196
0.060216
0.060216
0.061196
0.060216
0.060216
0.061196
0.060216
0.060216
0.061196
0.060216
0.060216
0.061196
0.060216
0.060216
0.061196
0.060216
0.060216
0.061196
0.060216
0.060216
0.061196
0.060216
0.060216
0.061196
0.060216
0.060216
0.060216
0.060216
0.060216
0.060216
0.060216
0.060216
0.060216
0.060216
0.060216
0.060216
0.060216
0.060216
0.060216
0.060216
0.060216
0.060216
0.060216
0.060216
0.060216
0.060216
0.060216
0.060216
0.061196
0.060216
0.060216
0.061196
0.060216
0.060216
0.061196
0.061196
0.060216
0.061196
0.061196
0.061196
0.061196
0.061196
0.061196
0.061196
0.061196
0.061196
0.062177
0.061196
0.061196
0.062177
0.062177
0.061196
0.061196
0.062177
0.062177
0.061196
0.062177
0.062177
0.061196
0.062177
0.062177
0.062177
0.062177
0.062177
0.062177
0.063159
0.062177
0.062177
0.063159
0.062177
0.062177
0.063159
0.063159
0.062177
0.063159
0.063159
0.062177
0.063159
0.063159
0.063159
0.063159
0.063159
0.063159
0.064140
0.063159
0.063159
0.064140
0.063159
0.063159
0.064140
0.064140
0.063159
0.064140
0.064140
0.064140
0.064140
0.064140
0.064140
0.063159
0.064140
0.064140
0.064140
0.064140
0.064140
0.064140
0.064023
0.064023
0.064023
0.065008
0.064023
0.064023
0.065008
0.064023
0.064023
0.065008
0.065008
0.064023
0.065008
0.065008
0.065008
0.065008
0.065008
0.065008
0.065008
0.065008
0.065008
0.065992
0.065008
0.065008
0.065992
0.065008
0.065008
0.065992
0.065992
0.065008
0.065894
0.065894
0.064908
0.065894
0.065894
0.065894
0.065894
0.065894
0.065894
0.065894
0.065894
0.065894
0.065894
0.065894
0.065894
0.065894
0.065894
0.065894
0.065894
0.066880
0.065894
0.065894
0.066880
0.065810
0.065810
0.066798
0.066798
0.065810
0.066798
0.066798
0.066798
0.066798
0.066798
0.066798
0.066798
0.066798
0.066798
0.067786
0.066798
0.066798
0.067786
0.066798
0.066798
0.067786
0.066731
0.066731
0.067720
0.067720
0.066731
0.067720
0.067720
0.066731
0.067720
0.067720
0.067720
0.067720
0.067720
0.067720
0.066731
0.067720
0.067720
0.067720
0.067720
0.067720
0.067668
0.067668
0.067668
0.067668
0.068659
0.067668
0.067668
0.068659
0.067668
0.067668
0.068659
0.068659
0.067668
0.068659
0.068659
0.067668
0.068659
0.068659
0.068659
0.068659
0.068659
0.068622
0.068622
0.068622
0.068622
0.068622
0.068622
0.068622
0.069613
0.068622
0.068622
0.069613
0.068622
0.068622
0.069613
0.069613
0.068622
0.069613
0.069613
0.068622
0.068622
0.069613
0.069613
0.068622
0.069613
0.069613
0.068600
0.069592
0.069592
0.068600
0.069592
0.069592
0.069592
0.069592
0.069592
0.069592
0.069592
0.069592
0.069592
0.070583
0.069592
0.069592
0.070583
0.069592
0.069592
0.070583
0.069592
0.069592
0.070583
0.070583
0.069592
0.070583
0.070583
0.069592
0.070583
0.070583
0.069592
0.070576
0.070576
0.070576
0.070576
0.070576
0.070576
0.070576
0.070576
0.070576
0.070576
0.070576
0.070576
0.070576
0.070576
0.070576
0.070576
0.070576
0.070576
0.070576
0.071568
0.070576
0.070576
0.071568
0.070576
0.070576
0.071568
0.070576
0.070576
0.071568
0.071568
0.070576
0.071568
0.071568
0.070576
0.071568
0.071568
0.070576
0.071568
0.071568
0.071568
0.071568
0.071568
0.071568
0.071568
0.071568
0.071568
0.071568
0.071568
0.071568
0.072560
0.071568
0.071568
0.072560
0.071568
0.071568
0.072560
0.071568
0.071568
0.071575
0.072567
0.071575
0.071575
0.072567
0.071575
0.071575
0.072567
0.071575
0.071575
0.072567
0.072567
0.071575
0.072567
0.072567
0.071575
0.072567
0.072567
0.071575
0.072567
0.072567
0.072567
0.072567
0.072567
0.072567
0.072567
0.072567
0.072567
0.072567
0.072567
0.072567
0.073559
0.072567
0.072567
0.073559
0.072567
0.072567
0.073559
0.072567
0.072567
0.073559
0.072567
0.072567
0.073559
0.073559
0.072567
0.072567
0.073559
0.072567
0.072567
0.073559
0.072567
0.072567
0.073559
0.073559
0.072567
0.073559
0.073559
0.072567
0.073559
0.073559
0.072567
0.073559
0.073559
0.072567
0.073559
0.073559
0.073559
0.073559
0.073559
0.073559
0.073559
0.073559
0.073559
0.073559
0.073559
0.073559
0.074552
0.073559
0.073559
0.074552
0.073559
0.073559
0.074552
0.073559
0.073559
0.074552
0.073559
0.073559
0.074552
0.074552
0.073559
0.073559
0.074552
0.073580
0.073580
0.074572
0.073580
0.073580
0.074572
0.073580
0.073580
0.074572
0.074572
0.073580
0.074572
0.074572
0.073580
0.074572
0.074572
0.073580
0.074572
0.074572
0.073580
0.074572
0.074572
0.074572
0.074572
0.074572
0.074572
0.074572
0.074572
0.074572
0.074572
0.074572
0.074572
0.074572
0.074572
0.074572
0.075565
0.074572
0.074572
0.075565
0.074572
0.074572
0.075565
0.074572
0.074572
0.074572
0.074572
0.074572
0.074572
0.075565
0.074572
0.074572
0.075565
0.074572
0.074572
0.075565
0.074572
0.074572
0.075598
0.074606
0.074606
0.075598
0.075598
0.074606
0.075598
0.075598
0.074606
0.075598
0.075598
0.074606
0.075598
0.075598
0.074606
0.075598
0.075598
0.074606
0.075598
0.075598
0.075598
0.075598
0.075598
0.075598
0.075598
0.075598
0.075598
0.075598
0.075598
0.075598
0.075598
0.075598
0.075598
0.076590
0.075598
0.075598
0.075598
0.075598
0.075598
0.075598
0.075598
0.075598
0.075598
0.075598
0.075598
0.075598
0.075598
0.075598
0.075598
0.076590
0.075598
0.075598
0.076590
0.075644
0.075644
0.076636
0.075644
0.075644
0.076636
0.075644
0.075644
0.076636
0.075644
0.075644
0.076636
0.076636
0.075644
0.076636
0.076636
0.075644
0.076636
0.076636
0.075644
0.076636
0.076636
0.075644
0.076636
0.076636
0.075644
0.076636
0.076636
0.076636
0.075644
0.076636
0.076636
0.075644
0.076636
0.076636
0.075644
0.076636
0.076636
0.075644
0.076636
0.076636
0.075644
0.076636
0.076636
0.076636
0.076636
0.076636
0.076636
0.076636
0.076636
0.076636
0.076636
0.076636
0.076636
0.076636
0.076636
0.076636
0.076636
0.076636
0.076636
0.077627
0.076636
0.076636
0.077627
0.076636
0.076636
0.077627
0.076636
0.076636
0.077627
0.076636
0.076636
0.077627
0.076694
0.076694
0.076694
0.076694
0.076694
0.076694
0.077685
0.076694
0.076694
0.077685
0.076694
0.076694
0.077685
0.076694
0.076694
0.077685
0.076694
0.076694
0.077685
0.076694
0.076694
0.077685
0.076694
0.076694
0.077685
0.077685
0.076694
0.077685
0.077685
0.076694
0.077685
0.077685
0.076694
0.077685
0.077685
0.076694
0.077685
0.077685
0.076694
0.077685
0.077685
0.076694
0.077685
0.077685
0.077685
0.077685
0.077685
0.077685
0.076694
0.077685
0.077685
0.076694
0.077685
0.077685
0.076694
0.077685
0.077685
0.076694
0.077685
0.077685
0.076694
0.077685
0.077685
0.077685
0.077685
0.077685
0.077685
0.077685
0.077685
0.077685
0.077685
0.077685
0.077685
0.077685
0.077685
0.077685
0.077685
0.077685
0.077685
0.077685
0.077685
0.077685
0.078677
0.077685
0.077685
0.078677
0.077685
0.077685
0.078677
0.077685
0.077685
0.078677
0.077685
0.077685
0.077685
0.077685
0.077685
0.077685
0.077685
0.077685
0.077685
0.077685
0.077685
0.077685
0.078677
0.077685
0.077685
0.078677
0.077685
0.077685
0.078677
0.077685
0.077685
0.078677
0.077756
0.077756
0.078746
0.077756
0.077756
0.078746
0.077756
0.077756
0.078746
0.077756
0.077756
0.078746
0.078746
0.077756
0.078746
0.078746
0.077756
0.078746
0.078746
0.077756
0.078746
0.078746
0.077756
0.078746
0.078746
0.077756
0.078746
0.078746
0.077756
0.077756
0.078746
0.077756
0.077756
0.078746
0.078746
0.077756
0.078746
0.078746
0.077756
0.078746
0.078746
0.077756
0.078746
0.078746
0.077756
0.078746
0.078746
0.077756
0.078746
0.078746
0.077756
0.078746
0.078746
0.077756
0.078746
0.078746
0.078746
0.078746
0.078746
0.078746
0.078746
0.078746
0.078746
0.078746
0.078746
0.078746
0.078746
0.078746
0.078746
0.078746
0.078746
0.078746
0.078746
0.078746
0.078746
0.077756
0.078746
0.078746
0.077756
0.078746
0.078746
0.078746
0.078746
0.078746
0.078746
0.078746
0.078746
0.078746
0.078746
0.078746
0.078746
0.078746
0.078746
0.078746
0.078746
0.078746
0.078746
0.078746
0.078746
0.078746
0.078746
0.078746
0.078746
0.079737
0.078829
0.078829
0.079819
0.078829
0.078829
0.079819
0.078829
0.078829
0.079819
0.078829
0.078829
0.079819
0.078829
0.078829
0.079819
0.078829
0.078829
0.078829
0.078829
0.078829
0.078829
0.078829
0.078829
0.078829
0.078829
0.078829
0.078829
0.079819
0.078829
0.078829
0.079819
0.078829
0.078829
0.079819
0.078829
0.078829
0.079819
0.078829
0.078829
0.079819
0.078829
0.078829
0.079819
0.078829
0.078829
0.079819
0.078829
0.078829
0.079819
0.078829
0.078829
0.079819
0.079819
0.078829
0.079819
0.079819
0.078829
0.079819
0.079819
0.078829
0.079819
0.079819
0.078829
0.078829
0.079819
0.078829
0.078829
0.079819
0.078829
0.078829
0.079819
0.078829
0.078829
0.079819
0.078829
0.078829
0.079819
0.078829
0.078829
0.079819
0.079819
0.078829
0.079819
0.079819
0.078829
0.079819
0.079819
0.078829
0.079819
0.079819
0.078829
0.079819
0.079819
0.078829
0.079819
0.079819
0.078829
0.079819
0.079819
0.078829
0.079819
0.079819
0.078829
0.079819
0.079819
0.078829
0.079819
0.079819
0.079819
0.079819
0.079819
0.079819
0.078829
0.079819
0.079819
0.078829
0.079819
0.079819
0.078829
0.079819
0.079819
0.078829
0.079819
0.079819
0.078829
0.079819
0.079819
0.078829
0.079819
0.079819
0.078829
0.079819
0.079819
0.078829
0.079819
0.079819
0.079819
0.079819
0.079819
0.079819
0.079819
0.079819
0.079819
0.079819
0.079819
0.079819
0.079819
0.079819
0.079819
0.079819
0.079819
0.079819
0.079912
0.079912
0.079912
0.079912
0.079912
0.079912
0.078924
0.079912
0.079912
0.078924
0.079912
0.079912
0.078924
0.079912
0.079912
0.079912
0.079912
0.079912
0.079912
0.079912
0.079912
0.079912
0.079912
0.079912
0.079912
0.079912
0.079912
0.079912
0.079912
0.079912
0.079912
0.079912
0.079912
0.079912
0.079912
0.079912
0.079912
0.079912
0.079912
0.079912
0.079912
0.079912
0.079912
0.079912
0.079912
0.079912
0.080901
0.079912
0.079912
0.080901
0.079912
0.079912
0.079912
0.079912
0.079912
0.079912
0.079912
0.079912
0.079912
0.079912
0.079912
0.079912
0.079912
0.079912
0.079912
0.079912
0.079912
0.079912
0.079912
0.079912
0.079912
0.079912
0.079912
0.079912
0.079912
0.079912
0.079912
0.080901
0.079912
0.079912
0.080901
0.079912
0.079912
0.080901
0.079912
0.079912
0.080901
0.079912
0.079912
0.080901
0.079912
0.079912
0.080901
0.079912
0.079912
0.080901
0.079912
0.079912
0.079912
0.079912
0.079912
0.079912
0.079912
0.079912
0.079912
0.079912
0.079912
0.079912
0.079912
0.079912
0.079912
0.080901
0.079912
0.079912
0.080901
0.079912
0.079912
0.080901
0.079912
0.079912
0.080901
0.079912
0.079912
0.080901
0.079912
0.079912
0.080901
0.079912
0.079912
0.080901
0.079912
0.079912
0.080901
0.079912
0.079912
0.080901
0.079912
0.079912
0.080901
0.079912
0.079912
0.080901
0.079912
0.079912
0.080901
0.080901
0.079912
0.079912
0.080901
0.079912
0.079912
0.080901
0.079912
0.079912
0.080901
0.079912
0.079912
0.080901
0.079912
0.079912
0.080901
0.079912
0.079912
0.080901
0.079912
0.079912
0.080901
0.079912
0.079912
0.080901
0.079912
0.079912
0.080901
0.079912
0.079912
0.080901
0.079912
0.079912
0.080901
0.080901
0.079912
0.080901
0.080901
0.079912
0.080901
0.080901
0.079912
0.080901
0.080901
0.079912
0.080901
0.080901
0.079912
0.079912
0.080901
0.079912
0.079912
0.080901
0.079912
0.079912
0.080901
0.079912
0.079912
0.080901
0.079912
0.079912
0.080901
0.079912
0.079912
0.080901
0.079912
0.079912
0.080901
0.079912
0.079912
0.080901
0.080901
0.079912
0.080901
0.080901
0.079912
0.080901
0.080901
0.079912
0.080901
0.081006
0.080019
0.081006
0.081006
0.080019
0.081006
0.081006
0.080019
0.081006
0.081006
0.080019
0.081006
0.081006
0.080019
0.080019
0.081006
0.080019
0.080019
0.081006
0.080019
0.080019
0.081006
0.080019
0.080019
0.081006
0.081006
0.080019
0.081006
0.081006
0.080019
0.081006
0.081006
0.080019
0.081006
0.081006
0.080019
0.081006
0.081006
0.080019
0.081006
0.081006
0.080019
0.081006
0.081006
0.080019
0.081006
0.081006
0.080019
0.081006
0.081006
0.080019
0.081006
0.081006
0.080019
0.081006
0.081006
0.080019
0.081006
0.081006
0.080019
0.080019
0.081006
0.080019
0.080019
0.081006
0.081006
0.080019
0.081006
0.081006
0.080019
0.081006
0.081006
0.080019
0.081006
0.081006
0.080019
0.081006
0.081006
0.080019
0.081006
0.081006
0.080019
0.081006
0.081006
0.080019
0.081006
0.081006
0.080019
0.081006
0.081006
0.080019
0.081006
0.081006
0.080019
0.081006
0.081006
0.080019
0.081006
0.081006
0.080019
0.081006
0.081006
0.081006
0.081006
0.081006
0.081006
0.081006
0.081006
0.081006
0.080019
0.081006
0.081006
0.080019
0.081006
0.081006
0.080019
0.081006
0.081006
0.080019
0.081006
0.081006
0.080019
0.081006
0.081006
0.080019
0.081006
0.081006
0.080019
0.081006
0.081006
0.080019
0.081006
0.081006
0.080019
0.081006
0.081006
0.080019
0.081006
0.081006
0.080019
0.081006
0.081006
0.081006
0.081006
0.081006
0.081006
0.081006
0.081006
0.081006
0.081006
0.081006
0.081006
0.081006
0.081006
0.081006
0.080019
0.081006
0.081006
0.080019
0.081006
0.081006
0.080019
0.081006
0.081006
0.080019
0.081006
0.081006
0.080019
0.081006
0.081006
0.080019
0.081006
0.081006
0.080019
0.081006
0.081006
0.080019
0.081006
0.081006
0.080019
0.081006
0.081006
0.081006
0.081006
0.081006
0.081006
0.081006
0.081006
0.081006
0.081006
0.081006
0.081006
0.081006
0.081006
0.081006
0.081006
0.081006
0.081006
0.081006
0.081006
0.081006
0.080019
0.081006
0.081006
0.080019
0.081006
0.081006
0.080019
0.081006
0.081006
0.080019
0.081006
0.081006
0.080019
0.081006
0.081006
0.080019
0.081006
0.081006
0.080019
0.081006
0.081006
0.081006
0.081006
0.081006
0.080019
0.081006
0.080019
0.080019
0.081006
0.080019
0.080019
0.080019
0.080019
0.080019
0.080019
0.080019
0.080019
0.080019
0.080019
0.079032
0.080019
0.080019
0.079032
0.080019
0.079032
0.079032
0.079032
0.079032
0.079032
0.078045
0.079032
0.079032
0.078045
0.079032
0.079032
0.078045
0.079032
0.078045
0.078045
0.079032
0.078045
0.078045
0.078045
0.078045
0.078045
0.078045
0.078045
0.078045
0.078045
0.078045
0.077058
0.078045
0.078045
0.077058
0.078045
0.077058
0.077058
0.078045
0.077058
0.077058
0.078045
0.077058
0.077058
0.077058
0.077058
0.077058
0.077058
0.077058
0.076072
0.077058
0.077058
0.076072
0.077058
0.077058
0.076072
0.076072
0.075961
0.075961
0.075961
0.075961
0.075961
0.075961
0.075961
0.075961
0.074973
0.075961
0.075961
0.074973
0.075961
0.074973
0.074973
0.075961
0.074973
0.074973
0.075961
0.074973
0.074973
0.074973
0.074973
0.074973
0.074973
0.074973
0.074973
0.074973
0.074973
0.073986
0.074973
0.074973
0.073986
0.074873
0.074873
0.073885
0.074873
0.073885
0.073885
0.074873
0.073885
0.073885
0.074873
0.073885
0.073885
0.072897
0.073885
0.073885
0.072897
0.073885
0.073885
0.072897
0.073885
0.072897
0.072897
0.073797
0.072808
0.072808
0.073797
0.072808
0.072808
0.073797
0.072808
0.072808
0.072808
0.072808
0.072808
0.072808
0.072808
0.072808
0.072808
0.072808
0.071819
0.072808
0.072808
0.071743
0.072732
0.072732
0.071743
0.072732
0.071743
0.071743
0.072732
0.071743
0.071743
0.072732
0.071743
0.071743
0.072732
0.071743
0.071743
0.070753
0.071743
0.071680
0.070689
0.071680
0.071680
0.070689
0.071680
0.071680
0.070689
0.071680
0.070689
0.070689
0.071680
0.070689
0.070689
0.071680
0.070689
0.070689
0.071680
0.070689
0.070640
0.070640
0.070640
0.070640
0.070640
0.070640
0.070640
0.070640
0.070640
0.070640
0.070640
0.070640
0.069649
0.070640
0.070640
0.069649
0.070640
0.070640
0.069649
0.070640
0.070605
0.069613
0.070605
0.069613
0.069613
0.069613
0.069613
0.069613
0.069613
0.069613
0.069613
0.069613
0.069613
0.069613
0.069613
0.069613
0.069613
0.068622
0.069613
0.069613
0.068622
0.069613
0.069613
0.068622
0.069592
0.069592
0.068600
0.069592
0.069592
0.068600
0.069592
0.068600
0.068600
0.069592
0.068600
0.068600
0.069592
0.068600
0.068600
0.069592
0.068600
0.068600
0.068600
0.068600
0.068600
0.068600
0.068600
0.068600
0.068600
0.068600
0.068600
0.068600
0.068600
0.068600
0.067609
0.068600
0.067609
0.067609
0.068593
0.067602
0.067602
0.068593
0.067602
0.067602
0.068593
0.067602
0.067602
0.068593
0.067602
0.067602
0.068593
0.067602
0.067602
0.067602
0.067602
0.067602
0.067602
0.067602
0.067602
0.067602
0.067602
0.067602
0.067602
0.067602
0.067602
0.067602
0.067602
0.066611
0.067602
0.067602
0.066611
0.067602
0.067602
0.066611
0.067602
0.067602
0.066611
0.067602
0.067602
0.066611
0.066611
0.067602
0.066611
0.066611
0.066611
0.066611
0.066611
0.066611
0.066611
0.066611
0.066611
0.066611
0.066611
0.066611
0.066611
0.066611
0.066611
0.066611
0.066611
0.066611
0.066611
0.065620
0.066611
0.066611
0.065620
0.066611
0.066611
0.065620
0.066611
0.066611
0.065628
0.066618
0.066618
0.065628
0.066618
0.066618
0.065628
0.066618
0.066618
0.065628
0.066618
0.065628
0.065628
0.066618
0.065628
0.065628
0.065628
0.065628
0.065628
0.065628
0.065628
0.065628
0.065628
0.065628
0.065628
0.065628
0.065628
0.065628
0.065628
0.065628
0.065628
0.064637
0.065628
0.065628
0.064637
0.065628
0.065628
0.064637
0.065628
0.065628
0.064637
0.065628
0.065628
0.064637
0.065628
0.065628
0.064637
0.065628
0.065628
0.064637
0.065628
0.064637
0.064637
0.065628
0.064637
0.064637
0.065628
0.064637
0.064637
0.065628
0.064637
0.064637
0.064637
0.064637
0.064637
0.064637
0.064637
0.064637
0.064637
0.064637
0.064637
0.064637
0.064637
0.064637
0.064637
0.064637
0.064637
0.063647
0.064637
0.064637
0.063647
0.064637
0.064637
0.063671
0.064661
0.064661
0.063671
0.064661
0.064661
0.063671
0.064661
0.064661
0.063671
0.064661
0.064661
0.063671
0.064661
0.064661
0.063671
0.064661
0.064661
0.063671
0.064661
0.063671
0.063671
0.064661
0.063671
0.063671
0.063671
0.063671
0.063671
0.063671
0.063671
0.063671
0.063671
0.063671
0.063671
0.063671
0.063671
0.063671
0.063671
0.063671
0.063671
0.063671
0.063671
0.063671
0.063671
0.063671
0.063671
0.063671
0.063671
0.063671
0.063671
0.063671
0.063671
0.062682
0.063671
0.063710
0.062722
0.063710
0.063710
0.062722
0.063710
0.063710
0.062722
0.063710
0.063710
0.062722
0.063710
0.063710
0.062722
0.063710
0.063710
0.062722
0.063710
0.063710
0.062722
0.062722
0.063710
0.062722
0.062722
0.063710
0.062722
0.062722
0.063710
0.062722
0.062722
0.063710
0.062722
0.062722
0.063710
0.062722
0.062722
0.062722
0.062722
0.062722
0.062722
0.062722
0.062722
0.062722
0.062722
0.062722
0.062722
0.062722
0.062722
0.062722
0.062722
0.062722
0.062722
0.062722
0.062722
0.062722
0.062722
0.062777
0.062777
0.062777
0.062777
0.062777
0.062777
0.062777
0.062777
0.062777
0.062777
0.061790
0.062777
0.062777
0.061790
0.062777
0.062777
0.061790
0.062777
0.062777
0.061790
0.062777
0.062777
0.061790
0.062777
0.062777
0.061790
0.062777
0.061790
0.061790
0.062777
0.061790
0.061790
0.062777
0.061790
0.061790
0.062777
0.061790
0.061790
0.062777
0.061790
0.061790
0.062777
0.061790
0.061790
0.062777
0.061790
0.061790
0.062777
0.061790
0.061790
0.062777
0.061790
0.061790
0.062777
0.061790
0.061790
0.061790
0.061790
0.061790
0.061790
0.061790
0.061790
0.061790
0.061790
0.061790
0.061790
0.061790
0.061790
0.061790
0.061790
0.061790
0.061790
0.061790
0.061790
0.061790
0.061790
0.061790
0.061790
0.061790
0.061790
0.061790
0.061790
0.061863
0.061863
0.061863
0.061863
0.061863
0.061863
0.061863
0.061863
0.061863
0.061863
0.061863
0.061863
0.061863
0.060877
0.061863
0.061863
0.060877
0.061863
0.061863
0.060877
0.060877
0.061863
0.060877
0.060877
0.061863
0.060877
0.060877
0.061863
0.060877
0.060877
0.061863
0.060877
0.060877
0.061863
0.060877
0.060877
0.061863
0.060877
0.060877
0.061863
0.060877
0.060877
0.061863
0.060877
0.060877
0.061863
0.060877
0.060877
0.061863
0.060877
0.060877
0.061863
0.060877
0.060877
0.061863
0.060877
0.060877
0.061863
0.060877
0.060877
0.061863
0.060877
0.060877
0.061863
0.060877
0.060877
0.061863
0.060877
0.060877
0.060877
0.060877
0.060877
0.060877
0.060877
0.060877
0.060877
0.060877
0.060877
0.060877
0.060877
0.060877
0.060877
0.060877
0.060877
0.060877
0.060877
0.060877
0.060877
0.060877
0.060877
0.060877
0.060877
0.060877
0.060877
0.060877
0.060877
0.060877
0.060877
0.060877
0.060877
0.060877
0.060877
0.060877
0.060877
0.060877
0.060877
0.060877
0.060877
0.060877
0.060877
0.060877
0.060877
0.060877
0.060877
0.060967
0.059983
0.060967
0.060967
0.059983
0.060967
0.060967
0.059983
0.060967
0.060967
0.059983
0.060967
0.060967
0.059983
0.060967
0.060967
0.059983
0.060967
0.060967
0.059983
0.060967
0.060967
0.059983
0.060967
0.060967
0.059983
0.060967
0.060967
0.059983
0.060967
0.060967
0.059983
0.060967
0.060967
0.059983
0.060967
0.060967
0.059983
0.060967
0.060967
0.059983
0.060967
0.060967
0.059983
0.060967
0.060967
0.059983
0.059983
0.060967
0.059983
0.059983
0.060967
0.059983
0.059983
0.060967
0.059983
0.059983
0.060967
0.059983
0.059983
0.060967
0.059983
0.059983
0.060967
0.059983
0.059983
0.060967
0.059983
0.059983
0.060967
0.059983
0.059983
0.060967
0.059983
0.059983
0.060967
0.059983
0.059983
0.060967
0.059983
0.059983
0.060967
0.059983
0.059983
0.060967
0.059983
0.059983
0.060967
0.059983
0.059983
0.060967
0.059983
0.059983
0.059983
0.060967
0.060967
0.060967
0.061952
0.061952
0.061952
0.062936
0.062936
0.062936
0.064023
0.064023
0.064023
0.065008
0.065008
0.065008
0.065992
0.065992
0.065992
0.066978
0.066978
0.066978
0.067963
0.067868
0.066880
0.068855
0.068855
0.068855
0.069843
0.069843
0.069843
0.070831
0.070831
0.070831
0.071819
0.071819
0.071819
0.072808
0.072808
0.072808
0.073797
0.073797
0.073797
0.074786
0.074786
0.074786
0.075776
0.075776
0.075776
0.075776
0.076766
0.076766
0.076766
0.077756
0.077756
0.077756
0.078746
0.078746
0.078746
0.079737
0.079737
0.079737
0.080728
0.080728
0.079737
0.081719
0.081719
0.081719
0.082710
0.082710
0.082710
0.082710
0.082710
0.083702
0.084694
0.084770
0.084770
0.085685
0.085685
0.084694
0.085685
0.086678
0.086753
0.087744
0.087744
0.087670
0.087670
0.087670
0.088736
0.089727
0.089727
0.089727
0.090648
0.089655
0.089655
0.089727
0.091712
0.091712
0.091712
0.092704
0.092704
0.091641
0.092704
0.092704
0.093696
0.094689
0.094689
0.093696
0.094620
0.094620
0.094689
0.096675
0.096675
0.096675
0.097668
0.097668
0.096607
0.097668
0.097668
0.098661
0.099654
0.099654
0.099654
0.100648
0.099589
0.099654
0.100648
0.101642
0.101642
0.102635
0.102635
0.101642
0.102572
0.102635
0.102635
0.104623
0.104623
0.104623
0.105617
0.104623
0.104561
0.104623
0.105617
0.105617
0.106611
0.107606
0.107606
0.106611
0.107545
0.107606
0.107606
0.108600
0.109595
0.109595
0.110589
0.110589
0.109595
0.110589
0.110589
0.110589
0.111584
0.112579
0.112579
0.113574
0.113574
0.112579
0.113574
0.113574
0.113574
0.114569
0.115564
0.115564
0.116559
0.116559
0.115564
0.116559
0.116559
0.116559
0.117554
0.118550
0.118550
0.119545
0.119545
0.118550
0.119545
0.119545
0.119545
0.119545
0.120540
0.121536
0.121536
0.122532
0.121536
0.121536
0.122532
0.122532
0.122532
0.124523
0.124523
0.124523
0.125519
0.124523
0.124523
0.125519
0.126515
0.126515
0.127570
0.127511
0.126515
0.127511
0.127511
0.128507
0.129503
0.129561
0.129503
0.129503
0.129503
0.129503
0.131495
0.131552
0.131552
0.132492
0.131495
0.131495
0.132492
0.132492
0.132492
0.133488
0.133488
0.134540
0.135536
0.135481
0.134484
0.135481
0.135481
0.135481
0.136532
0.137528
0.137528
0.137528
0.137474
0.137474
0.137474
0.138470
0.138470
0.138470
0.139467
0.139521
0.140517
0.141513
0.141513
0.140464
0.141460
0.141460
0.141460
0.142457
0.142457
0.142510
0.144503
0.144503
0.143506
0.144451
0.144451
0.144451
0.145448
0.145499
0.146496
0.147492
0.147492
0.146496
0.147442
0.147442
0.147492
0.148489
0.148489
0.149486
0.150483
0.149486
0.149436
0.150433
0.150433
0.150483
0.150483
0.152476
0.152476
0.152476
0.153473
0.152476
0.152427
0.153424
0.153424
0.153424
0.154470
0.154470
0.154470
0.155467
0.156464
0.156464
0.156464
0.156416
0.156464
0.157461
0.157461
0.157461
0.158458
0.159455
0.159455
0.159455
0.159408
0.159455
0.160452
0.160452
0.160452
0.161450
0.162447
0.162447
0.162447
0.162401
0.162401
0.163444
0.163444
0.163444
0.164441
0.164441
0.164441
0.166436
0.166436
0.165439
0.165393
0.166391
0.166391
0.166391
0.167389
0.167434
0.167434
0.168431
0.168431
0.169428
0.170426
0.170426
0.170426
0.170382
0.170382
0.170382
0.171423
0.172421
0.172421
0.173419
0.173419
0.173419
0.173375
0.173375
0.173375
0.174373
0.175414
0.175414
0.176411
0.176411
0.176411
0.177409
0.176369
0.176369
0.177367
0.178365
0.178407
0.179405
0.179405
0.179405
0.180402
0.180402
0.179363
0.180361
0.181359
0.181359
0.181359
0.182398
0.182398
0.182398
0.183396
0.183396
0.183355
0.184353
0.184353
0.184353
0.185351
0.185391
0.185391
0.186389
0.186389
0.186389
0.187347
0.187347
0.187347
0.188345
0.188385
0.188385
0.189383
0.189383
0.189383
0.190381
0.190381
0.190342
0.191340
0.191379
0.191379
0.192377
0.192377
0.192377
0.193375
0.193375
0.193375
0.194373
0.194373
0.194373
0.195371
0.195371
0.195371
0.196370
0.196370
0.196370
0.197368
0.197368
0.198409
0.197411
0.198366
0.198366
0.198366
0.199364
0.199407
0.199364
0.200325
0.200325
0.200325
0.201323
0.201323
0.201323
0.202359
0.202359
0.202359
0.203357
0.203357
0.203357
0.204355
0.204355
0.204355
0.205353
0.205353
0.205353
0.206352
0.206352
0.206352
0.207350
0.207350
0.207350
0.208348
0.208389
0.208348
0.209347
0.209347
0.209347
0.210345
0.210345
0.210385
0.211384
0.211384
0.211384
0.212382
0.212342
0.212342
0.212382
0.213380
0.213380
0.213380
0.214378
0.214378
0.214378
0.215376
0.215376
0.215376
0.216375
0.216375
0.216375
0.217373
0.217373
0.217417
0.218415
0.218415
0.218415
0.219370
0.219370
0.219413
0.220411
0.220411
0.220411
0.221409
0.221409
0.221409
0.222407
0.222407
0.222407
0.223405
0.223405
0.223405
0.224450
0.224450
0.224450
0.225448
0.225402
0.225448
0.226446
0.226446
0.226446
0.227444
0.227444
0.227444
0.227444
0.228443
0.228443
0.228443
0.229441
0.229441
0.229491
0.230439
0.230439
0.230439
0.231437
0.231487
0.231487
0.232484
0.232484
0.231487
0.233482
0.233482
0.233482
0.234480
0.234480
0.234480
0.235478
0.235478
0.235478
0.236476
0.236476
0.236428
0.237474
0.237474
0.237474
0.238472
0.238424
0.238424
0.239422
0.239422
0.239422
0.240420
0.240420
0.240420
0.241419
0.241375
0.241375
0.242417
0.242417
0.242374
0.242374
0.243372
0.243372
0.243372
0.244371
0.244371
0.244371
0.245330
0.245330
0.245330
0.246329
0.246329
0.246329
0.247328
0.247328
0.247328
0.248326
0.248326
0.248326
0.249325
0.249325
0.249325
0.250290
0.250290
0.250290
0.251289
0.251289
0.251289
0.252288
0.252288
0.252288
0.253286
0.253286
0.253286
0.254285
0.254285
0.254285
0.255284
0.255284
0.255284
0.256283
0.256283
0.256283
0.257282
0.257282
0.257282
0.257253
0.257253
0.258252
0.258252
0.259251
0.259251
0.259251
0.260250
0.260250
0.260250
0.261249
0.261249
0.261249
0.262248
0.262248
0.262248
0.263247
0.263247
0.263247
0.264246
0.264246
0.264246
0.265273
0.265273
0.265273
0.266272
0.266272
0.266272
0.267271
0.267271
0.267271
0.268270
0.268270
0.268270
0.269269
0.269269
0.269269
0.270268
0.270300
0.270300
0.271299
0.271299
0.271299
0.272298
0.272298
0.272298
0.273297
0.273331
0.273331
0.273331
0.274330
0.274330
0.274330
0.275367
0.275367
0.275367
0.276366
0.276366
0.276407
0.277406
0.277406
0.277406
0.278449
0.278449
0.278449
0.279448
0.279496
0.279496
0.280494
0.280494
0.280446
0.281322
0.281288
0.281288
0.282321
0.282321
0.282358
0.283357
0.283357
0.283397
0.284396
0.283397
0.283441
0.284440
0.284440
0.284487
0.285486
0.285536
0.285536
0.285536
0.285591
0.285591
0.286646
0.286646
0.286646
0.285710
0.286707
0.286772
0.286772
0.287769
0.286840
0.286840
0.287908
0.287908
0.286986
0.287983
0.287983
0.288061
0.288061
0.288142
0.288142
0.288142
0.288227
0.288227
0.288227
0.288316
0.288316
0.288408
0.288408
0.288408
0.288503
0.288503
0.288503
0.288602
0.288602
0.287607
0.288704
0.288704
0.287710
0.288810
0.287816
0.287816
0.288810
0.287925
0.287925
0.287925
0.288038
0.287045
0.288038
0.288038
0.287162
0.287162
0.287162
0.287162
0.286170
0.287282
0.286290
0.286290
0.287282
0.286414
0.286414
0.286414
0.286414
0.285422
0.286541
0.286541
0.285550
0.286541
0.285550
0.285682
0.285682
0.285682
0.285682
0.285682
0.285816
0.284826
0.285816
0.284826
0.284826
0.284965
0.284965
0.284965
0.284965
0.284965
0.284118
0.285107
0.284118
0.284118
0.284264
0.284264
0.283275
0.284264
0.283275
0.283425
0.283425
0.283425
0.282438
0.282592
0.282592
0.282592
0.281604
0.282749
0.281762
0.281762
0.281924
0.281924
0.280938
0.281924
0.281103
0.281103
0.281103
0.281272
0.280287
0.281272
0.280460
0.279476
0.280460
0.279653
0.279653
0.279834
0.279834
0.278851
0.279036
0.279036
0.278243
0.279224
0.278243
0.277455
0.278435
0.277651
0.277651
0.277851
0.276872
0.277076
0.277076
0.277283
0.276306
0.276518
0.276518
0.275757
0.276951
0.275976
0.275225
0.276199
0.275452
0.275452
0.274711
0.274945
0.274945
0.274213
0.275184
0.274456
0.274702
0.274702
0.274951
0.273984
0.274237
0.274494
0.273529
0.274754
0.274055
0.274055
0.274323
0.274594
0.273633
0.274869
0.274188
0.274188
0.274470
0.274756
0.273799
0.275045
0.274089
0.274383
0.274680
0.274680
0.274027
0.274980
0.274980
0.275283
0.275283
0.275283
0.275590
0.276541
0.275590
0.275900
0.276850
0.276850
0.276214
0.277162
0.277162
0.277478
0.276530
0.277478
0.276850
0.276850
0.277797
0.277173
0.277173
0.278119
0.277500
0.277500
0.277829
0.277829
0.276886
0.277220
0.277220
0.276279
0.277220
0.276617
0.275677
0.276617
0.276020
0.275082
0.275082
0.275082
0.274144
0.274492
0.273556
0.272621
0.272621
0.272621
0.271685
0.271685
0.270751
0.269817
0.269817
0.268883
0.267950
0.267950
0.267017
0.266455
0.265795
0.265485
0.265336
0.264181
0.263002
0.261897
0.261438
0.260530
0.259672
0.258478
0.258552
0.257645
0.256353
0.256328
0.255346
0.254030
0.254005
0.252714
0.251781
0.251781
0.250515
0.250540
0.249606
0.249252
0.249227
0.249227
0.248292
0.248292
0.248292
0.247940
0.247940
0.247004
0.247004
0.247004
0.247004
0.247004
0.247004
0.246654
0.246654
0.245717
0.245717
0.245717
0.245717
0.245717
0.245717
0.245717
0.245369
0.245369
0.245369
0.244432
0.244432
0.244432
0.244432
0.244086
0.244086
0.244086
0.243148
0.243148
0.243148
0.242804
0.242804
0.241866
0.241866
0.241866
0.241524
0.240585
0.240585
0.240585
0.239646
0.239305
0.239305
0.238365
0.238365
0.237426
0.237086
0.236146
0.236146
0.235206
0.235206
0.234267
0.233328
0.232987
0.232047
0.232047
0.231108
0.230170
0.229231
0.229231
0.228294
0.227706
0.226771
0.226771
0.225836
0.225836
0.224902
0.225260
0.224328
0.224328
0.224328
0.223397
0.223397
0.223761
0.222832
0.222832
0.222832
0.221903
0.222275
0.222275
0.221348
0.221348
0.221348
0.221348
0.221725
0.220801
0.220801
0.220801
0.220801
0.219877
0.220261
0.220261
0.220261
0.220261
0.220261
0.219340
0.219729
0.219729
0.219729
0.219729
0.219729
0.218810
0.218810
0.219205
0.219205
0.219205
0.219205
0.219205
0.218289
0.218689
0.218689
0.218689
0.218689
0.218689
0.218689
0.218181
0.218181
0.218181
0.218181
0.218181
0.217269
0.217269
0.217681
0.217681
0.217681
0.216772
0.216772
0.216772
0.217189
0.217189
0.216282
0.216282
0.216282
0.215376
0.215801
0.215801
0.215801
0.214898
0.214898
0.214898
0.213995
0.213995
0.213528
0.213528
0.213528
0.212629
0.212629
0.212629
0.211731
0.211731
0.210834
0.210834
0.209938
0.209938
0.209043
0.209490
0.208598
0.208598
0.207707
0.207707
0.206816
0.206816
0.205927
0.205927
0.205039
0.204152
0.204152
0.203266
0.202805
0.201918
0.201918
0.201032
0.201032
0.200147
0.199264
0.199264
0.197914
0.197914
0.197030
0.197030
0.196148
0.194797
0.194797
0.193915
0.193915
0.192564
0.192564
0.191682
0.191682
0.190331
0.190331
0.189449
0.188981
0.188098
0.188098
0.186748
0.186748
0.185866
0.185400
0.184516
0.184516
0.184516
0.183167
0.183167
0.182283
0.181819
0.181819
0.180472
0.180472
0.180472
0.179126
0.179126
0.178239
0.177781
0.177781
0.176893
0.176437
0.176437
0.176437
0.175094
0.175094
0.175094
0.173753
0.173753
0.173753
0.173306
0.172412
0.172412
0.171968
0.171968
0.171073
0.171073
0.170631
0.170631
0.169735
0.169296
0.169296
0.169296
0.167961
0.167961
0.167961
0.167529
0.166628
0.166628
0.166628
0.166199
0.165297
0.165297
0.164870
0.164870
0.163966
0.163542
0.163542
0.163542
0.163542
0.162216
0.162216
0.162216
0.161799
0.160891
0.160891
0.160477
0.160477
0.159568
0.159568
0.159157
0.159157
0.159157
0.157839
0.157839
0.157839
0.157839
0.156522
0.156522
0.156522
0.156122
0.155206
0.155206
0.155206
0.154810
0.153893
0.153893
0.153499
0.153499
0.152581
0.152581
0.152191
0.152191
0.151271
0.151271
0.150884
0.150884
0.149963
0.149963
0.149579
0.149579
0.148657
0.148277
0.148277
0.148277
0.147353
0.146976
0.146976
0.146976
0.146051
0.146051
0.145678
0.145678
0.144752
0.144752
0.144381
0.143454
0.143454
0.143454
0.143087
0.142158
0.142158
0.142158
0.142158
0.140865
0.140865
0.140865
0.139936
0.139936
0.139574
0.139574
0.138643
0.138643
0.138643
0.138286
0.137354
0.137354
0.137354
0.136422
0.136422
0.136066
0.136066
0.135133
0.135133
0.135133
0.134201
0.133847
0.133847
0.133847
0.132914
0.132914
0.132914
0.132914
0.131628
0.131628
0.131628
0.130694
0.130694
0.130694
0.130694
0.129761
0.129761
0.129410
0.129410
0.128476
0.128476
0.128476
0.128476
0.127167
0.126891
0.125556
0.125706
0.125957
0.126182
0.126383
0.126458
0.126433
0.125077
0.125938
0.124926
0.124875
0.123940
0.124901
0.124015
0.124040
0.123722
0.123748
0.122785
0.123722
0.123697
0.122760
0.123672
0.122760
0.122760
0.122421
0.122421
0.121483
0.122421
0.121483
0.121483
0.121483
0.121483
0.120545
0.121483
0.121483
0.120208
0.121149
0.120208
0.120208
0.120208
0.120208
0.119269
0.120208
0.119269
0.119269
0.120208
0.119269
0.119269
0.119269
0.118937
0.117996
0.117996
0.117996
0.117996
0.117056
0.117996
0.117056
0.117056
0.117996
0.117056
0.117056
0.117056
0.117056
0.116116
0.117056
0.115784
0.115784
0.115784
0.115784
0.115784
0.115784
0.115784
0.114843
0.115784
0.114843
0.114843
0.114843
0.114843
0.114843
0.114843
0.114843
0.113574
0.114516
0.113574
0.113574
0.113574
0.113574
0.112632
0.113574
0.113574
0.112632
0.113574
0.112632
0.112632
0.112632
0.112308
0.111364
0.112308
0.112308
0.111364
0.111364
0.111364
0.111364
0.110422
0.111364
0.110422
0.110422
0.111045
0.110100
0.110100
0.110100
0.110100
0.109156
0.110100
0.109156
0.109156
0.110100
0.109156
0.108839
0.108839
0.108839
0.107893
0.108839
0.107893
0.107893
0.108839
0.107893
0.107893
0.108531
0.108531
0.107583
0.108531
0.107583
0.107583
0.108531
0.107583
0.107583
0.108531
0.107583
0.107583
0.107280
0.107280
0.107280
0.107280
0.107280
0.107280
0.106330
0.107280
0.106330
0.106330
0.106986
0.106033
0.106033
0.106986
0.106033
0.106033
0.106033
0.106033
0.106033
0.105745
0.105745
0.105745
0.105745
0.105745
0.105745
0.105745
0.105745
0.104790
0.105745
0.105466
0.104508
0.105466
0.105466
0.104508
0.105466
0.105466
0.104508
0.105466
0.104508
0.104235
0.105195
0.104235
0.104235
0.105195
0.104235
0.104235
0.105195
0.104235
0.103971
0.104933
0.103971
0.103971
0.103010
0.103971
0.103971
0.103010
0.103971
0.103971
0.103010
0.103716
0.103716
0.102752
0.103716
0.102752
0.102752
0.103716
0.102752
0.102752
0.103716
0.102504
0.102504
0.103470
0.102504
0.102504
0.103470
0.102504
0.102504
0.102504
0.102504
0.102504
0.102504
0.102264
0.102264
0.102264
0.102264
0.102264
0.102264
0.102264
0.102264
0.102264
0.102264
0.101297
0.102264
0.102264
0.101064
0.102034
0.102034
0.101064
0.101064
0.102034
0.101064
0.101064
0.102034
0.101064
0.101064
0.102034
0.101064
0.101064
0.101064
0.100841
0.100841
0.100841
0.100841
0.100841
0.100841
0.100841
0.100841
0.100841
0.100841
0.100841
0.100841
0.100841
0.099870
0.100841
0.100841
0.099870
0.100841
0.100841
0.099654
0.100628
0.100628
0.099654
0.100628
0.100628
0.099654
0.100628
0.100628
0.099654
0.100628
0.099654
0.099654
0.100628
0.099654
0.099654
0.100628
0.099654
0.099654
0.099654
0.099654
0.099654
0.099654
0.099654
0.099448
0.099448
0.099448
0.099448
0.098473
0.099448
0.099448
0.098473
0.099448
0.099448
0.098473
0.099448
0.099448
0.098473
0.099448
0.099448
0.098473
0.099448
0.099448
0.098473
0.099448
0.099448
0.098473
0.099448
0.099448
0.098473
0.099448
0.098473
0.098473
0.099448
0.098473
0.098473
0.099252
0.098275
0.098275
0.099252
0.098275
0.098275
0.099252
0.098275
0.098275
0.098275
0.098275
0.098275
0.098275
0.098275
0.098275
0.098275
0.098275
0.098275
0.097299
0.098275
0.098275
0.097299
0.098275
0.098275
0.097299
0.098275
0.098275
0.097299
0.098275
0.098275
0.097299
0.098275
0.098275
0.097299
0.098275
0.098275
0.097299
0.098275
0.098087
0.097108
0.098087
0.098087
0.097108
0.098087
0.097108
0.097108
0.098087
0.097108
0.097108
0.098087
0.097108
0.097108
0.098087
0.097108
0.097108
0.097108
0.097108
0.097108
0.097108
0.097108
0.097108
0.097108
0.097108
0.097108
0.097108
0.097108
0.097108
0.097108
0.097108
0.097108
0.097108
0.097108
0.096928
0.096928
0.096928
0.096928
0.095948
0.096928
0.096928
0.095948
0.096928
0.096928
0.095948
0.096928
0.096928
0.095948
0.096928
0.096928
0.095948
0.096928
0.096928
0.095948
0.096928
0.096928
0.095948
0.096928
0.096928
0.095948
0.096928
0.096928
0.095948
0.095948
0.096928
0.095776
0.095776
0.096757
0.095776
0.095776
0.096757
0.095776
0.095776
0.095776
0.095776
0.095776
0.095776
0.095776
0.095776
0.095776
0.095776
0.095776
0.095776
0.095776
0.095776
0.095776
0.095776
0.095776
0.095776
0.095776
0.095776
0.095776
0.095776
0.095614
0.095614
0.095614
0.095614
0.095614
0.095614
0.095614
0.095614
0.095614
0.095614
0.095614
0.095614
0.095614
0.095614
0.095614
0.095614
0.095614
0.095614
0.095614
0.094631
0.095614
0.095614
0.094631
0.095614
0.094631
0.094631
0.095614
0.094631
0.094478
0.095462
0.094478
0.094478
0.095462
0.094478
0.094478
0.095462
0.094478
0.094478
0.095462
0.094478
0.094478
0.095462
0.094478
0.094478
0.095462
0.094478
0.094478
0.095462
0.094478
0.094478
0.095462
0.094478
0.094478
0.095462
0.094478
0.094478
0.095462
0.094478
0.094335
0.095321
0.094335
0.094335
0.095321
0.094335
0.094335
0.094335
0.094335
0.094335
0.094335
0.094335
0.094335
0.094335
0.094335
0.094335
0.094335
0.094335
0.094335
0.094335
0.094335
0.094335
0.094335
0.094335
0.094335
0.094335
0.094335
0.094335
0.094335
0.094335
0.094335
0.094335
0.094335
0.094335
0.094202
0.094202
0.094202
0.093215
0.094202
0.094202
0.093215
0.094202
0.094202
0.093215
0.094202
0.094202
0.093215
0.094202
0.094202
0.093215
0.094202
0.094202
0.093215
0.093215
0.094202
0.093215
0.093215
0.094202
0.093215
0.093215
0.094202
0.093215
0.093215
0.094202
0.093215
0.093215
0.094202
0.093215
0.093215
0.094202
0.093215
0.093215
0.094202
0.093215
0.093215
0.094202
0.093215
0.093215
0.094202
0.093091
0.093091
0.094080
0.093091
0.093091
0.094080
0.093091
0.093091
0.094080
0.093091
0.093091
0.094080
0.093091
0.093091
0.094080
0.093091
0.093091
0.094080
0.093091
0.093091
0.093091
0.093091
0.093091
0.093091
0.093091
0.093091
0.093091
0.093091
0.093091
0.093091
0.093091
0.093091
0.093091
0.093091
0.093091
0.093091
0.093091
0.093091
0.093091
0.093091
0.093091
0.093091
0.093091
0.093091
0.093091
0.093091
0.093091
0.093091
0.093091
0.093091
0.093091
0.093091
0.093091
0.093091
0.093091
0.093091
0.093091
0.093091
0.093091
0.093091
0.093091
0.093091
0.093091
0.093091
0.093091
0.093091
0.093091
0.093091
0.093091
0.092103
0.092978
0.092978
0.091989
0.092978
0.092978
0.091989
0.092978
0.092978
0.091989
0.092978
0.092978
0.091989
0.092978
0.092978
0.091989
0.092978
0.092978
0.091989
0.092978
0.092978
0.091989
0.092978
0.092978
0.091989
0.092978
0.092978
0.091989
0.092978
0.092978
0.091989
0.092978
0.092978
0.091989
0.092978
0.092978
0.091989
0.092978
0.092978
0.091989
0.092978
0.092978
0.091989
0.092978
0.092978
0.091989
0.091989
0.092978
0.091989
0.091989
0.092978
0.091989
0.091989
0.092978
0.091989
0.091989
0.092978
0.091989
0.091989
0.092978
0.091989
0.091989
0.092978
0.091989
0.091989
0.092978
0.091989
0.091989
0.092978
0.091989
0.091989
0.092978
0.091989
0.091989
0.092978
0.091989
0.091989
0.092978
0.091989
0.091989
0.092978
0.091989
0.091989
0.092978
0.091989
0.091989
0.092978
0.091989
0.091989
0.092978
0.091989
0.091989
0.091989
0.091989
0.091989
0.091989
0.091989
0.091989
0.091989
0.091989
0.091989
0.091989
0.091989
0.091989
0.091989
0.091989
0.091989
0.091989
0.091989
0.091989
0.091989
0.091989
0.091989
0.091989
0.091989
0.091989
0.091989
0.092978
0.091989
0.091989
0.092978
0.091989
0.091989
0.092978
0.091989
0.091989
0.092978
0.091989
0.091989
0.092978
0.091989
0.091989
0.092978
0.091989
0.091989
0.092978
0.091989
0.091989
0.091989
0.091989
0.091989
0.091989
0.091989
0.091989
0.091989
0.091989
0.091989
0.091989
0.091989
0.091989
0.091989
0.091989
0.091989
0.091989
0.091989
0.091989
0.091989
0.091989
0.091989
0.091989
0.091989
0.091989
0.091989
0.091989
0.091989
0.091989
0.091989
0.091989
0.091989
0.091989
0.091989
0.091989
0.091989
0.091989
0.091989
0.091989
0.091989
0.091000
0.091989
0.091989
0.091000
0.091989
0.091989
0.091000
0.091989
0.091000
0.091000
0.090011
0.091000
0.091000
0.090011
0.091000
0.090011
0.090011
0.090011
0.090011
0.090011
0.090011
0.090011
0.089022
0.090011
0.090011
0.089022
0.090011
0.090011
0.089022
0.090011
0.089022
0.089022
0.090011
0.089022
0.089022
0.090011
0.089022
0.089022
0.089022
0.089022
0.089022
0.089022
0.089022
0.088034
0.089022
0.089022
0.088034
0.089022
0.088034
0.088034
0.089022
0.088034
0.088034
0.088034
0.088034
0.088034
0.087046
0.088034
0.088034
0.087046
0.088034
0.088034
0.087046
0.088034
0.087046
0.087046
0.088034
0.087046
0.087046
0.088034
0.087046
0.087046
0.088034
0.087046
0.087046
0.088034
0.087046
0.087046
0.088034
0.087046
0.087046
0.087926
0.086937
0.086937
0.087926
0.086937
0.086937
0.087926
0.086937
0.086937
0.087926
0.086937
0.086937
0.087926
0.086937
0.086937
0.087926
0.086937
0.086937
0.087926
0.086937
0.086937
0.086937
0.087926
0.086937
0.086937
0.087926
0.086937
0.086937
0.087926
0.086937
0.086937
0.087926
0.086937
0.086937
0.087926
0.086937
0.086937
0.087926
0.086937
0.086937
0.087926
0.086937
0.086937
0.087926
0.086937
0.086937
0.087926
0.087926
0.086937
0.087926
0.087926
0.086937
0.087926
0.087926
0.086937
0.087926
0.087829
0.086839
0.087829
0.087829
0.086839
0.087829
0.087829
0.086839
0.087829
0.087829
0.086839
0.086839
0.087829
0.086839
0.086839
0.087829
0.086839
0.086839
0.087829
0.087829
0.086839
0.087829
0.087829
0.086839
0.087829
0.087829
0.086839
0.087829
0.087744
0.086753
0.087744
0.087744
0.086753
0.087744
0.087744
0.086753
0.087744
0.087744
0.086753
0.087744
0.087744
0.086753
0.087744
0.087744
0.087744
0.087744
0.087744
0.087744
0.087744
0.087744
0.087670
0.087670
0.087670
0.087670
0.087670
0.087670
0.087670
0.086678
0.087670
0.087670
0.086678
0.087670
0.087670
0.086678
0.087670
0.087670
0.087670
0.087670
0.087670
0.087670
0.087670
0.087670
0.087670
0.087670
0.087607
0.087607
0.087607
0.087607
0.087607
0.087607
0.087607
0.087607
0.087607
0.087607
0.087607
0.087607
0.087607
0.087607
0.088600
0.087607
0.087607
0.088600
0.087607
0.087607
0.088600
0.087607
0.087607
0.088600
0.087607
0.087607
0.088600
0.087607
0.087556
0.088549
0.087556
0.087556
0.087556
0.087556
0.087556
0.087556
0.087556
0.087556
0.087556
0.088549
0.087556
0.087556
0.088549
0.087556
0.087556
0.088549
0.087556
0.087556
0.088549
0.087556
0.087556
0.088549
0.087556
0.087556
0.088549
0.087556
0.087556
0.088549
0.087556
0.087556
0.088549
0.087556
0.087556
0.088549
0.087556
0.087556
0.088549
0.087556
0.087556
0.088549
0.087556
0.087556
0.088549
0.088549
0.087556
0.088549
0.088549
0.087556
0.087556
0.088549
0.087556
0.087556
0.088549
0.087556
0.087556
0.088549
0.087556
0.087556
0.088549
0.087556
0.087556
0.088549
0.087556
0.087556
0.088549
0.087556
0.087556
0.088549
0.087556
0.087556
0.088549
0.087556
0.087556
0.088549
0.088549
0.087556
0.088549
0.088549
0.087556
0.088549
0.088549
0.087556
0.088549
0.088549
0.087556
0.088549
0.088549
0.087556
0.088549
0.088549
0.087556
0.088549
0.088600
0.087607
0.087607
0.088600
0.087607
0.087607
0.088600
0.087607
0.087607
0.088600
0.088600
0.087607
0.088600
0.088600
0.087607
0.088600
0.088600
0.087607
0.088600
0.088600
0.087607
0.088600
0.088600
0.087607
0.088600
0.088600
0.087607
0.088600
0.088600
0.087607
0.088600
0.088600
0.087607
0.088600
0.088600
0.088662
0.088662
0.088662
0.088662
0.088662
0.088662
0.088662
0.088662
0.088662
0.088662
0.088662
0.088662
0.088662
0.087670
0.088662
0.088662
0.087670
0.088662
0.088662
0.087670
0.088662
0.088662
0.088662
0.088662
0.088662
0.088662
0.088662
0.088662
0.088662
0.088662
0.088662
0.088662
0.088662
0.088662
0.088662
0.088662
0.088662
0.088662
0.088662
0.088662
0.088662
0.088662
0.088662
0.088662
0.088662
0.088736
0.088736
0.089727
0.088736
0.088736
0.089727
0.088736
0.088736
0.089727
0.088736
0.088736
0.089727
0.088736
0.088736
0.089727
0.088736
0.088736
0.088736
0.088736
0.088736
0.088736
0.088736
0.088736
0.088736
0.088736
0.088736
0.088736
0.088736
0.088736
0.088736
0.089727
0.088736
0.088736
0.089727
0.088736
0.088736
0.089727
0.088736
0.088736
0.089727
0.088736
0.088736
0.089727
0.088736
0.088736
0.089727
0.088736
0.088736
0.089727
0.088736
0.088736
0.089727
0.088736
0.088736
0.089727
0.088736
0.088736
0.089727
0.089727
0.088736
0.089727
0.089727
0.088736
0.088736
0.089727
0.088736
0.088736
0.089727
0.088736
0.088736
0.089727
0.088736
0.088736
0.089727
0.088736
0.088736
0.089727
0.088736
0.088736
0.089727
0.088736
0.088736
0.089727
0.088736
0.088736
0.089727
0.088736
0.088736
0.089727
0.089727
0.088736
0.089727
0.089727
0.088736
0.089727
0.089727
0.088736
0.089727
0.089727
0.088736
0.089727
0.089727
0.088736
0.089655
0.089655
0.088662
0.089655
0.089655
0.088662
0.088662
0.089655
0.088662
0.088662
0.089655
0.088662
0.088662
0.089655
0.088662
0.088662
0.089655
0.088662
0.088662
0.089655
0.089655
0.088662
0.089655
0.089655
0.088662
0.089655
0.089655
0.088662
0.089655
0.089655
0.088662
0.089655
0.089655
0.088662
0.089655
0.089655
0.088662
0.089655
0.089655
0.088662
0.089655
0.089655
0.088662
0.089655
0.089655
0.088662
0.089655
0.089655
0.088662
0.089655
0.089655
0.088662
0.088662
0.089655
0.089655
0.088662
0.089655
0.089655
0.088662
0.089655
0.089655
0.088662
0.089655
0.089655
0.088662
0.089655
0.089655
0.088662
0.089655
0.089655
0.088662
0.089655
0.089655
0.088662
0.089655
0.089655
0.088662
0.089655
0.089655
0.088662
0.089655
0.089655
0.088662
0.089655
0.089655
0.088662
0.089655
0.089655
0.088662
0.089655
0.089655
0.089655
0.089655
0.089655
0.089655
0.089655
0.089655
0.089655
0.089655
0.089655
0.089655
0.088662
0.089655
0.089655
0.088662
0.089655
0.089655
0.088662
0.089655
0.089655
0.088662
0.089655
0.089655
0.088662
0.089655
0.089655
0.088662
0.089655
0.089655
0.088662
0.089655
0.089655
0.088662
0.089727
0.089727
0.089727
0.089727
0.089727
0.089727
0.089727
0.089727
0.089727
0.089727
0.089727
0.089727
0.089727
0.089727
0.089727
0.089727
0.089727
0.089727
0.089727
0.089727
0.089727
0.089727
0.089727
0.089727
0.088736
0.089727
0.089727
0.088736
0.089727
0.089727
0.088736
0.089727
0.089727
0.088736
0.089727
0.089727
0.089727
0.089727
0.089727
0.089727
0.089727
0.089727
0.089727
0.089727
0.089727
0.089727
0.089727
0.089727
0.089727
0.089727
0.089727
0.089727
0.089727
0.089727
0.089727
0.089727
0.089727
0.089727
0.089727
0.089727
0.089727
0.089727
0.089727
0.089727
0.089727
0.089727
0.089727
0.089727
0.089727
0.089727
0.088736
0.089727
0.089727
0.089727
0.089727
0.089727
0.089727
0.089727
0.089727
0.089727
0.089727
0.089727
0.089727
0.089727
0.089727
0.089727
0.089727
0.089727
0.089727
0.089727
0.089727
0.089727
0.089727
0.089811
0.089811
0.089811
0.089811
0.089811
0.089811
0.089811
0.089811
0.089811
0.089811
0.089811
0.089811
0.089811
0.089811
0.090802
0.089811
0.089811
0.090802
0.089811
0.089811
0.090802
0.089811
0.089811
0.089811
0.089811
0.089811
0.089811
0.089811
0.089811
0.089811
0.089811
0.089811
0.089811
0.089811
0.089811
0.089811
0.089811
0.089811
0.089811
0.089811
0.089811
0.089811
0.089811
0.089811
0.089811
0.089811
0.089811
0.089811
0.089811
0.089811
0.089811
0.090802
0.089811
0.089811
0.090802
0.089811
0.089811
0.090802
0.089811
0.089811
0.090802
0.089811
0.089811
0.090802
0.089811
0.089811
0.090802
0.089811
0.089811
0.090802
0.089811
0.089811
0.089811
0.089811
0.089811
0.089811
0.089811
0.089811
0.089811
0.089811
0.089811
0.089811
0.089811
0.089811
0.089811
0.089811
0.089811
0.089811
0.090802
0.089811
0.089811
0.090802
0.089811
0.089811
0.090802
0.089811
0.089811
0.090802
0.089811
0.089811
0.090802
0.089811
0.089811
0.090802
0.089811
0.089811
0.090802
0.089811
0.089811
0.090802
0.089811
0.089811
0.090802
0.089811
0.089811
0.090802
0.089811
0.089811
0.089811
0.089811
0.089811
0.089811
0.089811
0.089811
0.089811
0.089811
0.089811
0.089811
0.090802
0.089811
0.089811
0.090802
0.089811
0.089811
0.090802
0.089811
0.089811
0.090802
0.089811
0.089811
0.090802
0.089811
0.089811
0.090802
0.089811
0.089811
0.090802
0.089811
0.089811
0.090802
0.089811
0.089811
0.090802
0.089811
0.089811
0.090802
0.089811
0.089811
0.090802
0.089811
0.089811
0.090802
0.089811
0.089811
0.089811
0.089811
0.089811
0.089811
0.089811
0.089811
0.089811
0.090802
0.089811
0.089811
0.090802
0.089811
0.089811
0.090802
0.089811
0.089811
0.090802
0.089811
0.089811
0.090802
0.089811
0.089811
0.090802
0.089811
0.089811
0.090802
0.089811
0.089811
0.090802
0.089811
0.089811
0.090802
0.089811
0.089811
0.090802
0.089811
0.089811
0.090802
0.089811
0.089811
0.090802
0.089811
0.089811
0.090802
0.089811
0.089811
0.089811
0.090802
0.089811
0.089811
0.090802
0.089811
0.089811
0.090802
0.089811
0.089811
0.090802
0.089811
0.089811
0.090802
0.089811
0.089811
0.090802
0.089811
0.089811
0.090802
0.089811
0.089811
0.090802
0.089811
0.089811
0.090802
0.089811
0.089811
0.090802
0.089811
0.089811
0.090802
0.089811
0.089811
0.090802
0.089811
0.089811
0.090802
0.089811
0.089811
0.090802
0.089811
0.089811
0.090802
0.090802
0.089811
0.090802
0.090802
0.089811
0.089811
0.090802
0.089811
0.089811
0.090802
0.089811
0.089811
0.090802
0.089811
0.089811
0.090802
0.089811
0.089811
0.090802
0.089811
0.089811
0.090802
0.089811
0.089811
0.090802
0.089811
0.089811
0.090802
0.089811
0.089811
0.090802
0.089811
0.089811
0.090802
0.089811
0.089811
0.090802
0.089811
0.089811
0.090802
0.090802
0.089811
0.090802
0.090802
0.089811
0.090802
0.090802
0.089811
0.090802
0.090802
0.089906
0.089906
0.090896
0.089906
0.089906
0.090896
0.089906
0.089906
0.090896
0.089906
0.089906
0.090896
0.089906
0.089906
0.090896
0.089906
0.089906
0.090896
0.089906
0.089906
0.090896
0.089906
0.089906
0.090896
0.089906
0.089906
0.090896
0.089906
0.089906
0.090896
0.089906
0.089906
0.090896
0.090896
0.089906
0.090896
0.090896
0.089906
0.090896
0.090896
0.089906
0.090896
0.090896
0.089906
0.090896
0.090896
0.089906
0.089906
0.090896
0.089906
0.089906
0.089906
0.089906
0.088916
0.089906
0.089906
0.088916
0.089906
0.088916
0.088916
0.089906
0.088916
0.088916
0.088916
0.088916
0.088916
0.088916
0.088916
0.088916
0.088916
0.088916
0.087926
0.088916
0.088916
0.087926
0.088916
0.087926
0.087926
0.088916
0.087926
0.087926
0.087926
0.087926
0.086937
0.087926
0.087926
0.086937
0.087926
0.087926
0.086937
0.087926
0.086937
0.086937
0.086937
0.086937
0.086937
0.085948
0.086937
0.086937
0.085948
0.086937
0.085948
0.085948
0.086937
0.085948
0.085948
0.086937
0.085948
0.085948
0.085948
0.085948
0.085948
0.085948
0.085948
0.085948
0.085948
0.085948
0.084959
0.085948
0.085948
0.084959
0.085948
0.085948
0.084959
0.085948
0.084959
0.084959
0.085948
0.084959
0.084959
0.085948
0.084959
0.084959
0.085948
0.084859
0.084859
0.084859
0.084859
0.084859
0.084859
0.084859
0.084859
0.083869
0.084859
0.083869
0.083869
0.084859
0.083869
0.083869
0.084859
0.083869
0.083869
0.084859
0.083869
0.083869
0.084859
0.083869
0.083869
0.084859
0.083869
0.083869
0.084859
0.084859
0.083869
0.084859
0.084859
0.083869
0.084859
0.084859
0.083869
0.084859
0.084859
0.083869
0.084859
0.084859
0.084859
0.084859
0.084859
0.084859
0.084859
0.084859
0.084859
0.084859
0.084859
0.084859
0.084859
0.084859
0.084859
0.084859
0.084859
0.084859
0.084859
0.084859
0.084859
0.084859
0.084859
0.084859
0.084859
0.084770
0.084770
0.084770
0.084770
0.084770
0.084770
0.085761
0.084770
0.084770
0.085761
0.084770
0.084770
0.085761
0.084770
0.084770
0.085761
0.084770
0.084770
0.085761
0.085761
0.084770
0.085761
0.085761
0.084770
0.085761
0.085761
0.084770
0.085761
0.085761
0.084770
0.085761
0.085761
0.084770
0.085761
0.085761
0.085761
0.084770
0.085761
0.085761
0.084770
0.085761
0.085761
0.084770
0.085761
0.085761
0.084770
0.085761
0.085761
0.084770
0.085761
0.085761
0.084770
0.085761
0.085761
0.085761
0.085761
0.085761
0.085761
0.085761
0.085761
0.085761
0.085761
0.085761
0.085761
0.085761
0.085761
0.085761
0.085685
0.085685
0.085685
0.086678
0.085685
0.085685
0.086678
0.085685
0.085685
0.086678
0.085685
0.085685
0.086678
0.085685
0.085685
0.085685
0.085685
0.085685
0.085685
0.086678
0.085685
0.085685
0.086678
0.085685
0.085685
0.086678
0.085685
0.085685
0.086678
0.085685
0.085685
0.086678
0.085685
0.085685
0.086678
0.085685
0.085685
0.086678
0.086678
0.085685
0.086678
0.086678
0.085685
0.086678
0.086678
0.085685
0.086678
0.086678
0.085685
0.086678
0.086678
0.085685
0.086678
0.086678
0.085685
0.086678
0.086678
0.086678
0.086678
0.086678
0.086678
0.086678
0.086678
0.086678
0.085685
0.086678
0.086678
0.085761
0.086753
0.086753
0.085761
0.086753
0.086753
0.085761
0.086753
0.086753
0.086753
0.086753
0.086753
0.086753
0.086753
0.086753
0.086753
0.086753
0.086753
0.086753
0.086753
0.086753
0.086753
0.086753
0.086753
0.086753
0.086753
0.086753
0.086753
0.087744
0.086753
0.086753
0.087744
0.086753
0.086753
0.087744
0.086753
0.086753
0.087744
0.086753
0.086753
0.087744
0.086753
0.086753
0.086753
0.086753
0.086753
0.086753
0.087744
0.086753
0.086753
0.087744
0.086753
0.086753
0.087744
0.086753
0.086753
0.087744
0.086753
0.086753
0.087744
0.086753
0.086753
0.087744
0.086753
0.086753
0.087744
0.087744
0.086753
0.087744
0.087744
0.086753
0.087744
0.087744
0.086753
0.087744
0.087744
0.086839
0.087829
0.087829
0.086839
0.087829
0.087829
0.086839
0.087829
0.087829
0.086839
0.087829
0.087829
0.087829
0.086839
0.087829
0.087829
0.086839
0.087829
0.087829
0.086839
0.087829
0.087829
0.086839
0.087829
0.087829
0.086839
0.087829
0.087829
0.086839
0.087829
0.087829
0.087829
0.087829
0.087829
0.087829
0.087829
0.087829
0.087829
0.087829
0.087829
0.087829
0.087829
0.087829
0.087829
0.087829
0.087829
0.087829
0.087829
0.087829
0.087829
0.087829
0.087829
0.087829
0.088820
0.087829
0.087829
0.088820
0.087829
0.087829
0.087829
0.087829
0.087829
0.087829
0.087829
0.087829
0.087829
0.087829
0.087829
0.087829
0.087829
0.087829
0.087829
0.087829
0.087829
0.087829
0.088820
0.087829
0.087829
0.088820
0.087829
0.087829
0.088820
0.087829
0.087829
0.088820
0.087829
0.087829
0.088820
0.087829
0.087829
0.088820
0.087829
0.087829
0.088820
0.087829
0.087829
0.088820
0.087829
0.087829
0.088820
0.088820
0.087829
0.088820
0.088820
0.087829
0.087829
0.088820
0.087829
0.087829
0.088820
0.087829
0.087829
0.088820
0.087829
0.087829
0.088820
0.087829
0.087829
0.088820
0.087829
0.087829
0.088820
0.087829
0.087829
0.088820
0.087829
0.087829
0.088820
0.088820
0.087829
0.088820
0.088820
0.087829
0.088820
0.088820
0.087829
0.088820
0.088820
0.087829
0.088820
0.088820
0.087829
0.088820
0.088820
0.087829
0.088820
0.087829
0.087829
0.088820
0.087829
0.087829
0.088820
0.087829
0.087829
0.086839
0.087829
0.086839
0.086839
0.087829
0.087829
0.086839
0.087829
0.086839
0.086839
0.086839
0.086839
0.086839
0.086839
0.086839
0.086839
0.086839
0.086839
0.085849
0.086839
0.086839
0.085849
0.086839
0.085849
0.085849
0.085849
0.085849
0.085849
0.085849
0.085849
0.085849
0.085849
0.085849
0.084859
0.085849
0.084859
0.084859
0.085849
0.085849
0.084859
0.085849
0.084859
0.084859
0.084859
0.084859
0.083779
0.083779
0.084770
0.084770
0.083779
0.084770
0.083779
0.083779
0.083779
0.083779
0.083779
0.083779
0.083779
0.083779
0.083779
0.083779
0.082789
0.083779
0.083779
0.082789
0.083779
0.083779
0.082789
0.083779
0.082789
0.082789
0.082789
0.082789
0.082789
0.083779
0.082789
0.082789
0.082789
0.082789
0.081799
0.082789
0.082789
0.082789
0.082789
0.082789
0.081799
0.082789
0.081799
0.081799
0.082789
0.081799
0.081799
0.081799
0.081799
0.081799
0.080808
0.081799
0.081799
0.080808
0.081799
0.081799
0.080808
0.081799
0.080808
0.080808
0.081799
0.080808
0.080808
0.080808
0.080808
0.080808
0.080808
0.080808
0.079819
0.080808
0.080808
0.079819
0.080808
0.080808
0.079819
0.080808
0.079819
0.079819
0.080808
0.079819
0.079819
0.080808
0.079819
0.079819
0.079819
0.079819
0.078829
0.079819
0.079819
0.079819
0.079819
0.079819
0.078829
0.078829
0.079819
0.078829
0.078829
0.078829
0.078829
0.078746
0.078746
0.078746
0.078746
0.078746
0.078746
0.077756
0.078746
0.078746
0.077756
0.078746
0.077756
0.077756
0.078746
0.077756
0.077756
0.078746
0.077756
0.077756
0.077756
0.077756
0.077756
0.078746
0.077756
0.077756
0.077756
0.077756
0.077756
0.077756
0.077756
0.076766
0.077756
0.077756
0.076766
0.077756
0.077756
0.076766
0.077756
0.076766
0.076766
0.077756
0.076766
0.076766
0.076766
0.076766
0.076766
0.076766
0.076766
0.076766
0.076766
0.076766
0.076766
0.075776
0.076766
0.076766
0.076766
0.076766
0.076766
0.075776
0.076766
0.076766
0.075776
0.076766
0.076766
0.075776
0.076766
0.076766
0.075776
0.076766
0.076766
0.075776
0.076766
0.076766
0.075776
0.076766
0.076766
0.075776
0.076766
0.076766
0.075776
0.076766
0.076766
0.075776
0.076766
0.076766
0.076766
0.076766
0.076766
0.076766
0.075776
0.076766
0.076766
0.076766
0.076766
0.076766
0.076694
0.076694
0.076694
0.076694
0.076694
0.076694
0.076694
0.077685
0.076694
0.076694
0.077685
0.076694
0.076694
0.077685
0.077685
0.076694
0.077685
0.077685
0.076694
0.077685
0.077685
0.077685
0.077685
0.077685
0.076694
0.077685
0.077685
0.076694
0.077685
0.077685
0.076694
0.077685
0.076694
0.076694
0.077685
0.077685
0.076694
0.077685
0.076694
0.076694
0.075703
0.076694
0.076694
0.076694
0.076694
0.076694
0.075703
0.076694
0.076694
0.075703
0.076694
0.076694
0.075703
0.076694
0.076694
0.075703
0.076694
0.075703
0.075703
0.076694
0.075703
0.075703
0.076694
0.075703
0.075703
0.075703
0.075703
0.075703
0.076694
0.075703
0.075703
0.075703
0.075703
0.075703
0.075703
0.075703
0.075703
0.075703
0.075703
0.074713
0.075703
0.075703
0.074713
0.075703
0.075703
0.074713
0.074713
0.075703
0.074713
0.074713
0.074713
0.074713
0.074713
0.075703
0.074713
0.074713
0.074713
0.074713
0.073722
0.074713
0.074713
0.073722
0.074713
0.074713
0.073722
0.074713
0.073722
0.073722
0.074713
0.073722
0.073722
0.074713
0.073722
0.073722
0.073722
0.073722
0.073722
0.074713
0.073722
0.073722
0.073722
0.073722
0.073722
0.073722
0.073722
0.073722
0.073722
0.073722
0.072732
0.073722
0.073722
0.073722
0.073722
0.073722
0.072732
0.072732
0.073722
0.072732
0.072732
0.073722
0.072732
0.072732
0.073722
0.072732
0.072732
0.073722
0.072732
0.072732
0.073722
0.072732
0.072732
0.073722
0.072732
0.072732
0.073722
0.072732
0.072732
0.073722
0.072732
0.072732
0.073722
0.072732
0.072732
0.073722
0.072732
0.072732
0.073722
0.072732
0.072732
0.073722
0.072732
0.072732
0.073722
0.072732
0.072732
0.073661
0.073661
0.072670
0.073661
0.073661
0.072670
0.072670
0.073661
0.073661
0.072670
0.073661
0.073661
0.072670
0.073661
0.073661
0.073661
0.073661
0.073661
0.073661
0.073661
0.073661
0.073661
0.074653
0.073661
0.073661
0.074653
0.073661
0.073661
0.074653
0.074653
0.073661
0.074653
0.074653
0.074653
0.074653
0.074653
0.074653
0.074653
0.074653
0.074653
0.075644
0.074653
0.074653
0.075644
0.074653
0.074653
0.075644
0.075644
0.074653
0.075644
0.075644
0.074653
0.074653
0.075644
0.075644
0.074653
0.075644
0.075644
0.074653
0.075644
0.075644
0.075644
0.075644
0.075644
0.075644
0.075644
0.075644
0.075644
0.076636
0.075644
0.075644
0.076636
0.075644
0.075644
0.076636
0.076636
0.075644
0.076636
0.076636
0.075644
0.076636
0.076636
0.076636
0.076636
0.076636
0.076636
0.076636
0.076636
0.076636
0.077627
0.076636
0.076636
0.077627
0.076636
0.076636
0.077627
0.077627
0.076636
0.076636
0.077627
0.076636
0.076636
0.077627
0.077627
0.076636
0.077685
0.077685
0.076694
0.077685
0.077685
0.076694
0.077685
0.077685
0.077685
0.077685
0.077685
0.077685
0.077685
0.077685
0.077685
0.078677
0.077685
0.077685
0.078677
0.077685
0.077685
0.078677
0.078677
0.077685
0.078677
0.078677
0.077685
0.078677
0.078677
0.077685
0.078677
0.078677
0.078677
0.078677
0.078677
0.078677
0.078677
0.078677
0.078677
0.079668
0.078677
0.078677
0.078677
0.078677
0.078677
0.078677
0.079668
0.078677
0.078677
0.079668
0.078677
0.078677
0.079668
0.078677
0.078677
0.079668
0.079668
0.078677
0.079668
0.079668
0.078677
0.079668
0.079668
0.079668
0.079668
0.079668
0.079668
0.079668
0.079668
0.079668
0.079737
0.079737
0.079737
0.080728
0.079737
0.079737
0.080728
0.079737
0.079737
0.080728
0.079737
0.079737
0.080728
0.080728
0.079737
0.080728
0.080728
0.079737
0.079737
0.080728
0.080728
0.079737
0.080728
0.080728
0.079737
0.080728
0.080728
0.079737
0.080728
0.080728
0.080728
0.080728
0.080728
0.080728
0.080728
0.080728
0.080728
0.080728
0.080728
0.080728
0.081719
0.080728
0.080728
0.081719
0.080728
0.080728
0.081719
0.080728
0.080728
0.081719
0.081719
0.080728
0.081719
0.081719
0.080728
0.081719
0.081719
0.080728
0.081719
0.081719
0.081719
0.081719
0.081719
0.081719
0.080728
0.081719
0.081719
0.080728
0.081719
0.081719
0.081719
0.081719
0.081719
0.081719
0.081719
0.081719
0.081719
0.081719
0.081719
0.081719
0.082710
0.081719
0.081719
0.082710
0.081719
0.081719
0.082710
0.081719
0.081719
0.082710
0.082710
0.081719
0.082710
0.082710
0.081719
0.082710
0.082710
0.081719
0.082789
0.082789
0.082789
0.082789
0.082789
0.082789
0.082789
0.082789
0.082789
0.082789
0.082789
0.082789
0.081799
0.082789
0.082789
0.082789
0.082789
0.082789
0.082789
0.082789
0.082789
0.081799
0.082789
0.082789
0.081799
0.082789
0.082789
0.081799
0.082789
0.081799
0.081799
0.082789
0.081799
0.081799
0.081799
0.081799
0.081799
0.081799
0.081799
0.081799
0.081799
0.081799
0.080808
0.081799
0.081799
0.080808
0.081799
0.080808
0.080808
0.081799
0.080808
0.080808
0.081799
0.080808
0.080808
0.081799
0.080808
0.080808
0.080808
0.080808
0.080808
0.079819
0.080808
0.079819
0.079819
0.080808
0.079819
0.079819
0.080808
0.080808
0.079819
0.080808
0.079819
0.079819
0.080808
0.079819
0.080222
0.081508
0.081562
0.081400
0.080168
0.079899
0.079711
0.079603
0.079630
0.079711
0.079819
0.078910
0.078937
0.078937
0.078910
0.078856
0.078829
0.078802
0.078802
0.078802
0.078802
0.078829
0.077866
0.077866
0.077866
0.077840
0.077840
0.077840
0.077840
0.077840
0.077840
0.077840
0.077840
0.077840
0.076851
0.076851
0.076851
0.076851
0.076851
0.076851
0.076851
0.076851
0.076851
0.076851
0.076851
0.076851
0.075862
0.075862
0.075776
0.075776
0.075776
0.075776
0.075776
0.075776
0.075776
0.075776
0.075776
0.075776
0.074786
0.074786
0.074786
0.074786
0.074786
0.074786
0.074786
0.074786
0.074786
0.074786
0.074786
0.073797
0.073797
0.073797
0.073797
0.073797
0.073797
0.073797
0.073797
0.073797
0.073797
0.073797
0.073797
0.072808
0.072808
0.072808
0.072808
0.072808
0.072808
0.072808
0.072808
0.072808
0.072808
0.072808
0.072808
0.071819
0.071819
0.071819
0.071819
0.071819
0.071819
0.071819
0.071819
0.071819
0.071819
0.071819
0.071819
0.070831
0.070831
0.070831
0.070831
0.070831
0.070831
0.070831
0.070831
0.070831
0.070831
0.070831
0.070831
0.069843
0.069843
0.069843
0.069843
0.069843
0.069843
0.069843
0.069843
0.069843
0.069843
0.069843
0.069843
0.069843
0.068855
0.068855
0.068855
0.068855
0.068855
0.068775
0.068775
0.068775
0.068775
0.068775
0.068775
0.068775
0.068775
0.068775
0.067786
0.067786
0.067786
0.067786
0.067786
0.067786
0.067786
0.067786
0.067786
0.067786
0.067786
0.067786
0.067786
0.067786
0.066798
0.066798
0.066798
0.066798
0.066798
0.066798
0.066798
0.066798
0.066798
0.066798
0.066798
0.066798
0.066798
0.066798
0.066798
0.066798
0.065810
0.065810
0.065810
0.065810
0.065810
0.065810
0.065810
0.065810
0.065810
0.065810
0.065810
0.065810
0.065742
0.065742
0.065742
0.065742
0.065742
0.064753
0.064753
0.064753
0.064753
0.064753
0.064753
0.064753
0.064753
0.064753
0.064753
0.064753
0.064753
0.064753
0.064753
0.064753
0.064753
0.064753
0.063359
0.063061
0.063007
0.063169
0.064428
0.063684
0.064280
0.065648
0.065702
0.065458
0.065106
0.064753
0.064510
0.064428
0.064483
0.063630
0.063710
0.063819
0.063873
0.063846
0.063819
0.063737
0.063683
0.063656
0.063656
0.063656
0.063683
0.063710
0.063737
0.063737
0.063737
0.063710
0.063710
0.063710
0.063710
0.063710
0.063710
0.063710
0.063710
0.063710
0.062722
0.062722
0.062722
0.062722
0.062315
0.062016
0.061962
0.062125
0.062396
0.062640
0.062857
0.064307
0.064606
0.064578
0.064334
0.062953
0.062627
0.062437
0.062383
0.062057
0.061895
0.061949
0.063183
0.062899
0.063442
0.064621
0.064513
0.064187
0.063807
0.063508
0.062356
0.062356
0.062465
0.062600
0.063725
0.063807
0.063834
0.063807
0.063725
0.063671
0.063617
0.063617
0.063210
0.062938
0.061922
0.062085
0.062356
0.064024
0.064513
0.064648
0.063469
0.063116
0.062763
0.062468
0.062332
0.062359
0.062468
0.062603
0.062739
0.062821
0.062821
0.062766
0.062712
0.062658
0.062223
0.061898
0.061843
0.062033
0.062332
0.063011
0.064489
0.064625
0.064462
0.064109
0.063729
0.063457
0.063322
0.062942
0.061762
0.061870
0.062142
0.063457
0.064136
0.064598
0.064652
0.065425
0.065045
0.063675
0.063403
0.063295
0.063349
0.063485
0.063620
0.063756
0.063810
0.064800
0.064746
0.063702
0.062631
0.062603
0.062603
0.062603
0.062250
0.062969
0.062915
0.063077
0.062332
0.063593
0.064163
0.064536
0.064590
0.064346
0.063993
0.063640
0.062405
0.062324
0.062378
0.062107
0.061944
0.062988
0.063205
0.062460
0.064074
0.064482
0.064590
0.064400
0.064047
0.063694
0.063422
0.063314
0.062961
0.061781
0.061862
0.062134
0.063450
0.063112
0.063574
0.064645
0.064427
0.064047
0.063667
0.063395
0.063287
0.062934
0.062771
0.061889
0.062161
0.062460
0.064128
0.064563
0.063655
0.063438
0.063057
0.062677
0.062405
0.062297
0.061944
0.061781
0.061889
0.062161
0.062487
0.063139
0.064563
0.064645
0.064427
0.064047
0.062677
0.062405
0.062297
0.061944
0.061781
0.061889
0.062161
0.062487
0.063139
0.063574
0.064645
0.064427
0.064047
0.063667
0.062405
0.062297
0.061361
0.061090
0.061944
0.061998
0.062215
0.061470
0.063084
0.063519
0.063601
0.063383
0.063030
0.062677
0.062433
0.062324
0.061971
0.060791
0.060873
0.062134
0.062460
0.062150
0.063574
0.063655
0.063438
0.063057
0.062677
0.062405
0.062297
0.061944
0.061781
0.060900
0.061171
0.062460
0.063139
0.063574
0.063655
0.063438
0.063057
0.061688
0.061416
0.060927
0.060655
0.061727
0.062025
0.061416
0.063139
0.063628
0.063737
0.063492
0.063084
0.062677
0.062405
0.061889
0.060628
0.060710
0.061035
0.062405
0.062150
0.063628
0.063737
0.063492
0.063084
0.062677
0.062378
0.061889
0.061618
0.061699
0.061035
0.061443
0.063139
0.063628
0.063737
0.063492
0.063084
0.062677
0.061389
0.060900
0.060628
0.060710
0.062033
0.062441
0.061777
0.063364
0.063690
0.063663
0.063364
0.062957
0.062603
0.062359
0.061925
0.061680
0.060799
0.060799
0.060799
0.060799
0.060799
0.060799
0.060799
0.060799
0.060799
0.060799
0.060799
0.060799
0.060799
0.060799
0.060799
0.060799
0.060799
0.060799
0.060799
0.060799
0.060799
0.060799
0.060799
0.060799
0.060799
0.060799
0.060799
0.060799
0.060799
0.060799
0.060799
0.060799
0.060799
0.060799
0.060799
0.060799
0.060799
0.060799
0.060799
0.060799
0.060799
0.060799
0.060799
0.060799
0.060799
0.060799
0.060799
0.060799
0.060799
0.060799
0.060799
0.060799
0.060799
0.060799
0.060799
0.060799
0.060799
0.060799
0.060799
0.060799
0.060799
0.060799
0.060799
0.060799
0.060799
0.060799
0.060799
0.060799
0.060799
0.060799
0.060799
0.060799
0.060799
0.060799
0.060799
0.060799
0.060799
0.060799
0.060799
0.060799
0.060799
0.060799
0.060799
0.060799
0.060799
0.060799
0.060799
0.060799
0.060799
0.060799
0.060799
0.060799
0.060799
0.060799
0.060799
0.060799
0.060799
0.060799
0.060799
0.060799
0.060799
0.060799
0.060799
0.060799
0.060799
0.060799
0.060799
0.060799
0.060799
0.060799
0.060799
0.060799
0.060799
0.060799
0.060799
0.060799
0.060799
0.060799
0.060799
0.060799
0.060799
0.060799
0.060799
0.060799
0.060799
0.060799
0.060799
0.060799
0.060799
0.060799
0.060799
0.060799
