1.347000
1.027000
0.692000
0.412000
0.210000
0.080000
0.007071
0.022091
0.034476
0.033759
0.027839
0.019900
0.012530
0.006391
0.006160
0.007023
0.007055
0.008120
0.008062
0.009142
0.009345
0.009171
0.009142
0.010079
0.010000
0.010021
0.009993
0.003974
0.002974
0.002236
0.001000
0.000037
0.001000
0.001000
0.002000
0.003000
0.003000
0.004123
0.004000
0.005000
0.005099
0.005099
0.006083
0.006083
0.006083
0.006083
0.007280
0.007071
0.007071
0.007280
0.007280
0.007071
0.008246
0.008246
0.008246
0.008544
0.008246
0.008246
0.008544
0.008544
0.008246
0.008544
0.008544
0.008544
0.008544
0.008544
0.008544
0.008944
0.009849
0.009487
0.009849
0.009849
0.009849
0.009849
0.009849
0.009849
0.010296
0.009849
0.009849
0.010296
0.010296
0.009849
0.009849
0.010296
0.010296
0.009849
0.010296
0.010296
0.010296
0.010817
0.010296
0.010296
0.010817
0.010817
0.010296
0.010817
0.010817
0.010817
0.010817
0.010817
0.010817
0.011402
0.010817
0.010817
0.011402
0.011402
0.010817
0.011402
0.011402
0.011402
0.011402
0.011402
0.011402
0.012042
0.011402
0.011402
0.012042
0.012042
0.011402
0.012042
0.012042
0.012042
0.012042
0.012042
0.012042
0.012728
0.012728
0.012042
0.012042
0.012728
0.012728
0.012042
0.012728
0.012728
0.012728
0.012728
0.012728
0.012728
0.013454
0.012728
0.012728
0.013454
0.013454
0.012728
0.013454
0.013454
0.012728
0.013454
0.013454
0.013454
0.014213
0.014213
0.013454
0.014213
0.014213
0.013454
0.014213
0.014213
0.014213
0.014213
0.014213
0.014213
0.015000
0.014213
0.014213
0.015033
0.014248
0.014248
0.015033
0.015033
0.015033
0.015033
0.015033
0.015033
0.015033
0.015033
0.015033
0.015033
0.015843
0.015033
0.015033
0.015843
0.015033
0.015033
0.015843
0.015843
0.015843
0.015843
0.015843
0.015843
0.016673
0.015843
0.015843
0.016673
0.015843
0.015843
0.016673
0.016673
0.016673
0.016673
0.016673
0.016673
0.016673
0.016673
0.016673
0.017521
0.016673
0.016673
0.017521
0.017521
0.016673
0.017521
0.017521
0.017521
0.017521
0.017521
0.017521
0.018385
0.018385
0.017521
0.018385
0.018385
0.018385
0.017521
0.018385
0.018385
0.018385
0.019261
0.019261
0.018385
0.019261
0.019261
0.019261
0.020149
0.020149
0.019261
0.020149
0.020149
0.020149
0.021048
0.021048
0.021048
0.021048
0.021048
0.021048
0.021954
0.021954
0.021954
0.021954
0.021954
0.021954
0.022869
0.022869
0.022869
0.023791
0.022869
0.022869
0.023791
0.023791
0.023791
0.024718
0.023791
0.023791
0.024718
0.024718
0.024718
0.025652
0.024718
0.024718
0.024718
0.025652
0.025652
0.025652
0.025652
0.025652
0.025652
0.026589
0.026589
0.026589
0.026589
0.026589
0.026589
0.027532
0.027532
0.027532
0.027532
0.027532
0.027532
0.028478
0.028478
0.028478
0.028478
0.028478
0.028478
0.029428
0.029428
0.029428
0.029428
0.029428
0.029428
0.030381
0.030381
0.029428
0.030381
0.030381
0.030381
0.031337
0.031337
0.030381
0.031337
0.031337
0.031337
0.032296
0.032296
0.031337
0.031337
0.032296
0.032296
0.032296
0.032296
0.032342
0.032342
0.033302
0.033302
0.032342
0.033302
0.033302
0.033302
0.034264
0.034264
0.033302
0.034264
0.034264
0.034264
0.035228
0.034264
0.034264
0.035228
0.035228
0.035228
0.035228
0.035228
0.035228
0.036194
0.036194
0.035228
0.036194
0.036194
0.036194
0.037162
0.036194
0.036194
0.037162
0.037162
0.037162
0.038131
0.037162
0.037162
0.038131
0.038131
0.038131
0.037162
0.038131
0.038131
0.038131
0.038131
0.038131
0.038131
0.039102
0.039102
0.038131
0.039102
0.039102
0.039166
0.040137
0.039166
0.039166
0.040137
0.040137
0.040137
0.040137
0.040137
0.040137
0.041110
0.041110
0.040137
0.041110
0.041110
0.041110
0.042083
0.041110
0.041110
0.042083
0.042083
0.041110
0.042083
0.042083
0.042083
0.043058
0.042083
0.042083
0.043058
0.043058
0.043058
0.043058
0.043058
0.043058
0.044034
0.043058
0.043058
0.043058
0.044034
0.044034
0.043058
0.044034
0.044034
0.044034
0.044034
0.044034
0.044034
0.045011
0.045089
0.044113
0.045089
0.045089
0.045089
0.045089
0.045089
0.045089
0.046065
0.046065
0.045089
0.046065
0.046065
0.046065
0.046065
0.046065
0.046065
0.047043
0.047043
0.046065
0.047043
0.047043
0.047043
0.047043
0.047043
0.047043
0.048021
0.047043
0.047043
0.048021
0.048021
0.048021
0.048021
0.048021
0.048021
0.048021
0.048021
0.048021
0.048021
0.049000
0.048021
0.048021
0.049000
0.049000
0.049000
0.049000
0.049000
0.049000
0.049980
0.049000
0.049000
0.049980
0.049980
0.049000
0.049980
0.049980
0.049980
0.049980
0.049980
0.049980
0.050961
0.049980
0.049980
0.050961
0.051049
0.051049
0.051049
0.051049
0.051049
0.052029
0.051049
0.051049
0.052029
0.052029
0.051049
0.052029
0.052029
0.052029
0.052029
0.052029
0.052029
0.052029
0.052029
0.052029
0.052029
0.053009
0.052029
0.052029
0.053009
0.053009
0.052029
0.053009
0.053009
0.053009
0.053009
0.053009
0.053009
0.053991
0.053009
0.053009
0.053991
0.053991
0.053009
0.053991
0.053991
0.053991
0.053991
0.053991
0.053991
0.054973
0.053991
0.053991
0.054973
0.054973
0.053991
0.054973
0.054973
0.054973
0.054973
0.054973
0.054973
0.055955
0.054973
0.054973
0.055955
0.055955
0.054973
0.054973
0.055955
0.055955
0.054973
0.055955
0.055955
0.055955
0.055955
0.055955
0.055955
0.056939
0.055955
0.055955
0.056939
0.056939
0.055955
0.056939
0.056939
0.056939
0.056939
0.056939
0.056939
0.057922
0.056939
0.056939
0.057922
0.057922
0.056939
0.057922
0.057922
0.056939
0.057922
0.057922
0.057922
0.057922
0.057922
0.057922
0.058907
0.057922
0.057922
0.058907
0.058907
0.057922
0.058907
0.058907
0.058907
0.057922
0.058907
0.058907
0.058907
0.058907
0.058907
0.058907
0.058907
0.058907
0.058907
0.059892
0.058907
0.058907
0.059892
0.059892
0.058907
0.059892
0.059892
0.059892
0.059892
0.059892
0.059892
0.060877
0.059892
0.059892
0.060877
0.059892
0.059892
0.060877
0.060877
0.059892
0.060877
0.060877
0.060877
0.060877
0.060877
0.060877
0.061863
0.060877
0.060877
0.061863
0.060877
0.060967
0.061952
0.061952
0.060967
0.061952
0.061952
0.061952
0.060967
0.061952
0.061952
0.060967
0.061952
0.061952
0.061952
0.061952
0.061952
0.061952
0.062936
0.061952
0.061952
0.062936
0.061952
0.061952
0.062936
0.062936
0.061952
0.062936
0.062936
0.062936
0.062936
0.062936
0.062936
0.062936
0.062936
0.062936
0.063922
0.062936
0.062936
0.063922
0.063922
0.062936
0.063922
0.063922
0.062936
0.063922
0.063922
0.063922
0.063922
0.063922
0.063922
0.064908
0.063922
0.063922
0.063922
0.063922
0.063922
0.063922
0.064908
0.063922
0.063922
0.064908
0.063922
0.063922
0.064908
0.064908
0.063922
0.064908
0.064908
0.064908
0.064908
0.064908
0.064908
0.064908
0.064908
0.064908
0.065894
0.064908
0.064908
0.065894
0.064908
0.064908
0.065894
0.065894
0.064908
0.065894
0.065894
0.064908
0.065894
0.065894
0.065894
0.065894
0.065894
0.065894
0.065894
0.065894
0.065894
0.066880
0.065992
0.065992
0.065992
0.065992
0.065992
0.065992
0.066978
0.065992
0.065992
0.066978
0.066978
0.065992
0.066978
0.066978
0.065992
0.066978
0.066978
0.066978
0.066978
0.066978
0.066978
0.066978
0.066978
0.066978
0.067963
0.066978
0.066978
0.067963
0.066978
0.066978
0.067963
0.067963
0.066978
0.067963
0.067963
0.066978
0.067963
0.067963
0.067963
0.067963
0.067963
0.067963
0.067963
0.067963
0.067963
0.067963
0.067963
0.067963
0.067963
0.067963
0.067963
0.067963
0.067963
0.067963
0.067963
0.068949
0.067963
0.067963
0.068949
0.067963
0.067963
0.068949
0.068949
0.067963
0.068949
0.068949
0.067963
0.068949
0.068949
0.068949
0.068949
0.068949
0.068949
0.068949
0.068949
0.068949
0.068949
0.068949
0.068949
0.069936
0.068949
0.068949
0.069936
0.068949
0.068949
0.069936
0.069936
0.068949
0.069936
0.069936
0.068949
0.069936
0.069936
0.069936
0.069936
0.069936
0.069936
0.068949
0.069936
0.069936
0.068949
0.069936
0.069936
0.069936
0.069936
0.069936
0.069936
0.069936
0.069936
0.069936
0.070922
0.069936
0.069936
0.070922
0.069936
0.069936
0.070922
0.069936
0.069936
0.070922
0.070922
0.069936
0.070922
0.070922
0.069936
0.070922
0.070922
0.069936
0.070922
0.070922
0.070922
0.070922
0.070922
0.070922
0.070922
0.070922
0.070922
0.071910
0.070922
0.070922
0.071910
0.070922
0.070922
0.070922
0.070922
0.070922
0.070922
0.071910
0.070922
0.070922
0.071910
0.070922
0.070922
0.071910
0.070922
0.070922
0.071910
0.071910
0.071028
0.072014
0.072014
0.071028
0.072014
0.072014
0.071028
0.072014
0.072014
0.072014
0.072014
0.072014
0.072014
0.072014
0.072014
0.072014
0.072014
0.072014
0.072014
0.073000
0.072014
0.072014
0.073000
0.072014
0.072014
0.073000
0.072014
0.072014
0.073000
0.073000
0.072014
0.072014
0.073000
0.072014
0.072014
0.073000
0.072014
0.072014
0.073000
0.073000
0.072014
0.073000
0.073000
0.072014
0.073000
0.073000
0.072014
0.073000
0.073000
0.073000
0.073000
0.073000
0.073000
0.073000
0.073000
0.073000
0.073000
0.073000
0.073000
0.073986
0.073000
0.073000
0.073986
0.073000
0.073000
0.073986
0.073000
0.073000
0.073986
0.073000
0.073000
0.073986
0.073986
0.073000
0.073986
0.073986
0.073000
0.073000
0.073986
0.073000
0.073000
0.073986
0.073986
0.073000
0.073986
0.073986
0.073000
0.073986
0.073986
0.073000
0.073986
0.073986
0.073000
0.073986
0.073986
0.073986
0.073986
0.073986
0.073986
0.073986
0.073986
0.073986
0.073986
0.073986
0.073986
0.073986
0.073986
0.073986
0.074973
0.073986
0.073986
0.074973
0.073986
0.073986
0.074973
0.073986
0.073986
0.074973
0.074973
0.073986
0.074973
0.074973
0.073986
0.074973
0.074973
0.073986
0.073986
0.074973
0.073986
0.073986
0.074973
0.074973
0.073986
0.074973
0.074973
0.073986
0.074973
0.074973
0.073986
0.074973
0.074973
0.073986
0.074973
0.074973
0.074973
0.074973
0.074973
0.074973
0.074973
0.074973
0.074973
0.074973
0.074973
0.074973
0.074973
0.074973
0.074973
0.075961
0.074973
0.074973
0.075961
0.074973
0.074973
0.075961
0.074973
0.074973
0.075961
0.074973
0.074973
0.075961
0.074973
0.074973
0.074973
0.075961
0.074973
0.074973
0.075961
0.074973
0.074973
0.075961
0.074973
0.074973
0.075961
0.074973
0.074973
0.075961
0.075961
0.074973
0.075961
0.075961
0.074973
0.075961
0.075961
0.074973
0.075961
0.075961
0.074973
0.075961
0.075961
0.075961
0.075961
0.075961
0.075961
0.075961
0.075961
0.075961
0.075961
0.075961
0.075961
0.075961
0.075961
0.075961
0.075961
0.075961
0.075961
0.076948
0.075961
0.075961
0.075961
0.075961
0.075961
0.076072
0.076072
0.076072
0.076072
0.076072
0.076072
0.076072
0.076072
0.076072
0.076072
0.077058
0.076072
0.076072
0.077058
0.076072
0.076072
0.077058
0.076072
0.076072
0.077058
0.076072
0.076072
0.077058
0.076072
0.076072
0.077058
0.077058
0.076072
0.077058
0.077058
0.076072
0.077058
0.077058
0.076072
0.077058
0.077058
0.076072
0.077058
0.077058
0.076072
0.077058
0.077058
0.077058
0.076072
0.077058
0.077058
0.076072
0.077058
0.077058
0.076072
0.077058
0.077058
0.076072
0.077058
0.077058
0.076072
0.077058
0.077058
0.077058
0.077058
0.077058
0.077058
0.077058
0.077058
0.077058
0.077058
0.077058
0.077058
0.077058
0.077058
0.077058
0.077058
0.077058
0.077058
0.077058
0.077058
0.077058
0.078045
0.077058
0.077058
0.078045
0.077058
0.077058
0.078045
0.077058
0.077058
0.078045
0.077058
0.077058
0.078045
0.077058
0.077058
0.077058
0.078045
0.077058
0.077058
0.078045
0.077058
0.077058
0.078045
0.077058
0.077058
0.078045
0.077058
0.077058
0.078045
0.077058
0.077058
0.078045
0.077058
0.077058
0.078045
0.078045
0.077058
0.078045
0.078045
0.077058
0.078045
0.078045
0.077058
0.078045
0.078045
0.077058
0.078045
0.078045
0.077058
0.078045
0.078045
0.077058
0.078045
0.078045
0.078045
0.078045
0.078045
0.078045
0.078045
0.078045
0.078045
0.077058
0.078045
0.078045
0.077058
0.078045
0.078045
0.077058
0.078045
0.078045
0.077058
0.078045
0.078045
0.077058
0.078045
0.078045
0.078045
0.078045
0.078045
0.078045
0.078045
0.078045
0.078045
0.078045
0.078045
0.078045
0.078045
0.078045
0.078045
0.078045
0.078045
0.078045
0.078045
0.078045
0.078045
0.079032
0.078045
0.078045
0.079032
0.078045
0.078045
0.079032
0.078045
0.078045
0.079032
0.078045
0.078045
0.078045
0.078045
0.078045
0.078045
0.078045
0.078045
0.078045
0.078045
0.078045
0.078045
0.079032
0.078045
0.078045
0.079032
0.078045
0.078045
0.079032
0.078045
0.078045
0.079032
0.078045
0.078045
0.079032
0.078045
0.078045
0.079032
0.078045
0.078045
0.079032
0.078045
0.078045
0.079032
0.079032
0.078045
0.079032
0.079032
0.078045
0.079032
0.079032
0.078045
0.079032
0.079032
0.078045
0.079032
0.079032
0.078045
0.078045
0.079032
0.078045
0.078045
0.079032
0.078045
0.078045
0.079032
0.079032
0.078045
0.079032
0.079032
0.078045
0.079032
0.079032
0.078045
0.079032
0.079032
0.078045
0.079032
0.079032
0.078045
0.079032
0.079032
0.078045
0.079032
0.079032
0.078045
0.079032
0.079032
0.078045
0.079032
0.079032
0.079032
0.079032
0.079032
0.079032
0.079032
0.079032
0.079032
0.079032
0.079032
0.079032
0.079032
0.079032
0.079032
0.079032
0.079032
0.079032
0.078045
0.079032
0.079032
0.078045
0.079032
0.079032
0.079032
0.079032
0.079032
0.079032
0.079032
0.079032
0.079032
0.079032
0.079032
0.079032
0.079032
0.079032
0.079032
0.079032
0.079032
0.079032
0.079032
0.079032
0.079032
0.079032
0.079032
0.079032
0.079032
0.079032
0.079032
0.080019
0.079032
0.079032
0.080019
0.079032
0.079032
0.080019
0.079032
0.079032
0.080019
0.079032
0.079032
0.080019
0.079032
0.079032
0.079032
0.079032
0.079032
0.079032
0.079032
0.079032
0.079032
0.079032
0.079032
0.079032
0.079032
0.079032
0.079032
0.080019
0.079032
0.079032
0.080019
0.079032
0.079032
0.080019
0.079032
0.079032
0.080019
0.079032
0.079032
0.080019
0.079032
0.079032
0.080019
0.079032
0.079032
0.080019
0.079032
0.079032
0.080019
0.079032
0.079032
0.080019
0.080019
0.079032
0.080019
0.079032
0.079032
0.080019
0.080019
0.079032
0.079032
0.080019
0.079032
0.079032
0.080019
0.079032
0.079032
0.080019
0.079032
0.079032
0.080019
0.079032
0.079032
0.080019
0.079032
0.079032
0.080019
0.079032
0.079032
0.080019
0.079032
0.079032
0.080019
0.080019
0.079032
0.080019
0.080019
0.079032
0.080019
0.080019
0.079032
0.080019
0.080019
0.079032
0.080019
0.080019
0.079032
0.080019
0.080019
0.079032
0.080019
0.080019
0.079032
0.080019
0.080019
0.079032
0.079032
0.080019
0.079032
0.079032
0.080019
0.079032
0.079032
0.080019
0.080019
0.079032
0.080019
0.080019
0.079032
0.080019
0.080019
0.079032
0.080019
0.080019
0.079032
0.080019
0.080019
0.079032
0.080019
0.080019
0.079032
0.080019
0.080019
0.079032
0.080019
0.080019
0.079032
0.080019
0.080019
0.079032
0.080019
0.080019
0.080019
0.080019
0.080019
0.080019
0.080019
0.080019
0.080019
0.080019
0.080019
0.080019
0.080019
0.080019
0.080019
0.079032
0.080019
0.080019
0.079032
0.080019
0.080019
0.079032
0.080019
0.080019
0.079032
0.080019
0.080019
0.079032
0.080019
0.080019
0.079032
0.080019
0.080019
0.080019
0.080019
0.080019
0.080019
0.080019
0.080019
0.080019
0.080019
0.080019
0.080019
0.080019
0.080019
0.080019
0.080019
0.080019
0.080019
0.080019
0.080019
0.080019
0.080019
0.080019
0.080019
0.080019
0.080019
0.080019
0.080019
0.080019
0.080019
0.079032
0.080019
0.080019
0.080019
0.080019
0.080019
0.080019
0.080019
0.080019
0.080019
0.080019
0.080019
0.080019
0.080019
0.080019
0.080019
0.080019
0.080019
0.080019
0.080019
0.080019
0.080019
0.080019
0.080019
0.080019
0.080019
0.080019
0.080019
0.080019
0.080019
0.080019
0.080019
0.080019
0.080019
0.081006
0.080019
0.080019
0.081006
0.080019
0.080019
0.081006
0.080019
0.080019
0.081006
0.080019
0.080019
0.080019
0.080019
0.080019
0.080019
0.080019
0.080019
0.080019
0.080019
0.080019
0.080019
0.080019
0.080019
0.080019
0.080019
0.080019
0.080019
0.080019
0.080019
0.080019
0.080019
0.080019
0.080019
0.081006
0.080019
0.080019
0.081006
0.080019
0.080019
0.081006
0.080019
0.080019
0.081006
0.080019
0.080019
0.081006
0.080019
0.080019
0.081006
0.080019
0.080019
0.081006
0.080019
0.080019
0.081006
0.080019
0.080019
0.080019
0.080019
0.080019
0.080019
0.080019
0.080019
0.080019
0.080019
0.080019
0.080019
0.081006
0.080019
0.080019
0.081006
0.080019
0.080019
0.081006
0.080019
0.080019
0.081006
0.080019
0.080019
0.081006
0.080019
0.080019
0.081006
0.080019
0.080019
0.081006
0.080019
0.080019
0.081006
0.080019
0.080019
0.081006
0.080019
0.080019
0.081006
0.080019
0.080019
0.081006
0.080019
0.080019
0.081006
0.081006
0.080019
0.080019
0.081006
0.080019
0.080019
0.081006
0.080019
0.080019
0.081006
0.080019
0.080019
0.081006
0.080019
0.080019
0.081006
0.080019
0.080019
0.081006
0.080019
0.080019
0.081006
0.080019
0.080019
0.081006
0.080019
0.080019
0.081006
0.080019
0.080019
0.081006
0.080019
0.080019
0.081006
0.080019
0.080019
0.081006
0.081006
0.080019
0.081006
0.081006
0.080019
0.081006
0.081006
0.080019
0.081006
0.081006
0.080019
0.081006
0.081006
0.080019
0.080019
0.081006
0.080019
0.080019
0.081006
0.080019
0.080019
0.081006
0.080019
0.080019
0.081006
0.080019
0.080019
0.081006
0.080019
0.080019
0.081006
0.080019
0.080019
0.081006
0.081006
0.080019
0.081006
0.081006
0.080019
0.081006
0.081006
0.080019
0.081006
0.081006
0.080019
0.081006
0.081006
0.080019
0.081006
0.081006
0.080019
0.081006
0.081006
0.080019
0.081006
0.081006
0.080019
0.081006
0.081006
0.080019
0.080019
0.081006
0.080019
0.080019
0.081006
0.080019
0.080019
0.081006
0.080019
0.080019
0.081006
0.081006
0.080019
0.081006
0.081006
0.080019
0.081006
0.081006
0.080019
0.081006
0.081006
0.080019
0.081006
0.081006
0.080019
0.081006
0.081006
0.080019
0.081006
0.081006
0.080019
0.081006
0.081006
0.080019
0.081006
0.081006
0.080019
0.081006
0.081006
0.080019
0.081006
0.081006
0.080019
0.081006
0.081006
0.080019
0.080019
0.081006
0.080019
0.080019
0.081006
0.081006
0.080019
0.081006
0.081006
0.080019
0.081006
0.081006
0.080019
0.081006
0.081006
0.080019
0.081006
0.081006
0.080019
0.081006
0.081006
0.080019
0.081006
0.081006
0.080019
0.081006
0.081006
0.080019
0.081006
0.081006
0.080019
0.081006
0.081006
0.080019
0.081006
0.081006
0.080019
0.081006
0.081006
0.080019
0.081006
0.081006
0.081006
0.081006
0.081006
0.081006
0.080019
0.081006
0.081006
0.080019
0.081006
0.081006
0.080019
0.081006
0.081006
0.080019
0.081006
0.081006
0.080019
0.081006
0.081006
0.080019
0.081006
0.081006
0.080019
0.081006
0.081006
0.080019
0.081006
0.081006
0.080019
0.081006
0.081006
0.080019
0.081006
0.081006
0.080019
0.081006
0.081006
0.080019
0.081006
0.081006
0.081006
0.081006
0.081006
0.081006
0.081006
0.081006
0.081006
0.081006
0.081006
0.081006
0.081006
0.081006
0.081006
0.080019
0.081006
0.081006
0.080019
0.081006
0.081006
0.080019
0.081006
0.081006
0.080019
0.081006
0.081006
0.080019
0.081006
0.081006
0.080019
0.081006
0.081006
0.080019
0.081006
0.081006
0.080019
0.081006
0.081006
0.080019
0.081006
0.081006
0.081006
0.081006
0.081006
0.081006
0.081006
0.081006
0.081006
0.081006
0.081006
0.081006
0.081006
0.081006
0.081006
0.081006
0.081006
0.081006
0.081006
0.081006
0.081006
0.080019
0.081006
0.081006
0.080019
0.081006
0.081006
0.080019
0.081006
0.081006
0.080019
0.081006
0.081006
0.080019
0.081006
0.081006
0.080019
0.081006
0.081006
0.080019
0.081006
0.081006
0.080019
0.081006
0.081006
0.081006
0.081006
0.081006
0.081006
0.081006
0.081006
0.081006
0.081006
0.081006
0.081006
0.081006
0.081006
0.081006
0.081006
0.081006
0.081006
0.081006
0.081006
0.081006
0.081006
0.081006
0.081006
0.080019
0.081006
0.081006
0.080019
0.081006
0.081006
0.080019
0.081006
0.081006
0.080019
0.081006
0.081006
0.080019
0.081006
0.081006
0.080019
0.081006
0.081006
0.080019
0.081006
0.081006
0.080019
0.081006
0.081006
0.080019
0.081006
0.081006
0.081006
0.081006
0.081006
0.081006
0.081006
0.081006
0.081006
0.081006
0.081006
0.081006
0.081006
0.081006
0.081006
0.081006
0.081006
0.081006
0.081006
0.081006
0.081006
0.080019
0.081006
0.081006
0.080019
0.081006
0.081006
0.080019
0.081006
0.081006
0.080019
0.081006
0.081006
0.080019
0.081006
0.081006
0.080019
0.081006
0.081006
0.080019
0.081006
0.081006
0.080019
0.081006
0.081006
0.080019
0.081006
0.081006
0.080019
0.081006
0.081006
0.080019
0.081006
0.081006
0.080019
0.081006
0.081006
0.080019
0.081006
0.081006
0.080019
0.081006
0.081006
0.081006
0.081006
0.081006
0.081006
0.081006
0.081006
0.081006
0.080019
0.081006
0.081006
0.080019
0.081006
0.081006
0.080019
0.081006
0.081006
0.080019
0.081006
0.081006
0.080019
0.081006
0.081006
0.080019
0.081006
0.081006
0.080019
0.081006
0.081006
0.080019
0.081006
0.081006
0.080019
0.081006
0.081006
0.080019
0.081006
0.081006
0.080019
0.081006
0.081006
0.080019
0.081006
0.081006
0.080019
0.081006
0.081006
0.081006
0.081006
0.081006
0.081006
0.081006
0.081006
0.081006
0.080019
0.081006
0.081006
0.080019
0.081006
0.081006
0.080019
0.081006
0.081006
0.080019
0.081006
0.081006
0.080019
0.081006
0.081006
0.080019
0.081006
0.081006
0.080019
0.081006
0.081006
0.080019
0.081006
0.081006
0.080019
0.081006
0.081006
0.081006
0.081006
0.081006
0.081006
0.081006
0.081006
0.081006
0.081006
0.081006
0.081006
0.081006
0.081006
0.081006
0.081006
0.081006
0.081006
0.081006
0.081006
0.081006
0.080019
0.081006
0.081006
0.080019
0.081006
0.081006
0.080019
0.081006
0.081006
0.080019
0.081006
0.081006
0.080019
0.081006
0.081006
0.081006
0.081006
0.081006
0.081006
0.081006
0.081006
0.081006
0.081006
0.081006
0.081006
0.081006
0.081006
0.081006
0.081006
0.081006
0.081006
0.081006
0.081006
0.081006
0.081006
0.081006
0.081006
0.081006
0.081006
0.081006
0.081006
0.081006
0.081006
0.081006
0.081006
0.081006
0.080019
0.081006
0.081006
0.081006
0.081006
0.081006
0.081006
0.081006
0.081006
0.081006
0.081006
0.081006
0.081006
0.081006
0.081006
0.081006
0.081006
0.081006
0.081006
0.081006
0.081006
0.081006
0.081006
0.081006
0.081006
0.081006
0.081006
0.081006
0.081006
0.081006
0.081006
0.081006
0.081006
0.081006
0.081006
0.081006
0.081006
0.081994
0.081006
0.081006
0.081994
0.081006
0.081006
0.081994
0.081006
0.081006
0.081994
0.081006
0.081006
0.081006
0.081006
0.081006
0.081006
0.081006
0.081006
0.081006
0.081006
0.081006
0.081006
0.081006
0.081006
0.081006
0.081006
0.081006
0.081006
0.081006
0.081006
0.081006
0.081006
0.081006
0.081006
0.081006
0.081006
0.081006
0.081006
0.081006
0.081006
0.081006
0.081006
0.081006
0.081994
0.081006
0.081006
0.081994
0.081006
0.081006
0.081994
0.081006
0.081006
0.081994
0.081006
0.081006
0.081994
0.081006
0.081006
0.081006
0.081006
0.081006
0.081006
0.081006
0.081006
0.081006
0.081006
0.081006
0.081006
0.081006
0.081006
0.081006
0.081006
0.081006
0.081006
0.081006
0.081006
0.081006
0.081006
0.081006
0.081006
0.081006
0.081006
0.081006
0.081006
0.081006
0.081006
0.081006
0.081006
0.081006
0.081994
0.081006
0.081006
0.081994
0.081006
0.081006
0.081994
0.081006
0.081006
0.081994
0.081006
0.081006
0.081994
0.081006
0.081006
0.081006
0.081006
0.081006
0.081006
0.081006
0.081006
0.081006
0.081006
0.081006
0.081006
0.081006
0.081006
0.081006
0.081006
0.081006
0.081006
0.081006
0.081006
0.081006
0.081006
0.081006
0.081006
0.081006
0.081006
0.081006
0.081006
0.081006
0.081006
0.081006
0.081006
0.081006
0.081994
0.081006
0.081006
0.081994
0.081006
0.081006
0.081994
0.081006
0.081006
0.081994
0.081006
0.081006
0.081994
0.081006
0.081006
0.081006
0.081006
0.081006
0.081006
0.081006
0.081006
0.081006
0.081006
0.081006
0.081006
0.081006
0.081006
0.081006
0.081006
0.081006
0.081006
0.081006
0.081006
0.081006
0.081006
0.081006
0.081006
0.081006
0.081006
0.081006
0.081006
0.081006
0.081006
0.081006
0.081006
0.081006
0.081994
0.081006
0.081006
0.081994
0.081006
0.081006
0.081994
0.081006
0.081006
0.081994
0.081006
0.081006
0.081994
0.081006
0.081006
0.081994
0.081006
0.081006
0.081006
0.081006
0.081006
0.081006
0.081006
0.081006
0.081006
0.081006
0.081006
0.081006
0.081006
0.081006
0.081006
0.081006
0.081006
0.081006
0.081006
0.081006
0.081006
0.081006
0.081006
0.081006
0.081006
0.081006
0.081006
0.081994
0.081006
0.081006
0.081994
0.081006
0.081006
0.081994
0.081006
0.081006
0.081994
0.081006
0.081006
0.081994
0.081006
0.081006
0.081994
0.081006
0.081006
0.081994
0.081006
0.081006
0.081006
0.081006
0.081006
0.081006
0.081006
0.081006
0.081006
0.081006
0.081006
0.081006
0.081006
0.081006
0.081006
0.081006
0.081006
0.081006
0.081006
0.081006
0.081006
0.081006
0.081006
0.081006
0.081006
0.081006
0.081006
0.081994
0.081006
0.081006
0.081994
0.081006
0.081006
0.081994
0.081006
0.081006
0.081994
0.081006
0.081006
0.081994
0.081006
0.081006
0.081994
0.081006
0.081006
0.081994
0.081006
0.081006
0.081006
0.081006
0.081006
0.081006
0.081006
0.081006
0.081006
0.081006
0.081006
0.081006
0.081006
0.081006
0.081006
0.081006
0.081006
0.081006
0.081006
0.081006
0.081006
0.081006
0.081006
0.081006
0.081994
0.081006
0.081006
0.081994
0.081006
0.081006
0.081994
0.081006
0.081006
0.081994
0.081006
0.081006
0.081994
0.081006
0.081006
0.081994
0.081006
0.081006
0.081994
0.081006
0.081006
0.081994
0.081006
0.081006
0.081006
0.081006
0.081006
0.081006
0.081006
0.081006
0.081006
0.081006
0.081006
0.081006
0.081994
0.081006
0.081006
0.081994
0.081006
0.081006
0.081994
0.081006
0.081006
0.081994
0.081006
0.081006
0.081994
0.081006
0.081006
0.081994
0.081006
0.081006
0.081994
0.081006
0.081006
0.081994
0.081006
0.081006
0.081994
0.081006
0.081006
0.081994
0.081006
0.081006
0.081994
0.081006
0.081006
0.081994
0.081006
0.081006
0.081994
0.081994
0.081006
0.081006
0.081994
0.081006
0.081006
0.081994
0.081006
0.081006
0.081994
0.081006
0.081006
0.081994
0.081006
0.081006
0.081994
0.081006
0.081006
0.081994
0.081006
0.081006
0.081994
0.081006
0.081006
0.081994
0.081006
0.081006
0.081994
0.081006
0.081006
0.081994
0.081006
0.081006
0.081994
0.081006
0.081006
0.081994
0.081994
0.081006
0.081994
0.081994
0.081006
0.081994
0.081994
0.081006
0.081994
0.081994
0.081006
0.081006
0.081994
0.081006
0.081006
0.081994
0.081006
0.081006
0.081994
0.081006
0.081006
0.081994
0.081006
0.081006
0.081994
0.081006
0.081006
0.081994
0.081006
0.081006
0.081994
0.081006
0.081006
0.081994
0.081006
0.081006
0.082110
0.081123
0.081123
0.082110
0.081123
0.081123
0.082110
0.081123
0.081123
0.082110
0.081123
0.081123
0.082110
0.081123
0.081123
0.082110
0.082110
0.081123
0.082110
0.082110
0.081123
0.081123
0.082110
0.081123
0.081123
0.082110
0.081123
0.081123
0.082110
0.081123
0.081123
0.082110
0.081123
0.081123
0.082110
0.081123
0.081123
0.082110
0.081123
0.081123
0.082110
0.081123
0.081123
0.082110
0.081123
0.081123
0.082110
0.081123
0.081123
0.082110
0.081123
0.081123
0.082110
0.081123
0.081123
0.082110
0.081123
0.081123
0.082110
0.081123
0.081123
0.082110
0.081123
0.081123
0.082110
0.081123
0.081123
0.081123
0.081123
0.081123
0.081123
0.081123
0.081123
0.081123
0.081123
0.081123
0.081123
0.081123
0.081123
0.081123
0.082110
0.081123
0.081123
0.082110
0.081123
0.081123
0.082110
0.081123
0.081123
0.082110
0.081123
0.081123
0.082110
0.081123
0.081123
0.082110
0.081123
0.081123
0.082110
0.081123
0.081123
0.082110
0.081123
0.081123
0.082110
0.081123
0.081123
0.082110
0.081123
0.081123
0.082110
0.081123
0.081123
0.081123
0.081123
0.081123
0.081123
0.081123
0.081123
0.081123
0.081123
0.081123
0.081123
0.081123
0.081123
0.081123
0.081123
0.081123
0.081123
0.081123
0.081123
0.081123
0.081006
0.081006
0.081006
0.081006
0.081006
0.081006
0.081006
0.081006
0.081006
0.081006
0.081006
0.081006
0.081006
0.081006
0.081006
0.081994
0.081006
0.081006
0.081994
0.081006
0.081006
0.081994
0.081006
0.081006
0.081994
0.081006
0.081006
0.081994
0.081006
0.081006
0.081006
0.081006
0.081006
0.081006
0.081006
0.081006
0.081006
0.081006
0.081006
0.081006
0.081006
0.081006
0.081006
0.081006
0.081006
0.081006
0.081006
0.081006
0.081006
0.081006
0.081006
0.081006
0.081006
0.081006
0.081006
0.081006
0.081006
0.081006
0.081006
0.081006
0.081006
0.081006
0.081006
0.081006
0.081006
0.081006
0.081006
0.081006
0.081006
0.081006
0.081006
0.081006
0.081006
0.081006
0.081006
0.081006
0.080019
0.081006
0.081006
0.080019
0.081006
0.081006
0.081006
0.081006
0.081006
0.081006
0.081006
0.081006
0.081006
0.081006
0.081006
0.081006
0.081006
0.081006
0.081006
0.081006
0.081006
0.081006
0.081006
0.081006
0.081006
0.081006
0.081006
0.081006
0.081006
0.081006
0.081006
0.081006
0.081006
0.081006
0.081006
0.081006
0.081006
0.081006
0.081006
0.081006
0.081006
0.081006
0.081006
0.081006
0.081006
0.081006
0.080019
0.081006
0.081006
0.080019
0.081006
0.081006
0.081006
0.081006
0.081006
0.081006
0.081006
0.081006
0.081006
0.081006
0.081006
0.081006
0.081006
0.081006
0.081006
0.081006
0.081006
0.081006
0.081006
0.081006
0.081006
0.081006
0.081006
0.081006
0.081006
0.081006
0.081006
0.081006
0.081006
0.081006
0.081006
0.081006
0.081006
0.081006
0.081006
0.081006
0.081006
0.081006
0.081006
0.081994
0.081006
0.081006
0.081006
0.081006
0.081006
0.081006
0.081006
0.081006
0.081006
0.081006
0.081006
0.081006
0.081006
0.081006
0.081006
0.080901
0.080901
0.080901
0.080901
0.080901
0.080901
0.080901
0.080901
0.080901
0.080901
0.080901
0.079912
0.080901
0.080901
0.079912
0.080901
0.079912
0.079912
0.080901
0.079912
0.079912
0.079912
0.079912
0.079912
0.079912
0.079912
0.079912
0.079912
0.079912
0.078924
0.079912
0.079912
0.078924
0.079912
0.078924
0.078924
0.078924
0.078924
0.078924
0.078924
0.078924
0.078924
0.077936
0.078924
0.078924
0.077936
0.078924
0.077936
0.077936
0.078924
0.077936
0.077936
0.078924
0.077936
0.077936
0.077936
0.077936
0.077936
0.077936
0.077936
0.077936
0.077936
0.077936
0.076948
0.077936
0.077936
0.076948
0.077936
0.076948
0.076948
0.077936
0.076948
0.076948
0.077936
0.076948
0.076948
0.076948
0.076948
0.076948
0.076948
0.076948
0.075961
0.075961
0.076948
0.075961
0.075961
0.076948
0.075961
0.075961
0.075961
0.075961
0.075961
0.075961
0.075961
0.075961
0.075961
0.075961
0.074973
0.075961
0.075961
0.074973
0.075961
0.074973
0.074873
0.075862
0.074873
0.074873
0.075862
0.074873
0.074873
0.075862
0.074873
0.074873
0.075862
0.075862
0.074873
0.075862
0.075862
0.074873
0.075862
0.075862
0.074873
0.075862
0.075862
0.074873
0.075862
0.075862
0.075862
0.074873
0.075862
0.075862
0.074873
0.075862
0.075776
0.074786
0.075776
0.075776
0.074786
0.075776
0.075776
0.074786
0.075776
0.075776
0.075776
0.075776
0.075776
0.075776
0.075776
0.075776
0.075776
0.075776
0.075776
0.075776
0.075776
0.075776
0.075776
0.075776
0.075776
0.075776
0.076766
0.075776
0.075703
0.076694
0.075703
0.075703
0.076694
0.075703
0.075703
0.076694
0.075703
0.075703
0.076694
0.075703
0.075703
0.075703
0.075703
0.075703
0.075703
0.076694
0.075703
0.075703
0.076694
0.075703
0.075703
0.076694
0.075703
0.075703
0.076694
0.075703
0.075703
0.076694
0.075703
0.075703
0.076694
0.075703
0.075703
0.076694
0.075703
0.075703
0.076694
0.076636
0.075644
0.076636
0.076636
0.075644
0.076636
0.076636
0.075644
0.076636
0.076636
0.075644
0.076636
0.076636
0.075644
0.076636
0.076636
0.075644
0.076636
0.076636
0.076636
0.076636
0.076636
0.076636
0.075644
0.076636
0.076636
0.075644
0.076636
0.076636
0.075644
0.076636
0.076636
0.075644
0.076636
0.076636
0.075644
0.076636
0.076636
0.076636
0.076636
0.076636
0.076636
0.076636
0.076636
0.076636
0.076636
0.076636
0.076636
0.076636
0.076636
0.076636
0.076636
0.076636
0.076636
0.076636
0.076636
0.075644
0.076636
0.076636
0.075644
0.076636
0.075644
0.075644
0.076636
0.075644
0.075644
0.076636
0.075644
0.075644
0.074653
0.075644
0.075644
0.074653
0.075644
0.075644
0.074653
0.075703
0.075703
0.074713
0.075703
0.075703
0.075703
0.075703
0.075703
0.075703
0.075703
0.075703
0.075703
0.075703
0.075703
0.075703
0.075703
0.075703
0.075703
0.075703
0.075703
0.075703
0.076694
0.075703
0.075703
0.076694
0.075703
0.075703
0.076694
0.075703
0.075703
0.076694
0.075703
0.075703
0.076694
0.075703
0.075703
0.076694
0.076694
0.075703
0.075703
0.076694
0.075703
0.075703
0.076694
0.075703
0.075703
0.076694
0.075703
0.075703
0.076694
0.076694
0.075703
0.076694
0.076694
0.075703
0.076694
0.076694
0.075776
0.076766
0.076766
0.075776
0.076766
0.076766
0.075776
0.076766
0.076766
0.075776
0.076766
0.076766
0.076766
0.076766
0.076766
0.076766
0.076766
0.076766
0.076766
0.076766
0.076766
0.076766
0.076766
0.076766
0.076766
0.076766
0.076766
0.076766
0.076766
0.076766
0.076766
0.076766
0.076766
0.076766
0.076766
0.076766
0.076766
0.076766
0.076766
0.076766
0.076766
0.076766
0.076766
0.076766
0.076766
0.076766
0.076766
0.076766
0.076766
0.076766
0.077756
0.076766
0.076766
0.077756
0.076766
0.076766
0.077756
0.076766
0.076766
0.077756
0.076766
0.076766
0.077756
0.076766
0.076766
0.077756
0.076766
0.076766
0.077756
0.077756
0.076766
0.077756
0.077756
0.076766
0.077756
0.077756
0.076766
0.076766
0.077756
0.076766
0.076766
0.077756
0.076766
0.076766
0.077756
0.076766
0.076766
0.077756
0.076766
0.076766
0.077756
0.077756
0.076766
0.077756
0.077756
0.076766
0.077756
0.077756
0.076766
0.077756
0.077756
0.076766
0.077756
0.077756
0.076766
0.077756
0.077756
0.076766
0.077756
0.077756
0.076766
0.077756
0.077756
0.077756
0.077756
0.077756
0.077756
0.077756
0.077756
0.077756
0.077756
0.077756
0.077756
0.076766
0.077756
0.077756
0.076766
0.077756
0.077756
0.076766
0.077756
0.077756
0.076766
0.077756
0.077756
0.077756
0.077756
0.077756
0.077756
0.077756
0.077756
0.077756
0.077756
0.077756
0.077756
0.077756
0.077756
0.077756
0.077756
0.077756
0.077756
0.077756
0.077756
0.077756
0.077756
0.077756
0.077756
0.078746
0.077756
0.077756
0.078746
0.077756
0.077756
0.078746
0.077756
0.077756
0.078746
0.077756
0.077756
0.077756
0.077756
0.077756
0.077756
0.077756
0.077756
0.077756
0.078829
0.077840
0.077840
0.078829
0.077840
0.077840
0.078829
0.077840
0.077840
0.078829
0.077840
0.077840
0.078829
0.077840
0.077840
0.078829
0.077840
0.077840
0.078829
0.078829
0.077840
0.078829
0.078829
0.077840
0.078829
0.078829
0.077840
0.078829
0.078829
0.077840
0.078829
0.078829
0.077840
0.078829
0.078829
0.077840
0.078829
0.078829
0.077840
0.077840
0.078829
0.078829
0.077840
0.078829
0.078829
0.077840
0.078829
0.078829
0.077840
0.078829
0.078829
0.077840
0.078829
0.078829
0.077840
0.078829
0.078829
0.077840
0.078829
0.078829
0.077840
0.078829
0.078829
0.078829
0.078829
0.078829
0.078829
0.078829
0.078829
0.078829
0.078829
0.078829
0.078829
0.078829
0.078829
0.078829
0.078829
0.078829
0.078829
0.078829
0.078829
0.078829
0.079819
0.078829
0.078829
0.079819
0.078829
0.078829
0.078829
0.078829
0.078829
0.078829
0.078829
0.078829
0.078829
0.078829
0.078829
0.078829
0.078829
0.078829
0.078829
0.078829
0.078829
0.078829
0.078829
0.078829
0.078829
0.079819
0.078829
0.078829
0.079819
0.078829
0.078829
0.079819
0.078829
0.078829
0.079819
0.078829
0.078829
0.079819
0.078829
0.078829
0.079819
0.078829
0.078829
0.079819
0.078829
0.078829
0.079819
0.079819
0.078924
0.079912
0.079912
0.078924
0.078924
0.079912
0.078924
0.078924
0.079912
0.078924
0.078924
0.079912
0.078924
0.078924
0.079912
0.078924
0.078924
0.079912
0.078924
0.078924
0.079912
0.078924
0.078924
0.079912
0.078924
0.078924
0.079912
0.079912
0.078924
0.079912
0.079912
0.078924
0.079912
0.079912
0.078924
0.079912
0.079912
0.078924
0.079912
0.079912
0.078924
0.079912
0.079912
0.078924
0.079912
0.079912
0.078924
0.079912
0.079912
0.078924
0.078924
0.079912
0.078924
0.078924
0.079912
0.079912
0.078924
0.079912
0.079912
0.078924
0.079912
0.079912
0.078924
0.079912
0.079912
0.078924
0.079912
0.079912
0.078924
0.079912
0.079912
0.078924
0.079912
0.079912
0.078924
0.079912
0.079912
0.078924
0.079912
0.079912
0.078924
0.079912
0.079912
0.079912
0.079912
0.079912
0.079912
0.079912
0.079912
0.079912
0.079912
0.079912
0.079912
0.079912
0.079912
0.079912
0.078924
0.079912
0.079912
0.078924
0.079912
0.079912
0.078924
0.079912
0.079912
0.078924
0.079912
0.079912
0.078924
0.079912
0.079912
0.078924
0.079912
0.079912
0.079912
0.079912
0.079912
0.078924
0.079912
0.078924
0.078924
0.079912
0.078924
0.078924
0.078924
0.078924
0.078924
0.078924
0.078924
0.078924
0.078924
0.078924
0.077936
0.078924
0.078924
0.077936
0.078924
0.078924
0.077936
0.078924
0.077936
0.077936
0.078924
0.077936
0.077936
0.076948
0.077936
0.077936
0.076948
0.077936
0.077936
0.076948
0.077936
0.076948
0.076948
0.077936
0.076948
0.076948
0.076948
0.076948
0.076948
0.076948
0.076948
0.076948
0.076948
0.076948
0.075961
0.076948
0.076948
0.075961
0.076948
0.075961
0.075961
0.076948
0.075961
0.075961
0.076948
0.075961
0.075961
0.075961
0.075961
0.075961
0.075961
0.075961
0.075961
0.075961
0.075961
0.074973
0.075961
0.075961
0.074973
0.074973
0.075961
0.074973
0.074973
0.074973
0.074973
0.074973
0.074973
0.074873
0.074873
0.074873
0.074873
0.073885
0.074873
0.074873
0.073885
0.074873
0.073885
0.073885
0.074873
0.073885
0.073885
0.074873
0.073885
0.073885
0.074873
0.073885
0.073885
0.073885
0.073885
0.073885
0.073885
0.073885
0.073885
0.073885
0.073885
0.072897
0.073885
0.073797
0.072808
0.073797
0.073797
0.072808
0.073797
0.072808
0.072808
0.072808
0.072808
0.072808
0.072808
0.072808
0.072808
0.071819
0.072808
0.072808
0.071819
0.072808
0.072808
0.071819
0.072808
0.072732
0.071743
0.072732
0.071743
0.071743
0.072732
0.071743
0.071743
0.072732
0.071743
0.071743
0.071743
0.071743
0.071743
0.071743
0.071743
0.071743
0.071743
0.071743
0.071743
0.071680
0.071680
0.070689
0.071680
0.071680
0.070689
0.071680
0.071680
0.070689
0.071680
0.071680
0.070689
0.070689
0.070689
0.070689
0.070689
0.070689
0.070689
0.070689
0.070689
0.070640
0.070640
0.070640
0.070640
0.069649
0.070640
0.070640
0.069649
0.070640
0.070640
0.069649
0.070640
0.070640
0.069649
0.070640
0.069649
0.069649
0.070640
0.069649
0.069649
0.070605
0.069613
0.069613
0.070605
0.069613
0.069613
0.070605
0.069613
0.069613
0.069613
0.069613
0.069613
0.069613
0.069613
0.069613
0.069613
0.069613
0.069613
0.069613
0.069613
0.068622
0.068622
0.069613
0.068622
0.068600
0.069592
0.068600
0.068600
0.069592
0.068600
0.068600
0.069592
0.068600
0.068600
0.068600
0.068600
0.068600
0.068600
0.068600
0.068600
0.068600
0.068600
0.068600
0.068600
0.068600
0.068600
0.068600
0.068600
0.067609
0.068600
0.068600
0.067609
0.068600
0.068600
0.067609
0.068600
0.068593
0.067602
0.068593
0.068593
0.067602
0.068593
0.067602
0.067602
0.068593
0.067602
0.067602
0.067602
0.067602
0.067602
0.067602
0.067602
0.067602
0.067602
0.067602
0.067602
0.067602
0.067602
0.067602
0.066611
0.067602
0.067602
0.066611
0.067602
0.067602
0.066611
0.067602
0.067602
0.066611
0.067602
0.067602
0.067602
0.067602
0.067602
0.067602
0.067602
0.067602
0.067602
0.067602
0.067602
0.067602
0.068593
0.067602
0.067602
0.068593
0.067602
0.067602
0.068593
0.068593
0.067602
0.068593
0.068593
0.067602
0.067602
0.068593
0.068593
0.067602
0.068593
0.068593
0.067602
0.068593
0.068593
0.068593
0.068593
0.068593
0.068593
0.068593
0.068593
0.068593
0.068593
0.068593
0.068593
0.069584
0.068593
0.068593
0.069584
0.068593
0.068593
0.069584
0.069584
0.068593
0.069584
0.069584
0.068593
0.069584
0.069584
0.068593
0.069584
0.069584
0.069584
0.069584
0.069584
0.069584
0.069584
0.069584
0.069584
0.070576
0.069584
0.069584
0.069584
0.069584
0.069584
0.069584
0.070576
0.069584
0.069584
0.070576
0.069584
0.069584
0.070576
0.069584
0.069584
0.070576
0.070576
0.069584
0.070576
0.070576
0.069584
0.070576
0.070576
0.070576
0.070576
0.070576
0.070576
0.070576
0.070576
0.070576
0.070576
0.070576
0.070576
0.071568
0.070583
0.070583
0.071575
0.070583
0.070583
0.071575
0.071575
0.070583
0.071575
0.071575
0.070583
0.071575
0.071575
0.070583
0.070583
0.071575
0.071575
0.070583
0.071575
0.071575
0.070583
0.071575
0.071575
0.070583
0.071575
0.071575
0.071575
0.071575
0.071575
0.071575
0.071575
0.071596
0.071596
0.072588
0.071596
0.071596
0.072588
0.071596
0.071596
0.072588
0.071596
0.071596
0.072588
0.072588
0.071596
0.072588
0.072588
0.071596
0.072588
0.072588
0.071596
0.072588
0.072588
0.072588
0.072588
0.072588
0.072588
0.072588
0.072588
0.072588
0.072588
0.072588
0.072622
0.071631
0.072622
0.072622
0.072622
0.072622
0.072622
0.072622
0.072622
0.072622
0.072622
0.072622
0.072622
0.072622
0.073614
0.072622
0.072622
0.073614
0.072622
0.072622
0.073614
0.072622
0.072622
0.073614
0.073614
0.072622
0.073614
0.073614
0.072622
0.073614
0.073614
0.072622
0.073614
0.073614
0.072622
0.073614
0.073661
0.073661
0.073661
0.073661
0.073661
0.073661
0.073661
0.073661
0.073661
0.073661
0.073661
0.072670
0.073661
0.073661
0.073661
0.073661
0.073661
0.073661
0.073661
0.073661
0.073661
0.073661
0.073661
0.073661
0.073661
0.073661
0.073661
0.074653
0.073661
0.073661
0.074653
0.073661
0.073661
0.074653
0.073661
0.073661
0.074653
0.073661
0.073661
0.074653
0.074653
0.073661
0.074653
0.074653
0.073661
0.074653
0.074653
0.073661
0.074653
0.074653
0.073661
0.074653
0.074653
0.074653
0.074653
0.074653
0.074653
0.073661
0.074653
0.074653
0.073661
0.074653
0.074653
0.073661
0.074653
0.074653
0.074653
0.074653
0.074653
0.074653
0.074653
0.074653
0.074653
0.074653
0.074653
0.074653
0.074653
0.074653
0.074653
0.074653
0.074653
0.074653
0.075644
0.074653
0.074653
0.075644
0.074653
0.074653
0.075644
0.074653
0.074653
0.075644
0.074653
0.074653
0.075644
0.075644
0.074653
0.075644
0.075644
0.074653
0.075644
0.075644
0.074653
0.074653
0.075644
0.074653
0.074653
0.075644
0.074653
0.074653
0.075644
0.075644
0.074653
0.075644
0.075644
0.074653
0.075644
0.075644
0.074653
0.075644
0.075644
0.074653
0.075644
0.075644
0.074653
0.075644
0.075644
0.075644
0.075644
0.075644
0.075644
0.075644
0.075644
0.075644
0.075644
0.075644
0.075644
0.075644
0.075644
0.075644
0.075644
0.075644
0.075644
0.076636
0.075644
0.075644
0.076636
0.075644
0.075644
0.076636
0.075644
0.075644
0.075644
0.075644
0.075644
0.075644
0.075644
0.075644
0.075644
0.076636
0.075644
0.075644
0.076636
0.075644
0.075644
0.076636
0.075644
0.075644
0.076636
0.075644
0.075644
0.076636
0.075644
0.075644
0.076636
0.076636
0.075644
0.076636
0.076636
0.075644
0.076636
0.076636
0.075644
0.076636
0.076636
0.075644
0.076636
0.076636
0.075644
0.076694
0.076694
0.076694
0.076694
0.076694
0.076694
0.076694
0.076694
0.076694
0.075703
0.076694
0.076694
0.075703
0.076694
0.076694
0.075703
0.076694
0.076694
0.076694
0.076694
0.076694
0.076694
0.076694
0.076694
0.076694
0.076694
0.076694
0.076694
0.076694
0.076694
0.076694
0.076694
0.076694
0.076694
0.077685
0.076694
0.076694
0.077685
0.076694
0.076694
0.077685
0.076694
0.076694
0.077685
0.076694
0.076694
0.077685
0.076694
0.076694
0.077685
0.076694
0.076694
0.077685
0.077685
0.076694
0.076694
0.077685
0.076694
0.076694
0.077685
0.076694
0.076694
0.077685
0.076694
0.076694
0.077685
0.076694
0.076694
0.077685
0.077685
0.076694
0.077685
0.077685
0.076766
0.077756
0.077756
0.076766
0.077756
0.077756
0.076766
0.077756
0.077756
0.076766
0.077756
0.077756
0.076766
0.077756
0.077756
0.077756
0.077756
0.077756
0.077756
0.077756
0.077756
0.077756
0.077756
0.077756
0.077756
0.077756
0.077756
0.077756
0.076766
0.077756
0.077756
0.076766
0.077756
0.077756
0.077756
0.077756
0.077756
0.077756
0.077756
0.077756
0.077756
0.077756
0.077756
0.077756
0.077756
0.077756
0.077756
0.077756
0.077756
0.077756
0.077756
0.077756
0.077756
0.077756
0.077756
0.077756
0.078746
0.077756
0.077756
0.078746
0.077756
0.077756
0.078746
0.077756
0.077756
0.078746
0.077756
0.077756
0.078746
0.077756
0.077756
0.078746
0.077756
0.077756
0.078746
0.078746
0.077756
0.077756
0.078746
0.077840
0.077840
0.078829
0.077840
0.077840
0.078829
0.077840
0.077840
0.078829
0.077840
0.077840
0.078829
0.077840
0.077840
0.078829
0.077840
0.077840
0.078829
0.078829
0.077840
0.078829
0.078829
0.077840
0.078829
0.078829
0.077840
0.078829
0.078829
0.077840
0.078829
0.078829
0.077840
0.078829
0.078829
0.077840
0.078829
0.078829
0.077840
0.078829
0.078829
0.077840
0.078829
0.078829
0.078829
0.077840
0.078829
0.078829
0.077840
0.078829
0.078829
0.077840
0.078829
0.078829
0.077840
0.078829
0.078829
0.077840
0.078829
0.078829
0.077840
0.078829
0.078829
0.077840
0.078829
0.078829
0.077840
0.078829
0.078829
0.078829
0.078829
0.078829
0.078829
0.078829
0.078829
0.078829
0.078829
0.078829
0.078829
0.078829
0.078829
0.078829
0.078829
0.078829
0.078829
0.078829
0.078829
0.078829
0.078829
0.078829
0.078829
0.077840
0.078829
0.078829
0.078829
0.078829
0.078829
0.078829
0.078829
0.078829
0.078829
0.078829
0.078829
0.078829
0.078829
0.078829
0.078829
0.078829
0.078829
0.078829
0.078829
0.078829
0.078829
0.078829
0.078829
0.078829
0.078829
0.078829
0.078829
0.079819
0.078829
0.078829
0.079819
0.078829
0.078829
0.079819
0.078829
0.078829
0.079819
0.078829
0.078829
0.079819
0.078829
0.078829
0.079819
0.078829
0.078829
0.078829
0.079819
0.078829
0.078829
0.079819
0.078829
0.078829
0.079819
0.078829
0.078829
0.079819
0.079819
0.078829
0.079819
0.079819
0.078829
0.079819
0.079819
0.078829
0.079819
0.079819
0.079819
0.079819
0.079819
0.079819
0.079819
0.079819
0.079819
0.080808
0.079819
0.079819
0.080808
0.079819
0.079819
0.080808
0.079819
0.079819
0.080808
0.080808
0.079819
0.080808
0.080808
0.079819
0.080808
0.080808
0.080808
0.080808
0.080808
0.080808
0.079819
0.080808
0.080808
0.080808
0.080808
0.080808
0.080808
0.080808
0.080808
0.080901
0.081890
0.080901
0.080901
0.081890
0.080901
0.080901
0.081890
0.081890
0.080901
0.081890
0.081890
0.080901
0.081890
0.081890
0.080901
0.081890
0.081890
0.081890
0.081890
0.081890
0.081890
0.081890
0.081890
0.081890
0.081890
0.081890
0.081890
0.082879
0.081890
0.081890
0.082879
0.081890
0.081890
0.082879
0.081890
0.081890
0.081890
0.081890
0.081890
0.081890
0.082879
0.081890
0.081890
0.082879
0.081994
0.081994
0.082982
0.081994
0.081994
0.082982
0.081994
0.081994
0.082982
0.081994
0.081994
0.082982
0.081994
0.081994
0.082982
0.081994
0.081994
0.082982
0.081994
0.081994
0.082982
0.081994
0.081994
0.082982
0.081994
0.081994
0.082982
0.081994
0.081994
0.082982
0.081994
0.081994
0.082982
0.081994
0.082110
0.083096
0.082110
0.082110
0.082110
0.082110
0.082110
0.082110
0.082110
0.082110
0.082110
0.082110
0.082110
0.081123
0.082110
0.082110
0.081123
0.082110
0.082110
0.081123
0.082110
0.082110
0.081123
0.082110
0.082110
0.081123
0.082110
0.082110
0.081123
0.082110
0.082110
0.081123
0.082110
0.081123
0.081123
0.082110
0.081123
0.081123
0.082110
0.081123
0.081123
0.082110
0.081123
0.081123
0.082110
0.081123
0.081123
0.082110
0.081123
0.081123
0.081123
0.081123
0.081123
0.081123
0.081123
0.081123
0.081123
0.081123
0.081123
0.080137
0.081123
0.081123
0.080137
0.081123
0.081123
0.080137
0.081123
0.081123
0.080137
0.081123
0.081123
0.080137
0.081123
0.081123
0.080137
0.081123
0.081123
0.081123
0.081123
0.081123
0.081123
0.081123
0.081123
0.081006
0.081006
0.081006
0.081006
0.081006
0.081006
0.081006
0.081006
0.081006
0.081006
0.081006
0.081006
0.081006
0.081006
0.081006
0.081006
0.081006
0.081006
0.081006
0.081006
0.081006
0.081006
0.081006
0.081006
0.081006
0.081006
0.081006
0.081006
0.081006
0.081994
0.081006
0.081006
0.081994
0.081006
0.081006
0.081994
0.081006
0.081006
0.081994
0.081994
0.081006
0.081994
0.081890
0.080901
0.081890
0.081890
0.080901
0.081890
0.081890
0.080901
0.081890
0.081890
0.081890
0.081890
0.081890
0.081890
0.081890
0.081890
0.081890
0.081890
0.081890
0.081890
0.080901
0.081890
0.081890
0.081890
0.081890
0.081890
0.081890
0.081890
0.081890
0.081890
0.081890
0.081890
0.081890
0.081890
0.081890
0.081890
0.081890
0.081890
0.081890
0.081890
0.081890
0.081890
0.082879
0.081890
0.081890
0.082879
0.081890
0.081890
0.082879
0.081890
0.081890
0.082879
0.081890
0.081890
0.082879
0.081890
0.081890
0.082879
0.081890
0.081890
0.082879
0.081890
0.081890
0.082879
0.081890
0.081890
0.081890
0.081890
0.081890
0.081890
0.081890
0.081890
0.081890
0.081890
0.081890
0.081890
0.081890
0.081890
0.080901
0.081890
0.081890
0.080901
0.081890
0.081890
0.080901
0.081890
0.081890
0.080901
0.081890
0.081890
0.080901
0.081890
0.081890
0.080901
0.081890
0.081890
0.080901
0.081890
0.080901
0.080901
0.081890
0.080901
0.080901
0.081890
0.080901
0.080901
0.081890
0.080901
0.080901
0.081890
0.080901
0.080901
0.080901
0.080901
0.080901
0.080901
0.080901
0.080901
0.080901
0.080901
0.080901
0.080901
0.080901
0.080901
0.079912
0.080901
0.080901
0.079912
0.080901
0.080901
0.079912
0.080901
0.080901
0.079912
0.080901
0.080901
0.080901
0.080901
0.080901
0.080901
0.080901
0.080901
0.080901
0.080901
0.080901
0.080901
0.080901
0.080901
0.080901
0.080901
0.080901
0.080901
0.080901
0.080901
0.080901
0.081890
0.080901
0.080901
0.081890
0.080901
0.080901
0.081006
0.081006
0.081006
0.081006
0.081006
0.081006
0.081006
0.081994
0.081006
0.081006
0.081994
0.081006
0.081006
0.081994
0.081006
0.081006
0.081994
0.081994
0.081006
0.081994
0.081994
0.081006
0.081994
0.081994
0.081006
0.081994
0.081994
0.081994
0.081994
0.081994
0.081994
0.081994
0.081994
0.081994
0.081994
0.081994
0.081994
0.082982
0.081994
0.081994
0.082982
0.081994
0.081994
0.082982
0.081994
0.081994
0.081994
0.082982
0.081994
0.081994
0.082982
0.081994
0.081994
0.082982
0.081994
0.081994
0.082982
0.081994
0.081994
0.082982
0.081994
0.081994
0.082982
0.081994
0.081994
0.082982
0.081994
0.081994
0.082982
0.081994
0.081994
0.082982
0.081994
0.081994
0.082982
0.081994
0.081994
0.082982
0.081994
0.081994
0.082982
0.081994
0.081994
0.082982
0.081994
0.081994
0.081994
0.081994
0.081994
0.081994
0.081994
0.081994
0.081006
0.081994
0.081006
0.081006
0.081994
0.081123
0.081123
0.082110
0.081123
0.081123
0.082110
0.081123
0.081123
0.081123
0.081123
0.081123
0.081123
0.081123
0.081123
0.081123
0.081123
0.080137
0.081123
0.081123
0.080137
0.081123
0.081123
0.080137
0.081123
0.081123
0.080137
0.081123
0.081123
0.080137
0.081123
0.081123
0.080137
0.081123
0.080137
0.080137
0.081123
0.080137
0.080137
0.081123
0.080137
0.080137
0.080137
0.080137
0.080019
0.080019
0.080019
0.080019
0.080019
0.080019
0.080019
0.080019
0.080019
0.080019
0.079032
0.080019
0.080019
0.079032
0.080019
0.080019
0.079032
0.080019
0.079032
0.079032
0.080019
0.079032
0.079032
0.080019
0.079032
0.079032
0.079032
0.079032
0.079032
0.079032
0.079032
0.078045
0.079032
0.079032
0.078045
0.079032
0.079032
0.078045
0.079032
0.078045
0.078045
0.079032
0.078045
0.077936
0.076948
0.077936
0.077936
0.076948
0.077936
0.076948
0.076948
0.077936
0.076948
0.076948
0.076948
0.076948
0.076948
0.076948
0.076948
0.076948
0.076948
0.076948
0.075961
0.076948
0.076948
0.075961
0.076948
0.075862
0.075862
0.076851
0.075862
0.075862
0.076851
0.075862
0.075862
0.075862
0.075862
0.075862
0.075862
0.075862
0.075862
0.075862
0.075862
0.074873
0.075862
0.075862
0.074786
0.075776
0.075776
0.074786
0.075776
0.075776
0.074786
0.074786
0.074786
0.074786
0.074786
0.074786
0.074786
0.074786
0.074786
0.074786
0.074786
0.074786
0.074786
0.074713
0.074713
0.074713
0.074713
0.074713
0.074713
0.074713
0.075703
0.074713
0.074713
0.075703
0.074713
0.074713
0.075703
0.074713
0.074713
0.075703
0.074713
0.074713
0.075703
0.074653
0.074653
0.075644
0.075644
0.074653
0.075644
0.075644
0.074653
0.075644
0.075644
0.075644
0.075644
0.075644
0.075644
0.074653
0.075644
0.075644
0.074653
0.075644
0.075644
0.075644
0.075644
0.075644
0.075644
0.075644
0.075598
0.075598
0.075598
0.075598
0.075598
0.076590
0.075598
0.075598
0.076590
0.075598
0.075598
0.076590
0.076590
0.075598
0.076590
0.076590
0.075598
0.076590
0.076590
0.076590
0.076590
0.076590
0.076590
0.076590
0.076590
0.076590
0.077582
0.076590
0.076590
0.077582
0.076590
0.076590
0.077582
0.077582
0.076590
0.076590
0.077582
0.077582
0.076590
0.077582
0.077582
0.077582
0.077582
0.077582
0.077582
0.077582
0.077582
0.077582
0.078575
0.077582
0.077582
0.078575
0.078575
0.077582
0.078575
0.078575
0.078575
0.078575
0.078575
0.078575
0.079568
0.078575
0.078575
0.079568
0.079568
0.078575
0.079568
0.079568
0.079568
0.079568
0.079568
0.079612
0.080604
0.079612
0.079612
0.080604
0.080604
0.079612
0.080604
0.080604
0.079612
0.079612
0.080604
0.080604
0.079612
0.080604
0.080604
0.080604
0.080604
0.080604
0.080604
0.080604
0.080604
0.080660
0.080660
0.080660
0.080660
0.081652
0.080660
0.080660
0.081652
0.080660
0.080660
0.081652
0.080660
0.080660
0.081652
0.080660
0.080728
0.081719
0.080728
0.080728
0.081719
0.080728
0.080728
0.080728
0.080728
0.080728
0.080728
0.080728
0.080728
0.080808
0.080808
0.079819
0.080808
0.080808
0.079819
0.080808
0.080808
0.079819
0.079819
0.079819
0.079819
0.079819
0.079912
0.079912
0.078924
0.079912
0.079912
0.078924
0.079912
0.078924
0.078924
0.079912
0.078924
0.078924
0.078924
0.078924
0.078924
0.078924
0.078924
0.077936
0.079032
0.079032
0.078045
0.079032
0.078045
0.078045
0.079032
0.078045
0.078045
0.079032
0.078045
0.078045
0.078045
0.078045
0.078045
0.078045
0.078045
0.077058
0.078045
0.078045
0.077058
0.078045
0.077058
0.077058
0.077058
0.077058
0.077058
0.076072
0.077058
0.077058
0.075961
0.076948
0.076948
0.075961
0.076948
0.075961
0.075961
0.076948
0.075961
0.075961
0.076948
0.075961
0.075961
0.075961
0.075961
0.075961
0.075961
0.075961
0.075961
0.075961
0.075961
0.075862
0.075862
0.075862
0.075862
0.075862
0.075862
0.075862
0.075862
0.075862
0.075862
0.075862
0.075862
0.075862
0.075862
0.075862
0.075776
0.075776
0.075776
0.075776
0.074786
0.075776
0.075776
0.074786
0.075776
0.075776
0.074786
0.075776
0.075776
0.075776
0.075703
0.075703
0.075703
0.075703
0.075703
0.075703
0.075703
0.075703
0.075703
0.076694
0.075703
0.075703
0.076694
0.075644
0.075644
0.076636
0.075644
0.075644
0.076636
0.076636
0.075644
0.076636
0.076636
0.075644
0.076636
0.076636
0.076636
0.076636
0.076636
0.076590
0.076590
0.076590
0.076590
0.076590
0.076590
0.076590
0.076590
0.076590
0.076590
0.076590
0.076590
0.076590
0.076590
0.077582
0.076590
0.076590
0.077582
0.076590
0.076590
0.077582
0.076557
0.076557
0.077550
0.077550
0.076557
0.077550
0.077550
0.076557
0.077550
0.077550
0.077550
0.077550
0.077550
0.077550
0.077550
0.077550
0.077550
0.078543
0.077550
0.077550
0.078543
0.077550
0.077550
0.078543
0.078543
0.077550
0.078543
0.078543
0.078543
0.078543
0.078543
0.078543
0.078543
0.078543
0.078543
0.078543
0.078543
0.078543
0.078543
0.079536
0.078543
0.078543
0.079536
0.079536
0.078543
0.079536
0.079536
0.079536
0.079536
0.079536
0.079536
0.080529
0.079536
0.079536
0.080529
0.079536
0.079536
0.080529
0.080529
0.079568
0.080561
0.080561
0.080561
0.080561
0.080561
0.080561
0.080561
0.080561
0.080561
0.081554
0.080561
0.080561
0.081554
0.080561
0.080561
0.081554
0.081554
0.080604
0.081597
0.081597
0.080604
0.080604
0.081597
0.080604
0.080604
0.081597
0.080604
0.080604
0.081597
0.080604
0.080660
0.081652
0.081652
0.080660
0.081652
0.081652
0.080660
0.081652
0.081652
0.080660
0.081652
0.081719
0.080728
0.081719
0.081719
0.080728
0.081719
0.080728
0.080728
0.081719
0.080728
0.080728
0.081799
0.080808
0.080808
0.081799
0.080808
0.080808
0.081799
0.080808
0.080808
0.080808
0.080808
0.080808
0.080901
0.080901
0.080901
0.079912
0.080901
0.080901
0.079912
0.080901
0.079912
0.079912
0.080901
0.079912
0.079912
0.079912
0.080019
0.080019
0.080019
0.080019
0.080019
0.080019
0.080019
0.079032
0.080019
0.080019
0.079032
0.080019
0.079032
0.079032
0.080019
0.079032
0.079032
0.079032
0.079032
0.079032
0.079032
0.079032
0.079032
0.079032
0.079032
0.078045
0.079032
0.079032
0.078045
0.079032
0.078045
0.078045
0.079032
0.078045
0.078045
0.078045
0.078045
0.078045
0.077058
0.078045
0.078045
0.077058
0.078045
0.078045
0.077058
0.078045
0.077058
0.077058
0.078045
0.077058
0.077058
0.078045
0.077058
0.077058
0.078045
0.076948
0.076948
0.077936
0.076948
0.076948
0.077936
0.076948
0.076948
0.077936
0.077936
0.076948
0.077936
0.077936
0.076948
0.077936
0.077936
0.076851
0.077840
0.077840
0.077840
0.077840
0.077840
0.077840
0.077840
0.077840
0.077840
0.077840
0.077840
0.077840
0.077840
0.077840
0.077756
0.077756
0.077756
0.077756
0.077756
0.078746
0.077756
0.077756
0.078746
0.077756
0.077756
0.078746
0.077756
0.077756
0.078746
0.078677
0.077685
0.078677
0.078677
0.078677
0.078677
0.078677
0.078677
0.078677
0.078677
0.078677
0.079668
0.078677
0.078677
0.079668
0.079668
0.078677
0.079668
0.079612
0.078619
0.079612
0.079612
0.079612
0.079612
0.079612
0.079612
0.080604
0.079612
0.079612
0.079612
0.080604
0.079612
0.079612
0.080604
0.079612
0.079612
0.080604
0.080604
0.079612
0.080604
0.080604
0.080604
0.080604
0.080604
0.080604
0.080604
0.080604
0.080604
0.081597
0.080604
0.080604
0.081597
0.080604
0.080604
0.081597
0.081597
0.080604
0.081597
0.081597
0.080604
0.081597
0.081597
0.080604
0.081597
0.081597
0.081597
0.081597
0.081597
0.081597
0.081597
0.081597
0.081597
0.081597
0.081597
0.081597
0.080604
0.081597
0.081597
0.081597
0.081597
0.081597
0.081597
0.081597
0.081597
0.081597
0.081597
0.081597
0.081597
0.081597
0.081597
0.081652
0.081652
0.081652
0.081652
0.081652
0.081652
0.081652
0.081652
0.081652
0.081652
0.082644
0.081652
0.081652
0.082644
0.081652
0.081652
0.082710
0.081719
0.081719
0.081719
0.081719
0.081719
0.081719
0.081719
0.081719
0.081719
0.081719
0.081719
0.081719
0.081719
0.081799
0.080808
0.081799
0.080808
0.080808
0.081799
0.080808
0.080808
0.081799
0.080808
0.080808
0.080808
0.080808
0.080901
0.080901
0.080901
0.079912
0.080901
0.080901
0.079912
0.080901
0.079912
0.079912
0.079912
0.079912
0.079912
0.079912
0.079912
0.078924
0.080019
0.080019
0.079032
0.080019
0.079032
0.079032
0.080019
0.079032
0.079032
0.079032
0.079032
0.079032
0.079032
0.079032
0.078045
0.079032
0.079032
0.078045
0.079032
0.079032
0.078045
0.077058
0.078045
0.077058
0.077058
0.078045
0.077058
0.077058
0.077058
0.077058
0.076072
0.077058
0.077058
0.076072
0.077058
0.077058
0.076072
0.077058
0.077058
0.076072
0.077058
0.077058
0.076072
0.077058
0.076948
0.075961
0.076948
0.076948
0.076948
0.076948
0.076948
0.076948
0.076948
0.076948
0.076948
0.077936
0.076948
0.076948
0.077936
0.076948
0.076948
0.077936
0.077936
0.076948
0.077936
0.077936
0.077840
0.076851
0.077840
0.077840
0.077840
0.077840
0.077840
0.077840
0.078829
0.077840
0.077840
0.078829
0.078829
0.077840
0.078829
0.078829
0.078829
0.078829
0.078829
0.078829
0.079737
0.078746
0.078746
0.079737
0.079737
0.078746
0.079737
0.079737
0.079737
0.079737
0.079737
0.079737
0.080728
0.079737
0.079737
0.080728
0.079737
0.079737
0.080728
0.080728
0.079737
0.080728
0.080728
0.080728
0.080728
0.080660
0.080660
0.079668
0.080660
0.080660
0.080660
0.080660
0.080660
0.080660
0.080660
0.080660
0.080660
0.080660
0.080660
0.080660
0.081652
0.080660
0.080660
0.081652
0.080660
0.080660
0.081652
0.080660
0.080660
0.081652
0.080660
0.080660
0.081652
0.080660
0.080660
0.081652
0.080660
0.080660
0.081652
0.081652
0.080660
0.081652
0.081652
0.080660
0.081652
0.081652
0.080660
0.081652
0.080660
0.080660
0.081652
0.080660
0.080660
0.080660
0.080660
0.080660
0.080660
0.080660
0.080660
0.080660
0.080660
0.080660
0.080728
0.080728
0.080728
0.080728
0.080728
0.080728
0.080728
0.080728
0.080728
0.080728
0.080728
0.080728
0.079737
0.080728
0.080728
0.079737
0.080728
0.080728
0.079737
0.080728
0.080728
0.079737
0.080728
0.080728
0.079819
0.080808
0.079819
0.079819
0.080808
0.079819
0.079819
0.080808
0.079819
0.079819
0.080808
0.079819
0.079819
0.079819
0.079819
0.079819
0.078829
0.079819
0.079819
0.078829
0.079819
0.079819
0.078829
0.079819
0.079912
0.078924
0.079912
0.078924
0.078924
0.079912
0.078924
0.078924
0.079912
0.078924
0.078924
0.079912
0.078924
0.078924
0.079912
0.078924
0.078924
0.079912
0.078924
0.078924
0.079912
0.078924
0.078924
0.079912
0.078924
0.078924
0.078924
0.078924
0.078924
0.078924
0.078924
0.078924
0.078924
0.078924
0.078924
0.078924
0.078924
0.078924
0.077936
0.078924
0.078924
0.078924
0.078924
0.078924
0.078924
0.078924
0.078924
0.078924
0.078924
0.078924
0.078924
0.078924
0.078924
0.078924
0.078924
0.078924
0.078924
0.078924
0.078924
0.078924
0.078924
0.078924
0.078924
0.079912
0.078924
0.078924
0.079912
0.078924
0.078924
0.079912
0.078924
0.078924
0.079912
0.079912
0.078829
0.079819
0.079819
0.078829
0.079819
0.079819
0.078829
0.079819
0.079819
0.078829
0.078829
0.079819
0.079819
0.078829
0.079819
0.079819
0.078829
0.079819
0.079819
0.078829
0.079819
0.079819
0.079819
0.079819
0.079819
0.079819
0.079819
0.079819
0.079819
0.079819
0.079819
0.079819
0.080808
0.079819
0.079819
0.080808
0.079819
0.079819
0.080808
0.079819
0.079819
0.080808
0.080808
0.079819
0.080808
0.080728
0.079737
0.080728
0.080728
0.079737
0.080728
0.080728
0.080728
0.080728
0.080728
0.080728
0.079737
0.080728
0.080728
0.079737
0.080728
0.080728
0.079737
0.080728
0.080728
0.079737
0.080728
0.080728
0.080728
0.080728
0.080728
0.080728
0.080728
0.080728
0.080728
0.080728
0.080728
0.080728
0.080728
0.080728
0.080728
0.080728
0.080728
0.080728
0.080728
0.080728
0.080728
0.080728
0.080728
0.080728
0.080728
0.080728
0.080728
0.081719
0.080728
0.080728
0.081719
0.080728
0.080728
0.081719
0.080728
0.080728
0.080728
0.080728
0.080728
0.080728
0.080728
0.080728
0.080728
0.080728
0.080728
0.080728
0.080728
0.080728
0.080728
0.080728
0.080728
0.080728
0.080728
0.080728
0.080728
0.080728
0.080728
0.080728
0.080728
0.080728
0.080728
0.080728
0.080728
0.080728
0.080728
0.080728
0.080728
0.080728
0.080728
0.080728
0.080728
0.080808
0.080808
0.080808
0.080808
0.080808
0.080808
0.080808
0.080808
0.080808
0.080808
0.080808
0.080808
0.080808
0.080808
0.079819
0.080808
0.080808
0.079819
0.080808
0.079819
0.079819
0.080808
0.079819
0.079819
0.080808
0.079819
0.079819
0.080808
0.079819
0.079819
0.080808
0.079819
0.079819
0.080808
0.079819
0.079819
0.080808
0.079819
0.079819
0.080808
0.079819
0.079819
0.080808
0.079819
0.079819
0.080808
0.079819
0.079819
0.080808
0.079819
0.079819
0.080808
0.079819
0.079912
0.080901
0.079912
0.079912
0.080901
0.079912
0.079912
0.079912
0.079912
0.079912
0.079912
0.079912
0.079912
0.079912
0.079912
0.079912
0.079912
0.079912
0.079912
0.079912
0.080901
0.079912
0.079912
0.080901
0.079912
0.079912
0.080901
0.079912
0.079912
0.080901
0.079912
0.079912
0.080901
0.079912
0.079912
0.080901
0.079912
0.079912
0.080901
0.079912
0.079912
0.080901
0.079912
0.079912
0.080901
0.079912
0.080346
0.080664
0.081710
0.081536
0.081276
0.080988
0.080786
0.079682
0.079711
0.079797
0.079912
0.079999
0.080028
0.080028
0.079999
0.079941
0.079912
0.078895
0.078895
0.078895
0.078895
0.078924
0.078953
0.078953
0.078953
0.078924
0.078924
0.078924
0.077936
0.077936
0.077936
0.077936
0.077936
0.077936
0.077936
0.077936
0.077936
0.077936
0.077936
0.076948
0.076948
0.076948
0.076948
0.076948
0.076948
0.076948
0.076948
0.076948
0.076948
0.076948
0.075961
0.075961
0.075961
0.075961
0.075862
0.075862
0.075862
0.075862
0.075862
0.075862
0.075862
0.075862
0.074873
0.074873
0.074873
0.074873
0.074873
0.074873
0.074873
0.074873
0.074873
0.074873
0.074873
0.074873
0.074873
0.073885
0.073885
0.073885
0.073885
0.073885
0.073885
0.073885
0.073885
0.073885
0.073885
0.073885
0.073885
0.073885
0.072897
0.072897
0.072897
0.072897
0.072897
0.072897
0.072897
0.072897
0.072897
0.072897
0.072897
0.072897
0.072897
0.071910
0.071910
0.071910
0.071910
0.071910
0.071910
0.071910
0.071910
0.071910
0.071910
0.071910
0.071910
0.071910
0.070922
0.070922
0.070922
0.070922
0.070922
0.070922
0.070922
0.070922
0.070922
0.070922
0.070922
0.070922
0.070922
0.070922
0.069936
0.069936
0.069936
0.069936
0.069936
0.069936
0.069936
0.069936
0.069936
0.069936
0.069936
0.069936
0.069936
0.069936
0.068949
0.068949
0.068949
0.068949
0.068949
0.068949
0.068949
0.068949
0.068949
0.068949
0.068949
0.068949
0.068949
0.068949
0.068949
0.067963
0.067963
0.067963
0.067963
0.067963
0.067963
0.067963
0.067963
0.067963
0.067963
0.067963
0.067963
0.067963
0.067963
0.067963
0.066978
0.066978
0.066978
0.066978
0.066978
0.066978
0.066978
0.066978
0.066978
0.066978
0.066978
0.066978
0.066978
0.066978
0.066978
0.065992
0.065992
0.065992
0.065992
0.065992
0.065992
0.065992
0.065992
0.065992
0.065992
0.065992
0.065992
0.065992
0.066106
0.066106
0.066106
0.065123
0.065123
0.065123
0.065123
0.065123
0.065123
0.065123
0.065123
0.065123
0.065123
0.065123
0.065123
0.065123
0.065123
0.065123
0.065123
0.065123
0.064140
0.064140
0.064140
0.064140
0.064140
0.064140
0.064140
0.064140
0.064140
0.064140
0.064140
0.064140
0.064140
0.064140
0.064140
0.064140
0.064140
0.063159
0.063159
0.063159
0.063159
0.063159
0.063159
0.063159
0.063159
0.063159
0.063159
0.063159
0.063159
0.063159
0.063159
0.063159
0.063159
0.063159
0.063159
0.062177
0.062177
0.062177
0.062177
0.062177
0.062177
0.062177
0.062177
0.062177
0.062177
0.062177
0.062177
0.062177
0.062177
0.062177
0.062177
0.062177
0.062177
0.062177
0.061196
0.061196
0.061196
0.061196
0.061196
0.061196
0.061196
0.061196
0.061196
0.061196
0.061196
0.061196
0.061196
0.061196
0.061196
0.061196
0.061196
0.061196
0.061196
0.060216
0.060216
0.060216
0.060216
0.060216
0.060216
0.060216
0.060216
0.060216
0.060216
0.060216
0.060216
0.060216
0.060216
0.060216
0.060216
0.060216
0.060216
0.060216
0.060216
0.060216
0.059237
0.059237
0.059237
0.059237
0.059237
0.059237
0.059237
0.059237
0.059237
0.059237
0.059237
0.059237
0.059237
0.059237
0.059237
0.059237
0.059237
0.059237
0.059237
0.059237
0.059237
0.059237
0.058258
0.058258
0.058258
0.058258
0.058258
0.058258
0.058258
0.058258
0.058258
0.058258
0.058258
0.058258
0.058258
0.058258
0.058258
0.058258
0.058258
0.058258
0.058258
0.058258
0.058258
0.058258
0.058258
0.058258
0.057280
0.057280
0.057280
0.057280
0.057280
0.057280
0.057280
0.057280
0.057280
0.057280
0.057280
0.057280
0.057280
0.057280
0.057280
0.057280
0.057280
0.057280
0.057280
0.057280
0.057280
0.057280
0.057280
0.057280
0.057280
0.057280
0.057280
0.056303
0.056303
0.056303
0.056303
0.056303
0.055857
0.055532
0.055473
0.054673
0.055946
0.056214
0.056452
0.056541
0.056511
0.056422
0.057310
0.056243
0.056184
0.056184
0.057191
0.056273
0.056303
0.057310
0.057339
0.056333
0.057310
0.057280
0.057280
0.057250
0.057280
0.057280
0.058404
0.057428
0.057428
0.058404
0.057428
0.057428
0.058404
0.058404
0.057428
0.058404
0.058404
0.058404
0.058404
0.058404
0.058404
0.059380
0.058404
0.058404
0.059380
0.059380
0.058404
0.059380
0.059380
0.058404
0.059380
0.059380
0.059380
0.058404
0.059380
0.059380
0.059380
0.059380
0.059380
0.059380
0.060357
0.059380
0.059380
0.060357
0.059380
0.059380
0.060357
0.060357
0.059380
0.060357
0.060357
0.060357
0.060357
0.060357
0.060357
0.060357
0.060357
0.060357
0.061335
0.060357
0.060357
0.061335
0.061335
0.060357
0.061335
0.061335
0.060357
0.061335
0.061335
0.061335
0.061335
0.061335
0.061335
0.062314
0.061335
0.061335
0.062314
0.061335
0.061335
0.062314
0.062314
0.061335
0.061335
0.062314
0.062314
0.061335
0.062314
0.062314
0.061335
0.062314
0.062314
0.062314
0.062314
0.062314
0.062314
0.062314
0.062314
0.062314
0.063293
0.062314
0.062314
0.063293
0.063293
0.062314
0.063293
0.063293
0.062314
0.063293
0.063293
0.063293
0.063293
0.063293
0.063293
0.063293
0.063293
0.063293
0.064273
0.063293
0.063293
0.064273
0.064273
0.063293
0.064273
0.064273
0.063293
0.064273
0.064273
0.064273
0.063293
0.064273
0.064273
0.063293
0.064273
0.064273
0.064273
0.064273
0.064273
0.064273
0.065253
0.064273
0.064140
0.065123
0.064140
0.064140
0.065123
0.065123
0.064140
0.065123
0.065123
0.064140
0.065123
0.065123
0.065123
0.065123
0.065123
0.065123
0.065123
0.065123
0.065123
0.066106
0.065123
0.065123
0.066106
0.066106
0.065123
0.066106
0.066106
0.065123
0.066106
0.066106
0.066106
0.066106
0.066106
0.066106
0.065123
0.066106
0.066106
0.066106
0.066106
0.066106
0.066106
0.066106
0.066106
0.066106
0.067089
0.066106
0.066106
0.067089
0.067089
0.066106
0.067089
0.067089
0.066106
0.067089
0.067089
0.067089
0.067089
0.067089
0.067089
0.067089
0.067089
0.067089
0.068073
0.067089
0.067089
0.068073
0.067089
0.067089
0.068073
0.068073
0.067089
0.068073
0.068073
0.067089
0.068073
0.068073
0.068073
0.068073
0.068073
0.068073
0.067089
0.068073
0.068073
0.068073
0.068073
0.068073
0.068073
0.068073
0.068073
0.068073
0.069058
0.068073
0.068073
0.069058
0.068073
0.068073
0.069058
0.069058
0.068073
0.069058
0.069058
0.068073
0.069058
0.069058
0.069058
0.069058
0.069058
0.069058
0.069058
0.069058
0.069058
0.070043
0.069058
0.069058
0.070043
0.069058
0.069058
0.070043
0.070043
0.069058
0.070043
0.070043
0.069058
0.070043
0.069936
0.069936
0.069936
0.069936
0.069936
0.068949
0.069936
0.069936
0.068949
0.069936
0.069936
0.069936
0.069936
0.069936
0.069936
0.069936
0.069936
0.069936
0.070922
0.069936
0.069936
0.070922
0.069936
0.069936
0.070922
0.070922
0.069936
0.070922
0.070922
0.069936
0.070922
0.070922
0.069936
0.070922
0.070922
0.070922
0.070922
0.070922
0.070831
0.070831
0.070831
0.070831
0.070831
0.070831
0.070831
0.071819
0.070831
0.070831
0.071819
0.070831
0.070831
0.070831
0.070831
0.070831
0.070831
0.071819
0.070831
0.070831
0.071819
0.070831
0.070831
0.071819
0.070831
0.070831
0.071819
0.071819
0.070831
0.071819
0.071819
0.070831
0.071819
0.071819
0.070831
0.071819
0.071819
0.071819
0.071819
0.071819
0.071819
0.071819
0.071819
0.071743
0.071743
0.071743
0.071743
0.071743
0.071743
0.071743
0.072732
0.071743
0.071743
0.072732
0.071743
0.071743
0.072732
0.071743
0.071743
0.071743
0.072732
0.071743
0.071743
0.072732
0.071743
0.071743
0.072732
0.071743
0.071743
0.072732
0.071743
0.071743
0.072732
0.072732
0.071743
0.072732
0.072732
0.071743
0.072732
0.072732
0.071743
0.072732
0.072732
0.071743
0.072732
0.072732
0.072732
0.072732
0.072732
0.072732
0.072732
0.072732
0.072732
0.072732
0.072732
0.072732
0.072732
0.072732
0.072732
0.073722
0.072732
0.072732
0.073722
0.072732
0.072732
0.072732
0.072732
0.072732
0.072732
0.072732
0.072732
0.072732
0.073722
0.072732
0.072732
0.073722
0.072732
0.072732
0.073722
0.072732
0.072732
0.073722
0.073722
0.072732
0.073722
0.073722
0.072732
0.073722
0.073722
0.072732
0.073722
0.073722
0.072732
0.073722
0.073722
0.073722
0.073722
0.073722
0.073722
0.073722
0.073722
0.073722
0.073722
0.073722
0.073722
0.073722
0.073722
0.073722
0.074713
0.073722
0.073722
0.074713
0.073797
0.073797
0.073797
0.073797
0.073797
0.073797
0.073797
0.073797
0.073797
0.074786
0.073797
0.073797
0.074786
0.073797
0.073797
0.074786
0.073797
0.073797
0.074786
0.073797
0.073797
0.074786
0.074786
0.073797
0.074786
0.074786
0.073797
0.074786
0.074786
0.073797
0.074786
0.074786
0.074786
0.074786
0.074786
0.074786
0.074786
0.074786
0.074786
0.074786
0.074786
0.074786
0.074786
0.074786
0.074786
0.075776
0.074786
0.074786
0.074786
0.074786
0.074786
0.074786
0.074786
0.074786
0.074873
0.074873
0.074873
0.074873
0.075862
0.074873
0.074873
0.075862
0.074873
0.074873
0.075862
0.074873
0.074873
0.075862
0.074873
0.074873
0.075862
0.075862
0.074873
0.075862
0.075862
0.074873
0.075862
0.075862
0.074873
0.075862
0.075862
0.074873
0.075862
0.075862
0.074873
0.075862
0.075862
0.075862
0.075862
0.075862
0.075862
0.075862
0.075862
0.075862
0.074873
0.075862
0.075862
0.074873
0.075862
0.075862
0.075862
0.075862
0.075862
0.075862
0.075862
0.075862
0.075862
0.075862
0.075862
0.075862
0.075862
0.075862
0.075862
0.076851
0.075862
0.075862
0.076851
0.075862
0.075862
0.076851
0.075862
0.075862
0.076851
0.075862
0.075862
0.076851
0.075862
0.075862
0.076851
0.076851
0.075862
0.076851
0.076851
0.075862
0.076851
0.076851
0.075862
0.076851
0.076851
0.075862
0.075862
0.076851
0.075862
0.075862
0.076851
0.076851
0.075862
0.076851
0.076851
0.075862
0.076851
0.076851
0.075862
0.076851
0.076851
0.075862
0.076851
0.076851
0.075862
0.076851
0.076851
0.076851
0.076851
0.076851
0.076851
0.076851
0.076851
0.076851
0.076851
0.076851
0.076851
0.076851
0.076851
0.076851
0.076851
0.076851
0.076851
0.076851
0.076851
0.076851
0.077840
0.076851
0.076851
0.077840
0.076851
0.076851
0.077840
0.076851
0.076851
0.076851
0.076851
0.076851
0.076851
0.076851
0.076851
0.076851
0.077840
0.076851
0.076851
0.077840
0.076851
0.076851
0.077840
0.076851
0.076851
0.077840
0.076851
0.076851
0.077840
0.076851
0.076851
0.077840
0.076851
0.076851
0.077840
0.077840
0.076851
0.077840
0.077840
0.076851
0.077840
0.077840
0.076851
0.077840
0.077840
0.076851
0.077840
0.077840
0.076851
0.077840
0.077840
0.076851
0.077840
0.077840
0.076851
0.076851
0.077840
0.077840
0.076851
0.077840
0.077840
0.076851
0.077840
0.077840
0.076851
0.077840
0.077840
0.076851
0.077840
0.077840
0.076851
0.077840
0.077840
0.076851
0.077840
0.077840
0.077840
0.077840
0.077840
0.077840
0.077840
0.077840
0.077840
0.077840
0.077840
0.077840
0.077840
0.077840
0.077840
0.077840
0.077840
0.077840
0.077840
0.077840
0.077840
0.077840
0.077840
0.077840
0.078829
0.077840
0.077840
0.077840
0.077840
0.077840
0.077840
0.077840
0.077840
0.077840
0.077840
0.077840
0.077840
0.077840
0.077936
0.077936
0.077936
0.077936
0.077936
0.077936
0.077936
0.077936
0.078924
0.077936
0.077936
0.078924
0.077936
0.077936
0.078924
0.077936
0.077936
0.078924
0.077936
0.077936
0.078924
0.077936
0.077936
0.078924
0.077936
0.077936
0.078924
0.077936
0.077936
0.078924
0.078924
0.077936
0.078924
0.078924
0.077936
0.077936
0.078924
0.077936
0.077936
0.078924
0.077936
0.077936
0.078924
0.077936
0.077936
0.078924
0.077936
0.077936
0.078924
0.077936
0.077936
0.078924
0.078924
0.077936
0.078924
0.078924
0.077936
0.078924
0.078924
0.077936
0.078924
0.078924
0.077936
0.078924
0.078924
0.077936
0.078924
0.077936
0.077936
0.077936
0.077936
0.077936
0.077936
0.077936
0.077936
0.077936
0.077936
0.077936
0.077936
0.077936
0.076948
0.077936
0.077936
0.076948
0.076948
0.077936
0.076948
0.076948
0.076948
0.076948
0.076948
0.076948
0.076948
0.075961
0.076948
0.076948
0.075961
0.076948
0.076948
0.075961
0.076948
0.075961
0.075961
0.076948
0.075961
0.075961
0.076948
0.075961
0.075961
0.075961
0.075961
0.075961
0.075961
0.075961
0.075961
0.075961
0.075961
0.074973
0.075961
0.075961
0.074973
0.075961
0.074973
0.074973
0.075961
0.074973
0.074973
0.075961
0.074973
0.074973
0.074973
0.074973
0.074973
0.074973
0.074973
0.074973
0.074973
0.074973
0.074973
0.074973
0.074973
0.074973
0.074973
0.075961
0.074973
0.074973
0.075961
0.074973
0.074873
0.075862
0.074873
0.074873
0.075862
0.074873
0.074873
0.075862
0.075862
0.074873
0.075862
0.075862
0.074873
0.075862
0.075862
0.074873
0.075862
0.075862
0.074873
0.075862
0.075862
0.074873
0.075862
0.075862
0.075862
0.075862
0.075862
0.075862
0.074873
0.075862
0.075862
0.074873
0.075862
0.075862
0.074873
0.075862
0.075862
0.074873
0.075862
0.075862
0.075862
0.075862
0.075862
0.075862
0.075776
0.075776
0.075776
0.075776
0.075776
0.075776
0.075776
0.075776
0.075776
0.075776
0.075776
0.075776
0.076766
0.075776
0.075776
0.076766
0.075776
0.075776
0.076766
0.075776
0.075776
0.076766
0.075776
0.075776
0.076766
0.075776
0.075776
0.076766
0.076766
0.075776
0.075776
0.076766
0.075776
0.075776
0.076766
0.075776
0.075776
0.076766
0.075776
0.075776
0.076766
0.075776
0.075776
0.076766
0.075776
0.075776
0.076766
0.076766
0.075776
0.076766
0.076766
0.075776
0.076694
0.076694
0.075703
0.076694
0.076694
0.075703
0.076694
0.076694
0.075703
0.076694
0.076694
0.075703
0.076694
0.076694
0.076694
0.076694
0.076694
0.076694
0.076694
0.076694
0.076694
0.076694
0.076694
0.076694
0.075703
0.076694
0.076694
0.075703
0.076694
0.076694
0.075703
0.076694
0.076694
0.076694
0.076694
0.076694
0.076694
0.076694
0.076694
0.076694
0.076694
0.076694
0.076694
0.076694
0.076694
0.076694
0.076694
0.076694
0.076694
0.076694
0.076694
0.076694
0.076694
0.076694
0.076694
0.077685
0.076694
0.076694
0.077685
0.076694
0.076694
0.077685
0.076694
0.076694
0.077685
0.076694
0.076694
0.077685
0.076694
0.076694
0.077685
0.076694
0.076694
0.076694
0.077685
0.076694
0.076694
0.077685
0.076694
0.076694
0.077756
0.076766
0.076766
0.077756
0.076766
0.076766
0.077756
0.076766
0.076766
0.077756
0.076766
0.076766
0.077756
0.077756
0.076766
0.077756
0.077756
0.076766
0.077756
0.077756
0.076766
0.077756
0.077756
0.076766
0.077756
0.077756
0.076766
0.077756
0.077756
0.076766
0.077756
0.077756
0.077756
0.077756
0.077756
0.077756
0.077756
0.077756
0.077756
0.076766
0.077756
0.077756
0.076766
0.077756
0.077756
0.076766
0.077756
0.077756
0.076766
0.077756
0.077756
0.077756
0.077756
0.077756
0.077756
0.077756
0.077756
0.077840
0.077840
0.077840
0.077840
0.077840
0.077840
0.077840
0.077840
0.077840
0.077840
0.077840
0.077840
0.077840
0.077840
0.077840
0.077840
0.077840
0.077840
0.077840
0.077840
0.077840
0.077840
0.077840
0.077840
0.076851
0.077840
0.077840
0.076851
0.076851
0.076851
0.076851
0.076851
0.076851
0.076851
0.076851
0.076851
0.076851
0.075862
0.076851
0.076851
0.075862
0.076851
0.076851
0.075862
0.076851
0.075862
0.075862
0.076851
0.075862
0.075862
0.075862
0.075862
0.075862
0.075862
0.075862
0.075862
0.075862
0.075862
0.074873
0.075862
0.075862
0.074873
0.075862
0.075862
0.074873
0.075862
0.074873
0.074873
0.075862
0.074873
0.074873
0.075862
0.074873
0.074873
0.073885
0.074873
0.074873
0.073885
0.074873
0.073885
0.073885
0.074873
0.073885
0.073885
0.074873
0.073885
0.073885
0.073885
0.073885
0.073885
0.073885
0.073885
0.073885
0.073797
0.073797
0.072808
0.073797
0.073797
0.072808
0.073797
0.073797
0.072808
0.073797
0.072808
0.072808
0.073797
0.072808
0.072808
0.073797
0.072808
0.072808
0.073797
0.072808
0.072808
0.072808
0.072808
0.072808
0.072808
0.072808
0.072808
0.072808
0.072808
0.071819
0.071819
0.072732
0.071743
0.071743
0.072732
0.071743
0.071743
0.071743
0.071743
0.071743
0.071743
0.071743
0.071743
0.071743
0.071743
0.071743
0.071743
0.071743
0.070753
0.071743
0.071743
0.070753
0.071743
0.071743
0.070689
0.071680
0.071680
0.070689
0.071680
0.070689
0.070689
0.071680
0.070689
0.070689
0.071680
0.070689
0.070689
0.071680
0.070689
0.070689
0.070689
0.070689
0.070689
0.070640
0.070640
0.070640
0.069649
0.070640
0.070640
0.069649
0.070640
0.069649
0.069649
0.070640
0.069649
0.069649
0.070640
0.069649
0.069649
0.070640
0.069649
0.069649
0.069649
0.069613
0.069613
0.069613
0.069613
0.069613
0.069613
0.069613
0.069613
0.069613
0.069613
0.069613
0.069613
0.069613
0.068622
0.069613
0.069613
0.068622
0.069613
0.069613
0.068622
0.069592
0.069592
0.068600
0.069592
0.069592
0.068600
0.069592
0.068600
0.068600
0.068600
0.068600
0.068600
0.068600
0.068600
0.068600
0.068600
0.068600
0.068600
0.068600
0.068600
0.068600
0.067609
0.068600
0.068600
0.067609
0.068593
0.068593
0.067602
0.068593
0.068593
0.067602
0.068593
0.068593
0.067602
0.068593
0.067602
0.067602
0.068593
0.067602
0.067602
0.068593
0.067602
0.067602
0.068593
0.067602
0.067602
0.068593
0.067602
0.067602
0.067602
0.067602
0.067602
0.067602
0.067602
0.067602
0.066611
0.067602
0.067602
0.066611
0.067602
0.067602
0.066618
0.067609
0.067609
0.066618
0.067609
0.066618
0.066618
0.067609
0.066618
0.066618
0.067609
0.066618
0.066618
0.067609
0.067609
0.066618
0.067609
0.067609
0.066618
0.067609
0.067609
0.066618
0.067609
0.067609
0.067609
0.067609
0.067609
0.067609
0.067609
0.067609
0.067609
0.068600
0.067609
0.067609
0.068600
0.067609
0.067609
0.068600
0.068600
0.067609
0.068600
0.068600
0.067609
0.067609
0.068600
0.067609
0.067609
0.068600
0.068600
0.067609
0.068600
0.068600
0.067609
0.068600
0.068600
0.068600
0.068600
0.068600
0.068600
0.068600
0.068600
0.068600
0.068600
0.068600
0.068600
0.069592
0.068600
0.068600
0.069592
0.068600
0.068600
0.069592
0.069592
0.068600
0.069592
0.069592
0.068600
0.069592
0.069592
0.068600
0.069592
0.069592
0.069592
0.069592
0.069592
0.069592
0.069592
0.069592
0.069592
0.069592
0.069592
0.069592
0.069584
0.069584
0.069584
0.069584
0.069584
0.069584
0.069584
0.070576
0.069584
0.069584
0.070576
0.069584
0.069584
0.070576
0.070576
0.069584
0.070576
0.070576
0.069584
0.070576
0.070576
0.069584
0.070576
0.070576
0.070576
0.070576
0.070576
0.070576
0.070576
0.070576
0.070576
0.070576
0.070576
0.070576
0.071568
0.070576
0.070583
0.071575
0.070583
0.070583
0.071575
0.070583
0.070583
0.070583
0.071575
0.070583
0.070583
0.071575
0.070583
0.070583
0.071575
0.071575
0.070583
0.071575
0.071575
0.070583
0.071575
0.071575
0.070583
0.071575
0.071575
0.071575
0.071575
0.071575
0.071575
0.071575
0.071596
0.071596
0.071596
0.071596
0.071596
0.072588
0.071596
0.071596
0.072588
0.071596
0.071596
0.072588
0.071596
0.071596
0.072588
0.072588
0.071596
0.072588
0.072588
0.071596
0.072588
0.072588
0.071596
0.071596
0.072588
0.072588
0.071596
0.072588
0.072588
0.071596
0.072588
0.072588
0.071631
0.072622
0.072622
0.072622
0.072622
0.072622
0.072622
0.072622
0.072622
0.072622
0.072622
0.072622
0.072622
0.072622
0.072622
0.072622
0.073614
0.072622
0.072622
0.073614
0.072622
0.072622
0.073614
0.072622
0.072622
0.073614
0.073614
0.072622
0.073614
0.073614
0.072622
0.073614
0.073614
0.072622
0.073614
0.073614
0.073614
0.073614
0.073614
0.073614
0.072622
0.073614
0.073614
0.072622
0.073614
0.073614
0.072622
0.073614
0.073661
0.073661
0.073661
0.073661
0.073661
0.073661
0.073661
0.073661
0.073661
0.073661
0.073661
0.073661
0.073661
0.073661
0.074653
0.073661
0.073661
0.074653
0.073661
0.073661
0.074653
0.073661
0.073661
0.073661
0.073661
0.073661
0.073661
0.073661
0.072670
0.073661
0.073661
0.072670
0.073661
0.073661
0.072670
0.073661
0.073661
0.072670
0.072670
0.072670
0.072670
0.072670
0.072670
0.072670
0.072670
0.072670
0.072670
0.071680
0.072670
0.072670
0.071680
0.072670
0.072670
0.071680
0.072670
0.072670
0.071680
0.072670
0.071680
0.071680
0.072670
0.071680
0.071680
0.072670
0.071680
0.071680
0.071680
0.071680
0.071680
0.071680
0.071680
0.071680
0.071680
0.071680
0.071680
0.071680
0.071680
0.070689
0.071680
0.071680
0.070689
0.071680
0.071680
0.070689
0.070689
0.070689
0.070689
0.070640
0.070640
0.070640
0.070640
0.070640
0.070640
0.070640
0.070640
0.070640
0.069649
0.070640
0.070640
0.069649
0.070640
0.070640
0.069649
0.070640
0.070640
0.069649
0.070640
0.069649
0.069649
0.070640
0.069649
0.069649
0.070640
0.069649
0.069649
0.070640
0.069649
0.069649
0.069649
0.069649
0.069649
0.069649
0.069649
0.069649
0.069649
0.069649
0.069649
0.069613
0.069613
0.068622
0.068622
0.069613
0.068622
0.068622
0.069613
0.068622
0.068622
0.069613
0.068622
0.068622
0.069613
0.068622
0.068622
0.068622
0.068622
0.068622
0.068622
0.068622
0.068622
0.068622
0.068622
0.068622
0.068622
0.068622
0.068622
0.068600
0.068600
0.067609
0.068600
0.068600
0.067609
0.068600
0.068600
0.067609
0.068600
0.068600
0.067609
0.068600
0.068600
0.067609
0.068600
0.067609
0.067609
0.068600
0.067609
0.067609
0.068600
0.067609
0.067609
0.067609
0.067609
0.067609
0.067602
0.067602
0.067602
0.066611
0.067602
0.067602
0.066611
0.067602
0.067602
0.066611
0.067602
0.067602
0.066611
0.067602
0.067602
0.066611
0.067602
0.067602
0.066611
0.067602
0.066611
0.066611
0.067602
0.066611
0.066611
0.067602
0.066611
0.066611
0.067609
0.066618
0.066618
0.067609
0.066618
0.066618
0.067609
0.066618
0.066618
0.067609
0.066618
0.066618
0.066618
0.066618
0.066618
0.065628
0.066618
0.066618
0.065628
0.066618
0.066618
0.065628
0.066618
0.066618
0.065628
0.066618
0.066618
0.065628
0.066618
0.065628
0.065628
0.066618
0.065628
0.065628
0.066618
0.065628
0.065651
0.066641
0.065651
0.065651
0.066641
0.065651
0.065651
0.066641
0.065651
0.065651
0.066641
0.065651
0.065651
0.065651
0.065651
0.065651
0.065651
0.065651
0.065651
0.065651
0.065651
0.065651
0.065651
0.065651
0.065651
0.064661
0.065651
0.065651
0.064661
0.065651
0.065651
0.064661
0.065651
0.064661
0.064661
0.065651
0.065651
0.064661
0.065651
0.065651
0.064661
0.065651
0.065651
0.065651
0.065651
0.065651
0.065651
0.066641
0.065651
0.065651
0.066641
0.065651
0.065651
0.066641
0.066641
0.065651
0.066641
0.066641
0.065651
0.066641
0.066641
0.066641
0.066641
0.066641
0.066641
0.066641
0.066641
0.066641
0.067631
0.066641
0.066641
0.066641
0.066641
0.066641
0.066641
0.067631
0.066641
0.066641
0.067631
0.066641
0.066641
0.067631
0.067631
0.066641
0.067631
0.067631
0.066641
0.067631
0.067631
0.067631
0.067631
0.067631
0.067631
0.067631
0.067631
0.067631
0.068622
0.067631
0.067631
0.068622
0.067631
0.067631
0.068622
0.067631
0.067631
0.068622
0.068622
0.067631
0.068622
0.068622
0.067631
0.068622
0.068622
0.068622
0.068659
0.068659
0.068659
0.068659
0.068659
0.068659
0.068659
0.068659
0.068659
0.068659
0.068659
0.068659
0.067668
0.068659
0.068659
0.067668
0.068659
0.068659
0.067668
0.068659
0.068659
0.067668
0.068659
0.067668
0.067668
0.068659
0.067668
0.067668
0.068659
0.067668
0.067668
0.068659
0.067668
0.067668
0.067668
0.067668
0.067668
0.067668
0.067668
0.067668
0.067668
0.067668
0.067668
0.067668
0.067668
0.067668
0.067668
0.067668
0.066678
0.067668
0.067668
0.066678
0.066678
0.067668
0.066678
0.066678
0.067668
0.066678
0.066678
0.067668
0.066678
0.066678
0.066678
0.066678
0.066678
0.066678
0.066678
0.066678
0.066678
0.066678
0.066678
0.066678
0.066678
0.066678
0.066678
0.066678
0.066678
0.066678
0.066678
0.065689
0.066678
0.066678
0.065689
0.066678
0.066678
0.065689
0.066678
0.066678
0.065689
0.066678
0.066678
0.065689
0.066678
0.065651
0.065651
0.066641
0.065651
0.065651
0.065651
0.065651
0.065651
0.065651
0.065651
0.065651
0.065651
0.065651
0.065651
0.064661
0.065651
0.065651
0.064661
0.065651
0.065651
0.064661
0.065651
0.065651
0.064661
0.065651
0.065651
0.064661
0.065651
0.065651
0.064661
0.065651
0.065651
0.064661
0.065651
0.064661
0.064661
0.065651
0.064661
0.064661
0.065651
0.064661
0.064661
0.065651
0.064661
0.064661
0.066641
0.066641
0.066641
0.067631
0.066641
0.066641
0.066641
0.067631
0.068622
0.068622
0.069613
0.069613
0.068622
0.069613
0.069613
0.069613
0.071596
0.071596
0.071596
0.072588
0.071596
0.071596
0.072588
0.072588
0.072588
0.074572
0.074572
0.074572
0.074572
0.074572
0.074572
0.075565
0.075565
0.076557
0.077550
0.077550
0.076557
0.077550
0.077550
0.077550
0.078575
0.078575
0.079568
0.079568
0.079568
0.079536
0.080561
0.080561
0.080561
0.081554
0.081554
0.081554
0.082547
0.081554
0.081554
0.082547
0.083540
0.083540
0.083540
0.084534
0.084534
0.084534
0.084534
0.084534
0.085528
0.086522
0.086522
0.086522
0.087516
0.087516
0.086522
0.087516
0.087516
0.088510
0.089504
0.089543
0.089543
0.090537
0.090499
0.089504
0.090499
0.091531
0.091531
0.092526
0.092526
0.092526
0.093520
0.092488
0.092526
0.093520
0.094515
0.094515
0.095509
0.095509
0.095509
0.096504
0.095509
0.095509
0.096504
0.097499
0.097499
0.097499
0.098494
0.097499
0.097499
0.098494
0.098494
0.098494
0.100484
0.100484
0.100484
0.101479
0.100484
0.100484
0.101479
0.101479
0.101479
0.103470
0.103470
0.103513
0.104465
0.103470
0.103470
0.104465
0.104465
0.104465
0.106457
0.106499
0.106499
0.107494
0.106457
0.106457
0.107452
0.107452
0.107452
0.109485
0.109485
0.109485
0.110481
0.109444
0.109444
0.110440
0.110440
0.110440
0.111476
0.112472
0.112472
0.112472
0.112432
0.112432
0.112432
0.113428
0.113468
0.113468
0.115460
0.115460
0.115460
0.115421
0.115460
0.115460
0.117452
0.117452
0.117452
0.118448
0.117452
0.117414
0.118410
0.118448
0.118448
0.119445
0.120441
0.120441
0.120441
0.120441
0.120441
0.121437
0.121437
0.122434
0.123430
0.123430
0.122434
0.123394
0.123430
0.123430
0.124427
0.124427
0.124427
0.126420
0.126420
0.125423
0.126420
0.126420
0.126420
0.126420
0.128413
0.128413
0.127417
0.128413
0.128413
0.128413
0.129410
0.130407
0.130407
0.130407
0.130407
0.130407
0.131404
0.131404
0.131404
0.133398
0.132401
0.132401
0.133398
0.133398
0.133398
0.134395
0.135433
0.135433
0.135392
0.135392
0.135392
0.136389
0.136389
0.136389
0.137386
0.137386
0.137386
0.138384
0.138384
0.139420
0.139381
0.139381
0.139381
0.140378
0.140378
0.140378
0.141375
0.141375
0.142373
0.141375
0.142373
0.142373
0.142373
0.143370
0.143370
0.143370
0.144368
0.145365
0.145365
0.145365
0.145365
0.145365
0.146363
0.146363
0.146363
0.147360
0.148358
0.148358
0.149355
0.148358
0.148358
0.149355
0.149355
0.150353
0.151351
0.151351
0.151351
0.152348
0.152384
0.152348
0.153346
0.153346
0.153382
0.154344
0.154344
0.154379
0.155377
0.155342
0.155342
0.155342
0.155342
0.155342
0.156339
0.156339
0.156339
0.157337
0.157337
0.157337
0.157337
0.158335
0.158370
0.158370
0.159367
0.159333
0.159333
0.160331
0.160331
0.160331
0.161329
0.161329
0.161329
0.162327
0.162361
0.162361
0.163359
0.163359
0.163359
0.164356
0.164356
0.164323
0.165321
0.165321
0.165321
0.166319
0.166319
0.166319
0.167317
0.167350
0.167350
0.168348
0.168348
0.169346
0.169313
0.169313
0.169313
0.170311
0.170311
0.170311
0.171310
0.171342
0.171342
0.173338
0.173338
0.172308
0.172308
0.173306
0.173306
0.173306
0.174304
0.174304
0.174304
0.176332
0.176332
0.175303
0.176301
0.176301
0.176301
0.177299
0.177299
0.177299
0.178298
0.179296
0.179296
0.180325
0.179296
0.179296
0.180294
0.180294
0.180294
0.181293
0.181293
0.182291
0.183289
0.183289
0.183289
0.184318
0.184288
0.183289
0.184288
0.184288
0.184288
0.185286
0.186285
0.186285
0.187283
0.187283
0.187313
0.188282
0.187283
0.187283
0.187283
0.188282
0.189280
0.189280
0.190279
0.190279
0.190279
0.191306
0.191306
0.191277
0.191277
0.191277
0.192276
0.193274
0.193274
0.193274
0.194273
0.194273
0.194301
0.195300
0.195300
0.195300
0.196270
0.196270
0.196270
0.197269
0.197269
0.197297
0.198295
0.198295
0.198295
0.199294
0.199294
0.199294
0.200265
0.200265
0.200292
0.201291
0.201291
0.201291
0.202289
0.202289
0.202289
0.203288
0.203288
0.203288
0.203288
0.204287
0.204287
0.204287
0.205285
0.205285
0.205285
0.206315
0.206315
0.206315
0.207314
0.207314
0.207314
0.208312
0.208312
0.208312
0.209311
0.209311
0.209311
0.210309
0.210309
0.210345
0.211308
0.211308
0.211308
0.212306
0.212306
0.212342
0.213340
0.213340
0.213340
0.214339
0.214339
0.214339
0.215337
0.215337
0.215337
0.216335
0.216335
0.216335
0.217373
0.217373
0.217373
0.218332
0.218332
0.218371
0.219370
0.219370
0.219370
0.219370
0.220368
0.220368
0.219370
0.220368
0.220368
0.220368
0.221366
0.221409
0.221409
0.222407
0.222407
0.222407
0.223405
0.223405
0.223405
0.225402
0.225402
0.224404
0.225402
0.225402
0.225402
0.226400
0.227398
0.227398
0.228397
0.227398
0.227398
0.228397
0.229395
0.229395
0.229395
0.229395
0.229353
0.230393
0.230393
0.230393
0.232390
0.231391
0.231391
0.232349
0.232349
0.232349
0.233388
0.233388
0.233347
0.233347
0.234346
0.234346
0.234346
0.235385
0.235344
0.235344
0.236343
0.236343
0.236343
0.237342
0.237342
0.237342
0.238340
0.238340
0.238340
0.239339
0.239339
0.239339
0.240337
0.240337
0.240337
0.241336
0.241336
0.241336
0.242334
0.242334
0.242334
0.243333
0.243333
0.243333
0.244332
0.244332
0.244332
0.245330
0.245330
0.245330
0.246329
0.246329
0.246329
0.247328
0.247328
0.247328
0.248326
0.248326
0.248326
0.248326
0.249325
0.249325
0.249325
0.250324
0.250324
0.250324
0.251323
0.251323
0.251323
0.252321
0.252321
0.252321
0.253320
0.253320
0.253320
0.254319
0.254319
0.254319
0.255284
0.255317
0.255317
0.256316
0.256316
0.256316
0.257315
0.257315
0.257282
0.258281
0.258314
0.258314
0.259313
0.260311
0.260311
0.260311
0.260279
0.260279
0.261310
0.262309
0.262309
0.263308
0.263308
0.262277
0.263276
0.264307
0.264307
0.264307
0.265305
0.265305
0.265273
0.266272
0.266272
0.266304
0.267303
0.267303
0.267303
0.267271
0.267271
0.267271
0.268270
0.268270
0.268270
0.269269
0.270300
0.270300
0.271299
0.271299
0.271299
0.272298
0.272298
0.272298
0.273297
0.273297
0.273297
0.274295
0.274295
0.274295
0.275294
0.275294
0.275294
0.276293
0.276293
0.276293
0.277292
0.277292
0.277292
0.278291
0.278291
0.278291
0.279290
0.279290
0.279290
0.280289
0.280289
0.280289
0.280289
0.281288
0.281288
0.281288
0.282287
0.282287
0.282287
0.283286
0.283286
0.283286
0.284285
0.284285
0.284255
0.285254
0.285284
0.285284
0.286283
0.286283
0.286283
0.287282
0.287253
0.287253
0.288281
0.288281
0.288281
0.289280
0.289251
0.289251
0.290250
0.290250
0.290279
0.291278
0.291249
0.291249
0.292248
0.292248
0.292248
0.293247
0.293276
0.293247
0.294246
0.294246
0.294246
0.295246
0.295246
0.295246
0.295246
0.296245
0.296245
0.296245
0.297244
0.297244
0.297244
0.298243
0.298243
0.298243
0.299242
0.299242
0.299242
0.300242
0.300242
0.300242
0.301241
0.301241
0.301241
0.302240
0.302240
0.302240
0.303239
0.303239
0.303239
0.304238
0.304238
0.304238
0.305238
0.305238
0.305238
0.306237
0.306237
0.306237
0.307236
0.307236
0.307236
0.308235
0.308235
0.308235
0.309235
0.309235
0.309235
0.310234
0.310234
0.310234
0.310234
0.311233
0.311233
0.311233
0.312232
0.312232
0.312232
0.313232
0.313232
0.313232
0.314231
0.314231
0.314231
0.315230
0.315230
0.315230
0.317229
0.317229
0.317229
0.318228
0.318228
0.318228
0.319227
0.319227
0.319227
0.320226
0.320226
0.320226
0.321226
0.321226
0.321226
0.322225
0.322225
0.322225
0.323224
0.323224
0.323224
0.324224
0.324224
0.324224
0.325223
0.325223
0.325223
0.326222
0.326222
0.326222
0.326222
0.327222
0.327222
0.327222
0.328221
0.328221
0.328221
0.329220
0.329220
0.329220
0.330220
0.330220
0.330197
0.331196
0.331196
0.331196
0.332196
0.332196
0.332196
0.333195
0.333218
0.333218
0.334217
0.334217
0.334217
0.335216
0.335216
0.335242
0.335194
0.335175
0.335175
0.336174
0.336174
0.336193
0.337193
0.337193
0.337215
0.338214
0.338214
0.338240
0.339239
0.339239
0.339239
0.340266
0.340266
0.340266
0.341296
0.341296
0.342237
0.342155
0.343141
0.343141
0.343141
0.344154
0.344154
0.344170
0.345170
0.345170
0.345188
0.346188
0.346188
0.346209
0.347209
0.347233
0.347233
0.348233
0.348260
0.347261
0.348290
0.348290
0.348323
0.349322
0.349358
0.349358
0.350357
0.349397
0.349397
0.350437
0.350437
0.350481
0.351527
0.350528
0.350578
0.351576
0.351629
0.350631
0.351685
0.351685
0.350745
0.351743
0.351804
0.351804
0.351868
0.351868
0.350937
0.350937
0.352004
0.351007
0.351080
0.351080
0.351155
0.351155
0.351234
0.351234
0.350318
0.351315
0.350318
0.350403
0.350403
0.350490
0.349494
0.350490
0.349584
0.349584
0.349584
0.348682
0.348682
0.348682
0.348778
0.347783
0.348778
0.347783
0.347882
0.347882
0.346888
0.346888
0.346990
0.346990
0.345996
0.346990
0.345996
0.346101
0.346101
0.345107
0.345107
0.345107
0.345107
0.344222
0.345216
0.344222
0.344222
0.343229
0.344222
0.343229
0.343341
0.343341
0.343341
0.342348
0.343341
0.342348
0.342348
0.342348
0.342348
0.341470
0.342463
0.342463
0.341470
0.342463
0.341470
0.341470
0.341470
0.341470
0.340597
0.341589
0.340597
0.340597
0.340597
0.339604
0.339604
0.339604
0.339726
0.338734
0.339726
0.338734
0.338734
0.338734
0.338860
0.337868
0.337868
0.337868
0.336877
0.337997
0.337006
0.336015
0.337006
0.336015
0.335157
0.335157
0.335157
0.335292
0.334302
0.334302
0.333312
0.332462
0.333452
0.332605
0.331616
0.331616
0.331762
0.330773
0.330923
0.329935
0.329100
0.330088
0.329257
0.328270
0.328430
0.327443
0.327606
0.327606
0.326787
0.325802
0.325972
0.326146
0.325161
0.325338
0.324355
0.324535
0.324718
0.323736
0.322941
0.324113
0.323325
0.322345
0.323521
0.322741
0.321762
0.321966
0.322172
0.321405
0.322382
0.321618
0.320858
0.322053
0.321078
0.320326
0.320553
0.320782
0.320782
0.320042
0.321014
0.321014
0.321014
0.321986
0.321986
0.321249
0.322458
0.321487
0.321487
0.322698
0.321972
0.322610
0.322898
0.323199
0.323043
0.322093
0.322089
0.320941
0.321097
0.320159
0.320500
0.320604
0.320682
0.320708
0.320708
0.320682
0.320630
0.320604
0.320578
0.320578
0.320578
0.320578
0.320604
0.320630
0.320630
0.319934
0.319908
0.319908
0.320871
0.320871
0.319908
0.320178
0.320178
0.319216
0.320178
0.320178
0.319216
0.319490
0.319490
0.318529
0.318529
0.318529
0.318807
0.317847
0.317847
0.317170
0.316212
0.317170
0.316212
0.316212
0.315541
0.314584
0.314584
0.313627
0.313627
0.312671
0.312963
0.312008
0.311053
0.311053
0.310098
0.310098
0.309144
0.308190
0.307236
0.307236
0.306283
0.305329
0.305329
0.304376
0.303424
0.302471
0.301519
0.301216
0.300263
0.299311
0.298359
0.298359
0.297103
0.296150
0.295198
0.295198
0.293942
0.292990
0.292038
0.291734
0.291734
0.290782
0.289527
0.289527
0.288574
0.288574
0.288274
0.287320
0.287320
0.287320
0.286068
0.286068
0.286068
0.285114
0.284817
0.284817
0.283863
0.283863
0.283568
0.282613
0.282613
0.282613
0.281365
0.281365
0.281365
0.281365
0.280118
0.280118
0.279161
0.279161
0.278873
0.277915
0.277915
0.276958
0.276671
0.275714
0.275714
0.274756
0.274470
0.273512
0.273512
0.272555
0.271597
0.271312
0.270353
0.269396
0.268438
0.268438
0.267481
0.266524
0.265279
0.264322
0.263365
0.262408
0.261452
0.260496
0.259540
0.258585
0.257630
0.256675
0.256675
0.256020
0.255067
0.254114
0.254114
0.253162
0.252517
0.252517
0.251567
0.251567
0.250617
0.249982
0.249982
0.249034
0.249034
0.248407
0.248407
0.247461
0.247461
0.246842
0.246842
0.245898
0.246230
0.246230
0.245288
0.245288
0.244683
0.244683
0.244683
0.243744
0.244086
0.244086
0.243148
0.243148
0.243495
0.242559
0.242559
0.242559
0.242559
0.241977
0.241977
0.241977
0.241044
0.241402
0.241402
0.241402
0.240470
0.240834
0.240834
0.239904
0.239904
0.239904
0.240273
0.239345
0.239345
0.239345
0.238418
0.238793
0.238793
0.238793
0.237868
0.238248
0.237325
0.236026
0.236138
0.235168
0.235318
0.235960
0.236185
0.235819
0.237089
0.236221
0.236390
0.236064
0.234823
0.234599
0.233609
0.233659
0.232869
0.233399
0.232586
0.232636
0.231699
0.230764
0.230689
0.229729
0.229705
0.228795
0.228795
0.227912
0.227029
0.227053
0.226146
0.226146
0.225215
0.224310
0.224310
0.223405
0.222502
0.222502
0.221599
0.221599
0.220697
0.219795
0.219365
0.218463
0.217561
0.217192
0.216021
0.215073
0.213886
0.215032
0.214353
0.213217
0.213638
0.213911
0.212985
0.212331
0.211107
0.209910
0.209737
0.208355
0.208059
0.207011
0.205726
0.206850
0.206591
0.205756
0.206834
0.205831
0.205532
0.203854
0.203581
0.202530
0.201199
0.201299
0.200520
0.201122
0.200292
0.200317
0.199388
0.198889
0.198839
0.197885
0.197462
0.196184
0.195514
0.194583
0.194732
0.194562
0.195187
0.195638
0.195352
0.194266
0.193939
0.193202
0.192041
0.191916
0.191531
0.190720
0.190845
0.190971
0.189727
0.189727
0.189676
0.189222
0.188258
0.187856
0.187152
0.186187
0.186879
0.187156
0.186871
0.187854
0.187982
0.186521
0.186190
0.185834
0.184273
0.184146
0.183791
0.182307
0.182409
0.181357
0.182587
0.182850
0.183287
0.182411
0.183132
0.182404
0.180189
0.179934
0.179462
0.179513
0.178712
0.178474
0.178602
0.178653
0.178292
0.178240
0.177258
0.176822
0.175863
0.175863
0.175508
0.174239
0.174916
0.174512
0.173731
0.173615
0.173873
0.174418
0.174441
0.173554
0.173320
0.172643
0.172305
0.171132
0.171054
0.170769
0.169569
0.169413
0.169131
0.169339
0.168302
0.169847
0.170240
0.169401
0.168895
0.168553
0.167268
0.167006
0.166581
0.165296
0.165113
0.164246
0.164187
0.164501
0.165131
0.164632
0.165347
0.165136
0.163817
0.163449
0.163186
0.162134
0.161481
0.160375
0.160479
0.159793
0.160081
0.160431
0.160855
0.159984
0.159772
0.159402
0.158083
0.157820
0.157407
0.156115
0.155957
0.155113
0.156325
0.155691
0.156325
0.156749
0.156828
0.156313
0.154990
0.154619
0.154355
0.153300
0.152957
0.151850
0.151955
0.151269
0.152534
0.152219
0.152643
0.153673
0.152511
0.151834
0.151463
0.149298
0.149193
0.149245
0.148033
0.148850
0.147954
0.148164
0.147453
0.149010
0.149435
0.149515
0.148353
0.148008
0.147664
0.146479
0.146374
0.146031
0.144901
0.144979
0.145242
0.145558
0.146219
0.146644
0.146723
0.146511
0.145193
0.144823
0.144559
0.144454
0.143166
0.143009
0.142169
0.142432
0.143666
0.143381
0.143805
0.143885
0.143673
0.143302
0.141988
0.141724
0.140308
0.140046
0.141068
0.140413
0.140781
0.141493
0.141970
0.142076
0.141837
0.140497
0.140101
0.139838
0.139339
0.138136
0.138214
0.137588
0.138896
0.138667
0.140085
0.140191
0.139952
0.139555
0.138218
0.137929
0.137457
0.136255
0.136334
0.135708
0.136102
0.137726
0.137263
0.137369
0.137130
0.136734
0.136338
0.135111
0.134639
0.134378
0.133519
0.134770
0.134226
0.134541
0.136059
0.135439
0.135412
0.135121
0.134387
0.133105
0.132868
0.132448
0.132213
0.131380
0.131380
0.131380
0.131380
0.131380
0.131380
0.131380
0.131380
0.131380
0.131380
0.131380
0.131380
0.131380
0.131380
0.131380
0.131380
0.131380
0.131380
0.131380
0.131380
0.131380
0.131380
0.131380
0.131380
0.131380
0.131380
0.131380
0.131380
0.131380
0.131380
0.131380
0.131380
0.131380
0.131380
0.131380
0.131380
0.131380
0.131380
0.131380
0.131380
0.131380
0.131380
0.131380
0.131380
0.131380
0.131380
0.131380
0.131380
0.131380
0.131380
0.131380
0.131380
0.131380
0.131380
0.131380
0.131380
0.131380
0.131380
0.131380
0.131380
0.131380
0.131380
0.131380
0.131380
0.131380
0.131380
0.131380
0.131380
0.131380
0.131380
0.131380
0.131380
0.131380
0.131380
0.131380
0.131380
0.131380
0.131380
0.131380
0.131380
0.131380
0.131380
0.131380
0.131380
0.131380
0.131380
0.131380
0.131380
0.131380
0.131380
0.131380
0.131380
0.131380
0.131380
0.131380
0.131380
0.131380
0.131380
0.131380
0.131380
0.131380
0.131380
0.131380
0.131380
0.131380
0.131380
0.131380
0.131380
0.131380
0.131380
0.131380
0.131380
0.131380
0.131380
0.131380
0.131380
0.131380
0.131380
0.131380
0.131380
0.131380
0.131380
0.131380
0.131380
0.131380
0.131380
0.131380
0.131380
0.131380
0.131380
0.131380
0.131380
