1.502789
1.332680
1.172379
1.058799
0.994903
0.967644
0.959707
0.960135
0.960345
0.959353
0.957777
0.956212
0.955160
0.954495
0.954261
0.954313
0.954505
0.954432
0.954319
0.953934
0.953077
0.951950
0.950501
0.948889
0.947290
0.945853
0.944451
0.942910
0.941651
0.940347
0.939113
0.937819
0.936572
0.935209
0.934026
0.932815
0.931481
0.930238
0.929022
0.927766
0.926468
0.925188
0.923971
0.922952
0.921864
0.920512
0.919405
0.918077
0.916497
0.915223
0.913754
0.912278
0.910901
0.909674
0.908363
0.907133
0.905868
0.904596
0.903184
0.902016
0.900736
0.899460
0.898386
0.897240
0.896149
0.894872
0.893778
0.892437
0.891240
0.889849
0.888174
0.886812
0.885216
0.883737
0.882297
0.880845
0.879503
0.878063
0.876858
0.875446
0.874019
0.872619
0.870969
0.869441
0.867765
0.866030
0.864453
0.862655
0.861098
0.859286
0.857430
0.855654
0.853878
0.852029
0.850131
0.848199
0.846273
0.844582
0.842585
0.840295
0.838122
0.836217
0.834055
0.832030
0.829737
0.827558
0.825427
0.823056
0.820802
0.818225
0.815991
0.813641
0.811123
0.808746
0.806546
0.804269
0.802123
0.800254
0.798500
0.797041
0.795517
0.793995
0.792631
0.790932
0.789171
0.787164
0.784715
0.782341
0.779714
0.777212
0.774577
0.772232
0.769883
0.767614
0.765630
0.764107
0.762445
0.760929
0.759442
0.757945
0.756482
0.755003
0.753406
0.751292
0.749369
0.747324
0.745188
0.743365
0.741383
0.739491
0.737836
0.736168
0.734812
0.733353
0.732036
0.730558
0.728742
0.727069
0.725320
0.723497
0.721665
0.719572
0.717360
0.715088
0.712875
0.710696
0.708256
0.706072
0.703966
0.701809
0.700142
0.698648
0.697144
0.695975
0.694615
0.693172
0.691660
0.690103
0.687983
0.686009
0.683818
0.681712
0.679548
0.677684
0.675814
0.674224
0.672775
0.671535
0.670618
0.669653
0.668609
0.667799
0.666877
0.665720
0.664516
0.662986
0.661141
0.659118
0.657217
0.655030
0.652927
0.650864
0.648911
0.646860
0.645285
0.643754
0.642652
0.641585
0.640630
0.639758
0.638999
0.637950
0.636907
0.635415
0.633624
0.631879
0.630084
0.628052
0.625843
0.623961
0.621931
0.620162
0.618437
0.617260
0.616384
0.615493
0.614909
0.614357
0.613694
0.612877
0.611853
0.610709
0.609111
0.607091
0.605008
0.602856
0.600717
0.598636
0.596515
0.594738
0.592736
0.591299
0.589922
0.588668
0.587774
0.586988
0.586335
0.585545
0.584733
0.583611
0.582169
0.580351
0.578376
0.576217
0.573972
0.571778
0.569744
0.567711
0.565744
0.564465
0.563539
0.562888
0.562579
0.562397
0.562126
0.561704
0.561297
0.560937
0.560009
0.558718
0.556837
0.554817
0.552616
0.550650
0.548592
0.546771
0.545196
0.543987
0.542901
0.541905
0.541095
0.540378
0.539856
0.539172
0.538761
0.537853
0.536313
0.534546
0.532635
0.530490
0.528374
0.526240
0.524381
0.522559
0.520795
0.519288
0.518223
0.517126
0.516392
0.515631
0.514807
0.514061
0.513139
0.512391
0.511264
0.509742
0.507931
0.505898
0.504128
0.502348
0.500449
0.498473
0.496433
0.494836
0.493635
0.492828
0.492043
0.491459
0.490794
0.490104
0.489232
0.488207
0.487361
0.485863
0.484053
0.482376
0.480705
0.478974
0.476932
0.474860
0.472791
0.470833
0.469402
0.468334
0.467352
0.466537
0.465866
0.465229
0.464420
0.463345
0.462180
0.461094
0.459475
0.457743
0.455664
0.453581
0.451374
0.449284
0.447140
0.445056
0.443004
0.441231
0.439743
0.438639
0.437993
0.437629
0.437176
0.436877
0.436046
0.435012
0.433817
0.432379
0.430801
0.429293
0.427666
0.426277
0.425135
0.423804
0.422591
0.421180
0.419973
0.418827
0.417539
0.416268
0.415166
0.413741
0.412316
0.411448
0.410700
0.410023
0.409111
0.408460
0.407676
0.406937
0.406072
0.404597
0.403175
0.401690
0.400198
0.398480
0.397092
0.395420
0.394062
0.392615
0.391189
0.389649
0.388208
0.386700
0.385262
0.383787
0.382346
0.380951
0.379304
0.377938
0.376661
0.375001
0.373502
0.372123
0.370558
0.369116
0.367875
0.366373
0.364885
0.363636
0.362236
0.360760
0.360110
0.359427
0.358431
0.357478
0.356761
0.355463
0.354113
0.352724
0.351317
0.349901
0.348453
0.347285
0.345868
0.344583
0.343327
0.341889
0.340392
0.339062
0.337733
0.336245
0.334884
0.333531
0.332141
0.330852
0.329383
0.327964
0.326520
0.325262
0.323729
0.322209
0.320911
0.319435
0.317916
0.316472
0.314936
0.313558
0.311987
0.310502
0.309058
0.307523
0.305934
0.304390
0.302851
0.301375
0.299687
0.298152
0.296646
0.295076
0.293379
0.291779
0.290237
0.288512
0.286753
0.284918
0.283095
0.281245
0.279350
0.277442
0.275655
0.273956
0.272356
0.270652
0.269126
0.267550
0.265918
0.264300
0.262443
0.260723
0.259046
0.257282
0.255514
0.253899
0.252191
0.250709
0.249236
0.247660
0.246030
0.244583
0.242923
0.241393
0.239889
0.238442
0.236848
0.235424
0.233961
0.232718
0.231338
0.229857
0.228567
0.227263
0.226036
0.224707
0.223398
0.222180
0.220888
0.219755
0.218605
0.217350
0.216178
0.215081
0.213958
0.212907
0.211838
0.210911
0.209757
0.208685
0.207797
0.206716
0.205743
0.204858
0.203861
0.202957
0.201971
0.201068
0.200156
0.199289
0.198421
0.197599
0.196659
0.195749
0.194919
0.194046
0.193216
0.192306
0.191530
0.190714
0.189891
0.189179
0.188382
0.187617
0.186711
0.186026
0.185140
0.184418
0.183682
0.182801
0.182070
0.181126
0.180515
0.179698
0.178922
0.178180
0.177343
0.176662
0.175893
0.174970
0.174226
0.173405
0.172509
0.171638
0.170785
0.169996
0.169211
0.168395
0.167441
0.166641
0.165823
0.164852
0.164056
0.163201
0.162243
0.161350
0.160493
0.159411
0.158443
0.157539
0.156513
0.155576
0.154489
0.153527
0.152593
0.151478
0.150435
0.149475
0.148405
0.147381
0.146367
0.145218
0.144172
0.142998
0.142042
0.140926
0.139796
0.138687
0.137586
0.136272
0.135283
0.134100
0.133010
0.132007
0.130778
0.129721
0.128680
0.127559
0.126400
0.125297
0.124293
0.123181
0.122043
0.121014
0.119912
0.118928
0.117915
0.116781
0.115738
0.114701
0.113803
0.112750
0.111804
0.110877
0.109877
0.109065
0.108147
0.107167
0.106257
0.105354
0.104383
0.103592
0.102761
0.101817
0.100992
0.100133
0.099345
0.098670
0.097875
0.097145
0.096381
0.095602
0.094875
0.094226
0.093566
0.092663
0.092015
0.091375
0.090667
0.089909
0.089297
0.088827
0.088111
0.087529
0.086959
0.086293
0.085616
0.085190
0.084673
0.083991
0.083365
0.082786
0.082272
0.081635
0.081082
0.080524
0.080124
0.079575
0.079026
0.078451
0.077998
0.077410
0.077015
0.076502
0.075987
0.075501
0.075079
0.074454
0.073985
0.073412
0.073077
0.072620
0.072056
0.071728
0.071136
0.070815
0.070351
0.069969
0.069528
0.068945
0.068494
0.068151
0.067761
0.067338
0.066809
0.066440
0.066096
0.065668
0.065215
0.064705
0.064333
0.063863
0.063480
0.063118
0.062779
0.062261
0.061848
0.061448
0.061002
0.060583
0.060095
0.059715
0.059361
0.058973
0.058616
0.058109
0.057685
0.057300
0.056896
0.056484
0.056040
0.055592
0.055230
0.054799
0.054426
0.053974
0.053451
0.053033
0.052645
0.052184
0.051815
0.051359
0.051037
0.050596
0.050135
0.049753
0.049314
0.048958
0.048601
0.048137
0.047697
0.047300
0.046882
0.046474
0.046024
0.045562
0.045193
0.044781
0.044377
0.044053
0.043614
0.043254
0.042801
0.042553
0.042061
0.041678
0.041329
0.040981
0.040559
0.040252
0.039852
0.039490
0.039096
0.038739
0.038376
0.038018
0.037781
0.037450
0.037095
0.036695
0.036393
0.035995
0.035707
0.035403
0.035044
0.034797
0.034460
0.034143
0.033764
0.033511
0.033230
0.032982
0.032623
0.032388
0.032106
0.031783
0.031539
0.031335
0.031044
0.030770
0.030490
0.030312
0.030005
0.029763
0.029521
0.029416
0.029137
0.028952
0.028650
0.028456
0.028265
0.028074
0.027820
0.027590
0.027398
0.027210
0.027081
0.026824
0.026754
0.026631
0.026468
0.026293
0.026029
0.025942
0.025788
0.025701
0.025519
0.025398
0.025269
0.025139
0.025108
0.025012
0.024892
0.024828
0.024631
0.024552
0.024507
0.024342
0.024322
0.024232
0.024173
0.024047
0.023952
0.023924
0.023790
0.023731
0.023728
0.023687
0.023593
0.023542
0.023459
0.023489
0.023457
0.023473
0.023373
0.023428
0.023319
0.023224
0.023185
0.023177
0.023129
0.023104
0.023101
0.023007
0.022974
0.022892
0.022961
0.022975
0.022895
0.022901
0.022858
0.022736
0.022772
0.022777
0.022688
0.022733
0.022692
0.022746
0.022742
0.022668
0.022583
0.022669
0.022698
0.022673
0.022636
0.022636
0.022644
0.022686
0.022571
0.022616
0.022656
0.022619
0.022562
0.022562
0.022619
0.022580
0.022585
0.022566
0.022566
0.022523
0.022537
0.022607
0.022612
0.022658
0.022603
0.022645
0.022673
0.022631
0.022657
0.022608
0.022608
0.022608
0.022628
0.022652
0.022647
0.022634
0.022672
0.022594
0.022665
0.022726
0.022784
0.022793
0.022719
0.022764
0.022729
0.022805
0.022820
0.022833
0.022825
0.022867
0.022836
0.022891
0.022961
0.023014
0.023014
0.023005
0.023051
0.023051
0.023049
0.023082
0.023153
0.023113
0.023113
0.023089
0.023084
0.023117
0.023190
0.023197
0.023216
0.023311
0.023342
0.023320
0.023386
0.023386
0.023422
0.023422
0.023403
0.023438
0.023449
0.023493
0.023530
0.023567
0.023552
0.023585
0.023622
0.023622
0.023681
0.023669
0.023752
0.023751
0.023752
0.023782
0.023782
0.023782
0.023820
0.023899
0.023899
0.023894
0.023935
0.023888
0.023884
0.023963
0.023963
0.024006
0.024039
0.024085
0.024092
0.024092
0.024094
0.024145
0.024190
0.024193
0.024237
0.024242
0.024308
0.024372
0.024391
0.024391
0.024391
0.024475
0.024484
0.024529
0.024506
0.024491
0.024548
0.024548
0.024523
0.024523
0.024605
0.024605
0.024605
0.024646
0.024764
0.024782
0.024782
0.024829
0.024817
0.024817
0.024884
0.024918
0.024952
0.025021
0.025011
0.025034
0.025028
0.025052
0.025100
0.025072
0.025058
0.025080
0.025128
0.025148
0.025184
0.025169
0.025169
0.025204
0.025227
0.025275
0.025305
0.025303
0.025331
0.025379
0.025443
0.025443
0.025439
0.025503
0.025518
0.025487
0.025485
0.025534
0.025617
0.025617
0.025653
0.025622
0.025679
0.025728
0.025766
0.025713
0.025788
0.025789
0.025878
0.025878
0.025787
0.025787
0.025836
0.025877
0.025918
0.025918
0.025894
0.025972
0.026021
0.026041
0.026047
0.026149
0.026173
0.026173
0.026197
0.026276
0.026226
0.026233
0.026233
0.026282
0.026290
0.026350
0.026350
0.026335
0.026348
0.026348
0.026443
0.026486
0.026455
0.026455
0.026490
0.026501
0.026549
0.026607
0.026650
0.026639
0.026687
0.026700
0.026700
0.026738
0.026786
0.026840
0.026878
0.026889
0.026903
0.026903
0.026946
0.026981
0.027075
0.027075
0.027075
0.027133
0.027129
0.027178
0.027178
0.027192
0.027241
0.027254
0.027347
0.027370
0.027370
0.027394
0.027444
0.027444
0.027444
0.027444
0.027462
0.027464
0.027560
0.027560
0.027550
0.027521
0.027570
0.027570
0.027682
0.027682
0.027718
0.027787
0.027787
0.027837
0.027837
0.027837
0.027858
0.027858
0.027858
0.027826
0.027902
0.027868
0.027868
0.027923
0.027977
0.027984
0.028033
0.028065
0.028132
0.028132
0.028167
0.028167
0.028167
0.028151
0.028151
0.028161
0.028209
0.028209
0.028309
0.028309
0.028357
0.028368
0.028369
0.028470
0.028470
0.028470
0.028470
0.028439
0.028502
0.028502
0.028502
0.028502
0.028546
0.028571
0.028619
0.028654
0.028654
0.028654
0.028740
0.028740
0.028740
0.028709
0.028709
0.028709
0.028734
0.028734
0.028780
0.028780
0.028780
0.028754
0.028842
0.028842
0.028842
0.028857
0.028857
0.028899
0.028899
0.028899
0.028899
0.028899
0.028931
0.028931
0.028971
0.028995
0.028995
0.029038
0.029038
0.029101
0.029087
0.029083
0.029100
0.029068
0.029068
0.029068
0.029100
0.029100
0.029138
0.029145
0.029173
0.029217
0.029217
0.029206
0.029223
0.029233
0.029233
0.029320
0.029320
0.029320
0.029352
0.029398
0.029436
0.029349
0.029349
0.029349
0.029395
0.029386
0.029386
0.029373
0.029413
0.029413
0.029432
0.029432
0.029493
0.029539
0.029577
0.029577
0.029577
0.029577
0.029577
0.029577
0.029507
0.029507
0.029507
0.029526
0.029556
0.029556
0.029587
0.029646
0.029646
0.029646
0.029646
0.029646
0.029646
0.029646
0.029576
0.029606
0.029583
0.029631
0.029675
0.029675
0.029675
0.029765
0.029765
0.029765
0.029765
0.029765
0.029795
0.029837
0.029767
0.029767
0.029767
0.029767
0.029767
0.029767
0.029767
0.029858
0.029858
0.029903
0.029903
0.029903
0.029924
0.029955
0.029945
0.029945
0.029945
0.029945
0.029945
0.029945
0.029945
0.029979
0.029979
0.029936
0.029936
0.029936
0.029907
0.029964
0.029895
0.029895
0.029895
0.029887
0.029887
0.029887
0.029926
0.029957
0.029957
0.029957
0.029957
0.029957
0.029957
0.030002
0.029971
0.029954
0.029954
0.029954
0.029954
0.029954
0.029993
0.030024
0.030024
0.030024
0.030066
0.030066
0.030109
0.030066
0.030067
0.030028
0.030072
0.030094
0.030139
0.030139
0.030178
0.030209
0.030209
0.030209
0.030209
0.030209
0.030209
0.030209
0.030178
0.030139
0.030139
0.030139
0.030139
0.030139
0.030225
0.030257
0.030257
0.030257
0.030264
0.030241
0.030241
0.030241
0.030187
0.030187
0.030187
0.030192
0.030192
0.030192
0.030225
0.030256
0.030256
0.030256
0.030256
0.030256
0.030256
0.030225
0.030225
0.030225
0.030225
0.030225
0.030225
0.030225
0.030225
0.030225
0.030280
0.030280
0.030280
0.030323
0.030323
0.030291
0.030291
0.030291
0.030291
0.030291
0.030291
0.030291
0.030291
0.030291
0.030307
0.030307
0.030307
0.030307
0.030307
0.030234
0.030234
0.030234
0.030234
0.030234
0.030234
0.030234
0.030234
0.030234
0.030265
0.030284
0.030284
0.030284
0.030284
0.030276
0.030276
0.030276
0.030276
0.030233
0.030233
0.030233
0.030233
0.030209
0.030240
0.030263
0.030263
0.030263
0.030287
0.030256
0.030256
0.030256
0.030215
0.030215
0.030215
0.030215
0.030215
0.030215
0.030247
0.030247
0.030247
0.030247
0.030247
0.030215
0.030215
0.030215
0.030215
0.030215
0.030215
0.030215
0.030215
0.030215
0.030215
0.030215
0.030215
0.030215
0.030260
0.030260
0.030220
0.030220
0.030196
0.030153
0.030153
0.030178
0.030178
0.030178
0.030178
0.030178
0.030178
0.030153
0.030153
0.030153
0.030153
0.030153
0.030153
0.030153
0.030153
0.030178
0.030178
0.030178
0.030171
0.030171
0.030171
0.030171
0.030171
0.030171
0.030171
0.030127
0.030186
0.030186
0.030186
0.030186
0.030186
0.030143
0.030143
0.030143
0.030143
0.030143
0.030143
0.056996
0.056957
0.056936
0.056916
0.056875
0.056813
0.056773
0.056733
0.056693
0.056654
0.056615
0.056576
0.056537
0.056486
0.056448
0.056457
0.056438
0.056401
0.056364
0.056328
0.056254
0.056231
0.056153
0.056118
0.056099
0.056064
0.056030
0.055949
0.055916
0.055928
0.055922
0.055847
0.055790
0.055711
0.055680
0.055649
0.055571
0.055525
0.055495
0.055380
0.055351
0.055260
0.055232
0.055182
0.055099
0.055023
0.054935
0.054860
0.054822
0.054748
0.054662
0.054576
0.054477
0.054393
0.054356
0.054284
0.054116
0.054016
0.053934
0.053815
0.053734
0.053605
0.053477
0.053350
0.053223
0.053146
0.053029
0.052855
0.052731
0.052565
0.052443
0.052297
0.052176
0.052013
0.051808
0.051745
0.051639
0.051471
0.051310
0.051117
0.050951
0.050791
0.050626
0.050417
0.050254
0.050046
0.049838
0.049677
0.049520
0.049314
0.049066
0.048825
0.048620
0.048415
0.048211
0.048009
0.047805
0.047602
0.047400
0.047148
0.046946
0.046696
0.046495
0.046293
0.046043
0.045843
0.045593
0.045393
0.045143
0.044937
0.044696
0.044463
0.044263
0.044036
0.043836
0.043636
0.043436
0.043236
0.043036
0.042836
0.042636
0.042486
0.042286
0.042114
0.041965
0.041765
0.041590
0.041408
0.041208
0.041059
0.040910
0.040762
0.040571
0.040423
0.040235
0.040138
0.039990
0.039844
0.039747
0.039601
0.039505
0.039360
0.039264
0.039196
0.039052
0.038958
0.038833
0.038739
0.038653
0.038560
0.038469
0.038377
0.038335
0.038245
0.038114
0.038074
0.037984
0.037896
0.037856
0.037769
0.037730
0.037692
0.037606
0.037589
0.037552
0.037468
0.037403
0.037368
0.037333
0.037299
0.037265
0.037265
0.037217
0.037144
0.037112
0.037080
0.037048
0.036975
0.036944
0.036914
0.036884
0.036837
0.036808
0.036785
0.036757
0.036711
0.036684
0.036620
0.036622
0.036595
0.036570
0.036570
0.036544
0.036499
0.036475
0.036467
0.036458
0.036435
0.036398
0.036376
0.036336
0.036366
0.036321
0.036344
0.036300
0.036323
0.036279
0.036259
0.036259
0.036240
0.036240
0.036197
0.036180
0.036205
0.036162
0.036188
0.036145
0.036145
0.036129
0.036086
0.036073
0.036031
0.036018
0.035977
0.035977
0.035962
0.035921
0.035949
0.035953
0.035953
0.035941
0.035941
0.035929
0.035888
0.035862
0.035851
0.035851
0.035818
0.035818
0.035779
0.035769
0.035769
0.035730
0.035722
0.035722
0.035683
0.035714
0.035675
0.035629
0.035629
0.035591
0.035586
0.035586
0.035548
0.035505
0.035505
0.035468
0.035468
0.035464
0.035428
0.035391
0.035426
0.035389
0.035353
0.035388
0.035353
0.035317
0.035348
0.035329
0.035256
0.035221
0.035221
0.035187
0.035189
0.035189
0.035155
0.035122
0.035088
0.035126
0.035093
0.035022
0.035017
0.034985
0.034985
0.034991
0.034959
0.034928
0.034928
0.034897
0.034866
0.034835
0.034805
0.034805
0.034775
0.034745
0.034715
0.034686
0.034686
0.034633
0.034566
0.034537
0.034509
0.034509
0.034481
0.034401
0.034332
0.034304
0.034277
0.034277
0.034251
0.034225
0.034156
0.034130
0.034130
0.034105
0.034080
0.034012
0.033987
0.033987
0.033919
0.033895
0.033871
0.033848
0.033804
0.033781
0.033758
0.033655
0.033633
0.033633
0.033566
0.033544
0.033437
0.033470
0.033449
0.033383
0.033362
0.033297
0.033297
0.033277
0.033214
0.033214
0.033149
0.033130
0.033066
0.033029
0.032999
0.032981
0.032900
0.032883
0.032819
0.032831
0.032772
0.032756
0.032665
0.032665
0.032602
0.032602
0.032540
0.032519
0.032519
0.032457
0.032444
0.032396
0.032383
0.032335
0.032281
0.032233
0.032186
0.032126
0.032082
0.032049
0.032000
0.031989
0.031941
0.031931
0.031882
0.031872
0.031824
0.031766
0.031766
0.031708
0.031708
0.031651
0.031651
0.031595
0.031595
0.031546
0.031507
0.031458
0.031452
0.031402
0.031402
0.031348
0.031299
0.031294
0.031245
0.031245
0.031192
0.031225
0.031175
0.031172
0.031123
0.031090
0.031038
0.031038
0.031038
0.030988
0.030928
0.030879
0.030911
0.030862
0.030862
0.030813
0.030777
0.030728
0.030728
0.030729
0.030680
0.030673
0.030624
0.030654
0.030654
0.030605
0.030605
0.030557
0.030561
0.030561
0.030482
0.030482
0.030439
0.030439
0.030439
0.030390
0.030390
0.030390
0.030349
0.030349
0.030349
0.030300
0.030300
0.030300
0.030261
0.030261
0.030261
0.030213
0.030177
0.030177
0.030140
0.030112
0.030148
0.030101
0.030101
0.030101
0.030101
0.030054
0.030066
0.030066
0.030019
0.029983
0.029988
0.029988
0.029924
0.029924
0.029924
0.029924
0.029892
0.029892
0.029892
0.029892
0.029847
0.029812
0.029812
0.029812
0.029812
0.029767
0.029767
0.029767
0.029748
0.029704
0.029704
0.029740
0.029740
0.029740
0.029696
0.029696
0.029696
0.029696
0.029696
0.029696
0.029616
0.029616
0.029616
0.029644
0.029644
0.029675
0.029632
0.029632
0.029632
0.029632
0.029632
0.029632
0.029590
0.029590
0.029590
0.029590
0.029590
0.029590
0.029590
0.029548
0.029548
0.029548
0.029548
0.029548
0.029548
0.029520
0.029479
0.029479
0.029479
0.029479
0.029457
0.029457
0.029457
0.029457
0.029457
0.029443
0.029443
0.029484
0.029484
0.029484
0.029484
0.029484
0.029484
0.029484
0.029404
0.029404
0.029404
0.029404
0.029445
0.029445
0.029445
0.029479
0.029479
0.029479
0.029479
0.029479
0.029406
0.029406
0.029388
0.029388
0.029388
0.029388
0.029388
0.029388
0.029423
0.029423
0.029457
0.029422
0.029422
0.029422
0.029384
0.029382
0.029382
0.029382
0.029382
0.029382
0.029382
0.029382
0.029382
0.029382
0.029347
0.029382
0.029382
0.029354
0.029354
0.029354
0.029382
0.029418
0.029418
0.029381
0.029331
0.029331
0.029331
0.029331
0.029331
0.029331
0.029366
0.029366
0.029366
0.029366
0.029339
0.029339
0.029339
0.029339
0.029339
0.029339
0.029339
0.029304
0.029304
0.029304
0.029304
0.029304
0.029375
0.029375
0.029375
0.029375
0.029375
0.029338
0.029338
0.029338
0.029338
0.029338
0.029338
0.029338
0.029338
0.029338
0.029338
0.029338
0.029327
0.029327
0.029327
0.029327
0.029327
0.029327
0.029327
0.029301
0.029337
0.029371
0.029358
0.029358
0.029358
0.029358
0.029358
0.029358
0.029358
0.029358
0.029358
0.029358
0.029332
0.029332
0.029332
0.029332
0.029332
0.029332
0.029296
0.029296
0.029296
0.029296
0.029296
0.029296
0.029332
0.029332
0.029332
0.029332
0.029332
0.029297
0.029272
0.029272
0.029307
0.029307
0.029307
0.029307
0.029336
0.029336
0.029336
0.029329
0.029329
0.029369
0.029306
0.029334
0.029334
0.029334
0.029334
0.029334
0.029334
0.029371
0.029406
0.029406
0.029406
0.029370
0.029370
0.029335
0.029335
0.029335
0.029335
0.029335
0.029311
0.029311
0.029311
0.029311
0.029311
0.029311
0.029311
0.029311
0.029311
0.029311
0.029311
0.029311
0.029311
0.029311
0.029311
0.029348
0.029348
0.029348
0.029348
0.029348
0.029348
0.029348
0.029348
0.029348
0.029348
0.029326
0.029359
0.029359
0.029326
0.029290
0.029267
0.029267
0.029267
0.029267
0.029300
0.029300
0.029300
0.029300
0.029300
0.029300
0.029300
0.029300
0.029298
0.029298
0.029335
0.029335
0.029335
0.029335
0.029335
0.029335
0.029335
0.029335
0.029335
0.029335
0.029335
0.029335
0.029335
0.029335
0.029335
0.029335
0.029315
0.029315
0.029315
0.029315
0.029315
0.029315
0.029315
0.029279
0.029279
0.029279
0.029279
0.029279
0.029279
0.029307
0.029307
0.029307
0.029345
0.029345
0.029345
0.029310
0.029310
0.029310
0.029310
0.029310
0.029310
0.029345
0.029345
0.029345
0.029345
0.029345
0.029345
0.029327
0.029327
0.029292
0.029292
0.029292
0.029292
0.029292
0.029292
0.029292
0.029325
0.029325
0.029325
0.029325
0.029325
0.029325
0.029325
0.029325
0.029365
0.029330
0.029330
0.029330
0.029367
0.029326
0.029326
0.029326
0.029326
0.029326
0.029326
0.029308
0.029349
0.029349
0.029349
0.029349
0.029333
0.029333
0.029333
0.029333
0.029333
0.029333
0.029333
0.029333
0.029333
0.029333
0.029333
0.029333
0.029333
0.029333
0.029333
0.029333
0.029333
0.029333
0.029333
0.029333
0.029335
0.029335
0.029335
0.029335
0.029335
0.029335
0.029335
0.029335
0.029335
0.029335
0.029335
0.029301
0.029301
0.029301
0.029338
0.029325
0.029325
0.029325
0.029325
0.029325
0.029325
0.029358
0.029358
0.029358
0.029358
0.029358
0.029358
0.029358
0.029358
0.029387
0.029387
0.029387
0.029387
0.029358
0.029323
0.029323
0.029358
0.029358
0.029358
0.029387
0.029387
0.029387
0.029387
0.029387
0.029387
0.029387
0.029352
0.029352
0.029352
0.029352
0.029352
0.029352
0.029352
0.029343
0.029377
0.029377
0.029377
0.029377
0.029377
0.029377
0.029343
0.029343
0.029309
0.029309
0.029309
0.029309
0.029309
0.029309
0.029309
0.029309
0.029309
0.029309
0.029309
0.029309
0.029309
0.029309
0.029309
0.029309
0.029309
0.029346
0.029346
0.029346
0.029346
0.029346
0.029346
0.029346
0.029346
0.029346
0.029346
0.029346
0.029346
0.029346
0.029346
0.029346
0.029340
0.029340
0.029340
0.029340
0.029340
0.029340
0.029373
0.029373
0.029373
0.029373
0.029373
0.029413
0.029413
0.029413
0.029413
0.029373
0.029373
0.029373
0.029373
0.029373
0.029373
0.029373
0.029373
0.029413
0.029413
0.029413
0.029381
0.029381
0.029381
0.029381
0.029381
0.029381
0.029381
0.029381
0.029381
0.029381
0.029381
0.029381
0.029381
0.029381
0.029368
0.029368
0.029368
0.029368
0.029397
0.029397
0.029397
0.029395
0.029395
0.029395
0.029395
0.029395
0.029395
0.029395
0.029395
0.029395
0.029395
0.029395
0.029395
0.029395
0.029395
0.029395
0.029395
0.029395
0.029361
0.029361
0.029361
0.029369
0.029369
0.029369
0.029369
0.029403
0.029403
0.029403
0.029403
0.029403
