1.314654
1.140163
0.976338
0.861256
0.797114
0.769873
0.762171
0.763002
0.763621
0.762990
0.761803
0.760403
0.759410
0.758698
0.758605
0.758760
0.758680
0.758415
0.758170
0.757901
0.757452
0.757048
0.756756
0.756661
0.756612
0.756518
0.756142
0.755208
0.754083
0.752300
0.750190
0.747880
0.745839
0.743653
0.741574
0.739466
0.737261
0.735217
0.733045
0.731115
0.728925
0.726877
0.724963
0.723028
0.721075
0.718959
0.717028
0.714900
0.712803
0.710484
0.708474
0.706270
0.704269
0.702009
0.700015
0.697686
0.695632
0.693260
0.691289
0.689412
0.687419
0.685286
0.683524
0.681456
0.679455
0.677481
0.675427
0.673059
0.670810
0.668674
0.666204
0.663928
0.661595
0.659074
0.656827
0.654400
0.652012
0.649510
0.647077
0.644518
0.642213
0.639731
0.636958
0.634604
0.632264
0.629868
0.627537
0.624965
0.622441
0.619829
0.617182
0.614503
0.611940
0.609350
0.606602
0.604089
0.601374
0.598805
0.596415
0.593876
0.591311
0.588552
0.586016
0.583289
0.580553
0.577882
0.575074
0.572330
0.569502
0.566720
0.564008
0.561308
0.558463
0.555710
0.552917
0.550361
0.547593
0.544748
0.541999
0.539146
0.536161
0.533473
0.530460
0.527670
0.524794
0.521913
0.519280
0.516360
0.513598
0.510770
0.507795
0.505313
0.502466
0.499659
0.497032
0.494077
0.491379
0.488754
0.485976
0.483410
0.480625
0.478019
0.475504
0.472908
0.470283
0.467601
0.465019
0.462335
0.459735
0.457306
0.454524
0.452205
0.449644
0.447196
0.444682
0.442347
0.439940
0.437609
0.435257
0.432946
0.430578
0.428295
0.426430
0.424373
0.422296
0.420190
0.417783
0.415734
0.413604
0.411331
0.409234
0.406949
0.404739
0.402496
0.400528
0.398332
0.396165
0.394157
0.392189
0.389965
0.387967
0.385852
0.383810
0.381875
0.379776
0.377799
0.375916
0.373975
0.372070
0.370162
0.368278
0.366335
0.364369
0.362621
0.360815
0.358939
0.357266
0.355267
0.353523
0.351676
0.349912
0.348064
0.346323
0.344625
0.342740
0.341078
0.339207
0.337483
0.335702
0.334019
0.332379
0.330490
0.329047
0.327278
0.325511
0.323901
0.322289
0.320681
0.318942
0.317451
0.315735
0.313953
0.312417
0.310774
0.309322
0.307649
0.306131
0.304509
0.302982
0.301332
0.299742
0.298181
0.296679
0.295111
0.293557
0.292200
0.290761
0.289280
0.288055
0.286639
0.285247
0.283772
0.282519
0.281208
0.279833
0.278415
0.277083
0.275676
0.274460
0.273059
0.271735
0.270550
0.269166
0.268056
0.266636
0.265372
0.264177
0.262988
0.261956
0.260778
0.259574
0.258468
0.257231
0.255969
0.254730
0.253751
0.252648
0.251484
0.250413
0.249123
0.248066
0.247042
0.245876
0.244830
0.243795
0.242777
0.241564
0.240561
0.239562
0.238576
0.237648
0.236872
0.235870
0.234840
0.233677
0.232817
0.232018
0.230975
0.229980
0.229194
0.228276
0.227528
0.226437
0.225508
0.224745
0.223855
0.222975
0.222218
0.221462
0.220514
0.219794
0.219030
0.218279
0.217534
0.216844
0.216102
0.215433
0.214589
0.213743
0.212873
0.212297
0.211686
0.210999
0.210223
0.209433
0.208725
0.207996
0.207349
0.206808
0.206044
0.205432
0.204666
0.204055
0.203469
0.202758
0.202196
0.201566
0.201009
0.200478
0.199845
0.199219
0.198665
0.198127
0.197689
0.197107
0.196613
0.196130
0.195551
0.195075
0.194391
0.193738
0.193233
0.192674
0.192157
0.191557
0.191013
0.190433
0.189956
0.189486
0.189053
0.188433
0.187889
0.187405
0.186857
0.186561
0.185993
0.185406
0.184983
0.184424
0.183881
0.183501
0.182892
0.182448
0.182062
0.181721
0.181113
0.180634
0.180118
0.179623
0.179098
0.178630
0.178252
0.177656
0.177163
0.176747
0.176413
0.175870
0.175471
0.174952
0.174560
0.174044
0.173699
0.173306
0.172885
0.172588
0.172108
0.171786
0.171426
0.170987
0.170540
0.170194
0.169883
0.169395
0.168894
0.168444
0.168166
0.167778
0.167429
0.166927
0.166598
0.166062
0.165727
0.165208
0.164758
0.164581
0.164046
0.163659
0.163353
0.163005
0.162548
0.162157
0.161748
0.161294
0.160898
0.160592
0.160231
0.159797
0.159409
0.159075
0.158681
0.158319
0.157992
0.157647
0.157320
0.156930
0.156658
0.156264
0.155925
0.155598
0.155160
0.154848
0.154426
0.154140
0.153597
0.153297
0.152930
0.152444
0.152157
0.151851
0.151426
0.151076
0.150803
0.150542
0.150199
0.149846
0.149590
0.149343
0.149153
0.148908
0.148581
0.148288
0.148014
0.147659
0.147533
0.147097
0.146983
0.146698
0.146521
0.146345
0.146100
0.145820
0.145651
0.145371
0.145147
0.144905
0.144690
0.144504
0.144214
0.144006
0.143848
0.143616
0.143473
0.143135
0.142906
0.142874
0.142706
0.142618
0.142461
0.142290
0.142190
0.142013
0.141927
0.141807
0.141586
0.141481
0.141326
0.141151
0.140942
0.140771
0.140676
0.140483
0.140289
0.140079
0.139983
0.139830
0.139642
0.139405
0.139242
0.139168
0.139031
0.138884
0.138755
0.138523
0.138465
0.138310
0.138094
0.137910
0.137763
0.137662
0.137485
0.137336
0.137211
0.136968
0.136834
0.136727
0.136601
0.136391
0.136209
0.136062
0.135909
0.135697
0.135617
0.135430
0.135358
0.135185
0.135051
0.134629
0.134300
0.134058
0.133854
0.133575
0.133475
0.133267
0.133002
0.132849
0.132729
0.132531
0.132362
0.132083
0.131958
0.131833
0.131662
0.131431
0.131290
0.131075
0.130844
0.130732
0.130577
0.130384
0.130215
0.129995
0.129812
0.129641
0.129443
0.129203
0.129086
0.128868
0.128724
0.128541
0.128398
0.128222
0.128017
0.127910
0.127710
0.127589
0.127463
0.127223
0.127104
0.127109
0.126978
0.126907
0.126842
0.126657
0.126586
0.126489
0.126385
0.126287
0.126234
0.126141
0.126043
0.125966
0.125871
0.125798
0.125756
0.125630
0.125509
0.125525
0.125489
0.125421
0.125311
0.125181
0.125149
0.125135
0.125108
0.125085
0.125086
0.124925
0.124906
0.124856
0.124892
0.124852
0.124799
0.124936
0.124877
0.124775
0.124728
0.124709
0.124714
0.124729
0.124638
0.124686
0.124647
0.124608
0.124525
0.124553
0.124525
0.124494
0.124232
0.124180
0.124090
0.123956
0.123894
0.123924
0.123877
0.123897
0.123806
0.123843
0.123736
0.123776
0.123778
0.123777
0.123767
0.123695
0.123656
0.123648
0.123672
0.123665
0.123759
0.123789
0.123834
0.123823
0.123753
0.123800
0.123835
0.123852
0.123913
0.123915
0.123965
0.123965
0.124025
0.124077
0.124049
0.124052
0.124105
0.124167
0.124164
0.124169
0.124226
0.124283
0.124343
0.124473
0.124472
0.124619
0.124644
0.124825
0.124917
0.125024
0.125062
0.125156
0.125187
0.125283
0.125258
0.125320
0.125334
0.125365
0.125428
0.125478
0.125532
0.125582
0.125639
0.125704
0.125725
0.125742
0.125742
0.125778
0.125830
0.125862
0.125924
0.125990
0.125993
0.126036
0.126041
0.126059
0.126109
0.126130
0.126145
0.126136
0.126187
0.126238
0.126225
0.126278
0.126251
0.126301
0.126370
0.126325
0.126371
0.126413
0.126417
0.126141
0.126066
0.126087
0.126101
0.125957
0.126009
0.126033
0.125942
0.125946
0.126018
0.125978
0.126001
0.126009
0.125966
0.125988
0.126019
0.125946
0.126018
0.126042
0.125998
0.126049
0.125980
0.126032
0.126071
0.126050
0.126083
0.126092
0.126123
0.126124
0.126190
0.126171
0.126223
0.126204
0.126195
0.126222
0.126272
0.126281
0.126258
0.126328
0.126285
0.126283
0.126361
0.126361
0.126520
0.126566
0.126690
0.126698
0.126796
0.126796
0.126874
0.126923
0.126873
0.126931
0.127007
0.127009
0.127067
0.127067
0.127117
0.127194
0.127178
0.127228
0.127230
0.127316
0.127266
0.127269
0.127278
0.127317
0.127338
0.127347
0.127347
0.127370
0.127329
0.127368
0.127348
0.127348
0.127307
0.127387
0.127441
0.127402
0.127402
0.127452
0.127506
0.127477
0.127475
0.127475
0.127496
0.127460
0.127491
0.127543
0.127454
0.127454
0.127232
0.127144
0.127078
0.127032
0.126983
0.127033
0.126947
0.126900
0.126854
0.126886
0.126853
0.126829
0.126787
0.126801
0.126834
0.126800
0.126762
0.126762
0.126756
0.126756
0.126756
0.126719
0.126739
0.126729
0.126828
0.126742
0.126732
0.126732
0.126745
0.126779
0.126782
0.126801
0.126776
0.126804
0.126854
0.126854
0.126854
0.126837
0.126836
0.126786
0.126838
0.126802
0.126774
0.126774
0.126891
0.127016
0.127111
0.127159
0.127243
0.127243
0.127292
0.127306
0.127306
0.127408
0.127373
0.127373
0.127422
0.127452
0.127418
0.127582
0.127582
0.127582
0.127632
0.127632
0.127598
0.127598
0.127598
0.127647
0.127627
0.127627
0.127577
0.127581
0.127505
0.127505
0.127505
0.127505
0.127505
0.127605
0.127605
0.127609
0.127609
0.127609
0.127609
0.127576
0.127576
0.127626
0.127658
0.127625
0.127625
0.127625
0.127370
0.127320
0.127186
0.127140
0.126967
0.126989
0.126944
0.126946
0.126868
0.126868
0.126858
0.126852
0.126810
0.126852
0.126852
0.126783
0.126783
0.126816
0.126741
0.126703
0.126721
0.126671
0.126599
0.126600
0.126569
0.126569
0.126569
0.126603
0.126603
0.126603
0.126603
0.126603
0.126585
0.126553
0.126603
0.126606
0.126564
0.126494
0.126494
0.126494
0.126494
0.126477
0.126477
0.126477
0.126477
0.126616
0.126664
0.126731
0.126731
0.126780
0.126749
0.126810
0.126865
0.126865
0.126915
0.126964
0.126964
0.126980
0.126980
0.126980
0.127029
0.126999
0.126959
0.127009
0.126978
0.126978
0.126978
0.126978
0.126991
0.126991
0.126991
0.126991
0.126991
0.126952
0.127001
0.126971
0.126933
0.126883
0.126871
0.126831
0.126831
0.126831
0.126831
0.126831
0.126831
0.126795
0.126795
0.126795
0.126764
0.126657
0.126358
0.126309
0.126247
0.126168
0.126119
0.126119
0.126030
0.125981
0.125981
0.125901
0.125854
0.125903
0.125857
0.125857
0.125787
0.125744
0.125744
0.125744
0.125669
0.125669
0.125638
0.125638
0.125599
0.125583
0.125583
0.125583
0.125553
0.125465
0.125425
0.125427
0.125398
0.125398
0.125367
0.125383
0.125383
0.125383
0.125383
0.125344
0.125344
0.125341
0.125344
0.125309
0.125279
0.125210
0.125210
0.125171
0.125344
0.125443
0.125541
0.125590
0.125601
0.125601
0.125611
0.125661
0.125681
0.125620
0.125670
0.125657
0.125707
0.125677
0.125677
0.125727
0.125727
0.125727
0.125807
0.125807
0.125779
0.125739
0.125701
0.125751
0.125674
0.125624
0.125554
0.125554
0.125554
0.125554
0.125596
0.125596
0.125646
0.125614
0.125614
0.125584
0.125544
0.125544
0.125544
0.125544
0.125514
0.125449
0.125449
0.125449
0.125410
0.125111
0.125054
0.124927
0.124878
0.124798
0.124798
0.124749
0.124661
0.124663
0.124585
0.124537
0.124537
0.124491
0.124491
0.124518
0.124449
0.124449
0.124449
0.124334
0.124334
0.124273
0.124273
0.124273
0.124181
0.124181
0.124181
0.124181
0.124181
0.124149
0.124149
0.124124
0.124124
0.124124
0.124140
0.124140
0.124070
0.124070
0.124070
0.124030
0.124030
0.124030
0.124030
0.124030
0.123994
0.123994
0.123994
0.124167
0.124138
0.124204
0.124203
0.124226
0.124195
0.124245
0.124294
0.124371
0.124344
0.124394
0.124355
0.124435
0.124435
0.124435
0.124414
0.124441
0.124406
0.124456
0.124456
0.124417
0.124393
0.124393
0.124443
0.124443
0.124443
0.124443
0.124443
0.124443
0.124411
0.124411
0.124348
0.124398
0.124359
0.124409
0.124409
0.124409
0.124375
0.124334
0.124334
0.124334
0.124311
0.124311
0.124311
0.124012
0.123963
0.123863
0.123775
0.123726
0.123726
0.123677
0.123628
0.123628
0.123580
0.123474
0.123474
0.123428
0.123428
0.123394
0.123320
0.123320
0.123320
0.123245
0.123245
0.123245
0.123205
0.123205
0.123224
0.123208
0.123208
0.123208
0.123208
0.123167
0.123167
0.123135
0.123135
0.123135
0.123151
0.123088
0.123130
0.123130
0.123130
0.123130
0.123130
0.123130
0.123130
0.123091
0.123060
0.123060
0.123060
0.123060
0.123233
0.123282
0.123380
0.123429
0.123478
0.123478
0.123528
0.123578
0.123597
0.123557
0.123613
0.123496
0.123518
0.123518
0.123518
0.123568
0.123568
0.123618
0.123667
0.123667
0.123667
0.123667
0.123667
0.123685
0.123604
0.123604
0.123604
0.123602
0.123602
0.123602
0.123573
0.123573
0.123623
0.123623
0.123594
0.123594
0.123594
0.123594
0.123556
0.123556
0.123556
0.123556
0.123556
0.123557
0.123258
0.123208
0.123108
0.123058
0.123009
0.123009
0.122959
0.122910
0.122910
0.122834
0.122757
0.122716
0.122668
0.122668
0.122640
0.122594
0.122574
0.122574
0.122532
0.122532
0.122532
0.122532
0.122434
0.122415
0.122365
0.122365
0.122365
0.122365
0.122363
0.122363
0.122363
0.122363
0.122363
0.122413
0.122388
0.122388
0.122388
0.122391
0.122366
0.122366
0.122366
0.122366
0.122364
0.122364
0.122364
0.122364
0.122364
0.122564
0.122614
0.122714
0.122733
0.122785
0.122774
0.122824
0.122874
0.122924
0.122924
0.122972
0.122972
0.123022
0.123022
0.123000
0.123050
0.123028
0.123028
0.123048
0.123048
0.123048
0.123048
0.123048
0.123098
0.123095
0.123095
0.123095
0.123095
0.123095
0.123095
0.123095
0.123095
0.123148
0.123108
0.123108
0.123108
0.123108
0.123081
0.123120
0.123120
0.123120
0.123120
0.123120
0.123100
0.122781
0.122659
0.122561
0.122511
0.122461
0.122461
0.122452
0.122402
0.122400
0.122350
0.122300
0.122300
0.122250
0.122250
0.122211
0.122161
0.122163
0.122163
0.122113
0.122082
0.122063
0.122063
0.122060
0.122010
0.122010
0.122010
0.121993
0.121993
0.121993
0.121993
0.121995
0.121995
0.121995
0.122045
0.122030
0.122027
0.122027
0.122027
0.122027
0.122027
0.122027
0.122027
0.122027
0.122027
0.122030
0.122030
0.122030
0.122258
0.122308
0.122405
0.122427
0.122477
0.122477
0.122527
0.122577
0.122655
0.122655
0.122705
0.122663
0.122713
0.122713
0.122713
0.122738
0.122736
0.122736
0.122786
0.122786
0.122786
0.122786
0.122786
0.122803
0.122803
0.122755
0.122717
0.122717
0.122705
0.122705
0.122791
0.122791
0.122841
0.122841
0.122841
0.122841
0.122841
0.122841
0.122752
0.122752
0.122755
0.122755
0.122755
0.122742
0.122442
0.122442
0.122342
0.122292
0.122242
0.122242
0.122151
0.122051
0.122051
0.122001
0.121951
0.121951
0.121901
0.121901
0.121901
0.121851
0.121851
0.121901
0.121801
0.121801
0.121801
0.121801
0.121801
0.121751
0.121751
0.121751
0.121751
0.121751
0.121751
0.121751
0.121751
0.121751
0.121751
0.121801
0.121801
0.121765
0.121765
0.121765
0.121798
0.121798
0.121798
0.121826
0.121798
0.121798
0.121798
0.121798
0.121998
0.122048
0.122148
0.122198
0.122276
0.122246
0.122296
0.122323
0.122373
0.122373
0.122423
0.122454
0.122504
0.122504
0.122504
0.122554
0.122554
0.122523
0.122573
0.122573
0.122573
0.122582
0.123079
0.125306
0.130062
0.137197
0.145853
0.155305
0.164933
0.174406
0.183686
0.192787
0.201897
0.211025
0.220298
0.229817
0.239552
0.249221
0.258360
0.266488
0.272887
0.277486
0.280219
0.281405
0.281563
0.280819
0.280174
0.279647
0.279407
0.279436
0.279642
0.279781
0.279778
0.279588
0.279159
0.278571
0.277938
0.277335
0.276889
0.276571
0.276410
0.276394
0.276442
0.276487
0.276550
0.276550
0.276566
0.276471
0.276373
0.276278
0.276231
0.276231
0.276120
0.275204
0.272606
0.267958
0.261479
0.253562
0.244973
0.236231
0.227801
0.219814
0.212282
0.205153
0.198360
0.191855
0.185901
0.180730
0.176623
0.173839
0.172487
0.173040
0.175101
0.178446
0.182504
0.186607
0.190155
0.192824
0.194199
0.194212
0.193173
0.191399
0.189388
0.187614
0.186375
0.185726
0.185604
0.185865
0.186267
0.187009
0.188390
0.190543
0.192606
0.194271
0.196077
0.197940
0.198901
0.199450
0.199522
0.199351
0.199015
0.198511
0.198111
0.197761
0.197495
0.197246
0.197086
0.196896
0.196539
0.196378
0.196095
0.195720
0.195423
0.194969
0.194695
0.194345
0.193952
0.193685
0.193348
0.193043
0.192622
0.192343
0.192039
0.191640
0.191396
0.191112
0.190724
0.190438
0.190135
0.189817
0.189529
0.189187
0.188868
0.188543
0.188316
0.187888
0.187666
0.187364
0.187079
0.186813
0.186432
0.186165
0.185890
0.185597
0.185286
0.185010
0.184785
0.184555
0.184248
0.183852
0.183654
0.183369
0.183023
0.182777
0.182488
0.182213
0.181983
0.181743
0.181456
0.181165
0.180890
0.180664
0.180350
0.180079
0.179898
0.179635
0.179310
0.179079
0.178839
0.178524
0.178294
0.178114
0.177817
0.177543
0.177353
0.177110
0.176787
0.176565
0.176385
0.176174
0.175830
0.175590
0.175370
0.175187
0.174909
0.174674
0.174442
0.174244
0.173946
0.173745
0.173483
0.173258
0.172936
0.172756
0.172603
0.172423
0.172193
0.171950
0.171666
0.171482
0.171262
0.170966
0.170758
0.170578
0.170356
0.170176
0.169888
0.169664
0.169511
0.169280
0.169100
0.168870
0.168641
0.168443
0.168249
0.168069
0.167823
0.167553
0.167373
0.167148
0.166924
0.166744
0.166514
0.166285
0.166105
0.165925
0.165744
0.165564
0.165334
0.165154
0.164926
0.164704
0.164509
0.164329
0.164105
0.163819
0.163639
0.163401
0.163205
0.163025
0.162874
0.162694
0.162464
0.162255
0.161984
0.161804
0.161624
0.161444
0.161263
0.161112
0.160883
0.160659
0.160418
0.160194
0.160013
0.159833
0.159646
0.159465
0.159273
0.159043
0.158863
0.158635
0.158454
0.158234
0.158053
0.157873
0.157693
0.157513
0.157332
0.157103
0.156879
0.156692
0.156470
0.156290
0.156066
0.155874
0.155694
0.155474
0.155281
0.155101
0.154871
0.154682
0.154501
0.154273
0.154093
0.153944
0.153722
0.153542
0.153362
0.153182
0.153001
0.152821
0.152551
0.152371
0.152191
0.151967
0.151740
0.151560
0.151420
0.151198
0.151018
0.150794
0.150605
0.150425
0.150244
0.150064
0.149884
0.149654
0.149474
0.149294
0.149067
0.148887
0.148707
0.148485
0.148305
0.148166
0.147958
0.147628
0.147141
0.146661
0.146132
0.145605
0.145125
0.144595
0.144087
0.143559
0.143079
0.142550
0.141922
0.141355
0.140649
0.140124
0.139421
0.138847
0.138223
0.137632
0.137051
0.136418
0.135895
0.135372
0.134725
0.134097
0.133525
0.132903
0.132238
0.131720
0.131149
0.130529
0.129884
0.129264
0.128648
0.128078
0.127467
0.126901
0.126332
0.125710
0.125063
0.124499
0.123932
0.123364
0.122801
0.122184
0.121617
0.121005
0.120411
0.119845
0.119334
0.118719
0.118159
0.117545
0.116980
0.116372
0.115780
0.115321
0.114709
0.114146
0.113539
0.112985
0.112325
0.111813
0.111231
0.110682
0.110079
0.109519
0.108908
0.108349
0.107846
0.107287
0.106709
0.106168
0.105561
0.105061
0.104498
0.103999
0.103444
0.102897
0.102373
0.101770
0.101235
0.100681
0.100187
0.099693
0.099142
0.098650
0.098151
0.097651
0.097112
0.096655
0.096242
0.095705
0.095298
0.094764
0.094309
0.093813
0.093447
0.092952
0.092561
0.092061
0.091657
0.091255
0.090825
0.090352
0.089880
0.089505
0.089122
0.088729
0.088421
0.087983
0.087551
0.087135
0.086655
0.086336
0.085912
0.085580
0.085152
0.084821
0.084391
0.084094
0.083794
0.083531
0.083209
0.082916
0.082606
0.082247
0.081901
0.081682
0.081305
0.080997
0.080595
0.080377
0.080072
0.079748
0.079532
0.079376
0.079159
0.078929
0.078665
0.078436
0.078181
0.077884
0.077541
0.077264
0.076995
0.076742
0.076521
0.076225
0.076004
0.075711
0.075533
0.075380
0.075241
0.075035
0.074859
0.074541
0.074327
0.074125
0.073867
0.073610
0.073411
0.073177
0.072943
0.072745
0.072551
0.072293
0.072112
0.071950
0.071742
0.071576
0.071329
0.071212
0.070993
0.070782
0.070563
0.070342
0.070112
0.069932
0.069749
0.069515
0.069301
0.069186
0.069044
0.068836
0.068619
0.068418
0.068124
0.068024
0.067837
0.067618
0.067393
0.067165
0.066995
0.066827
0.066746
0.066490
0.066200
0.066009
0.065824
0.065595
0.065442
0.065236
0.064987
0.064828
0.064650
0.064502
0.064337
0.064086
0.063865
0.063693
0.063388
0.063276
0.063082
0.062857
0.062674
0.062488
0.062340
0.062147
0.061939
0.061692
0.061568
0.061373
0.061094
0.060951
0.060772
0.060586
0.060381
0.060252
0.060060
0.059823
0.059659
0.059440
0.059214
0.059039
0.058831
0.058623
0.058416
0.058250
0.058095
0.057893
0.057696
0.057497
0.057275
0.057164
0.056861
0.056669
0.056475
0.056259
0.056036
0.055934
0.055706
0.055493
0.055270
0.055048
0.054843
0.054530
0.054410
0.054222
0.054057
0.053818
0.053674
0.053472
0.053315
0.053085
0.052859
0.052678
0.052535
0.052286
0.052057
0.051872
0.051663
0.051485
0.051234
0.051031
0.050889
0.050687
0.050415
0.050229
0.050067
0.049861
0.049681
0.049475
0.049265
0.049059
0.048887
0.048724
0.048502
0.048322
0.048117
0.047919
0.047752
0.047580
0.047375
0.047170
0.047004
0.046843
0.046653
0.046478
0.046328
0.046107
0.045890
0.045771
0.045595
0.045418
0.045215
0.045043
0.044898
0.044734
0.044554
0.044414
0.044257
0.044049
0.043906
0.043744
0.043609
0.043424
0.043222
0.043044
0.042937
0.042825
0.042664
0.042524
0.042326
0.042207
0.042030
0.041895
0.041699
0.041606
0.041481
0.041367
0.041144
0.041015
0.040885
0.040756
0.040696
0.040551
0.040423
0.040248
0.040103
0.040008
0.039899
0.039773
0.039637
0.039511
0.039419
0.039321
0.039155
0.039029
0.038859
0.038754
0.038689
0.038602
0.038510
0.038341
0.038236
0.038113
0.038004
0.037889
0.037828
0.037688
0.037579
0.037560
0.037438
0.037329
0.037209
0.037100
0.036980
0.036904
0.036795
0.036687
0.036649
0.036541
0.036469
0.036406
0.036298
0.036264
0.036179
0.036061
0.035954
0.035895
0.035777
0.035708
0.035610
0.035502
0.035478
0.035430
0.035381
0.035230
0.035073
0.035059
0.034953
0.034846
0.034747
0.034690
0.034617
0.034542
0.034485
0.034387
0.034318
0.034230
0.034209
0.034111
0.034126
0.033977
0.033970
0.033864
0.033848
0.033722
0.033616
0.033567
0.033468
0.033376
0.033327
0.033296
0.033207
0.033227
0.033220
0.033207
0.033108
0.033092
0.032986
0.032937
0.032858
0.032759
0.032710
0.032700
0.032711
0.032620
0.032601
0.032551
0.032502
0.032453
0.032354
0.032305
0.032264
0.032249
0.032200
0.032192
0.032120
0.032076
0.032112
0.032013
0.031973
0.031924
0.031875
0.031826
0.031777
0.031774
0.031726
0.031677
0.031628
0.031590
0.031618
0.031625
0.031576
0.031521
0.031532
0.031484
0.031435
0.031435
0.031399
0.031404
0.031356
0.031321
0.031321
0.031273
0.031246
0.031198
0.031226
0.031178
0.031193
0.031145
0.031180
0.031187
0.031187
0.031140
0.031108
0.031036
0.030988
0.030957
0.030957
0.030945
0.030962
0.030944
0.030959
0.030998
0.030963
0.030963
0.030917
0.030946
0.030898
0.030917
0.030874
0.030915
0.030869
0.030930
0.030891
0.030882
0.030951
0.030951
0.030905
0.030905
0.030926
0.030881
0.030881
0.030903
0.030858
0.030858
0.030865
0.030865
0.030911
0.030911
0.030859
0.030859
0.030859
0.030882
0.030838
0.030838
0.030838
0.030862
0.030853
0.030884
0.030884
0.030865
0.030906
0.030906
0.030906
0.030931
0.030931
0.030893
0.030858
0.030884
0.030884
0.030884
0.030853
0.030853
0.030953
0.030953
0.030953
0.030911
0.030911
0.030980
0.030980
0.030980
0.030980
0.030980
0.030966
0.030966
0.031004
0.031004
0.031004
0.031032
0.031008
0.031008
0.030969
0.030969
0.030985
0.030985
0.031014
0.031094
0.031094
0.031054
0.031054
0.031014
0.031057
0.031057
0.031068
0.031068
0.031127
0.031127
0.031127
0.031087
0.031117
0.031117
0.031117
0.031117
0.031078
0.031078
0.031078
0.031078
0.031108
0.031108
0.031151
0.031151
0.031151
0.031151
0.031186
0.031186
0.031186
0.031147
0.031178
0.031178
0.031178
0.031192
0.031192
0.031192
0.031234
0.031195
0.031235
0.031227
0.031227
0.031227
0.031227
0.031219
0.031219
0.031258
0.031228
0.031246
0.031246
0.031246
0.031275
0.031275
0.031275
0.031275
0.031275
0.031237
0.031237
0.031237
0.031237
0.031207
0.031239
0.031270
0.031287
0.031318
0.031348
0.031378
0.031417
0.031417
0.031417
0.031417
0.031417
0.031378
0.031409
0.031379
0.031341
0.031341
0.031383
0.031383
0.031421
0.031460
0.031460
0.031460
0.031460
0.031460
0.031460
0.031460
0.031453
0.031453
0.031453
0.031453
0.031471
0.031471
0.031471
0.031510
0.031510
0.031545
0.031564
0.031545
0.031545
0.031545
0.031538
0.031499
0.031499
0.031499
0.031499
0.031538
0.031577
0.031550
0.031550
0.031550
0.031550
0.031550
0.031592
0.031592
0.031592
0.031592
0.031592
0.031612
0.031612
0.031653
0.031651
0.031651
0.031651
0.031616
0.031616
0.031659
0.031659
0.031659
0.031659
0.031692
0.031692
0.031692
0.031735
0.031769
0.031769
0.031769
0.031762
0.031727
0.031727
0.031727
0.031746
0.031746
0.031746
0.031707
0.031691
0.031691
0.031691
0.031726
0.031765
0.031765
0.031797
0.031762
0.031762
0.031730
0.031730
0.031750
0.031750
0.031711
0.031711
0.031711
0.031746
0.031778
0.031817
0.031859
0.031859
0.031859
0.031859
0.031824
0.031824
0.031792
0.031756
0.031738
0.031773
0.031773
0.031805
0.031805
0.031887
0.031887
0.031887
0.031887
0.031887
0.031925
0.031925
0.031925
0.031933
0.031933
0.031933
0.031933
0.031933
0.031933
0.031895
0.031895
0.031895
0.031937
0.031937
0.031937
0.032009
0.031973
0.031973
0.031973
0.031973
0.031995
0.031995
0.031957
0.031957
0.031957
0.031957
0.031957
0.031957
0.031957
0.031995
0.031995
0.031995
0.031995
0.032030
0.032030
0.032030
0.031984
0.031984
0.031984
0.031984
0.031984
0.031984
0.031984
0.031984
0.031987
0.031987
0.032018
0.032018
0.032018
0.032018
0.031980
0.032022
0.032022
0.031991
0.032014
0.032014
0.032014
0.032014
0.032083
0.032083
0.032083
0.032083
0.032083
0.032045
0.032045
0.032045
0.032045
0.032086
0.032086
0.032086
0.032086
0.032086
0.032159
0.032124
0.032124
0.032124
0.032124
0.032086
0.032128
0.032128
0.032128
0.032128
0.032128
0.032128
0.032128
0.032128
0.032136
0.032136
0.032136
0.032176
0.032176
0.032176
0.032176
0.032176
0.032176
0.032176
0.032176
0.032176
0.032176
0.032199
0.032199
0.032199
0.032199
0.032199
0.032199
0.032199
0.032199
0.032199
0.032199
0.032235
0.032235
0.032200
0.032200
0.032200
0.032200
0.032200
0.032200
0.032200
0.032200
0.032200
0.032159
0.032159
0.032159
0.032159
0.032159
0.032159
0.032195
0.032195
0.032195
0.032195
0.032195
0.032195
0.032195
0.032195
0.032195
0.032195
0.032195
0.032195
0.032195
0.032195
0.032195
0.032195
0.032161
0.032161
0.032161
0.032161
0.032161
0.032161
0.032161
0.032161
0.032161
0.032161
0.032161
0.032161
0.032161
0.032161
0.032161
0.032169
0.032169
0.032169
0.032169
0.032169
0.032169
0.032169
0.032169
0.032169
0.032169
0.032169
0.032169
0.032205
0.032205
0.032205
0.032205
0.032205
0.032205
0.032205
0.032205
0.032205
0.032198
0.032198
0.032198
0.032198
0.032198
0.032198
0.032164
0.032164
0.032164
0.032164
0.032164
0.032164
0.032164
0.032164
0.032164
0.032164
0.032164
0.032190
0.032190
0.032190
0.032212
0.032212
0.032212
0.032212
0.032212
0.032212
0.032212
0.032212
0.032212
0.032212
0.032212
0.032212
0.032212
0.032249
0.032249
0.032249
0.032249
0.032280
0.032280
0.032280
0.032280
0.032280
0.032249
0.032292
0.032292
0.032292
0.032292
0.032300
0.032267
0.032298
0.032298
0.032298
0.032298
0.032298
0.032298
0.032298
0.032298
0.032298
0.032267
0.032267
0.032267
0.032267
0.032298
0.032298
0.032298
0.032298
0.032298
0.032298
0.032290
0.032290
0.032290
0.032290
0.032290
0.032290
0.032290
0.032327
0.032327
0.032327
0.032327
0.032327
0.032327
0.032327
0.032327
0.032327
0.032327
0.032327
0.032327
0.032327
0.032327
0.032327
0.032327
0.032327
0.032327
0.032295
0.032295
0.032371
0.032371
0.032371
0.032371
0.032371
0.032371
0.032371
0.032339
0.032339
0.032339
0.032339
0.032339
0.032339
0.032339
0.032339
0.032339
0.032339
0.032339
0.032339
0.032339
0.032339
0.032385
0.032385
0.032385
0.032385
0.032385
0.032385
0.032385
0.032385
0.032385
0.032385
0.032385
0.032385
0.032385
0.032385
0.032385
0.032385
0.032385
0.032385
0.032385
0.032377
0.032377
0.032417
0.032417
0.032417
0.032417
0.032417
0.032417
0.032417
0.032417
0.032417
0.032417
0.032417
0.032385
0.032385
0.032385
0.032385
0.032438
0.032438
0.032438
0.032438
0.032438
0.032438
0.032406
0.032445
0.032445
0.032445
0.032445
0.032445
0.032445
0.032445
0.032445
0.032445
0.032445
0.032445
0.032445
0.032445
0.032445
0.032445
0.032445
0.032445
0.032445
0.032445
0.032445
0.032445
0.032445
0.032453
0.032453
0.032453
0.032453
0.032453
0.032453
0.032453
0.032453
0.032453
0.032453
0.032453
0.032453
0.032453
0.032453
0.032453
0.032453
0.032453
0.032453
0.032453
0.032453
0.032445
0.032445
0.032445
0.032445
0.032445
0.032445
0.032445
0.032445
0.032445
0.032445
0.032445
0.032484
0.032484
0.032484
0.032484
0.032453
0.032453
0.032453
0.032453
0.032453
0.032453
0.032484
0.032453
0.032453
0.032453
0.032453
0.032453
0.032453
0.032453
0.032453
0.032453
0.032484
0.032484
0.032484
0.032484
0.032484
0.032484
0.032484
0.032453
0.032453
0.032453
0.032453
0.032453
0.032453
0.032484
0.032484
0.032484
0.032492
0.032492
0.032492
0.032492
0.032492
0.032492
0.032492
0.032492
0.032492
0.032492
0.032492
0.032492
0.032536
0.032536
0.032536
0.032536
0.032536
0.032536
0.032529
0.032529
0.032529
0.032529
0.032529
0.032529
0.032529
0.032529
0.032529
0.032529
0.032529
0.032529
0.032529
0.032529
0.032529
0.032529
0.032529
0.032529
0.032529
0.032529
0.032529
0.032529
0.032490
0.032490
0.032490
0.032490
0.032490
0.032529
0.032529
0.032529
0.032529
0.032529
0.032529
0.032529
0.032529
0.032460
0.032460
0.032460
0.032460
0.032490
0.032490
0.032529
0.032529
0.032529
0.032529
0.032529
0.032529
0.032529
0.032506
0.032506
0.032467
0.032467
0.032467
0.032467
0.032467
0.032467
0.032497
0.032497
0.032497
0.032497
0.032497
0.032467
0.032467
0.032467
0.032428
0.032428
0.032428
0.032428
0.032428
0.032459
0.032459
0.032459
0.032490
0.032490
0.032459
0.032459
0.032459
0.032420
0.032420
0.032420
0.032420
0.032420
0.032420
0.032459
0.032459
0.032459
0.032459
0.032459
0.032459
0.032459
0.032459
0.032420
0.032420
0.032420
0.032420
0.032420
0.032420
0.032420
0.032459
0.032459
0.032459
0.032459
0.032420
0.032420
0.032420
0.032381
0.032381
0.032381
0.032381
0.032381
0.032381
0.032381
0.032420
0.032420
0.032420
0.032420
0.032428
0.032428
0.032428
0.032389
0.032389
0.032389
0.032389
0.032389
0.032389
0.032389
0.032428
0.032428
0.032428
0.032428
0.032428
0.032428
0.032428
0.032389
0.032350
0.032350
0.032350
0.032343
0.032343
0.032343
0.032381
0.032381
0.032381
0.032381
0.032381
0.032381
0.032381
0.032343
0.032343
0.032343
0.032343
0.032343
0.032343
0.032343
0.032381
0.032381
0.032381
0.032381
0.032381
0.032381
0.032343
0.032343
0.032304
0.032304
0.032304
0.032304
0.032304
0.032304
0.032349
0.032387
0.032387
0.032387
0.032387
0.032387
0.032349
0.032318
0.032318
0.032318
0.032350
0.032381
0.032381
0.032349
0.032349
0.032387
0.032387
0.032395
0.032395
0.032325
0.032287
0.032287
0.032319
0.032319
0.032319
0.032319
0.032319
0.032319
0.032325
0.032357
0.032357
0.032357
0.032325
0.032325
0.032287
0.032319
0.032311
0.032311
0.032311
0.032311
0.032273
0.032273
0.032273
0.032311
0.032311
0.032279
0.032279
0.032279
0.032273
0.032273
0.032273
0.032273
0.032273
0.032273
0.032273
0.032273
0.032273
0.032273
0.032273
0.032273
0.032235
0.032235
0.032235
0.032235
0.032235
0.032235
0.032235
0.032235
0.032235
0.032235
0.032235
0.032235
0.032235
0.032235
0.032235
0.032235
0.032203
0.032165
0.032165
0.032165
0.032165
0.032165
0.032172
0.032172
0.032204
0.032204
0.032204
0.032204
0.032172
0.032172
0.032172
0.032172
0.032172
0.032172
0.032172
0.032172
0.032172
0.032134
0.032134
0.032134
0.032134
0.032134
0.032127
0.032127
0.032127
0.032127
0.032127
0.032127
0.032127
0.032127
0.032127
0.032127
0.032127
0.032127
0.032127
0.032127
0.032089
0.032089
0.032089
0.032057
0.032057
0.032057
0.032057
0.032057
0.032089
0.032089
0.032089
0.032089
0.032089
0.032089
0.032089
0.032057
0.032019
0.032019
0.032019
0.032019
0.032019
0.032019
0.032019
0.032019
0.032019
0.032019
0.032019
0.032019
0.032019
0.032019
0.032019
0.032019
0.032019
0.031989
0.031989
0.031989
0.031989
0.031989
0.031989
0.031989
0.032029
0.032029
0.032029
0.032029
0.031989
0.031957
0.031957
0.031957
0.031957
0.031957
0.031989
0.031981
0.031981
0.032021
0.032021
0.031984
0.031984
0.031951
0.031911
0.031911
0.031911
0.031911
0.031911
0.031911
0.031911
0.031911
0.031911
0.031951
0.031951
0.031951
0.031951
0.031951
0.031874
0.031874
0.031874
0.031874
0.031920
0.031920
0.031920
0.031920
0.031920
0.031959
0.031959
0.031959
0.031959
0.031959
0.031920
0.031887
0.031887
0.031887
0.031887
0.031887
0.031920
0.031920
0.031920
0.031959
0.031930
0.031930
0.031897
0.031897
0.031857
0.031857
0.031857
0.031857
0.031857
0.031857
0.031857
0.031857
0.031897
0.031897
0.031897
0.031897
0.031897
0.031897
0.031820
0.031820
0.031813
0.031813
0.031813
0.031813
0.031856
0.031856
0.031896
0.031896
0.031896
0.031896
0.031896
0.031896
0.031896
0.031823
0.031823
0.031823
0.031823
0.031856
0.031856
0.031856
0.031896
0.031896
0.031896
0.031896
0.031826
0.031826
0.031826
0.031786
0.031756
0.031756
0.031756
0.031756
0.031756
0.031786
0.031826
0.031826
0.031826
0.031826
0.031826
0.031826
0.031826
0.031786
0.031756
0.031756
0.031756
0.031756
0.031756
0.031757
0.031797
0.031797
0.031797
0.031797
0.031797
0.031797
0.031797
0.031757
0.031728
0.031728
0.031728
0.031728
0.031760
0.031757
0.031797
0.031797
0.031797
0.031797
0.031797
0.031763
0.031756
0.031716
0.031650
0.031682
0.031682
0.031682
0.031682
0.031712
0.031719
0.031719
0.031719
0.031719
0.031719
0.031719
0.031719
0.031712
0.031682
0.031682
0.031682
0.031682
0.031682
0.031712
0.031751
0.031719
0.031719
0.031719
0.031719
0.031719
0.031751
0.031712
