1.526227
1.358369
1.200288
1.088169
1.024937
0.997885
0.989984
0.990410
0.990644
0.989652
0.988023
0.986375
0.985240
0.984519
0.984227
0.984276
0.984466
0.984280
0.983998
0.983363
0.982311
0.981018
0.979365
0.977642
0.975932
0.974383
0.972955
0.971331
0.970044
0.968684
0.967394
0.966044
0.964798
0.963435
0.962308
0.961182
0.959904
0.958745
0.957614
0.956415
0.955173
0.953892
0.952663
0.951587
0.950415
0.948987
0.947795
0.946383
0.944698
0.943368
0.941850
0.940325
0.938928
0.937680
0.936384
0.935132
0.933881
0.932587
0.931168
0.929948
0.928576
0.927276
0.926194
0.925038
0.923965
0.922706
0.921580
0.920263
0.919089
0.917700
0.916083
0.914712
0.913116
0.911710
0.910274
0.908854
0.907551
0.906188
0.905049
0.903811
0.902457
0.901138
0.899571
0.898134
0.896547
0.894879
0.893428
0.891728
0.890268
0.888533
0.886812
0.885181
0.883514
0.881811
0.880064
0.878263
0.876364
0.874662
0.872734
0.870504
0.868452
0.866647
0.864536
0.862630
0.860492
0.858413
0.856424
0.854186
0.852074
0.849676
0.847638
0.845457
0.843145
0.840924
0.838867
0.836741
0.834773
0.833044
0.831481
0.830188
0.828799
0.827462
0.826255
0.824748
0.823204
0.821407
0.819223
0.817096
0.814654
0.812395
0.810005
0.807879
0.805817
0.803758
0.801972
0.800677
0.799245
0.797932
0.796665
0.795361
0.794107
0.792813
0.791480
0.789592
0.787871
0.786041
0.784124
0.782533
0.780798
0.779128
0.777709
0.776265
0.775203
0.774011
0.772936
0.771742
0.770157
0.768757
0.767242
0.765748
0.764152
0.762297
0.760364
0.758372
0.756400
0.754503
0.752307
0.750408
0.748549
0.746607
0.745098
0.743821
0.742561
0.741596
0.740488
0.739323
0.738064
0.736747
0.734923
0.733151
0.731182
0.729320
0.727416
0.725798
0.724191
0.722848
0.721664
0.720674
0.720057
0.719344
0.718552
0.717995
0.717328
0.716427
0.715458
0.714241
0.712616
0.710852
0.709124
0.707181
0.705301
0.703538
0.701812
0.700046
0.698699
0.697440
0.696627
0.695815
0.695153
0.694496
0.694010
0.693219
0.692440
0.691229
0.689741
0.688224
0.686697
0.684935
0.683017
0.681433
0.679678
0.678148
0.676612
0.675694
0.674995
0.674372
0.673986
0.673709
0.673335
0.672769
0.672039
0.671150
0.669810
0.668100
0.666280
0.664392
0.662519
0.660708
0.658818
0.657353
0.655587
0.654428
0.653370
0.652358
0.651748
0.651209
0.650814
0.650315
0.649796
0.648900
0.647714
0.646165
0.644452
0.642566
0.640628
0.638669
0.636914
0.635154
0.633402
0.632408
0.631727
0.631365
0.631305
0.631347
0.631370
0.631203
0.631031
0.630787
0.630048
0.628959
0.627348
0.625526
0.623596
0.621874
0.620047
0.618504
0.617176
0.616247
0.615331
0.614662
0.614061
0.613584
0.613362
0.612884
0.612734
0.612124
0.610762
0.609334
0.607651
0.605686
0.603876
0.601972
0.600345
0.598784
0.597254
0.596025
0.595230
0.594319
0.593867
0.593346
0.592797
0.592296
0.591616
0.591071
0.590189
0.588969
0.587404
0.585620
0.584058
0.582532
0.580883
0.579082
0.577293
0.575927
0.574979
0.574389
0.573837
0.573468
0.573020
0.572566
0.571872
0.571125
0.570458
0.569139
0.567610
0.566072
0.564604
0.562957
0.561016
0.559145
0.557256
0.555540
0.554313
0.553488
0.552647
0.552076
0.551612
0.551180
0.550513
0.549643
0.548725
0.547846
0.546394
0.544870
0.542998
0.541123
0.539086
0.537204
0.535270
0.533352
0.531471
0.529908
0.528587
0.527656
0.527288
0.527051
0.526771
0.526682
0.526021
0.525188
0.524120
0.522857
0.521448
0.520179
0.518644
0.517423
0.516485
0.515323
0.514310
0.513032
0.511997
0.511015
0.509897
0.508791
0.507818
0.506599
0.505303
0.504601
0.504023
0.503468
0.502727
0.502242
0.501584
0.501048
0.500307
0.499002
0.497695
0.496259
0.494926
0.493417
0.492157
0.490654
0.489419
0.488102
0.486839
0.485504
0.484110
0.482762
0.481491
0.480101
0.478820
0.477628
0.476102
0.474825
0.473706
0.472171
0.470755
0.469536
0.468084
0.466724
0.465592
0.464239
0.462852
0.461682
0.460421
0.459034
0.458429
0.457826
0.456901
0.456053
0.455375
0.454121
0.452820
0.451490
0.450155
0.448675
0.447316
0.446140
0.444712
0.443482
0.442165
0.440742
0.439220
0.437913
0.436529
0.435055
0.433642
0.432192
0.430800
0.429439
0.427944
0.426450
0.424976
0.423634
0.422088
0.420558
0.419182
0.417667
0.416160
0.414584
0.413042
0.411541
0.409860
0.408386
0.406804
0.405280
0.403641
0.402108
0.400457
0.398964
0.397276
0.395638
0.394105
0.392519
0.390734
0.389119
0.387462
0.385852
0.384109
0.382378
0.380685
0.378850
0.377084
0.375304
0.373638
0.371939
0.370350
0.368646
0.367109
0.365419
0.363901
0.362294
0.360541
0.358918
0.357373
0.355639
0.353963
0.352459
0.350846
0.349244
0.347805
0.346303
0.344685
0.343328
0.341679
0.340220
0.338816
0.337355
0.335837
0.334456
0.333025
0.331845
0.330421
0.328997
0.327684
0.326422
0.325185
0.323857
0.322545
0.321295
0.320002
0.318851
0.317664
0.316413
0.315192
0.314095
0.312918
0.311860
0.310733
0.309732
0.308578
0.307466
0.306533
0.305452
0.304433
0.303510
0.302427
0.301512
0.300472
0.299517
0.298549
0.297644
0.296701
0.295878
0.294817
0.293930
0.293100
0.292124
0.291256
0.290368
0.289506
0.288655
0.287745
0.287018
0.286133
0.285368
0.284425
0.283652
0.282766
0.282043
0.281181
0.280301
0.279569
0.278626
0.277945
0.277070
0.276314
0.275446
0.274609
0.273835
0.273030
0.272107
0.271382
0.270471
0.269575
0.268681
0.267828
0.266912
0.266147
0.265331
0.264262
0.263445
0.262627
0.261657
0.260752
0.259897
0.258916
0.258023
0.257076
0.255993
0.255026
0.254122
0.253078
0.252026
0.250939
0.249995
0.248935
0.247819
0.246777
0.245811
0.244740
0.243626
0.242612
0.241463
0.240382
0.239207
0.238160
0.237020
0.235908
0.234764
0.233571
0.232257
0.231286
0.230103
0.228989
0.227895
0.226665
0.225608
0.224532
0.223411
0.222252
0.221058
0.220072
0.218936
0.217762
0.216641
0.215540
0.214573
0.213560
0.212426
0.211383
0.210346
0.209356
0.208303
0.207334
0.206372
0.205371
0.204468
0.203567
0.202587
0.201642
0.200738
0.199768
0.198884
0.198054
0.197086
0.196261
0.195401
0.194614
0.193939
0.193069
0.192304
0.191541
0.190761
0.190034
0.189385
0.188633
0.187730
0.187082
0.186418
0.185711
0.184952
0.184340
0.183796
0.183044
0.182462
0.181892
0.181226
0.180549
0.180030
0.179514
0.178832
0.178206
0.177592
0.177078
0.176441
0.175906
0.175255
0.174831
0.174283
0.173734
0.173158
0.172670
0.172082
0.171595
0.171082
0.170567
0.170080
0.169659
0.169033
0.168565
0.168009
0.167582
0.167124
0.166560
0.166197
0.165606
0.165284
0.164820
0.164345
0.163904
0.163321
0.162870
0.162527
0.162137
0.161713
0.161185
0.160740
0.160395
0.159933
0.159480
0.158970
0.158598
0.158128
0.157745
0.157289
0.156950
0.156432
0.156019
0.155619
0.155173
0.154754
0.154266
0.153775
0.153420
0.153032
0.152675
0.152169
0.151745
0.151359
0.150955
0.150450
0.150005
0.149558
0.149196
0.148765
0.148392
0.147939
0.147416
0.146904
0.146481
0.146020
0.145651
0.145195
0.144873
0.144432
0.143970
0.143495
0.143055
0.142717
0.142360
0.141896
0.141456
0.141059
0.140640
0.140138
0.139688
0.139226
0.138857
0.138445
0.138041
0.137717
0.137243
0.136788
0.136335
0.136087
0.135596
0.135212
0.134863
0.134515
0.134074
0.133672
0.133272
0.132910
0.132516
0.132159
0.131796
0.131438
0.131184
0.130757
0.130403
0.130003
0.129701
0.129303
0.129014
0.128711
0.128352
0.128009
0.127672
0.127356
0.126976
0.126724
0.126443
0.126194
0.125836
0.125505
0.125223
0.124900
0.124656
0.124452
0.124161
0.123887
0.123607
0.123429
0.123027
0.122750
0.122508
0.122403
0.122124
0.121938
0.121637
0.121442
0.121156
0.120966
0.120711
0.120481
0.120289
0.120101
0.119972
0.119715
0.119568
0.119444
0.119264
0.119088
0.118824
0.118737
0.118584
0.118496
0.118314
0.118097
0.117969
0.117839
0.117807
0.117676
0.117557
0.117493
0.117296
0.117217
0.117075
0.116911
0.116891
0.116801
0.116742
0.116616
0.116521
0.116493
0.116359
0.116204
0.116202
0.116160
0.116066
0.116015
0.115933
0.115962
0.115930
0.115928
0.115829
0.115788
0.115679
0.115584
0.115545
0.115537
0.115489
0.115464
0.115461
0.115367
0.115334
0.115252
0.115225
0.115239
0.115159
0.115165
0.115122
0.115000
0.115001
0.115006
0.114917
0.114979
0.114939
0.114896
0.114893
0.114801
0.114716
0.114784
0.114813
0.114788
0.114752
0.114752
0.114778
0.114819
0.114704
0.114654
0.114693
0.114657
0.114599
0.114599
0.114657
0.114617
0.114623
0.114603
0.114603
0.114560
0.114574
0.114644
0.114650
0.114600
0.114545
0.114569
0.114597
0.114555
0.114581
0.114532
0.114532
0.114532
0.114552
0.114576
0.114571
0.114558
0.114561
0.114483
0.114553
0.114519
0.114577
0.114586
0.114547
0.114592
0.114558
0.114598
0.114595
0.114608
0.114600
0.114642
0.114611
0.114666
0.114736
0.114789
0.114789
0.114781
0.114731
0.114731
0.114728
0.114762
0.114832
0.114793
0.114793
0.114768
0.114763
0.114797
0.114870
0.114876
0.114878
0.114973
0.115004
0.114982
0.115047
0.115047
0.115084
0.115084
0.115064
0.115099
0.115110
0.115059
0.115096
0.115132
0.115118
0.115151
0.115188
0.115188
0.115247
0.115216
0.115299
0.115298
0.115300
0.115329
0.115329
0.115329
0.115367
0.115447
0.115447
0.115441
0.115482
0.115435
0.115432
0.115510
0.115510
0.115553
0.115586
0.115632
0.115640
0.115640
0.115641
0.115673
0.115623
0.115626
0.115670
0.115675
0.115741
0.115805
0.115825
0.115825
0.115825
0.115872
0.115881
0.115927
0.115904
0.115889
0.115945
0.115945
0.115957
0.115957
0.116019
0.116019
0.116019
0.116025
0.116143
0.116161
0.116161
0.116207
0.116196
0.116196
0.116263
0.116296
0.116331
0.116400
0.116390
0.116412
0.116407
0.116431
0.116479
0.116451
0.116455
0.116457
0.116505
0.116526
0.116561
0.116528
0.116528
0.116563
0.116586
0.116634
0.116664
0.116662
0.116690
0.116738
0.116821
0.116821
0.116816
0.116786
0.116801
0.116751
0.116749
0.116778
0.116862
0.116861
0.116897
0.116866
0.116923
0.116991
0.117029
0.116976
0.117050
0.117052
0.117141
0.117141
0.117031
0.117031
0.117080
0.117122
0.117162
0.117162
0.117138
0.117235
0.117284
0.117304
0.117309
0.117392
0.117416
0.117416
0.117421
0.117500
0.117450
0.117457
0.117457
0.117506
0.117514
0.117593
0.117593
0.117578
0.117591
0.117591
0.117685
0.117729
0.117679
0.117679
0.117714
0.117725
0.117773
0.117810
0.117872
0.117861
0.117909
0.117921
0.117921
0.117960
0.118008
0.118061
0.118100
0.118092
0.118106
0.118106
0.118150
0.118185
0.118296
0.118296
0.118296
0.118355
0.118351
0.118400
0.118400
0.118413
0.118462
0.118457
0.118551
0.118552
0.118552
0.118577
0.118644
0.118644
0.118644
0.118644
0.118662
0.118664
0.118761
0.118761
0.118751
0.118703
0.118752
0.118752
0.118864
0.118864
0.118919
0.118987
0.118987
0.119038
0.119038
0.119038
0.119058
0.119058
0.119058
0.119008
0.119084
0.119050
0.119050
0.119106
0.119177
0.119185
0.119234
0.119244
0.119311
0.119311
0.119346
0.119346
0.119346
0.119312
0.119312
0.119321
0.119369
0.119369
0.119488
0.119488
0.119536
0.119547
0.119548
0.119649
0.119649
0.119649
0.119649
0.119599
0.119663
0.119663
0.119663
0.119663
0.119725
0.119750
0.119798
0.119833
0.119833
0.119833
0.119919
0.119919
0.119919
0.119869
0.119869
0.119869
0.119895
0.119895
0.119959
0.119959
0.119959
0.119933
0.120021
0.120021
0.120021
0.120036
0.120036
0.120060
0.120060
0.120060
0.120060
0.120060
0.120110
0.120110
0.120128
0.120152
0.120152
0.120195
0.120195
0.120258
0.120244
0.120222
0.120239
0.120207
0.120207
0.120207
0.120257
0.120257
0.120259
0.120266
0.120294
0.120339
0.120339
0.120363
0.120380
0.120371
0.120371
0.120458
0.120458
0.120458
0.120508
0.120555
0.120557
0.120470
0.120470
0.120470
0.120517
0.120543
0.120543
0.120511
0.120552
0.120552
0.120571
0.120571
0.120650
0.120695
0.120698
0.120698
0.120698
0.120698
0.120698
0.120698
0.120645
0.120645
0.120645
0.120665
0.120694
0.120694
0.120744
0.120767
0.120767
0.120767
0.120767
0.120767
0.120767
0.120767
0.120714
0.120744
0.120722
0.120770
0.120813
0.120813
0.120813
0.120886
0.120886
0.120886
0.120886
0.120886
0.120916
0.120958
0.120906
0.120906
0.120906
0.120906
0.120906
0.120906
0.120906
0.120979
0.120979
0.121024
0.121024
0.121024
0.121045
0.121076
0.121061
0.121061
0.121061
0.121061
0.121061
0.121061
0.121061
0.121078
0.121078
0.121035
0.121035
0.121035
0.121006
0.121063
0.121011
0.121011
0.121011
0.121004
0.121004
0.121004
0.121006
0.121056
0.121056
0.121056
0.121056
0.121056
0.121056
0.121101
0.121051
0.121070
0.121070
0.121070
0.121070
0.121070
0.121073
0.121123
0.121123
0.121123
0.121165
0.121165
0.121115
0.121165
0.121147
0.121145
0.121095
0.121117
0.121162
0.121162
0.121165
0.121215
0.121215
0.121215
0.121215
0.121215
0.121215
0.121215
0.121165
0.121162
0.121162
0.121162
0.121162
0.121162
0.121190
0.121240
0.121240
0.121240
0.121247
0.121224
0.121224
0.121224
0.121152
0.121152
0.121152
0.121157
0.121157
0.121157
0.121189
0.121239
0.121239
0.121239
0.121239
0.121239
0.121239
0.121189
0.121189
0.121189
0.121189
0.121189
0.121189
0.121189
0.121189
0.121189
0.121263
0.121263
0.121263
0.121306
0.121306
0.121256
0.121256
0.121256
0.121256
0.121256
0.121256
0.121256
0.121256
0.121256
0.121290
0.121290
0.121290
0.121290
0.121290
0.121199
0.121199
0.121199
0.121199
0.121199
0.121199
0.121199
0.121199
0.121199
0.121249
0.121244
0.121244
0.121244
0.121244
0.121218
0.121218
0.121218
0.121218
0.121175
0.121175
0.121175
0.121175
0.121151
0.121200
0.121223
0.121223
0.121223
0.121247
0.121197
0.121197
0.121197
0.121157
0.121157
0.121157
0.121157
0.121157
0.121157
0.121207
0.121207
0.121207
0.121207
0.121207
0.121157
0.121157
0.121157
0.121157
0.121157
0.121157
0.121157
0.121157
0.121157
0.121157
0.121157
0.121157
0.121157
0.121201
0.121201
0.121161
0.121161
0.121137
0.121094
0.121094
0.121119
0.121119
0.121119
0.121119
0.121119
0.121119
0.121094
0.121094
0.121094
0.121094
0.121094
0.121094
0.121094
0.121094
0.121119
0.121119
0.121119
0.121112
0.121112
0.121112
0.121112
0.121112
0.121112
0.121112
0.121069
0.121104
0.121104
0.121104
0.121104
0.121104
0.121061
0.121061
0.121061
0.121061
0.121061
0.121028
0.120873
0.121970
0.126294
0.133090
0.141526
0.150953
0.160538
0.170055
0.179364
0.188483
0.197548
0.206605
0.215825
0.225281
0.234985
0.244741
0.254126
0.262588
0.269570
0.274738
0.278036
0.279710
0.280076
0.279822
0.279283
0.278824
0.278540
0.278571
0.278730
0.278953
0.279074
0.278953
0.278596
0.278074
0.277488
0.276900
0.276442
0.276094
0.275873
0.275819
0.275867
0.275914
0.276025
0.276051
0.276025
0.275977
0.275882
0.275787
0.275740
0.275740
0.275645
0.274726
0.272254
0.267818
0.261534
0.253896
0.245546
0.237061
0.228921
0.221217
0.214078
0.207330
0.200920
0.194933
0.189554
0.185035
0.181604
0.179571
0.179198
0.180350
0.182934
0.186527
0.190611
0.194614
0.198039
0.200617
0.202030
0.202267
0.201541
0.200076
0.198449
0.196861
0.195734
0.195016
0.194744
0.194747
0.194750
0.194715
0.195440
0.197349
0.199879
0.202919
0.206065
0.208502
0.209678
0.210004
0.209919
0.209320
0.208625
0.208023
0.207432
0.207080
0.206959
0.207007
0.207478
0.207624
0.207518
0.207364
0.206961
0.206620
0.206228
0.205753
0.205363
0.204915
0.204625
0.204279
0.203848
0.203525
0.203135
0.202735
0.202466
0.202128
0.201695
0.201411
0.201067
0.200710
0.200418
0.200037
0.199717
0.199383
0.199070
0.198837
0.198455
0.198274
0.197866
0.197610
0.197250
0.196896
0.196693
0.196224
0.196022
0.195754
0.195420
0.195187
0.194765
0.194585
0.194273
0.193939
0.193647
0.193287
0.193065
0.192750
0.192543
0.192235
0.191904
0.191615
0.191367
0.191029
0.190849
0.190520
0.190250
0.189999
0.189712
0.189425
0.189181
0.188959
0.188711
0.188394
0.188168
0.187902
0.187581
0.187434
0.187142
0.186822
0.186577
0.186352
0.186131
0.185865
0.185596
0.185389
0.185124
0.184816
0.184616
0.184436
0.184079
0.183832
0.183660
0.183355
0.183163
0.182942
0.182718
0.182495
0.182182
0.181920
0.181696
0.181394
0.181251
0.181070
0.180685
0.180462
0.180216
0.180056
0.179832
0.179571
0.179349
0.179168
0.178944
0.178680
0.178420
0.178240
0.178059
0.177833
0.177590
0.177369
0.177105
0.176883
0.176652
0.176414
0.176234
0.176026
0.175767
0.175587
0.175364
0.175164
0.174939
0.174672
0.174363
0.174182
0.173993
0.173801
0.173621
0.173441
0.173220
0.173002
0.172803
0.172580
0.172400
0.172084
0.171904
0.171724
0.171518
0.171288
0.171066
0.170886
0.170706
0.170508
0.170309
0.170084
0.169784
0.169542
0.169296
0.169116
0.168936
0.168711
0.168531
0.168350
0.168170
0.167941
0.167725
0.167462
0.167263
0.167100
0.166920
0.166740
0.166536
0.166334
0.166153
0.165965
0.165750
0.165490
0.165223
0.165043
0.164863
0.164683
0.164441
0.164261
0.164072
0.163892
0.163675
0.163462
0.163282
0.163038
0.162843
0.162661
0.162524
0.162344
0.162164
0.161983
0.161790
0.161609
0.161414
0.161198
0.160945
0.160720
0.160499
0.160319
0.160138
0.159958
0.159778
0.159559
0.159373
0.159193
0.158992
0.158790
0.158609
0.158429
0.158197
0.157929
0.157709
0.157529
0.157348
0.157168
0.156988
0.156807
0.156627
0.156405
0.156225
0.156073
0.155848
0.155668
0.155488
0.155328
0.155148
0.154968
0.154717
0.154512
0.154290
0.154098
0.153918
0.153738
0.153539
0.153319
0.153167
0.152933
0.152750
0.152560
0.152309
0.152081
0.151842
0.151681
0.151289
0.150893
0.150402
0.150002
0.149475
0.149117
0.148629
0.148169
0.147659
0.147223
0.146736
0.146351
0.145895
0.145512
0.145031
0.144622
0.144193
0.143713
0.143336
0.142858
0.142440
0.141965
0.141491
0.141079
0.140608
0.140136
0.139715
0.139247
0.138969
0.138755
0.138527
0.138284
0.138095
0.137727
0.137254
0.136789
0.136274
0.135859
0.135359
0.134896
0.134383
0.133921
0.133363
0.132855
0.132450
0.131943
0.131460
0.131004
0.130499
0.130043
0.129535
0.129037
0.128608
0.128106
0.127560
0.127060
0.126556
0.126058
0.125575
0.125078
0.124578
0.124145
0.123569
0.123062
0.122571
0.122022
0.121524
0.120979
0.120476
0.120013
0.119461
0.118967
0.118515
0.117885
0.117393
0.116894
0.116391
0.115893
0.115453
0.114898
0.114433
0.113986
0.113459
0.113003
0.112529
0.111961
0.111534
0.111121
0.110568
0.110184
0.109632
0.109276
0.108823
0.108331
0.107879
0.107408
0.106975
0.106553
0.106031
0.105610
0.105179
0.104788
0.104309
0.103930
0.103429
0.102962
0.102539
0.102120
0.101681
0.101315
0.100878
0.100508
0.100058
0.099670
0.099191
0.098755
0.098411
0.097991
0.097520
0.097173
0.096726
0.096291
0.096009
0.095567
0.095168
0.094718
0.094408
0.093949
0.093516
0.093168
0.092770
0.092367
0.091959
0.091492
0.091102
0.090709
0.090353
0.090007
0.089562
0.089185
0.088926
0.088423
0.087998
0.087685
0.087254
0.086890
0.086542
0.086052
0.085718
0.085253
0.084857
0.084518
0.084207
0.083937
0.083666
0.083258
0.082901
0.082629
0.082184
0.081864
0.081545
0.081178
0.080854
0.080507
0.080154
0.079713
0.079364
0.079115
0.078960
0.078740
0.078345
0.078062
0.077714
0.077401
0.077085
0.076773
0.076484
0.076153
0.075848
0.075491
0.075093
0.074774
0.074485
0.074200
0.073903
0.073645
0.073374
0.073117
0.072824
0.072549
0.072282
0.071961
0.071634
0.071359
0.071010
0.070754
0.070407
0.070113
0.069751
0.069518
0.069152
0.068910
0.068564
0.068361
0.068070
0.067843
0.067596
0.067324
0.067003
0.066637
0.066364
0.066049
0.065760
0.065501
0.065209
0.064915
0.064579
0.064304
0.064039
0.063771
0.063507
0.063196
0.062929
0.062705
0.062407
0.062143
0.061865
0.061536
0.061231
0.060931
0.060644
0.060333
0.060117
0.059787
0.059572
0.059261
0.059073
0.058807
0.058549
0.058229
0.058006
0.057776
0.057496
0.057204
0.056932
0.056706
0.056404
0.056148
0.055862
0.055652
0.055335
0.055081
0.054834
0.054535
0.054400
0.054133
0.053854
0.053624
0.053374
0.053113
0.052849
0.052609
0.052403
0.052122
0.051899
0.051656
0.051410
0.051187
0.050908
0.050733
0.050507
0.050274
0.050035
0.049880
0.049578
0.049328
0.049091
0.048837
0.048601
0.048333
0.048120
0.047909
0.047674
0.047485
0.047296
0.047095
0.046942
0.046711
0.046487
0.046295
0.046125
0.045884
0.045625
0.045399
0.045242
0.045024
0.044787
0.044564
0.044386
0.044128
0.043977
0.043768
0.043593
0.043307
0.043134
0.042997
0.042827
0.042585
0.042423
0.042234
0.042074
0.041922
0.041711
0.041549
0.041392
0.041235
0.041077
0.040861
0.040707
0.040541
0.040389
0.040288
0.040064
0.039983
0.039838
0.039650
0.039554
0.039348
0.039167
0.039074
0.038958
0.038844
0.038705
0.038618
0.038484
0.038434
0.038296
0.038205
0.038113
0.037986
0.037897
0.037769
0.037681
0.037472
0.037417
0.037306
0.037191
0.037020
0.036937
0.036854
0.036773
0.036645
0.036548
0.036431
0.036320
0.036275
0.036153
0.036078
0.036004
0.035873
0.035801
0.035730
0.035639
0.035558
0.035452
0.035393
0.035298
0.035201
0.035120
0.035058
0.034972
0.034924
0.034865
0.034810
0.034723
0.034681
0.034640
0.034551
0.034510
0.034425
0.034408
0.034329
0.034256
0.034142
0.034136
0.034060
0.034023
0.033845
0.033809
0.033809
0.033736
0.033698
0.033663
0.033629
0.033581
0.033526
0.033422
0.033426
0.033357
0.033224
0.033193
0.033197
0.033167
0.033100
0.033035
0.033006
0.032977
0.032913
0.032885
0.032858
0.032723
0.032671
0.032609
0.032584
0.032624
0.032600
0.032547
0.032480
0.032502
0.032446
0.032389
0.032426
0.032405
0.032385
0.032285
0.032285
0.032266
0.032212
0.032148
0.032131
0.032115
0.032099
0.032037
0.032037
0.032011
0.031998
0.031998
0.031909
0.031837
0.031825
0.031813
0.031813
0.031755
0.031745
0.031745
0.031685
0.031677
0.031643
0.031601
0.031552
0.031552
0.031552
0.031512
0.031463
0.031482
0.031482
0.031479
0.031432
0.031430
0.031430
0.031428
0.031379
0.031378
0.031378
0.031330
0.031330
0.031331
0.031297
0.031225
0.031148
0.031114
0.031080
0.031080
0.031035
0.031035
0.031065
0.031065
0.031022
0.031022
0.031022
0.031029
0.030981
0.030947
0.030947
0.030955
0.030955
0.030907
0.030837
0.030846
0.030846
0.030764
0.030775
0.030775
0.030775
0.030728
0.030740
0.030740
0.030740
0.030733
0.030751
0.030704
0.030668
0.030668
0.030672
0.030627
0.030596
0.030596
0.030596
0.030596
0.030584
0.030571
0.030571
0.030571
0.030589
0.030589
0.030555
0.030510
0.030510
0.030510
0.030510
0.030473
0.030493
0.030459
0.030415
0.030415
0.030415
0.030462
0.030462
0.030419
0.030419
0.030419
0.030419
0.030419
0.030385
0.030385
0.030408
0.030371
0.030328
0.030257
0.030257
0.030257
0.030292
0.030276
0.030276
0.030234
0.030234
0.030201
0.030166
0.030166
0.030166
0.030211
0.030175
0.030201
0.030163
0.030122
0.030089
0.030089
0.030089
0.030089
0.030125
0.030151
0.030151
0.030125
0.030125
0.030176
0.030100
0.030073
0.030040
0.030077
0.030077
0.030077
0.030077
0.030077
0.030068
0.030068
0.030029
0.030029
0.030029
0.030029
0.030029
0.030029
0.029997
0.029961
0.029961
0.029961
0.029961
0.029961
0.029991
0.029991
0.030023
0.029986
0.029986
0.029986
0.029948
0.029948
0.029948
0.029910
0.029877
0.029877
0.029877
0.029877
0.029877
0.029909
0.029909
0.029909
0.029909
0.029872
0.029872
0.029872
0.029872
0.029872
0.029872
0.029872
0.029835
0.029802
0.029802
0.029802
0.029802
0.029834
0.029834
0.029834
0.029834
0.029834
0.029834
0.029834
0.029834
0.029834
0.029834
0.029799
0.029799
0.029799
0.029762
0.029762
0.029762
0.029730
0.029729
0.029729
0.029729
0.029729
0.029729
0.029729
0.029729
0.029691
0.029691
0.029691
0.029691
0.029691
0.029691
0.029691
0.029691
0.029700
0.029666
0.029666
0.029701
0.029701
0.029701
0.029701
0.029666
0.029666
0.029666
0.029634
0.029634
0.029634
0.029571
0.029571
0.029534
0.029534
0.029534
0.029534
0.029534
0.029569
0.029605
0.029605
0.029605
0.029605
0.029567
0.029537
0.029502
0.029502
0.029470
0.029470
0.029470
0.029470
0.029470
0.029470
0.029470
0.029470
0.029470
0.029470
0.029470
0.029503
0.029503
0.029503
0.029471
0.029471
0.029471
0.029471
0.029471
0.029508
0.029474
0.029474
0.029474
0.029407
0.029407
0.029407
0.029407
0.029407
0.029407
0.029407
0.029407
0.029407
0.029407
0.029407
0.029407
0.029407
0.029407
0.029407
0.029445
0.029445
0.029445
0.029445
0.029445
0.029445
0.029445
0.029407
0.029407
0.029407
0.029407
0.029407
0.029407
0.029407
0.029378
0.029378
0.029378
0.029378
0.029378
0.029378
0.029378
0.029378
0.029378
0.029346
0.029346
0.029346
0.029346
0.029346
0.029318
0.029318
0.029318
0.029318
0.029318
0.029318
0.029318
0.029318
0.029318
0.029318
0.029318
0.029318
0.029318
0.029318
0.029318
0.029291
0.029291
0.029291
0.029256
0.029258
0.029299
0.029299
0.029299
0.029299
0.029299
0.029299
0.029299
0.029299
0.029299
0.029299
0.029264
0.029264
0.029264
0.029264
0.029236
0.029236
0.029236
0.029271
0.029271
0.029245
0.029245
0.029245
0.029245
0.029245
0.029210
0.029210
0.029210
0.029210
0.029174
0.029174
0.029216
0.029216
0.029216
0.029216
0.029216
0.029216
0.029216
0.029216
0.029178
0.029178
0.029132
0.029132
0.029132
0.029101
0.029101
0.029111
0.029111
0.029111
0.029111
0.029111
0.029153
0.029153
0.029153
0.029129
0.029097
0.029097
0.029097
0.029055
0.029055
0.029097
0.029097
0.029097
0.029097
0.029097
0.029097
0.029097
0.029097
0.029097
0.029097
0.029097
0.029097
0.029097
0.029097
0.029097
0.029097
0.029097
0.029097
0.029065
0.029065
0.029065
0.029108
0.029108
0.029108
0.029108
0.029072
0.029072
0.029072
0.029072
0.029072
0.029072
0.029072
0.029072
0.029072
0.029072
0.029072
0.029072
0.029072
0.029072
0.029072
0.029072
0.029072
0.029072
0.029072
0.029062
0.029062
0.029017
0.028986
0.028986
0.028986
0.028986
0.028952
0.029030
0.029063
0.029063
0.029063
0.029063
0.029063
0.029063
0.029063
0.029063
0.029063
0.029063
0.029029
0.029029
0.029029
0.029029
0.029029
0.029051
0.029051
0.029085
0.029085
0.029085
0.029085
0.029085
0.029085
0.029085
0.029085
0.029051
0.029051
0.029051
0.029051
0.029051
0.029051
0.029051
0.029095
0.029095
0.029109
0.029109
0.029143
0.029109
0.029109
0.029036
0.028992
0.028992
0.028992
0.028992
0.028992
0.028992
0.028992
0.028992
0.028992
0.028992
0.028965
0.028965
0.028965
0.028965
0.028965
0.028965
0.028965
0.028965
0.028965
0.028965
0.028958
0.028958
0.028958
0.028958
0.028958
0.029018
0.028987
0.028987
0.028987
0.028987
0.028987
0.028987
0.028944
0.028944
0.028944
0.028944
0.028901
0.028901
0.028944
0.028944
0.028944
0.028944
0.028907
0.028907
0.028907
0.028898
0.028898
0.028898
0.028898
0.028898
0.028898
0.028898
0.028898
0.028898
0.028918
0.028918
0.028918
0.028961
0.028961
0.028961
0.028961
0.028961
0.028961
0.028918
0.028918
0.028876
0.028876
0.028876
0.028900
0.028900
0.028900
0.028942
0.028942
0.028942
0.028942
0.028942
0.028942
0.028942
0.028942
0.028942
0.028942
0.028942
0.028907
0.028873
0.028873
0.028873
0.028898
0.028898
0.028932
0.028932
0.028933
0.028933
0.028933
0.028903
0.028861
0.028861
0.028861
0.028861
0.028827
0.028827
0.028827
0.028827
0.028852
0.028894
0.028894
0.028894
0.028928
0.028928
0.028928
0.028928
0.028928
0.028888
0.028854
0.028854
0.028854
0.028854
0.028854
0.028879
0.028879
0.028879
0.028879
0.028879
0.028921
0.028921
0.028921
0.028921
0.028921
0.028879
0.028879
0.028879
0.028866
0.028866
0.028866
0.028866
0.028866
0.028908
0.028908
0.028908
0.028908
0.028908
0.028934
0.028934
0.028934
0.028934
0.028934
0.028934
0.028934
0.028934
0.028934
0.028896
0.028896
0.028896
0.028896
0.028964
0.028964
0.028964
0.028964
0.028964
0.028964
0.028964
0.028900
0.028900
0.028900
0.028900
0.028900
0.028871
0.028873
0.028901
0.028901
0.028901
0.028901
0.028901
0.028901
0.028901
0.028901
0.028901
0.028901
0.028901
0.028901
0.028901
0.028901
0.028929
0.028901
0.028828
0.028868
0.028868
0.028868
0.028868
0.028868
0.028868
0.028868
0.028868
0.028868
0.028868
0.028868
0.028896
0.028896
0.028896
0.028896
0.028896
0.028860
0.028860
0.028900
0.028929
0.028929
0.028889
0.028889
0.028889
0.028889
0.028889
0.028889
0.028889
0.028889
0.028856
0.028856
0.028872
0.028905
0.028899
0.028899
0.028899
0.028899
0.028899
0.028899
0.028899
0.028899
0.028899
0.028865
0.028865
0.028865
0.028839
0.028839
0.028839
0.028868
0.028941
0.028941
0.028907
0.028907
0.028907
0.028907
0.028907
0.028867
0.028834
0.028834
0.028834
0.028834
0.028834
0.028873
0.028903
0.028903
0.028903
0.028937
0.028937
0.028937
0.028904
0.028904
0.028904
0.028870
0.028870
0.028870
0.028870
0.028870
0.028870
0.028870
0.028901
0.028940
0.028940
0.028940
0.028940
0.028940
0.028915
0.028915
0.028915
0.028883
0.028883
0.028845
0.028845
0.028845
0.028883
0.028914
0.028914
0.028914
0.028914
0.028914
0.028914
0.028914
0.028914
0.028914
0.028914
0.028914
0.028914
0.028914
0.028914
0.028884
0.028884
0.028884
0.028915
0.028954
0.028954
0.028954
0.028954
0.028917
0.028917
0.028954
0.028954
0.028954
0.028954
0.028954
0.028954
0.028954
0.028954
0.028954
0.028954
0.028985
0.028985
0.028958
0.028921
0.028921
0.028921
0.028921
0.028921
0.028958
0.028958
0.028958
0.028930
0.028930
0.028930
0.028930
0.028905
0.028944
0.028975
0.028938
0.028938
0.028938
0.028938
0.028938
0.028938
0.028975
0.028975
0.028911
0.028911
0.028876
0.028914
0.028914
0.028914
0.028914
0.028914
0.028877
0.028877
0.028877
0.028877
0.028877
0.028877
0.028877
0.028914
0.028914
0.028914
0.028914
0.028914
0.028946
0.028946
0.028946
0.028946
0.028909
0.028909
0.028909
0.028909
0.028886
0.028886
0.028886
0.028923
0.028923
0.028895
0.028862
0.028862
0.028862
0.028900
0.028965
0.028929
0.028929
0.028929
0.028929
0.028929
0.028929
0.028929
0.028929
0.028965
0.028932
0.028932
0.028932
0.028932
0.028932
0.028932
0.028908
0.028905
0.028905
0.028905
0.028905
0.028905
0.028885
0.028853
0.028853
0.028820
0.028857
0.028857
0.028857
0.028857
0.028857
0.028889
0.028889
0.028852
0.028886
0.028886
0.028886
0.028886
0.028886
0.028886
0.028852
0.028852
0.028889
0.028889
0.028889
0.028889
0.028889
0.028927
0.028890
0.028890
0.028890
0.028923
0.028923
0.028923
0.028890
0.028890
0.028890
0.028890
0.028890
0.028927
0.028927
0.028927
0.028927
0.028943
0.028906
0.028906
0.028906
0.028906
0.028906
0.028906
0.028906
0.028906
0.028906
0.028906
0.028906
0.028906
0.028943
0.028943
0.028943
0.028906
0.028906
0.028906
0.028906
0.028906
0.028906
0.028906
0.028906
0.028906
0.028906
0.028885
0.028885
0.028885
0.028885
0.028885
0.028885
0.028885
0.028885
0.028885
0.028918
0.028918
0.028918
0.028918
0.028885
0.028885
0.028885
0.028885
0.028885
0.028885
0.028885
0.028885
0.028918
0.028918
0.028918
0.028918
0.028918
0.028918
0.028918
0.028918
0.028918
0.028918
0.028881
0.028869
0.028869
0.028869
0.028869
0.028869
0.028906
0.028906
0.028906
0.028906
0.028906
0.028906
0.028906
0.028906
0.028906
0.028906
0.028906
0.028906
0.028906
0.028906
0.028906
0.028906
0.028906
0.028906
0.028906
0.028906
0.028906
0.028906
0.028932
0.028932
0.028932
0.028932
0.028932
0.028932
0.028932
0.028932
0.028932
0.028932
0.028932
0.028965
0.028965
0.028965
0.028965
0.028965
0.028965
0.028965
0.028965
0.028965
0.028965
0.028965
0.028965
0.028965
0.028965
0.028965
0.028965
0.028965
0.028965
0.028965
0.028965
0.028947
0.028947
0.028947
0.028947
0.028947
0.028947
0.028947
0.028947
0.028947
0.028947
0.028914
0.028914
0.028914
0.028947
0.028947
0.028947
0.028947
0.028947
0.028947
0.028947
0.028947
0.028947
0.028947
0.028947
0.028914
0.028914
0.028914
0.028914
0.028914
0.028914
0.028947
0.028947
0.028947
0.028947
0.028945
0.028945
0.028945
0.028945
0.028945
0.028912
0.028912
0.028912
0.028912
0.028912
0.028912
0.028945
0.028978
0.028971
0.028971
0.028971
0.028971
0.028971
0.028937
0.028937
0.028904
0.028904
0.028904
0.028904
0.028904
0.028937
0.028937
0.028937
0.028913
0.028946
0.028946
0.028946
0.028946
0.028946
0.028946
0.028913
0.028913
0.028913
0.028913
0.028913
0.028913
0.028913
0.028913
0.028913
0.028949
0.028949
0.028946
0.028946
0.028946
0.028946
0.028913
0.028913
0.028913
0.028913
0.028913
0.028913
0.028913
0.028913
0.028913
0.028913
0.028949
0.028949
0.028949
0.028949
0.028913
0.028913
0.028913
0.028913
0.028913
0.028913
0.028913
0.028913
0.028913
0.028913
0.028913
0.028949
0.028949
0.028949
0.028949
0.028949
0.028949
0.028913
0.028913
0.028913
0.028913
0.028913
0.028913
0.028913
0.028913
0.028913
0.028913
0.028949
0.028949
0.028949
0.028949
0.028949
0.028949
0.028913
0.028913
0.028913
0.028913
0.028913
0.028913
0.028913
0.028913
0.028913
0.028913
0.028983
0.028983
0.028983
0.028983
0.028983
0.028983
0.028947
0.028913
0.028913
0.028913
0.028913
0.028913
0.028913
0.028913
0.028913
0.028947
0.028983
0.028983
0.028983
0.028983
0.028970
0.028970
0.028933
0.028933
0.028933
0.028899
0.028899
0.028933
0.028933
0.028908
0.028908
0.028908
0.028944
0.028944
0.028944
0.028944
0.028982
0.028982
0.028908
0.028908
0.028908
0.028908
0.028908
0.028908
0.028908
0.028908
