1.961239
1.825568
1.708125
1.636004
1.603174
1.592566
1.590769
1.590940
1.590956
1.590605
1.589979
1.589261
1.588855
1.588621
1.588697
1.588891
1.588952
1.588718
1.588704
1.588500
1.588252
1.588128
1.588290
1.588463
1.588746
1.588964
1.588755
1.588506
1.587672
1.586239
1.584460
1.582629
1.580787
1.579033
1.577259
1.575523
1.573780
1.571928
1.570164
1.568447
1.566730
1.564876
1.563292
1.561647
1.559851
1.558113
1.556220
1.554518
1.552504
1.550640
1.548690
1.546894
1.545148
1.543791
1.541919
1.540214
1.538118
1.536134
1.534355
1.532408
1.530745
1.529050
1.527252
1.525170
1.523503
1.521800
1.520146
1.517961
1.516224
1.514345
1.512185
1.510070
1.508240
1.506214
1.504150
1.502360
1.500558
1.499052
1.496901
1.494692
1.492767
1.490414
1.488030
1.485877
1.483736
1.481795
1.479466
1.477065
1.474897
1.472737
1.470585
1.468343
1.465971
1.463748
1.461479
1.459239
1.457116
1.454943
1.453066
1.451086
1.449510
1.447222
1.445070
1.442507
1.440178
1.437868
1.435589
1.433189
1.430792
1.427803
1.424950
1.421879
1.418881
1.416060
1.413192
1.410537
1.408047
1.405357
1.402649
1.400349
1.397338
1.394987
1.392548
1.390127
1.387619
1.385250
1.382927
1.380672
1.378384
1.375828
1.373522
1.371335
1.368988
1.365985
1.363527
1.361212
1.358624
1.356166
1.353587
1.351275
1.348760
1.346481
1.344009
1.341473
1.338437
1.336246
1.333776
1.331542
1.329228
1.326835
1.324699
1.322356
1.320264
1.317791
1.315643
1.313462
1.311089
1.308818
1.306545
1.303564
1.301314
1.299219
1.296916
1.294779
1.292752
1.290421
1.288107
1.285919
1.283802
1.281999
1.280045
1.277917
1.275715
1.273805
1.271647
1.268851
1.266878
1.264884
1.262906
1.261029
1.259112
1.257095
1.255183
1.253274
1.251404
1.249614
1.247588
1.245729
1.243860
1.242229
1.240361
1.238830
1.236319
1.234546
1.232848
1.231243
1.229524
1.228073
1.226400
1.225047
1.223504
1.222142
1.220645
1.219241
1.217875
1.216679
1.215492
1.214239
1.212930
1.211752
1.210554
1.209436
1.208335
1.207224
1.205873
1.204853
1.203618
1.202040
1.201095
1.199953
1.199103
1.197980
1.197285
1.196404
1.195577
1.194812
1.194217
1.193493
1.192658
1.191915
1.190987
1.190443
1.189580
1.188899
1.188181
1.187631
1.186878
1.186314
1.185819
1.185246
1.184796
1.184337
1.183820
1.183286
1.183000
1.182319
1.181874
1.181491
1.181233
1.180801
1.180318
1.179875
1.179320
1.179788
1.179415
1.178814
1.178432
1.178123
1.177635
1.177198
1.176992
1.176494
1.176399
1.175994
1.175723
1.175268
1.174831
1.174559
1.174077
1.173737
1.173276
1.173139
1.172674
1.172301
1.171942
1.171586
1.172097
1.171760
1.171492
1.171142
1.170806
1.170476
1.170043
1.169559
1.169204
1.168880
1.168492
1.168180
1.167758
1.167407
1.167156
1.167510
1.166888
1.166560
1.166123
1.165649
1.165429
1.165046
1.164588
1.164102
1.163814
1.163187
1.162799
1.162432
1.161869
1.162225
1.161703
1.161258
1.160686
1.160209
1.159750
1.159413
1.159095
1.158673
1.158122
1.157672
1.157134
1.156654
1.156092
1.156321
1.155748
1.155249
1.154767
1.154319
1.153782
1.153144
1.152610
1.152194
1.151519
1.150999
1.150360
1.149836
1.149155
1.148766
1.148187
1.147549
1.147024
1.146498
1.146633
1.145962
1.145297
1.144572
1.143930
1.143290
1.142864
1.142238
1.141646
1.140957
1.140306
1.139692
1.139073
1.138600
1.138239
1.137548
1.136920
1.136345
1.135666
1.134976
1.134448
1.133951
1.133311
1.132678
1.132127
1.131598
1.131078
1.130623
1.130170
1.129621
1.129017
1.128371
1.127767
1.127149
1.126658
1.126068
1.125545
1.125008
1.124445
1.123857
1.123302
1.122687
1.122190
1.121576
1.121140
1.120419
1.119783
1.119152
1.118584
1.117282
1.116774
1.116184
1.115604
1.115023
1.114471
1.113941
1.113418
1.112793
1.112269
1.111586
1.111069
1.110500
1.109821
1.109397
1.108756
1.108151
1.107746
1.107368
1.106878
1.106287
1.105750
1.105266
1.104676
1.104079
1.103517
1.102985
1.102489
1.102013
1.101521
1.100881
1.100365
1.099961
1.099440
1.098962
1.098336
1.097920
1.097435
1.096899
1.096368
1.095983
1.095482
1.094923
1.094426
1.094026
1.093489
1.092854
1.092360
1.091772
1.091333
1.090829
1.090442
1.089819
1.089541
1.089128
1.088683
1.088194
1.087757
1.087286
1.086851
1.086454
1.086007
1.085604
1.085143
1.084739
1.084353
1.083958
1.083443
1.083009
1.082517
1.082142
1.081738
1.081384
1.080943
1.080655
1.080181
1.079728
1.079398
1.079046
1.077880
1.077597
1.077211
1.076874
1.076535
1.076153
1.075704
1.075415
1.075223
1.074918
1.074711
1.074457
1.074040
1.073849
1.073609
1.073323
1.072987
1.072800
1.072555
1.072225
1.071943
1.071666
1.071386
1.071252
1.070929
1.070679
1.070499
1.070258
1.069987
1.069801
1.069574
1.069304
1.069133
1.068964
1.068689
1.068512
1.068348
1.068143
1.068022
1.067841
1.067664
1.067538
1.067381
1.067155
1.067031
1.066915
1.066789
1.066577
1.066452
1.066289
1.066125
1.066006
1.065930
1.065772
1.065515
1.065395
1.065282
1.065168
1.065052
1.064923
1.064533
1.064370
1.064163
1.064058
1.063939
1.063875
1.063776
1.063539
1.063440
1.063375
1.063280
1.063168
1.063121
1.063060
1.062953
1.062835
1.062774
1.062631
1.062548
1.062490
1.062529
1.062421
1.062307
1.062245
1.062287
1.062205
1.062149
1.062044
1.062033
1.061989
1.061984
1.061934
1.061824
1.061774
1.061717
1.061610
1.061653
1.061534
1.061427
1.061406
1.061353
1.061347
1.061459
1.061444
1.061532
1.061521
1.061565
1.061606
1.061647
1.061641
1.061641
1.061652
1.061629
1.061545
1.061638
1.061588
1.061535
1.061529
1.061574
1.061624
1.061506
1.061599
1.061551
1.061596
1.061544
1.061593
1.061589
1.061585
1.061585
1.061532
1.061433
1.061378
1.061378
1.061324
1.061386
1.061378
1.061361
1.061384
1.061332
1.061332
1.061278
1.061328
1.061324
1.061324
1.061370
1.061320
1.061287
1.061302
1.061200
1.061152
1.061141
1.060898
1.060850
1.060703
1.060656
1.060657
1.060657
1.060565
1.060519
1.060528
1.060503
1.060463
1.060405
1.060372
1.060370
1.060372
1.060328
1.060280
1.060328
1.060307
1.060260
1.060310
1.060307
1.060247
1.060292
1.060292
1.060190
1.060240
1.060240
1.060190
1.060189
1.060139
1.060139
1.060186
1.060125
1.060128
1.060129
1.060129
1.060176
1.060124
1.060224
1.060225
1.060225
1.060222
1.060283
1.060275
1.060361
1.060407
1.060453
1.060503
1.060452
1.060497
1.060494
1.060554
1.060603
1.060650
1.060698
1.060680
1.060677
1.060746
1.060746
1.060707
1.060655
1.060703
1.060653
1.060648
1.060648
1.060599
1.060598
1.060649
1.060649
1.060699
1.060647
1.060647
1.060647
1.060622
1.060622
1.060668
1.060622
1.060572
1.060569
1.060554
1.060538
1.060490
1.060543
1.060490
1.060490
1.060488
1.060535
1.060486
1.060486
1.060488
1.060196
1.060145
1.059938
1.059865
1.059845
1.059888
1.059878
1.059782
1.059746
1.059805
1.059723
1.059733
1.059676
1.059705
1.059783
1.059781
1.059773
1.059694
1.059661
1.059640
1.059568
1.059545
1.059526
1.059551
1.059551
1.059509
1.059487
1.059499
1.059470
1.059477
1.059419
1.059366
1.059366
1.059329
1.059332
1.059317
1.059329
1.059306
1.059267
1.059270
1.059259
1.059258
1.059206
1.059408
1.059489
1.059539
1.059588
1.059637
1.059636
1.059635
1.059684
1.059734
1.059819
1.059854
1.059804
1.059854
1.059859
1.059859
1.059765
1.059716
1.059765
1.059765
1.059765
1.059764
1.059764
1.059766
1.059713
1.059772
1.059725
1.059725
1.059724
1.059724
1.059711
1.059711
1.059711
1.059711
1.059761
1.059762
1.059766
1.059773
1.059773
1.059771
1.059771
1.059717
1.059667
1.059667
1.059596
1.059591
1.059541
1.059544
1.059553
1.059255
1.059155
1.059107
1.059049
1.058999
1.058999
1.058900
1.058850
1.058801
1.058800
1.058754
1.058764
1.058667
1.058704
1.058705
1.058660
1.058710
1.058660
1.058620
1.058574
1.058574
1.058523
1.058523
1.058519
1.058471
1.058471
1.058471
1.058471
1.058420
1.058384
1.058384
1.058433
1.058452
1.058452
1.058451
1.058466
1.058452
1.058452
1.058401
1.058401
1.058404
1.058304
1.058304
1.058304
1.058483
1.058482
1.058631
1.058681
1.058745
1.058782
1.058833
1.058883
1.058883
1.058933
1.058982
1.058932
1.058981
1.058931
1.058963
1.058974
1.058970
1.058970
1.059073
1.059120
1.059117
1.059118
1.059118
1.059116
1.059066
1.059066
1.059066
1.059015
1.059031
1.058981
1.058981
1.058981
1.058979
1.059029
1.059080
1.059080
1.059079
1.059079
1.059079
1.059128
1.059147
1.059145
1.059095
1.059095
1.059095
1.059045
1.058696
1.058686
1.058581
1.058531
1.058531
1.058531
1.058503
1.058454
1.058406
1.058405
1.058357
1.058357
1.058261
1.058259
1.058258
1.058214
1.058214
1.058214
1.058198
1.058198
1.058247
1.058247
1.058248
1.058265
1.058253
1.058249
1.058199
1.058200
1.058200
1.058149
1.058171
1.058121
1.058139
1.058089
1.058089
1.058037
1.058037
1.058087
1.058088
1.058088
1.058087
1.058037
1.058110
1.058112
1.058111
1.058289
1.058255
1.058355
1.058481
1.058529
1.058512
1.058637
1.058687
1.058737
1.058811
1.058861
1.058862
1.058912
1.058912
1.058962
1.059011
1.059011
1.058961
1.059061
1.059061
1.059063
1.059089
1.059089
1.059139
1.059189
1.059141
1.059146
1.059146
1.059146
1.059146
1.059146
1.059145
1.059095
1.059145
1.059122
1.059122
1.059122
1.059122
1.059122
1.059122
1.059158
1.059210
1.059210
1.059210
1.059210
1.058911
1.058889
1.058789
1.058689
1.058689
1.058689
1.058640
1.058591
1.058591
1.058542
1.058494
1.058445
1.058398
1.058448
1.058477
1.058481
1.058482
1.058532
1.058443
1.058443
1.058443
1.058443
1.058444
1.058468
1.058468
1.058470
1.058420
1.058423
1.058452
1.058553
1.058553
1.058555
1.058555
1.058536
1.058486
1.058487
1.058487
1.058488
1.058438
1.058432
1.058432
1.058432
1.058435
1.058466
1.058468
1.058518
1.058692
1.058792
1.058890
1.058939
1.058940
1.058988
1.059038
1.059089
1.059188
1.059188
1.059239
1.059241
1.059291
1.059291
1.059323
1.059423
1.059423
1.059386
1.059436
1.059437
1.059383
1.059383
1.059383
1.059433
1.059384
1.059384
1.059384
1.059382
1.059382
1.059382
1.059382
1.059432
1.059481
1.059483
1.059483
1.059483
1.059483
1.059479
1.059477
1.059477
1.059477
1.059477
1.059477
1.059477
1.059429
1.059132
1.059117
1.059069
1.058971
1.058923
1.058923
1.058875
1.058779
1.058816
1.058734
1.058690
1.058690
1.058649
1.058649
1.058649
1.058614
1.058614
1.058614
1.058638
1.058638
1.058638
1.058638
1.058638
1.058542
1.058542
1.058542
1.058542
1.058542
1.058542
1.058540
1.058540
1.058540
1.058540
1.058547
1.058597
1.058597
1.058597
1.058562
1.058562
1.058562
1.058606
1.058606
1.058606
1.058601
1.058601
1.058700
1.058746
1.058841
1.058889
1.058904
1.058954
1.059002
1.059051
1.059051
1.059097
1.059096
1.059096
1.059146
1.059148
1.059196
1.059246
1.059261
1.059228
1.059277
1.059277
1.059274
1.059275
1.059275
1.059325
1.059325
1.059289
1.059288
1.059288
1.059288
1.059238
1.059205
1.059202
1.059202
1.059203
1.059203
1.059203
1.059205
1.059205
1.059205
1.059205
1.059205
1.059201
1.059200
1.059164
1.059164
1.059164
1.058867
1.058867
1.058769
1.058721
1.058672
1.058672
1.058626
1.058578
1.058532
1.058532
1.058470
1.058399
1.058353
1.058301
1.058301
1.058308
1.058308
1.058308
1.058271
1.058271
1.058271
1.058271
1.058273
1.058207
1.058207
1.058226
1.058226
1.058226
1.058226
1.058224
1.058220
1.058220
1.058237
1.058237
1.058237
1.058237
1.058237
1.058238
1.058198
1.058198
1.058211
1.058211
1.058211
1.058207
1.058207
1.058381
1.058478
1.058576
1.058623
1.058672
1.058672
1.058672
1.058722
1.058720
1.058770
1.058790
1.058789
1.058839
1.058839
1.058836
1.058837
1.058836
1.058798
1.058848
1.058848
1.058895
1.058895
1.058895
1.058945
1.058996
1.058994
1.058994
1.058914
1.058914
1.058914
1.058912
1.058912
1.058910
1.058960
1.058960
1.058907
1.058904
1.058904
1.058904
1.058901
1.058902
1.058865
1.058865
1.058865
1.058864
1.058832
1.058532
1.058484
1.058380
1.058330
1.058280
1.058280
1.058231
1.058128
1.058078
1.058128
1.058080
1.058077
1.058027
1.058077
1.058077
1.058024
1.058069
1.058069
1.058019
1.057882
1.057850
1.057882
1.057882
1.057866
1.057909
1.057909
1.057959
1.057960
1.057956
1.057906
1.057906
1.057906
1.057919
1.057919
1.057867
1.057867
1.057863
1.057863
1.057906
1.057906
1.057905
1.057905
1.057955
1.057956
1.058179
1.058186
1.058286
1.058336
1.058336
1.058334
1.058384
1.058434
1.058433
1.058483
1.058533
1.058533
1.058583
1.058583
1.058583
1.058583
1.058584
1.058584
1.058634
1.058634
1.058634
1.058682
1.058682
1.058682
1.058782
1.058782
1.058782
1.058782
1.058782
1.058758
1.058801
1.058762
1.058761
1.058811
1.058811
1.058811
1.058811
1.058811
1.058811
1.058811
1.058811
1.058811
1.058811
1.058811
1.058811
1.058811
1.058811
1.058511
1.058461
1.058361
1.058311
1.058261
1.058261
1.058211
1.058161
1.058111
1.058111
1.058008
1.058058
1.058008
1.058008
1.058008
1.057958
1.057958
1.057919
1.057869
1.057869
1.057845
1.057845
1.057845
1.057799
1.057799
1.057799
1.057799
1.057749
1.057749
1.057749
1.057801
1.057801
1.057846
1.057799
1.057799
1.057799
1.057799
1.057801
1.057801
1.057801
1.057751
1.057751
1.057751
1.057753
1.057953
1.057953
1.058097
1.058197
1.058299
1.058299
1.058349
1.058399
1.058349
1.058401
1.058451
1.058363
1.058413
1.058413
1.058417
1.058467
1.058417
1.058417
1.058467
1.058470
1.058567
1.058567
1.058567
1.058617
1.058616
1.058594
1.058544
1.058544
1.058548
1.058550
1.058550
1.058550
1.058550
1.058602
1.058602
1.058599
1.058599
1.058601
1.058601
1.058601
1.058601
1.058601
1.058603
1.058603
1.058603
1.058603
1.058605
1.058306
1.058256
1.058156
1.058108
1.058058
1.058008
1.057980
1.057893
1.057843
1.057843
1.057793
1.057842
1.057793
1.057793
1.057793
1.057696
1.057696
1.057696
1.057650
1.057652
1.057652
1.057652
1.057652
1.057629
1.057629
1.057629
1.057604
1.057604
1.057603
1.057603
1.057603
1.057603
1.057644
1.057644
1.057644
1.057644
1.057645
1.057645
1.057646
1.057646
1.057646
1.057646
1.057646
1.057645
1.057845
1.057845
1.057945
1.057995
1.058023
1.058023
1.058073
1.058123
1.058123
1.058175
1.058225
1.058187
1.058238
1.058238
1.058234
1.058334
1.058284
1.058283
1.058333
1.058333
1.058334
1.058334
1.058435
1.059435
1.073973
1.110318
1.107958
1.098987
1.092915
1.104295
1.118288
1.132297
1.145563
1.153666
1.161959
1.169184
1.176884
1.182960
1.187653
1.190662
1.191047
1.189996
1.188696
1.186344
1.183962
1.182298
1.180941
1.179419
1.177924
1.176120
1.174137
1.171919
1.169971
1.167903
1.166045
1.164433
1.163130
1.161734
1.160716
1.159379
1.158251
1.156867
1.155505
1.154127
1.152855
1.151388
1.149870
1.148546
1.147252
1.145747
1.143982
1.142417
1.140849
1.139312
1.136360
1.131854
1.125864
1.117727
1.107546
1.096528
1.084999
1.073796
1.063065
1.052301
1.041476
1.030754
1.020819
1.012215
1.004120
0.997434
0.992044
0.988147
0.985877
0.984818
0.984163
0.983917
0.983906
0.983638
0.983069
0.981966
0.979711
0.976645
0.972886
0.969261
0.965616
0.962499
0.959754
0.957899
0.956473
0.954737
0.952745
0.950997
0.949214
0.947221
0.945249
0.943702
0.941903
0.940414
0.938800
0.936933
0.935268
0.933417
0.931507
0.929558
0.927579
0.925204
0.922748
0.920502
0.918102
0.915950
0.913622
0.911367
0.908917
0.906534
0.904166
0.901928
0.899525
0.897073
0.894498
0.892108
0.889501
0.887025
0.884954
0.882510
0.880055
0.877453
0.874865
0.872224
0.869749
0.867126
0.864277
0.861990
0.859486
0.857242
0.854758
0.852211
0.849706
0.847054
0.844402
0.841848
0.839228
0.836653
0.833900
0.831342
0.828754
0.826279
0.823659
0.821096
0.818771
0.816260
0.813776
0.811286
0.808898
0.806647
0.804259
0.801865
0.799476
0.797038
0.794934
0.792545
0.790266
0.788025
0.785652
0.783449
0.781207
0.778976
0.777083
0.775050
0.772986
0.770778
0.768660
0.766573
0.764767
0.762954
0.761043
0.759324
0.757691
0.755935
0.754391
0.752643
0.750928
0.749316
0.747685
0.745898
0.744227
0.742472
0.740753
0.739149
0.737456
0.735931
0.734383
0.732847
0.731553
0.730300
0.729108
0.727866
0.726828
0.725617
0.724493
0.723494
0.722364
0.721035
0.719928
0.718707
0.717348
0.716090
0.714997
0.714006
0.712755
0.711770
0.710663
0.709861
0.708802
0.707811
0.706954
0.705858
0.704843
0.703946
0.702742
0.701506
0.700327
0.698961
0.697652
0.696233
0.695090
0.693808
0.692705
0.691911
0.690801
0.689775
0.689017
0.688056
0.687081
0.686066
0.685187
0.684118
0.683270
0.682200
0.680981
0.679731
0.678434
0.676946
0.675654
0.674312
0.673177
0.671835
0.670718
0.669447
0.668427
0.667060
0.665907
0.664643
0.663338
0.661886
0.660541
0.659143
0.657660
0.656104
0.654670
0.653133
0.651760
0.650517
0.649164
0.647832
0.646575
0.645381
0.644151
0.642891
0.641597
0.640167
0.639007
0.637561
0.636310
0.635030
0.633446
0.632188
0.630853
0.629496
0.628090
0.626770
0.625795
0.624776
0.623591
0.622462
0.621378
0.620161
0.619069
0.618115
0.617013
0.615702
0.614666
0.613492
0.612204
0.611113
0.609936
0.608805
0.607777
0.606582
0.605699
0.604679
0.603682
0.602855
0.601876
0.600909
0.600140
0.599260
0.598314
0.597481
0.596574
0.595693
0.594644
0.594014
0.593109
0.592274
0.591485
0.590705
0.589874
0.589120
0.588356
0.587566
0.586811
0.586041
0.585265
0.584519
0.583812
0.583124
0.582376
0.581790
0.581151
0.580589
0.580106
0.579546
0.578778
0.577769
0.576890
0.576264
0.575423
0.574697
0.573659
0.572722
0.572056
0.571213
0.570445
0.569852
0.569250
0.568859
0.568448
0.567720
0.566912
0.566137
0.565308
0.564665
0.563872
0.563085
0.562364
0.561732
0.561224
0.560486
0.559817
0.559169
0.558485
0.557962
0.557752
0.557288
0.556706
0.556262
0.555604
0.555043
0.554491
0.554067
0.553476
0.553014
0.552681
0.552337
0.551996
0.551815
0.551556
0.551307
0.551000
0.550729
0.550390
0.550184
0.549895
0.549605
0.549346
0.549023
0.548804
0.548589
0.548407
0.548181
0.547779
0.547688
0.547417
0.547165
0.547022
0.546657
0.546476
0.546228
0.546131
0.545916
0.545690
0.545426
0.545124
0.545006
0.544763
0.544491
0.544253
0.544008
0.543838
0.543636
0.543347
0.543086
0.542815
0.542721
0.542468
0.542191
0.541986
0.541828
0.541395
0.540839
0.540260
0.539580
0.539279
0.538940
0.538765
0.538443
0.538306
0.538065
0.538006
0.537710
0.537397
0.537231
0.537059
0.536787
0.536718
0.536552
0.536181
0.536000
0.535852
0.535654
0.535520
0.535301
0.535151
0.534946
0.534776
0.534588
0.534288
0.534072
0.533988
0.533863
0.533858
0.533667
0.533571
0.533520
0.533316
0.533220
0.533006
0.533054
0.532768
0.532562
0.532413
0.532112
0.532025
0.531982
0.531800
0.531563
0.531352
0.530791
0.530102
0.529573
0.529154
0.528569
0.528046
0.527638
0.527272
0.526779
0.526221
0.525681
0.525125
0.524601
0.524140
0.523563
0.523062
0.522632
0.522186
0.521640
0.521022
0.520313
0.519721
0.519046
0.518281
0.517652
0.516889
0.516301
0.515584
0.514870
0.514169
0.513306
0.512631
0.511973
0.511161
0.510492
0.509665
0.508904
0.508094
0.507282
0.506429
0.505667
0.504808
0.504194
0.503527
0.502818
0.502230
0.501533
0.500601
0.499447
0.498350
0.497259
0.496071
0.495126
0.494039
0.492820
0.491720
0.490536
0.489317
0.488180
0.487105
0.485818
0.484690
0.483430
0.482372
0.481264
0.480010
0.478915
0.477687
0.476399
0.475395
0.474058
0.472869
0.471651
0.470579
0.469475
0.468425
0.467217
0.466057
0.464925
0.463745
0.462767
0.461589
0.460275
0.459273
0.458599
0.457812
0.457058
0.456492
0.455990
0.455274
0.454718
0.454260
0.453656
0.452882
0.452232
0.451678
0.451023
0.449887
0.448917
0.448040
0.446718
0.445648
0.444696
0.443608
0.442599
0.441856
0.441195
0.440582
0.440310
0.440317
0.440326
0.440196
0.439953
0.439410
0.439022
0.438629
0.438341
0.437881
0.437061
0.435996
0.434899
0.433988
0.433030
0.432274
0.431446
0.430852
0.430222
0.429655
0.429091
0.428661
0.428011
0.427070
0.426074
0.425279
0.424358
0.423380
0.422272
0.421123
0.420098
0.419093
0.418105
0.417170
0.416299
0.415437
0.414697
0.413968
0.413162
0.412416
0.411659
0.410713
0.409847
0.408762
0.407762
0.406791
0.405720
0.404786
0.403923
0.403070
0.402092
0.401191
0.400206
0.399229
0.398236
0.397288
0.396332
0.395522
0.394534
0.393656
0.392747
0.391772
0.390814
0.389921
0.389164
0.388289
0.387328
0.386479
0.385696
0.384800
0.384330
0.383825
0.382934
0.382103
0.381266
0.380391
0.379549
0.378754
0.378003
0.377187
0.376616
0.375869
0.375117
0.374415
0.373747
0.373000
0.372211
0.371548
0.370925
0.370214
0.369573
0.368758
0.368019
0.367447
0.367056
0.366583
0.366144
0.365527
0.365013
0.364464
0.363941
0.363340
0.362800
0.362279
0.361640
0.361065
0.360424
0.359544
0.358842
0.358155
0.357343
0.356597
0.355762
0.355053
0.354226
0.353538
0.352713
0.351967
0.351226
0.350427
0.349601
0.348878
0.348123
0.347333
0.346417
0.345525
0.344828
0.344000
0.343138
0.342189
0.341382
0.340556
0.339723
0.338821
0.338020
0.337180
0.336243
0.335387
0.334445
0.333610
0.332777
0.331782
0.330891
0.329886
0.329053
0.327881
0.326931
0.325821
0.324951
0.324133
0.323517
0.322428
0.321302
0.320134
0.318985
0.317921
0.316694
0.315768
0.314815
0.313843
0.313065
0.312208
0.311385
0.310629
0.309507
0.308321
0.307490
0.306391
0.305395
0.304385
0.303409
0.302415
0.301360
0.300349
0.299353
0.298381
0.297303
0.296338
0.295455
0.294589
0.293739
0.292872
0.291889
0.291065
0.290298
0.289247
0.288382
0.287609
0.286819
0.285874
0.285154
0.284370
0.283458
0.282690
0.281874
0.281037
0.280326
0.279509
0.278690
0.277983
0.277122
0.276420
0.275641
0.274926
0.274216
0.273421
0.272750
0.272004
0.271254
0.270526
0.269769
0.269100
0.268487
0.267774
0.267004
0.266320
0.265741
0.265085
0.264362
0.263618
0.263031
0.262374
0.261794
0.261069
0.260343
0.259734
0.259078
0.258437
0.257766
0.257212
0.256543
0.255809
0.255199
0.254624
0.253970
0.253351
0.252673
0.252085
0.251418
0.250798
0.250199
0.249524
0.248695
0.247806
0.247264
0.246793
0.246261
0.245636
0.245132
0.244685
0.244228
0.243799
0.243347
0.242791
0.242436
0.241970
0.241656
0.241345
0.240897
0.240546
0.239808
0.238960
0.238066
0.237295
0.236398
0.235522
0.234608
0.233784
0.232846
0.231926
0.231080
0.230529
0.230071
0.229773
0.229583
0.229557
0.229409
0.229394
0.229092
0.229122
0.228960
0.228498
0.227867
0.227014
0.226057
0.225244
0.224269
0.223476
0.222583
0.221906
0.221518
0.221127
0.220979
0.220845
0.220852
0.220789
0.220750
0.220664
0.220462
0.219990
0.219190
0.218481
0.217772
0.216799
0.216017
0.215229
0.214314
0.213760
0.213313
0.212914
0.212657
0.212376
0.212115
0.211934
0.211699
0.211348
0.210892
0.210478
0.209761
0.209153
0.208374
0.207599
0.207090
0.206431
0.205687
0.205110
0.204547
0.204107
0.203734
0.203403
0.203005
0.202692
0.202330
0.201976
0.201679
0.201149
0.200678
0.200191
0.199668
0.199075
0.198556
0.198078
0.197547
0.197156
0.196669
0.196337
0.195973
0.195535
0.195271
0.194975
0.194692
0.194299
0.193897
0.193526
0.193192
0.192724
0.192455
0.191963
0.191650
0.191332
0.190940
0.190588
0.190346
0.190126
0.189884
0.189617
0.189315
0.189070
0.188834
0.188461
0.188102
0.187936
0.187683
0.187325
0.186996
0.186809
0.186605
0.186230
0.185982
0.185644
0.185367
0.185048
0.184883
0.184733
0.184713
0.184700
0.184751
0.184608
0.184466
0.184205
0.183863
0.183601
0.183229
0.182980
0.182630
0.182427
0.182193
0.181932
0.181548
0.181252
0.181058
0.180694
0.180419
0.180092
0.179699
0.179434
0.179177
0.178831
0.178485
0.178060
0.177821
0.177357
0.177087
0.176693
0.176188
0.175936
0.175508
0.175223
0.174582
0.174228
0.173759
0.173496
0.172985
0.172575
0.172193
0.171770
0.171401
0.170869
0.170326
0.169890
0.169471
0.169150
0.168625
0.168102
0.167522
0.167109
0.166539
0.165930
0.165399
0.164755
0.164099
0.163483
0.162848
0.162084
0.161378
0.160699
0.160061
0.159309
0.158708
0.157888
0.157096
0.156286
0.155541
0.154848
0.153982
0.153239
0.152533
0.151683
0.150897
0.150063
0.149227
0.148437
0.147584
0.146794
0.145976
0.145087
0.144287
0.143561
0.142741
0.141961
0.141141
0.140301
0.139634
0.138748
0.138007
0.137486
0.136935
0.136495
0.135912
0.135394
0.134932
0.134345
0.133954
0.133449
0.133134
0.132578
0.132149
0.131426
0.130725
0.130057
0.129465
0.128799
0.128154
0.127535
0.126987
0.126333
0.125915
0.125376
0.124781
0.124158
0.123630
0.123149
0.122569
0.122105
0.121539
0.121182
0.120729
0.120245
0.119892
0.119402
0.118983
0.118547
0.118153
0.117705
0.117274
0.116979
0.116497
0.116225
0.115825
0.115427
0.115004
0.114641
0.114290
0.113823
0.113523
0.113068
0.112726
0.112318
0.111962
0.111715
0.111304
0.111025
0.110638
0.110288
0.109931
0.109620
0.109261
0.108867
0.108552
0.108152
0.107824
0.107438
0.107036
0.106697
0.106313
0.105931
0.105516
0.105101
0.104673
0.104298
0.103816
0.103480
0.103023
0.102761
0.102199
0.101689
0.101284
0.100763
0.100353
0.099851
0.099425
0.098877
0.098350
0.097762
0.097276
0.096754
0.096113
0.095657
0.095045
0.094544
0.093896
0.093280
0.092725
0.092127
0.091508
0.090898
0.090263
0.089637
0.088946
0.088314
0.087620
0.086999
0.086325
0.085694
0.084971
0.084244
0.083616
0.082904
0.082279
0.081643
0.080951
0.080256
0.079691
0.079007
0.078361
0.077705
0.076991
0.076367
0.075727
0.075114
0.074461
0.073860
0.073248
0.072598
0.071993
0.071318
0.070760
0.070187
0.069583
0.069043
0.068461
0.067951
0.067326
0.066834
0.066321
0.065806
0.065362
0.064884
0.064365
0.063871
0.063454
0.062948
0.062521
0.062066
0.061664
0.061235
0.060841
0.060520
0.060131
0.059754
0.059321
0.059017
0.058655
0.058302
0.057917
0.057625
0.057273
0.056965
0.056716
0.056465
0.056209
0.055918
0.055635
0.055443
0.055221
0.054968
0.054733
0.054469
0.054268
0.054019
0.053764
0.053620
0.053404
0.053243
0.052977
0.052861
0.052655
0.052494
0.052283
0.052107
0.051948
0.051759
0.051600
0.051477
0.051325
0.051192
0.051133
0.050969
0.050803
0.050617
0.050440
0.050325
0.050221
0.050067
0.050009
0.050020
0.049868
0.049735
0.049557
0.049480
0.049379
0.049230
0.049173
0.049094
0.048964
0.048866
0.048769
0.048632
0.048518
0.048373
0.048327
0.048255
0.048151
0.048070
0.047890
0.047836
0.047707
0.047612
0.047550
0.047398
0.047321
0.047231
0.047179
0.047041
0.046944
0.046893
0.046780
0.046745
0.046607
0.046473
0.046413
0.046280
0.046245
0.046167
0.046086
0.046002
0.045966
0.045884
0.045803
0.045709
0.045629
0.045559
0.045445
0.045356
0.045263
0.045163
0.045039
0.044930
0.044808
0.044762
0.044632
0.044543
0.044471
0.044352
0.044261
0.044205
0.044063
0.043994
0.043876
0.043854
0.043756
0.043649
0.043584
0.043399
0.043345
0.043213
0.043152
0.043061
0.043056
0.042917
0.042858
0.042709
0.042652
0.042514
0.042480
0.042354
0.042269
0.042132
0.042011
0.041914
0.041824
0.041729
0.041653
0.041512
0.041466
0.041377
0.041248
0.041188
0.041071
0.040990
0.040900
0.040784
0.040698
0.040566
0.040528
0.040442
0.040330
0.040172
0.040074
0.040009
0.039879
0.039781
0.039718
0.039626
0.039543
0.039461
0.039399
0.039261
0.039179
0.039077
0.038952
0.038871
0.038783
0.038691
0.038567
0.038455
0.038333
0.038276
0.038205
0.038118
0.037998
0.037921
0.037844
0.037644
0.037568
0.037457
0.037407
0.037226
0.037151
0.037077
0.037003
0.036849
0.036776
0.036703
0.036512
0.036366
0.036294
0.036206
0.036106
0.036022
0.035903
0.035832
0.035735
0.035625
0.035544
0.035474
0.035376
0.035267
0.035171
0.035101
0.035032
0.034923
0.034789
0.034678
0.034638
0.034509
0.034400
0.034383
0.034115
0.034089
0.033992
0.033874
0.033806
0.033731
0.033562
0.033455
0.033455
0.033318
0.033255
0.033169
0.033075
0.033032
0.032926
0.032856
0.032789
0.032663
0.032588
0.032483
0.032413
0.032302
0.032264
0.032134
0.032095
0.032052
0.031916
0.031916
0.031812
0.031819
0.031683
0.031737
0.031617
0.031519
0.031438
0.031346
0.031314
0.031233
0.031227
0.031145
0.031151
0.031033
0.031018
0.030942
0.030884
0.030796
0.030796
0.030635
0.030597
0.030552
0.030516
0.030419
0.030457
0.030377
0.030377
0.030312
0.030219
0.030174
0.030174
0.030096
0.030032
0.029999
0.029926
0.029888
0.029884
0.029835
0.029713
0.029669
0.029669
0.029626
0.029571
0.029547
0.029470
0.029470
0.029470
0.029391
0.029391
0.029409
0.029384
0.029308
0.029231
0.029231
0.029231
0.029188
0.029154
0.029135
0.029135
0.029092
0.029092
0.028989
0.028947
0.028947
0.028928
0.028887
0.028854
0.028824
0.028804
0.028762
0.028762
0.028762
0.028731
0.028655
0.028655
0.028655
0.028655
0.028614
0.028583
0.028583
0.028568
0.028528
0.028484
0.028463
0.028463
0.028433
0.028394
0.028394
0.028394
0.028394
0.028344
0.028270
0.028205
0.028182
0.028182
0.028182
0.028205
0.028168
0.028168
0.028111
0.028083
0.028093
0.028093
0.028057
0.028046
0.028046
0.028023
0.028067
0.028067
0.028040
0.027983
0.027983
0.027983
0.027939
0.027962
0.027984
0.027947
0.027916
0.027856
0.027856
0.027856
0.027811
0.027811
0.027811
0.027766
0.027766
0.027766
0.027735
0.027758
0.027733
0.027733
0.027733
0.027733
0.027733
0.027733
0.027733
0.027733
0.027733
0.027704
0.027704
0.027704
0.027704
0.027681
0.027598
0.027569
0.027558
0.027534
0.027534
0.027534
0.027534
0.027534
0.027534
0.027508
0.027508
0.027508
0.027508
0.027526
0.027526
0.027520
0.027520
0.027520
0.027485
0.027485
0.027485
0.027485
0.027485
0.027485
0.027485
0.027485
0.027485
0.027485
0.027485
0.027465
0.027465
0.027426
0.027402
0.027402
0.027402
0.027402
0.027402
0.027402
0.027402
0.027377
0.027377
0.027377
0.027377
0.027377
0.027377
0.027377
0.027377
0.027377
0.027359
0.027359
0.027359
0.027359
0.027399
0.027355
0.027355
0.027355
0.027315
0.027315
0.027315
0.027315
0.027281
0.027231
0.027231
0.027231
0.027231
0.027231
0.027246
0.027226
0.027228
0.027165
0.027165
0.027165
0.027165
0.027165
0.027122
0.027166
0.027166
0.027166
0.027166
0.027166
0.027166
0.027170
0.027170
0.027126
0.027126
0.027126
0.027126
0.027126
0.027126
0.027126
0.027126
0.027126
0.027126
0.027126
0.027108
0.027064
0.027064
0.027064
0.027088
0.027088
0.027088
0.027088
0.027088
0.027088
0.027064
0.027064
0.027064
0.027064
0.027064
0.027042
0.027008
0.026993
0.026993
0.026993
0.027015
0.027015
0.027015
0.027015
0.027039
0.027039
0.027039
0.027022
0.027053
0.027031
0.027031
0.027031
0.027046
0.027046
0.027003
0.027003
0.027003
0.027003
0.027025
0.027025
0.027025
0.027025
0.027025
0.027003
0.027003
0.027003
0.027003
0.027003
0.027003
0.026982
0.026982
0.026982
0.026982
0.026982
0.026982
0.026982
0.026982
0.026982
0.026982
0.026982
0.026982
0.026953
0.026945
0.026945
0.026945
0.026945
0.026945
0.026945
0.026945
0.026906
0.026906
0.026862
0.026818
0.026818
0.026818
0.026818
0.026785
0.026829
0.026829
0.026829
0.026872
0.026872
0.026872
0.026872
0.026872
0.026828
0.026828
0.026828
0.026828
0.026853
0.026840
0.026843
0.026843
0.026843
0.026843
0.026843
0.026843
0.026843
0.026843
0.026843
0.026843
0.026826
0.026821
0.026821
0.026821
0.026821
0.026821
0.026778
0.026778
0.026778
0.026778
0.026753
0.026753
0.026778
0.026778
0.026778
0.026778
0.026778
0.026778
0.026778
0.026778
0.026778
0.026778
0.026778
0.026761
0.026761
0.026761
0.026761
0.026761
0.026761
0.026719
0.026719
0.026680
0.026724
0.026724
0.026724
0.026724
0.026724
0.026692
0.026692
0.026692
0.026692
0.026692
0.026692
0.026692
0.026692
0.026724
0.026724
0.026724
0.026724
0.026724
0.026724
0.026724
0.026722
0.026722
0.026697
0.026697
0.026688
0.026624
0.026624
0.026624
0.026624
0.026624
0.026624
0.026646
0.026646
0.026686
0.026613
0.026613
0.026621
0.026621
0.026621
0.026648
0.026670
0.026670
0.026670
0.026670
0.026670
0.026670
0.026670
0.026670
0.026599
0.026621
0.026635
0.026635
0.026635
0.026635
0.026571
0.026571
0.026571
0.026571
0.026571
0.026571
0.026571
0.026615
0.026615
0.026587
0.026587
0.026587
0.026587
0.026587
0.026587
0.026587
0.026587
0.026587
0.026587
0.026587
0.026573
0.026573
0.026573
0.026573
0.026573
0.026573
0.026500
0.026463
0.026463
0.026421
0.026423
0.026423
0.026457
0.026457
0.026457
0.026457
0.026457
0.026457
0.026457
0.026457
0.026457
0.026453
0.026453
0.026453
0.026453
0.026453
0.026445
0.026445
0.026445
0.026445
0.026445
0.026445
0.026445
0.026445
0.026472
0.026472
0.026472
0.026472
0.026472
0.026431
0.026431
0.026431
0.026431
0.026431
0.026431
0.026431
0.026431
0.026431
0.026431
0.026431
0.026431
0.026431
0.026431
0.026431
0.026431
0.026431
0.026431
0.026431
0.026387
0.026387
0.026387
0.026431
0.026431
0.026431
0.026431
0.026431
0.026431
0.026431
0.026446
0.026446
0.026402
0.026397
0.026397
0.026397
0.026356
0.026356
0.026356
0.026356
0.026356
0.026400
0.026365
0.026365
0.026365
0.026365
0.026321
0.026321
0.026321
0.026294
0.026294
0.026294
0.026294
0.026294
0.026323
0.026323
0.026295
0.026266
0.026266
0.026266
0.026266
0.026244
0.026218
0.026188
0.026188
0.026188
0.026182
0.026182
0.026182
0.026182
0.026182
0.026182
0.026182
0.026160
0.026160
0.026160
0.026160
0.026159
0.026159
