1.742486
1.590002
1.451424
1.358411
1.309245
1.288889
1.282405
1.282742
1.282822
1.282070
1.280771
1.279352
1.278127
1.277121
1.276139
1.275367
1.274182
1.272623
1.271047
1.269427
1.267661
1.265990
1.264126
1.262212
1.260457
1.258569
1.256743
1.254528
1.252599
1.250815
1.248892
1.247201
1.245387
1.243767
1.241996
1.240340
1.238319
1.236523
1.234621
1.232753
1.230808
1.228821
1.227072
1.225408
1.223931
1.222495
1.221526
1.220223
1.218275
1.216363
1.213883
1.211603
1.209057
1.206965
1.204940
1.202742
1.201252
1.199511
1.197698
1.196095
1.194595
1.192716
1.190948
1.189483
1.187696
1.185909
1.184566
1.183091
1.181179
1.179347
1.177937
1.176126
1.174148
1.172179
1.170739
1.168570
1.166718
1.164995
1.163107
1.160734
1.158214
1.155995
1.153380
1.150937
1.148429
1.145977
1.143263
1.140455
1.137782
1.135046
1.132205
1.129333
1.126500
1.123636
1.120841
1.117848
1.114887
1.111681
1.108236
1.104718
1.101189
1.097595
1.094031
1.090557
1.087009
1.083357
1.079679
1.076356
1.072787
1.069102
1.065469
1.061917
1.058452
1.054822
1.051522
1.047769
1.044221
1.040494
1.036868
1.033328
1.029755
1.026073
1.022426
1.018742
1.015062
1.011462
1.007713
1.004154
1.000458
0.996902
0.993306
0.989642
0.986103
0.982485
0.978958
0.975474
0.971911
0.968194
0.964606
0.961079
0.957688
0.954177
0.950642
0.947269
0.943706
0.940184
0.936789
0.933252
0.929679
0.926150
0.922632
0.919146
0.915787
0.912372
0.908913
0.905532
0.902137
0.898689
0.895489
0.892170
0.889220
0.886223
0.883259
0.880485
0.877690
0.874847
0.872197
0.869418
0.866661
0.863594
0.860840
0.858002
0.855331
0.852590
0.849597
0.847109
0.844622
0.841990
0.839596
0.837176
0.834853
0.832148
0.829681
0.827479
0.824912
0.822548
0.820349
0.818063
0.815613
0.813305
0.810965
0.808663
0.806497
0.804336
0.802253
0.799843
0.797536
0.795259
0.793071
0.790904
0.788660
0.786724
0.784478
0.782276
0.780009
0.777851
0.775794
0.773657
0.771374
0.769343
0.767277
0.765177
0.762955
0.760675
0.758672
0.756579
0.754468
0.752396
0.750313
0.748180
0.746175
0.743942
0.741900
0.739878
0.737636
0.735687
0.733853
0.731970
0.729934
0.728020
0.726226
0.724324
0.722525
0.720718
0.718915
0.716911
0.715003
0.713108
0.711061
0.709021
0.707279
0.705309
0.703315
0.701356
0.699286
0.697426
0.695467
0.693500
0.691519
0.689661
0.687558
0.685433
0.683607
0.681795
0.679829
0.678108
0.676188
0.674403
0.672526
0.670655
0.668760
0.666902
0.665083
0.663249
0.661376
0.659606
0.657643
0.655790
0.653854
0.651966
0.649979
0.648121
0.646338
0.644446
0.642767
0.640931
0.639068
0.637382
0.635652
0.633888
0.632071
0.630318
0.628762
0.627191
0.625392
0.623277
0.621351
0.619339
0.617409
0.615445
0.613581
0.611573
0.609930
0.608001
0.606298
0.604433
0.602574
0.600885
0.598882
0.597054
0.595463
0.593456
0.591717
0.589847
0.588243
0.586607
0.584600
0.583045
0.581423
0.579476
0.577727
0.576269
0.574286
0.572457
0.570925
0.569122
0.567289
0.565620
0.564039
0.562497
0.560604
0.558992
0.557407
0.556151
0.554301
0.552755
0.551584
0.550685
0.549429
0.548052
0.546971
0.545810
0.544783
0.543512
0.541966
0.540801
0.539730
0.538554
0.536805
0.535340
0.533923
0.532625
0.531498
0.529853
0.528413
0.526794
0.525408
0.524330
0.523203
0.521702
0.519881
0.517788
0.516037
0.514682
0.513282
0.511636
0.509759
0.508008
0.506312
0.504930
0.503375
0.501325
0.499205
0.497090
0.495001
0.493240
0.491670
0.489862
0.487788
0.485767
0.483695
0.482009
0.480474
0.478763
0.476957
0.474915
0.472850
0.470915
0.469294
0.467629
0.466143
0.464275
0.462202
0.460086
0.458012
0.456087
0.454391
0.452774
0.450740
0.448627
0.446346
0.444341
0.442637
0.440917
0.439397
0.437561
0.435575
0.433551
0.431576
0.429904
0.428651
0.427242
0.425490
0.423570
0.421602
0.419896
0.418183
0.416802
0.415498
0.414012
0.412437
0.410835
0.409321
0.408114
0.406800
0.405476
0.404220
0.402870
0.401446
0.399907
0.398513
0.397261
0.395994
0.394687
0.393327
0.392155
0.390919
0.389637
0.388455
0.386991
0.385765
0.384441
0.383227
0.382025
0.380949
0.379943
0.378738
0.377715
0.376542
0.375315
0.374301
0.373178
0.372025
0.371059
0.369913
0.368793
0.367620
0.366593
0.365548
0.364475
0.363404
0.362350
0.361291
0.360407
0.359449
0.358610
0.357765
0.357032
0.355955
0.355091
0.354061
0.352786
0.351851
0.350849
0.349800
0.348808
0.347892
0.346789
0.345768
0.344716
0.343812
0.342751
0.341731
0.340814
0.339757
0.338757
0.337951
0.337227
0.336312
0.335528
0.334463
0.333517
0.332667
0.331583
0.330494
0.329618
0.328662
0.327727
0.326990
0.326134
0.325296
0.324373
0.323440
0.322597
0.321859
0.321008
0.320135
0.319201
0.318377
0.317573
0.316625
0.315843
0.315144
0.314374
0.313418
0.312475
0.311648
0.310830
0.310061
0.309273
0.308452
0.307602
0.306954
0.306078
0.305368
0.304831
0.304041
0.303473
0.302868
0.302340
0.301616
0.300916
0.300385
0.299632
0.299078
0.298397
0.297612
0.296903
0.296540
0.296187
0.295934
0.295696
0.295675
0.295536
0.295346
0.295337
0.295191
0.294930
0.294884
0.294621
0.294432
0.294341
0.294133
0.293992
0.293901
0.293779
0.293414
0.292841
0.292185
0.291608
0.291181
0.290902
0.290561
0.290470
0.290230
0.290246
0.290195
0.290203
0.289953
0.289878
0.289743
0.289587
0.289336
0.288632
0.288015
0.287362
0.286819
0.286520
0.286227
0.285975
0.285762
0.285690
0.285610
0.285575
0.285427
0.285246
0.285049
0.285000
0.284818
0.284611
0.284288
0.283511
0.283081
0.282251
0.281680
0.280906
0.280350
0.279793
0.279484
0.279316
0.279032
0.279023
0.278965
0.278709
0.278587
0.278411
0.278187
0.277967
0.277602
0.277288
0.276712
0.276066
0.275516
0.275005
0.274401
0.273914
0.273584
0.273145
0.272898
0.272545
0.272285
0.272029
0.271794
0.271594
0.271299
0.270949
0.270810
0.270388
0.269893
0.269475
0.269130
0.268584
0.268249
0.267681
0.267260
0.266738
0.266464
0.266196
0.265939
0.265719
0.265415
0.265224
0.265004
0.264608
0.264430
0.264070
0.263838
0.263421
0.263226
0.262947
0.262775
0.262521
0.262175
0.261971
0.261553
0.261276
0.261081
0.260886
0.260579
0.260395
0.260290
0.260113
0.259673
0.259314
0.258864
0.258243
0.257913
0.257503
0.257281
0.257076
0.257012
0.256956
0.256936
0.257091
0.256952
0.256810
0.256533
0.256326
0.256300
0.256220
0.256293
0.256696
0.256858
0.256970
0.256933
0.256754
0.256393
0.255779
0.255131
0.254528
0.253733
0.252644
0.251796
0.250701
0.249772
0.248685
0.247864
0.246889
0.245899
0.244700
0.243722
0.242887
0.241894
0.240851
0.239930
0.238962
0.238224
0.237191
0.236320
0.235314
0.234273
0.233257
0.232272
0.231278
0.230386
0.229386
0.228521
0.227412
0.226402
0.225435
0.224456
0.223491
0.222515
0.221864
0.220861
0.219934
0.218960
0.218017
0.217145
0.216087
0.215088
0.214104
0.213155
0.212045
0.211216
0.210188
0.209189
0.208227
0.207339
0.206309
0.205415
0.204282
0.203423
0.202524
0.201772
0.200746
0.199899
0.198901
0.197797
0.196719
0.195730
0.194599
0.193657
0.192668
0.191817
0.191320
0.190673
0.190073
0.189448
0.188508
0.187712
0.186833
0.185896
0.184890
0.183925
0.183096
0.182186
0.181323
0.180236
0.179110
0.178127
0.177197
0.176197
0.175161
0.174020
0.172861
0.171954
0.170995
0.170181
0.169240
0.168359
0.167530
0.166778
0.166079
0.165245
0.164619
0.163820
0.162879
0.161787
0.160678
0.159750
0.158818
0.157636
0.156633
0.155493
0.154438
0.153300
0.152282
0.151144
0.150126
0.149054
0.147997
0.146972
0.145955
0.144939
0.143944
0.142888
0.141879
0.140800
0.139836
0.138757
0.137750
0.136754
0.135813
0.135035
0.134019
0.133047
0.132245
0.131374
0.130461
0.129422
0.128497
0.127572
0.126815
0.125886
0.125063
0.124153
0.123285
0.122395
0.121585
0.120627
0.119803
0.118949
0.118094
0.117326
0.116582
0.115743
0.114887
0.114215
0.113361
0.112498
0.111717
0.110994
0.110178
0.109452
0.108628
0.108176
0.107511
0.106732
0.106000
0.105311
0.104450
0.103767
0.103053
0.102282
0.101531
0.100724
0.100019
0.099347
0.098736
0.098057
0.097423
0.096641
0.095967
0.095163
0.094508
0.093813
0.093124
0.092365
0.091723
0.090987
0.090343
0.089621
0.088879
0.088260
0.087822
0.087293
0.086659
0.086002
0.085280
0.084606
0.083911
0.083223
0.082459
0.081806
0.081200
0.080574
0.079918
0.079311
0.078710
0.078088
0.077402
0.077012
0.076451
0.075931
0.075370
0.074723
0.074191
0.073529
0.073059
0.072426
0.071948
0.071392
0.070703
0.070221
0.069843
0.069404
0.068918
0.068367
0.067835
0.067385
0.066849
0.066291
0.065971
0.065580
0.065126
0.064596
0.064156
0.063674
0.063260
0.062714
0.062254
0.061850
0.061339
0.060967
0.060494
0.060062
0.059614
0.059143
0.058776
0.058332
0.057905
0.057507
0.057097
0.056748
0.056534
0.056194
0.055957
0.055547
0.055203
0.054821
0.054499
0.054076
0.053740
0.053410
0.053066
0.052673
0.052310
0.051990
0.051666
0.051346
0.050983
0.050724
0.050388
0.050109
0.049789
0.049508
0.049215
0.048966
0.048639
0.048478
0.048227
0.048035
0.047799
0.047516
0.047226
0.046970
0.046688
0.046452
0.046210
0.045870
0.045691
0.045390
0.045179
0.044940
0.044776
0.044529
0.044419
0.044176
0.043900
0.043665
0.043574
0.043342
0.043226
0.043010
0.042866
0.042617
0.042489
0.042304
0.042028
0.041810
0.041667
0.041540
0.041251
0.041135
0.040969
0.040805
0.040563
0.040456
0.040389
0.040170
0.040072
0.039915
0.039800
0.039694
0.039549
0.039392
0.039217
0.039014
0.038832
0.038730
0.038558
0.038399
0.038280
0.038099
0.037992
0.037926
0.037780
0.037643
0.037666
0.037476
0.037375
0.037241
0.037179
0.037081
0.036882
0.036794
0.036706
0.036599
0.036427
0.036277
0.036214
0.036157
0.036021
0.035890
0.035849
0.035785
0.035700
0.035512
0.035400
0.035393
0.035262
0.035197
0.035083
0.034992
0.034930
0.034855
0.034846
0.034722
0.034634
0.034517
0.034448
0.034388
0.034349
0.034177
0.034159
0.034097
0.034055
0.033970
0.033919
0.033796
0.033710
0.033637
0.033567
0.033567
0.033420
0.033386
0.033250
0.033250
0.033141
0.033109
0.033034
0.032980
0.032895
0.032849
0.032849
0.032876
0.032838
0.032838
0.032724
0.032724
0.032638
0.032545
0.032511
0.032511
0.032378
0.032378
0.032343
0.032264
0.032232
0.032227
0.032099
0.032099
0.032099
0.032004
0.031934
0.031899
0.031855
0.031821
0.031806
0.031762
0.031723
0.031641
0.031569
0.031553
0.031587
0.031595
0.031480
0.031480
0.031480
0.031371
0.031371
0.031369
0.031371
0.031292
0.031227
0.031237
0.031213
0.031170
0.031170
0.031170
0.031170
0.031128
0.031128
0.031136
0.031115
0.031044
0.030963
0.030963
0.030925
0.030878
0.030837
0.030799
0.030799
0.030749
0.030752
0.030711
0.030749
0.030727
0.030690
0.030690
0.030638
0.030645
0.030615
0.030538
0.030534
0.030535
0.030535
0.030535
0.030515
0.030430
0.030404
0.030351
0.030351
0.030351
0.030316
0.030351
0.030395
0.030342
0.030313
0.030313
0.030313
0.030304
0.030218
0.030180
0.030117
0.030117
0.030126
0.030098
0.030098
0.030123
0.030087
0.030134
0.030086
0.030042
0.030075
0.030068
0.030080
0.030018
0.029985
0.029946
0.029946
0.029959
0.029959
0.029932
0.029957
0.029923
0.029929
0.029929
0.029929
0.029929
0.029903
0.029893
0.029834
0.029800
0.029767
0.029754
0.029771
0.029731
0.029756
0.029764
0.029800
0.029816
0.029784
0.029784
0.029758
0.029779
0.029779
0.029756
0.029756
0.029756
0.029695
0.029684
0.029620
0.029680
0.029715
0.029736
0.029714
0.029685
0.029659
0.029694
0.029715
0.029715
0.029687
0.029687
0.029687
0.029612
0.029612
0.029637
0.029637
0.029612
0.029620
0.029620
0.029611
0.029571
0.029545
0.029570
0.029570
0.029528
0.029528
0.029494
0.029494
0.029478
0.029464
0.029482
0.029482
0.029482
0.029508
0.029444
0.029444
0.029444
0.029411
0.029411
0.029457
0.029457
0.029457
0.029490
0.029450
0.029445
0.029445
0.029429
0.029429
0.029429
0.029394
0.029360
0.029359
0.029389
0.029389
0.029409
0.029409
0.029406
0.029402
0.029402
0.029352
0.029383
0.029383
0.029391
0.029360
0.029364
0.029364
0.029327
0.029327
0.029342
0.029332
0.029330
0.029361
0.029361
0.029360
0.029360
0.029317
0.029362
0.029399
0.029366
0.029365
0.029357
0.029357
0.029359
0.029402
0.029435
0.029398
0.029361
0.029361
0.029361
0.029361
0.029361
0.029349
0.029338
0.029338
0.029338
0.029338
0.029381
0.029381
0.029349
0.029312
0.029292
0.029292
0.029292
0.029288
0.029299
0.029267
0.029267
0.029304
0.029287
0.029287
0.029287
0.029257
0.029292
0.029292
0.029291
0.029291
0.029261
0.029261
0.029261
0.029278
0.029278
0.029278
0.029249
0.029249
0.029249
0.029251
0.029251
0.029251
0.029222
0.029247
0.029247
0.029247
0.029247
0.029212
0.029185
0.029185
0.029188
0.029234
0.029234
0.029176
0.029211
0.029211
0.029211
0.029211
0.029246
0.029220
0.029220
0.029226
0.029226
0.029226
0.029226
0.029201
0.029201
0.029201
0.029201
0.029203
0.029193
0.029201
0.029201
0.029201
0.029201
0.029201
0.029139
0.029139
0.029139
0.029139
0.029139
0.029149
0.029127
0.029127
0.029127
0.029127
0.029127
0.029127
0.029106
0.029106
0.029106
0.029100
0.029112
0.029112
0.029092
0.029060
0.029060
0.029060
0.029060
0.029095
0.029077
0.029077
0.029123
0.029123
0.029123
0.029123
0.029106
0.029106
0.029074
0.029028
0.029028
0.029028
0.029027
0.029027
0.029021
0.029021
0.029021
0.029021
0.029006
0.029006
0.029006
0.029006
0.029023
0.029023
0.029009
0.029044
0.029044
0.029044
0.029044
0.029044
0.029044
0.029050
0.029050
0.029050
0.029050
0.029050
0.029050
0.029039
0.029039
0.029039
0.029039
0.029096
0.029113
0.029104
0.029104
0.029104
0.029104
0.029104
0.029104
0.029104
0.029118
0.029118
0.029118
0.029070
0.029070
0.029070
0.029063
0.029063
0.029063
0.029063
0.029087
0.029087
0.029082
0.029082
0.029082
0.029082
0.029082
0.029082
0.029082
0.029104
0.029104
0.029104
0.029091
0.029091
0.029091
0.029089
0.029089
0.029089
0.029089
0.029116
0.029122
0.029122
0.029122
0.029122
0.029122
0.029079
0.029079
0.029076
0.029105
0.029105
0.029105
0.029105
0.029143
0.029186
0.029186
0.029189
0.029189
0.029189
0.029218
0.029218
0.029175
0.029175
0.029179
0.029179
0.029179
0.029201
0.029244
0.029274
0.029279
0.029279
0.029311
0.089481
0.089481
0.089481
0.089537
0.089503
0.089503
0.089534
0.089534
0.089534
0.089437
0.089218
0.089011
0.088818
0.088577
0.088335
0.088094
0.087897
0.087656
0.087462
0.087221
0.086981
0.086788
0.086559
0.086318
0.086078
0.085874
0.085634
0.085428
0.085200
0.084960
0.084721
0.084481
0.084241
0.084002
0.083776
0.083537
0.083298
0.083121
0.082917
0.082678
0.082454
0.082216
0.081998
0.081759
0.081521
0.081283
0.081204
0.081109
0.080966
0.080743
0.080541
0.080323
0.080103
0.079866
0.079629
0.079360
0.079139
0.078950
0.078732
0.078495
0.078238
0.078018
0.077782
0.077546
0.077367
0.077131
0.076960
0.076865
0.076724
0.076489
0.076339
0.076104
0.075869
0.075652
0.075418
0.075206
0.074952
0.074783
0.074596
0.074447
0.074232
0.074059
0.073891
0.073658
0.073472
0.073258
0.073026
0.072886
0.072673
0.072442
0.072248
0.072017
0.071806
0.071647
0.071437
0.071207
0.071043
0.070814
0.070671
0.070488
0.070280
0.070052
0.069890
0.069663
0.069484
0.069289
0.069063
0.068858
0.068677
0.068474
0.068315
0.068119
0.067916
0.067760
0.067536
0.067335
0.067180
0.066949
0.066790
0.066636
0.066438
0.066216
0.066064
0.065842
0.065677
0.065526
0.065342
0.065159
0.064966
0.064775
0.064590
0.064405
0.064215
0.064070
0.063882
0.063737
0.063588
0.063407
0.063298
0.063119
0.062934
0.062794
0.062685
0.062473
0.062293
0.062115
0.062012
0.061802
0.061667
0.061468
0.061300
0.061201
0.061029
0.060899
0.060763
0.060595
0.060468
0.060303
0.060185
0.060099
0.059979
0.059862
0.059777
0.059766
0.059688
0.059605
0.059560
0.059488
0.059406
0.059277
0.059164
0.059142
0.059065
0.059042
0.058897
0.058820
0.058749
0.058712
0.058628
0.058552
0.058459
0.058434
0.058325
0.058217
0.058144
0.058023
0.057985
0.057914
0.057808
0.057682
0.057552
0.057527
0.057436
0.057390
0.057323
0.057302
0.057146
0.057069
0.056901
0.056837
0.056744
0.056593
0.056521
0.056384
0.056313
0.056144
0.056073
0.055937
0.055734
0.055659
0.055500
0.055500
0.055389
0.055295
0.055131
0.054982
0.054849
0.054648
0.054484
0.054384
0.054325
0.054164
0.053970
0.053823
0.053697
0.053601
0.053400
0.053244
0.053122
0.052943
0.052786
0.052586
0.052471
0.052314
0.052133
0.051939
0.051760
0.051635
0.051466
0.051274
0.051082
0.050943
0.050736
0.050553
0.050366
0.050160
0.049922
0.049765
0.049529
0.049324
0.049093
0.048912
0.048762
0.048578
0.048340
0.048135
0.047891
0.047729
0.047546
0.047298
0.047163
0.046962
0.046777
0.046549
0.046354
0.046224
0.046027
0.045885
0.045625
0.045456
0.045257
0.045103
0.044960
0.044766
0.044586
0.044431
0.044276
0.044178
0.043979
0.043825
0.043670
0.043584
0.043380
0.043308
0.043191
0.043044
0.042844
0.042757
0.042689
0.042536
0.042408
0.042296
0.042142
0.042058
0.041905
0.041821
0.041711
0.041628
0.041545
0.041379
0.041225
0.041136
0.040984
0.040902
0.040775
0.040694
0.040614
0.040534
0.040455
0.040330
0.040213
0.040174
0.040065
0.039996
0.039877
0.039839
0.039752
0.039630
0.039584
0.039501
0.039492
0.039445
0.039382
0.039311
0.039227
0.039191
0.039064
0.038998
0.038927
0.038884
0.038811
0.038736
0.038624
0.038658
0.038624
0.038590
0.038556
0.038483
0.038354
0.038321
0.038288
0.038217
0.038210
0.038207
0.038111
0.038079
0.038039
0.038007
0.037976
0.037945
0.037866
0.037744
0.037676
0.037676
0.037646
0.037648
0.037568
0.037565
0.037442
0.037442
0.037413
0.037246
0.037249
0.037221
0.037219
0.037177
0.037150
0.037124
0.037124
0.037096
0.036952
0.036877
0.036831
0.036847
0.036822
0.036858
0.036833
0.036778
0.036778
0.036754
0.036730
0.036692
0.036633
0.036556
0.036491
0.036455
0.036482
0.036473
0.036456
0.036422
0.036368
0.036333
0.036307
0.036301
0.036233
0.036213
0.036231
0.036169
0.036124
0.036033
0.036016
0.036008
0.035923
0.035959
0.035817
0.035813
0.035801
0.035801
0.035744
0.035680
0.035718
0.035669
0.035669
0.035584
0.035601
0.035584
0.035430
0.035413
0.035388
0.035388
0.035362
0.035363
0.035268
0.035278
0.035242
0.035163
0.035089
0.035108
0.035134
0.035081
0.035011
0.034979
0.034957
0.034976
0.034935
0.034874
0.034899
0.034947
0.034864
0.034840
0.034840
0.034816
0.034693
0.034683
0.034695
0.034647
0.034613
0.034570
0.034550
0.034601
0.034597
0.034515
0.034471
0.034450
0.034473
0.034469
0.034475
0.034346
0.034339
0.034284
0.034277
0.034209
0.034185
0.034202
0.034137
0.034183
0.034128
0.034160
0.034126
0.034045
0.034037
0.033988
0.033977
0.033901
0.033933
0.033901
0.033947
0.033897
0.033921
0.033871
0.033870
0.033809
0.033831
0.033697
0.033678
0.033656
0.033639
0.033580
0.033615
0.033632
0.033657
0.033607
0.033631
0.033584
0.033597
0.033579
0.033528
0.033528
0.033440
0.033373
0.033323
0.033279
0.033293
0.033335
0.033320
0.033363
0.033351
0.033356
0.033307
0.033313
0.033195
0.033229
0.033267
0.033181
0.033145
0.033072
0.033077
0.033029
0.033063
0.033034
0.033063
0.033017
0.033053
0.032981
0.032994
0.032976
0.032939
0.032896
0.032896
0.032847
0.032824
0.032830
0.032916
0.032869
0.032828
0.032828
0.032795
0.032764
0.032803
0.032757
0.032742
0.032703
0.032672
0.032659
0.032724
0.032678
0.032724
0.032747
0.032767
0.032767
0.032739
0.032739
0.032653
0.032629
0.032585
0.032611
0.032634
0.032634
0.032668
0.032624
0.032643
0.032616
0.032616
0.032540
0.032576
0.032596
0.032619
0.032644
0.032603
0.032624
0.032601
0.032535
0.032571
0.032571
0.032590
0.032633
0.032593
0.032613
0.032635
0.032629
0.032586
0.032621
0.032603
0.032593
0.032631
0.032592
0.032530
0.032648
0.032584
0.032584
0.032584
0.032547
0.032573
0.032597
0.032560
0.032560
0.032554
0.032519
0.032543
0.032543
0.032543
0.032615
0.032647
0.032673
0.032623
0.032590
0.032618
0.032618
0.032585
0.032611
0.032605
0.032605
0.032572
0.032572
0.032632
0.032662
0.032631
0.032666
0.032666
0.032694
0.032695
0.032655
0.032655
0.032655
0.032688
0.032664
0.032668
0.032611
0.032644
0.032682
0.032762
0.032759
0.032759
0.032759
0.032762
0.032730
0.032763
0.032720
0.032720
0.032730
0.032723
0.032757
0.032790
0.032790
0.032753
0.032726
0.032726
0.032761
0.032684
0.032684
0.032717
0.032653
0.032690
0.032726
0.032726
0.032727
0.032711
0.032711
0.032688
0.032689
0.032723
0.032684
0.032651
0.032651
0.032589
0.032625
0.032712
0.032679
0.032679
0.032679
0.032639
0.032671
0.032604
0.032715
0.032737
0.032684
0.032643
0.032642
0.032602
0.032539
0.032503
0.032503
0.032471
0.032508
0.032508
0.032508
0.032485
0.032464
0.032498
0.032545
0.032511
0.032550
0.032550
0.032524
0.032485
0.032485
0.032483
0.032483
0.032483
0.032571
0.032571
0.032532
0.032570
0.032521
0.032521
0.032425
0.032425
0.032349
0.032383
0.032346
0.032362
0.032433
0.032357
0.032400
0.032400
0.032400
0.032378
0.032378
0.032347
0.032347
0.032355
0.032334
0.032334
0.032371
0.032334
0.032308
0.032257
0.032257
0.032237
0.032260
0.032294
0.032244
0.032271
0.032237
0.032210
0.032253
0.032179
0.032179
0.032179
0.032142
0.032142
0.032124
0.032227
0.032239
0.032239
0.032252
0.032210
0.032210
0.032210
0.032176
0.032161
0.032161
0.032124
0.032124
0.032078
0.032037
0.032012
0.032096
0.032096
0.032096
0.032083
0.032065
0.032065
0.032065
0.032030
0.032018
0.031937
0.031917
0.031917
0.031917
0.032021
0.032021
0.032021
0.032021
0.032021
0.031953
0.031891
0.031815
0.031794
0.031785
0.031785
0.031772
0.031807
0.031771
0.031741
0.031741
0.031741
0.031741
0.031753
0.031746
0.031730
0.031730
0.031709
0.031709
0.031704
0.031704
0.031704
0.031737
0.031737
0.031732
0.031682
0.031674
0.031642
0.031639
0.031627
0.031582
0.031582
0.031563
0.031562
0.031562
0.031562
0.031562
0.031533
0.031575
0.031473
0.031473
0.031473
0.031473
0.031474
0.031466
0.031512
0.031496
0.031496
0.031498
0.031441
0.031441
0.031441
0.031441
0.031463
0.031463
0.031463
0.031463
0.031499
0.031504
0.031504
0.031489
0.031461
0.031461
0.031466
0.031466
0.031466
0.031452
0.031476
0.031483
0.031483
0.031483
0.031459
0.031458
0.031367
0.031367
0.031370
0.031346
0.031346
0.031355
0.031355
0.031367
0.031369
0.031413
0.031423
0.031423
0.031423
0.031370
0.031370
0.031318
0.031294
0.031294
0.031271
0.031337
0.031335
0.031282
0.031282
0.031282
0.031282
0.031264
0.031264
0.031255
0.031255
0.031255
0.031255
0.031270
0.031278
0.031278
0.031278
0.031313
0.031330
0.031330
0.031294
0.031288
0.031288
0.031305
0.031284
0.031284
0.031286
0.031280
0.031344
0.031344
0.031344
0.031295
0.031314
0.031314
0.031309
0.031309
0.031345
0.031365
0.031365
0.031322
0.031322
0.031322
0.031300
0.031300
0.031344
0.031341
0.031341
0.031382
0.031382
0.031382
0.031382
0.031380
0.031403
0.031372
0.031372
0.031372
0.031403
0.031439
0.031408
0.031373
0.031336
0.031336
0.031361
0.031361
0.031361
0.031328
0.031328
0.031354
0.031355
0.031389
0.031389
0.031389
0.031415
0.031383
0.031418
0.031418
0.031418
0.031385
0.031402
0.031366
0.031342
0.031342
0.031327
0.031355
0.031393
0.031393
0.031393
0.031472
0.031472
0.031530
0.031530
0.031473
0.031413
0.031457
0.031492
0.031492
0.031492
0.031492
0.031526
0.031534
0.031564
0.031605
0.031605
0.031605
0.031580
0.031580
0.031612
0.031612
0.031612
0.031531
0.031495
0.031525
0.031559
0.031521
0.031556
0.031522
0.031522
0.031491
0.031458
0.031470
0.031503
0.031466
0.031430
0.031393
0.031407
0.031407
0.031407
0.031474
0.031487
0.031501
0.031545
0.031545
0.031529
