2.079528
1.942705
1.821574
1.743906
1.706511
1.693894
1.691523
1.691231
1.690877
1.690268
1.689323
1.688456
1.688183
1.688233
1.688619
1.689215
1.690108
1.690408
1.690807
1.690582
1.690251
1.689814
1.689169
1.688241
1.687593
1.686993
1.686500
1.686198
1.685837
1.685368
1.684944
1.684297
1.683717
1.683127
1.682497
1.681984
1.681410
1.680773
1.680177
1.679606
1.679049
1.678380
1.677951
1.677490
1.676811
1.676181
1.675782
1.675246
1.674729
1.673861
1.673368
1.672595
1.671826
1.671892
1.671115
1.670666
1.670180
1.669364
1.668801
1.668283
1.667538
1.667037
1.667027
1.666464
1.665817
1.665074
1.664470
1.664306
1.663536
1.662817
1.662167
1.661709
1.660993
1.660163
1.659238
1.658431
1.657791
1.657085
1.656239
1.656293
1.655717
1.655045
1.654139
1.653569
1.652990
1.652218
1.651381
1.650933
1.650238
1.649357
1.648534
1.647110
1.645559
1.644203
1.642802
1.641496
1.640206
1.639030
1.637703
1.636758
1.635519
1.634200
1.633109
1.632488
1.631222
1.630007
1.628773
1.627497
1.625947
1.624352
1.623080
1.621805
1.620596
1.619420
1.618261
1.616347
1.614819
1.613448
1.612265
1.611063
1.610001
1.608819
1.607878
1.606724
1.605531
1.604473
1.603334
1.602142
1.600765
1.599391
1.597395
1.595943
1.594724
1.593322
1.591813
1.591062
1.590179
1.589371
1.589023
1.588387
1.587621
1.587138
1.586415
1.585780
1.585212
1.584400
1.583338
1.582626
1.582033
1.581448
1.581079
1.580262
1.579394
1.578973
1.578521
1.578180
1.578012
1.577701
1.577574
1.577233
1.576948
1.576549
1.575869
1.574974
1.574156
1.572768
1.572130
1.571328
1.570519
1.570064
1.569630
1.569094
1.568690
1.568101
1.567727
1.567390
1.566859
1.566844
1.566470
1.566006
1.565370
1.564611
1.563985
1.563328
1.562827
1.562108
1.561722
1.561064
1.560567
1.559827
1.558888
1.558758
1.558227
1.557918
1.557465
1.557279
1.557104
1.556879
1.556569
1.556024
1.555377
1.554784
1.554064
1.553388
1.552596
1.551883
1.551179
1.550373
1.549870
1.549554
1.549044
1.548825
1.548597
1.548354
1.548239
1.548057
1.547699
1.547537
1.547120
1.546564
1.545965
1.545406
1.544658
1.544145
1.543023
1.542403
1.541841
1.541312
1.541116
1.540758
1.540596
1.540592
1.540615
1.540561
1.540322
1.540102
1.539818
1.539368
1.538783
1.538131
1.537363
1.536560
1.535907
1.535282
1.534777
1.534214
1.533971
1.533998
1.533589
1.533718
1.533565
1.533532
1.533342
1.533086
1.532622
1.532006
1.531313
1.530507
1.529468
1.528882
1.528237
1.527545
1.527190
1.526851
1.526684
1.526570
1.526452
1.526583
1.526485
1.526325
1.526185
1.525870
1.525281
1.524563
1.523683
1.522782
1.521724
1.520636
1.519524
1.518444
1.517822
1.517100
1.516909
1.516943
1.516631
1.516719
1.516577
1.516543
1.516445
1.515949
1.515049
1.514194
1.512980
1.511828
1.510465
1.509356
1.508246
1.507494
1.506917
1.506688
1.506536
1.506354
1.506124
1.505940
1.505555
1.505308
1.505101
1.504607
1.503624
1.502508
1.501016
1.499712
1.498250
1.496882
1.495499
1.494269
1.493218
1.492571
1.492244
1.491908
1.491618
1.491485
1.491085
1.490758
1.490239
1.489772
1.488963
1.487698
1.486378
1.485076
1.483623
1.482211
1.480719
1.479493
1.478678
1.477905
1.477558
1.477219
1.476910
1.476661
1.476295
1.475960
1.475433
1.474604
1.473463
1.472262
1.471038
1.469826
1.468744
1.467343
1.466011
1.465434
1.464404
1.463630
1.463095
1.462631
1.462181
1.461488
1.460726
1.459909
1.458821
1.457811
1.456916
1.455888
1.455147
1.454170
1.453384
1.452715
1.451962
1.451357
1.450617
1.450051
1.449383
1.448786
1.447998
1.447413
1.446699
1.445911
1.445379
1.444762
1.444707
1.444000
1.443522
1.443202
1.443018
1.442883
1.442817
1.442628
1.442397
1.442291
1.442113
1.441716
1.441100
1.440476
1.439928
1.439384
1.438927
1.438430
1.437812
1.437338
1.436815
1.436313
1.435682
1.435282
1.434855
1.434249
1.433769
1.433368
1.432899
1.432446
1.431991
1.431660
1.431519
1.431253
1.431130
1.431073
1.430742
1.430970
1.430731
1.430281
1.429900
1.429295
1.429627
1.429334
1.429160
1.429063
1.428940
1.428724
1.428406
1.428180
1.428063
1.427727
1.427623
1.427438
1.427254
1.427221
1.427254
1.427246
1.427234
1.427264
1.427166
1.427095
1.427103
1.426937
1.427012
1.426923
1.427026
1.426968
1.427048
1.427106
1.427054
1.427173
1.427105
1.427361
1.427301
1.427401
1.427517
1.427550
1.427583
1.427857
1.427945
1.427786
1.427948
1.427917
1.428156
1.427974
1.428062
1.428101
1.428029
1.428183
1.428194
1.428226
1.428103
1.428145
1.428123
1.428050
1.427982
1.427906
1.427741
1.427720
1.427721
1.427526
1.427660
1.427434
1.427584
1.427308
1.427211
1.427282
1.427069
1.426997
1.426835
1.426712
1.426656
1.426528
1.426317
1.426112
1.425965
1.425864
1.425673
1.425469
1.425364
1.425150
1.424910
1.424593
1.424531
1.424552
1.424459
1.424223
1.424017
1.423919
1.423869
1.423831
1.423568
1.423470
1.423110
1.423028
1.422824
1.422677
1.422652
1.422405
1.422261
1.422136
1.422129
1.422029
1.421936
1.421929
1.421876
1.421887
1.421637
1.421607
1.421645
1.421530
1.421481
1.421382
1.421394
1.421414
1.421198
1.421361
1.421164
1.421253
1.421225
1.421307
1.421299
1.421367
1.421520
1.421540
1.421648
1.421730
1.421744
1.421836
1.421847
1.422048
1.422124
1.422319
1.422399
1.422372
1.422560
1.422860
1.423085
1.423253
1.423439
1.423639
1.423805
1.423984
1.424242
1.424335
1.425133
1.425262
1.425385
1.425645
1.425863
1.425904
1.426165
1.426282
1.426524
1.426838
1.427048
1.427137
1.427244
1.427600
1.427646
1.427967
1.428310
1.428609
1.428796
1.428896
1.429080
1.429266
1.429548
1.429726
1.429906
1.430182
1.430180
1.430547
1.430635
1.430829
1.431014
1.431028
1.431125
1.431251
1.431403
1.431501
1.431672
1.431772
1.431843
1.431852
1.431883
1.431942
1.432012
1.431998
1.431996
1.432029
1.432086
1.432018
1.431926
1.431976
1.431785
1.431703
1.431672
1.431581
1.431442
1.431239
1.431203
1.431154
1.431019
1.430826
1.430556
1.430270
1.429994
1.429782
1.429664
1.429200
1.428930
1.428742
1.428399
1.428162
1.427991
1.427949
1.427718
1.427434
1.427091
1.426751
1.426625
1.426232
1.426008
1.425665
1.425289
1.425000
1.424586
1.424251
1.423948
1.423439
1.423113
1.422757
1.422282
1.422119
1.421701
1.421391
1.421073
1.420642
1.420232
1.419885
1.419553
1.419194
1.418835
1.418468
1.418172
1.417722
1.417327
1.416962
1.416565
1.416287
1.415875
1.415519
1.415068
1.414810
1.414261
1.414050
1.413905
1.413498
1.413117
1.412664
1.412270
1.411950
1.411507
1.411242
1.410890
1.410361
1.410078
1.409758
1.409481
1.408994
1.408625
1.408338
1.407914
1.407569
1.407336
1.407030
1.406719
1.406245
1.405924
1.405719
1.405349
1.405084
1.404753
1.404580
1.404217
1.403941
1.403675
1.403400
1.403165
1.402962
1.402595
1.402372
1.402126
1.401959
1.401731
1.401565
1.401252
1.401068
1.400841
1.400720
1.400447
1.400340
1.400121
1.399969
1.399832
1.399531
1.399351
1.399248
1.399217
1.399199
1.399202
1.398997
1.398909
1.398804
1.398722
1.398565
1.398347
1.398264
1.398191
1.398169
1.398088
1.398037
1.397908
1.397972
1.397986
1.397971
1.397963
1.398074
1.398043
1.398033
1.398180
1.398229
1.398225
1.398144
1.398265
1.398352
1.398467
1.398526
1.398670
1.398680
1.398816
1.398881
1.399023
1.399074
1.399234
1.399339
1.399439
1.399559
1.399754
1.399895
1.400026
1.400199
1.400421
1.400531
1.400766
1.400911
1.401042
1.401214
1.401387
1.401583
1.401739
1.401917
1.402137
1.402302
1.402631
1.402880
1.403052
1.403269
1.403491
1.403707
1.403821
1.404076
1.404355
1.404542
1.404607
1.404865
1.404994
1.405179
1.405415
1.405537
1.405743
1.405896
1.406059
1.406256
1.406516
1.406663
1.406738
1.406860
1.407040
1.407210
1.407338
1.407509
1.407569
1.407565
1.407661
1.407795
1.407842
1.407939
1.408035
1.408168
1.408255
1.408259
1.408364
1.408508
1.408526
1.408640
1.408667
1.408658
1.408639
1.408766
1.408888
1.408804
1.408881
1.408989
1.408994
1.408972
1.409000
1.408952
1.409065
1.409019
1.409073
1.409017
1.408926
1.408992
1.409004
1.409150
1.409099
1.409149
1.409057
1.409034
1.409123
1.409019
1.409071
1.409048
1.409113
1.409103
1.409185
1.409200
1.409267
1.409392
1.409427
1.409589
1.409614
1.409555
1.409678
1.409712
1.409875
1.409814
1.409989
1.410025
1.410154
1.410232
1.410284
1.410419
1.410521
1.410665
1.410752
1.410874
1.410869
1.410949
1.410973
1.411031
1.411256
1.411344
1.411552
1.411616
1.411869
1.411817
1.411926
1.412099
1.412110
1.412376
1.412395
1.412568
1.412627
1.412736
1.412781
1.412799
1.412897
1.413019
1.413103
1.413296
1.413389
1.413563
1.413684
1.413817
1.413819
1.413959
1.414017
1.414172
1.414292
1.414432
1.414698
1.414856
1.415017
1.415248
1.415249
1.415332
1.415456
1.415635
1.415809
1.415901
1.416217
1.416343
1.416503
1.416643
1.416819
1.417005
1.417177
1.417359
1.417583
1.417680
1.417875
1.418048
1.418258
1.418463
1.418576
1.418685
1.418972
1.419103
1.419229
1.419366
1.419626
1.419861
1.420001
1.420082
1.420219
1.420346
1.420576
1.420687
1.420879
1.421019
1.421200
1.421289
1.421402
1.421562
1.421819
1.422003
1.422088
1.422261
1.422560
1.422619
1.422788
1.422895
1.422930
1.423124
1.423250
1.423522
1.423666
1.423749
1.423937
1.424042
1.424147
1.424316
1.424445
1.424543
1.424720
1.424774
1.424949
1.425172
1.425112
1.425342
1.425389
1.425587
1.425697
1.425812
1.425942
1.426044
1.426201
1.426271
1.426348
1.426482
1.426620
1.426745
1.426789
1.426964
1.427077
1.427209
1.427301
1.427459
1.427543
1.427632
1.427800
1.427837
1.428055
1.427975
1.428070
1.428210
1.428358
1.428438
1.428569
1.428619
1.428742
1.428831
1.428906
1.429005
1.429025
1.429120
1.429274
1.429322
1.429408
1.429499
1.429486
1.429526
1.429618
1.429736
1.429864
1.429996
1.430044
1.430136
1.430272
1.430275
1.430325
1.430416
1.430536
1.430627
1.430654
1.430668
1.430734
1.430783
1.430876
1.430953
1.431087
1.431084
1.431156
1.431300
1.431373
1.431416
1.431470
1.431464
1.431579
1.431675
1.431720
1.431776
1.431847
1.431842
1.431934
1.431986
1.432081
1.432196
1.432274
1.432361
1.432388
1.432483
1.432437
1.432475
1.432525
1.432639
1.432762
1.432712
1.432762
1.432823
1.432897
1.432897
1.432947
1.433018
1.433064
1.433077
1.433126
1.433156
1.433180
1.433230
1.433279
1.433329
1.433345
1.433341
1.433528
1.433528
1.433570
1.433620
1.433680
1.433730
1.433730
1.433762
1.433712
1.433809
1.433809
1.433863
1.433855
1.433932
1.433982
1.433954
1.433933
1.433983
1.434033
1.434104
1.434104
1.434101
1.434165
1.434165
1.434288
1.434288
1.434338
1.434334
1.434376
1.434454
1.434464
1.434514
1.434541
1.434491
1.434554
1.434552
1.434600
1.434650
1.434650
1.434653
1.434653
1.434730
1.434730
1.434831
1.434781
1.434765
1.434815
1.434807
1.434834
1.434884
1.434834
1.434834
1.434936
1.434936
1.434964
1.435012
1.435035
1.435135
1.435135
1.435162
1.435117
1.435199
1.435199
1.435249
1.435243
1.435243
1.435242
1.435252
1.435252
1.435374
1.435374
1.435338
1.435438
1.435466
1.435466
1.435462
1.435540
1.435490
1.435445
1.435445
1.435502
1.435502
1.435457
1.435490
1.435490
1.435524
1.435624
1.435624
1.435624
1.435698
1.435707
1.435752
1.435752
1.435752
1.435775
1.435774
1.435733
1.435733
1.435761
1.435811
1.435811
1.435811
1.435838
1.435847
1.435909
1.435815
1.435866
1.435866
1.435866
1.435866
1.435939
1.435928
1.435928
1.435927
1.435970
1.435928
1.435956
1.435957
1.435957
1.435954
1.435982
1.436032
1.436004
1.436004
1.436004
1.435937
1.435987
1.436018
1.436018
1.436016
1.435962
1.435962
1.436012
1.436012
1.436012
1.435976
1.435976
1.435976
1.435976
1.435977
1.436027
1.435985
1.435985
1.436013
1.436013
1.435972
1.435999
1.435999
1.436001
1.436051
1.436051
1.436096
1.436068
1.436068
1.436068
1.436046
1.436004
1.436054
1.436043
1.436038
1.436038
1.435946
1.435908
1.435878
1.435872
1.435836
1.435837
1.435837
1.435887
1.435843
1.435843
1.435802
1.435830
1.435780
1.435780
1.435776
1.435776
1.435776
1.435776
1.435767
1.435775
1.435729
1.435733
1.435733
1.435733
1.435733
1.435716
1.435716
1.435715
1.435717
1.435717
1.435717
1.435717
1.435717
1.435767
1.435767
1.435743
1.435743
1.435701
1.435701
1.435729
1.435729
1.435687
1.435687
1.435637
1.435637
1.435637
1.435637
1.435687
1.435687
1.435687
1.435687
1.435682
1.435648
1.435584
1.435584
1.435584
1.435584
1.435584
1.435584
1.435584
1.435548
1.435548
1.435548
1.435548
1.435548
1.435502
1.435502
1.435502
1.435502
1.435530
1.435462
1.435511
1.435511
1.435511
1.435484
1.435484
1.435484
1.435484
1.435488
1.435517
1.435515
1.435515
1.435474
1.435470
1.435470
1.435470
1.435470
1.435470
1.435420
1.435420
1.435420
1.435420
1.435420
1.435420
1.435448
1.435357
1.435308
1.435314
1.435314
1.435279
1.435279
1.435279
1.435279
1.435279
1.435279
1.435255
1.435255
1.435255
1.435256
1.435215
1.435218
1.435246
1.435246
1.435246
1.435246
1.435218
1.435218
1.435218
1.435218
1.435218
1.435218
1.435218
1.435246
1.435204
1.435204
1.435204
1.435209
1.435209
1.435209
1.435174
1.435174
1.435174
1.435174
1.435174
1.435174
1.435174
1.435174
1.435132
1.435162
1.435062
1.435062
1.435062
1.435062
1.435034
1.435034
1.435034
1.435034
1.435034
1.435034
1.435034
1.435062
1.435062
1.435062
1.435024
1.435024
1.435024
1.435024
1.435024
1.435024
1.435024
1.435025
1.435025
1.435025
1.434983
1.434983
1.434983
1.434983
1.434983
1.434983
1.434983
1.434983
1.434983
1.434983
1.434983
1.434983
1.434983
1.434983
1.434983
1.434985
1.435013
1.435013
1.434972
1.434972
1.434972
1.435013
1.434985
1.434985
1.434985
1.434985
1.434935
1.434935
1.434935
1.434922
1.434922
1.434922
1.434872
1.434872
1.434872
1.434872
1.434872
1.434872
1.434872
1.434836
1.434836
1.434836
1.434836
1.434836
1.434836
1.434836
1.434836
1.434836
1.434836
1.434831
1.434831
1.434831
1.434831
1.434831
1.434831
1.434831
1.434831
1.434833
1.434798
1.434756
1.434756
1.434756
1.434759
1.434800
1.434800
1.434800
1.434800
1.434800
1.434750
1.434750
1.434750
1.434750
1.434709
1.434709
1.434709
1.434709
1.434709
1.434706
1.434706
1.434747
1.434747
1.434747
1.434747
1.434747
1.434747
1.434706
1.434706
1.434734
1.434834
1.435731
1.449345
1.442505
1.457282
1.456487
1.474363
1.476316
1.485926
1.494236
1.503368
1.509797
1.516261
1.521195
1.524980
1.527577
1.528925
1.529358
1.528711
1.526760
1.524932
1.522809
1.521188
1.519413
1.518172
1.516814
1.515457
1.514001
1.512400
1.510761
1.509266
1.507739
1.506557
1.505423
1.504519
1.503823
1.502986
1.502296
1.501453
1.500654
1.499765
1.498863
1.497887
1.496993
1.495925
1.495015
1.494026
1.492937
1.491941
1.490935
1.489767
1.488562
1.486615
1.482972
1.477153
1.469581
1.460325
1.450160
1.439514
1.429209
1.418958
1.409031
1.399215
1.389441
1.379739
1.370595
1.360916
1.350680
1.340566
1.330155
1.319944
1.310249
1.301370
1.293650
1.287548
1.283244
1.280423
1.278591
1.277492
1.276529
1.275141
1.273604
1.271527
1.269308
1.267102
1.265006
1.263051
1.261536
1.260028
1.258435
1.256778
1.254999
1.253243
1.251111
1.248857
1.246774
1.244444
1.242297
1.240104
1.237942
1.235778
1.233512
1.231248
1.229168
1.226853
1.224524
1.222319
1.219784
1.217474
1.215114
1.212642
1.210249
1.207878
1.205597
1.203343
1.200907
1.198690
1.196038
1.193789
1.191371
1.189037
1.186804
1.184473
1.182336
1.180098
1.177998
1.175462
1.173164
1.170658
1.168415
1.166060
1.163727
1.161337
1.158882
1.156673
1.154237
1.152054
1.149940
1.147507
1.145292
1.143002
1.140785
1.138962
1.136848
1.134805
1.132619
1.130615
1.128356
1.126062
1.124028
1.121891
1.119876
1.117755
1.115820
1.113953
1.112093
1.110146
1.108210
1.106402
1.104583
1.102712
1.100837
1.098761
1.096722
1.094808
1.092948
1.091161
1.089318
1.087765
1.086173
1.084566
1.082817
1.081158
1.079546
1.077862
1.076420
1.074849
1.073442
1.071843
1.070209
1.068568
1.067157
1.065806
1.064557
1.063274
1.061865
1.060696
1.059324
1.057957
1.056763
1.055399
1.054180
1.052584
1.051418
1.050225
1.048977
1.047793
1.046506
1.045224
1.043960
1.042812
1.041539
1.040402
1.039347
1.038027
1.036925
1.035747
1.034632
1.033419
1.032091
1.030981
1.029825
1.029006
1.028026
1.027230
1.026254
1.025232
1.024006
1.022848
1.021454
1.020308
1.019345
1.018491
1.017173
1.015655
1.014145
1.012490
1.010957
1.009275
1.007818
1.006300
1.004675
1.003112
1.001607
0.999953
0.997944
0.996457
0.994873
0.993297
0.991870
0.990298
0.988723
0.987087
0.985534
0.983864
0.982363
0.980760
0.979399
0.977915
0.976845
0.975599
0.974438
0.973101
0.971877
0.970553
0.969531
0.968316
0.967369
0.966163
0.964963
0.963899
0.962652
0.961514
0.960384
0.959188
0.958094
0.957178
0.956076
0.955145
0.954211
0.953378
0.952579
0.951727
0.950754
0.949891
0.948744
0.947385
0.946214
0.945000
0.943994
0.942771
0.942105
0.941189
0.940278
0.939257
0.938123
0.937029
0.935919
0.934851
0.933432
0.932157
0.930839
0.929186
0.927531
0.926126
0.925086
0.924190
0.923293
0.922225
0.921462
0.920432
0.919582
0.918576
0.917721
0.917047
0.916017
0.915224
0.914225
0.913381
0.912475
0.911708
0.910737
0.910251
0.909603
0.909306
0.909050
0.908798
0.908547
0.908098
0.908040
0.907577
0.907229
0.906309
0.905735
0.904721
0.903581
0.902438
0.901279
0.900145
0.898790
0.897400
0.896286
0.895786
0.895324
0.895327
0.895953
0.896981
0.898217
0.899694
0.900795
0.901227
0.900852
0.899797
0.898797
0.897541
0.896297
0.894974
0.894019
0.893106
0.892832
0.892316
0.891790
0.891117
0.890542
0.889847
0.889220
0.888487
0.887807
0.887087
0.886140
0.885498
0.884925
0.884520
0.884005
0.883512
0.883024
0.882607
0.882154
0.881616
0.881078
0.880466
0.879909
0.879415
0.878727
0.878319
0.877973
0.877750
0.877360
0.877249
0.876894
0.876448
0.876038
0.875601
0.874973
0.874362
0.873579
0.872916
0.872316
0.871790
0.871134
0.870585
0.869966
0.869063
0.868393
0.867592
0.866611
0.865600
0.864668
0.863554
0.862500
0.861408
0.860404
0.859641
0.859238
0.859258
0.859759
0.860412
0.861295
0.862142
0.862585
0.862277
0.861064
0.859478
0.857961
0.856495
0.854848
0.852972
0.851070
0.849287
0.847506
0.845777
0.844130
0.842506
0.840941
0.838913
0.837007
0.835233
0.833714
0.832660
0.832399
0.832509
0.833474
0.835713
0.838887
0.842585
0.846574
0.850113
0.852629
0.853322
0.852273
0.850289
0.847541
0.844620
0.841743
0.839245
0.836854
0.834486
0.832556
0.830932
0.829247
0.827359
0.825521
0.823585
0.821734
0.819980
0.818191
0.816482
0.814456
0.812658
0.810911
0.809657
0.808765
0.807495
0.806723
0.806092
0.805728
0.805396
0.805418
0.805476
0.805269
0.804916
0.803942
0.802847
0.801677
0.800211
0.798756
0.797118
0.795571
0.793898
0.792222
0.790500
0.788572
0.786665
0.784487
0.782281
0.780012
0.777830
0.775942
0.774102
0.772162
0.770457
0.769074
0.767792
0.766604
0.765680
0.764963
0.764370
0.763682
0.762780
0.761625
0.760452
0.759156
0.757874
0.756605
0.755496
0.754516
0.753205
0.752128
0.751008
0.749887
0.748545
0.747096
0.745138
0.742617
0.739902
0.737183
0.734335
0.731397
0.728492
0.725802
0.723652
0.722030
0.720681
0.719683
0.718671
0.717818
0.716750
0.715668
0.714411
0.713174
0.712023
0.710845
0.709664
0.708273
0.707178
0.706031
0.704861
0.703438
0.701577
0.699322
0.696948
0.694374
0.691907
0.689396
0.687119
0.685199
0.683477
0.682329
0.681404
0.680782
0.680291
0.680088
0.680128
0.680053
0.679987
0.679645
0.678831
0.677465
0.675741
0.673704
0.671632
0.669400
0.667494
0.665423
0.664020
0.663114
0.662472
0.662048
0.661728
0.661543
0.661371
0.661016
0.660590
0.659761
0.658837
0.657431
0.655540
0.653479
0.651420
0.649423
0.647396
0.645415
0.643920
0.642856
0.641989
0.641520
0.641282
0.640990
0.640753
0.640212
0.639712
0.638791
0.637256
0.635659
0.633594
0.631535
0.629493
0.627415
0.625292
0.623602
0.622328
0.621437
0.620612
0.620042
0.619470
0.618982
0.618442
0.617747
0.616846
0.615841
0.614289
0.612396
0.610285
0.608089
0.605991
0.603647
0.601535
0.599754
0.598482
0.597338
0.596218
0.595436
0.594625
0.593806
0.592916
0.591872
0.590641
0.588986
0.586974
0.584752
0.582525
0.580144
0.577909
0.575537
0.573610
0.571821
0.570473
0.569350
0.568261
0.567188
0.566244
0.565228
0.564248
0.563250
0.562146
0.560570
0.558497
0.556407
0.553993
0.551670
0.549305
0.546988
0.544770
0.542763
0.541360
0.540021
0.539020
0.537962
0.537056
0.536193
0.535068
0.534243
0.533107
0.531765
0.530208
0.528581
0.526758
0.525140
0.523498
0.521876
0.520230
0.518504
0.517117
0.515740
0.514378
0.512832
0.511499
0.509955
0.508464
0.507133
0.505737
0.504378
0.502933
0.501290
0.499891
0.498212
0.496684
0.495270
0.493983
0.492791
0.491670
0.490594
0.489564
0.488670
0.488040
0.487127
0.486212
0.485120
0.483888
0.482525
0.481224
0.479805
0.478579
0.477163
0.475769
0.474195
0.472541
0.470879
0.469151
0.467756
0.466164
0.464666
0.463368
0.462149
0.460805
0.459797
0.458693
0.457403
0.456251
0.455027
0.453845
0.452671
0.451394
0.450199
0.448865
0.447665
0.446392
0.445069
0.443787
0.442449
0.441215
0.439859
0.438543
0.437136
0.435819
0.434453
0.433055
0.431728
0.430403
0.428995
0.427738
0.426365
0.424722
0.422858
0.420772
0.418858
0.416793
0.414656
0.412517
0.410599
0.408765
0.407131
0.405496
0.403962
0.402455
0.401031
0.399490
0.398241
0.396968
0.395733
0.394797
0.393536
0.392409
0.391312
0.390278
0.389260
0.388231
0.386978
0.385834
0.384693
0.383489
0.382481
0.381369
0.380190
0.379009
0.377820
0.376456
0.375149
0.373872
0.372456
0.371129
0.369822
0.368484
0.367149
0.366019
0.364960
0.363918
0.362952
0.361960
0.361097
0.360127
0.359113
0.358071
0.356969
0.356044
0.355189
0.354216
0.353251
0.352293
0.351160
0.350294
0.349380
0.348367
0.347382
0.346463
0.345541
0.344464
0.343561
0.342669
0.341581
0.340631
0.339715
0.338673
0.337864
0.336871
0.335856
0.334711
0.333447
0.332081
0.330799
0.329613
0.328323
0.327095
0.326111
0.325251
0.324287
0.323548
0.322727
0.322034
0.321198
0.320276
0.319473
0.318500
0.317666
0.316637
0.315817
0.314962
0.314060
0.313269
0.312496
0.311582
0.310770
0.309816
0.309136
0.308132
0.307284
0.306371
0.305568
0.304316
0.303222
0.302061
0.300950
0.299762
0.298510
0.297381
0.296314
0.295381
0.294498
0.293505
0.292802
0.292082
0.291200
0.290286
0.289419
0.288569
0.287615
0.286848
0.285876
0.285020
0.284016
0.283133
0.282222
0.281342
0.280286
0.279350
0.278426
0.277589
0.276651
0.275685
0.274653
0.273498
0.272368
0.271119
0.270057
0.268890
0.267811
0.266835
0.265894
0.264933
0.264043
0.263209
0.262469
0.261811
0.260999
0.260093
0.259248
0.258338
0.257532
0.256673
0.255948
0.255171
0.254295
0.253508
0.252684
0.251926
0.251076
0.250328
0.249417
0.248418
0.247662
0.246812
0.245917
0.245128
0.244290
0.243588
0.242912
0.242228
0.241505
0.240844
0.240199
0.239568
0.238861
0.238299
0.237613
0.236999
0.236298
0.235518
0.234749
0.233923
0.233272
0.232514
0.231798
0.231195
0.230731
0.230083
0.229520
0.228927
0.228292
0.227780
0.227243
0.226665
0.226187
0.225475
0.224749
0.224090
0.223379
0.222788
0.222157
0.221570
0.221040
0.220495
0.220067
0.219682
0.219159
0.218654
0.218229
0.217872
0.217396
0.216955
0.216349
0.215957
0.215370
0.214916
0.214451
0.213875
0.213371
0.212778
0.212242
0.211794
0.211343
0.210908
0.210460
0.209905
0.209415
0.208760
0.208305
0.207850
0.207387
0.206787
0.206377
0.205731
0.205296
0.204812
0.204365
0.203671
0.203141
0.202461
0.201790
0.201293
0.200669
0.199972
0.199401
0.198761
0.198230
0.197643
0.197191
0.196679
0.196172
0.195569
0.194968
0.194477
0.193984
0.193418
0.192934
0.192284
0.191842
0.191222
0.190679
0.190090
0.189571
0.188994
0.188366
0.187767
0.187164
0.186592
0.185779
0.185086
0.184377
0.183615
0.182952
0.182092
0.181411
0.180592
0.179804
0.179006
0.178366
0.177497
0.176659
0.175829
0.175056
0.174302
0.173400
0.172537
0.171646
0.170933
0.170135
0.169249
0.168448
0.167606
0.166646
0.165893
0.165035
0.164198
0.163294
0.162436
0.161500
0.160594
0.159783
0.158874
0.158002
0.157072
0.156223
0.155410
0.154481
0.153639
0.152864
0.151975
0.151072
0.150240
0.149355
0.148576
0.147643
0.146813
0.146089
0.145235
0.144331
0.143576
0.142781
0.142086
0.141267
0.140418
0.139791
0.138978
0.138296
0.137642
0.136756
0.136089
0.135347
0.134621
0.133976
0.133348
0.132719
0.132169
0.131450
0.130774
0.130208
0.129598
0.129030
0.128348
0.127807
0.127172
0.126540
0.125961
0.125399
0.124955
0.124474
0.123910
0.123471
0.122963
0.122414
0.121849
0.121347
0.120887
0.120314
0.119858
0.119365
0.118840
0.118422
0.117881
0.117410
0.116908
0.116519
0.116030
0.115471
0.114937
0.114533
0.114042
0.113553
0.113052
0.112563
0.112156
0.111624
0.111094
0.110662
0.110310
0.109939
0.109543
0.109012
0.108563
0.108047
0.107557
0.106944
0.106543
0.105938
0.105476
0.104977
0.104538
0.104041
0.103438
0.102911
0.102363
0.101846
0.101239
0.100597
0.099998
0.099534
0.099121
0.098466
0.097816
0.097108
0.096533
0.096028
0.095497
0.094831
0.094296
0.093738
0.093113
0.092450
0.091964
0.091345
0.090668
0.090091
0.089553
0.088838
0.088293
0.087686
0.087164
0.086573
0.086046
0.085447
0.084863
0.084248
0.083696
0.083160
0.082544
0.082022
0.081437
0.080884
0.080320
0.079741
0.079205
0.078738
0.078159
0.077661
0.077174
0.076605
0.076091
0.075613
0.075114
0.074649
0.074179
0.073658
0.073263
0.072729
0.072197
0.071802
0.071267
0.070879
0.070363
0.070057
0.069685
0.069215
0.068877
0.068396
0.068083
0.067666
0.067295
0.066911
0.066552
0.066181
0.065869
0.065495
0.065114
0.064867
0.064504
0.064195
0.063914
0.063575
0.063209
0.062957
0.062574
0.062320
0.062095
0.061739
0.061567
0.061282
0.061034
0.060763
0.060453
0.060296
0.060061
0.059720
0.059578
0.059329
0.059110
0.058845
0.058615
0.058420
0.058259
0.058046
0.057835
0.057631
0.057465
0.057310
0.057116
0.057006
0.056790
0.056565
0.056375
0.056147
0.055994
0.055836
0.055650
0.055579
0.055336
0.055149
0.055045
0.054977
0.054813
0.054719
0.054521
0.054321
0.054184
0.053948
0.053878
0.053765
0.053671
0.053483
0.053312
0.053213
0.053112
0.052956
0.052738
0.052640
0.052539
0.052360
0.052229
0.052164
0.052045
0.051859
0.051702
0.051552
0.051418
0.051325
0.051267
0.051133
0.050972
0.050903
0.050774
0.050648
0.050558
0.050415
0.050171
0.050171
0.049986
0.049843
0.049637
0.049518
0.049370
0.049212
0.049140
0.049143
0.048989
0.048854
0.048783
0.048640
0.048503
0.048435
0.048245
0.048139
0.047935
0.047981
0.047802
0.047672
0.047599
0.047502
0.047379
0.047246
0.047174
0.046919
0.046855
0.046765
0.046587
0.046502
0.046450
0.046342
0.046278
0.046124
0.046005
0.045958
0.045800
0.045711
0.045582
0.045533
0.045506
0.045376
0.045223
0.045002
0.044939
0.044828
0.044694
0.044589
0.044590
0.044499
0.044362
0.044218
0.044112
0.044023
0.043915
0.043766
0.043646
0.043485
0.043411
0.043321
0.043241
0.043142
0.043004
0.042906
0.042866
0.042783
0.042511
0.042504
0.042251
0.042213
0.042153
0.042006
0.041974
0.041832
0.041717
0.041623
0.041494
0.041370
0.041376
0.041285
0.041137
0.041036
0.040933
0.040865
0.040704
0.040554
0.040507
0.040393
0.040402
0.040228
0.040190
0.040067
0.040016
0.039876
0.039725
0.039587
0.039544
0.039422
0.039225
0.039158
0.039112
0.039044
0.038884
0.038935
0.038909
0.038831
0.038752
0.038592
0.038465
0.038460
0.038334
0.038227
0.038160
0.038203
0.038115
0.037995
0.037852
0.037729
0.037664
0.037640
0.037594
0.037531
0.037490
0.037377
0.037381
0.037289
0.037246
0.037115
0.037077
0.037014
0.036998
0.036893
0.036740
0.036665
0.036651
0.036633
0.036661
0.036618
0.036536
0.036524
0.036524
0.036429
0.036409
0.036400
0.036214
0.036205
0.036197
0.036148
0.036140
0.036052
0.035965
0.035933
0.035886
0.035873
0.035830
0.035780
0.035792
0.035790
0.035747
0.035719
0.035723
0.035668
0.035712
0.035714
0.035717
0.035639
0.035581
0.035603
0.035607
0.035604
0.035610
0.035603
0.035608
0.035566
0.035480
0.035439
0.035441
0.035441
0.035473
0.035437
0.035447
0.035449
0.035412
0.035440
0.035372
0.035372
0.035384
0.035349
0.035392
0.035417
0.035343
0.035408
0.035377
0.035412
0.035417
0.035401
0.035340
0.035323
0.035337
0.035355
0.035355
0.035319
0.035271
0.035231
0.035255
0.035321
0.035340
0.035325
0.035325
0.035343
0.035339
0.035381
0.035381
0.035342
0.035443
0.035360
0.035406
0.035430
0.035430
0.035471
0.035471
0.035419
0.035386
0.035386
0.035430
0.035430
0.035438
0.035387
0.035411
0.035411
0.035409
0.035433
0.035411
0.035411
0.035399
0.035448
0.035448
0.035441
0.035370
0.035400
0.035367
0.035403
0.035408
0.035409
0.035345
0.035345
0.035382
0.035406
0.035339
0.035316
0.035332
0.035332
0.035283
0.035283
0.035270
0.035280
0.035335
0.035324
0.035324
0.035324
0.035275
0.035267
0.035218
0.035218
0.035236
0.035262
0.035202
0.035271
0.035174
0.035212
0.035212
0.035245
0.035245
0.035196
0.035196
0.035110
0.035110
0.035136
0.035142
0.035142
0.035180
0.035180
0.035160
0.035199
0.035199
0.035169
0.035158
0.035193
0.035223
0.035201
0.035201
0.035166
0.035143
0.035172
0.035185
0.035246
0.035194
0.035146
0.035146
0.035197
0.035197
0.035152
0.035070
0.035076
0.035136
0.035094
0.035069
0.035051
0.035036
0.035001
0.035041
0.035001
0.035001
0.034918
0.034972
0.034972
0.034938
0.034938
0.034938
0.034989
0.034946
0.034905
0.034906
0.034869
0.034899
0.034899
0.034852
0.034855
0.034909
0.034948
0.034902
0.034902
0.034922
0.034922
0.034915
0.034903
0.034858
0.034891
0.034854
0.034854
0.034894
0.034894
0.034848
0.034804
0.034804
0.034824
0.034865
0.034894
0.034853
0.034874
0.034892
0.034849
0.034813
0.034805
0.034731
0.034685
0.034773
0.034802
0.034759
0.034714
0.034674
0.034674
0.034743
0.034733
0.034745
0.034784
0.034744
0.034763
0.034718
0.034718
0.034743
0.034724
0.034703
0.034703
0.034629
0.034618
0.034552
0.034597
0.034581
0.034608
0.034586
0.034541
0.034563
0.034563
0.034485
0.034445
0.034452
0.034466
0.034495
0.034444
0.034444
0.034403
0.034446
0.034408
0.034365
0.034365
0.034367
0.034421
0.034421
0.034378
0.034378
0.034340
0.034340
0.034303
0.034335
0.034260
0.034292
0.034292
0.034210
0.034222
0.034225
0.034225
0.034209
0.034240
0.034170
0.034131
0.034131
0.034164
0.034164
0.034096
0.034096
0.034096
0.034096
0.034149
0.034176
0.034109
0.034109
0.034036
0.034058
0.034039
0.033982
0.033965
0.033947
0.033942
0.034011
0.034020
0.033948
0.033948
0.033915
0.033893
0.033868
0.033804
0.033774
0.033744
0.033744
0.033707
0.033677
0.033677
0.033647
0.033647
0.033609
0.033601
0.033601
0.033508
0.033508
0.033539
0.033501
0.033501
0.033458
0.033429
0.033466
0.033466
0.033436
0.033436
0.033443
0.033381
0.033316
0.033316
0.033348
0.033330
0.033269
0.033269
0.033233
0.033206
0.033171
0.033171
0.033171
0.033114
0.033114
0.033114
0.033122
0.033086
0.033086
0.033086
0.033086
0.033051
0.032982
0.032958
0.032992
0.032930
0.032930
0.032930
0.032937
0.032942
0.032942
0.032884
0.032834
0.032834
0.032834
0.032877
0.032794
0.032794
0.032773
0.032773
0.032773
0.032807
0.032807
0.032715
0.032715
0.032715
0.032735
0.032712
0.032719
0.032685
0.032609
0.032609
0.032609
0.032609
0.032631
0.032631
0.032631
0.032582
0.032560
0.032557
0.032522
0.032522
0.032542
0.032542
0.032542
0.032518
0.032495
0.032495
0.032495
0.032468
0.032403
0.032433
0.032433
0.032433
0.032433
0.032401
0.032367
0.032367
0.032376
0.032328
0.032360
0.032318
0.032318
0.032318
0.032275
0.032275
0.032280
0.032280
0.032268
0.032268
0.032227
0.032227
0.032209
0.032154
0.032096
0.032096
0.032096
0.032074
0.032064
0.032100
0.032100
0.032138
0.032138
0.032082
0.032082
0.032082
0.032082
0.032047
0.032035
0.032003
0.031970
0.031970
0.031970
0.031970
0.031993
0.032029
0.032029
0.032029
0.032029
0.031989
0.031898
0.031898
0.031886
0.031923
0.031917
0.031905
0.031876
0.031839
0.031878
0.031854
0.031854
0.031849
0.031849
0.031838
0.031875
0.031841
0.031831
0.031831
0.031831
0.031831
0.031831
0.031831
0.031831
0.031802
0.031772
0.031769
0.031769
0.031760
0.031742
0.031742
0.031771
0.031771
0.031738
0.031738
0.031750
0.031783
0.031753
0.031792
0.031786
0.031786
0.031786
0.031729
0.031729
0.031729
0.031766
0.031766
0.031766
0.031766
0.031766
0.031721
0.031751
0.031751
0.031714
0.031762
0.031800
0.031783
0.031765
0.031765
0.031732
0.031711
0.031709
0.031709
0.031677
0.031677
0.031677
0.031681
0.031681
0.031681
0.031681
0.031681
0.031684
0.031684
0.031684
0.031684
0.031684
0.031684
0.031684
0.031684
0.031667
0.031667
0.031667
0.031680
0.031667
0.031667
0.031627
0.031615
0.031621
0.031627
0.031641
0.031641
0.031641
0.031644
0.031644
0.031644
0.031663
0.031710
0.031710
0.031710
0.031710
0.031697
0.031685
0.031690
0.031690
0.031690
0.031690
0.031690
0.031698
0.031710
0.031742
0.031742
0.031749
0.031749
0.031729
0.031729
0.031660
0.031647
0.031631
0.031631
0.031631
0.031631
0.031719
0.031684
