1.534704
1.366902
1.209655
1.099011
1.036961
1.010391
1.002745
1.003475
1.004177
1.003825
1.002984
1.001771
1.000432
0.999269
0.998130
0.997078
0.995948
0.994462
0.993153
0.991619
0.990333
0.988852
0.987242
0.985732
0.984149
0.982760
0.981118
0.979237
0.977645
0.976245
0.975238
0.974259
0.973543
0.972953
0.972442
0.971841
0.971226
0.970705
0.969890
0.969116
0.968418
0.967541
0.966523
0.965119
0.963536
0.961420
0.959373
0.957279
0.954935
0.952766
0.950752
0.948510
0.946467
0.944228
0.942057
0.939919
0.937775
0.935327
0.933184
0.930882
0.928673
0.926420
0.924396
0.922198
0.920109
0.917810
0.915632
0.913237
0.910905
0.908505
0.906267
0.904016
0.901996
0.899607
0.897755
0.895630
0.893432
0.891434
0.889095
0.886866
0.884620
0.882427
0.880099
0.877764
0.875382
0.873141
0.870955
0.868523
0.866417
0.864031
0.861621
0.859350
0.856725
0.854296
0.852068
0.849669
0.847330
0.844776
0.842319
0.839752
0.837238
0.834645
0.832159
0.829611
0.827026
0.824299
0.821621
0.819078
0.816310
0.813639
0.811013
0.808283
0.805530
0.803114
0.800425
0.797940
0.795369
0.792775
0.790135
0.787474
0.785166
0.782764
0.780293
0.777577
0.775185
0.772552
0.770103
0.767376
0.764968
0.762447
0.759781
0.757246
0.754456
0.751850
0.749113
0.746249
0.743664
0.740925
0.738339
0.735511
0.733191
0.730627
0.727996
0.725168
0.722737
0.720248
0.717651
0.715187
0.712488
0.709938
0.707358
0.704870
0.702401
0.699957
0.697522
0.694910
0.692301
0.689764
0.687194
0.684662
0.681986
0.679464
0.676700
0.674252
0.671634
0.669239
0.666766
0.664372
0.661958
0.659608
0.657428
0.655190
0.652840
0.650531
0.648047
0.645583
0.643260
0.640852
0.638175
0.635868
0.633663
0.631343
0.629032
0.626744
0.624466
0.622274
0.620331
0.617978
0.616037
0.613948
0.611792
0.609705
0.607545
0.605505
0.603276
0.601298
0.599119
0.597099
0.595034
0.592996
0.590963
0.589113
0.587033
0.585040
0.582862
0.580935
0.578790
0.576695
0.574760
0.572763
0.570694
0.568986
0.566774
0.564742
0.562802
0.560766
0.558806
0.556793
0.554712
0.552736
0.550844
0.548915
0.546956
0.544891
0.542926
0.540996
0.539043
0.537275
0.535271
0.533308
0.531447
0.529462
0.527609
0.525716
0.523877
0.521890
0.520127
0.518204
0.516273
0.514478
0.512429
0.510365
0.508335
0.506054
0.504085
0.502156
0.500161
0.498079
0.495869
0.494047
0.492079
0.489920
0.488005
0.485860
0.483608
0.481835
0.479685
0.477466
0.475844
0.473554
0.471452
0.469122
0.466869
0.464790
0.462352
0.460053
0.457933
0.455768
0.453968
0.452092
0.450536
0.448868
0.447341
0.445730
0.444065
0.442462
0.440446
0.438449
0.436375
0.434379
0.432615
0.430439
0.428521
0.426687
0.424538
0.422508
0.420501
0.418274
0.416136
0.414163
0.411917
0.409647
0.407403
0.405362
0.403124
0.400802
0.398384
0.396136
0.394131
0.391837
0.389558
0.387406
0.385471
0.383259
0.380971
0.378899
0.376524
0.374224
0.371968
0.369681
0.367473
0.365274
0.362913
0.360798
0.358669
0.356427
0.354242
0.351944
0.349741
0.347588
0.345375
0.343294
0.341179
0.338716
0.336674
0.334405
0.332320
0.330496
0.328494
0.326121
0.324128
0.322157
0.320228
0.318093
0.316101
0.314005
0.311911
0.309784
0.307744
0.305540
0.303676
0.301410
0.299360
0.297267
0.295263
0.293201
0.291123
0.289096
0.287140
0.285146
0.283098
0.281145
0.279225
0.277269
0.275207
0.273364
0.271318
0.269418
0.267479
0.265550
0.263680
0.261895
0.260096
0.258271
0.256476
0.254868
0.253219
0.251445
0.249786
0.248184
0.246556
0.244910
0.243231
0.241668
0.239876
0.238302
0.236738
0.235178
0.233644
0.232100
0.230568
0.229147
0.227822
0.226210
0.224823
0.223465
0.221983
0.220581
0.219052
0.217684
0.216346
0.214901
0.213540
0.212189
0.210836
0.209446
0.208095
0.206826
0.205484
0.204157
0.202819
0.201490
0.200166
0.198973
0.197795
0.196509
0.195189
0.194089
0.192849
0.191679
0.190360
0.189152
0.187954
0.186680
0.185523
0.184345
0.182997
0.181822
0.180666
0.179610
0.178524
0.177318
0.176256
0.175164
0.173926
0.172976
0.171895
0.170762
0.169846
0.168860
0.167755
0.166734
0.165585
0.164500
0.163577
0.162485
0.161514
0.160609
0.159585
0.158515
0.157550
0.156504
0.155391
0.154306
0.153188
0.152317
0.151303
0.150414
0.149346
0.148463
0.147429
0.146485
0.145528
0.144586
0.143439
0.142484
0.141623
0.140780
0.139848
0.138915
0.138045
0.137085
0.136215
0.135306
0.134450
0.133628
0.132759
0.131783
0.130969
0.130084
0.129221
0.128349
0.127402
0.126547
0.125742
0.124891
0.124125
0.123308
0.122461
0.121612
0.120899
0.120012
0.119353
0.118519
0.117786
0.116969
0.116295
0.115420
0.114625
0.113932
0.113084
0.112359
0.111617
0.110790
0.110028
0.109407
0.108578
0.107771
0.107148
0.106497
0.105584
0.104939
0.104162
0.103571
0.102850
0.102068
0.101468
0.100686
0.099977
0.099113
0.098432
0.097693
0.097173
0.096478
0.095709
0.095002
0.094332
0.093745
0.092999
0.092367
0.091727
0.091082
0.090385
0.089740
0.089168
0.088567
0.087782
0.087297
0.086570
0.085992
0.085339
0.084610
0.083966
0.083426
0.082788
0.082091
0.081501
0.080959
0.080285
0.079763
0.079112
0.078703
0.078069
0.077424
0.076970
0.076359
0.075710
0.075292
0.074737
0.074056
0.073591
0.073073
0.072507
0.072069
0.071338
0.070877
0.070390
0.069833
0.069354
0.068938
0.068364
0.067974
0.067448
0.066976
0.066500
0.066071
0.065651
0.065188
0.064801
0.064384
0.063872
0.063411
0.063009
0.062546
0.062127
0.061712
0.061367
0.060861
0.060463
0.060144
0.059711
0.059346
0.059050
0.058753
0.058203
0.057901
0.057692
0.057272
0.056871
0.056656
0.056289
0.055920
0.055658
0.055295
0.055004
0.054573
0.054268
0.054019
0.053646
0.053400
0.053072
0.052815
0.052521
0.052228
0.051876
0.051692
0.051469
0.051214
0.050919
0.050612
0.050384
0.050182
0.049958
0.049620
0.049444
0.049319
0.049017
0.048776
0.048509
0.048348
0.048136
0.047857
0.047607
0.047437
0.047224
0.046994
0.046715
0.046571
0.046459
0.046159
0.046069
0.045776
0.045693
0.045610
0.045395
0.045166
0.044938
0.044835
0.044627
0.044500
0.044361
0.044127
0.043981
0.043826
0.043663
0.043541
0.043379
0.043203
0.043072
0.042921
0.042781
0.042610
0.042503
0.042427
0.042322
0.042217
0.042040
0.041861
0.041754
0.041731
0.041631
0.041447
0.041318
0.041324
0.041150
0.041003
0.040935
0.040840
0.040784
0.040618
0.040585
0.040438
0.040330
0.040141
0.040125
0.039954
0.039846
0.039777
0.039731
0.039599
0.039645
0.039417
0.039417
0.039306
0.039279
0.039102
0.039122
0.039047
0.038896
0.038801
0.038760
0.038675
0.038470
0.038370
0.038340
0.038305
0.038209
0.038120
0.038047
0.037997
0.037894
0.037898
0.037825
0.037704
0.037680
0.037579
0.037413
0.037362
0.037319
0.037279
0.037272
0.037249
0.037212
0.037067
0.037019
0.036975
0.036914
0.036871
0.036795
0.036715
0.036650
0.036556
0.036473
0.036507
0.036496
0.036453
0.036414
0.036365
0.036299
0.036288
0.036231
0.036149
0.036149
0.036098
0.036115
0.036026
0.036026
0.035868
0.035845
0.035795
0.035805
0.035811
0.035738
0.035765
0.035772
0.035691
0.035730
0.035657
0.035625
0.035538
0.035535
0.035504
0.035517
0.035528
0.035447
0.035406
0.035393
0.035406
0.035326
0.035302
0.035228
0.035245
0.035207
0.035160
0.035119
0.035081
0.035027
0.035027
0.034948
0.034935
0.034942
0.034905
0.034905
0.034824
0.034824
0.034824
0.034841
0.034834
0.034788
0.034748
0.034672
0.034651
0.034684
0.034577
0.034511
0.034449
0.034384
0.034391
0.034391
0.034385
0.034341
0.034375
0.034320
0.034272
0.034280
0.034278
0.034242
0.034227
0.034196
0.034157
0.034077
0.034033
0.034033
0.034055
0.034055
0.034020
0.034019
0.034019
0.033905
0.033851
0.033888
0.033811
0.033811
0.033811
0.033844
0.033900
0.033901
0.033858
0.033840
0.033800
0.033714
0.033675
0.033643
0.033643
0.033677
0.033635
0.033600
0.033570
0.033560
0.033568
0.033573
0.033542
0.033514
0.033449
0.033449
0.033457
0.033457
0.033466
0.033466
0.033476
0.033476
0.033407
0.033407
0.033435
0.033410
0.033410
0.033321
0.033370
0.033407
0.033366
0.033366
0.033333
0.033375
0.033337
0.033337
0.033337
0.033262
0.033195
0.033178
0.033178
0.033138
0.033151
0.033136
0.033128
0.033128
0.033094
0.033065
0.033065
0.033102
0.033058
0.033057
0.033057
0.033057
0.032998
0.032942
0.032926
0.032914
0.032907
0.032907
0.032869
0.032864
0.032833
0.032792
0.032789
0.032753
0.032750
0.032711
0.032711
0.032673
0.032673
0.032711
0.032710
0.032710
0.032674
0.032642
0.032642
0.032650
0.032614
0.032580
0.032544
0.032544
0.032544
0.032544
0.032544
0.032512
0.032477
0.032477
0.032467
0.032467
0.032435
0.032365
0.032326
0.032330
0.032290
0.032255
0.032255
0.032187
0.032187
0.032187
0.032187
0.032196
0.032156
0.032167
0.032173
0.032180
0.032180
0.032126
0.032102
0.032079
0.032079
0.032089
0.032089
0.032031
0.031991
0.031991
0.031968
0.031968
0.031968
0.031948
0.031948
0.031982
0.031986
0.031949
0.031930
0.031930
0.031930
0.031930
0.031956
0.031956
0.031888
0.031888
0.031888
0.031869
0.031803
0.031803
0.031772
0.031744
0.031744
0.031712
0.031712
0.031682
0.031652
0.031652
0.031612
0.031502
0.031493
0.031477
0.031440
0.031402
0.031438
0.031393
0.031389
0.031389
0.031356
0.031353
0.031424
0.031422
0.031382
0.031382
0.031280
0.031252
0.031282
0.031281
0.031249
0.031249
0.031215
0.031198
0.031198
0.031197
0.031157
0.031157
0.031126
0.031159
0.031132
0.031132
0.031062
0.031057
0.031057
0.031025
0.031025
0.030999
0.030948
0.030948
0.030948
0.030948
0.030948
0.030948
0.030948
0.030892
0.030892
0.030892
0.030831
0.030835
0.030835
0.030816
0.030823
0.030798
0.030806
0.030814
0.030823
0.030823
0.030833
0.030799
0.030779
0.030755
0.030682
0.030652
0.030652
0.030622
0.030633
0.030633
0.030667
0.030667
0.030643
0.030656
0.030656
0.030656
0.030623
0.030623
0.030623
0.030541
0.030511
0.030489
0.030502
0.030502
0.030502
0.030502
0.030502
0.030502
0.030502
0.030502
0.030502
0.030542
0.030521
0.030521
0.030410
0.030400
0.030354
0.030347
0.030339
0.030300
0.030294
0.030289
0.030289
0.030296
0.030292
0.030215
0.030212
0.030194
0.030164
0.030163
0.030089
0.030089
0.030088
0.030088
0.030088
0.030055
0.030035
0.030035
0.030005
0.029966
0.029966
0.029966
0.029966
0.029966
0.029966
0.029966
0.029966
0.029966
0.029966
0.029923
0.029905
0.029905
0.029905
0.029905
0.029905
0.029866
0.029866
0.029866
0.029866
0.029866
0.029866
0.029875
0.029879
0.029889
0.029895
0.029871
0.029854
0.029862
0.029810
0.029750
0.029781
0.029791
0.029791
0.029801
0.029758
0.029758
0.029756
0.029756
0.029725
0.029779
0.029779
0.029779
0.029788
0.029750
0.029746
0.029746
0.029746
0.029709
0.029709
0.029709
0.029709
0.029709
0.029709
0.029723
0.029723
0.029723
0.029760
0.029721
0.029721
0.029721
0.029721
0.029721
0.029684
0.029686
0.029654
0.029585
0.029576
0.029560
0.029537
0.029568
0.029524
0.029480
0.029444
0.029482
0.029478
0.029474
0.029437
0.029397
0.029397
0.029365
0.029395
0.029395
0.029395
0.029402
0.029402
0.029343
0.029337
0.029374
0.029334
0.029374
0.029337
0.029337
0.029337
0.029337
0.029227
0.029227
0.029215
0.029252
0.029253
0.029220
0.029224
0.029224
0.029263
0.029327
0.029290
0.029290
0.029290
0.029290
0.029290
0.029258
0.029222
0.029230
0.029201
0.029211
0.029180
0.029187
0.029187
0.029232
0.029236
0.029213
0.029213
0.029223
0.029223
0.029234
0.029234
0.029238
0.029249
0.029249
0.029173
0.029185
0.029185
0.029185
0.029186
0.029219
0.029231
0.029206
0.029196
0.029196
0.029163
0.029201
0.029134
0.029134
0.029134
0.029147
0.029113
0.029113
0.029075
0.029060
0.029060
0.029031
0.029031
0.029031
0.029031
0.029068
0.029036
0.028998
0.028929
0.028953
0.028937
0.028973
0.028930
0.028930
0.028924
0.028919
0.028919
0.028915
0.028879
0.028917
0.028914
0.028914
0.028914
0.028875
0.028835
0.028875
0.028836
0.028836
0.028836
0.028836
0.028836
0.028836
0.028796
0.028796
0.028833
0.028833
0.028833
0.028839
0.028839
0.028802
0.028802
0.028802
0.028802
0.028765
0.028765
0.028765
0.028757
0.028757
0.028771
0.028771
0.028771
0.028771
0.028771
0.028733
0.028742
0.028746
0.028757
0.028763
0.028770
0.028770
0.028777
0.028786
0.028832
0.028832
0.028776
0.028776
0.028787
0.028745
0.028745
0.028756
0.028756
0.028756
0.028768
0.028768
0.028783
0.028783
0.028783
0.028832
0.028832
0.028795
0.028795
0.028795
0.028795
0.028758
0.028758
0.028758
0.028771
0.028771
0.028771
0.028771
0.028771
0.028771
0.028771
0.028737
0.028737
0.028737
0.028737
0.028737
0.028737
0.028669
0.028660
0.028644
0.028637
0.028631
0.028631
0.028625
0.028620
0.028620
0.028616
0.028613
0.028576
0.028574
0.028574
0.028574
0.028572
0.028572
0.028572
0.028571
0.028571
0.028571
0.028571
0.028571
0.028570
0.028570
0.028540
0.028540
0.028518
0.028518
0.028518
0.028549
0.028549
0.028549
0.028516
0.028516
0.028479
0.028473
0.028473
0.028473
0.028473
0.028442
0.028442
0.028442
0.028442
0.028442
0.028451
0.028455
0.028496
0.028548
0.028555
0.028555
0.028562
0.028571
0.028571
0.028580
0.028524
0.028524
0.028535
0.028535
0.028535
0.028546
0.028546
0.028546
0.028558
0.028589
0.028589
0.028589
0.028589
0.028601
0.028601
0.028570
0.028570
0.028570
0.028570
0.028570
0.028542
0.028506
0.028506
0.028519
0.028519
0.028519
0.028547
0.028547
0.028547
0.028547
0.028547
0.028547
0.028519
0.028519
0.028519
0.028519
0.028450
0.028441
0.028425
0.028418
0.028412
0.028412
0.028445
0.028441
0.028437
0.028437
0.028433
0.028394
0.028392
0.028392
0.028392
0.028390
0.028390
0.028390
0.028389
0.028389
0.028355
0.028394
0.028394
0.028394
0.028394
0.028394
0.028394
0.028394
0.028355
0.028355
0.028355
0.028355
0.028355
0.028322
0.028286
0.028286
0.028325
0.028325
0.028325
0.028325
0.028320
0.028320
0.028331
0.028331
0.028292
0.028301
0.028301
0.028311
0.028318
0.028325
0.028325
0.028332
0.028379
0.028379
0.028389
0.028398
0.028398
0.028409
0.028409
0.028409
0.028420
0.028381
0.028381
0.028393
0.028393
0.028393
0.028393
0.028432
0.028444
0.028444
0.028444
0.028444
0.028444
0.028444
0.028444
0.028444
0.028444
0.028444
0.028418
0.028418
0.028418
0.028418
0.057067
0.057106
0.057073
0.056973
0.056874
0.056808
0.056677
0.056579
0.056413
0.056308
0.056163
0.056022
0.055921
0.055826
0.055662
0.055563
0.055470
0.055373
0.055168
0.055046
0.054984
0.054894
0.054803
0.054672
0.054553
0.054464
0.054334
0.054214
0.054127
0.053999
0.053885
0.053799
0.053673
0.053588
0.053468
0.053385
0.053260
0.053178
0.053028
0.052905
0.052824
0.052644
0.052522
0.052444
0.052297
0.052177
0.052109
0.052040
0.051921
0.051834
0.051689
0.051571
0.051429
0.051269
0.051104
0.050993
0.050820
0.050711
0.050537
0.050423
0.050250
0.050101
0.049976
0.049844
0.049730
0.049554
0.049409
0.049234
0.049090
0.048968
0.048815
0.048595
0.048389
0.048237
0.048020
0.047869
0.047653
0.047469
0.047274
0.047125
0.046995
0.046800
0.046559
0.046365
0.046153
0.045978
0.045798
0.045559
0.045367
0.045175
0.044937
0.044715
0.044524
0.044287
0.044066
0.043829
0.043655
0.043419
0.043198
0.042908
0.042679
0.042475
0.042248
0.042019
0.041799
0.041621
0.041396
0.041190
0.041014
0.040805
0.040647
0.040425
0.040267
0.040061
0.039901
0.039669
0.039539
0.039346
0.039140
0.038982
0.038838
0.038680
0.038522
0.038378
0.038190
0.038046
0.037861
0.037717
0.037574
0.037446
0.037303
0.037207
0.037092
0.036913
0.036818
0.036676
0.036565
0.036423
0.036329
0.036113
0.036019
0.035925
0.035784
0.035690
0.035605
0.035546
0.035463
0.035404
0.035317
0.035243
0.035158
0.035075
0.034955
0.034937
0.034826
0.034734
0.034654
0.034629
0.034538
0.034459
0.034414
0.034374
0.034371
0.034285
0.034263
0.034147
0.034103
0.034095
0.034007
0.033963
0.033960
0.033873
0.033830
0.033812
0.033770
0.033755
0.033696
0.033667
0.033655
0.033585
0.033570
0.033529
0.033487
0.033474
0.033433
0.033392
0.033350
0.033309
0.033269
0.033256
0.033177
0.033129
0.033073
0.033027
0.033024
0.033015
0.032970
0.032958
0.032916
0.032878
0.032875
0.032806
0.032799
0.032761
0.032793
0.032764
0.032724
0.032687
0.032650
0.032650
0.032614
0.032612
0.032642
0.032606
0.032571
0.032536
0.032506
0.032548
0.032514
0.032514
0.032479
0.032445
0.032405
0.032408
0.032375
0.032375
0.032342
0.032309
0.032309
0.032276
0.032285
0.032285
0.032292
0.032292
0.032261
0.032238
0.032242
0.032181
0.032156
0.032163
0.032133
0.032141
0.032119
0.032138
0.032147
0.032128
0.032099
0.032155
0.032126
0.032126
0.032109
0.032081
0.032081
0.032066
0.032066
0.032039
0.032012
0.032012
0.031998
0.031998
0.031972
0.031915
0.031915
0.031889
0.031889
0.031865
0.031840
0.031840
0.031829
0.031829
0.031805
0.031782
0.031738
0.031715
0.031724
0.031701
0.031701
0.031679
0.031657
0.031657
0.031522
0.031513
0.031476
0.031469
0.031442
0.031422
0.031371
0.031346
0.031346
0.031323
0.031319
0.031254
0.031252
0.031273
0.031273
0.031207
0.031189
0.031149
0.031131
0.031084
0.031067
0.031067
0.031015
0.031014
0.030998
0.030998
0.030936
0.030936
0.030960
0.030913
0.030898
0.030898
0.030882
0.030843
0.030829
0.030781
0.030768
0.030768
0.030708
0.030708
0.030646
0.030633
0.030633
0.030533
0.030533
0.030474
0.030483
0.030476
0.030450
0.030447
0.030365
0.030365
0.030364
0.030323
0.030324
0.030275
0.030331
0.030274
0.030284
0.030316
0.030267
0.030278
0.030222
0.030222
0.030179
0.030179
0.030090
0.030085
0.030085
0.030048
0.030043
0.030008
0.030008
0.029909
0.029949
0.029899
0.029896
0.029896
0.029860
0.029858
0.029809
0.029809
0.029718
0.029718
0.029669
0.029669
0.029669
0.029619
0.029634
0.029630
0.029634
0.029531
0.029522
0.029458
0.029498
0.029491
0.029442
0.029440
0.029386
0.029346
0.029293
0.029294
0.029248
0.029197
0.029197
0.029153
0.029191
0.029143
0.029143
0.029142
0.029100
0.029100
0.029069
0.029069
0.029068
0.028981
0.028989
0.028941
0.028941
0.028941
0.028894
0.028933
0.028944
0.028896
0.028897
0.028850
0.028850
0.028850
0.028803
0.028834
0.028834
0.028787
0.028748
0.028748
0.028701
0.028701
0.028754
0.028767
0.028777
0.028783
0.028745
0.028745
0.028752
0.028716
0.028716
0.028725
0.028690
0.028690
0.028738
0.028694
0.028694
0.028705
0.028662
0.028662
0.028643
0.028643
0.028600
0.028600
0.028600
0.028570
0.028612
0.028612
0.028633
0.028592
0.028613
0.028613
0.028613
0.028573
0.028531
0.028544
0.028544
0.028505
0.028505
0.028546
0.028546
0.028507
0.028507
0.028507
0.028507
0.028469
0.028491
0.028534
0.028465
0.028456
0.028403
0.028396
0.028390
0.028390
0.028377
0.028373
0.028369
0.028369
0.028365
0.028332
0.028329
0.028352
0.028352
0.028350
0.028350
0.028317
0.028316
0.028316
0.028316
0.028316
0.028285
0.028285
0.028285
0.028285
0.028285
0.028285
0.028256
0.028279
0.028279
0.028279
0.028280
0.028280
0.028252
0.028252
0.028252
0.028252
0.028252
0.028252
0.028252
0.028226
0.028226
0.028226
0.028251
0.028260
0.028264
0.028275
0.028257
0.028264
0.028264
0.028313
0.028321
0.028284
0.028330
0.028340
0.028318
0.028329
0.028292
0.028317
0.028329
0.028329
0.028329
0.028340
0.028303
0.028283
0.028283
0.028283
0.028333
0.028333
0.028333
0.028333
0.028333
0.028299
0.028326
0.028309
0.028309
0.028309
0.028285
0.028285
0.028285
0.028285
0.028322
0.028322
0.028322
0.028322
0.028308
0.028308
0.028308
0.028308
0.028266
0.028220
0.028204
0.028197
0.028191
0.028191
0.028223
0.028218
0.028180
0.028164
0.028161
0.028161
0.028158
0.028158
0.028158
0.028119
0.028147
0.028147
0.028146
0.028146
0.028146
0.028184
0.028184
0.028183
0.028175
0.028175
0.028175
0.028175
0.028141
0.028104
0.028104
0.028104
0.028104
0.028104
0.028104
0.028134
0.028134
0.028102
0.028102
0.028102
0.028139
0.028171
0.028133
0.028133
0.028128
0.028128
0.028137
0.028141
0.028151
0.028195
0.028169
0.028169
0.028177
0.028185
0.028194
0.028227
0.028199
0.028229
0.028204
0.028204
0.028204
0.028215
0.028182
0.028220
0.028199
0.028199
0.028199
0.028199
0.028199
0.028244
0.028206
0.028169
0.028167
0.028167
0.028167
0.028167
0.028167
0.028205
0.028186
0.028151
0.028151
0.028151
0.028151
0.028151
0.028146
0.028188
0.028188
0.028188
0.028188
0.028188
0.028178
0.028077
0.028073
0.028057
0.028050
0.028044
0.028044
0.028003
0.028035
0.028035
0.028001
0.027998
0.027998
0.027963
0.027993
0.027960
0.027954
0.027954
0.027954
0.027953
0.027953
0.027995
0.027990
0.027990
0.027989
0.027991
0.027962
0.027927
0.027927
0.027863
0.027901
0.027930
0.027930
0.027930
0.027930
0.027892
0.027925
0.027925
0.027925
0.027925
0.027896
0.027896
0.027856
0.027823
0.027861
0.027861
0.027835
0.027869
0.027879
0.027847
0.027854
0.027925
0.027933
0.027941
0.027941
0.027886
0.027863
0.027834
0.027882
0.027882
0.027882
0.027893
0.027859
0.027850
0.027862
0.027894
0.027894
0.027894
0.027868
0.027881
0.027848
0.027848
0.027848
0.027857
0.027857
0.027857
0.027857
0.027819
0.027819
0.027864
0.027864
0.027871
0.027837
0.027837
0.027805
0.027805
0.027805
0.027843
0.027843
0.027813
0.027813
0.027776
0.027707
0.027698
0.027714
0.027704
0.027698
0.027698
0.027670
0.027633
0.027594
0.027594
0.027590
0.027561
0.027558
0.027529
0.027529
0.027527
0.027527
0.027527
0.027526
0.027555
0.027555
0.027595
0.027595
0.027595
0.027595
0.027595
0.027595
0.027562
0.027562
0.027533
0.027533
0.027533
0.027533
0.027533
0.027533
0.027504
0.027533
0.027533
0.027533
0.027516
0.027516
0.027516
0.027516
0.027516
0.027451
0.027460
0.027464
0.027442
0.027448
0.027455
0.027455
0.027463
0.027500
0.027500
0.027509
0.027519
0.027519
0.027530
0.027530
0.027530
0.027512
0.027483
0.027496
0.027508
0.027508
0.027508
0.027548
0.027517
0.027559
0.027559
0.027559
0.027559
0.027559
0.027559
0.027559
0.027523
0.027481
0.027481
0.027494
0.027494
0.027494
0.027494
0.027494
0.027494
0.027523
0.027523
0.027496
0.027496
0.027496
0.027496
0.027496
0.027396
0.027358
0.027342
0.027335
0.027329
0.027298
0.027292
0.027287
0.027283
0.027312
0.027309
0.027309
0.027307
0.027271
0.027271
0.027269
0.027269
0.027281
0.027280
0.027280
0.027280
0.027280
0.027280
0.027280
0.027222
0.027252
0.027252
0.027244
0.027244
0.027244
0.027244
0.027218
0.027218
0.027189
0.027215
0.027215
0.027215
0.027215
0.027215
0.027215
0.027215
0.027244
0.027244
0.027183
0.027191
0.027196
0.027206
0.027212
0.027219
0.027216
0.027235
0.027243
0.027285
0.027294
0.027304
0.027262
0.027221
0.027221
0.027250
0.027261
0.027261
0.027261
0.027273
0.027341
0.027341
0.027312
0.027312
0.027312
0.027324
0.027324
0.027299
0.027256
0.027256
0.027256
0.027250
0.027250
0.027292
0.027331
0.027328
0.027328
0.027299
0.027299
0.027299
0.027269
0.027269
0.027244
0.027244
0.027286
0.027286
0.027304
0.027359
0.027265
0.027256
0.027240
0.027233
0.027227
0.027198
0.027193
0.027188
0.027158
0.027158
0.027155
0.027155
0.027152
0.027178
0.027178
0.027170
0.027170
0.027170
0.027169
0.027169
0.027169
0.027114
0.027114
0.027114
0.027114
0.027114
0.027114
0.027114
0.027139
0.027139
0.027139
0.027169
0.027169
0.027169
0.027179
0.027197
0.027157
0.027128
0.027128
0.027128
0.027128
0.027128
0.027128
0.027153
0.027162
0.027142
0.027152
0.027162
0.027209
0.027180
0.027153
0.027161
0.027161
0.027101
0.027111
0.027111
0.027121
0.027124
0.027150
0.027161
0.027135
0.027135
0.027147
0.027176
0.027216
0.027216
0.027216
0.027228
0.027228
0.027159
0.027203
0.027229
0.027229
0.027229
0.027229
0.027203
0.027203
0.027216
0.027216
0.027245
0.027285
0.027285
0.027285
