1.456575
1.290688
1.135427
1.026840
0.966723
0.941198
0.934060
0.935360
0.936809
0.937161
0.937208
0.937220
0.937196
0.937013
0.936963
0.936906
0.936486
0.936139
0.935752
0.935435
0.935180
0.935053
0.935169
0.935307
0.935569
0.935927
0.936438
0.936490
0.936791
0.937281
0.937662
0.938169
0.938724
0.939171
0.939672
0.940195
0.940740
0.941386
0.941882
0.942355
0.942836
0.943260
0.943818
0.944031
0.944279
0.944555
0.945264
0.945677
0.946075
0.946442
0.946843
0.947108
0.947615
0.948027
0.948392
0.948710
0.949064
0.949416
0.949795
0.950155
0.950605
0.950977
0.951140
0.951436
0.951566
0.951862
0.952403
0.952667
0.953232
0.953429
0.953566
0.953701
0.953928
0.954074
0.954177
0.954218
0.954418
0.954497
0.954701
0.954806
0.954741
0.954666
0.954571
0.954516
0.954388
0.954164
0.954114
0.953817
0.953643
0.953423
0.953188
0.952662
0.952345
0.952039
0.951733
0.951462
0.951458
0.951422
0.951376
0.951251
0.951282
0.951319
0.951251
0.951348
0.951089
0.951081
0.950891
0.950642
0.950410
0.950085
0.949944
0.949630
0.949157
0.948903
0.948803
0.948392
0.947834
0.947273
0.946473
0.945816
0.944810
0.943768
0.942650
0.941640
0.940646
0.939659
0.938559
0.937697
0.936716
0.935960
0.935017
0.934342
0.933330
0.932364
0.931421
0.930728
0.929671
0.928785
0.927635
0.926560
0.925470
0.924484
0.923693
0.922625
0.922034
0.921408
0.920498
0.919933
0.919107
0.918340
0.917394
0.916332
0.915406
0.914104
0.913032
0.911475
0.909919
0.908308
0.906775
0.905420
0.903890
0.902590
0.901355
0.900052
0.898874
0.897788
0.896630
0.895531
0.894266
0.892786
0.891411
0.889841
0.888300
0.886594
0.884974
0.883325
0.881781
0.880695
0.879388
0.878361
0.877406
0.876646
0.875576
0.874710
0.873905
0.872857
0.871651
0.870596
0.869340
0.867903
0.866338
0.864814
0.863127
0.861474
0.860144
0.858791
0.857815
0.856901
0.855942
0.855052
0.853883
0.852724
0.851750
0.850362
0.849053
0.847577
0.845990
0.844348
0.842634
0.840978
0.839481
0.837739
0.836384
0.834986
0.833914
0.832966
0.832084
0.831181
0.830090
0.829203
0.828261
0.827259
0.826300
0.824952
0.823739
0.822116
0.820673
0.819467
0.817977
0.816468
0.815042
0.813817
0.812732
0.811543
0.810555
0.809648
0.808622
0.807754
0.806660
0.805704
0.804367
0.803222
0.801990
0.800621
0.799217
0.797698
0.796395
0.794919
0.793540
0.792376
0.791162
0.790241
0.789458
0.788625
0.787830
0.786974
0.786262
0.785436
0.784577
0.783855
0.782965
0.782020
0.781114
0.779822
0.778671
0.777291
0.776068
0.775280
0.774321
0.773441
0.772597
0.772070
0.771211
0.770897
0.770059
0.768996
0.767686
0.766577
0.765779
0.765394
0.764828
0.763925
0.762843
0.761649
0.760702
0.759935
0.759420
0.758972
0.758663
0.758316
0.758215
0.757939
0.757853
0.757460
0.756990
0.756411
0.755667
0.754977
0.754303
0.753522
0.752816
0.751916
0.751216
0.750746
0.750444
0.750328
0.750282
0.750157
0.750017
0.749859
0.749992
0.750350
0.750588
0.750579
0.750352
0.749766
0.749261
0.748542
0.747884
0.747312
0.746945
0.746507
0.746457
0.746583
0.746718
0.746970
0.747148
0.747784
0.748658
0.749303
0.750044
0.750588
0.750737
0.750526
0.750229
0.749914
0.749392
0.749000
0.748626
0.748526
0.748201
0.748201
0.748830
0.749534
0.750298
0.751243
0.752112
0.752919
0.753832
0.754504
0.755267
0.755866
0.756431
0.756787
0.757480
0.758226
0.758882
0.759504
0.760315
0.761285
0.762325
0.763443
0.764447
0.765347
0.766413
0.767364
0.768242
0.769289
0.770452
0.771275
0.772232
0.773349
0.774454
0.775273
0.776190
0.776927
0.777498
0.778291
0.778962
0.779842
0.780389
0.781082
0.781896
0.782597
0.783099
0.783476
0.783811
0.784230
0.784738
0.785019
0.785285
0.785662
0.785913
0.786182
0.786472
0.786790
0.786947
0.787411
0.787743
0.788051
0.788311
0.788440
0.788791
0.789087
0.789369
0.789768
0.790268
0.790371
0.790591
0.790978
0.791085
0.791545
0.791990
0.792346
0.792932
0.793951
0.794795
0.795498
0.796580
0.797696
0.798095
0.798605
0.798976
0.799391
0.799720
0.799992
0.800519
0.800741
0.801221
0.801562
0.801882
0.802258
0.802670
0.802994
0.803426
0.803656
0.804197
0.804550
0.804901
0.805288
0.805782
0.806204
0.806558
0.806947
0.807384
0.807753
0.808158
0.808559
0.808932
0.809254
0.809584
0.809982
0.810268
0.810609
0.810938
0.811208
0.811463
0.811811
0.812056
0.812283
0.812549
0.812798
0.813058
0.813242
0.813400
0.813770
0.813893
0.813906
0.813913
0.813865
0.813776
0.813538
0.813458
0.813358
0.813111
0.813154
0.813119
0.813193
0.813226
0.813306
0.813169
0.813186
0.812971
0.812785
0.812553
0.812388
0.812122
0.811757
0.811618
0.811667
0.811450
0.811359
0.811086
0.810890
0.810674
0.810418
0.810171
0.809890
0.809690
0.809399
0.809226
0.808993
0.808828
0.808575
0.808360
0.808267
0.808131
0.807851
0.807688
0.807518
0.807318
0.807219
0.807127
0.806968
0.806758
0.806666
0.806587
0.806495
0.806349
0.806258
0.806176
0.806058
0.806004
0.805878
0.805795
0.805734
0.805618
0.805636
0.805640
0.805623
0.805516
0.805611
0.805520
0.805480
0.805492
0.805555
0.805528
0.805600
0.805581
0.805596
0.805678
0.805763
0.805785
0.805875
0.805845
0.806023
0.805997
0.806116
0.806211
0.806196
0.806270
0.806421
0.806475
0.806563
0.806699
0.806682
0.806860
0.806972
0.807030
0.807255
0.807390
0.807357
0.807543
0.807724
0.807811
0.807846
0.808031
0.808148
0.808250
0.808438
0.808514
0.808785
0.808816
0.808985
0.809125
0.809409
0.809505
0.809587
0.809762
0.809982
0.810054
0.810106
0.810398
0.810455
0.810563
0.810771
0.810891
0.810852
0.811148
0.811182
0.811300
0.811418
0.811645
0.811577
0.811738
0.811821
0.811948
0.812050
0.812038
0.812276
0.812379
0.812355
0.812476
0.812519
0.812663
0.812704
0.812762
0.812749
0.812956
0.813004
0.812996
0.813121
0.813229
0.813223
0.813230
0.813337
0.813474
0.813551
0.813605
0.813567
0.813637
0.813718
0.813910
0.813921
0.814034
0.814129
0.814154
0.814342
0.814487
0.814399
0.814582
0.814652
0.814660
0.814871
0.815020
0.815044
0.815084
0.815254
0.815354
0.815428
0.815637
0.815780
0.815851
0.816062
0.816132
0.816259
0.816430
0.816567
0.816694
0.816792
0.817059
0.817231
0.817435
0.817704
0.817850
0.818005
0.818117
0.818239
0.818533
0.818692
0.818895
0.819122
0.819307
0.819525
0.819662
0.819846
0.820051
0.820419
0.820715
0.820939
0.820974
0.821246
0.821520
0.821748
0.822046
0.822199
0.822479
0.822703
0.822959
0.823153
0.823397
0.823717
0.823859
0.824187
0.824470
0.824631
0.824884
0.825108
0.825298
0.825575
0.825827
0.826072
0.826316
0.826541
0.826752
0.827020
0.827318
0.827627
0.827874
0.828090
0.828235
0.828428
0.828606
0.828964
0.829170
0.829505
0.829670
0.829840
0.830046
0.830236
0.830454
0.830677
0.830932
0.831184
0.831379
0.831536
0.831754
0.831976
0.832180
0.832375
0.832477
0.832788
0.833026
0.833079
0.833257
0.833542
0.833696
0.833769
0.833973
0.834128
0.834316
0.834479
0.834595
0.834854
0.834864
0.835041
0.835088
0.835431
0.835506
0.835621
0.835786
0.835850
0.836020
0.836149
0.836322
0.836279
0.836446
0.836448
0.836595
0.836591
0.836654
0.836785
0.836921
0.837047
0.837062
0.837081
0.837193
0.837234
0.837323
0.837368
0.837344
0.837449
0.837501
0.837510
0.837558
0.837552
0.837605
0.837636
0.837769
0.837870
0.837771
0.837885
0.837887
0.837829
0.837874
0.837829
0.837773
0.837866
0.837936
0.837922
0.837928
0.837846
0.837821
0.837817
0.837839
0.837860
0.837893
0.837918
0.837872
0.837857
0.837785
0.837784
0.837761
0.837700
0.837767
0.837827
0.837805
0.837793
0.837794
0.837808
0.837793
0.837702
0.837749
0.837696
0.837724
0.837652
0.837671
0.837635
0.837610
0.837589
0.837631
0.837607
0.837590
0.837512
0.837572
0.837643
0.837578
0.837613
0.837531
0.837587
0.837611
0.837578
0.837585
0.837554
0.837456
0.837465
0.837463
0.837485
0.837521
0.837497
0.837477
0.837489
0.837468
0.837479
0.837446
0.837370
0.837340
0.837551
0.837525
0.837514
0.837528
0.837412
0.837473
0.837503
0.837537
0.837508
0.837601
0.837635
0.837610
0.837579
0.837602
0.837573
0.837587
0.837583
0.837620
0.837571
0.837532
0.837484
0.837612
0.837562
0.837567
0.837602
0.837618
0.837603
0.837658
0.837645
0.837613
0.837695
0.837711
0.837685
0.837774
0.837744
0.837713
0.837749
0.837799
0.837773
0.837740
0.837740
0.837845
0.837901
0.837823
0.837869
0.837952
0.838002
0.837987
0.837987
0.837984
0.837927
0.837877
0.837953
0.837953
0.837910
0.837960
0.838027
0.838050
0.838096
0.838070
0.838133
0.838172
0.838171
0.838144
0.838128
0.838128
0.838128
0.838061
0.838086
0.838146
0.838124
0.838162
0.838138
0.838206
0.838255
0.838332
0.838348
0.838274
0.838334
0.838299
0.838359
0.838374
0.838390
0.838434
0.838469
0.838431
0.838400
0.838455
0.838516
0.838516
0.838501
0.838547
0.838547
0.838598
0.838642
0.838688
0.838687
0.838687
0.838661
0.838641
0.838685
0.838758
0.838750
0.838770
0.838696
0.838712
0.838689
0.838750
0.838750
0.838806
0.838806
0.838786
0.838802
0.838860
0.838915
0.838952
0.838969
0.838954
0.839004
0.839020
0.839020
0.839068
0.839052
0.839113
0.839134
0.839084
0.839090
0.839090
0.839090
0.839098
0.839188
0.839188
0.839183
0.839199
0.839281
0.839278
0.839317
0.839317
0.839333
0.839377
0.839423
0.839438
0.839438
0.839439
0.839463
0.839508
0.839511
0.839528
0.839533
0.839527
0.839643
0.839631
0.839631
0.839631
0.839686
0.839695
0.839711
0.839746
0.839793
0.839820
0.839820
0.839839
0.839839
0.839890
0.839890
0.839890
0.839992
0.840081
0.840099
0.840099
0.840115
0.840163
0.840163
0.840199
0.840149
0.840193
0.840231
0.840278
0.840300
0.840300
0.840324
0.840341
0.840423
0.840440
0.840461
0.840478
0.840552
0.840575
0.840524
0.840524
0.840569
0.840644
0.840661
0.840690
0.840689
0.840767
0.840784
0.840848
0.840848
0.840894
0.840923
0.840906
0.840875
0.840922
0.841023
0.841075
0.841122
0.841158
0.841127
0.841180
0.841338
0.841376
0.841347
0.841409
0.841456
0.841512
0.841512
0.841552
0.841552
0.841568
0.841666
0.841706
0.841706
0.841682
0.841803
0.841819
0.841840
0.841887
0.841902
0.841926
0.841926
0.841958
0.842047
0.841993
0.842041
0.842041
0.842057
0.842104
0.842164
0.842164
0.842199
0.842277
0.842277
0.842340
0.842420
0.842388
0.842388
0.842424
0.842471
0.842487
0.842533
0.842612
0.842601
0.842649
0.842696
0.842696
0.842735
0.842751
0.842839
0.842789
0.842799
0.842847
0.842847
0.842890
0.842935
0.843030
0.843030
0.843030
0.843113
0.843109
0.843158
0.843158
0.843202
0.843251
0.843234
0.843416
0.843439
0.843439
0.843487
0.843566
0.843566
0.843566
0.843566
0.843614
0.843614
0.843681
0.843681
0.843692
0.843663
0.843712
0.843712
0.843762
0.843762
0.843798
0.843894
0.843894
0.843916
0.843916
0.843916
0.843963
0.843963
0.843963
0.843932
0.844034
0.844084
0.844084
0.844140
0.844219
0.844226
0.844275
0.844307
0.844371
0.844371
0.844394
0.844394
0.844394
0.844445
0.844445
0.844454
0.844502
0.844502
0.844636
0.844636
0.844684
0.844695
0.844741
0.844751
0.844751
0.844751
0.844751
0.844719
0.844817
0.844817
0.844817
0.844817
0.844860
0.844908
0.844955
0.844984
0.844984
0.844984
0.845092
0.845092
0.845092
0.845061
0.845061
0.845061
0.845108
0.845108
0.845154
0.845154
0.845154
0.845118
0.845227
0.845227
0.845227
0.845243
0.845243
0.845305
0.845305
0.845305
0.845305
0.845305
0.845337
0.845337
0.845377
0.845459
0.845459
0.845409
0.845409
0.845472
0.845507
0.845523
0.845540
0.845590
0.845590
0.845590
0.845621
0.845621
0.845660
0.845660
0.845707
0.845743
0.845743
0.845750
0.845768
0.845786
0.845786
0.845868
0.845868
0.845868
0.845899
0.845946
0.845984
0.845921
0.845921
0.845921
0.845967
0.845976
0.845976
0.845963
0.845979
0.845979
0.845998
0.845998
0.846077
0.846123
0.846161
0.846161
0.846161
0.846161
0.846161
0.846161
0.846091
0.846091
0.846091
0.846111
0.846158
0.846158
0.846190
0.846248
0.846248
0.846248
0.846248
0.846248
0.846248
0.846248
0.846178
0.846225
0.846190
0.846270
0.846220
0.846220
0.846220
0.846310
0.846310
0.846310
0.846310
0.846310
0.846358
0.846408
0.846338
0.846338
0.846338
0.846338
0.846338
0.846338
0.846338
0.846428
0.846428
0.846473
0.846473
0.846473
0.846495
0.846542
0.846541
0.846541
0.846541
0.846541
0.846541
0.846541
0.846541
0.846566
0.846566
0.846616
0.846616
0.846616
0.846666
0.846733
0.846663
0.846663
0.846663
0.846694
0.846694
0.846694
0.846732
0.846763
0.846763
0.846763
0.846763
0.846763
0.846763
0.846808
0.846777
0.846760
0.846760
0.846760
0.846760
0.846760
0.846799
0.846830
0.846830
0.846830
0.846880
0.846880
0.846923
0.846880
0.846896
0.846857
0.846900
0.846923
0.846959
0.846959
0.846997
0.847029
0.847029
0.847029
0.847029
0.847029
0.847029
0.847029
0.846997
0.846959
0.846959
0.846959
0.846959
0.846959
0.847045
0.847076
0.847076
0.847076
0.847112
0.847089
0.847089
0.847089
0.847108
0.847108
0.847108
0.847096
0.847096
0.847096
0.847143
0.847174
0.847174
0.847174
0.847174
0.847174
0.847174
0.847143
0.847143
0.847143
0.847143
0.847143
0.847143
0.847143
0.847143
0.847143
0.847198
0.847198
0.847198
0.847248
0.847248
0.847216
0.847216
0.847216
0.847216
0.847216
0.847216
0.847216
0.847216
0.847216
0.847247
0.847247
0.847247
0.847247
0.847247
0.847266
0.847266
0.847266
0.847266
0.847266
0.847266
0.847266
0.847266
0.847266
0.847297
0.847322
0.847322
0.847322
0.847322
0.847315
0.847315
0.847315
0.847315
0.847272
0.847272
0.847272
0.847272
0.847248
0.847279
0.847279
0.847279
0.847279
0.847304
0.847272
0.847272
0.847272
0.847322
0.847322
0.847322
0.847322
0.847322
0.847322
0.847354
0.847354
0.847354
0.847354
0.847354
0.847322
0.847322
0.847322
0.847322
0.847322
0.847322
0.847322
0.847322
0.847322
0.847322
0.847322
0.847322
0.847322
0.847372
0.847372
0.847422
0.847422
0.847422
0.847379
0.847379
0.847404
0.847404
0.847404
0.847404
0.847404
0.847404
0.847379
0.847379
0.847379
0.847379
0.847379
0.847379
0.847379
0.847379
0.847404
0.847404
0.847404
0.847501
0.847501
0.847501
0.847501
0.847501
0.847501
0.847501
0.847489
0.847562
0.847562
0.847562
0.847562
0.847562
0.847519
0.847519
0.847519
0.847519
0.847519
0.847633
0.848432
0.851040
0.855754
0.862401
0.870621
0.879668
0.889099
0.898519
0.907695
0.916584
0.925326
0.934151
0.943211
0.952629
0.962352
0.972191
0.981998
0.991792
1.001615
1.011268
1.020446
1.028730
1.035640
1.040994
1.044501
1.046531
1.047190
1.047051
1.046567
1.045867
1.045410
1.045118
1.044949
1.044822
1.044608
1.044461
1.043987
1.043330
1.042608
1.041807
1.041190
1.040691
1.040230
1.040012
1.039760
1.039569
1.039474
1.039286
1.039083
1.038850
1.038514
1.037284
1.034321
1.029445
1.022552
1.014100
1.004878
0.995296
0.985722
0.976488
0.967817
0.960253
0.953718
0.948546
0.944815
0.942204
0.940540
0.939513
0.938887
0.938316
0.937844
0.937366
0.936847
0.936343
0.935898
0.935661
0.935565
0.935587
0.935808
0.936135
0.936379
0.936592
0.936637
0.936301
0.935850
0.935147
0.934371
0.933538
0.932836
0.932352
0.931794
0.931104
0.930622
0.930212
0.929862
0.929530
0.929232
0.928640
0.927803
0.926883
0.925888
0.924942
0.923883
0.922838
0.921928
0.920932
0.920104
0.919299
0.918510
0.917589
0.916638
0.915628
0.914694
0.913589
0.912649
0.911784
0.910830
0.909867
0.908922
0.907900
0.906934
0.905904
0.904982
0.904018
0.903087
0.902060
0.901051
0.900087
0.899071
0.898184
0.897177
0.896253
0.895383
0.894350
0.893530
0.892484
0.891609
0.890756
0.889725
0.888778
0.887882
0.887001
0.886070
0.885079
0.884154
0.883321
0.882355
0.881408
0.880559
0.879598
0.878775
0.877882
0.876921
0.876068
0.875226
0.874421
0.873607
0.872695
0.871818
0.870908
0.870018
0.869203
0.868301
0.867439
0.866670
0.865767
0.864934
0.864067
0.863232
0.862422
0.861593
0.860804
0.859916
0.859087
0.858313
0.857451
0.856722
0.856034
0.855140
0.854384
0.853553
0.852710
0.851910
0.851167
0.850319
0.849593
0.848753
0.847952
0.847213
0.846477
0.845746
0.845033
0.844274
0.843606
0.842781
0.841995
0.841105
0.840332
0.839604
0.838923
0.838226
0.837599
0.836847
0.836162
0.835486
0.834811
0.834160
0.833452
0.832669
0.832084
0.831318
0.830710
0.830060
0.829478
0.828750
0.828149
0.827549
0.827018
0.826402
0.825749
0.825223
0.824568
0.824059
0.823475
0.823016
0.822556
0.822149
0.821515
0.820958
0.820376
0.819823
0.819450
0.818907
0.818445
0.818097
0.817511
0.817100
0.816712
0.816207
0.815678
0.815249
0.814871
0.814724
0.814371
0.814313
0.814076
0.814121
0.814071
0.814026
0.814014
0.814091
0.814153
0.814184
0.814139
0.814315
0.814102
0.814036
0.814249
0.814434
0.814493
0.814716
0.814717
0.815051
0.815325
0.815561
0.815854
0.816073
0.816203
0.816461
0.816844
0.817062
0.817265
0.817567
0.817869
0.818179
0.818508
0.818887
0.819359
0.819553
0.819820
0.820234
0.820702
0.821138
0.821680
0.822136
0.822582
0.823138
0.823528
0.824119
0.824520
0.825063
0.825634
0.826123
0.826673
0.827317
0.827708
0.828228
0.828726
0.829280
0.829788
0.830393
0.830871
0.831485
0.831894
0.832285
0.832617
0.833281
0.833630
0.834045
0.834584
0.835116
0.835454
0.835903
0.836344
0.836815
0.837176
0.837539
0.837725
0.838030
0.838304
0.838726
0.839097
0.839336
0.839756
0.839963
0.840267
0.840549
0.840877
0.841198
0.841494
0.841736
0.842105
0.842306
0.842591
0.842885
0.843109
0.843340
0.843497
0.843799
0.843996
0.844149
0.844353
0.844681
0.844944
0.845101
0.845255
0.845383
0.845637
0.845772
0.846017
0.846199
0.846183
0.846274
0.846276
0.846254
0.846313
0.846327
0.846517
0.846500
0.846462
0.846486
0.846433
0.846559
0.846747
0.846864
0.846988
0.847055
0.847188
0.847269
0.847439
0.847303
0.847262
0.847269
0.847202
0.847136
0.847060
0.847081
0.847106
0.847090
0.847100
0.847172
0.847394
0.847575
0.847652
0.847792
0.847918
0.847958
0.848084
0.848074
0.847997
0.847928
0.847865
0.847662
0.847594
0.847468
0.847353
0.847339
0.847286
0.847262
0.847518
0.847721
0.847657
0.847822
0.847886
0.848134
0.848177
0.848180
0.847983
0.847853
0.847670
0.847583
0.847426
0.847271
0.847145
0.846935
0.847142
0.847401
0.847543
0.847671
0.847838
0.847863
0.848098
0.848093
0.848104
0.848028
0.847704
0.847513
0.847279
0.846977
0.846812
0.846528
0.846663
0.846909
0.847066
0.847298
0.847459
0.847623
0.847794
0.848079
0.848239
0.848385
0.848521
0.848716
0.848861
0.849002
0.849155
0.849344
0.849517
0.849711
0.849683
0.849453
0.849280
0.848962
0.848663
0.848356
0.848154
0.847979
0.847959
0.847949
0.847905
0.847687
0.847683
0.847970
0.848196
0.848319
0.848468
0.848516
0.848719
0.848997
0.849025
0.849256
0.849480
0.849832
0.850463
0.851000
0.851715
0.852157
0.852111
0.851570
0.850339
0.849228
0.848014
0.846952
0.845968
0.845079
0.844286
0.843668
0.843244
0.842623
0.842126
0.841635
0.841018
0.840319
0.839569
0.838835
0.838123
0.837627
0.836931
0.836309
0.835891
0.835407
0.834841
0.834427
0.834037
0.833687
0.833217
0.832728
0.832168
0.831814
0.831209
0.830913
0.830473
0.830145
0.829960
0.829814
0.829300
0.828975
0.828564
0.828052
0.827684
0.827234
0.826915
0.826178
0.825519
0.824947
0.824452
0.824307
0.823651
0.823142
0.822907
0.822133
0.821704
0.821468
0.821228
0.820747
0.820780
0.820666
0.820073
0.819712
0.819608
0.819226
0.818645
0.818283
0.818189
0.817960
0.817387
0.817113
0.817057
0.816720
0.816379
0.816071
0.815970
0.816071
0.815710
0.815097
0.814763
0.814832
0.814817
0.814377
0.813708
0.813277
0.813002
0.812646
0.811899
0.810875
0.809916
0.809509
0.809255
0.808732
0.807895
0.806968
0.806236
0.806112
0.806008
0.805669
0.804804
0.803833
0.803208
0.802804
0.802206
0.801266
0.800164
0.798942
0.797935
0.797308
0.796935
0.796431
0.795683
0.794687
0.793721
0.793178
0.792884
0.792493
0.791907
0.790872
0.789808
0.789161
0.788693
0.788381
0.787581
0.786586
0.785659
0.785258
0.784914
0.784112
0.783194
0.782389
0.781931
0.781240
0.780191
0.779475
0.778711
0.777870
0.777300
0.776382
0.775747
0.774939
0.774039
0.773308
0.772373
0.771666
0.770757
0.769897
0.769330
0.768680
0.768135
0.767496
0.766610
0.765667
0.764814
0.763881
0.763071
0.762064
0.761082
0.760255
0.759455
0.758410
0.757087
0.755659
0.754453
0.753655
0.752687
0.751857
0.750776
0.749955
0.748982
0.748396
0.747575
0.746593
0.745622
0.744691
0.743692
0.742739
0.741822
0.740850
0.739711
0.738773
0.737779
0.736723
0.735737
0.734668
0.733755
0.732754
0.731824
0.730859
0.730025
0.729270
0.728439
0.727598
0.726865
0.725964
0.725185
0.724355
0.723579
0.722798
0.721480
0.720447
0.719511
0.718698
0.717725
0.716528
0.715315
0.714377
0.713360
0.712469
0.711685
0.710974
0.710084
0.709391
0.708539
0.707830
0.707101
0.706211
0.705400
0.704488
0.703676
0.702880
0.702071
0.701320
0.700431
0.699610
0.698845
0.697982
0.697259
0.696428
0.695503
0.694865
0.694017
0.693330
0.692627
0.691862
0.690989
0.690361
0.689624
0.688818
0.688160
0.687294
0.686439
0.685746
0.684928
0.684115
0.683378
0.682630
0.682014
0.681161
0.680650
0.679739
0.679107
0.678428
0.677678
0.676995
0.676186
0.675382
0.674683
0.673985
0.673247
0.672542
0.671867
0.671134
0.670405
0.669786
0.669096
0.668329
0.667797
0.667120
0.666426
0.665875
0.665275
0.664677
0.664080
0.663562
0.662992
0.662354
0.661926
0.661276
0.660793
0.660182
0.659436
0.658642
0.657903
0.657393
0.656677
0.655841
0.655125
0.654118
0.653031
0.652177
0.651216
0.650151
0.648984
0.647877
0.646490
0.645370
0.644132
0.642984
0.641778
0.640565
0.639237
0.637727
0.636169
0.634773
0.633052
0.631799
0.630306
0.628908
0.627515
0.625926
0.624307
0.622836
0.621268
0.619737
0.618460
0.617152
0.615642
0.614167
0.612670
0.611233
0.610246
0.608941
0.607839
0.606625
0.605586
0.604501
0.603297
0.601824
0.600400
0.599156
0.598105
0.597244
0.596417
0.595575
0.594864
0.594070
0.593444
0.592650
0.591962
0.591074
0.589906
0.588820
0.587628
0.586240
0.585022
0.583780
0.582633
0.581403
0.580301
0.579099
0.578045
0.576967
0.575941
0.574830
0.573681
0.572677
0.571343
0.570316
0.569146
0.568184
0.567062
0.566050
0.564933
0.563825
0.562709
0.561960
0.561089
0.559952
0.559024
0.558080
0.557074
0.556061
0.555035
0.554145
0.553137
0.552257
0.551172
0.550209
0.549332
0.548686
0.547814
0.546928
0.545895
0.545082
0.544185
0.543339
0.542385
0.541485
0.540486
0.539696
0.538858
0.538010
0.537071
0.536208
0.535279
0.534454
0.533571
0.532749
0.531813
0.530982
0.529923
0.529213
0.528374
0.527588
0.526809
0.525984
0.525008
0.524210
0.523297
0.522459
0.521761
0.520851
0.519938
0.519053
0.518149
0.517322
0.516458
0.515602
0.514842
0.513795
0.512836
0.512040
0.511115
0.510141
0.509167
0.508356
0.507467
0.506475
0.505786
0.505016
0.504163
0.503348
0.502566
0.501777
0.501048
0.500032
0.499332
0.498637
0.498018
0.497347
0.496452
0.495847
0.495081
0.494664
0.494060
0.493519
0.492989
0.492518
0.492016
0.491443
0.490960
0.490441
0.489877
0.489448
0.488900
0.488303
0.487750
0.487233
0.486699
0.486208
0.485716
0.485168
0.484690
0.484254
0.483827
0.483384
0.482953
0.482630
0.482243
0.481898
0.481636
0.481334
0.481061
0.480790
0.480563
0.480744
0.481093
0.481698
0.482265
0.483104
0.484191
0.485180
0.486215
0.486617
0.486357
0.485671
0.484775
0.483693
0.482531
0.481352
0.480247
0.479127
0.478156
0.477271
0.476355
0.475333
0.474331
0.473379
0.472380
0.471656
0.470648
0.469894
0.469095
0.468361
0.467473
0.466635
0.465749
0.464941
0.464291
0.463740
0.463411
0.463394
0.463419
0.463614
0.463609
0.463980
0.464355
0.464466
0.464170
0.463414
0.462565
0.461528
0.460380
0.459033
0.457618
0.456343
0.455171
0.453940
0.452775
0.451594
0.450352
0.449298
0.448012
0.447007
0.445745
0.444681
0.443252
0.442031
0.440730
0.439384
0.438218
0.436862
0.435429
0.434503
0.433042
0.431879
0.431101
0.430468
0.429666
0.429190
0.429065
0.428867
0.428391
0.427969
0.428267
0.428253
0.427755
0.426872
0.425814
0.424697
0.423735
0.422547
0.421175
0.419875
0.418979
0.418231
0.417065
0.416033
0.414771
0.413942
0.413185
0.412183
0.410827
0.409579
0.408580
0.407796
0.406679
0.405456
0.404327
0.403470
0.402667
0.401282
0.399991
0.398545
0.397317
0.396321
0.394967
0.393596
0.392220
0.391204
0.390064
0.388836
0.387360
0.386442
0.385168
0.383764
0.382414
0.381024
0.379764
0.378359
0.376745
0.375316
0.373840
0.372263
0.370808
0.369274
0.367842
0.366618
0.364946
0.363408
0.361848
0.360369
0.358662
0.357223
0.355552
0.354018
0.352499
0.350965
0.349615
0.347939
0.346431
0.344920
0.343450
0.342187
0.340979
0.339417
0.338064
0.336550
0.335094
0.333697
0.332119
0.330829
0.329380
0.327920
0.326914
0.325938
0.324775
0.323883
0.322722
0.321429
0.320197
0.319015
0.317831
0.316588
0.315352
0.314278
0.313125
0.312060
0.310980
0.309848
0.308868
0.307811
0.306481
0.305490
0.304334
0.303082
0.301986
0.301072
0.300045
0.298880
0.297717
0.296557
0.295513
0.294483
0.293323
0.292110
0.290994
0.289903
0.288746
0.287663
0.286663
0.285621
0.284702
0.283839
0.282905
0.281932
0.280801
0.279829
0.278772
0.277675
0.276640
0.275643
0.274556
0.273470
0.272490
0.271545
0.270536
0.269593
0.268493
0.267495
0.266465
0.265417
0.264410
0.263409
0.262438
0.261459
0.260562
0.259711
0.258840
0.258001
0.257014
0.256058
0.255094
0.254160
0.253145
0.252265
0.251317
0.250257
0.249349
0.248415
0.247483
0.246600
0.245656
0.244584
0.243681
0.242773
0.241784
0.240776
0.239764
0.238793
0.237784
0.236891
0.235921
0.235060
0.234188
0.233209
0.232203
0.231304
0.230308
0.229267
0.228456
0.227426
0.226568
0.225630
0.224606
0.223757
0.222791
0.221917
0.220936
0.219983
0.219185
0.218134
0.217283
0.216436
0.215458
0.214571
0.213755
0.212898
0.212014
0.211154
0.210334
0.209466
0.208587
0.207807
0.207009
0.206122
0.205336
0.204518
0.203796
0.202900
0.202081
0.201180
0.200502
0.199631
0.198830
0.198070
0.197376
0.196631
0.195843
0.195166
0.194411
0.193721
0.193008
0.192298
0.191662
0.190964
0.190171
0.189442
0.188814
0.188205
0.187539
0.186919
0.186258
0.185482
0.184829
0.184082
0.183328
0.182673
0.181975
0.181308
0.180533
0.179768
0.179176
0.178447
0.177726
0.177065
0.176423
0.175772
0.175035
0.174293
0.173654
0.173013
0.172188
0.171533
0.170874
0.170144
0.169488
0.168710
0.167998
0.167395
0.166754
0.166129
0.165392
0.164786
0.163952
0.163196
0.162560
0.161926
0.161253
0.160564
0.159879
0.159124
0.158442
0.157730
0.157017
0.156337
0.155716
0.154927
0.154264
0.153533
0.152785
0.152148
0.151385
0.150723
0.150069
0.149344
0.148649
0.148042
0.147337
0.146623
0.145931
0.145241
0.144575
0.143925
0.143237
0.142451
0.141745
0.141029
0.140240
0.139596
0.138940
0.138194
0.137565
0.136904
0.136244
0.135559
0.134832
0.134202
0.133513
0.132823
0.132176
0.131615
0.131058
0.130436
0.129872
0.129324
0.128655
0.128122
0.127461
0.126774
0.126154
0.125551
0.124917
0.124237
0.123622
0.123013
0.122429
0.121691
0.121129
0.120618
0.119901
0.119331
0.118847
0.118230
0.117655
0.117068
0.116553
0.115994
0.115478
0.114967
0.114437
0.113988
0.113375
0.112869
0.112335
0.111714
0.111217
0.110707
0.110084
0.109591
0.109001
0.108473
0.107896
0.107295
0.106764
0.106194
0.105621
0.105020
0.104474
0.103913
0.103432
0.102932
0.102335
0.101829
0.101264
0.100715
0.100055
0.099482
0.098938
0.098362
0.097807
0.097244
0.096713
0.096182
0.095578
0.095097
0.094620
0.094075
0.093420
0.092931
0.092254
0.091716
0.091100
0.090628
0.089954
0.089407
0.088862
0.088310
0.087702
0.087204
0.086680
0.086109
0.085595
0.085055
0.084514
0.083827
0.083356
0.082899
0.082385
0.081903
0.081417
0.080812
0.080250
0.079754
0.079273
0.078811
0.078331
0.077869
0.077351
0.076968
0.076463
0.076134
0.075648
0.075164
0.074676
0.074272
0.073789
0.073422
0.073023
0.072666
0.072164
0.071837
0.071383
0.070978
0.070648
0.070187
0.069814
0.069474
0.069119
0.068741
0.068378
0.068030
0.067680
0.067341
0.067053
0.066710
0.066316
0.066011
0.065658
0.065370
0.065145
0.064809
0.064543
0.064297
0.064084
0.064035
0.063793
0.063459
0.063173
0.063002
0.062655
0.062297
0.062057
0.061734
0.061542
0.061377
0.061118
0.060779
0.060587
0.060310
0.059942
0.059814
0.059497
0.059231
0.059048
0.058752
0.058584
0.058342
0.058107
0.057844
0.057635
0.057413
0.057129
0.056921
0.056694
0.056514
0.056266
0.056004
0.055714
0.055519
0.055217
0.055065
0.054906
0.054656
0.054395
0.054219
0.053967
0.053785
0.053497
0.053348
0.053142
0.052955
0.052639
0.052362
0.052088
0.051890
0.051610
0.051377
0.051104
0.050859
0.050635
0.050440
0.050236
0.050024
0.049986
0.049731
0.049494
0.049278
0.049072
0.048844
0.048533
0.048252
0.047940
0.047761
0.047504
0.047306
0.047032
0.046760
0.046449
0.046136
0.045990
0.045748
0.045398
0.045143
0.044946
0.044798
0.044583
0.044218
0.043982
0.043736
0.043449
0.043141
0.042917
0.042623
0.042278
0.042098
0.041901
0.041681
0.041525
0.041200
0.040973
0.040845
0.040615
0.040389
0.040138
0.039886
0.039622
0.039514
0.039333
0.039070
0.038917
0.038634
0.038427
0.038281
0.038055
0.037914
0.037816
0.037579
0.037334
0.037162
0.036958
0.036816
0.036640
0.036476
0.036307
0.036132
0.036026
0.035893
0.035725
0.035582
0.035431
0.035272
0.035136
0.034958
0.034818
0.034818
0.034560
0.034326
0.034282
0.034153
0.034091
0.033945
0.033812
0.033706
0.033612
0.033582
0.033479
0.033380
0.033238
0.033156
0.033042
0.032926
0.032997
0.032885
0.032853
0.032734
0.032697
0.032492
0.032468
0.032333
0.032306
0.032237
0.032234
0.032213
0.032044
0.032017
0.031914
0.031875
0.031832
0.031795
0.031732
0.031690
0.031580
0.031563
0.031427
0.031397
0.031342
0.031267
0.031309
0.031318
0.031347
0.031333
0.031261
0.031226
0.031128
0.031086
0.031083
0.031026
0.031019
0.030918
0.030864
0.030820
0.030804
0.030837
0.030829
0.030691
0.030689
0.030680
0.030628
0.030603
0.030609
0.030508
0.030503
0.030480
0.030499
0.030503
0.030402
0.030352
0.030320
0.030325
0.030244
0.030282
0.030245
0.030308
0.030275
0.030275
0.030191
0.030198
0.030178
0.030094
0.030077
0.030091
0.030045
0.030140
0.030140
0.030122
0.030047
0.030029
0.029999
0.029972
0.029996
0.029953
0.029912
0.030004
0.029960
0.029941
0.029941
0.029921
0.029901
0.029890
0.029887
0.029872
0.029846
0.029830
0.029791
0.029786
0.029850
0.029850
0.029816
0.029816
0.029772
0.029749
0.029739
0.029668
0.029628
0.029660
0.029623
0.029621
0.029636
0.029636
0.029619
0.029619
0.029741
0.029673
0.029640
0.029656
0.029675
0.029680
0.029609
0.029613
0.029613
0.029559
0.029592
0.029506
0.029545
0.029483
0.029523
0.029490
0.029503
0.029503
0.029496
0.029538
0.029508
0.029513
0.029561
0.029613
0.029628
0.029604
0.029609
0.029553
0.029622
0.029614
0.029561
0.029554
0.029497
0.029497
0.029490
0.029514
0.029559
0.029483
0.029553
0.029550
0.029583
0.029534
0.029581
0.029581
0.029554
0.029601
0.029586
0.029586
0.029599
0.029536
0.029522
0.029557
0.029557
0.029502
0.029554
0.029552
0.029541
0.029559
0.029548
0.029548
0.029624
0.029632
0.029625
0.029685
0.029767
0.029742
0.029696
0.029696
0.029739
0.029761
0.029761
0.029755
0.029834
0.029829
0.029767
0.029812
0.029783
0.029783
0.029780
0.029780
0.029794
0.029791
0.029788
0.029788
0.029786
0.029872
0.029841
0.029806
0.029806
0.029814
0.029822
0.029823
0.029823
0.029822
0.029791
0.029878
0.029855
0.029834
0.029887
0.029862
0.029911
0.029870
0.029870
0.029874
0.029874
0.029897
0.029951
0.029940
0.029940
0.029876
0.029850
0.029850
0.029850
0.029856
0.029884
0.029949
0.029991
0.029991
0.029966
0.029973
0.029973
0.030022
0.030022
0.030018
0.030025
0.030018
0.030018
0.030026
0.030034
0.030107
0.030116
0.030127
0.030062
0.030028
0.030028
0.030018
0.030018
0.030025
0.030025
0.030017
0.030017
0.030015
0.030050
0.030041
0.030135
0.030135
0.030146
0.030182
0.030182
0.030182
0.030148
0.030160
0.030160
0.030195
0.030204
0.030204
0.030197
0.030197
0.030238
0.030283
0.030275
0.030248
0.030248
0.030205
0.030205
0.030210
0.030210
0.030244
0.030244
0.030280
0.030265
0.030277
0.030277
0.030277
0.030291
0.030291
0.030311
0.030311
0.030344
0.030311
0.030311
0.030311
0.030311
0.030325
0.030325
0.030325
0.030373
0.030315
0.030353
0.030303
0.030317
0.030311
0.030278
0.030278
0.030246
0.030262
0.030251
0.030248
0.030248
0.030231
0.030287
0.030293
0.030323
0.030277
0.030271
0.030348
0.030302
0.030302
0.030302
0.030320
0.030320
0.030320
0.030354
0.030354
0.030372
0.030372
0.030373
0.030282
0.030282
0.030282
0.030274
0.030309
0.030263
0.030263
0.030272
0.030251
0.030287
0.030287
0.030303
0.030303
0.030310
0.030272
0.030275
0.030279
0.030279
0.030317
0.030266
0.030266
0.030266
0.030266
0.030266
0.030227
0.030242
0.030281
0.030281
0.030235
0.030235
0.030159
0.030166
0.030166
0.030166
0.030166
0.030166
0.030163
0.030184
0.030184
0.030184
0.030226
0.030214
0.030214
0.030214
0.030197
0.030195
0.030174
0.030145
0.030145
0.030145
0.030167
0.030167
0.030121
