1.381351
1.210863
1.049880
0.935511
0.871075
0.843603
0.835869
0.836735
0.837531
0.837066
0.835919
0.834580
0.833488
0.832544
0.832063
0.831847
0.831488
0.830825
0.830116
0.829326
0.828376
0.827501
0.826690
0.825946
0.825303
0.824476
0.823573
0.822268
0.821083
0.819582
0.817693
0.815688
0.813943
0.812039
0.810279
0.808525
0.806668
0.804961
0.803138
0.801620
0.799763
0.798097
0.796721
0.795239
0.793751
0.792083
0.790666
0.789081
0.787385
0.785583
0.784025
0.782248
0.780737
0.778971
0.777478
0.775714
0.774179
0.772299
0.771056
0.769982
0.768721
0.767374
0.766348
0.764976
0.763306
0.761862
0.760449
0.758691
0.757162
0.755725
0.753984
0.752372
0.750779
0.748891
0.747330
0.745477
0.743769
0.741957
0.740235
0.738303
0.736599
0.734937
0.732802
0.731123
0.729355
0.727580
0.725959
0.724035
0.722285
0.720340
0.718496
0.716559
0.714758
0.712901
0.710950
0.709121
0.707205
0.705360
0.703540
0.701377
0.699520
0.697579
0.695844
0.693916
0.692156
0.690290
0.688222
0.686357
0.684464
0.682579
0.680791
0.678958
0.676971
0.675203
0.673319
0.671535
0.669656
0.667812
0.665996
0.664021
0.662059
0.660404
0.658249
0.656348
0.654171
0.652321
0.650556
0.648631
0.646891
0.645021
0.643016
0.641500
0.639641
0.637877
0.636073
0.634314
0.632524
0.630750
0.628916
0.627229
0.625396
0.623700
0.622187
0.620535
0.618895
0.617234
0.615492
0.613805
0.612120
0.610622
0.608789
0.607413
0.605806
0.604257
0.602679
0.601101
0.599568
0.598112
0.596653
0.595143
0.593575
0.592089
0.590750
0.589507
0.588216
0.586771
0.585261
0.583960
0.582617
0.581105
0.579817
0.578308
0.576775
0.575342
0.574142
0.572663
0.571271
0.569910
0.568592
0.567116
0.565732
0.564368
0.562975
0.561656
0.560272
0.558886
0.557601
0.556224
0.554828
0.553447
0.552103
0.550781
0.549416
0.548107
0.546744
0.545356
0.544200
0.542689
0.541423
0.540021
0.538776
0.537379
0.536022
0.534910
0.533411
0.532180
0.530749
0.529464
0.528008
0.526837
0.525618
0.524123
0.522876
0.521445
0.520105
0.518932
0.517672
0.516420
0.515104
0.513879
0.512564
0.511139
0.509958
0.508595
0.507450
0.506176
0.504896
0.503649
0.502503
0.501222
0.499882
0.498648
0.497448
0.496090
0.494853
0.493747
0.492607
0.491425
0.490394
0.489240
0.488151
0.486876
0.485967
0.484891
0.483736
0.482584
0.481349
0.480298
0.479289
0.478067
0.476975
0.475912
0.474760
0.473765
0.472597
0.471527
0.470509
0.469383
0.468383
0.467262
0.466238
0.465203
0.464127
0.463048
0.461937
0.460965
0.460064
0.459030
0.458091
0.456936
0.456000
0.455109
0.454082
0.453026
0.452115
0.451190
0.450192
0.449212
0.448269
0.447335
0.446513
0.445731
0.444890
0.443866
0.442853
0.442043
0.441236
0.440318
0.439393
0.438690
0.437821
0.437118
0.436126
0.435231
0.434499
0.433592
0.432875
0.432055
0.431337
0.430433
0.429718
0.428840
0.428189
0.427524
0.426851
0.426239
0.425430
0.424721
0.423836
0.423012
0.422419
0.421725
0.421208
0.420339
0.419442
0.418828
0.418107
0.417398
0.416837
0.416136
0.415466
0.414642
0.413987
0.413431
0.412618
0.412049
0.411318
0.410804
0.410160
0.409556
0.408978
0.408370
0.407802
0.407299
0.406621
0.406143
0.405614
0.405016
0.404384
0.403707
0.403092
0.402515
0.401830
0.401315
0.400744
0.400077
0.399532
0.398998
0.398487
0.397929
0.397343
0.396802
0.396153
0.395662
0.395201
0.394609
0.393934
0.393506
0.392953
0.392300
0.391887
0.391263
0.390711
0.390238
0.389901
0.389308
0.388678
0.388094
0.387682
0.386981
0.386560
0.386007
0.385405
0.384923
0.384366
0.383881
0.383409
0.382845
0.382315
0.381844
0.381392
0.380874
0.380437
0.379992
0.379620
0.379008
0.378546
0.378082
0.377595
0.377085
0.376560
0.376157
0.375559
0.374971
0.374547
0.374154
0.373704
0.373267
0.372653
0.372273
0.371737
0.371270
0.370745
0.370257
0.369840
0.369254
0.368842
0.368419
0.368064
0.367528
0.366971
0.366591
0.366046
0.365695
0.365276
0.364821
0.364329
0.363859
0.363378
0.362770
0.362383
0.362014
0.361668
0.361273
0.360833
0.360304
0.359833
0.359449
0.358929
0.358478
0.358088
0.357574
0.357138
0.356446
0.356050
0.355555
0.354947
0.354505
0.354027
0.353581
0.353101
0.352725
0.352282
0.351829
0.351385
0.350921
0.350529
0.350212
0.349753
0.349333
0.348786
0.348462
0.347947
0.347621
0.347189
0.346890
0.346398
0.346018
0.345638
0.345362
0.344810
0.344433
0.343964
0.343618
0.343246
0.342787
0.342457
0.342064
0.341599
0.341189
0.340807
0.340393
0.340020
0.339647
0.339278
0.338880
0.338582
0.338288
0.337887
0.337580
0.337179
0.336809
0.336416
0.336128
0.335785
0.335374
0.334951
0.334618
0.334202
0.333880
0.333434
0.333033
0.332641
0.332287
0.331875
0.331508
0.331050
0.330654
0.330322
0.329918
0.329583
0.329192
0.328661
0.328187
0.327859
0.327374
0.326977
0.326556
0.326253
0.325795
0.325366
0.324956
0.324544
0.324168
0.323728
0.323314
0.322938
0.322474
0.322033
0.321574
0.321150
0.320866
0.320378
0.320004
0.319527
0.319087
0.318368
0.317771
0.317359
0.316768
0.316216
0.315825
0.315377
0.314870
0.314408
0.313966
0.313444
0.313027
0.312493
0.312039
0.311608
0.311144
0.310666
0.310201
0.309724
0.309229
0.308788
0.308372
0.307789
0.307416
0.306917
0.306480
0.306032
0.305482
0.305001
0.304529
0.304029
0.303609
0.303141
0.302658
0.302193
0.301643
0.301171
0.300677
0.300274
0.299862
0.299398
0.298894
0.298598
0.298222
0.297847
0.297477
0.297082
0.296729
0.296395
0.295980
0.295576
0.295209
0.294773
0.294359
0.293909
0.293496
0.293118
0.292754
0.292377
0.292035
0.291726
0.291365
0.290986
0.290547
0.290181
0.289819
0.289489
0.289131
0.288865
0.288584
0.288251
0.287896
0.287561
0.287199
0.286990
0.286707
0.286521
0.286215
0.285898
0.285619
0.285368
0.285048
0.284830
0.284575
0.284390
0.284117
0.283849
0.283532
0.283285
0.283118
0.282870
0.282389
0.282059
0.281750
0.281383
0.281197
0.280994
0.280727
0.280514
0.280368
0.280185
0.279946
0.279785
0.279569
0.279386
0.279157
0.279017
0.278805
0.278676
0.278482
0.278354
0.278230
0.278140
0.277968
0.277837
0.277610
0.277538
0.277465
0.277331
0.277232
0.277126
0.276961
0.276845
0.276797
0.276634
0.276499
0.276392
0.276232
0.276187
0.276029
0.275921
0.275871
0.275737
0.275630
0.275654
0.275548
0.275590
0.275510
0.275487
0.275391
0.275394
0.275328
0.275319
0.275311
0.275301
0.275173
0.275159
0.275008
0.274937
0.274898
0.274846
0.274799
0.274748
0.274705
0.274669
0.274590
0.274507
0.274414
0.274351
0.274324
0.274194
0.274157
0.274125
0.274031
0.273977
0.273830
0.273756
0.273810
0.273734
0.273684
0.273580
0.273535
0.273491
0.273413
0.273393
0.273279
0.273229
0.273206
0.273167
0.273114
0.273127
0.273032
0.272763
0.272588
0.272518
0.272375
0.272238
0.272199
0.272148
0.272066
0.271971
0.271955
0.271817
0.271850
0.271759
0.271727
0.271658
0.271523
0.271461
0.271435
0.271373
0.271329
0.271295
0.271257
0.271224
0.271166
0.271145
0.271038
0.270979
0.270911
0.270927
0.270896
0.270877
0.270847
0.270828
0.270730
0.270772
0.270726
0.270663
0.270656
0.270560
0.270517
0.270491
0.270489
0.270489
0.270552
0.270598
0.270652
0.270685
0.270688
0.270688
0.270617
0.270666
0.270625
0.270587
0.270664
0.270685
0.270648
0.270648
0.270603
0.270681
0.270611
0.270567
0.270595
0.270587
0.270546
0.270569
0.270484
0.270463
0.270484
0.270400
0.270400
0.270350
0.270409
0.270354
0.270333
0.270333
0.270209
0.270289
0.270300
0.270260
0.270260
0.270217
0.270198
0.270168
0.270140
0.270140
0.270068
0.270055
0.270086
0.270073
0.269994
0.269994
0.269605
0.269517
0.269450
0.269429
0.269380
0.269339
0.269252
0.269205
0.269159
0.269191
0.269067
0.268977
0.268935
0.268886
0.268919
0.268910
0.268872
0.268872
0.268776
0.268776
0.268776
0.268739
0.268720
0.268710
0.268655
0.268579
0.268569
0.268569
0.268492
0.268526
0.268555
0.268520
0.268494
0.268444
0.268404
0.268404
0.268404
0.268387
0.268386
0.268347
0.268338
0.268303
0.268275
0.268275
0.268391
0.268348
0.268443
0.268491
0.268575
0.268575
0.268624
0.268639
0.268639
0.268679
0.268656
0.268656
0.268705
0.268655
0.268621
0.268633
0.268633
0.268633
0.268682
0.268682
0.268648
0.268648
0.268648
0.268698
0.268656
0.268656
0.268618
0.268541
0.268542
0.268542
0.268542
0.268542
0.268542
0.268554
0.268554
0.268558
0.268558
0.268558
0.268558
0.268525
0.268525
0.268487
0.268437
0.268404
0.268404
0.268404
0.268149
0.268100
0.268000
0.267984
0.267824
0.267788
0.267773
0.267689
0.267610
0.267610
0.267601
0.267595
0.267553
0.267595
0.267595
0.267526
0.267526
0.267476
0.267434
0.267396
0.267327
0.267290
0.267219
0.267153
0.267121
0.267121
0.267121
0.267156
0.267156
0.267156
0.267156
0.267156
0.267170
0.267139
0.267103
0.267136
0.267171
0.267101
0.267101
0.267101
0.267101
0.267084
0.267084
0.267084
0.267084
0.267255
0.267304
0.267371
0.267384
0.267433
0.267403
0.267377
0.267432
0.267432
0.267482
0.267531
0.267531
0.267579
0.267579
0.267579
0.267628
0.267598
0.267559
0.267608
0.267578
0.267578
0.267578
0.267578
0.267622
0.267622
0.267622
0.267622
0.267622
0.267582
0.267546
0.267516
0.267585
0.267550
0.267568
0.267528
0.267528
0.267528
0.267528
0.267528
0.267528
0.267492
0.267492
0.267492
0.267491
0.267471
0.267173
0.267123
0.267062
0.266982
0.266933
0.266933
0.266844
0.266795
0.266795
0.266745
0.266698
0.266662
0.266616
0.266616
0.266546
0.266503
0.266503
0.266503
0.266502
0.266502
0.266501
0.266501
0.266461
0.266445
0.266445
0.266445
0.266415
0.266430
0.266390
0.266426
0.266396
0.266396
0.266395
0.266411
0.266411
0.266411
0.266411
0.266371
0.266371
0.266335
0.266371
0.266335
0.266305
0.266264
0.266264
0.266299
0.266472
0.266486
0.266584
0.266633
0.266732
0.266732
0.266742
0.266792
0.266841
0.266845
0.266895
0.266883
0.266932
0.266903
0.266903
0.266952
0.266952
0.266952
0.267032
0.267032
0.267031
0.266992
0.266954
0.267003
0.267089
0.267054
0.266985
0.266985
0.266985
0.266985
0.267026
0.267026
0.267076
0.267069
0.267069
0.267039
0.267000
0.267000
0.267000
0.267000
0.266970
0.266965
0.266965
0.266965
0.267015
0.266716
0.266732
0.266632
0.266583
0.266503
0.266503
0.266454
0.266366
0.266402
0.266323
0.266275
0.266275
0.266229
0.266229
0.266223
0.266179
0.266179
0.266179
0.266154
0.266154
0.266124
0.266124
0.266124
0.266104
0.266104
0.266104
0.266104
0.266104
0.266139
0.266139
0.266138
0.266138
0.266138
0.266154
0.266154
0.266084
0.266084
0.266084
0.266134
0.266134
0.266134
0.266134
0.266134
0.266169
0.266169
0.266169
0.266343
0.266338
0.266400
0.266416
0.266500
0.266470
0.266519
0.266569
0.266646
0.266619
0.266668
0.266629
0.266710
0.266710
0.266710
0.266779
0.266806
0.266842
0.266891
0.266891
0.266852
0.266852
0.266852
0.266902
0.266902
0.266902
0.266902
0.266902
0.266902
0.266866
0.266866
0.266870
0.266920
0.266881
0.266846
0.266846
0.266846
0.266881
0.266931
0.266931
0.266931
0.266931
0.266931
0.266931
0.266632
0.266582
0.266483
0.266395
0.266345
0.266345
0.266296
0.266247
0.266247
0.266199
0.266151
0.266151
0.266105
0.266105
0.266140
0.266066
0.266066
0.266066
0.265991
0.265991
0.265991
0.266041
0.266041
0.266082
0.266066
0.266066
0.266066
0.266066
0.266025
0.266025
0.266059
0.266059
0.266059
0.266075
0.266075
0.266116
0.266116
0.266116
0.266116
0.266116
0.266116
0.266116
0.266078
0.266047
0.266047
0.266047
0.266047
0.266220
0.266268
0.266366
0.266416
0.266465
0.266465
0.266515
0.266564
0.266649
0.266699
0.266776
0.266668
0.266753
0.266753
0.266753
0.266803
0.266803
0.266837
0.266886
0.266886
0.266886
0.266886
0.266886
0.266971
0.266907
0.266907
0.266907
0.266905
0.266905
0.266905
0.266941
0.266941
0.266990
0.266990
0.266953
0.266953
0.266953
0.266953
0.266915
0.266915
0.266915
0.266915
0.266915
0.266916
0.266617
0.266567
0.266467
0.266418
0.266368
0.266368
0.266318
0.266269
0.266269
0.266255
0.266212
0.266262
0.266214
0.266214
0.266142
0.266095
0.266095
0.266095
0.266054
0.266054
0.266054
0.266054
0.266085
0.266102
0.266052
0.266052
0.266052
0.266052
0.266015
0.266015
0.266015
0.266015
0.266015
0.266065
0.266100
0.266100
0.266100
0.266137
0.266101
0.266101
0.266101
0.266101
0.266064
0.266064
0.266064
0.266064
0.266064
0.266264
0.266314
0.266414
0.266433
0.266520
0.266510
0.266560
0.266610
0.266660
0.266660
0.266673
0.266673
0.266723
0.266723
0.266758
0.266808
0.266772
0.266772
0.266894
0.266894
0.266894
0.266894
0.266894
0.266944
0.266907
0.266907
0.266907
0.266907
0.266907
0.266907
0.266907
0.266907
0.266994
0.267044
0.267044
0.267044
0.267044
0.267080
0.267084
0.267084
0.267084
0.267084
0.267084
0.267048
0.266784
0.266662
0.266599
0.266549
0.266499
0.266499
0.266490
0.266440
0.266403
0.266353
0.266303
0.266303
0.266253
0.266253
0.266214
0.266164
0.266201
0.266201
0.266151
0.266186
0.266186
0.266186
0.266149
0.266099
0.266099
0.266099
0.266063
0.266063
0.266063
0.266063
0.266100
0.266100
0.266100
0.266150
0.266186
0.266149
0.266149
0.266149
0.266149
0.266149
0.266149
0.266149
0.266149
0.266149
0.266186
0.266186
0.266186
0.266414
0.266464
0.266527
0.266549
0.266599
0.266599
0.266649
0.266699
0.266777
0.266777
0.266827
0.266797
0.266847
0.266847
0.266847
0.266933
0.266896
0.266896
0.266946
0.266946
0.266946
0.266946
0.266946
0.267029
0.267029
0.267033
0.266994
0.266994
0.267030
0.267030
0.267064
0.267064
0.267114
0.267114
0.267114
0.267114
0.267114
0.267114
0.267043
0.267043
0.267080
0.267080
0.267080
0.267007
0.266707
0.266690
0.266590
0.266540
0.266490
0.266490
0.266490
0.266407
0.266407
0.266357
0.266307
0.266307
0.266257
0.266257
0.266257
0.266207
0.266207
0.266240
0.266157
0.266157
0.266157
0.266157
0.266157
0.266107
0.266107
0.266107
0.266107
0.266107
0.266107
0.266107
0.266107
0.266107
0.266107
0.266157
0.266157
0.266228
0.266228
0.266228
0.266232
0.266232
0.266232
0.266260
0.266232
0.266232
0.266232
0.266232
0.266432
0.266482
0.266582
0.266632
0.266710
0.266679
0.266729
0.266814
0.266864
0.266864
0.266914
0.266945
0.266995
0.266995
0.266995
0.267045
0.267045
0.267014
0.267064
0.267064
0.267064
0.267381
0.268227
0.270879
0.275654
0.282595
0.291038
0.300442
0.310394
0.320207
0.329508
0.338695
0.347805
0.356725
0.365705
0.374833
0.384162
0.393449
0.402937
0.412457
0.421715
0.431092
0.440049
0.448060
0.454774
0.459575
0.462836
0.464341
0.464704
0.464188
0.463303
0.462349
0.461656
0.461051
0.460618
0.460260
0.459678
0.459084
0.458262
0.457270
0.456196
0.455080
0.454147
0.453299
0.452588
0.451919
0.451502
0.451055
0.450578
0.450075
0.449426
0.448823
0.448102
0.446485
0.443144
0.437671
0.430334
0.421603
0.412005
0.402119
0.392496
0.383082
0.373947
0.364905
0.355946
0.346865
0.337749
0.328749
0.320192
0.312599
0.306350
0.301476
0.297988
0.295556
0.294008
0.293277
0.293234
0.293356
0.293547
0.293310
0.292972
0.292262
0.291412
0.290505
0.289591
0.288607
0.287699
0.286414
0.284946
0.283504
0.282508
0.281484
0.280708
0.279987
0.279447
0.278948
0.278577
0.278127
0.277562
0.276924
0.276162
0.275508
0.274875
0.274262
0.273570
0.272850
0.271872
0.271055
0.270099
0.269168
0.268337
0.267292
0.266418
0.265499
0.264701
0.263722
0.262819
0.262071
0.261240
0.260478
0.259578
0.258740
0.257910
0.257231
0.256344
0.255493
0.254647
0.253777
0.253082
0.252272
0.251440
0.250709
0.250009
0.249337
0.248993
0.248424
0.247937
0.247467
0.246944
0.246493
0.246064
0.245571
0.245059
0.244536
0.244190
0.243694
0.243215
0.242814
0.242332
0.242027
0.241617
0.241087
0.240735
0.240263
0.239826
0.239420
0.238955
0.238439
0.237996
0.237534
0.237137
0.236772
0.236381
0.236029
0.235586
0.235208
0.234938
0.234463
0.234081
0.233638
0.233143
0.232753
0.232341
0.231883
0.231411
0.231119
0.230633
0.230211
0.229865
0.229520
0.229110
0.228709
0.228228
0.227865
0.227512
0.227081
0.226850
0.226437
0.226012
0.225483
0.225017
0.224444
0.223946
0.223519
0.223021
0.222394
0.221941
0.221442
0.220957
0.220482
0.220000
0.219577
0.219000
0.218538
0.218123
0.217595
0.217027
0.216404
0.215987
0.215459
0.214887
0.214397
0.213901
0.213418
0.212891
0.212370
0.211943
0.211419
0.210886
0.210387
0.209788
0.209286
0.208769
0.208234
0.207758
0.207197
0.206688
0.206152
0.205723
0.205256
0.204708
0.204176
0.203698
0.203099
0.202587
0.202048
0.201517
0.201024
0.200513
0.199950
0.199445
0.198972
0.198421
0.197822
0.197315
0.196771
0.196217
0.195706
0.195167
0.194656
0.194079
0.193577
0.193017
0.192494
0.191905
0.191295
0.190721
0.190208
0.189745
0.189110
0.188656
0.188131
0.187573
0.187046
0.186513
0.186045
0.185462
0.184865
0.184380
0.183843
0.183304
0.182757
0.182274
0.181757
0.181275
0.180759
0.180214
0.179734
0.179315
0.178824
0.178426
0.177892
0.177409
0.176977
0.176452
0.176024
0.175641
0.175210
0.174761
0.174371
0.173897
0.173498
0.173103
0.172685
0.172304
0.171896
0.171466
0.171119
0.170727
0.170312
0.170111
0.170091
0.169764
0.169414
0.168982
0.168557
0.168144
0.167790
0.167511
0.167163
0.166786
0.166450
0.166153
0.165714
0.165499
0.165113
0.164832
0.164525
0.164100
0.163864
0.163537
0.163152
0.162956
0.162563
0.162289
0.162097
0.161705
0.161318
0.161148
0.160860
0.160377
0.160167
0.159998
0.159527
0.159203
0.158966
0.158687
0.158291
0.157999
0.157844
0.157561
0.157089
0.156931
0.156678
0.156327
0.155970
0.155695
0.155483
0.155054
0.154820
0.154651
0.154351
0.154021
0.153702
0.153445
0.153159
0.152823
0.152517
0.152348
0.151970
0.151629
0.151436
0.151065
0.150805
0.150587
0.150183
0.149884
0.149732
0.149356
0.149124
0.148820
0.148591
0.148309
0.148063
0.147749
0.147430
0.147212
0.146997
0.146806
0.146498
0.146179
0.145868
0.145618
0.145337
0.145040
0.144809
0.144494
0.144217
0.143960
0.143707
0.143498
0.143275
0.143055
0.142973
0.142830
0.142640
0.142347
0.142122
0.141750
0.141523
0.141270
0.140974
0.140578
0.140284
0.139957
0.139732
0.139373
0.139094
0.138776
0.138524
0.138122
0.137742
0.137388
0.137044
0.136766
0.136347
0.136053
0.135667
0.135413
0.135041
0.134691
0.134281
0.133964
0.133602
0.133149
0.132781
0.132410
0.131947
0.131632
0.131304
0.130855
0.130505
0.130100
0.129687
0.129213
0.128838
0.128454
0.128019
0.127475
0.127160
0.126689
0.126308
0.125907
0.125408
0.124971
0.124548
0.124168
0.123681
0.123213
0.122798
0.122367
0.121861
0.121469
0.121041
0.120596
0.120136
0.119696
0.119167
0.118708
0.118216
0.117689
0.117292
0.116760
0.116289
0.115777
0.115322
0.114847
0.114379
0.113834
0.113372
0.112994
0.112451
0.111956
0.111482
0.110940
0.110457
0.109950
0.109411
0.108970
0.108442
0.107909
0.107471
0.106960
0.106482
0.105915
0.105477
0.105021
0.104498
0.104018
0.103538
0.103054
0.102663
0.102144
0.101637
0.101065
0.100608
0.100077
0.099729
0.099299
0.098854
0.098372
0.097885
0.097505
0.096976
0.096491
0.096120
0.095527
0.095104
0.094607
0.094151
0.093665
0.093342
0.092832
0.092379
0.091899
0.091475
0.091058
0.090768
0.090278
0.089924
0.089495
0.089081
0.088607
0.088128
0.087740
0.087305
0.086920
0.086603
0.086357
0.086077
0.085841
0.085521
0.085257
0.084999
0.084771
0.084525
0.084234
0.084060
0.083792
0.083512
0.083302
0.083082
0.082963
0.082715
0.082590
0.082293
0.081946
0.081564
0.081271
0.080886
0.080545
0.080294
0.079866
0.079586
0.079218
0.078886
0.078606
0.078256
0.077876
0.077611
0.077281
0.077084
0.076934
0.076780
0.076507
0.076134
0.075879
0.075645
0.075237
0.075005
0.074679
0.074390
0.074027
0.073687
0.073415
0.073112
0.072788
0.072518
0.072245
0.071814
0.071603
0.071510
0.071379
0.071065
0.070795
0.070496
0.070164
0.069859
0.069517
0.069259
0.068895
0.068605
0.068311
0.067981
0.067672
0.067415
0.067120
0.066760
0.066503
0.066285
0.065908
0.065611
0.065306
0.065009
0.064605
0.064301
0.064042
0.063751
0.063384
0.063081
0.062828
0.062625
0.062457
0.062313
0.062084
0.061772
0.061527
0.061253
0.060874
0.060574
0.060275
0.059976
0.059634
0.059261
0.059061
0.058777
0.058478
0.058149
0.057817
0.057602
0.057254
0.056951
0.056584
0.056336
0.056005
0.055693
0.055376
0.055111
0.054793
0.054487
0.054115
0.053832
0.053478
0.053226
0.052971
0.052822
0.052696
0.052532
0.052250
0.051954
0.051754
0.051400
0.051097
0.050798
0.050499
0.050193
0.049833
0.049584
0.049253
0.048951
0.048649
0.048350
0.048121
0.047857
0.047536
0.047283
0.047034
0.046758
0.046405
0.046192
0.045941
0.045745
0.045496
0.045246
0.045023
0.044822
0.044623
0.044523
0.044422
0.044220
0.043964
0.043742
0.043542
0.043362
0.043216
0.042967
0.042728
0.042521
0.042354
0.042156
0.041988
0.041790
0.041716
0.041588
0.041391
0.041283
0.041144
0.040951
0.040854
0.040659
0.040547
0.040448
0.040303
0.040213
0.040068
0.039935
0.039803
0.039699
0.039590
0.039449
0.039285
0.039250
0.039102
0.039059
0.038968
0.038891
0.038754
0.038713
0.038615
0.038541
0.038393
0.038305
0.038258
0.038188
0.038035
0.038047
0.037950
0.037913
0.037895
0.037765
0.037717
0.037609
0.037529
0.037501
0.037306
0.037258
0.037225
0.037145
0.037070
0.037003
0.036993
0.036891
0.036894
0.036847
0.036817
0.036749
0.036736
0.036637
0.036538
0.036492
0.036465
0.036396
0.036307
0.036261
0.036253
0.036197
0.036151
0.036127
0.036082
0.036075
0.036031
0.035926
0.035904
0.035841
0.035797
0.035776
0.035691
0.035672
0.035692
0.035649
0.035599
0.035534
0.035491
0.035449
0.035392
0.035276
0.035276
0.035307
0.035292
0.035239
0.035153
0.035089
0.035078
0.034997
0.034965
0.034917
0.034922
0.034911
0.034861
0.034832
0.034811
0.034771
0.034732
0.034685
0.034646
0.034608
0.034645
0.034575
0.034537
0.034499
0.034445
0.034476
0.034405
0.034330
0.034287
0.034287
0.034250
0.034214
0.034158
0.034158
0.034160
0.034092
0.034057
0.034020
0.033985
0.033983
0.033995
0.033924
0.033890
0.033817
0.033817
0.033747
0.033709
0.033646
0.033613
0.033586
0.033586
0.033566
0.033513
0.033547
0.033530
0.033494
0.033494
0.033411
0.033376
0.033345
0.033321
0.033269
0.033207
0.033244
0.033175
0.033146
0.033146
0.033117
0.033099
0.033026
0.032998
0.032961
0.032934
0.032892
0.032806
0.032806
0.032747
0.032784
0.032716
0.032690
0.032673
0.032614
0.032534
0.032541
0.032505
0.032474
0.032458
0.032427
0.032400
0.032333
0.032300
0.032314
0.032255
0.032200
0.032247
0.032203
0.032163
0.032146
0.032079
0.032109
0.032087
0.032042
0.032058
0.032044
0.031967
0.031953
0.031953
0.031887
0.031887
0.031841
0.031738
0.031770
0.031751
0.031706
0.031729
0.031710
0.031627
0.031595
0.031498
0.031524
0.031562
0.031513
0.031529
0.031529
0.031428
0.031415
0.031485
0.031392
0.031392
0.031363
0.031301
0.031289
0.031210
0.031173
0.031109
0.031062
0.031103
0.031075
0.031029
0.031029
0.031062
0.031011
0.031000
0.030953
0.030953
0.030907
0.030860
0.030860
0.030849
0.030767
0.030714
0.030714
0.030703
0.030703
0.030724
0.030641
0.030719
0.030719
0.030673
0.030629
0.030593
0.030537
0.030535
0.030486
0.030429
0.030429
0.030397
0.030313
0.030311
0.030347
0.030265
0.030255
0.030293
0.030292
0.030246
0.030238
0.030238
0.030183
0.030213
0.030256
0.030207
0.030105
0.030105
0.030130
0.030084
0.030077
0.030077
0.030044
0.029998
0.030030
0.030023
0.029982
0.029937
0.029866
0.029866
0.029860
0.029782
0.029782
0.029782
0.029775
0.029731
0.029731
0.029731
0.029731
0.029686
0.029637
0.029666
0.029638
0.029670
0.029626
0.029626
0.029608
0.029576
0.029533
0.029533
0.029483
0.029483
0.029483
0.029435
0.029435
0.029435
0.029433
0.029413
0.029322
0.029322
0.029322
0.029322
0.029322
0.029276
0.029276
0.029276
0.029276
0.029227
0.029227
0.029187
0.029187
0.029187
0.029187
0.029119
0.029119
0.029081
0.029076
0.029076
0.029076
0.029078
0.029028
0.029028
0.028992
0.028992
0.028994
0.028994
0.028994
0.028944
0.028900
0.028847
0.028847
0.028847
0.028797
0.028797
0.028797
0.028797
0.028797
0.028765
0.028761
0.028761
0.028712
0.028712
0.028712
0.028712
0.028712
0.028615
0.028615
0.028615
0.028615
0.028521
0.028521
0.028521
0.028521
0.028521
0.028521
0.028495
0.028495
0.028406
0.028406
0.028374
0.028374
0.028325
0.028308
0.028308
0.028262
0.028262
0.028191
0.028191
0.028191
0.028191
0.028191
0.028191
0.028191
0.028149
0.028149
0.028149
0.028149
0.028038
0.028038
0.028020
0.028020
0.027971
0.027971
0.027971
0.027971
0.027971
0.027971
0.027971
0.027876
0.027876
0.027881
0.027866
0.027816
0.027816
0.027803
0.027803
0.027754
0.027754
0.027754
0.027708
0.027708
0.027708
0.027708
0.027659
0.027645
0.027645
0.027645
0.027645
0.027595
0.027549
0.027549
0.027500
0.027500
0.027500
0.027492
0.027492
0.027492
0.027492
0.027397
0.027384
0.027384
0.027354
0.027354
0.027340
0.027340
0.027340
0.027340
0.027291
0.027208
0.027208
0.027208
0.027208
0.027172
0.027123
0.027123
0.027080
0.027080
0.027034
0.027021
0.027021
0.027021
0.027030
0.026981
0.026988
0.026953
0.026950
0.026904
0.026856
0.026848
0.026837
0.026837
0.026837
0.026837
0.026872
0.026831
0.026785
0.026749
0.026701
0.026701
0.026701
0.026701
0.026701
0.026652
0.026652
0.026596
0.026596
0.026564
0.026564
0.026564
0.026516
0.026516
0.026547
0.026547
0.026454
0.026500
0.026500
0.026500
0.026500
0.026452
0.026414
0.026414
0.026373
0.026319
0.026331
0.026331
0.026248
0.026258
0.026258
0.026289
0.026279
0.026279
0.026279
0.026234
0.026234
0.026234
0.026186
0.026117
0.026117
0.026117
0.026117
0.026117
0.026117
0.026024
0.026024
0.026016
0.026086
0.026038
0.026038
0.026038
0.026038
0.026038
0.026007
0.025968
0.025876
0.025876
0.025876
0.025876
0.025876
0.025876
0.025876
0.025895
0.025927
0.025927
0.025883
0.025883
0.025836
0.025829
0.025798
0.025798
0.025760
0.025760
0.025760
0.025760
0.025713
0.025713
0.025676
0.025676
0.025676
0.025629
0.025629
0.025629
0.025629
0.025629
0.025629
0.025629
0.025629
0.025591
0.025544
0.025544
0.025501
0.025501
0.025539
0.025539
0.025508
0.025508
0.025528
0.025528
0.025528
0.025528
0.025528
0.025528
0.025500
0.025443
0.025354
0.025354
0.025392
0.025407
0.025407
0.025407
0.025362
0.025362
0.025362
0.025362
0.025362
0.025362
0.025333
0.025333
0.025333
0.025292
0.025246
0.025246
0.025246
0.025246
0.025246
0.025246
0.025246
0.025201
0.025201
0.025201
0.025201
0.025201
0.025201
0.025201
0.025201
0.025201
0.025201
0.025161
0.025116
0.025116
0.025134
0.025134
0.025134
0.025134
0.025090
0.025090
0.025090
0.025090
0.025090
0.025090
0.025090
0.025090
0.025090
0.025090
0.025090
0.025090
0.025047
0.025045
0.025045
0.025045
0.025006
0.025006
0.025006
0.025006
0.025006
0.025006
0.024963
0.024963
0.024963
0.024963
0.024963
0.024963
0.024963
0.024963
0.024984
0.024942
0.024942
0.024942
0.024942
0.024942
0.024942
0.024923
0.024923
0.024923
0.024923
0.024863
0.024863
0.024822
0.024822
0.024822
0.024822
0.024822
0.024822
0.024822
0.024822
0.024781
0.024781
0.024781
0.024781
0.024781
0.024781
0.024781
0.024781
0.024781
0.024781
0.024765
0.024765
0.024750
0.024750
0.024753
0.024753
0.024753
0.024753
0.024727
0.024727
0.024727
0.024727
0.024727
0.024734
0.024734
0.024734
0.024696
0.024696
0.024696
0.024696
0.024696
0.024696
0.024696
0.024660
0.024659
0.024639
0.024639
0.024639
0.024639
0.024601
0.024601
0.024601
0.024601
0.024601
0.024565
0.024594
0.024594
0.024557
0.024557
0.024593
0.024593
0.024563
0.024563
0.024565
0.024565
0.024565
0.024565
0.024515
0.024515
0.024515
0.024515
0.024479
0.024479
0.024479
0.024514
0.024542
0.024542
0.024542
0.024542
0.024542
0.024507
0.024507
0.024507
0.024507
0.024507
0.024472
0.024472
0.024505
0.024507
0.024542
0.024542
0.024542
0.024542
0.024474
0.024474
0.024507
0.024507
0.024507
0.024507
0.024480
0.024448
0.024448
0.024448
0.024448
0.024448
0.024436
0.024436
0.024436
0.024436
0.024436
0.024436
0.024405
0.024405
0.024405
0.024436
0.024405
0.024405
0.024441
0.024441
0.024441
0.024441
0.024441
0.024441
0.024454
0.024454
0.024481
0.024450
0.024450
0.024450
0.024450
0.024450
0.024452
0.024452
0.024452
0.024452
0.024452
0.024452
0.024452
0.024452
0.024452
0.024452
0.024421
0.024421
0.024421
0.024421
0.024421
0.024456
0.024460
0.024491
0.024491
0.024456
0.024456
0.024456
0.024456
0.024456
0.024456
0.024456
0.024425
0.024398
0.024433
0.024433
0.024433
0.024407
0.024382
0.024413
0.024378
0.024378
0.024378
0.024378
0.024378
0.024378
0.024378
0.024382
0.024382
0.024382
0.024382
0.024382
0.024382
0.024422
0.024400
0.024396
0.024396
0.024396
0.024396
0.024396
0.024431
0.024431
0.024431
0.024400
0.024400
0.024400
0.024400
0.024427
0.024427
0.024427
0.024427
0.024437
0.024479
0.024479
0.024479
0.024476
0.024476
0.024476
0.024476
0.024445
0.024445
0.024445
0.024445
0.024445
0.024445
0.024445
0.024445
0.024445
0.024476
0.024458
0.024458
0.024497
0.024497
0.024458
0.024427
0.024427
0.024427
0.024427
0.024401
0.024401
0.024401
0.024401
0.024444
0.024444
0.024444
0.024475
0.024513
0.024513
0.024513
0.024483
0.024444
0.024444
0.024444
0.024428
0.024428
0.024428
0.024428
0.024428
0.024428
0.024428
0.024467
0.024445
0.024445
0.024489
0.024489
0.024489
0.024450
0.024477
0.024477
0.024477
0.024477
0.024483
0.024483
0.024483
0.024469
0.024469
0.024508
0.024508
0.024508
0.024508
0.024508
0.024508
0.024508
0.024469
0.024472
0.024480
0.024480
0.024480
0.024480
0.024525
0.024525
0.024564
0.024564
0.024564
0.024564
0.024564
0.024553
0.024553
0.024553
0.024514
0.024514
0.024487
0.024487
0.024487
0.024487
0.024487
0.024487
0.024526
0.024526
0.024572
0.024572
0.024572
0.024572
0.024572
0.024572
0.024533
0.024533
0.024533
0.024533
0.024533
0.024533
0.024533
0.024533
0.024572
0.024572
0.024563
0.024563
0.024610
0.024636
0.024636
0.024636
0.024636
0.024597
0.024597
0.024597
0.024597
0.024597
0.024597
0.024636
0.024636
0.024636
0.024636
0.024683
0.024683
0.024683
0.024683
0.024683
0.024683
0.024644
0.024644
0.024644
0.024644
0.024610
0.024610
0.024683
0.024683
0.024730
0.024730
0.024712
0.024712
0.024712
0.024712
0.024712
0.024677
0.024612
0.024612
0.024612
0.024612
0.024612
0.024646
0.024732
0.024732
0.024726
0.024726
0.024726
0.024726
0.024692
0.024692
0.024692
0.024692
0.024692
0.024653
0.024700
0.024735
0.024735
0.024774
0.024774
0.024774
0.024774
0.024766
0.024766
0.024814
0.024814
0.024821
0.024821
0.024821
0.024821
0.024821
0.024856
0.024856
0.024856
0.024821
0.024869
0.024869
0.024869
0.024869
0.024869
0.024869
0.024869
0.024869
0.024869
0.024869
0.024869
0.024917
0.024917
0.024917
0.024917
0.024917
0.024917
0.024917
0.024917
0.024965
0.024965
0.024965
0.024965
0.024965
0.024938
0.024938
0.024938
0.024938
0.024938
0.024938
0.024938
0.024938
0.024986
0.024986
0.024986
0.024986
0.024986
0.024986
0.024986
0.024986
0.024986
0.025035
0.025035
0.025035
0.025035
0.025035
0.025035
0.025035
0.025035
0.025035
0.025083
0.025083
0.025083
0.025110
0.025110
0.025110
0.025110
0.025110
0.025110
0.025110
0.025110
0.025158
0.025158
0.025158
0.025158
0.025158
0.025158
0.025158
0.025207
0.025207
0.025207
0.025207
0.025207
0.025207
0.025207
0.025207
0.025207
0.025207
0.025207
0.025255
0.025255
0.025255
0.025255
0.025255
0.025255
0.025259
0.025308
0.025308
0.025304
0.025304
0.025304
0.025304
0.025277
0.025277
0.025281
0.025366
0.025366
0.025330
0.025330
0.025330
0.025330
0.025317
0.025365
0.025365
0.025365
0.025365
0.025365
0.025365
0.025401
0.025401
0.025428
0.025477
0.025477
0.025477
0.025441
0.025441
0.025441
0.025490
0.025490
0.025490
0.025490
0.025526
0.025526
0.025526
0.025526
0.025574
0.025574
0.025574
0.025574
0.025538
0.025538
0.025587
0.025587
0.025587
0.025623
0.025623
0.025623
0.025623
0.025672
0.025672
0.025672
0.025672
0.025672
0.025672
0.025721
0.025721
0.025721
0.025721
0.025721
0.025721
0.025770
0.025770
0.025770
0.025770
0.025770
0.025770
0.025770
0.025819
0.025837
0.025837
0.025810
0.025810
0.025864
0.025864
0.025864
0.025864
0.025864
0.025864
0.025913
0.025908
0.025908
0.025935
0.025935
0.025935
0.025984
0.025988
0.025988
0.025988
0.025988
0.025988
0.026038
0.026038
0.026038
0.026038
0.026038
0.026087
0.026087
0.026087
0.026087
0.026087
0.026087
0.026136
0.026136
0.026136
0.026136
0.026136
0.026185
0.026185
0.026185
0.026185
0.026185
0.026185
0.026234
0.026234
0.026234
0.026234
0.026234
0.026283
0.026283
0.026283
0.026283
0.026283
0.026333
0.026333
0.026333
0.026333
0.026333
0.026382
0.026382
0.026382
0.026382
0.026382
0.026431
0.026431
0.026431
0.026431
0.026431
0.026481
0.026481
0.026481
0.026481
0.026481
0.026530
0.026530
0.026530
0.026530
0.026579
0.026579
0.026579
0.026579
0.026579
0.026629
0.026629
0.026629
0.026629
0.026629
0.026678
0.026678
0.026678
0.026678
0.026678
0.026728
0.026728
0.026728
0.026728
0.026744
0.026744
0.026744
0.026744
0.026744
0.026827
0.026827
0.026827
0.026827
0.026827
0.026876
0.026876
0.026876
0.026843
