1.434516
1.254127
1.082572
0.959641
0.889462
0.859234
0.850782
0.851483
0.852052
0.851350
0.849961
0.848585
0.847853
0.847595
0.848055
0.848214
0.847960
0.847630
0.847064
0.846509
0.845834
0.844968
0.844362
0.843683
0.842952
0.842168
0.841423
0.840254
0.839412
0.838708
0.837791
0.837069
0.836325
0.835632
0.834821
0.834003
0.833075
0.832222
0.831452
0.830530
0.829754
0.828861
0.828054
0.827266
0.826693
0.825794
0.824957
0.824042
0.823072
0.821888
0.820833
0.819783
0.818976
0.817965
0.816968
0.816029
0.814964
0.813942
0.812862
0.811931
0.810888
0.809778
0.808862
0.807758
0.807008
0.806039
0.805094
0.803896
0.802818
0.801714
0.800427
0.799397
0.798283
0.797026
0.796023
0.794782
0.793692
0.792583
0.791498
0.790275
0.789157
0.787895
0.786836
0.785307
0.783946
0.782675
0.781604
0.780336
0.779171
0.777812
0.776667
0.775606
0.774303
0.773033
0.771765
0.770418
0.769213
0.767749
0.766522
0.765420
0.764293
0.763149
0.761852
0.760636
0.759453
0.757855
0.755994
0.754282
0.752479
0.750999
0.749401
0.747762
0.746199
0.744629
0.742961
0.741618
0.740179
0.738743
0.737291
0.735898
0.734584
0.733035
0.731692
0.730322
0.728797
0.727295
0.725936
0.724536
0.723234
0.721710
0.720327
0.718979
0.717182
0.715519
0.713853
0.712125
0.710390
0.708667
0.707185
0.705475
0.703703
0.702214
0.700400
0.698716
0.697135
0.695677
0.693950
0.692240
0.690598
0.688767
0.686976
0.685299
0.683510
0.681812
0.680150
0.678471
0.676785
0.674879
0.672744
0.670748
0.668467
0.666611
0.664505
0.662502
0.660513
0.658721
0.656796
0.654757
0.652896
0.651016
0.649405
0.647607
0.646155
0.644448
0.642658
0.640821
0.638845
0.636808
0.634540
0.632311
0.630213
0.627845
0.625600
0.623544
0.621288
0.619546
0.617643
0.615765
0.613919
0.612354
0.610259
0.608396
0.606378
0.604507
0.602216
0.600352
0.598205
0.596210
0.594102
0.592054
0.590028
0.588057
0.586018
0.583834
0.581757
0.579658
0.577400
0.575292
0.573188
0.570932
0.568762
0.566598
0.564351
0.562101
0.560090
0.557852
0.555521
0.553191
0.550752
0.548475
0.546250
0.543880
0.541417
0.539150
0.536729
0.534394
0.532060
0.529709
0.527338
0.524854
0.522453
0.520077
0.517590
0.515210
0.512791
0.510366
0.507853
0.505283
0.503168
0.500875
0.498457
0.496059
0.493698
0.491100
0.488600
0.486028
0.483569
0.481338
0.478785
0.476315
0.473974
0.471581
0.468898
0.466657
0.464330
0.461793
0.459377
0.456862
0.454481
0.452093
0.449736
0.447229
0.444867
0.442540
0.440185
0.437974
0.435561
0.433143
0.430804
0.428409
0.426187
0.423925
0.421695
0.419359
0.417351
0.414990
0.412828
0.410492
0.408352
0.406098
0.403857
0.401546
0.399474
0.397300
0.395250
0.392973
0.390833
0.388719
0.386711
0.384868
0.382701
0.380715
0.378672
0.376465
0.374420
0.372305
0.370274
0.368291
0.366173
0.364171
0.362031
0.360035
0.358137
0.356254
0.354579
0.352687
0.350808
0.348771
0.346838
0.344744
0.342877
0.340797
0.338842
0.336943
0.335099
0.333198
0.331299
0.329353
0.327414
0.325638
0.323708
0.322159
0.320584
0.318856
0.317149
0.315380
0.313630
0.311953
0.310138
0.308493
0.306652
0.304820
0.303049
0.301388
0.299698
0.297916
0.296094
0.294331
0.292763
0.290983
0.289172
0.287510
0.285919
0.284378
0.282666
0.281003
0.279276
0.277590
0.275895
0.274139
0.272743
0.271110
0.269428
0.267846
0.266248
0.264581
0.263048
0.261331
0.259707
0.258170
0.256542
0.254960
0.253263
0.251812
0.250203
0.248721
0.247185
0.245474
0.243987
0.242400
0.240727
0.239253
0.237737
0.236130
0.234593
0.233116
0.231794
0.230312
0.228770
0.227366
0.225825
0.224340
0.222889
0.221423
0.219970
0.218584
0.217255
0.216029
0.214800
0.213464
0.212147
0.210563
0.209252
0.207869
0.206516
0.205155
0.203846
0.202424
0.201092
0.199848
0.198607
0.197289
0.196002
0.194616
0.193368
0.192285
0.190995
0.189951
0.188673
0.187488
0.186241
0.185025
0.183874
0.182547
0.181477
0.180239
0.179119
0.178025
0.176808
0.175625
0.174384
0.173293
0.172144
0.170918
0.169825
0.168807
0.167760
0.166639
0.165777
0.164667
0.163616
0.162568
0.161584
0.160584
0.159428
0.158364
0.157309
0.156401
0.155468
0.154522
0.153538
0.152631
0.151702
0.150744
0.149847
0.149064
0.148267
0.147335
0.146309
0.145372
0.144357
0.143598
0.142690
0.141678
0.140819
0.140053
0.139260
0.138357
0.137539
0.136701
0.135900
0.135110
0.134389
0.133472
0.132597
0.131787
0.131135
0.130059
0.129394
0.128514
0.127702
0.127018
0.126320
0.125659
0.124913
0.124107
0.123337
0.122639
0.121875
0.121226
0.120369
0.119593
0.118874
0.118069
0.117330
0.116512
0.115941
0.115119
0.114438
0.113672
0.112983
0.112327
0.111578
0.110840
0.110182
0.109284
0.108640
0.107842
0.107205
0.106197
0.105658
0.104725
0.104092
0.103323
0.102658
0.101848
0.101153
0.100441
0.099693
0.099005
0.098442
0.097696
0.096993
0.096172
0.095505
0.094611
0.093889
0.093332
0.092587
0.091857
0.091075
0.090297
0.089678
0.088949
0.088162
0.087398
0.086751
0.085928
0.085191
0.084514
0.083813
0.082951
0.082168
0.081448
0.080688
0.079999
0.079289
0.078727
0.077956
0.077266
0.076580
0.076054
0.075473
0.074867
0.074171
0.073546
0.072880
0.072404
0.071906
0.071328
0.070679
0.070122
0.069520
0.069021
0.068494
0.067798
0.067223
0.066669
0.066190
0.065645
0.065187
0.064633
0.064106
0.063554
0.063129
0.062690
0.062103
0.061651
0.061150
0.060667
0.060269
0.059730
0.059402
0.058957
0.058506
0.058089
0.057745
0.057360
0.057017
0.056562
0.056239
0.055908
0.055464
0.055229
0.055083
0.054723
0.054446
0.054210
0.053909
0.053577
0.053176
0.052981
0.052623
0.052408
0.052203
0.051897
0.051542
0.051327
0.051122
0.050916
0.050605
0.050324
0.050066
0.049902
0.049718
0.049474
0.049167
0.048960
0.048836
0.048674
0.048441
0.048278
0.047970
0.047831
0.047583
0.047464
0.047422
0.047165
0.047026
0.046830
0.046757
0.046559
0.046350
0.046169
0.046138
0.046015
0.045842
0.045640
0.045423
0.045295
0.045113
0.045042
0.044876
0.044688
0.044519
0.044455
0.044354
0.044200
0.044144
0.044032
0.043901
0.043818
0.043700
0.043578
0.043448
0.043388
0.043141
0.043055
0.042969
0.042853
0.042685
0.042608
0.042576
0.042451
0.042413
0.042249
0.042084
0.041911
0.041852
0.041776
0.041611
0.041479
0.041371
0.041346
0.041310
0.041287
0.041176
0.041113
0.041041
0.040952
0.040834
0.040728
0.040618
0.040515
0.040496
0.040420
0.040278
0.040229
0.040136
0.039971
0.039815
0.039847
0.039816
0.039825
0.039700
0.039572
0.039439
0.039358
0.039292
0.039111
0.039066
0.039056
0.038980
0.038878
0.038851
0.038709
0.038665
0.038627
0.038547
0.038435
0.038413
0.038351
0.038262
0.038270
0.038085
0.038080
0.038088
0.037947
0.037787
0.037776
0.037750
0.037644
0.037614
0.037632
0.037429
0.037379
0.037387
0.037258
0.037267
0.037252
0.037190
0.037104
0.037037
0.036922
0.036854
0.036785
0.036797
0.036754
0.036687
0.036575
0.036623
0.036489
0.036488
0.036431
0.036371
0.036357
0.036339
0.036290
0.036144
0.036095
0.036053
0.036035
0.035955
0.035915
0.035815
0.035774
0.035797
0.035633
0.035629
0.035624
0.035533
0.035442
0.035454
0.035316
0.035205
0.035198
0.035218
0.035104
0.035020
0.035011
0.035056
0.034967
0.034928
0.034948
0.034870
0.034870
0.034786
0.034761
0.034700
0.034703
0.034604
0.034604
0.034574
0.034518
0.034518
0.034471
0.034383
0.034392
0.034381
0.034352
0.034284
0.034302
0.034214
0.034168
0.034199
0.034163
0.034097
0.034057
0.034057
0.033983
0.033939
0.033945
0.033881
0.033881
0.033916
0.033831
0.033781
0.033813
0.033751
0.033751
0.033717
0.033644
0.033605
0.033496
0.033399
0.033434
0.033422
0.033434
0.033427
0.033388
0.033418
0.033316
0.033283
0.033253
0.033142
0.033142
0.033170
0.033137
0.033090
0.033052
0.033079
0.033046
0.033046
0.032976
0.032964
0.032964
0.032996
0.032914
0.032849
0.032790
0.032819
0.032741
0.032741
0.032734
0.032696
0.032657
0.032657
0.032667
0.032602
0.032528
0.032491
0.032520
0.032452
0.032406
0.032369
0.032369
0.032306
0.032338
0.032320
0.032360
0.032323
0.032295
0.032230
0.032230
0.032169
0.032204
0.032163
0.032168
0.032077
0.032082
0.032055
0.032055
0.031962
0.031962
0.031996
0.031994
0.031965
0.031896
0.031870
0.031801
0.031779
0.031638
0.031638
0.031638
0.031674
0.031628
0.031632
0.031632
0.031632
0.031611
0.031578
0.031507
0.031495
0.031472
0.031369
0.031311
0.031277
0.031277
0.031257
0.031239
0.031172
0.031172
0.031104
0.031104
0.031067
0.031064
0.031046
0.031017
0.031036
0.031036
0.030984
0.030946
0.030946
0.030901
0.030901
0.030853
0.030853
0.030853
0.030832
0.030876
0.030831
0.030763
0.030763
0.030783
0.030767
0.030734
0.030734
0.030683
0.030683
0.030653
0.030615
0.030615
0.030570
0.030527
0.030527
0.030527
0.030507
0.030489
0.030489
0.030458
0.030413
0.030401
0.030361
0.030394
0.030343
0.030314
0.030276
0.030242
0.030242
0.030283
0.030228
0.030228
0.030221
0.030204
0.030136
0.030170
0.030129
0.030129
0.030129
0.030092
0.030092
0.030054
0.030038
0.029994
0.029994
0.029994
0.029990
0.029990
0.029943
0.029943
0.029965
0.029988
0.029988
0.029988
0.029884
0.029846
0.029846
0.029840
0.029882
0.029893
0.029926
0.029926
0.029861
0.029861
0.029861
0.029857
0.029814
0.029762
0.029734
0.029731
0.029731
0.029704
0.029704
0.029729
0.029726
0.029726
0.029716
0.029678
0.029678
0.029678
0.029635
0.029609
0.029609
0.029608
0.029561
0.029561
0.029561
0.029586
0.029586
0.029586
0.029586
0.029587
0.029525
0.029517
0.029481
0.029518
0.029475
0.029438
0.029438
0.029438
0.029404
0.029424
0.029424
0.029424
0.029436
0.029436
0.029436
0.029436
0.029404
0.029404
0.029399
0.029399
0.029399
0.029394
0.029394
0.029394
0.029421
0.029392
0.029327
0.029286
0.029286
0.029286
0.029286
0.029286
0.029264
0.029349
0.029315
0.029313
0.029313
0.029313
0.029313
0.029341
0.029301
0.029357
0.029357
0.029299
0.029257
0.029257
0.029257
0.029257
0.029267
0.029267
0.029267
0.029267
0.029268
0.029268
0.029236
0.029236
0.029248
0.029277
0.029277
0.029277
0.029279
0.029279
0.029279
0.029292
0.029251
0.029218
0.029187
0.029187
0.029190
0.029190
0.029212
0.029212
0.029212
0.029212
0.029212
0.029212
0.029217
0.029233
0.029233
0.029204
0.029235
0.029235
0.029235
0.029235
0.029295
0.029254
0.029209
0.029209
0.029209
0.029209
0.029209
0.029190
0.029176
0.029176
0.029197
0.029197
0.029235
0.029197
0.029217
0.029225
0.029225
0.029225
0.029225
0.029225
0.029225
0.029246
0.029257
0.029257
0.029257
0.029257
0.029257
0.029255
0.029255
0.029255
0.029268
0.029268
0.029268
0.029268
0.029254
0.029254
0.029286
0.029299
0.029299
0.029299
0.029323
0.029369
0.029369
0.029369
0.029383
0.029383
0.029383
0.029408
0.029388
0.029367
0.029350
0.029313
0.029313
0.029339
0.029339
0.029299
0.029299
0.029315
0.029315
0.029342
0.029418
0.029377
0.029377
0.029377
0.029394
0.029394
0.029422
0.029386
0.029386
0.029386
0.029346
0.029364
0.029393
0.029393
0.029393
0.029393
0.029393
0.029435
0.029435
0.029465
0.029502
0.029509
0.029474
0.029474
0.029494
0.029455
0.029485
0.029485
0.029447
0.029447
0.029506
0.029506
0.029466
0.029497
0.029537
0.029537
0.029574
0.029597
0.029562
0.029562
0.029522
0.029521
0.029521
0.029544
0.029544
0.029544
0.029544
0.029544
0.029544
0.029601
0.029641
0.029641
0.029641
0.029641
0.029641
0.029606
0.029574
0.029608
0.029608
0.029608
0.029608
0.029608
0.029608
0.029621
0.029547
0.029547
0.029581
0.029581
0.029581
0.029641
0.029668
0.029636
0.029602
0.029602
0.029567
0.029603
0.029603
0.029630
0.029630
0.029630
0.029662
0.029662
0.029662
0.029662
0.029662
0.029694
0.029694
0.029662
0.029662
0.029662
0.029628
0.029628
0.029661
0.029690
0.029690
0.029727
0.029687
0.029687
0.029687
0.029687
0.029687
0.029656
0.029686
0.029651
0.029659
0.029621
0.029621
0.029659
0.029625
0.029625
0.029625
0.029656
0.029656
0.029656
0.029656
0.029626
0.029626
0.029626
0.029626
0.029626
0.029665
0.029697
0.029697
0.029697
0.029697
0.029697
0.029697
0.029668
0.029629
0.029597
0.029560
0.029525
0.029557
0.029587
0.029587
0.029597
0.029597
0.029570
0.029570
0.029570
0.029570
0.029570
0.029570
0.029603
0.029641
0.029641
0.029641
0.029644
0.029644
0.029571
0.029571
0.029576
0.029546
0.029546
0.029587
0.029588
0.029597
0.029597
0.029562
0.029562
0.029549
0.029510
0.029540
0.029540
0.029543
0.029519
0.029519
0.029519
0.029519
0.029489
0.029487
0.029487
0.029487
0.029463
0.029463
0.029463
0.029431
0.029465
0.029465
0.029465
0.029465
0.029442
0.029442
0.029442
0.029405
0.029375
0.029340
0.029386
0.029401
0.029369
0.029369
0.029406
0.029450
0.029434
0.029434
0.029414
0.029414
0.029414
0.029414
0.029376
0.029345
0.029345
0.029295
0.029295
0.029295
0.029301
0.029301
0.029301
0.029331
0.029312
0.029281
0.029320
0.029320
0.029282
0.029282
0.029248
0.029230
0.029230
0.029238
0.029208
0.029208
0.029208
0.029208
0.029192
0.029235
0.029235
0.029235
0.029198
0.029131
0.029131
0.029116
0.029153
0.029153
0.029153
0.029161
0.029161
0.029132
0.029118
0.029049
0.029049
0.029079
0.029079
0.029079
0.029079
0.029039
0.029039
0.029004
0.029004
0.029004
0.029004
0.028974
0.028962
0.028936
0.028936
0.028936
0.028936
0.028966
0.028955
0.028955
0.028955
0.028929
0.028881
0.028881
0.028881
0.028872
0.028872
0.028842
0.028817
0.028855
0.028855
0.028846
0.028846
0.028876
0.028876
0.028840
0.028816
0.028777
0.028770
0.028770
0.028777
0.028777
0.028743
0.028720
0.028684
0.028684
0.028684
0.028684
0.028684
0.028714
0.028714
0.028687
0.028687
0.028687
0.028687
0.028687
0.028687
0.028683
0.028662
0.028662
0.028632
0.028632
0.028632
0.028630
0.028660
0.028660
0.028640
0.028640
0.028640
0.028639
0.028639
0.028639
0.028639
0.028620
0.028620
0.028621
0.028591
0.028591
0.028591
0.028591
0.028602
0.028604
0.028569
0.028535
0.028535
0.028535
0.028535
0.028522
0.028522
0.028522
0.028522
0.028522
0.028522
0.028526
0.028510
0.028510
0.028510
0.028510
0.028510
0.028516
0.028516
0.028501
0.028501
0.028501
0.028469
0.028476
0.028476
0.028476
0.028463
0.028463
0.028463
0.028471
0.028471
0.028471
0.028471
0.028459
0.098305
0.098313
0.098236
0.098294
0.098265
0.098247
0.098194
0.098088
0.097969
0.097903
0.097795
0.097573
0.097395
0.097303
0.097142
0.096955
0.096797
0.096538
0.096477
0.096235
0.096057
0.095863
0.095662
0.095524
0.095330
0.095180
0.095033
0.094796
0.094625
0.094446
0.094314
0.094166
0.094064
0.093972
0.093856
0.093665
0.093512
0.093328
0.093250
0.093051
0.092905
0.092722
0.092507
0.092399
0.092184
0.092012
0.091853
0.091625
0.091498
0.091375
0.091277
0.091176
0.091057
0.090903
0.090679
0.090576
0.090363
0.090134
0.089899
0.089670
0.089496
0.089376
0.089170
0.088993
0.088836
0.088661
0.088510
0.088309
0.088107
0.087908
0.087789
0.087574
0.087450
0.087238
0.087091
0.086890
0.086729
0.086618
0.086435
0.086256
0.086075
0.085838
0.085648
0.085508
0.085372
0.085214
0.085032
0.084853
0.084689
0.084692
0.084543
0.084376
0.084209
0.083996
0.083913
0.083765
0.083629
0.083540
0.083478
0.083363
0.083158
0.083038
0.082931
0.082763
0.082544
0.082442
0.082228
0.082077
0.081933
0.081858
0.081690
0.081529
0.081363
0.081216
0.081104
0.080881
0.080750
0.080598
0.080460
0.080267
0.080122
0.079969
0.079820
0.079709
0.079565
0.079444
0.079271
0.079114
0.078923
0.078788
0.078564
0.078507
0.078267
0.078069
0.077947
0.077781
0.077614
0.077449
0.077372
0.077174
0.077064
0.076921
0.076723
0.076593
0.076455
0.076257
0.076126
0.076066
0.075820
0.075658
0.075517
0.075286
0.075218
0.075074
0.075028
0.074866
0.074741
0.074544
0.074409
0.074420
0.074263
0.074129
0.074075
0.073925
0.073761
0.073680
0.073536
0.073340
0.073149
0.072990
0.072795
0.072630
0.072462
0.072316
0.072144
0.071935
0.071790
0.071667
0.071499
0.071304
0.071160
0.070965
0.070858
0.070610
0.070356
0.070205
0.070042
0.069848
0.069712
0.069499
0.069353
0.069269
0.069025
0.068846
0.068656
0.068550
0.068309
0.068044
0.067869
0.067698
0.067466
0.067137
0.066946
0.066721
0.066490
0.066295
0.066022
0.065885
0.065732
0.065522
0.065321
0.065134
0.064936
0.064623
0.064469
0.064252
0.064064
0.063843
0.063679
0.063491
0.063271
0.063062
0.062902
0.062696
0.062536
0.062384
0.062229
0.062028
0.061850
0.061599
0.061465
0.061247
0.061062
0.060838
0.060593
0.060450
0.060280
0.060131
0.059998
0.059788
0.059628
0.059409
0.059158
0.058942
0.058724
0.058528
0.058290
0.058072
0.057789
0.057575
0.057420
0.057230
0.056933
0.056640
0.056464
0.056253
0.056072
0.055859
0.055615
0.055398
0.055186
0.054937
0.054532
0.054114
0.053669
0.053212
0.052755
0.052260
0.051771
0.051254
0.050798
0.050361
0.049908
0.049416
0.048928
0.048473
0.047967
0.047513
0.047027
0.046554
0.046098
0.045753
0.045304
0.044925
0.044481
0.044056
0.043604
0.043226
0.042739
0.042287
0.041849
0.041428
0.041024
0.040614
0.040183
0.039816
0.039404
0.039060
0.038666
0.038264
0.037901
0.037588
0.037222
0.036836
0.036527
0.036142
0.035759
0.035460
0.035148
0.034837
0.034530
0.034282
0.033928
0.033641
0.033364
0.033084
0.032848
0.032608
0.032365
0.032148
0.031911
0.031748
0.031542
0.031346
0.031151
0.030946
0.030769
0.030597
0.030432
0.030299
0.030163
0.030015
0.029871
0.029705
0.029618
0.029448
0.029310
0.029193
0.029077
0.028946
0.028842
0.028755
0.028608
0.028476
0.028360
0.028284
0.028195
0.028105
0.028004
0.027946
0.027804
0.027716
0.027614
0.027490
0.027472
0.027383
0.027290
0.027209
0.027152
0.027094
0.027035
0.026922
0.026828
0.026772
0.026656
0.026622
0.026528
0.026449
0.026368
0.026343
0.026234
0.026158
0.026183
0.026160
0.026117
0.026099
0.026048
0.025933
0.025862
0.025843
0.025778
0.025681
0.025660
0.025512
0.025466
0.025473
0.025410
0.025365
0.025341
0.025334
0.025273
0.025231
0.025141
0.025140
0.025085
0.025082
0.024996
0.025023
0.024939
0.024936
0.024898
0.024883
0.024851
0.024772
0.024811
0.024769
0.024773
0.024745
0.024706
0.024697
0.024628
0.024615
0.024592
0.024606
0.024615
0.024626
0.024615
0.024633
0.024575
0.024566
0.024553
0.024546
0.024426
0.024415
0.024406
0.024406
0.024515
0.024544
0.024507
0.024470
0.024501
0.024564
0.024563
0.024561
0.024562
0.024519
0.024492
0.024467
0.024476
0.024477
0.024533
0.024495
0.024534
0.024553
0.024525
0.024497
0.024606
0.024580
0.024605
0.024580
0.024570
0.024546
0.024559
0.024566
0.024611
0.024659
0.024638
0.024628
0.024644
0.024644
0.024670
0.024693
0.024712
0.024746
0.024776
0.024776
0.024761
0.024746
0.024732
0.024726
0.024762
0.024813
0.024834
0.024835
0.024835
0.024824
0.024851
0.024871
0.025005
0.024996
0.024988
0.025022
0.025066
0.025094
0.025127
0.025121
0.025081
0.025091
0.025108
0.025102
0.025102
0.025098
0.025146
0.025146
0.025287
0.025321
0.025320
0.025320
0.025319
0.025353
0.025346
0.025363
0.025363
0.025325
0.025325
0.025360
0.025383
0.025419
0.025373
0.025413
0.025451
0.025472
0.025472
0.025472
0.025477
0.025477
0.025496
0.025567
0.025567
0.025573
0.025603
0.025611
0.025611
0.025723
0.025723
0.025795
0.025795
0.025809
0.025833
0.025833
0.025833
0.025790
0.025751
0.025783
0.025807
0.025847
0.025847
0.025847
0.025859
0.025918
0.025955
0.025926
0.025926
0.025965
0.025977
0.025956
0.025956
0.026004
0.026004
0.026031
0.026007
0.026056
0.026089
0.026089
0.026104
0.026104
0.026104
0.026122
0.026161
0.026123
0.026139
0.026173
0.026173
0.026219
0.026219
0.026219
0.026219
0.026151
0.026151
0.026151
0.026181
0.026181
0.026181
0.026244
0.026244
0.026296
0.026326
0.026281
0.026300
0.026300
0.026300
0.026300
0.026332
0.026401
0.026401
0.026401
0.026401
0.026401
0.026420
0.026375
0.026371
0.026391
0.026398
0.026398
0.026398
0.026398
0.026398
0.026398
0.026431
0.026458
0.026484
0.026439
0.026460
0.026460
0.026460
0.026489
0.026489
0.026489
0.026489
0.026432
0.026432
0.026432
0.026388
0.026388
0.026460
0.026494
0.026494
0.026480
0.026480
0.026480
0.026480
0.026498
0.026533
0.026500
0.026500
0.026533
0.026533
0.026533
0.026559
0.026559
0.026559
0.026559
0.026621
0.026578
0.026578
0.026546
0.026546
0.026546
0.026546
0.026579
0.026626
0.026626
0.026663
0.026663
0.026663
0.026689
0.026658
0.026615
0.026615
0.026615
0.026615
0.026615
0.026615
0.026615
0.026654
0.026626
0.026656
0.026683
0.026683
0.026683
0.026653
0.026611
0.026638
0.026664
0.026635
0.026635
0.026672
0.026672
0.026646
0.026686
0.026686
0.026716
0.026729
0.026729
0.026729
0.026716
0.026716
0.026645
0.026645
0.026645
0.026618
0.026618
0.026618
0.026647
0.026647
0.026647
0.026688
0.026691
0.026733
0.026762
0.026762
0.026762
0.026762
0.026762
0.026707
0.026773
0.026733
0.026693
0.026693
0.026693
0.026733
0.026709
0.026706
0.026736
0.026736
0.026736
0.026769
0.026745
0.026745
0.026745
0.026715
0.026745
0.026745
0.026723
0.026723
0.026683
0.026683
0.026714
0.026744
0.026720
0.026698
0.026698
0.026698
0.026698
0.026698
0.026698
0.026677
0.026647
0.026647
0.026611
0.026611
0.026611
0.026622
0.026652
0.026652
0.026652
0.026652
0.026652
0.026633
0.026633
0.026595
0.026627
0.026661
0.026631
0.026613
0.026613
0.026613
0.026613
0.026613
0.026643
0.026626
0.026626
0.026626
0.026626
0.026626
0.026658
0.026642
0.026642
0.026642
0.026612
0.026612
0.026575
0.026560
0.026560
0.026560
0.026627
0.026664
0.026613
0.026613
0.026613
0.026613
0.026576
0.026609
0.026596
0.026596
0.026566
0.026566
0.026566
0.026603
0.026592
0.026592
0.026622
0.026622
0.026622
0.026622
0.026611
0.026574
0.026574
0.026574
0.026574
0.026565
0.026572
0.026572
0.026572
0.026572
0.026572
0.026564
0.026627
0.026591
0.026568
0.026520
0.026483
0.026476
0.026476
0.026476
0.026513
0.026513
0.026500
0.026500
0.026500
0.026500
0.026500
0.026500
0.026503
0.026503
0.026503
0.026503
0.026503
0.026534
0.026534
0.026566
0.026566
0.026566
0.026537
0.026535
0.026535
0.026535
0.026535
0.026502
0.026496
0.026496
0.026538
0.026538
0.026571
0.026571
0.026571
0.026571
0.026571
0.026529
0.026499
0.026501
0.026501
0.026501
0.026501
0.026501
0.026531
0.026577
0.026577
0.026577
0.026577
0.026577
0.026581
0.026581
0.026581
0.026616
0.026543
0.026543
0.026549
0.026549
0.026549
0.026549
0.026622
0.026629
0.026629
0.026629
0.026629
0.026629
0.026637
0.026637
0.026637
0.026637
0.026607
0.026607
0.026616
0.026616
0.026616
0.026616
0.026646
0.026657
0.026657
0.026657
0.026622
0.026601
0.026613
0.026613
0.026634
0.026634
0.026567
0.026580
0.026617
0.026617
0.026617
0.026617
0.026661
0.026640
0.026640
0.026676
0.026676
0.026691
0.026654
0.026654
0.026654
0.026654
0.026698
0.026698
0.026698
0.026698
0.026698
0.026716
0.026725
0.026725
0.026725
0.026688
0.026707
0.026707
0.026707
0.026707
0.026707
0.026763
0.026733
0.026733
0.026733
0.026733
0.026753
0.026753
0.026746
0.026702
0.026668
0.026690
0.026690
0.026690
0.026690
0.026727
0.026750
0.026750
0.026720
0.026720
0.026720
0.026743
0.026707
0.026707
0.026737
0.026737
0.026761
0.026761
0.026761
0.026761
0.026798
0.026798
0.026823
0.026823
0.026794
0.026757
0.026757
0.026819
0.026819
0.026819
0.026849
0.026808
0.026808
0.026836
0.026873
0.026836
0.026836
0.026836
0.026828
0.026864
0.026834
0.026834
0.026834
0.026834
0.026863
0.026863
0.026893
0.026893
0.026854
0.026854
0.026854
0.026885
0.026885
0.026851
0.026851
0.026851
0.026821
0.026852
0.026852
0.026852
0.026852
0.026814
0.026844
0.026844
0.026825
0.026857
0.026857
0.026824
0.026824
0.026824
0.026824
0.026843
