2.082809
1.943517
1.819511
1.739684
1.701229
1.688268
1.685792
1.685411
1.684948
1.684280
1.683354
1.682510
1.682260
1.682327
1.682605
1.683173
1.683904
1.684113
1.684370
1.684058
1.683376
1.682577
1.681482
1.680124
1.678878
1.677764
1.676779
1.676002
1.675161
1.674272
1.673433
1.672435
1.671384
1.670328
1.669272
1.668274
1.667203
1.666042
1.665122
1.664064
1.663024
1.661867
1.661051
1.660277
1.659352
1.658248
1.657511
1.656441
1.655422
1.654286
1.653290
1.651935
1.650677
1.650340
1.648954
1.648000
1.646933
1.645592
1.644318
1.643190
1.641985
1.640878
1.640228
1.639076
1.637885
1.636474
1.635312
1.634495
1.632969
1.631598
1.630207
1.629081
1.627640
1.626111
1.624280
1.622881
1.621422
1.619834
1.618265
1.617489
1.615967
1.614487
1.612653
1.611286
1.609709
1.607878
1.606116
1.604651
1.602968
1.601139
1.599432
1.597640
1.595868
1.594275
1.592580
1.591059
1.589205
1.587312
1.585316
1.583467
1.581512
1.579532
1.577557
1.576144
1.574131
1.572112
1.570208
1.568251
1.566255
1.564176
1.562316
1.560263
1.558345
1.556502
1.554634
1.551951
1.549949
1.548202
1.546640
1.545087
1.543604
1.542158
1.540711
1.539124
1.537405
1.535638
1.533724
1.531867
1.529661
1.527416
1.524550
1.522427
1.520545
1.518499
1.516592
1.515565
1.514314
1.513222
1.512332
1.511011
1.509401
1.508086
1.506451
1.504860
1.503139
1.501340
1.499156
1.497361
1.495787
1.494378
1.492959
1.491606
1.490718
1.489844
1.488843
1.488064
1.487332
1.486519
1.485774
1.484894
1.483793
1.482587
1.480976
1.479233
1.477490
1.475243
1.473688
1.472093
1.470424
1.469436
1.468356
1.467484
1.466587
1.465696
1.464814
1.464087
1.463257
1.462630
1.461690
1.460375
1.458886
1.457355
1.455818
1.454392
1.453146
1.451617
1.450370
1.449079
1.447885
1.447099
1.445991
1.445754
1.445162
1.444811
1.444325
1.444089
1.443823
1.443332
1.442677
1.441652
1.440608
1.439557
1.438323
1.437141
1.435956
1.434763
1.433731
1.432952
1.432317
1.431956
1.431690
1.431465
1.431387
1.431284
1.431159
1.430934
1.430569
1.430032
1.429108
1.427950
1.426757
1.425618
1.424326
1.423153
1.421604
1.420572
1.420008
1.419460
1.419288
1.419102
1.419197
1.419245
1.419345
1.419300
1.419240
1.418770
1.418111
1.417225
1.416082
1.414975
1.413647
1.412362
1.411288
1.410260
1.409444
1.408892
1.408571
1.408547
1.408316
1.408338
1.408189
1.407914
1.407658
1.407166
1.406379
1.405240
1.404073
1.402665
1.401168
1.399894
1.398805
1.397749
1.396949
1.396315
1.396064
1.395839
1.395733
1.395604
1.395432
1.395094
1.394668
1.394120
1.393134
1.391946
1.390410
1.388900
1.387226
1.385653
1.384118
1.382827
1.381936
1.381117
1.380655
1.380392
1.379498
1.379228
1.378815
1.378514
1.378093
1.377363
1.376073
1.374729
1.373121
1.371317
1.369554
1.367869
1.366386
1.365250
1.364512
1.363977
1.363542
1.362991
1.362556
1.362084
1.361382
1.360802
1.360149
1.359257
1.357923
1.356485
1.354730
1.352890
1.351007
1.348990
1.346974
1.345210
1.343768
1.342784
1.342108
1.341521
1.340879
1.340436
1.339871
1.339108
1.338320
1.337401
1.336005
1.334105
1.332266
1.330316
1.328213
1.326053
1.323885
1.321953
1.320575
1.319407
1.318393
1.317503
1.316667
1.315866
1.315056
1.314092
1.313091
1.311700
1.310133
1.308329
1.306434
1.304743
1.303054
1.301147
1.299262
1.298152
1.296488
1.295182
1.294178
1.292964
1.291928
1.290691
1.289293
1.287910
1.286323
1.284869
1.283530
1.282002
1.280713
1.279215
1.278018
1.276749
1.275389
1.274203
1.272888
1.271919
1.270812
1.269650
1.268362
1.267172
1.265992
1.264768
1.263635
1.262500
1.261955
1.260831
1.260076
1.259311
1.258684
1.258069
1.257526
1.257007
1.256298
1.255521
1.254668
1.253696
1.252521
1.251421
1.250553
1.249562
1.248487
1.247495
1.246312
1.245335
1.244273
1.243288
1.242214
1.241209
1.240214
1.239111
1.237976
1.236897
1.235804
1.234870
1.233675
1.232724
1.231653
1.230514
1.229383
1.228378
1.227373
1.226394
1.225532
1.224484
1.223223
1.222151
1.221745
1.220866
1.219942
1.219172
1.218143
1.217253
1.216324
1.215300
1.214432
1.213309
1.212503
1.211561
1.210737
1.209685
1.208992
1.208238
1.207442
1.206674
1.205856
1.205022
1.204240
1.203224
1.202492
1.201609
1.200771
1.199935
1.199218
1.198374
1.197575
1.196796
1.195866
1.195203
1.194235
1.193429
1.192636
1.191849
1.190967
1.190220
1.189524
1.188612
1.187811
1.186925
1.186331
1.185395
1.184609
1.183797
1.182965
1.182202
1.181500
1.180770
1.179838
1.179177
1.178371
1.177407
1.176619
1.175763
1.174866
1.174126
1.173332
1.172396
1.171778
1.170900
1.170448
1.169534
1.168773
1.168058
1.167222
1.166503
1.165724
1.165010
1.164246
1.163440
1.162674
1.161891
1.161189
1.160472
1.159750
1.159020
1.158232
1.157459
1.156814
1.156039
1.155510
1.154900
1.154261
1.153626
1.152851
1.152249
1.151675
1.151055
1.150382
1.149711
1.148917
1.148439
1.147809
1.147200
1.146603
1.146009
1.145298
1.144798
1.144277
1.143632
1.142976
1.142462
1.141857
1.141379
1.140629
1.140133
1.139614
1.139031
1.138448
1.137844
1.137389
1.136971
1.136465
1.136048
1.135429
1.134925
1.134400
1.133935
1.133359
1.132865
1.132476
1.131778
1.131432
1.130828
1.130376
1.129926
1.129394
1.129007
1.128512
1.128058
1.127626
1.127149
1.126754
1.126499
1.126079
1.125702
1.125236
1.124993
1.124581
1.124268
1.123973
1.123587
1.123866
1.123508
1.123146
1.122858
1.122563
1.122132
1.121954
1.121772
1.121572
1.121455
1.121425
1.121110
1.120913
1.120837
1.120650
1.120650
1.120619
1.120690
1.120589
1.120445
1.120351
1.120383
1.120383
1.120394
1.120330
1.120450
1.120285
1.120522
1.120477
1.120523
1.120630
1.120592
1.120598
1.120628
1.120650
1.120705
1.120850
1.120920
1.121015
1.121021
1.121061
1.121076
1.121140
1.121139
1.121163
1.121157
1.121209
1.121196
1.121189
1.121214
1.121072
1.120959
1.120881
1.120774
1.120769
1.120654
1.120718
1.120704
1.120630
1.120394
1.120314
1.120105
1.119903
1.119838
1.119687
1.119393
1.119125
1.119060
1.118748
1.118601
1.118544
1.118520
1.118338
1.118183
1.117949
1.117612
1.117445
1.117139
1.116918
1.116632
1.116248
1.115973
1.115650
1.115323
1.115033
1.114597
1.114288
1.114020
1.113602
1.113466
1.113123
1.112782
1.112523
1.112115
1.111681
1.111411
1.111209
1.110853
1.110549
1.110285
1.109942
1.109644
1.109330
1.108985
1.108589
1.108278
1.107946
1.107654
1.107309
1.106991
1.106500
1.106353
1.106233
1.105846
1.105466
1.105089
1.104663
1.104341
1.103880
1.103559
1.103261
1.102736
1.102396
1.102104
1.101827
1.101376
1.101004
1.100599
1.100198
1.099856
1.099562
1.099279
1.098828
1.098421
1.098079
1.097856
1.097447
1.097197
1.096812
1.096566
1.096143
1.095898
1.095564
1.095296
1.095042
1.094666
1.094276
1.094055
1.093755
1.093513
1.093227
1.093063
1.092757
1.092483
1.092215
1.092036
1.091745
1.091544
1.091300
1.091171
1.090979
1.090581
1.090398
1.090258
1.090181
1.090177
1.090130
1.089968
1.089770
1.089615
1.089512
1.089282
1.089122
1.089045
1.088917
1.088859
1.088727
1.088629
1.088496
1.088453
1.088397
1.088333
1.088303
1.088246
1.088168
1.088091
1.088188
1.088230
1.088111
1.088008
1.088087
1.088061
1.088091
1.088147
1.088139
1.088090
1.088112
1.088165
1.088277
1.088267
1.088327
1.088270
1.088352
1.088419
1.088466
1.088516
1.088616
1.088634
1.088798
1.088789
1.088941
1.088999
1.089034
1.089120
1.089160
1.089159
1.089229
1.089312
1.089369
1.089448
1.089683
1.089707
1.089753
1.089895
1.089944
1.089954
1.089955
1.090084
1.090139
1.090214
1.090200
1.090183
1.090187
1.090301
1.090378
1.090335
1.090429
1.090378
1.090375
1.090447
1.090550
1.090573
1.090574
1.090475
1.090591
1.090515
1.090522
1.090528
1.090530
1.090384
1.090394
1.090379
1.090305
1.090305
1.090314
1.090344
1.090309
1.090209
1.090188
1.090169
1.090145
1.090181
1.090142
1.089983
1.089934
1.089930
1.089888
1.089784
1.089797
1.089740
1.089718
1.089745
1.089732
1.089620
1.089712
1.089638
1.089606
1.089533
1.089391
1.089396
1.089408
1.089467
1.089328
1.089376
1.089252
1.089200
1.089188
1.089125
1.089009
1.088943
1.088707
1.088219
1.087854
1.087357
1.086989
1.086653
1.086161
1.085917
1.085543
1.085186
1.084747
1.084489
1.084085
1.083631
1.083303
1.082866
1.082619
1.082329
1.081979
1.081667
1.081280
1.080941
1.080618
1.080225
1.079864
1.079576
1.079200
1.078813
1.078587
1.078205
1.078006
1.077594
1.077341
1.077100
1.076704
1.076386
1.076087
1.075836
1.075498
1.075206
1.074919
1.074524
1.074253
1.073957
1.073661
1.073365
1.073037
1.072754
1.072479
1.072290
1.071982
1.071737
1.071438
1.071178
1.070970
1.070783
1.070411
1.070076
1.069932
1.069633
1.069437
1.069247
1.069087
1.068848
1.068619
1.068510
1.068338
1.068057
1.067989
1.067846
1.067600
1.067434
1.067369
1.067187
1.066957
1.066758
1.066608
1.066384
1.066214
1.066062
1.065879
1.065760
1.065668
1.065438
1.065397
1.065299
1.065187
1.064981
1.064868
1.064816
1.064719
1.064612
1.064468
1.064438
1.064367
1.064181
1.064164
1.064073
1.064125
1.064023
1.063928
1.063884
1.063833
1.063765
1.063700
1.063596
1.063506
1.063468
1.063477
1.063462
1.063324
1.063369
1.063359
1.063420
1.063369
1.063346
1.063365
1.063365
1.063247
1.063353
1.063343
1.063286
1.063317
1.063157
1.063245
1.063334
1.063246
1.063261
1.063220
1.063273
1.063263
1.063285
1.063337
1.063200
1.063308
1.063278
1.063255
1.063322
1.063311
1.063324
1.063277
1.063284
1.063354
1.063381
1.063352
1.063416
1.063413
1.063438
1.063506
1.063473
1.063555
1.063475
1.063501
1.063474
1.063662
1.063579
1.063664
1.063655
1.063726
1.063697
1.063767
1.063768
1.063767
1.063803
1.063781
1.063821
1.063812
1.063807
1.063895
1.063877
1.063879
1.063953
1.063963
1.063991
1.064032
1.064007
1.064066
1.064080
1.064064
1.064098
1.064144
1.064227
1.064219
1.064118
1.064221
1.064263
1.064298
1.064341
1.064380
1.064337
1.064374
1.064418
1.064330
1.064317
1.064465
1.064402
1.064422
1.064511
1.064500
1.064542
1.064585
1.064630
1.064627
1.064645
1.064627
1.064652
1.064696
1.064689
1.064739
1.064784
1.064761
1.064761
1.064755
1.064802
1.064891
1.064841
1.064835
1.064857
1.064897
1.064841
1.064836
1.064891
1.064881
1.064930
1.064925
1.064899
1.064995
1.064989
1.065039
1.065033
1.065028
1.064969
1.065020
1.065020
1.065057
1.065051
1.065144
1.065139
1.065139
1.065186
1.065136
1.065177
1.065177
1.065110
1.065055
1.065155
1.065150
1.065122
1.065069
1.065064
1.065114
1.065158
1.065158
1.065156
1.065138
1.065138
1.065233
1.065233
1.065228
1.065229
1.065174
1.065220
1.065229
1.065225
1.065274
1.065225
1.065255
1.065256
1.065304
1.065249
1.065249
1.065198
1.065198
1.065243
1.065243
1.065290
1.065240
1.065284
1.065230
1.065221
1.065271
1.065267
1.065217
1.065217
1.065263
1.065263
1.065263
1.065257
1.065307
1.065353
1.065353
1.065349
1.065254
1.065354
1.065354
1.065350
1.065344
1.065344
1.065343
1.065249
1.065249
1.065297
1.065297
1.065293
1.065339
1.065339
1.065339
1.065336
1.065382
1.065332
1.065335
1.065335
1.065280
1.065280
1.065235
1.065214
1.065214
1.065258
1.065305
1.065305
1.065305
1.065304
1.065305
1.065246
1.065246
1.065246
1.065297
1.065296
1.065239
1.065189
1.065239
1.065235
1.065235
1.065235
1.065285
1.065282
1.065279
1.065185
1.065285
1.065285
1.065285
1.065285
1.065232
1.065243
1.065243
1.065243
1.065232
1.065228
1.065228
1.065229
1.065229
1.065226
1.065276
1.065272
1.065223
1.065223
1.065173
1.065143
1.065140
1.065194
1.065194
1.065191
1.065147
1.065147
1.065197
1.065144
1.065144
1.065175
1.065175
1.065175
1.065175
1.065125
1.065122
1.065118
1.065118
1.065168
1.065168
1.065165
1.065215
1.065215
1.065216
1.065213
1.065213
1.065165
1.065115
1.065115
1.065115
1.065115
1.065112
1.065109
1.065109
1.065126
1.065126
1.065072
1.065034
1.065004
1.064998
1.065016
1.064966
1.064966
1.064963
1.064966
1.064966
1.064963
1.065013
1.064963
1.064963
1.064960
1.064960
1.064960
1.064960
1.064960
1.064953
1.065003
1.065003
1.065003
1.065003
1.065003
1.065046
1.065046
1.065046
1.065047
1.065047
1.065047
1.065047
1.065047
1.065044
1.065044
1.065028
1.065028
1.065024
1.065024
1.065074
1.065074
1.065071
1.065071
1.065021
1.065021
1.065021
1.065021
1.065071
1.065071
1.065071
1.065019
1.065018
1.065052
1.065049
1.065049
1.065049
1.065049
1.065049
1.065049
1.065049
1.065013
1.065013
1.065013
1.065013
1.065013
1.065010
1.065010
1.065010
1.065010
1.065060
1.065059
1.065109
1.065109
1.065109
1.065059
1.065059
1.065059
1.065059
1.065106
1.065158
1.065158
1.065158
1.065155
1.065151
1.065151
1.065151
1.065151
1.065151
1.065101
1.065101
1.065101
1.065101
1.065101
1.065101
1.065151
1.065099
1.065049
1.065056
1.065056
1.065075
1.065075
1.065075
1.065075
1.065075
1.065075
1.065051
1.065051
1.065051
1.065053
1.065050
1.065050
1.065100
1.065100
1.065100
1.065100
1.065050
1.065050
1.065050
1.065050
1.065050
1.065050
1.065050
1.065100
1.065098
1.065098
1.065098
1.065098
1.065098
1.065098
1.065131
1.065131
1.065131
1.065131
1.065131
1.065131
1.065131
1.065131
1.065128
1.065180
1.065080
1.065080
1.065080
1.065080
1.065030
1.065030
1.065030
1.065030
1.065030
1.065030
1.065030
1.065080
1.065080
1.065080
1.065042
1.065042
1.065042
1.065042
1.065042
1.065042
1.065042
1.065043
1.065043
1.065043
1.065040
1.065040
1.065040
1.065040
1.065040
1.065040
1.065040
1.065040
1.065040
1.065040
1.065040
1.065040
1.065040
1.065040
1.065040
1.065042
1.065092
1.065092
1.065089
1.065089
1.065089
1.065092
1.065042
1.065042
1.065042
1.065042
1.064992
1.064992
1.064992
1.065039
1.065039
1.065039
1.064989
1.064989
1.064989
1.064989
1.064989
1.064989
1.064989
1.065011
1.065011
1.065011
1.065011
1.065011
1.065011
1.065011
1.065011
1.065011
1.065011
1.065011
1.065011
1.065011
1.065011
1.065011
1.065011
1.065011
1.065011
1.065013
1.065047
1.065044
1.065044
1.065044
1.065042
1.065044
1.065044
1.065044
1.065044
1.065044
1.064994
1.064994
1.064994
1.064994
1.064992
1.064992
1.064992
1.064992
1.064992
1.064991
1.064991
1.064994
1.064994
1.064994
1.064994
1.064994
1.064994
1.064991
1.064991
1.065041
1.065142
1.066039
1.075081
1.073432
1.083547
1.087474
1.101333
1.108185
1.118027
1.125169
1.132653
1.138790
1.145186
1.150508
1.155215
1.158590
1.161010
1.162233
1.162307
1.160793
1.159131
1.156616
1.154463
1.152034
1.150178
1.148166
1.146423
1.144439
1.142317
1.139947
1.137735
1.135412
1.133527
1.131645
1.129942
1.128596
1.126959
1.125573
1.123904
1.122279
1.120765
1.118954
1.117150
1.115520
1.113707
1.112045
1.110412
1.108554
1.107009
1.105194
1.103324
1.101408
1.098759
1.094307
1.087734
1.079252
1.069129
1.058170
1.046618
1.035237
1.024074
1.013093
1.002352
0.991377
0.980767
0.970565
0.960165
0.949452
0.938549
0.927710
0.916924
0.905899
0.894903
0.883716
0.872690
0.861806
0.851917
0.843411
0.836362
0.830944
0.827309
0.825073
0.823622
0.822700
0.821955
0.821341
0.820030
0.818498
0.816456
0.814010
0.811660
0.809533
0.807891
0.806276
0.804986
0.803600
0.802243
0.800538
0.798708
0.796584
0.794489
0.792162
0.789725
0.787255
0.784909
0.782615
0.780531
0.778612
0.776745
0.774807
0.772820
0.770726
0.768471
0.766436
0.764257
0.762356
0.760344
0.758233
0.755769
0.753171
0.750650
0.748136
0.745740
0.743192
0.740967
0.738505
0.736054
0.733601
0.730997
0.728388
0.725921
0.723447
0.720989
0.718560
0.716040
0.713546
0.711012
0.708576
0.706161
0.703657
0.701279
0.698787
0.696378
0.694199
0.691923
0.689541
0.687257
0.684996
0.682716
0.680438
0.678266
0.676103
0.674119
0.671899
0.669635
0.667632
0.665670
0.663732
0.661655
0.659613
0.657692
0.655962
0.654041
0.652377
0.650238
0.648288
0.646394
0.644565
0.642537
0.640722
0.638801
0.637034
0.635142
0.633353
0.631592
0.629917
0.628165
0.626500
0.624721
0.622866
0.621277
0.619414
0.617848
0.616544
0.615059
0.613305
0.611964
0.610317
0.608758
0.607392
0.605825
0.604330
0.602994
0.601408
0.599845
0.598413
0.596817
0.595276
0.593852
0.592591
0.591391
0.589981
0.588655
0.587363
0.586322
0.585074
0.584029
0.582879
0.581641
0.580582
0.579349
0.578257
0.576972
0.575927
0.574590
0.573446
0.572104
0.570886
0.569393
0.568025
0.566774
0.565402
0.563940
0.562523
0.561200
0.559655
0.558094
0.556557
0.555054
0.553599
0.552283
0.550985
0.549587
0.548261
0.546784
0.545275
0.543977
0.542488
0.540959
0.539626
0.538045
0.536517
0.534983
0.533506
0.532294
0.530902
0.529230
0.527810
0.526279
0.524549
0.523007
0.521582
0.520215
0.518620
0.516906
0.515006
0.513276
0.511496
0.509752
0.507969
0.506477
0.504712
0.503213
0.501638
0.500265
0.498838
0.497365
0.495966
0.494593
0.493195
0.491876
0.490435
0.489087
0.487609
0.486262
0.485026
0.483607
0.482384
0.481016
0.479900
0.478714
0.477526
0.476206
0.474839
0.473495
0.472282
0.470960
0.469911
0.468779
0.467653
0.466591
0.465574
0.464433
0.463352
0.462493
0.461468
0.460501
0.459627
0.458589
0.457492
0.456357
0.455157
0.454206
0.453110
0.452007
0.450961
0.449985
0.449264
0.448437
0.447615
0.446822
0.445990
0.445179
0.444188
0.443441
0.442575
0.441708
0.440933
0.439838
0.438944
0.438220
0.437422
0.436420
0.435563
0.434852
0.434038
0.433304
0.432607
0.431860
0.431242
0.430564
0.429893
0.429134
0.428557
0.427664
0.426978
0.426135
0.425437
0.424593
0.423749
0.423134
0.422361
0.421895
0.421090
0.420361
0.419830
0.419306
0.418671
0.417846
0.417199
0.416478
0.415778
0.414892
0.414263
0.413529
0.412783
0.412040
0.411500
0.410840
0.410112
0.409483
0.408621
0.407996
0.407237
0.406736
0.406165
0.405572
0.404808
0.404270
0.403690
0.402873
0.402310
0.401710
0.401158
0.400449
0.399693
0.398993
0.398269
0.397577
0.396811
0.396151
0.395370
0.394751
0.393998
0.393370
0.392559
0.391936
0.391246
0.390518
0.389887
0.389159
0.388415
0.387712
0.386985
0.386247
0.385700
0.385063
0.384235
0.383576
0.382788
0.382216
0.381407
0.380752
0.380042
0.379334
0.378682
0.377951
0.377285
0.376568
0.375845
0.375206
0.374463
0.373768
0.373154
0.372410
0.371699
0.371001
0.370274
0.369683
0.368987
0.368526
0.367972
0.367349
0.366711
0.365996
0.365306
0.364643
0.363879
0.363274
0.362708
0.361903
0.361298
0.360533
0.359869
0.359127
0.358458
0.357794
0.357086
0.356448
0.355792
0.355176
0.354393
0.353649
0.353069
0.352413
0.351751
0.351005
0.350266
0.349529
0.348875
0.348116
0.347485
0.346859
0.346047
0.345392
0.344739
0.343989
0.343363
0.342764
0.341876
0.341117
0.340468
0.339552
0.338617
0.337628
0.336447
0.335406
0.334287
0.333344
0.332121
0.331264
0.330118
0.329198
0.328062
0.326986
0.325895
0.324861
0.323738
0.322827
0.321721
0.320780
0.319745
0.318780
0.317723
0.316598
0.315784
0.314836
0.313640
0.312614
0.311522
0.310451
0.309544
0.308707
0.307886
0.306946
0.305974
0.305058
0.303955
0.302965
0.301957
0.301036
0.299884
0.298751
0.297801
0.296765
0.295614
0.294578
0.293400
0.292397
0.291291
0.290252
0.289138
0.287993
0.286985
0.285768
0.284900
0.284094
0.283148
0.282067
0.280874
0.279848
0.278745
0.277475
0.276349
0.275233
0.274075
0.272931
0.271750
0.270698
0.269576
0.268608
0.267481
0.266313
0.265269
0.264048
0.262966
0.261842
0.260735
0.259603
0.258489
0.257466
0.256361
0.255270
0.254150
0.252990
0.251986
0.250871
0.249798
0.248687
0.247664
0.246576
0.245422
0.244400
0.243143
0.242153
0.240996
0.239945
0.238900
0.237723
0.236617
0.235715
0.234679
0.233678
0.232724
0.231677
0.230671
0.229646
0.228695
0.227601
0.226671
0.225765
0.224781
0.223860
0.222946
0.222199
0.221346
0.220474
0.219530
0.218550
0.217801
0.216782
0.215917
0.215064
0.214189
0.213339
0.212528
0.211676
0.210809
0.210059
0.209127
0.208377
0.207576
0.206705
0.205950
0.205126
0.204422
0.203658
0.202777
0.202049
0.201177
0.200449
0.199768
0.199036
0.198201
0.197448
0.196799
0.195944
0.195294
0.194555
0.193909
0.193168
0.192460
0.191598
0.191128
0.190279
0.189545
0.188945
0.188123
0.187520
0.186798
0.186170
0.185496
0.184808
0.184167
0.183443
0.182722
0.182101
0.181517
0.180718
0.180191
0.179500
0.178832
0.178280
0.177565
0.177041
0.176588
0.176144
0.175431
0.174807
0.174135
0.173455
0.172756
0.172086
0.171512
0.170922
0.170244
0.169567
0.168815
0.168069
0.167445
0.166799
0.166104
0.165380
0.164797
0.163957
0.163311
0.162721
0.161999
0.161321
0.160717
0.160109
0.159321
0.158628
0.158024
0.157385
0.156624
0.155881
0.155217
0.154527
0.153957
0.153229
0.152559
0.151831
0.151020
0.150425
0.149800
0.149183
0.148441
0.147794
0.147089
0.146414
0.145715
0.145073
0.144420
0.143779
0.143085
0.142380
0.141710
0.141009
0.140330
0.139660
0.139013
0.138285
0.137528
0.137049
0.136358
0.135702
0.134983
0.134412
0.133687
0.132956
0.132262
0.131685
0.130994
0.130301
0.129667
0.129104
0.128392
0.127807
0.127178
0.126530
0.125860
0.125293
0.124833
0.124392
0.123839
0.123256
0.122775
0.122154
0.121447
0.120912
0.120344
0.119704
0.119170
0.118573
0.117921
0.117416
0.116776
0.116271
0.115665
0.115124
0.114664
0.114126
0.113724
0.113263
0.112685
0.112065
0.111609
0.111050
0.110581
0.109987
0.109532
0.108990
0.108641
0.108178
0.107493
0.107039
0.106514
0.106133
0.105567
0.105168
0.104583
0.104111
0.103746
0.103234
0.102882
0.102408
0.101907
0.101449
0.101052
0.100628
0.100068
0.099676
0.099284
0.098833
0.098328
0.097868
0.097465
0.096957
0.096621
0.096250
0.095709
0.095292
0.094854
0.094536
0.093990
0.093654
0.093250
0.092774
0.092376
0.091981
0.091530
0.091203
0.090730
0.090414
0.089991
0.089580
0.089275
0.088942
0.088390
0.087983
0.087616
0.087192
0.086860
0.086440
0.086067
0.085698
0.085302
0.084881
0.084588
0.084123
0.083774
0.083414
0.083127
0.082659
0.082353
0.081944
0.081490
0.081241
0.080851
0.080534
0.080202
0.079831
0.079502
0.079119
0.078702
0.078374
0.078113
0.077652
0.077292
0.076952
0.076716
0.076343
0.076049
0.075653
0.075313
0.074985
0.074626
0.074312
0.074005
0.073603
0.073314
0.072948
0.072595
0.072439
0.072041
0.071672
0.071347
0.070991
0.070719
0.070401
0.070088
0.069723
0.069426
0.069125
0.068865
0.068528
0.068174
0.067891
0.067544
0.067182
0.066892
0.066588
0.066247
0.065933
0.065680
0.065427
0.065137
0.064856
0.064560
0.064245
0.063950
0.063651
0.063314
0.063048
0.062701
0.062386
0.062146
0.061826
0.061597
0.061328
0.061006
0.060743
0.060370
0.060069
0.059907
0.059570
0.059195
0.058871
0.058588
0.058307
0.058089
0.057787
0.057443
0.057191
0.056896
0.056648
0.056396
0.056081
0.055795
0.055473
0.055143
0.054891
0.054676
0.054426
0.054201
0.053952
0.053728
0.053343
0.053080
0.052852
0.052537
0.052321
0.051997
0.051737
0.051491
0.051161
0.050957
0.050727
0.050478
0.050294
0.050029
0.049804
0.049606
0.049365
0.049046
0.048825
0.048623
0.048396
0.048149
0.047884
0.047659
0.047457
0.047189
0.046924
0.046669
0.046490
0.046279
0.046018
0.045872
0.045582
0.045456
0.045314
0.045053
0.044853
0.044608
0.044417
0.044194
0.044095
0.043860
0.043679
0.043466
0.043329
0.043119
0.042923
0.042769
0.042641
0.042453
0.042312
0.042080
0.041941
0.041789
0.041636
0.041483
0.041444
0.041292
0.041194
0.041042
0.040813
0.040648
0.040530
0.040357
0.040222
0.040080
0.039909
0.039793
0.039638
0.039442
0.039361
0.039210
0.039026
0.038946
0.038845
0.038754
0.038645
0.038535
0.038299
0.038155
0.038017
0.037903
0.037832
0.037685
0.037544
0.037473
0.037355
0.037204
0.037095
0.036977
0.036810
0.036735
0.036665
0.036557
0.036425
0.036355
0.036171
0.036100
0.036030
0.035926
0.035859
0.035712
0.035634
0.035577
0.035507
0.035375
0.035260
0.035168
0.035061
0.034947
0.034907
0.034837
0.034644
0.034610
0.034540
0.034470
0.034435
0.034399
0.034307
0.034210
0.034152
0.034082
0.033948
0.033865
0.033795
0.033720
0.033683
0.033591
0.033477
0.033407
0.033336
0.033332
0.033237
0.033167
0.033101
0.032986
0.032916
0.032873
0.032815
0.032779
0.032667
0.032554
0.032514
0.032478
0.032385
0.032351
0.032323
0.032221
0.032138
0.032066
0.032011
0.031895
0.031859
0.031748
0.031710
0.031668
0.031670
0.031650
0.031623
0.031543
0.031566
0.031533
0.031479
0.031428
0.031391
0.031397
0.031360
0.031327
0.031292
0.031248
0.031198
0.031098
0.031021
0.031049
0.031041
0.031007
0.030886
0.030870
0.030832
0.030801
0.030768
0.030699
0.030697
0.030666
0.030613
0.030583
0.030593
0.030554
0.030524
0.030524
0.030455
0.030423
0.030389
0.030360
0.030321
0.030321
0.030292
0.030292
0.030234
0.030201
0.030201
0.030162
0.030122
0.030122
0.030089
0.030067
0.030111
0.030071
0.030075
0.030075
0.030068
0.030042
0.029954
0.029992
0.029954
0.029929
0.029929
0.029842
0.029876
0.029819
0.029900
0.029900
0.029900
0.029799
0.029790
0.029790
0.029786
0.029763
0.029775
0.029733
0.029733
0.029718
0.029696
0.029703
0.029677
0.029644
0.029664
0.029601
0.029598
0.029596
0.029629
0.029629
0.029590
0.029571
0.029571
0.029573
0.029573
0.029540
0.029495
0.029533
0.029549
0.029549
0.029549
0.029498
0.029531
0.029488
0.029488
0.029514
0.029476
0.029476
0.029514
0.029514
0.029507
0.029507
0.029507
0.029507
0.029491
0.029478
0.029557
0.029557
0.029529
0.029529
0.029529
0.029529
0.029492
0.029457
0.029410
0.029410
0.029410
0.029491
0.029411
0.029411
0.029444
0.029432
0.029432
0.029432
0.029413
0.029413
0.029413
0.029459
0.029422
0.029422
0.029392
0.029392
0.029392
0.029392
0.029381
0.029381
0.029381
0.029428
0.029428
0.029474
0.029474
0.029474
0.029478
0.029478
0.029496
0.029496
0.029485
0.029545
0.029578
0.029578
0.029578
0.029578
0.029552
0.029509
0.029472
0.029405
0.029452
0.029483
0.029483
0.029483
0.029483
0.029483
0.029563
0.029563
0.029563
0.029563
0.029610
0.029618
0.029653
0.029621
0.029621
0.029621
0.029621
0.029621
0.029578
0.029591
0.029639
0.029672
0.029672
0.029680
0.029680
0.029718
0.029709
0.029677
0.029643
0.029681
0.029728
0.029745
0.029745
0.029745
0.029778
0.029773
0.029773
0.029773
0.029773
0.029773
0.029773
0.029718
0.029656
0.029656
0.029694
0.029694
0.029646
0.029646
0.029646
0.029705
0.029705
0.029697
0.029708
0.029725
0.029741
0.029781
0.029781
0.029827
0.029827
0.029872
0.029872
0.029834
0.029834
0.029834
0.029885
0.029885
0.029885
0.029852
0.029811
0.029811
0.029811
0.029881
0.029881
0.029881
0.029881
0.029844
0.029892
0.029884
0.029884
0.029884
0.029925
0.029925
0.029925
0.029925
0.029888
0.029951
0.029951
0.029996
0.029996
0.029959
0.029919
0.029919
0.029919
0.029919
0.029919
0.029919
0.029919
0.029919
0.029919
0.029956
0.029956
0.029998
0.029998
0.029961
0.029961
0.029912
0.029912
0.029912
0.029905
0.029905
0.029905
0.029898
0.029859
0.029896
0.029896
0.029896
0.029896
0.029859
0.029859
0.029840
0.029882
0.029827
0.029827
0.029827
0.029827
0.029827
0.029854
0.029810
0.029810
0.029810
0.029846
0.029772
0.029818
0.029818
0.029818
0.029780
0.029763
0.029807
0.029807
0.029844
0.029816
0.029816
0.029816
0.029816
0.029816
0.029778
0.029778
0.029778
0.029778
0.029778
0.029774
0.029774
0.029818
0.029818
0.029852
0.029852
0.029836
0.029836
0.029836
0.029836
0.029798
0.029795
0.029795
0.029759
0.029759
0.029759
0.029804
0.029804
0.029841
0.029841
0.029855
0.029855
0.029804
0.029804
0.029767
0.029767
0.029781
0.029781
0.029797
0.029841
0.029841
0.029841
0.029878
0.029912
0.029912
0.029912
0.029958
0.029920
0.029872
0.029872
0.029872
0.029872
0.029917
0.029917
0.029917
0.029917
0.029955
0.029955
0.029955
0.029940
0.029894
0.029856
0.029856
0.029902
0.029902
0.029902
0.029866
0.029866
0.029830
0.029834
0.029785
0.029859
0.029827
0.029827
0.029873
0.029867
0.029831
0.029831
0.029836
0.029820
0.029820
0.029786
0.029786
0.029786
0.029786
0.029838
0.029844
0.029844
0.029796
0.029791
0.029791
0.029791
0.029791
0.029791
0.029791
0.029798
0.029797
0.029797
0.029797
0.029768
0.029802
0.029802
0.029802
0.029797
0.029758
0.029758
0.029789
0.029789
0.029789
0.029789
0.029789
0.029789
0.029720
0.029724
0.029758
0.029804
0.029846
0.029809
0.029841
0.029794
0.029794
0.029807
0.029807
0.029807
0.029807
0.029807
0.029821
0.029778
0.029778
0.029813
0.029827
0.029789
0.029822
0.029811
0.029811
0.029766
0.029766
0.029813
0.029813
0.029829
0.029762
0.029765
0.029754
0.029754
0.029754
0.029717
0.029749
0.029832
0.029832
0.029820
0.029776
0.029792
0.029792
0.029760
0.029760
0.029725
0.029760
0.029765
0.029741
0.029789
0.029789
0.029821
0.029821
0.029821
0.029821
0.029821
0.029821
0.029746
0.029736
0.029736
0.029736
0.029736
0.029784
0.029779
0.029779
0.029812
0.029770
0.029770
0.029794
0.029794
0.029794
0.029762
0.029738
0.029738
0.029738
0.029697
0.029697
0.029697
0.029697
0.029756
0.029756
0.029756
0.029720
0.029768
0.029729
0.029710
0.029745
0.029745
0.029792
0.029820
0.029820
0.029820
0.029820
0.029817
0.029779
0.029779
0.029779
0.029779
0.029746
0.029746
0.029776
0.029776
0.029776
0.029776
0.029776
0.029740
0.029740
0.029740
0.029772
0.029772
0.029772
0.029804
0.029772
0.029772
0.029772
0.029737
0.029737
0.029702
0.029702
0.029737
0.029737
0.029737
0.029803
0.029803
0.029803
0.029770
0.029770
0.029687
0.029703
0.029703
0.029663
0.029663
0.029663
0.029699
0.029699
0.029699
0.029699
0.029683
0.029699
0.029699
0.029699
0.029699
0.029683
0.029683
0.029719
0.029688
0.029688
0.029688
0.029688
0.029688
0.029688
0.029699
0.029699
0.029699
0.029699
0.029736
0.029736
0.029720
0.029720
0.029720
0.029720
0.029691
0.029691
0.029691
0.029708
0.029746
0.029746
0.029742
0.029742
0.029742
0.029742
0.029742
0.029726
0.029726
0.029726
0.029726
0.029765
0.029782
0.029782
0.029755
0.029755
0.029755
0.029752
0.029752
0.029752
0.029752
0.029839
0.029824
0.029824
0.029824
0.029839
0.029839
0.029839
0.029839
0.029839
0.029839
0.029879
0.029879
0.029879
0.029879
0.029855
0.029855
0.029855
0.029855
0.029855
0.029807
0.029849
0.029849
0.029848
0.029848
0.029848
0.029848
0.029848
0.029848
0.029848
0.029848
0.029891
0.029891
0.029891
0.029891
0.029843
0.029843
0.029843
0.029822
0.029822
0.029866
0.029831
0.029831
0.029831
0.029831
0.029831
0.029833
0.029820
0.029820
0.029820
0.029864
0.029864
0.029864
0.029829
0.029829
0.029829
0.029829
0.029833
0.029784
0.029829
0.029829
0.029829
0.029810
0.029810
0.029810
0.029810
0.029810
0.029767
0.029812
0.029812
0.029812
0.029812
0.029812
0.029847
0.029847
0.029847
0.029800
0.029845
0.029852
0.029852
0.029852
0.029852
0.029852
0.029852
0.029852
0.029804
0.029834
0.029843
0.029851
0.029851
0.029851
0.029851
0.029851
0.029851
0.029804
0.029850
0.029850
0.029850
0.029850
0.029861
0.029861
0.029861
0.029814
0.029814
0.029860
0.029860
0.029860
0.029860
0.029860
0.029860
0.029858
0.029812
0.029812
0.029812
0.029906
0.029906
0.029906
0.029906
0.029906
0.029860
0.029860
0.029828
0.029874
0.029874
0.029921
0.029921
0.029921
0.029921
0.029876
0.029876
0.029876
0.029864
0.029880
0.029880
0.029880
0.029880
0.029928
0.029884
0.029884
0.029884
0.029884
0.029884
0.029884
0.029884
0.029902
0.029902
0.029859
0.029859
0.029859
0.029859
0.029859
0.029859
0.029859
0.029848
0.029848
0.029848
0.029805
0.029874
0.029874
0.029874
0.029874
0.029874
0.029874
0.029874
0.029874
0.029874
0.029799
0.029799
0.029799
0.029799
0.029822
0.029822
0.029822
0.029856
0.029856
0.029856
0.029816
0.029807
0.029807
0.029773
0.029773
0.029773
0.029773
0.029773
0.029798
0.029798
0.029798
0.029798
0.029759
0.029711
0.029711
0.029748
0.029748
0.029711
0.029711
0.029711
0.029711
0.029680
0.029699
0.029699
0.029693
0.029693
0.029730
0.029692
0.029692
0.029692
0.029692
0.029730
0.029693
0.029693
0.029661
0.029654
0.029654
0.029654
0.029680
0.029717
0.029717
0.029679
0.029679
0.029679
0.029679
0.029717
0.029717
0.029674
0.029642
0.029642
0.029642
0.029642
0.029710
0.029709
0.029709
0.029671
0.029671
0.029671
0.029666
0.029704
0.029704
0.029704
0.029672
0.029672
0.029672
0.029672
0.029704
0.029704
0.029704
0.029696
0.029696
0.029665
0.029665
0.029651
0.029689
0.029657
0.029657
0.029608
0.029655
0.029652
0.029652
0.029684
0.029647
0.029600
0.029600
0.029636
0.029636
0.029636
0.029673
0.029640
0.029686
0.029657
0.029657
0.029608
0.029608
0.029640
0.029603
0.029603
0.029602
0.029602
0.029640
0.029640
0.029677
0.029645
0.029661
0.029612
0.029612
0.029613
0.029585
0.029617
0.029580
0.029545
0.029545
0.029545
0.029530
0.029568
0.029532
0.029501
0.029501
0.029501
0.029501
0.029501
0.029535
0.029532
0.029495
0.029450
0.029450
0.029450
0.029450
0.029450
0.029528
0.029496
0.029462
0.029462
0.029419
0.029419
0.029453
0.029447
0.029447
0.029447
0.029447
0.029447
0.029399
0.029406
0.029413
0.029395
0.029408
0.029408
0.029408
0.029408
0.029360
0.029355
0.029396
0.029396
0.029396
0.029396
0.029396
0.029405
0.029325
0.029363
0.029363
0.029373
0.029373
0.029373
0.029373
0.029335
0.029321
0.029321
0.029321
0.029321
0.029391
0.029391
0.029359
