2.643055
2.526129
2.425218
2.362812
2.334029
2.324466
2.322376
2.321843
2.321291
2.320593
2.319483
2.318003
2.316206
2.314638
2.313179
2.311673
2.309701
2.307129
2.303727
2.300211
2.296543
2.292588
2.288579
2.284644
2.280589
2.276807
2.272439
2.268446
2.263866
2.259239
2.254549
2.249943
2.245274
2.240872
2.236295
2.231753
2.227559
2.223492
2.219286
2.215258
2.210994
2.206729
2.202571
2.198110
2.193980
2.190340
2.186259
2.181706
2.176910
2.172666
2.168591
2.164234
2.159254
2.154816
2.150382
2.145664
2.140528
2.135602
2.130812
2.126284
2.121301
2.116197
2.111136
2.106421
2.102185
2.097567
2.092809
2.087600
2.082413
2.077877
2.073158
2.068389
2.063687
2.059424
2.055191
2.050586
2.046090
2.041377
2.036616
2.031873
2.027517
2.022627
2.018236
2.013476
2.008606
2.004168
2.000000
1.995854
1.991268
1.986684
1.981626
1.976786
1.972166
1.968326
1.965045
1.961641
1.957955
1.953678
1.949345
1.945239
1.940929
1.937094
1.933092
1.929599
1.925693
1.921441
1.916816
1.912681
1.908613
1.904877
1.901064
1.896796
1.892423
1.888152
1.884229
1.880482
1.876345
1.871907
1.867625
1.863454
1.859660
1.855366
1.850856
1.846674
1.843134
1.839899
1.836930
1.834453
1.832271
1.829399
1.826966
1.824287
1.821631
1.818834
1.815263
1.811467
1.807358
1.803027
1.798406
1.793710
1.788480
1.783155
1.778941
1.775527
1.772707
1.770324
1.767900
1.766042
1.763883
1.761770
1.759521
1.757217
1.754311
1.750535
1.746352
1.742266
1.737956
1.733154
1.728524
1.723715
1.719806
1.717089
1.714747
1.712597
1.710843
1.708803
1.706819
1.704806
1.702704
1.700602
1.698356
1.696254
1.693601
1.690578
1.687608
1.684522
1.680855
1.677090
1.672996
1.669465
1.665780
1.662657
1.660119
1.657976
1.655931
1.654086
1.651563
1.648314
1.644858
1.641483
1.637711
1.634146
1.631166
1.628696
1.626366
1.624267
1.621602
1.618744
1.615634
1.612552
1.609120
1.605918
1.602876
1.600497
1.597951
1.595690
1.593558
1.591393
1.589348
1.587346
1.585275
1.582697
1.579850
1.576940
1.573907
1.570240
1.566422
1.562834
1.559297
1.556142
1.554140
1.552308
1.550886
1.549296
1.547446
1.545491
1.543575
1.541911
1.540195
1.538353
1.536491
1.534295
1.531798
1.529103
1.526407
1.522984
1.519634
1.516006
1.512597
1.509038
1.506028
1.503504
1.501380
1.498978
1.497189
1.494500
1.491426
1.487665
1.483925
1.480352
1.477057
1.474002
1.471371
1.468854
1.466131
1.463065
1.459895
1.456494
1.454567
1.454310
1.455134
1.456240
1.457970
1.460164
1.462395
1.463734
1.462920
1.460855
1.457581
1.454646
1.451504
1.447460
1.444290
1.440978
1.437643
1.435446
1.434466
1.434824
1.435852
1.437400
1.439273
1.440854
1.440685
1.439114
1.436957
1.433798
1.430009
1.425998
1.422206
1.418101
1.413873
1.409947
1.406208
1.401976
1.397949
1.394093
1.389904
1.385795
1.381823
1.377651
1.373411
1.369386
1.365305
1.360833
1.356708
1.352388
1.348396
1.344261
1.339914
1.335824
1.331757
1.328826
1.325724
1.321892
1.319146
1.317444
1.314977
1.313608
1.312096
1.310050
1.306777
1.302974
1.298816
1.294924
1.290535
1.285987
1.281685
1.277341
1.272892
1.268739
1.264891
1.260503
1.256390
1.252175
1.247785
1.243371
1.238728
1.234569
1.230173
1.225908
1.222787
1.221097
1.219175
1.217450
1.216886
1.216583
1.215594
1.214250
1.212037
1.208765
1.204701
1.200231
1.195433
1.190753
1.185978
1.181540
1.177188
1.172952
1.168597
1.164261
1.160107
1.155636
1.151090
1.146450
1.141816
1.137371
1.132852
1.128901
1.125152
1.121579
1.117482
1.113224
1.108671
1.104108
1.099426
1.094788
1.090299
1.085633
1.081140
1.076523
1.072047
1.067396
1.062873
1.058259
1.053687
1.049126
1.044624
1.040095
1.035591
1.031467
1.027410
1.023520
1.019235
1.014825
1.010264
1.005757
1.001338
0.997031
0.992304
0.987898
0.983635
0.979208
0.974757
0.970343
0.965706
0.961061
0.956523
0.952053
0.947649
0.943273
0.938893
0.934513
0.930115
0.925686
0.921484
0.917113
0.912666
0.908356
0.903861
0.899729
0.895238
0.890840
0.886411
0.881996
0.877605
0.873330
0.869027
0.864693
0.860329
0.856082
0.851941
0.848022
0.843872
0.839767
0.835835
0.831899
0.827773
0.823754
0.819591
0.815435
0.811368
0.807506
0.803350
0.799344
0.795251
0.791360
0.787497
0.783666
0.779738
0.775892
0.772013
0.768336
0.764591
0.760980
0.757311
0.753765
0.750016
0.746466
0.742688
0.738810
0.735007
0.731382
0.727455
0.723758
0.720041
0.716431
0.712944
0.709354
0.705702
0.702216
0.698449
0.694984
0.691442
0.687681
0.684104
0.680444
0.676838
0.673396
0.669723
0.666453
0.663034
0.659500
0.656058
0.652692
0.649162
0.645755
0.642468
0.639253
0.636234
0.633059
0.629833
0.626386
0.623046
0.619797
0.616392
0.613272
0.610199
0.606956
0.603745
0.600549
0.597355
0.594078
0.591037
0.587876
0.584772
0.581545
0.578634
0.575422
0.572151
0.568902
0.565678
0.562478
0.559409
0.556166
0.552969
0.549701
0.546674
0.543641
0.540533
0.537359
0.534420
0.531201
0.528124
0.525014
0.522033
0.518957
0.515858
0.512715
0.509796
0.506659
0.503760
0.500572
0.497442
0.494392
0.491470
0.488429
0.485337
0.482280
0.479187
0.476143
0.473100
0.470022
0.467083
0.464051
0.460989
0.458123
0.455211
0.451981
0.449027
0.446036
0.442956
0.439993
0.436976
0.433951
0.431064
0.428124
0.425344
0.422294
0.419454
0.416454
0.413344
0.410411
0.407410
0.404538
0.401568
0.398571
0.395649
0.392880
0.390004
0.387140
0.384444
0.381726
0.379179
0.376578
0.373843
0.371362
0.368775
0.366367
0.363675
0.361038
0.358530
0.355928
0.353544
0.351068
0.348747
0.346444
0.343905
0.341659
0.339229
0.336778
0.334362
0.332077
0.329666
0.327478
0.325237
0.323018
0.320832
0.318596
0.316407
0.314241
0.312186
0.310042
0.308118
0.305866
0.304043
0.301996
0.299935
0.298010
0.296180
0.294318
0.292427
0.290556
0.288648
0.286976
0.285152
0.283507
0.281643
0.280065
0.278289
0.276641
0.275055
0.273555
0.271869
0.270472
0.269066
0.267540
0.266191
0.264778
0.263475
0.262033
0.260609
0.259441
0.258013
0.256829
0.255581
0.254113
0.253032
0.251722
0.250559
0.249200
0.248177
0.247001
0.246052
0.244776
0.243754
0.242655
0.241506
0.240468
0.239404
0.238265
0.237437
0.236218
0.235288
0.234281
0.233425
0.232418
0.231361
0.230463
0.229578
0.228651
0.227863
0.227063
0.226178
0.225391
0.224596
0.223700
0.222896
0.222110
0.221335
0.220693
0.219892
0.219215
0.218346
0.217548
0.216881
0.216225
0.215597
0.214954
0.214378
0.213624
0.213040
0.212423
0.211636
0.211145
0.210505
0.210032
0.209467
0.208843
0.208250
0.207648
0.207097
0.206650
0.205977
0.205397
0.204929
0.204514
0.203899
0.203368
0.202994
0.202532
0.202061
0.201593
0.201210
0.200685
0.200326
0.199842
0.199506
0.198967
0.198819
0.198312
0.197956
0.197607
0.197215
0.197004
0.196425
0.196189
0.195790
0.195510
0.195024
0.194724
0.194420
0.194057
0.193799
0.193408
0.193066
0.192696
0.192523
0.191972
0.191725
0.191556
0.191289
0.190858
0.190696
0.190406
0.190066
0.189793
0.189566
0.189293
0.189053
0.188860
0.188516
0.188318
0.188111
0.187852
0.187564
0.187317
0.187126
0.186981
0.186718
0.186540
0.186421
0.186116
0.185838
0.185683
0.185416
0.185157
0.184928
0.184821
0.184597
0.184381
0.184208
0.184015
0.183729
0.183544
0.183537
0.183355
0.183160
0.182931
0.182697
0.182499
0.182339
0.182179
0.181975
0.181883
0.181639
0.181451
0.181290
0.181149
0.181009
0.180790
0.180587
0.180565
0.180476
0.180149
0.179986
0.179910
0.179735
0.179508
0.179298
0.179210
0.178965
0.178828
0.178698
0.178546
0.178364
0.178174
0.178143
0.177933
0.177762
0.177569
0.177485
0.177295
0.177096
0.176900
0.176790
0.176607
0.176553
0.176430
0.176121
0.176029
0.175914
0.175700
0.175710
0.175478
0.175298
0.175106
0.174989
0.174763
0.174476
0.174346
0.174122
0.173912
0.173713
0.173543
0.173452
0.173294
0.173219
0.173027
0.172850
0.172709
0.172599
0.172525
0.172372
0.172267
0.172053
0.171879
0.171765
0.171678
0.171499
0.171354
0.171269
0.171119
0.170892
0.170865
0.170673
0.170405
0.170484
0.170447
0.170307
0.170289
0.169999
0.169804
0.169795
0.169749
0.169546
0.169345
0.169295
0.169230
0.169103
0.168939
0.168817
0.168774
0.168627
0.168615
0.168484
0.168441
0.168465
0.168371
0.168274
0.168176
0.168043
0.168057
0.168041
0.167983
0.167865
0.167956
0.167829
0.167682
0.167647
0.167450
0.167420
0.167447
0.167365
0.167363
0.167253
0.167262
0.167157
0.167038
0.166968
0.166842
0.166854
0.166778
0.166675
0.166684
0.166523
0.166472
0.166419
0.166324
0.166287
0.166304
0.166268
0.166129
0.166102
0.165995
0.165976
0.166001
0.165859
0.165925
0.165806
0.165521
0.165434
0.165301
0.165256
0.165160
0.165011
0.164962
0.164903
0.164896
0.164860
0.164795
0.164771
0.164721
0.164623
0.164485
0.164489
0.164485
0.164479
0.164435
0.164344
0.164378
0.164367
0.164319
0.164299
0.164248
0.164188
0.164217
0.164123
0.164100
0.164152
0.164143
0.164082
0.164134
0.164140
0.164103
0.164046
0.164103
0.164057
0.164098
0.164083
0.164009
0.163924
0.163908
0.163812
0.163773
0.163828
0.163798
0.164025
0.164066
0.164171
0.164162
0.164247
0.164294
0.164290
0.164289
0.164310
0.164357
0.164393
0.164348
0.164397
0.164340
0.164307
0.164410
0.164499
0.164336
0.164483
0.164520
0.164428
0.164487
0.164430
0.164464
0.164416
0.164409
0.164368
0.164355
0.164400
0.164489
0.164520
0.164521
0.164510
0.164475
0.164381
0.164451
0.164457
0.164491
0.164435
0.164435
0.164325
0.164277
0.164310
0.164386
0.164137
0.164039
0.163951
0.163984
0.163970
0.163933
0.163889
0.163842
0.163914
0.163786
0.163743
0.163696
0.163779
0.163661
0.163661
0.163624
0.163624
0.163537
0.163572
0.163628
0.163649
0.163567
0.163612
0.163601
0.163573
0.163541
0.163542
0.163529
0.163529
0.163584
0.163538
0.163525
0.163462
0.163524
0.163477
0.163513
0.163543
0.163621
0.163575
0.163598
0.163600
0.163553
0.163548
0.163505
0.163461
0.163460
0.163589
0.163630
0.163735
0.163745
0.163740
0.163764
0.163797
0.163880
0.163931
0.163938
0.163999
0.164022
0.163991
0.163956
0.163991
0.163962
0.163962
0.163952
0.164006
0.164005
0.164043
0.163944
0.163944
0.163979
0.163979
0.164058
0.164058
0.164057
0.164018
0.164018
0.164053
0.163973
0.163993
0.164028
0.164072
0.164001
0.164034
0.164023
0.164090
0.164135
0.164129
0.164167
0.164015
0.164006
0.163961
0.163708
0.163662
0.163607
0.163563
0.163458
0.163460
0.163383
0.163341
0.163302
0.163399
0.163332
0.163325
0.163294
0.163296
0.163298
0.163276
0.163241
0.163241
0.163226
0.163226
0.163208
0.163268
0.163234
0.163166
0.163169
0.163189
0.163113
0.163113
0.163113
0.163113
0.163113
0.163078
0.163113
0.163118
0.163118
0.163043
0.163041
0.163041
0.163077
0.163041
0.163000
0.163037
0.163024
0.163044
0.163064
0.163064
0.163191
0.163184
0.163298
0.163341
0.163317
0.163350
0.163375
0.163421
0.163505
0.163467
0.163534
0.163531
0.163603
0.163571
0.163580
0.163661
0.163609
0.163609
0.163653
0.163690
0.163690
0.163690
0.163683
0.163769
0.163733
0.163733
0.163731
0.163733
0.163804
0.163804
0.163837
0.163873
0.163921
0.163921
0.163909
0.163917
0.163882
0.163882
0.163952
0.163890
0.163816
0.163816
0.163897
0.163897
0.163921
0.163635
0.163553
0.163446
0.163367
0.163323
0.163359
0.163386
0.163277
0.163277
0.163316
0.163251
0.163244
0.163204
0.163210
0.163210
0.163187
0.163220
0.163222
0.163208
0.163182
0.163216
0.163208
0.163208
0.163168
0.163132
0.163167
0.163132
0.163132
0.163089
0.163122
0.163084
0.163109
0.163114
0.163079
0.163079
0.163096
0.163096
0.163105
0.163138
0.163096
0.163096
0.163090
0.163043
0.163078
0.163078
0.163184
0.163245
0.163314
0.163308
0.163387
0.163387
0.163434
0.163491
0.163454
0.163501
0.163560
0.163560
0.163644
0.163677
0.163608
0.163677
0.163746
0.163711
0.163781
0.163743
0.163743
0.163743
0.163781
0.163828
0.163826
0.163826
0.163899
0.163884
0.163785
0.163812
0.163849
0.163770
0.163780
0.163828
0.163782
0.163783
0.163782
0.163783
0.163783
0.163813
0.163776
0.163846
0.163813
0.163813
0.163773
0.163760
0.163497
0.163450
0.163325
0.163269
0.163216
0.163216
0.163216
0.163174
0.163161
0.163161
0.163135
0.163135
0.163092
0.162986
0.163029
0.163003
0.162987
0.162950
0.162933
0.162933
0.162951
0.162904
0.162915
0.162960
0.162954
0.162916
0.163001
0.162955
0.162957
0.162922
0.162885
0.162885
0.162958
0.162958
0.162955
0.162951
0.162972
0.162976
0.163012
0.162976
0.162976
0.162976
0.162920
0.162920
0.162859
0.162993
0.163036
0.163127
0.163203
0.163210
0.163210
0.163332
0.163377
0.163401
0.163403
0.163405
0.163405
0.163454
0.163454
0.163454
0.163473
0.163473
0.163507
0.163556
0.163558
0.163628
0.163581
0.163528
0.163614
0.163641
0.163637
0.163652
0.163575
0.163608
0.163556
0.163552
0.163552
0.163508
0.163522
0.163549
0.163550
0.163583
0.163603
0.163603
0.163602
0.163602
0.163634
0.163595
0.163509
0.163509
0.163320
0.163271
0.163174
0.163126
0.163037
0.163036
0.162989
0.162923
0.162992
0.162939
0.162823
0.162856
0.162779
0.162729
0.162764
0.162725
0.162724
0.162724
0.162696
0.162696
0.162651
0.162651
0.162677
0.162667
0.162629
0.162695
0.162663
0.162705
0.162737
0.162737
0.162739
0.162697
0.162733
0.162744
0.162694
0.162689
0.162723
0.162691
0.162723
0.162685
0.162686
0.162676
0.162706
0.162739
0.162737
0.162737
0.162856
0.162944
0.162994
0.163043
0.163135
0.163135
0.163218
0.163228
0.163244
0.163207
0.163323
0.163323
0.163358
0.163384
0.163349
0.163396
0.163351
0.163388
0.163414
0.163414
0.163451
0.163451
0.163455
0.163542
0.163506
0.163469
0.163538
0.163538
0.163503
0.163571
0.163569
0.163497
0.163547
0.163542
0.163576
0.163542
0.163583
0.163583
0.163580
0.163580
0.163617
0.163615
0.163543
0.163543
0.163621
0.163321
0.163270
0.163192
0.163144
0.163037
0.163071
0.163021
0.162936
0.162972
0.162887
0.162838
0.162850
0.162802
0.162827
0.162848
0.162805
0.162838
0.162874
0.162833
0.162797
0.162797
0.162741
0.162681
0.162597
0.162597
0.162631
0.162595
0.162597
0.162648
0.162678
0.162678
0.162715
0.162715
0.162728
0.162728
0.162765
0.162765
0.162769
0.162841
0.162807
0.162807
0.162844
0.162844
0.162804
0.162838
0.163038
0.163095
0.163160
0.163245
0.163260
0.163260
0.163310
0.163360
0.163364
0.163414
0.163468
0.163468
0.163477
0.163477
0.163475
0.163559
0.163594
0.163597
0.163612
0.163612
0.163647
0.163612
0.163612
0.163662
0.163626
0.163626
0.163634
0.163634
0.163668
0.163668
0.163617
0.163648
0.163682
0.163732
0.163767
0.163767
0.163695
0.163695
0.163767
0.163767
0.163695
0.163713
0.163748
0.163677
0.163711
0.163711
0.163317
0.163303
0.163237
0.163153
0.163034
0.163034
0.163053
0.163035
0.162950
0.162950
0.162935
0.162969
0.162921
0.162921
0.162919
0.162876
0.162878
0.162843
0.162685
0.162748
0.162749
0.162749
0.162748
0.162698
0.162678
0.162678
0.162677
0.162699
0.162700
0.162699
0.162699
0.162699
0.162749
0.162749
0.162749
0.162749
0.162822
0.162785
0.162749
0.162717
0.162754
0.162718
0.162681
0.162681
0.162683
0.162883
0.162965
0.163102
0.163083
0.163133
0.163202
0.163277
0.163258
0.163206
0.163290
0.163340
0.163340
0.163390
0.163365
0.163365
0.163415
0.163415
0.163380
0.163430
0.163465
0.163430
0.163418
0.163421
0.163552
0.163552
0.163504
0.163504
0.163508
0.163508
0.163504
0.163445
0.163449
0.163419
0.163465
0.163502
0.163436
0.163492
0.163555
0.163555
0.163599
0.163599
0.163599
0.163599
0.163500
0.163500
0.163200
0.163149
0.163013
0.162963
0.162881
0.162881
0.162831
0.162781
0.162851
0.162846
0.162762
0.162728
0.162712
0.162676
0.162679
0.162546
0.162615
0.162580
0.162464
0.162498
0.162461
0.162461
0.162498
0.162485
0.162448
0.162458
0.162495
0.162495
0.162432
0.162432
0.162469
0.162425
0.162390
0.162477
0.162477
0.162477
0.162474
0.162474
0.162477
0.162477
0.162521
0.162521
0.162480
0.162443
0.162442
0.162442
0.162646
0.162704
0.162725
0.162808
0.162858
0.162893
0.162908
0.162958
0.163008
0.162974
0.163069
0.163069
0.163119
0.163083
0.163119
0.163139
0.163103
0.163103
0.163222
0.163178
0.163109
0.163109
0.163178
0.163226
0.163200
0.163152
0.163222
0.163186
0.163223
0.163223
0.163156
0.163156
0.163243
0.163243
0.163206
0.163206
0.163243
0.163274
0.163237
0.163237
0.163274
0.163274
0.163237
0.163237
0.163274
0.162974
0.162857
0.162757
0.162707
0.162657
0.162619
0.162569
0.162557
0.162557
0.162469
0.162419
0.162491
0.162441
0.162369
0.162369
0.162355
0.162355
0.162283
0.162270
0.162241
0.162239
0.162238
0.162275
0.162189
0.162189
0.162188
0.162187
0.162151
0.162131
0.162200
0.162167
0.162098
0.162098
0.162217
0.162217
0.162148
0.162148
0.162250
0.162222
0.162153
0.162187
0.162222
0.162222
0.162187
0.162187
0.162389
0.162404
0.162504
0.162556
0.162606
0.162606
0.162618
0.162668
0.162668
0.162751
0.162801
0.162801
0.162816
0.162851
0.162824
0.162874
0.162839
0.162839
0.162890
0.162928
0.162889
0.162889
0.162890
0.162940
0.162939
0.162939
0.162974
0.163007
0.162972
0.162972
0.163007
0.162936
0.162901
0.162951
0.162986
0.162988
0.162971
0.162971
0.162969
0.162907
0.162907
0.162907
0.162907
0.162907
0.162907
0.162907
0.162572
0.162557
0.162491
0.162441
0.162322
0.162359
0.162378
0.162328
0.162172
0.162172
0.162191
0.162191
0.162072
0.162034
0.162103
0.162053
0.161984
0.162017
0.162003
0.162003
0.162005
0.162005
0.162014
0.161964
0.161928
0.161891
0.161890
0.161927
0.161891
0.161891
0.161890
0.161927
0.161941
0.161941
0.161940
0.161977
0.161978
0.161946
0.162023
0.162059
0.161946
0.161941
0.161903
0.161937
0.161903
0.162103
0.162115
0.162289
0.162306
0.162356
0.162317
0.162449
0.162505
0.162538
0.162503
0.162590
0.162625
0.162626
0.162554
0.162591
0.162651
0.162651
0.162578
0.162665
0.162701
0.162701
0.162628
0.162640
0.162800
0.162800
0.162728
0.162728
0.162800
0.162762
0.162678
0.162678
0.162751
0.162751
0.162762
0.162724
0.162763
0.162727
0.162769
0.162736
0.162812
0.162776
0.162773
0.162773
0.162776
0.162739
0.162392
0.162374
0.162277
0.162261
0.162174
0.162174
0.162161
0.162111
0.162086
0.162036
0.162060
0.162060
0.161973
0.161973
0.162010
0.161923
0.161842
0.161874
0.161861
0.161861
0.161824
0.161824
0.161861
0.161778
0.161786
0.161786
0.161835
0.161835
0.161832
0.161832
0.161835
0.161798
0.161757
0.161763
0.161763
0.161799
0.161796
0.161796
0.161763
0.161810
0.161807
0.161807
0.161812
0.161882
0.161845
0.161845
0.162046
0.162058
0.162157
0.162163
0.162214
0.162214
0.162263
0.162313
0.162364
0.162408
0.162457
0.162495
0.162546
0.162546
0.162545
0.162595
0.162596
0.162558
0.162607
0.162563
0.162532
0.162532
0.162565
0.162581
0.162649
0.162649
0.162681
0.162719
0.162686
0.162686
0.162719
0.162719
0.162736
0.162699
0.162731
0.162709
0.162632
0.162632
0.162665
0.162709
0.162677
0.162696
0.162695
0.162732
0.162734
0.162434
0.162382
0.162282
0.162234
0.162184
0.162123
0.162073
0.161979
0.161987
0.161973
0.161923
0.161924
0.161835
0.161892
0.161930
0.161881
0.161812
0.161848
0.161798
0.161831
0.161795
0.161770
0.161770
0.161685
0.161685
0.161754
0.161720
0.161685
0.161685
0.161754
0.161814
0.161712
0.161712
0.161832
0.161832
0.161762
0.161773
0.161804
0.161804
0.161735
0.161735
0.161804
0.161804
0.161710
0.161727
0.161997
0.162084
0.162139
0.162189
0.162274
0.162274
0.162267
0.162317
0.162347
0.162397
0.162411
0.162411
0.162497
0.162497
0.162461
0.162511
0.162547
0.162552
0.162567
0.162567
0.162573
0.162573
0.162526
0.162576
0.162614
0.162614
0.162578
0.162578
0.162614
0.162614
0.162578
0.162578
0.162614
0.162669
0.162633
0.162633
0.162703
0.162703
0.162633
0.162633
0.162697
0.162697
0.162628
0.162628
0.162697
0.162697
0.162328
0.162278
0.162215
0.162203
0.162083
0.162083
0.162103
0.162053
0.161933
0.161933
0.161915
0.161947
0.161828
0.161862
0.161897
0.161847
0.161812
0.161812
0.161765
0.161803
0.161767
0.161767
0.161803
0.161753
0.161717
0.161717
0.161715
0.161747
0.161712
0.161712
0.161747
0.161747
0.161762
0.161762
0.161765
0.161803
0.161767
0.161767
0.161803
0.161803
0.161767
0.161767
0.161765
0.161797
0.161762
0.161927
0.162012
0.162112
0.162127
0.162177
0.162180
0.162268
0.162282
0.162282
0.162368
0.162418
0.162382
0.162432
0.162464
0.162462
0.162477
0.162477
0.162546
0.162596
0.162527
0.162527
0.162564
0.162602
0.162582
0.162582
0.162652
0.162652
0.162582
0.162582
0.162577
0.162646
0.162577
0.162577
0.162660
0.162696
0.162627
0.162627
0.162627
0.162665
0.162632
0.162632
0.162665
0.162665
0.162632
0.162666
0.162627
0.162360
0.162311
0.162211
0.162160
0.162110
0.162111
0.162061
0.161977
0.161965
0.161941
0.161891
0.161890
0.161840
0.161841
0.161841
0.161752
0.161785
0.161786
0.161736
0.161701
0.161701
0.161702
0.161702
0.161619
0.161656
0.161658
0.161658
0.161656
0.161656
0.161658
0.161658
0.161619
0.161701
0.161702
0.161702
0.161701
0.161701
0.161702
0.161702
0.161669
0.161672
0.161673
0.161673
0.161672
0.161872
0.161923
0.162023
0.162034
0.162117
0.162118
0.162168
0.162217
0.162217
0.162268
0.162318
0.162284
0.162372
0.162373
0.162373
0.162422
0.162422
0.162423
0.162473
0.162468
0.162467
0.162446
0.162446
0.162479
0.162529
0.162496
0.162518
0.162518
0.162556
0.162523
0.162523
0.162556
0.162556
0.162573
0.162573
0.162568
0.162579
0.162546
0.162546
0.162601
0.162601
0.162569
0.162590
0.162590
0.162628
0.162595
0.162595
0.162328
0.162278
0.162145
0.162095
0.162019
0.162051
0.161969
0.161919
0.161901
0.161901
0.161819
0.161819
0.161790
0.161828
0.161795
0.161745
0.161778
0.161778
0.161695
0.161695
0.161669
0.161701
0.161669
0.161652
0.161651
0.161651
0.161619
0.161652
0.161619
0.161678
0.161645
0.161679
0.161728
0.161728
0.161729
0.161708
0.161669
0.161701
0.161702
0.161702
0.161701
0.161701
0.161702
0.161702
0.161869
0.161957
0.162079
0.162129
0.162178
0.162178
0.162229
0.162221
0.162219
0.162301
0.162352
0.162316
0.162401
0.162401
0.162402
0.162416
0.162419
0.162457
0.162508
0.162471
0.162507
0.162474
0.162475
0.162488
0.162486
0.162518
0.162520
0.162483
0.162518
0.162518
0.162520
0.162483
0.162486
0.162574
0.162575
0.162538
0.162539
0.162574
0.162575
0.162538
0.162533
0.162568
0.162570
0.162533
0.162533
0.162568
0.162570
0.162233
0.162183
0.162124
0.162075
0.161988
0.161989
0.161974
0.161925
0.161838
0.161833
0.161818
0.161820
0.161733
0.161733
0.161768
0.161720
0.161683
0.161683
0.161674
0.161675
0.161638
0.161639
0.161674
0.161625
0.161588
0.161583
0.161618
0.161620
0.161583
0.161583
0.161618
0.161620
0.161633
0.161631
0.161671
0.161673
0.161636
0.161636
0.161671
0.161673
0.161636
0.161631
0.161666
0.161667
0.161806
0.161856
0.161992
0.162043
0.162056
0.162056
0.162147
0.162198
0.162162
0.162212
0.162297
0.162298
0.162312
0.162306
0.162342
0.162393
0.162356
0.162356
0.162442
0.162443
0.162406
0.162406
0.162447
0.162498
0.162462
0.162462
0.162497
0.162498
0.162462
0.162490
0.162492
0.162493
0.162456
0.162540
0.162542
0.162543
0.162506
0.162540
0.162547
0.162548
0.162512
0.162546
0.162547
0.162548
0.162512
0.162540
0.162542
0.162243
0.162156
0.162090
0.162076
0.161993
0.161956
0.161940
0.161931
0.161848
0.161812
0.161796
0.161831
0.161748
0.161712
0.161740
0.161726
0.161693
0.161656
0.161640
0.161676
0.161643
0.161606
0.161640
0.161631
0.161598
0.161562
0.161596
0.161631
0.161598
0.161562
0.161590
0.161626
0.161643
0.161606
0.161640
0.161676
0.161643
0.161606
0.161640
0.161681
0.161648
0.161612
0.161646
0.161681
0.161848
0.161862
0.161990
