1.452715
1.284183
1.127857
1.020957
0.964789
0.943697
0.939595
0.939707
0.939764
0.939074
0.938037
0.936945
0.936247
0.935629
0.935262
0.935035
0.934790
0.934502
0.934108
0.933623
0.933084
0.932519
0.931952
0.931392
0.930646
0.929962
0.929292
0.928499
0.928073
0.927728
0.927596
0.927434
0.927171
0.926809
0.926154
0.925441
0.924601
0.923366
0.922018
0.920681
0.919437
0.918074
0.916823
0.915517
0.914400
0.913218
0.912057
0.910649
0.909540
0.908234
0.907092
0.905853
0.904634
0.903180
0.902033
0.900610
0.899237
0.898174
0.896832
0.895513
0.894278
0.892989
0.891691
0.890488
0.889265
0.887959
0.886778
0.885426
0.884098
0.882715
0.881469
0.880283
0.878952
0.877602
0.876304
0.875005
0.873380
0.872050
0.870450
0.869121
0.867858
0.866383
0.865018
0.863772
0.862250
0.860462
0.859070
0.857636
0.856011
0.854721
0.853186
0.851516
0.850049
0.848854
0.847078
0.845372
0.843880
0.842134
0.840189
0.838585
0.836564
0.834965
0.833096
0.831585
0.829663
0.827778
0.826107
0.824288
0.822540
0.820935
0.818974
0.817319
0.815402
0.813614
0.811650
0.809867
0.807833
0.805884
0.803767
0.801690
0.799633
0.797271
0.794546
0.791936
0.789179
0.786806
0.784262
0.781899
0.779513
0.777312
0.775227
0.773316
0.771582
0.769563
0.767672
0.765746
0.763927
0.761959
0.760481
0.758567
0.756736
0.754553
0.752504
0.750503
0.748633
0.746602
0.744753
0.742661
0.740785
0.738984
0.737056
0.735271
0.733379
0.731535
0.729602
0.727658
0.725782
0.723940
0.721902
0.719954
0.717954
0.716181
0.714240
0.712652
0.710974
0.709339
0.707823
0.706376
0.705040
0.703482
0.701783
0.700058
0.698386
0.696607
0.694955
0.693337
0.691735
0.690000
0.688376
0.686495
0.684621
0.682559
0.680572
0.678751
0.676958
0.675132
0.673258
0.671404
0.669558
0.667873
0.665744
0.664003
0.662232
0.660345
0.658304
0.656690
0.654889
0.653023
0.651447
0.649558
0.647601
0.645924
0.644343
0.642571
0.640835
0.639198
0.637529
0.635722
0.633816
0.632196
0.630652
0.628715
0.626961
0.625193
0.623616
0.621774
0.619771
0.617864
0.616274
0.614680
0.612665
0.610655
0.608944
0.607186
0.605763
0.603785
0.601891
0.600101
0.598482
0.596744
0.594849
0.592722
0.590499
0.588770
0.586901
0.585200
0.583109
0.581131
0.578942
0.576981
0.575089
0.573327
0.571116
0.569106
0.566771
0.564874
0.563010
0.561182
0.558942
0.556530
0.554360
0.552272
0.550345
0.548435
0.546050
0.543705
0.541445
0.539314
0.537013
0.534993
0.532746
0.530544
0.528411
0.526268
0.524161
0.521811
0.519384
0.517230
0.514973
0.512764
0.510569
0.508299
0.506170
0.503855
0.501684
0.499597
0.497537
0.495513
0.493175
0.490876
0.488673
0.486529
0.484404
0.482155
0.480156
0.478104
0.475782
0.473812
0.471706
0.469751
0.467746
0.465674
0.463871
0.461942
0.459920
0.458026
0.456075
0.454182
0.452398
0.450557
0.448787
0.446975
0.445135
0.443416
0.441556
0.439685
0.437991
0.436248
0.434776
0.432966
0.431354
0.429628
0.427922
0.426318
0.424800
0.423026
0.421341
0.419744
0.418224
0.416803
0.415273
0.413861
0.412401
0.410998
0.409725
0.408263
0.407028
0.405811
0.404699
0.403548
0.402480
0.401285
0.400316
0.399202
0.398165
0.397143
0.396099
0.395069
0.394095
0.393127
0.392129
0.391062
0.390208
0.389409
0.388449
0.387569
0.386816
0.385845
0.385098
0.384325
0.383223
0.382487
0.381724
0.380842
0.380075
0.379379
0.378569
0.377792
0.377039
0.376239
0.375405
0.374615
0.373922
0.373095
0.372364
0.371501
0.370760
0.370073
0.369342
0.368610
0.367871
0.367258
0.366354
0.365619
0.364881
0.364205
0.363378
0.362599
0.361940
0.361123
0.360376
0.359478
0.358745
0.357891
0.357102
0.356454
0.355628
0.354789
0.354013
0.353222
0.352383
0.351624
0.350797
0.350096
0.349139
0.348491
0.347567
0.346815
0.345827
0.345067
0.344184
0.343243
0.342347
0.341317
0.340516
0.339463
0.338523
0.337519
0.336707
0.335856
0.334958
0.334032
0.333050
0.332165
0.331186
0.330379
0.329595
0.328702
0.327905
0.327153
0.326198
0.325373
0.324610
0.323871
0.323107
0.322191
0.321468
0.320670
0.319842
0.319232
0.318458
0.317654
0.316913
0.316166
0.315632
0.314956
0.314262
0.313570
0.313075
0.312355
0.311714
0.311110
0.310544
0.309793
0.309153
0.308622
0.308009
0.307384
0.306925
0.306415
0.305860
0.305449
0.304881
0.304393
0.303855
0.303105
0.302585
0.302142
0.301675
0.301151
0.300684
0.300299
0.299774
0.299370
0.298963
0.298591
0.298300
0.297742
0.297270
0.296931
0.296508
0.296090
0.295740
0.295311
0.295007
0.294563
0.294069
0.293809
0.293338
0.293072
0.292580
0.292239
0.291874
0.291470
0.291056
0.290671
0.290340
0.290086
0.289733
0.289373
0.289201
0.288729
0.288401
0.288087
0.287769
0.287482
0.287116
0.286859
0.286518
0.286238
0.285857
0.285509
0.285293
0.285083
0.284980
0.284775
0.284696
0.284622
0.284626
0.284391
0.284342
0.284373
0.284202
0.284088
0.284031
0.283894
0.283912
0.283820
0.283723
0.283653
0.283558
0.283550
0.283601
0.283437
0.283426
0.283334
0.283341
0.283197
0.283181
0.283117
0.283139
0.283109
0.283064
0.282974
0.282988
0.283021
0.282819
0.282821
0.282815
0.282609
0.282646
0.282552
0.282556
0.282430
0.282566
0.282466
0.282418
0.282321
0.282341
0.282131
0.282113
0.282065
0.281960
0.281856
0.281877
0.281719
0.281608
0.281580
0.281538
0.281367
0.281201
0.281117
0.281097
0.280951
0.280806
0.280540
0.280398
0.280213
0.279920
0.279607
0.279297
0.279011
0.278657
0.278375
0.278068
0.277674
0.277361
0.277048
0.276695
0.276508
0.276099
0.275865
0.275416
0.275166
0.274877
0.274541
0.274231
0.273795
0.273652
0.273296
0.272926
0.272539
0.272247
0.271809
0.271620
0.271323
0.271040
0.270643
0.270344
0.270021
0.269682
0.269437
0.269103
0.268814
0.268465
0.268114
0.267891
0.267614
0.267211
0.266949
0.266721
0.266380
0.266159
0.265791
0.265455
0.265294
0.264932
0.264677
0.264425
0.264067
0.263777
0.263581
0.263311
0.262965
0.262778
0.262584
0.262240
0.261998
0.261766
0.261402
0.261178
0.260983
0.260677
0.260372
0.260169
0.259907
0.259745
0.259527
0.259164
0.259012
0.258785
0.258472
0.258328
0.258101
0.257800
0.257603
0.257411
0.257148
0.256871
0.256728
0.256496
0.256250
0.256061
0.255826
0.255682
0.255588
0.255240
0.255035
0.254905
0.254646
0.254466
0.254263
0.254073
0.253933
0.253822
0.253617
0.253264
0.253169
0.252972
0.252707
0.252536
0.252315
0.252218
0.252043
0.251755
0.251673
0.251567
0.251296
0.251130
0.250934
0.250747
0.250478
0.250347
0.250072
0.249992
0.249786
0.249628
0.249418
0.249221
0.248971
0.248888
0.248742
0.248613
0.248523
0.248323
0.248109
0.247895
0.247711
0.247562
0.247416
0.247240
0.247165
0.247038
0.246876
0.246702
0.246479
0.246292
0.246162
0.245944
0.245785
0.245698
0.245460
0.245408
0.245241
0.245114
0.244982
0.244825
0.244612
0.244523
0.244409
0.244268
0.244100
0.243944
0.243879
0.243714
0.243651
0.243463
0.243328
0.243251
0.243124
0.243023
0.242934
0.242751
0.242565
0.242489
0.242325
0.242305
0.242198
0.242074
0.241965
0.241868
0.241745
0.241654
0.241441
0.241365
0.241370
0.241253
0.241128
0.241010
0.240803
0.240813
0.240715
0.240638
0.240630
0.240488
0.240475
0.240386
0.240237
0.240106
0.239994
0.239948
0.239887
0.239788
0.239723
0.239611
0.239568
0.239457
0.239417
0.239307
0.239095
0.238986
0.238940
0.238940
0.238877
0.238654
0.238611
0.238567
0.238585
0.238473
0.238361
0.238277
0.238188
0.238126
0.238091
0.237986
0.237873
0.237855
0.237769
0.237681
0.237614
0.237542
0.237519
0.237488
0.237424
0.237319
0.237345
0.237326
0.237215
0.237214
0.237079
0.237005
0.236975
0.236931
0.236913
0.236824
0.236735
0.236649
0.236571
0.236613
0.236529
0.236484
0.236385
0.236376
0.236233
0.236089
0.235964
0.235944
0.235947
0.235901
0.235882
0.235824
0.235687
0.235724
0.235684
0.235620
0.235510
0.235483
0.235479
0.235452
0.235366
0.235314
0.235249
0.235275
0.235229
0.235212
0.235135
0.235178
0.235106
0.235091
0.235013
0.234973
0.234900
0.234932
0.234854
0.234847
0.234724
0.234726
0.234684
0.234703
0.234656
0.234566
0.234510
0.234488
0.234429
0.234436
0.234419
0.234320
0.234320
0.234239
0.234219
0.234131
0.234094
0.234064
0.234064
0.234016
0.234034
0.234036
0.233981
0.233954
0.233909
0.233820
0.233820
0.233802
0.233863
0.233771
0.233893
0.233776
0.233684
0.233673
0.233670
0.233620
0.233562
0.233632
0.233551
0.233538
0.233489
0.233489
0.233460
0.233460
0.233423
0.233402
0.233408
0.233368
0.233368
0.233254
0.233304
0.233276
0.233276
0.233195
0.233127
0.233046
0.233095
0.233095
0.233118
0.233035
0.233001
0.233036
0.232996
0.232954
0.232942
0.232892
0.233010
0.232994
0.232992
0.232923
0.232881
0.232806
0.232806
0.232763
0.232763
0.232724
0.232717
0.232634
0.232683
0.232683
0.232724
0.232723
0.232603
0.232563
0.232560
0.232560
0.232585
0.232585
0.232539
0.232502
0.232419
0.232431
0.232480
0.232480
0.232441
0.232448
0.232357
0.232319
0.232359
0.232349
0.232399
0.232399
0.232354
0.232334
0.232254
0.232217
0.232217
0.232204
0.232154
0.232159
0.232159
0.232141
0.232129
0.232165
0.232150
0.232150
0.232071
0.232071
0.232035
0.232052
0.232052
0.232052
0.232052
0.232010
0.232035
0.232026
0.232056
0.232071
0.232071
0.232071
0.232019
0.232028
0.232028
0.232028
0.231979
0.231942
0.231942
0.231908
0.231856
0.231806
0.231880
0.231901
0.231901
0.231901
0.231939
0.231897
0.231863
0.231863
0.231898
0.231898
0.231898
0.231837
0.231837
0.231847
0.231803
0.231838
0.231823
0.231823
0.231823
0.231856
0.231898
0.231781
0.231731
0.231700
0.231700
0.231700
0.231639
0.231629
0.231629
0.231629
0.231621
0.231658
0.231608
0.231553
0.231553
0.231520
0.231520
0.231485
0.231485
0.231485
0.231485
0.231545
0.231560
0.231560
0.231560
0.231527
0.231490
0.231490
0.231528
0.231528
0.231520
0.231520
0.231470
0.231508
0.231476
0.231513
0.231510
0.231464
0.231440
0.231435
0.231436
0.231441
0.231404
0.231375
0.231294
0.231244
0.231244
0.231236
0.231292
0.231270
0.231270
0.231270
0.231192
0.231147
0.231182
0.231147
0.231147
0.231141
0.231086
0.231086
0.231086
0.231067
0.231085
0.231124
0.231048
0.231004
0.231004
0.231004
0.230927
0.230963
0.230909
0.230909
0.230909
0.230868
0.230868
0.230868
0.230766
0.230733
0.230689
0.230689
0.230689
0.230729
0.230763
0.230678
0.230699
0.230682
0.230719
0.230719
0.230717
0.230667
0.230634
0.230634
0.230634
0.230609
0.230529
0.230479
0.230461
0.230483
0.230516
0.230518
0.230518
0.230518
0.230494
0.230461
0.230461
0.230461
0.230498
0.230498
0.230547
0.230485
0.230433
0.230476
0.230434
0.230385
0.230421
0.230371
0.230375
0.230424
0.230424
0.230451
0.230451
0.230440
0.230440
0.230390
0.230390
0.230341
0.230341
0.230341
0.230341
0.230342
0.230292
0.230292
0.230299
0.230303
0.230338
0.230338
0.230338
0.230331
0.230331
0.230331
0.230331
0.230331
0.230322
0.230322
0.230323
0.230273
0.230208
0.230259
0.230254
0.230254
0.230254
0.230254
0.230212
0.230162
0.230162
0.230162
0.230146
0.230146
0.230147
0.230147
0.230106
0.230144
0.230089
0.230110
0.230084
0.230084
0.230084
0.230084
0.230084
0.230084
0.230084
0.230071
0.230072
0.230035
0.230074
0.230088
0.230088
0.230088
0.230088
0.230088
0.230039
0.230039
0.230039
0.230076
0.230076
0.230077
0.230077
0.230075
0.230092
0.230092
0.230042
0.230042
0.230042
0.230005
0.230005
0.230042
0.230042
0.230042
0.230001
0.230002
0.229910
0.229888
0.229893
0.229893
0.229893
0.229893
0.229893
0.229893
0.229893
0.229893
0.229893
0.229893
0.229846
0.229846
0.229867
0.229894
0.229894
0.229894
0.229894
0.229894
0.229889
0.229889
0.229889
0.229891
0.229842
0.229842
0.229842
0.229865
0.229865
0.229829
0.229829
0.229829
0.229829
0.229827
0.229827
0.229827
0.229829
0.229779
0.229779
0.229730
0.229755
0.229755
0.229755
0.229845
0.229845
0.229845
0.229845
0.229845
0.229845
0.229846
0.229796
0.229796
0.229832
0.229823
0.229823
0.229823
0.229823
0.229818
0.229818
0.229779
0.229806
0.229807
0.229807
0.229883
0.229883
0.229834
0.229862
0.229862
0.229862
0.229862
0.229827
0.229827
0.229827
0.229828
0.229828
0.229863
0.229863
0.229863
0.229863
0.229893
0.229843
0.229804
0.229804
0.229809
0.229809
0.229809
0.229809
0.229810
0.229810
0.229810
0.229810
0.229810
0.229810
0.229810
0.229810
0.229760
0.229765
0.229765
0.229769
0.229800
0.229762
0.229766
0.229727
0.229700
0.229764
0.229799
0.229734
0.229701
0.229739
0.229739
0.229689
0.229716
0.229716
0.229716
0.229738
0.229765
0.229776
0.229776
0.229776
0.229776
0.229776
0.229739
0.229739
0.229712
0.229712
0.229613
0.229659
0.229659
0.229657
0.229657
0.229641
0.229603
0.229604
0.229604
0.229604
0.229546
0.229541
0.229541
0.229547
0.229497
0.229497
0.229509
0.229509
0.229509
0.229509
0.229471
0.229471
0.229471
0.229471
0.229471
0.229471
0.229433
0.229433
0.229471
0.229421
0.229421
0.229448
0.229414
0.229385
0.229322
0.229322
0.229322
0.229322
0.229322
0.229322
0.229322
0.229322
0.229322
0.229322
0.229322
0.229322
0.229269
0.229310
0.229274
0.229274
0.229274
0.229274
0.229237
0.229237
0.229212
0.229212
0.229253
0.229253
0.229253
0.229253
0.229253
0.229253
0.229255
0.229219
0.229179
0.229179
0.229179
0.229211
0.229249
0.229249
0.229249
0.229249
0.229217
0.229217
0.229217
0.229217
0.229244
0.229235
0.229235
0.229235
0.229209
0.229216
0.229166
0.229194
0.229194
0.229194
0.229168
0.229125
0.229174
0.229174
0.229174
0.229204
0.229204
0.229204
0.229237
0.229238
0.229234
0.229234
0.229234
0.229200
0.229150
0.229118
0.229118
0.229118
0.229118
0.229092
0.229092
0.229092
0.229126
0.229126
0.229126
0.229126
0.229126
0.229126
0.229126
0.229126
0.229011
0.229011
0.229011
0.229011
0.229011
0.229045
0.229045
0.229045
0.229013
0.229013
0.229013
0.229013
0.228988
0.228988
0.229017
0.228934
0.228966
0.228935
0.228935
0.228969
0.228938
0.228938
0.228976
0.228976
0.228951
0.228951
0.228951
0.228951
0.228951
0.228901
0.228901
0.228901
0.228901
0.228901
0.228901
0.228873
0.228873
0.228873
0.228873
0.228835
0.228835
0.228876
0.228826
0.228826
0.228826
0.228826
0.228826
0.228826
0.228826
0.228826
0.228826
0.228821
0.228821
0.228821
0.377610
0.517127
0.564420
0.526506
0.474290
0.535290
0.705135
0.904004
1.089167
1.271663
1.463970
1.652384
1.816828
1.941472
2.020048
2.054342
2.055887
2.039347
2.017176
1.997297
1.986754
1.983946
1.988614
1.996294
2.003883
2.008154
2.005498
1.998560
1.987743
1.975767
1.965633
1.958291
1.953995
1.954215
1.956660
1.961303
1.965464
1.968769
1.970679
1.970973
1.971514
1.971107
1.970897
1.971061
1.972821
1.975118
1.978701
1.981398
1.984853
1.988096
1.989943
2.102603
2.200103
2.200227
2.089996
1.900135
1.679529
1.467272
1.284408
1.132851
1.008163
0.906298
0.824246
0.764954
0.736228
0.747418
0.803347
0.985815
1.273107
1.594303
1.876412
2.082447
2.205914
2.261571
2.277966
2.294843
2.345852
2.437041
2.479604
2.447859
2.359001
2.208074
1.997352
1.868039
1.767695
1.675852
1.605182
1.553857
1.513901
1.488583
1.477943
1.470933
1.470539
1.459163
1.437934
1.414919
1.392914
1.377386
1.373093
1.380090
1.397728
1.421161
1.451409
1.487044
1.522357
1.542767
1.554432
1.558265
1.554727
1.547232
1.534647
1.517471
1.498849
1.490829
1.483858
1.477154
1.471248
1.467027
1.463626
1.459491
1.453962
1.448081
1.442517
1.436603
1.431510
1.425840
1.420585
1.415875
1.411379
1.406834
1.402301
1.398463
1.395084
1.391839
1.388686
1.385923
1.382951
1.379910
1.376524
1.373720
1.370724
1.367807
1.364932
1.361929
1.359060
1.356478
1.353974
1.351325
1.348458
1.346067
1.343316
1.340810
1.338011
1.335323
1.332488
1.329722
1.326757
1.324168
1.321723
1.319514
1.317295
1.315347
1.313427
1.311224
1.308450
1.305717
1.302843
1.300008
1.297293
1.294911
1.292130
1.289667
1.286977
1.283785
1.280626
1.277223
1.273872
1.270557
1.267127
1.263542
1.260190
1.256717
1.253225
1.249716
1.246388
1.242705
1.238905
1.235140
1.231487
1.227611
1.223757
1.219988
1.215993
1.212116
1.208317
1.204704
1.200946
1.197308
1.193178
1.189356
1.185241
1.181193
1.177275
1.173291
1.169539
1.165426
1.161265
1.157306
1.153276
1.149082
1.145025
1.140753
1.136664
1.132756
1.128972
1.125361
1.121694
1.118014
1.114419
1.110872
1.107494
1.104232
1.100880
1.097527
1.094265
1.090932
1.087283
1.083483
1.079432
1.075649
1.071689
1.067801
1.063951
1.060105
1.056322
1.052890
1.049255
1.045870
1.042566
1.039397
1.036383
1.033244
1.030221
1.027312
1.024247
1.021332
1.018481
1.015699
1.012811
1.010471
1.007756
1.005159
1.002358
0.999759
0.996762
0.993970
0.990768
0.987745
0.984802
0.982014
0.979025
0.976316
0.973492
0.970571
0.967690
0.964990
0.962218
0.959386
0.956683
0.953903
0.951009
0.948293
0.945491
0.942761
0.939939
0.937077
0.934581
0.931739
0.929013
0.926266
0.923796
0.921169
0.918758
0.916136
0.913623
0.911340
0.908904
0.906331
0.903908
0.901332
0.898733
0.896031
0.893276
0.890356
0.887607
0.884828
0.882023
0.879157
0.876405
0.873394
0.870979
0.867953
0.865093
0.862110
0.859227
0.856231
0.853287
0.850146
0.847236
0.844328
0.841255
0.837992
0.834742
0.831550
0.828521
0.825259
0.821721
0.818529
0.815001
0.811402
0.808102
0.804358
0.801015
0.797192
0.793611
0.790007
0.786183
0.782467
0.778752
0.775021
0.771109
0.767180
0.763462
0.759434
0.755277
0.751270
0.747403
0.743233
0.739635
0.735567
0.731592
0.727774
0.723699
0.719744
0.715662
0.711383
0.707332
0.703282
0.699249
0.695334
0.691185
0.687119
0.682748
0.678617
0.674529
0.670428
0.666396
0.662312
0.658071
0.653855
0.649642
0.645512
0.641529
0.637345
0.633205
0.628996
0.624814
0.620690
0.616654
0.612645
0.608533
0.604473
0.600511
0.596683
0.592817
0.589157
0.585520
0.581597
0.578053
0.574663
0.571023
0.567291
0.563702
0.560079
0.556628
0.553212
0.549562
0.546224
0.542917
0.539500
0.536141
0.532721
0.529460
0.526275
0.522823
0.519560
0.516308
0.513223
0.510147
0.507414
0.504556
0.501848
0.498582
0.495557
0.492622
0.489664
0.486697
0.483688
0.480793
0.477850
0.474812
0.471777
0.468844
0.465987
0.462860
0.460104
0.457221
0.454400
0.451529
0.448763
0.445901
0.443134
0.440554
0.437921
0.435199
0.432441
0.429763
0.427016
0.424366
0.421566
0.418934
0.416212
0.413679
0.411013
0.408423
0.405711
0.403101
0.400545
0.397989
0.395493
0.393017
0.390367
0.387593
0.384899
0.382136
0.379462
0.376852
0.374042
0.371418
0.368794
0.366044
0.363291
0.360426
0.357910
0.354967
0.352186
0.349198
0.346293
0.343546
0.340527
0.337633
0.334592
0.331714
0.328643
0.325729
0.322643
0.319627
0.316673
0.313464
0.310454
0.307208
0.304337
0.301357
0.298520
0.295593
0.292861
0.289822
0.286864
0.283935
0.280947
0.278090
0.275157
0.272299
0.269329
0.266404
0.263653
0.260976
0.257997
0.255392
0.252613
0.250099
0.247585
0.244848
0.242209
0.239608
0.236995
0.234313
0.231885
0.229273
0.226752
0.224305
0.221791
0.219478
0.217412
0.215239
0.213222
0.210943
0.208639
0.206362
0.204247
0.201981
0.199760
0.197574
0.195469
0.193481
0.191586
0.189384
0.187323
0.185504
0.183367
0.181571
0.179581
0.177788
0.175910
0.174011
0.172186
0.170465
0.168709
0.167192
0.165455
0.163900
0.162218
0.160574
0.159111
0.157587
0.156174
0.154850
0.153343
0.151834
0.150545
0.149185
0.147747
0.146428
0.145085
0.143688
0.142307
0.141082
0.139718
0.138632
0.137544
0.136280
0.135256
0.134072
0.132872
0.131856
0.130611
0.129689
0.128523
0.127597
0.126470
0.125513
0.124546
0.123736
0.122729
0.121803
0.120901
0.119901
0.118979
0.118106
0.117270
0.116324
0.115712
0.114875
0.114099
0.113336
0.112571
0.112019
0.111236
0.110484
0.109771
0.109054
0.108571
0.107798
0.107143
0.106385
0.105959
0.105261
0.104452
0.103816
0.103334
0.102777
0.101982
0.101556
0.100808
0.100326
0.099789
0.099055
0.098482
0.097648
0.097138
0.096367
0.095831
0.094776
0.094203
0.093478
0.092861
0.092167
0.091736
0.091034
0.090620
0.090094
0.089697
0.089217
0.088762
0.088489
0.088013
0.087865
0.087333
0.086759
0.086594
0.086116
0.085875
0.085351
0.084977
0.084624
0.084166
0.083861
0.083385
0.082988
0.082577
0.082120
0.081791
0.081393
0.081056
0.080597
0.080280
0.079900
0.079654
0.079161
0.078927
0.078449
0.078280
0.077985
0.077630
0.077309
0.076918
0.076549
0.076261
0.075927
0.075443
0.075150
0.074798
0.074604
0.074223
0.073932
0.073489
0.073325
0.073056
0.072719
0.072432
0.072149
0.071880
0.071550
0.071388
0.070849
0.070713
0.070490
0.070018
0.069795
0.069522
0.069260
0.068996
0.068717
0.068473
0.068112
0.067842
0.067670
0.067359
0.067008
0.066801
0.066444
0.066313
0.065892
0.065486
0.065343
0.065214
0.064886
0.064629
0.064456
0.064008
0.063845
0.063529
0.063285
0.063103
0.062817
0.062478
0.062246
0.062057
0.061777
0.061532
0.061174
0.060933
0.060646
0.060319
0.060104
0.059787
0.059533
0.059406
0.059102
0.058864
0.058637
0.058381
0.058052
0.057769
0.057617
0.057325
0.057097
0.056777
0.056538
0.056408
0.056194
0.055958
0.055677
0.055474
0.055271
0.055045
0.054752
0.054528
0.054220
0.054020
0.053699
0.053572
0.053332
0.053157
0.053040
0.052763
0.052543
0.052336
0.052045
0.051904
0.051628
0.051513
0.051291
0.051082
0.050983
0.050651
0.050441
0.050252
0.050164
0.049880
0.049700
0.049412
0.049270
0.048937
0.048780
0.048723
0.048552
0.048256
0.048091
0.047940
0.047774
0.047576
0.047380
0.047194
0.046945
0.046781
0.046599
0.046500
0.046275
0.046178
0.045898
0.045702
0.045674
0.045448
0.045181
0.045043
0.044898
0.044743
0.044513
0.044327
0.044150
0.044021
0.043896
0.043676
0.043541
0.043327
0.043210
0.043173
0.042946
0.042793
0.042795
0.042525
0.042359
0.042242
0.042177
0.041896
0.041612
0.041560
0.041487
0.041298
0.041257
0.041139
0.041018
0.040863
0.040709
0.040617
0.040649
0.040285
0.040246
0.040181
0.039932
0.039957
0.039695
0.039646
0.039503
0.039313
0.039303
0.039154
0.039127
0.038946
0.038886
0.038898
0.038731
0.038572
0.038397
0.038266
0.038216
0.038144
0.037996
0.037921
0.037893
0.037814
0.037790
0.037624
0.037582
0.037420
0.037281
0.037309
0.037186
0.037024
0.036894
0.036946
0.036840
0.036773
0.036684
0.036537
0.036536
0.036545
0.036380
0.036365
0.036219
0.036228
0.036112
0.036028
0.035900
0.035931
0.035825
0.035707
0.035774
0.035727
0.035620
0.035488
0.035469
0.035311
0.035375
0.035185
0.035200
0.035185
0.035169
0.035180
0.035149
0.035090
0.034842
0.034891
0.034751
0.034711
0.034763
0.034562
0.034631
0.034610
0.034560
0.034564
0.034407
0.034396
0.034353
0.034222
0.034147
0.034051
0.034115
0.034034
0.034011
0.033890
0.033918
0.033908
0.033709
0.033677
0.033675
0.033675
0.033741
0.033663
0.033593
0.033503
0.033494
0.033462
0.033373
0.033288
0.033325
0.033333
0.033260
0.033239
0.033160
0.033144
0.033144
0.033020
0.033015
0.032793
0.032792
0.032773
0.032738
0.032699
0.032785
0.032673
0.032672
0.032723
0.032665
0.032595
0.032554
0.032477
0.032345
0.032276
0.032176
0.032135
0.032196
0.032245
0.032207
0.032174
0.032086
0.032051
0.032056
0.031977
0.031976
0.031976
0.031958
0.031922
0.031847
0.031819
0.031808
0.031750
0.031710
0.031715
0.031688
0.031638
0.031643
0.031612
0.031541
0.031515
0.031490
0.031471
0.031407
0.031375
0.031451
0.031383
0.031264
0.031201
0.031174
0.031185
0.031153
0.031097
0.031017
0.031078
0.031051
0.031012
0.030938
0.030909
0.030878
0.030839
0.030854
0.030854
0.030823
0.030785
0.030686
0.030656
0.030665
0.030740
0.030707
0.030707
0.030634
0.030609
0.030609
0.030656
0.030672
0.030634
0.030578
0.030572
0.030571
0.030505
0.030477
0.030500
0.030488
0.030472
0.030447
0.030340
0.030358
0.030332
0.030332
0.030312
0.030210
0.030210
0.030167
0.030182
0.030203
0.030221
0.030187
0.030176
0.030157
0.030093
0.030070
0.030051
0.030042
0.030001
0.030001
0.030001
0.029956
0.029913
0.029913
0.029868
0.029868
0.029868
0.029884
0.029906
0.029888
0.029868
0.029805
0.029828
0.029859
0.029859
0.029844
0.029844
0.029876
0.029854
0.029776
0.029776
0.029776
0.029776
0.029742
0.029742
0.029673
0.029722
0.029729
0.029754
0.029730
0.029730
0.029720
0.029720
0.029708
0.029708
0.029761
0.029761
0.029743
0.029781
0.029781
0.029781
0.029800
0.029742
0.029742
0.029742
0.029692
0.029664
0.029664
0.029690
0.029697
0.029697
0.029731
0.029723
0.029731
0.029731
0.029758
0.029758
0.029758
0.029791
0.029744
0.029740
0.029741
0.029772
0.029800
0.029800
0.029758
0.029677
0.029677
0.029677
0.029677
0.029675
0.029658
0.029667
0.029675
0.029673
0.029646
0.029695
0.029666
0.029666
0.029705
0.029689
0.029679
0.029679
0.029708
0.029708
0.029708
0.029684
0.029695
0.029704
0.029704
0.029708
0.029679
0.029728
0.029728
0.029739
0.029739
0.029744
0.029773
0.029773
0.029773
0.029779
0.029791
0.029802
0.029802
0.029809
0.029784
0.029784
0.029875
0.029875
0.029838
0.029838
0.029815
0.029815
0.029876
0.029876
0.029925
0.029925
0.029893
0.029923
0.029981
0.029995
0.030006
0.030006
0.030006
0.030006
0.029980
0.029955
0.029955
0.030025
0.030025
0.030102
0.030157
0.030171
0.030171
0.030185
0.030185
0.030185
0.030201
0.030201
0.030190
0.030190
0.030167
0.030170
0.030187
0.030187
0.030187
0.030215
0.030215
0.030256
0.030274
0.030322
0.030322
0.030322
0.030340
0.030299
0.030318
0.030289
0.030308
0.030274
0.030255
0.030255
0.030274
0.030305
0.030305
0.030373
0.030393
0.030399
0.030418
0.030418
0.030418
0.030389
0.030389
0.030389
0.030433
0.030433
0.030455
0.030455
0.030409
0.030440
0.030460
0.030509
0.030532
0.030532
0.030502
0.030502
0.030534
0.030537
0.030515
0.030580
0.030580
0.030580
0.030540
0.030562
0.030562
0.030562
0.030562
0.030621
0.030687
0.030687
0.030709
0.030728
0.030716
0.030716
0.030716
0.030744
0.030744
0.030767
0.030767
0.030827
0.030827
0.030788
0.030781
0.030810
0.030833
0.030833
0.030833
0.030833
0.030833
0.030833
0.030867
0.030951
0.030951
0.030951
0.030951
0.030951
0.030951
0.030869
0.030862
0.030930
0.030930
0.030930
0.030995
0.030995
0.030995
0.030982
0.030982
0.030982
0.031064
0.031064
0.031028
0.031028
0.030987
0.030918
0.031047
0.031047
0.031047
0.031047
0.031080
0.031080
0.031060
0.031060
0.031050
0.031050
0.030981
0.031015
0.031020
0.031020
0.031055
0.031124
0.031187
0.031187
0.031187
0.031187
0.031153
0.031082
0.031082
0.031117
0.031117
0.031111
0.031147
0.031147
0.031147
0.031147
0.031147
0.031183
0.031211
0.031211
0.031202
0.031237
0.031237
0.031237
0.031274
0.031311
0.031242
0.031200
0.031200
0.031200
0.031197
0.031197
0.031197
0.031232
0.031232
0.031301
0.031301
0.031301
0.031340
0.031340
0.031409
0.031406
0.031378
0.031378
0.031378
0.031378
0.031378
0.031413
0.031383
0.031383
0.031353
0.031382
0.031451
0.031451
0.031491
0.031491
0.031450
0.031422
0.031422
0.031461
0.031461
0.031461
0.031461
0.031491
0.031527
0.031527
0.031527
0.031527
0.031498
0.031498
0.031443
0.031443
0.031443
0.031484
0.031484
0.031515
0.031500
0.031500
0.031484
0.031484
0.031484
0.031524
0.031524
0.031524
0.031506
0.031506
0.031506
0.031506
0.031506
0.031537
0.031537
0.031495
0.031495
0.031504
0.031504
0.031504
0.031476
0.031476
0.031518
0.031492
0.031492
0.031492
0.031492
0.031524
0.031524
0.031524
0.031524
0.031565
0.031565
0.031565
0.031565
0.031527
0.031493
0.031432
0.031432
0.031418
0.031393
0.031455
0.031455
0.031455
0.031529
0.031529
0.031529
0.031529
0.031529
0.031529
0.031506
0.031471
0.031426
0.031426
0.031426
0.031426
0.031460
0.031460
0.031460
0.031460
0.031460
0.031460
0.031438
0.031438
0.031471
0.031514
0.031480
0.031480
0.031457
0.031502
0.031502
0.031502
0.031502
0.031536
0.031516
0.031527
0.031527
0.031527
0.031479
0.031479
0.031441
0.031407
0.031407
0.031407
0.031407
0.031407
0.031389
0.031422
0.031422
0.031422
0.031456
0.031456
0.031456
0.031435
0.031435
0.031435
0.031401
0.031383
0.031383
0.031383
0.031383
0.031383
0.031370
0.031370
0.031370
0.031370
0.031370
0.031357
0.031357
0.031341
0.031341
0.031307
0.031307
0.031307
0.031307
0.031307
0.031287
0.031321
0.031321
0.031321
0.031306
0.031306
0.031306
0.031306
0.031341
0.031341
0.031306
0.031270
0.031261
0.031225
0.031270
0.031209
0.031196
0.031196
0.031196
0.031196
0.031196
0.031196
0.031178
0.031178
0.031151
0.031151
0.031151
0.031151
0.031140
0.031140
0.031140
0.031113
0.031113
0.031113
0.031113
0.031113
0.031065
0.031093
0.031127
0.031117
0.031117
0.031117
0.031101
0.031074
0.031074
0.031074
0.031074
0.031074
0.031074
0.031074
0.031074
0.031066
0.031093
0.031093
0.031019
0.031019
0.031019
0.031019
0.031019
0.030982
0.030982
0.030968
0.030962
0.030962
0.030962
0.030962
0.030920
0.030920
0.030920
0.030920
0.030920
0.030873
0.030873
0.030868
0.030868
0.030868
0.030868
0.030868
0.030912
0.030912
0.030912
0.030899
0.030899
0.030883
0.030883
0.030883
0.030883
0.030883
0.030870
0.030836
0.030836
0.030832
0.030832
0.030832
0.030865
0.030865
0.030865
0.030865
0.030865
0.030865
0.030854
0.030854
0.030854
0.030854
0.030807
0.030807
0.030807
0.030807
0.030807
0.030772
0.030772
0.030772
0.030772
0.030772
0.030774
0.030774
0.030728
0.030728
0.030728
0.030682
0.030682
0.030682
0.030673
0.030676
0.030676
0.030676
0.030628
0.030615
0.030615
0.030615
0.030615
0.030615
0.030620
0.030620
0.030620
0.030622
0.030622
0.030622
0.030622
0.030622
0.030622
0.030587
0.030551
0.030551
0.030592
0.030628
0.030628
0.030628
0.030628
0.030628
0.030589
0.030589
0.030589
0.030589
0.030554
0.030554
0.030512
0.030512
0.030512
0.030522
0.030522
0.030599
0.030634
0.030634
0.030634
0.030634
0.030634
0.030563
0.030528
0.030528
0.030528
0.030516
0.030475
0.030523
0.030559
0.030571
0.030571
0.030612
0.030621
0.030621
0.030621
0.030621
0.030599
0.030599
0.030552
0.030552
0.030552
0.030588
0.030547
0.030547
0.030561
0.030561
0.030561
0.030603
0.030603
0.030603
0.030603
0.030619
0.030619
0.030665
0.030665
0.030619
0.030620
0.030579
0.030596
0.030595
0.030685
0.030673
0.030783
0.030971
0.031200
0.031579
0.031971
0.032228
0.032530
0.032748
0.032941
0.033021
0.033140
0.033047
0.033047
0.033016
0.032956
0.032859
0.032751
0.032708
0.032644
0.032611
0.032660
0.032529
0.032480
0.032458
0.032391
0.032371
0.032297
0.032245
0.032245
0.032178
0.032117
0.032051
0.032015
0.031972
0.032082
0.032063
0.031978
0.031973
0.031944
0.031944
0.031923
0.031947
0.031928
0.031887
0.031874
0.031874
0.031884
0.031828
0.031856
0.031815
0.031821
0.031812
0.031854
0.031855
0.031855
0.031849
0.031807
0.031807
0.031766
0.031689
0.031641
0.031574
0.031574
0.031574
0.031533
0.031561
0.031602
0.031533
0.031533
0.031533
0.031552
0.031581
0.031546
0.031546
0.031532
0.031535
0.031502
0.031532
0.031568
0.031568
0.031540
0.031541
0.031516
0.031516
0.031547
0.031547
0.031547
0.031507
0.031481
0.031447
0.031406
0.031437
0.031440
0.031440
0.031488
0.031434
0.031434
0.031394
0.031402
0.031443
0.031443
0.031443
0.031471
0.031471
0.031438
0.031476
0.031435
0.031435
0.031416
0.031390
0.031390
0.031383
0.031416
0.031465
0.031465
0.031506
0.031506
0.031506
0.031506
0.031506
0.031490
0.031490
0.031456
0.031456
0.031414
0.031393
0.031393
0.031393
0.031427
0.031469
0.031469
0.031510
0.031510
0.031502
0.031513
0.031513
0.031548
0.031507
0.031465
0.031465
0.031465
0.031465
0.031431
0.031431
0.031416
0.031483
0.031483
0.031524
0.031566
0.031524
0.031524
0.031524
0.031488
0.031488
0.031495
0.031540
0.031540
0.031540
0.031507
0.031507
0.031507
0.031507
0.031463
0.031512
0.031550
0.031550
0.031542
0.031542
0.031542
0.031501
0.031501
0.031469
0.031436
0.031484
0.031484
0.031523
0.031523
0.031523
0.031523
0.031564
0.031564
0.031533
0.031514
0.031514
0.031514
0.031472
0.031472
0.031472
0.031512
0.031512
0.031512
0.031483
0.031531
0.031531
0.031531
0.031531
0.031572
0.031572
0.031572
0.031572
0.031544
0.031503
0.031503
0.031544
0.031544
0.031566
0.031566
0.031532
0.031504
0.031504
0.031504
0.031504
0.031594
0.031594
0.031594
0.031601
0.031574
0.031533
0.031533
0.031533
0.031533
0.031533
0.031533
0.031550
0.031518
0.031543
0.031543
0.031543
0.031584
0.031552
0.031527
0.031527
0.031527
0.031520
0.031569
0.031569
0.031569
0.031545
0.031545
0.031554
0.031554
0.031554
0.031554
0.031531
0.031572
0.031572
0.031572
0.031572
0.031572
0.031479
0.031479
0.031449
0.031449
0.031449
0.031449
0.031428
0.031428
0.031428
0.031476
0.031476
0.031517
0.031497
0.031497
0.031497
0.031456
0.031456
0.031456
0.031436
0.031436
0.031436
0.031409
0.031409
0.031412
0.031393
0.031393
0.031424
0.031387
0.031428
0.031428
0.031410
0.031369
0.031369
0.031336
0.031336
0.031336
0.031320
0.031320
0.031320
0.031320
0.031294
0.031294
0.031279
0.031279
0.031327
0.031327
0.031300
0.031300
0.031286
0.031286
0.031298
0.031298
0.031298
0.031285
0.031285
0.031285
0.031285
0.031285
0.031276
0.031241
0.031241
0.031241
0.031241
0.031241
0.031241
0.031230
0.031230
0.031230
0.031188
0.031188
0.031153
0.031153
0.031153
