1.530580
1.364902
1.212966
1.110510
1.056611
1.034663
1.027999
1.028490
1.028799
1.028188
1.026926
1.025896
1.025703
1.025788
1.025987
1.026159
1.026106
1.025975
1.025604
1.025110
1.024294
1.023357
1.022304
1.021295
1.020380
1.019258
1.018230
1.016711
1.015561
1.014708
1.013676
1.012715
1.011954
1.010859
1.009896
1.008962
1.008000
1.007020
1.006046
1.005168
1.004362
1.003314
1.002563
1.001752
1.000795
0.999829
0.998748
0.997720
0.996687
0.995464
0.994082
0.992746
0.991523
0.990343
0.988964
0.987821
0.986628
0.985226
0.983845
0.982604
0.981301
0.980230
0.978948
0.977745
0.976201
0.974796
0.973383
0.971746
0.970381
0.968608
0.967277
0.965633
0.963994
0.962240
0.960600
0.958713
0.957099
0.955726
0.954079
0.952446
0.950806
0.948951
0.947170
0.945583
0.943771
0.942032
0.940202
0.938315
0.936566
0.934609
0.932781
0.931047
0.929162
0.927370
0.925414
0.923594
0.921722
0.919961
0.918192
0.916398
0.914598
0.912838
0.910991
0.909249
0.907450
0.905676
0.903721
0.902079
0.900285
0.898404
0.896739
0.895084
0.893639
0.892172
0.890632
0.889225
0.887753
0.886420
0.885025
0.883619
0.882151
0.880813
0.879452
0.878157
0.876898
0.875776
0.874544
0.873527
0.872487
0.871759
0.870840
0.869806
0.868857
0.867832
0.866931
0.865934
0.864936
0.863918
0.862898
0.861942
0.860752
0.859502
0.858441
0.857195
0.855954
0.854702
0.853428
0.852098
0.851000
0.850067
0.849096
0.847987
0.846938
0.846025
0.845136
0.844070
0.843077
0.842072
0.840975
0.840148
0.839056
0.838054
0.837294
0.836239
0.834988
0.833708
0.832381
0.831089
0.829957
0.828716
0.827491
0.826206
0.824730
0.823411
0.822036
0.820613
0.819248
0.817708
0.816207
0.814910
0.813227
0.811758
0.810416
0.808988
0.807557
0.806116
0.804705
0.803315
0.802105
0.800794
0.799440
0.797954
0.796692
0.795262
0.793873
0.792443
0.791046
0.789380
0.788069
0.786577
0.785134
0.783669
0.782352
0.780919
0.779381
0.777963
0.776668
0.775249
0.773822
0.772450
0.770935
0.769470
0.767977
0.766673
0.765136
0.763686
0.762112
0.760677
0.759135
0.757563
0.755975
0.754552
0.753126
0.751523
0.750086
0.748352
0.746842
0.745271
0.743693
0.742062
0.740488
0.738718
0.737071
0.735464
0.733847
0.732186
0.730475
0.728743
0.727063
0.725261
0.723729
0.722003
0.720294
0.718485
0.716664
0.714874
0.713178
0.711465
0.709763
0.707740
0.705964
0.704037
0.702147
0.700297
0.698339
0.696563
0.694625
0.692723
0.690982
0.689131
0.687275
0.685335
0.683365
0.681510
0.679600
0.677575
0.675701
0.673880
0.671925
0.669870
0.668016
0.666109
0.664231
0.662350
0.660412
0.658573
0.656760
0.654892
0.653022
0.651197
0.649283
0.647675
0.646003
0.644218
0.642422
0.640607
0.638825
0.637072
0.635323
0.633624
0.631936
0.630133
0.628423
0.626659
0.625111
0.623458
0.621975
0.620244
0.618648
0.616910
0.615418
0.613846
0.612367
0.610796
0.609399
0.608191
0.606725
0.605336
0.603993
0.602733
0.601349
0.600064
0.598732
0.597413
0.596165
0.594803
0.593620
0.592404
0.591157
0.589983
0.588782
0.587676
0.586370
0.585212
0.584127
0.583096
0.582023
0.580877
0.579754
0.578729
0.577843
0.576877
0.575866
0.574752
0.573706
0.572663
0.571667
0.570606
0.569711
0.568557
0.567648
0.566670
0.565804
0.564787
0.563830
0.562841
0.561882
0.560958
0.559870
0.558976
0.558134
0.557097
0.556227
0.555078
0.554154
0.553301
0.552231
0.551337
0.550507
0.549523
0.548548
0.547550
0.546566
0.545523
0.544567
0.543416
0.542575
0.541446
0.540427
0.539378
0.538287
0.537155
0.536202
0.535079
0.534109
0.533025
0.531970
0.530924
0.529874
0.528718
0.527834
0.526707
0.525586
0.524573
0.523556
0.522547
0.521567
0.520486
0.519371
0.518363
0.517268
0.516255
0.515103
0.514047
0.512871
0.511843
0.510694
0.509717
0.508671
0.507537
0.506431
0.505161
0.504162
0.503046
0.502072
0.501102
0.500053
0.498872
0.497919
0.496828
0.495847
0.494814
0.493879
0.493055
0.491944
0.491043
0.490249
0.489463
0.488754
0.488124
0.487567
0.486736
0.486099
0.485435
0.484770
0.484239
0.483530
0.482817
0.482280
0.481840
0.481333
0.480865
0.480336
0.479863
0.479375
0.478815
0.478489
0.477972
0.477586
0.477154
0.476743
0.476312
0.476105
0.475791
0.475392
0.475104
0.474744
0.474310
0.474072
0.473633
0.473384
0.472997
0.472806
0.472487
0.472277
0.471973
0.471669
0.471326
0.471094
0.470811
0.470529
0.470377
0.470047
0.469987
0.469810
0.469530
0.469276
0.469045
0.468996
0.468668
0.468530
0.468322
0.468122
0.468009
0.467821
0.467832
0.467630
0.467519
0.467329
0.467226
0.467090
0.466868
0.466858
0.466565
0.466470
0.466365
0.466152
0.466112
0.465942
0.465645
0.465549
0.465416
0.465243
0.465072
0.464943
0.464734
0.464447
0.464197
0.464054
0.463855
0.463570
0.463562
0.463326
0.462973
0.462854
0.462557
0.462344
0.462172
0.461855
0.461728
0.461631
0.461333
0.461060
0.460796
0.460517
0.460278
0.459877
0.459644
0.459419
0.459127
0.458699
0.458404
0.458058
0.457839
0.457395
0.457096
0.456777
0.456510
0.456115
0.455687
0.455336
0.454913
0.454598
0.454266
0.453876
0.453521
0.453190
0.452732
0.452428
0.452106
0.451693
0.451393
0.451014
0.450553
0.450329
0.450101
0.449676
0.449308
0.449003
0.448649
0.448319
0.448073
0.447702
0.447304
0.446995
0.446655
0.446348
0.445952
0.445647
0.445311
0.444886
0.444627
0.444251
0.443980
0.443516
0.443426
0.443096
0.442805
0.442376
0.442108
0.441914
0.441618
0.441354
0.440995
0.440741
0.440457
0.440066
0.439812
0.439483
0.439316
0.439201
0.438939
0.438685
0.438417
0.438223
0.437956
0.437728
0.437476
0.437261
0.436938
0.436736
0.436373
0.436171
0.436001
0.435718
0.435384
0.435254
0.435030
0.434787
0.434584
0.434348
0.434268
0.434037
0.433760
0.433664
0.433466
0.433296
0.433120
0.432874
0.432592
0.432503
0.432408
0.432272
0.432108
0.431935
0.431798
0.431636
0.431507
0.431394
0.431304
0.431117
0.430976
0.430713
0.430713
0.430553
0.430402
0.430297
0.430127
0.429966
0.429889
0.429747
0.429640
0.429469
0.429387
0.429262
0.429172
0.429013
0.428962
0.428920
0.428806
0.428699
0.428497
0.428554
0.428434
0.428336
0.428318
0.428232
0.428096
0.428023
0.427939
0.427944
0.427837
0.427769
0.427729
0.427620
0.427517
0.427461
0.427366
0.427385
0.427186
0.427254
0.427146
0.427089
0.427039
0.427018
0.427000
0.426861
0.426860
0.426785
0.426800
0.426725
0.426610
0.426516
0.426485
0.426470
0.426333
0.426312
0.426179
0.426100
0.426212
0.426156
0.426102
0.426092
0.426021
0.425898
0.425797
0.425767
0.425682
0.425666
0.425562
0.425517
0.425461
0.425468
0.425374
0.425433
0.425392
0.425403
0.425335
0.425272
0.425369
0.425179
0.425143
0.425088
0.425037
0.424991
0.424890
0.424952
0.424859
0.424813
0.424929
0.424834
0.424846
0.424829
0.424720
0.424706
0.424685
0.424633
0.424469
0.424519
0.424400
0.424366
0.424366
0.424401
0.424471
0.424283
0.424237
0.424193
0.424240
0.424127
0.424066
0.424161
0.424167
0.424053
0.423963
0.424022
0.424004
0.423971
0.423966
0.423905
0.423939
0.423900
0.423832
0.423851
0.423892
0.423803
0.423694
0.423705
0.423693
0.423718
0.423656
0.423579
0.423587
0.423533
0.423498
0.423505
0.423446
0.423478
0.423432
0.423322
0.423297
0.423324
0.423336
0.423243
0.423207
0.423187
0.423160
0.423103
0.423078
0.423055
0.422996
0.422885
0.422872
0.422910
0.422845
0.422815
0.422721
0.422621
0.422558
0.422638
0.422722
0.422631
0.422580
0.422598
0.422475
0.422424
0.422470
0.422472
0.422372
0.422420
0.422398
0.422350
0.422304
0.422304
0.422296
0.422261
0.422277
0.422309
0.422200
0.422200
0.422160
0.422099
0.422088
0.422045
0.422073
0.421969
0.421965
0.421950
0.421950
0.421905
0.421912
0.421871
0.421905
0.421847
0.421767
0.421797
0.421725
0.421641
0.421605
0.421605
0.421559
0.421580
0.421592
0.421509
0.421488
0.421488
0.421498
0.421560
0.421474
0.421479
0.421490
0.421402
0.421346
0.421372
0.421299
0.421271
0.421280
0.421235
0.421238
0.421269
0.421179
0.421101
0.421075
0.421043
0.421016
0.421085
0.421076
0.421076
0.421006
0.420968
0.420915
0.420965
0.420965
0.420940
0.420940
0.420901
0.420863
0.420863
0.420761
0.420711
0.420744
0.420694
0.420690
0.420652
0.420687
0.420682
0.420646
0.420479
0.420520
0.420533
0.420503
0.420452
0.420391
0.420336
0.420294
0.420290
0.420252
0.420187
0.420187
0.420149
0.420183
0.420147
0.420120
0.420049
0.420049
0.420048
0.420014
0.419955
0.419922
0.419980
0.419937
0.419935
0.419912
0.419959
0.419927
0.419932
0.419932
0.419910
0.419910
0.419873
0.419788
0.419789
0.419805
0.419805
0.419805
0.419805
0.419755
0.419668
0.419668
0.419668
0.419669
0.419658
0.419633
0.419643
0.419700
0.419670
0.419652
0.419615
0.419623
0.419636
0.419646
0.419584
0.419567
0.419578
0.419541
0.419541
0.419525
0.419509
0.419545
0.419474
0.419474
0.419427
0.419412
0.419313
0.419311
0.419346
0.419346
0.419332
0.419332
0.419332
0.419271
0.419271
0.419295
0.419228
0.419292
0.419292
0.419292
0.419245
0.419209
0.419209
0.419209
0.419209
0.419174
0.419164
0.419127
0.419127
0.419164
0.419140
0.419070
0.419019
0.419003
0.418996
0.418990
0.418955
0.418942
0.418937
0.418869
0.418869
0.418866
0.418866
0.418893
0.418895
0.418917
0.418915
0.418880
0.418859
0.418842
0.418766
0.418766
0.418766
0.418766
0.418766
0.418763
0.418763
0.418716
0.418694
0.418710
0.418710
0.418709
0.418709
0.418674
0.418674
0.418674
0.418674
0.418674
0.418654
0.418610
0.418610
0.418610
0.418578
0.418578
0.418578
0.418587
0.418591
0.418602
0.418598
0.418585
0.418585
0.418561
0.418525
0.418525
0.418540
0.418516
0.418481
0.418492
0.418492
0.418479
0.418479
0.418479
0.418426
0.418438
0.418438
0.418438
0.418447
0.418447
0.418460
0.418426
0.418426
0.418455
0.418420
0.418420
0.418420
0.418375
0.418375
0.418410
0.418435
0.418435
0.418435
0.418414
0.418440
0.418403
0.418370
0.418365
0.418358
0.418358
0.418358
0.418322
0.418289
0.418289
0.418218
0.418209
0.418131
0.418140
0.418133
0.418133
0.418095
0.418112
0.418110
0.418127
0.418123
0.418078
0.418076
0.418038
0.418041
0.418039
0.418039
0.418039
0.418038
0.418038
0.418012
0.418012
0.418017
0.418017
0.418017
0.418017
0.418023
0.418023
0.418023
0.417939
0.417939
0.417961
0.417961
0.417961
0.417961
0.417961
0.417961
0.417990
0.417945
0.417945
0.417931
0.417896
0.417896
0.417920
0.417929
0.417933
0.417895
0.417902
0.417909
0.417934
0.417942
0.417950
0.417988
0.417931
0.417928
0.417909
0.417920
0.417920
0.417879
0.417925
0.417925
0.417952
0.417964
0.417964
0.417920
0.417920
0.417920
0.417961
0.417961
0.417961
0.417879
0.417879
0.417879
0.417835
0.417864
0.417874
0.417874
0.417887
0.417937
0.417937
0.417939
0.417969
0.417969
0.417925
0.417925
0.417887
0.417887
0.417887
0.417887
0.417877
0.417807
0.417798
0.417781
0.417730
0.417724
0.417724
0.417750
0.417745
0.417741
0.417741
0.417738
0.417738
0.417735
0.417735
0.417656
0.417722
0.417744
0.417714
0.417712
0.417712
0.417712
0.417712
0.417703
0.417703
0.417737
0.417694
0.417694
0.417694
0.417694
0.417621
0.417621
0.417621
0.417621
0.417657
0.417657
0.417657
0.417657
0.417614
0.417614
0.417614
0.417583
0.417583
0.417550
0.417550
0.417587
0.417596
0.417600
0.417611
0.417617
0.417659
0.417618
0.417618
0.417626
0.417626
0.417604
0.417614
0.417614
0.417662
0.417662
0.417662
0.417674
0.417674
0.417674
0.417656
0.417656
0.417584
0.417584
0.417584
0.417597
0.417589
0.417589
0.417628
0.417628
0.417628
0.417628
0.417568
0.417606
0.417606
0.417619
0.417619
0.417619
0.417619
0.417579
0.417573
0.417573
0.417545
0.417545
0.417545
0.417545
0.417545
0.417545
0.417553
0.417512
0.417466
0.417432
0.417421
0.417421
0.417415
0.417442
0.417438
0.417440
0.417359
0.417359
0.417330
0.417369
0.417369
0.417367
0.417367
0.417327
0.417326
0.417326
0.417301
0.417301
0.417301
0.417301
0.417351
0.417351
0.417351
0.417351
0.417327
0.417277
0.417277
0.417277
0.417278
0.417278
0.417278
0.417240
0.417267
0.417237
0.417280
0.417280
0.417280
0.417280
0.417280
0.417280
0.417268
0.417272
0.417283
0.417289
0.417296
0.417296
0.417304
0.417335
0.417314
0.417324
0.417294
0.417294
0.417305
0.417269
0.417269
0.417240
0.417262
0.417262
0.417274
0.417274
0.417274
0.417274
0.417274
0.417256
0.417269
0.417269
0.417232
0.417232
0.417232
0.417232
0.417232
0.417216
0.417261
0.417274
0.417229
0.417229
0.417229
0.417229
0.417199
0.417184
0.417184
0.417184
0.417182
0.417182
0.417187
0.417187
0.417173
0.417103
0.417049
0.417032
0.417025
0.417019
0.417019
0.417013
0.416995
0.416991
0.416991
0.417033
0.417033
0.417030
0.417030
0.417018
0.417017
0.416972
0.416972
0.416971
0.416971
0.416971
0.416971
0.416998
0.417043
0.417043
0.417043
0.417043
0.417043
0.416996
0.416948
0.416864
0.416864
0.416896
0.416896
0.416896
0.416896
0.416909
0.416940
0.416940
0.416940
0.416940
0.416910
0.416910
0.416910
0.416912
0.416871
0.416905
0.416912
0.416964
0.416899
0.416907
0.416954
0.416949
0.416926
0.416936
0.416936
0.416947
0.416947
0.416949
0.416956
0.416956
0.416988
0.417000
0.416961
0.416961
0.416961
0.416959
0.416971
0.416971
0.416971
0.416971
0.416940
0.416940
0.416939
0.416939
0.416971
0.416971
0.416984
0.416984
0.416984
0.416985
0.416985
0.416985
0.416985
0.416985
0.416985
0.416985
0.416987
0.416987
0.416987
0.416987
0.416917
0.416908
0.416891
0.416888
0.416882
0.416882
0.416837
0.416832
0.416828
0.416850
0.416852
0.416852
0.416818
0.416818
0.416788
0.416786
0.416764
0.416771
0.416800
0.416800
0.416800
0.416800
0.416822
0.416799
0.416849
0.416896
0.416896
0.416896
0.416896
0.416896
0.416856
0.416856
0.416856
0.416856
0.416856
0.416856
0.416916
0.416916
0.416916
0.416916
0.416916
0.416918
0.416918
0.416930
0.416939
0.416943
0.416915
0.416921
0.416928
0.416941
0.416949
0.416958
0.416958
0.416967
0.416977
0.416991
0.417002
0.417002
0.417002
0.417013
0.416963
0.416979
0.416991
0.416991
0.416991
0.416991
0.417007
0.417066
0.417066
0.417066
0.417066
0.417066
0.417083
0.417083
0.417083
0.417121
0.417121
0.417153
0.417153
0.417153
0.417153
0.417153
0.417077
0.417096
0.417096
0.417096
0.417096
0.417096
0.417096
0.417014
0.416871
0.417970
0.422172
0.428821
0.437308
0.446706
0.456359
0.466124
0.475671
0.484961
0.494074
0.503229
0.512506
0.522074
0.531780
0.541602
0.550931
0.559275
0.566079
0.571072
0.574197
0.575763
0.576110
0.575824
0.575286
0.574843
0.574647
0.574695
0.574901
0.575091
0.575186
0.575038
0.574627
0.574153
0.573520
0.572935
0.572476
0.572117
0.571959
0.571959
0.571990
0.572133
0.572211
0.572239
0.572224
0.572177
0.572082
0.571987
0.571908
0.571937
0.571842
0.571182
0.569045
0.565184
0.559743
0.553144
0.546062
0.538879
0.532104
0.525836
0.520179
0.515056
0.510529
0.506576
0.503280
0.500915
0.499578
0.499381
0.500257
0.502124
0.504645
0.507570
0.510483
0.513018
0.514999
0.516062
0.516089
0.515167
0.513609
0.511855
0.510169
0.509059
0.508432
0.508361
0.508679
0.509125
0.509476
0.509681
0.509686
0.509495
0.509219
0.508975
0.508732
0.508609
0.508597
0.508642
0.508775
0.508969
0.509104
0.509213
0.509238
0.509167
0.509046
0.508840
0.508646
0.508451
0.508245
0.508065
0.507943
0.507786
0.507617
0.507424
0.507264
0.507058
0.506852
0.506694
0.506499
0.506293
0.506140
0.505934
0.505777
0.505570
0.505413
0.505207
0.505049
0.504843
0.504697
0.504491
0.504218
0.504098
0.503892
0.503734
0.503528
0.503371
0.503165
0.503007
0.502813
0.502625
0.502419
0.502212
0.502055
0.501849
0.501730
0.501524
0.501367
0.501164
0.501017
0.500811
0.500605
0.500412
0.500206
0.500017
0.499810
0.499624
0.499450
0.499293
0.499064
0.498858
0.498700
0.498534
0.498377
0.498105
0.497948
0.497742
0.497584
0.497378
0.497221
0.497026
0.496793
0.496636
0.496430
0.496272
0.496066
0.495909
0.495702
0.495519
0.495278
0.495083
0.494925
0.494757
0.494600
0.494369
0.494211
0.494005
0.493848
0.493604
0.493398
0.493227
0.493064
0.492907
0.492701
0.492581
0.492375
0.492218
0.491989
0.491783
0.491625
0.491430
0.491273
0.491067
0.490899
0.490693
0.490487
0.490329
0.490134
0.489977
0.489750
0.489544
0.489398
0.489191
0.489034
0.488828
0.488613
0.488456
0.488250
0.488092
0.487862
0.487656
0.487480
0.487273
0.487127
0.486921
0.486764
0.486558
0.486345
0.486187
0.486016
0.485859
0.485664
0.485458
0.485283
0.485089
0.484931
0.484725
0.484519
0.484373
0.484151
0.483993
0.483787
0.483593
0.483435
0.483229
0.483057
0.482894
0.482737
0.482531
0.482336
0.482178
0.481926
0.481769
0.481574
0.481333
0.481129
0.480923
0.480764
0.480590
0.480384
0.480276
0.480132
0.480013
0.479857
0.479652
0.479557
0.479369
0.479263
0.479109
0.478904
0.478798
0.478637
0.478493
0.478339
0.478224
0.478018
0.477824
0.477666
0.477409
0.477243
0.477048
0.476842
0.476695
0.476598
0.476523
0.476503
0.476522
0.476508
0.476458
0.476447
0.476400
0.476383
0.476311
0.476179
0.476021
0.475875
0.475652
0.475446
0.475239
0.475094
0.474949
0.474865
0.474742
0.474685
0.474689
0.474694
0.474602
0.474608
0.474551
0.474435
0.474353
0.474161
0.474003
0.473782
0.473576
0.473370
0.473211
0.473053
0.472876
0.472795
0.472693
0.472641
0.472604
0.472505
0.472469
0.472436
0.472324
0.472196
0.472006
0.471801
0.471630
0.471409
0.471251
0.471045
0.470887
0.470697
0.470558
0.470495
0.470320
0.470208
0.470097
0.469993
0.469820
0.469678
0.469423
0.469249
0.469043
0.468876
0.468721
0.468513
0.468308
0.468167
0.467970
0.467762
0.467557
0.467399
0.467143
0.467045
0.466773
0.466615
0.466359
0.466170
0.465894
0.465732
0.465447
0.465328
0.465014
0.464834
0.464619
0.464392
0.464308
0.463972
0.463707
0.463644
0.463369
0.463024
0.462967
0.462759
0.462422
0.462147
0.462044
0.462008
0.461631
0.461451
0.461403
0.461497
0.461244
0.460913
0.460696
0.460749
0.460775
0.460580
0.460195
0.459860
0.459841
0.459966
0.460003
0.459664
0.459369
0.459250
0.459318
0.459472
0.459276
0.458800
0.458471
0.458469
0.458461
0.458380
0.457994
0.457613
0.457371
0.457372
0.457302
0.457133
0.456816
0.456618
0.456532
0.456252
0.455885
0.455669
0.455430
0.455064
0.454821
0.454493
0.454138
0.453802
0.453557
0.453349
0.453147
0.452815
0.452572
0.452150
0.451756
0.451198
0.450678
0.450148
0.449545
0.448726
0.447935
0.447126
0.446299
0.445508
0.444701
0.443881
0.443147
0.442294
0.441481
0.440693
0.439895
0.439094
0.438217
0.437364
0.436624
0.435719
0.434864
0.434076
0.433239
0.432422
0.431476
0.430595
0.429638
0.428770
0.427867
0.426982
0.426140
0.425276
0.424363
0.423468
0.422596
0.421645
0.420811
0.419841
0.418974
0.418061
0.417116
0.416223
0.415404
0.414532
0.413627
0.412670
0.411799
0.410875
0.410005
0.409114
0.408182
0.407188
0.406279
0.405388
0.404500
0.403487
0.402488
0.401562
0.400646
0.399691
0.398728
0.397772
0.396832
0.395959
0.394926
0.394011
0.393018
0.392110
0.391206
0.390110
0.389246
0.388394
0.387489
0.386566
0.385595
0.384594
0.383615
0.382718
0.381768
0.380814
0.379998
0.379008
0.378073
0.377130
0.376277
0.375267
0.374323
0.373406
0.372517
0.371551
0.370570
0.369702
0.368771
0.367842
0.366908
0.365980
0.365047
0.364091
0.363204
0.362291
0.361432
0.360453
0.359530
0.358559
0.357670
0.356695
0.355835
0.354951
0.354045
0.353122
0.352180
0.351383
0.350488
0.349591
0.348753
0.347950
0.347053
0.346151
0.345263
0.344416
0.343504
0.342663
0.341764
0.340964
0.340061
0.339239
0.338370
0.337537
0.336638
0.335899
0.334951
0.334120
0.333164
0.332363
0.331556
0.330794
0.329865
0.329197
0.328308
0.327526
0.326749
0.325926
0.325136
0.324383
0.323617
0.322794
0.322036
0.321371
0.320485
0.319775
0.318976
0.318150
0.317517
0.316843
0.316163
0.315365
0.314623
0.313900
0.313203
0.312496
0.311750
0.311093
0.310414
0.309776
0.309064
0.308369
0.307702
0.307156
0.306509
0.305760
0.305112
0.304588
0.303862
0.303290
0.302679
0.301985
0.301452
0.300848
0.300218
0.299728
0.299049
0.298586
0.298000
0.297407
0.296899
0.296265
0.295810
0.295241
0.294697
0.294183
0.293681
0.293194
0.292766
0.292339
0.291905
0.291481
0.291152
0.290783
0.290397
0.289939
0.289607
0.289116
0.288756
0.288364
0.288031
0.287723
0.287386
0.287053
0.286815
0.286520
0.286115
0.285869
0.285548
0.285140
0.284942
0.284613
0.284270
0.284006
0.283671
0.283438
0.283054
0.282791
0.282543
0.282223
0.282064
0.281812
0.281490
0.281192
0.280926
0.280703
0.280459
0.280134
0.279849
0.279568
0.279364
0.279097
0.278878
0.278571
0.278224
0.277967
0.277730
0.277342
0.277187
0.276955
0.276654
0.276381
0.276185
0.275898
0.275669
0.275372
0.275034
0.274758
0.274470
0.274134
0.273725
0.273513
0.273134
0.272786
0.272553
0.272168
0.271906
0.271508
0.271242
0.270893
0.270580
0.270337
0.270003
0.269633
0.269259
0.268864
0.268587
0.268192
0.267804
0.267329
0.266994
0.266647
0.266295
0.265932
0.265449
0.265108
0.264690
0.264352
0.264050
0.263624
0.263092
0.262722
0.262388
0.261960
0.261551
0.261167
0.260689
0.260128
0.259708
0.259331
0.258910
0.258678
0.258816
0.258966
0.259367
0.259810
0.260266
0.260451
0.260175
0.259852
0.259456
0.258901
0.258513
0.258204
0.257691
0.257467
0.256948
0.256733
0.256413
0.255783
0.255485
0.255371
0.254763
0.254387
0.254257
0.253838
0.253353
0.253111
0.253114
0.252732
0.252076
0.251725
0.251531
0.251268
0.250684
0.249964
0.249635
0.249799
0.249625
0.248867
0.248379
0.248045
0.247854
0.247754
0.247277
0.246666
0.246055
0.246078
0.246470
0.246324
0.245487
0.245079
0.245118
0.245288
0.245119
0.244470
0.244043
0.244393
0.244680
0.244627
0.244286
0.244008
0.243958
0.244350
0.244600
0.244296
0.244122
0.244063
0.244385
0.244642
0.244612
0.244368
0.244332
0.244703
0.245100
0.245222
0.245086
0.244936
0.245269
0.245927
0.245986
0.245760
0.245713
0.246446
0.246607
0.246470
0.246765
0.246972
0.247161
0.247260
0.247338
0.247638
0.247616
0.247827
0.248029
0.248246
0.248305
0.248669
0.248832
0.249024
0.249214
0.249309
0.249363
0.249638
0.249820
0.249942
0.250294
0.250432
0.250688
0.250880
0.251136
0.251435
0.251738
0.252146
0.252378
0.252678
0.253006
0.253206
0.253573
0.253826
0.254123
0.254476
0.254868
0.255109
0.255317
0.255704
0.255868
0.256244
0.256476
0.256670
0.256866
0.257143
0.257388
0.257892
0.258249
0.258518
0.258751
0.259091
0.259384
0.259626
0.259903
0.260185
0.260349
0.260558
0.260863
0.261296
0.261642
0.261773
0.262017
0.262492
0.262933
0.263087
0.263174
0.263248
0.263353
0.263540
0.263761
0.264059
0.264315
0.264485
0.264714
0.265001
0.265131
0.265422
0.265454
0.265781
0.266136
0.266436
0.266648
0.266779
0.267015
0.267148
0.267390
0.267596
0.267868
0.268146
0.268301
0.268421
0.268568
0.268761
0.269012
0.269241
0.269442
0.269517
0.269830
0.270226
0.270540
0.270834
0.270841
0.270558
0.270241
0.270109
0.269950
0.269896
0.269872
0.269976
0.270072
0.269943
0.268865
0.267533
0.266111
0.264606
0.263182
0.261632
0.260054
0.258562
0.257076
0.255583
0.254155
0.252802
0.251461
0.250100
0.248756
0.247434
0.245805
0.244401
0.242856
0.241245
0.239816
0.238358
0.236815
0.235277
0.233892
0.232327
0.230670
0.229266
0.227827
0.226585
0.225223
0.223830
0.222477
0.221144
0.219634
0.218254
0.216615
0.215116
0.213660
0.212044
0.210553
0.208989
0.207504
0.206068
0.204581
0.203045
0.201605
0.200115
0.198573
0.197065
0.195638
0.194191
0.192608
0.191172
0.189740
0.188181
0.186549
0.185115
0.183558
0.182122
0.180879
0.179333
0.177874
0.176423
0.174995
0.173547
0.172071
0.170704
0.169351
0.167984
0.166640
0.165256
0.164024
0.162988
0.161753
0.160263
0.159111
0.158188
0.157152
0.155991
0.154843
0.153587
0.152438
0.151165
0.150043
0.148863
0.147720
0.146629
0.145450
0.144315
0.143254
0.142143
0.141134
0.140071
0.138948
0.137981
0.137112
0.136152
0.135293
0.134446
0.133503
0.132710
0.131829
0.130838
0.130057
0.129232
0.128271
0.127490
0.126520
0.125646
0.124798
0.124063
0.123238
0.122431
0.121820
0.121054
0.120321
0.119491
0.118764
0.118003
0.117185
0.116579
0.115733
0.114993
0.114269
0.113593
0.112905
0.112315
0.111798
0.111241
0.110603
0.109958
0.109350
0.108850
0.108092
0.107506
0.106677
0.106132
0.105481
0.104828
0.104167
0.103467
0.102829
0.102200
0.101543
0.100915
0.100421
0.099742
0.099024
0.098495
0.097845
0.097221
0.096619
0.095923
0.095281
0.094629
0.094068
0.093436
0.092842
0.092299
0.091592
0.090980
0.090402
0.089931
0.089344
0.088680
0.088177
0.087787
0.087525
0.086934
0.086285
0.085719
0.085190
0.084560
0.083934
0.083404
0.082836
0.082300
0.081831
0.081235
0.080563
0.080021
0.079454
0.078891
0.078338
0.077770
0.077292
0.076623
0.076039
0.075570
0.075060
0.074421
0.073986
0.073400
0.072833
0.072273
0.071730
0.071258
0.070737
0.070182
0.069683
0.069137
0.068732
0.068329
0.067814
0.067387
0.066763
0.066325
0.065819
0.065376
0.064804
0.064339
0.063840
0.063579
0.063168
0.062834
0.062370
0.061937
0.061473
0.061078
0.060620
0.060152
0.059669
0.059329
0.058946
0.058535
0.058032
0.057719
0.057395
0.056954
0.056585
0.056043
0.055651
0.055372
0.055204
0.054887
0.054449
0.054114
0.053717
0.053373
0.053062
0.052717
0.052402
0.052083
0.051692
0.051381
0.051083
0.050761
0.050453
0.050118
0.049829
0.049502
0.049278
0.048952
0.048649
0.048418
0.048157
0.047746
0.047574
0.047373
0.047141
0.047041
0.046676
0.046412
0.046365
0.046150
0.045942
0.045794
0.045517
0.045187
0.045066
0.044792
0.044578
0.044308
0.044116
0.043929
0.043721
0.043485
0.043289
0.043063
0.043018
0.042750
0.042590
0.042409
0.042283
0.042172
0.041976
0.041786
0.041565
0.041390
0.041249
0.041113
0.040930
0.040729
0.040639
0.040427
0.040298
0.040128
0.039936
0.039750
0.039626
0.039472
0.039371
0.039259
0.039139
0.038993
0.038922
0.038874
0.038650
0.038561
0.038530
0.038328
0.038188
0.038076
0.037846
0.037788
0.037770
0.037643
0.037508
0.037401
0.037222
0.037177
0.037010
0.036882
0.036788
0.036730
0.036603
0.036415
0.036330
0.036285
0.036245
0.036137
0.036041
0.035863
0.035828
0.035810
0.035760
0.035591
0.035530
0.035499
0.035503
0.035371
0.035289
0.035087
0.035050
0.034948
0.034905
0.034854
0.034716
0.034680
0.034602
0.034489
0.034458
0.034422
0.034291
0.034123
0.034167
0.034133
0.033970
0.033982
0.033935
0.033820
0.033844
0.033757
0.033702
0.033662
0.033634
0.033539
0.033452
0.033421
0.033242
0.033242
0.033163
0.033142
0.033119
0.033006
0.032928
0.032890
0.032914
0.032867
0.032879
0.032760
0.032660
0.032565
0.032475
0.032445
0.032422
0.032376
0.032267
0.032285
0.032285
0.032212
0.032198
0.032160
0.032114
0.032106
0.032024
0.031989
0.031989
0.031905
0.031925
0.031891
0.031800
0.031754
0.031713
0.031711
0.031566
0.031566
0.031566
0.031598
0.031574
0.031595
0.031493
0.031493
0.031437
0.031350
0.031294
0.031262
0.031209
0.031230
0.031183
0.031148
0.031158
0.031158
0.031158
0.031181
0.031048
0.031010
0.030992
0.030915
0.030850
0.030850
0.030836
0.030795
0.030778
0.030721
0.030755
0.030755
0.030707
0.030690
0.030690
0.030647
0.030647
0.030564
0.030503
0.030529
0.030503
0.030531
0.030492
0.030401
0.030402
0.030359
0.030363
0.030363
0.030314
0.030314
0.030314
0.030272
0.030190
0.030116
0.030138
0.030069
0.030093
0.030093
0.030010
0.030010
0.029978
0.029937
0.029945
0.030001
0.029964
0.029964
0.029918
0.029885
0.029885
0.029878
0.029909
0.029872
0.029848
0.029848
0.029812
0.029808
0.029808
0.029808
0.029808
0.029821
0.029779
0.029744
0.029743
0.029725
0.029725
0.029725
0.029729
0.029729
0.029729
0.029763
0.029745
0.029706
0.029644
0.029635
0.029635
0.029543
0.029543
0.029543
0.029512
0.029547
0.029553
0.029505
0.029505
0.029467
0.029472
0.029429
0.029384
0.029421
0.029407
0.029407
0.029380
0.029351
0.029351
0.029399
0.029399
0.029399
0.029371
0.029371
0.029340
0.029340
0.029256
0.029256
0.029244
0.029254
0.029304
0.029273
0.029273
0.029362
0.029292
0.029304
0.029275
0.029249
0.029282
0.029282
0.029198
0.029235
0.029211
0.029211
0.029211
0.029181
0.029219
0.029271
0.029196
0.029196
0.029196
0.029196
0.029196
0.029196
0.029126
0.029074
0.029074
0.029074
0.029025
0.029035
0.029023
0.029035
0.029020
0.029053
0.029050
0.029065
0.029065
0.029065
0.029053
0.029073
0.029031
0.028981
0.029019
0.029015
0.029001
0.029041
0.029063
0.029009
0.029009
0.028971
0.028971
0.028938
0.028872
0.028902
0.028902
0.028873
0.028870
0.028886
0.028884
0.028941
0.028965
0.028965
0.028936
0.028870
0.028813
0.028855
0.028814
0.028814
0.028840
0.028878
0.028878
0.028878
0.028837
0.028878
0.028855
0.028855
0.028865
0.028865
0.028837
0.028797
0.028776
0.028814
0.028828
0.028817
0.028823
0.028823
0.028823
0.028809
0.028839
0.028839
0.028792
0.028753
0.028753
0.028699
0.028708
0.028756
0.028756
0.028775
0.028775
0.028762
0.028734
0.028734
0.028734
0.028740
0.028781
0.028781
0.028753
0.028753
0.028767
0.028767
0.028758
0.028719
0.028719
0.028719
0.028657
0.028661
0.028653
0.028661
0.028661
0.028637
0.028660
0.028660
0.028682
0.028687
0.028670
0.028670
0.028636
0.028631
0.028665
0.028636
0.028636
0.028636
0.028690
0.028661
0.028614
0.028605
0.028605
0.028605
0.028605
0.028634
0.028634
0.028676
0.028711
0.028679
0.028636
0.028665
0.028678
0.028647
0.028647
0.028676
0.028676
0.028676
0.028676
0.028676
0.028694
0.028694
0.028697
0.028721
0.028734
0.028734
0.028755
0.028719
0.028723
0.028723
0.028711
0.028711
0.028711
0.028711
0.028716
0.028747
0.028773
0.028773
0.028773
0.028794
0.028771
0.028771
0.028771
0.028771
0.028752
0.028760
0.028760
0.028760
0.028799
0.028825
0.028817
0.028826
0.028799
0.028843
0.028863
0.028863
0.028874
0.028874
0.028839
0.028815
0.028815
0.028815
0.028827
0.028855
0.028886
0.028886
0.028859
0.028918
0.028939
0.028933
0.028933
0.028933
0.028966
0.028981
0.028981
0.028981
0.028981
0.028971
0.028958
0.028958
0.028958
0.029026
0.029026
0.029044
0.029044
0.029089
0.029089
0.029128
0.029146
0.029146
0.029146
0.029123
0.029123
0.029123
0.029218
0.029242
0.029209
0.029209
0.029171
0.029191
0.029191
0.029191
0.029191
0.029169
0.029191
0.029192
0.029192
0.029192
0.029237
0.029287
0.029287
0.029287
0.029287
0.029252
0.029276
0.029287
0.029287
0.029287
0.029287
0.029303
0.029303
0.029303
0.029353
0.029353
0.029429
0.029455
0.029455
0.029436
0.029436
0.029436
0.029469
0.029469
0.029469
0.029469
0.029432
0.029432
0.029460
0.029506
0.029513
0.029495
0.029495
0.029495
0.029524
0.029524
0.029524
0.029524
0.029532
0.029466
0.029495
0.029495
0.029457
0.029454
0.029438
0.029484
0.029525
0.029525
0.029525
0.029525
0.029525
0.029525
0.029525
0.029568
0.029568
0.029568
0.029568
0.029565
0.029565
0.029565
0.029590
0.029615
0.029615
0.029615
0.029615
0.029615
0.029615
0.029615
0.029663
0.029663
0.029649
0.029615
0.029615
0.029615
0.029595
0.029595
0.029630
0.029676
0.029676
0.029676
0.029676
0.029699
0.029699
0.029699
0.029699
0.029735
0.029701
0.029719
0.029719
0.029719
0.029719
0.029719
0.029719
0.029719
0.029820
0.029820
0.029820
0.029779
0.029745
0.029745
0.029765
0.029765
0.029765
0.029765
0.029765
0.029803
0.029793
0.029757
0.029796
0.029788
0.029835
0.029835
0.029802
0.029788
0.029788
0.029719
0.029719
0.029719
0.029758
0.029781
0.029781
0.029781
0.029814
0.029814
0.029828
0.029851
0.029866
0.029866
0.029866
0.029827
0.029833
0.029857
0.029830
0.029830
0.029832
0.029871
0.029896
0.029860
0.029860
0.029860
0.029802
0.029849
0.029875
0.029909
0.029909
0.029909
0.029943
0.029918
0.029911
0.029911
0.029939
0.029939
0.029939
0.029939
0.029942
0.029911
0.029959
0.029992
0.029992
0.030034
0.030063
0.030040
0.030040
0.029969
0.029969
0.029969
0.029969
0.029999
0.029976
0.029977
0.029977
0.029999
0.029961
0.030008
0.030030
0.030030
0.029983
0.029983
0.029983
0.029983
0.030017
0.029997
0.029997
0.029997
0.030009
0.030043
0.030091
0.030071
0.030037
0.030037
0.030003
0.030007
0.030007
0.029989
0.029989
0.030021
0.030021
0.030021
0.030021
0.030021
0.030076
0.030163
0.030163
0.030196
0.030162
0.030127
0.030097
0.030081
0.030081
0.030081
0.030081
0.030124
0.030086
0.030071
0.030071
0.030105
0.030153
0.030119
0.030166
0.030187
0.030187
0.030196
0.030196
0.030196
0.030138
0.030109
0.030096
0.030096
0.030132
0.030112
0.030122
0.030122
0.030159
0.030159
0.030159
0.030159
0.030122
0.030122
0.030158
0.030128
0.030128
0.030128
0.030128
0.030128
0.030128
0.030159
0.030159
0.030205
0.030214
0.030214
0.030214
0.030176
0.030176
0.030189
0.030189
0.030223
0.030223
0.030223
0.030217
0.030255
0.030255
0.030255
0.030254
0.030265
0.030260
0.030260
0.030260
0.030260
0.030260
0.030260
0.030260
0.030227
0.030227
0.030267
0.030267
0.030267
0.030267
0.030265
0.030237
0.030237
0.030257
0.030257
0.030257
0.030257
0.030256
0.030256
0.030286
0.030286
0.030242
0.030242
0.030284
0.030284
0.030314
0.030314
0.030314
0.030301
0.030275
0.030240
0.030240
0.030288
0.030288
0.030288
0.030249
0.030181
