2.826407
2.710665
2.610017
2.546861
2.516664
2.506252
2.504828
2.505251
2.505674
2.505452
2.504738
2.503547
2.501979
2.500442
2.498651
2.496944
2.495102
2.491759
2.487578
2.483027
2.478789
2.474263
2.469632
2.465287
2.460687
2.456786
2.452531
2.448265
2.444394
2.440380
2.436722
2.432648
2.428355
2.424315
2.420925
2.417400
2.413355
2.409288
2.405514
2.402187
2.398703
2.394899
2.390683
2.386634
2.382455
2.378672
2.374650
2.370709
2.366937
2.362337
2.357495
2.353076
2.348684
2.344316
2.339933
2.334951
2.330261
2.325699
2.321114
2.316765
2.312225
2.307355
2.302342
2.297362
2.292635
2.288033
2.282707
2.277606
2.272533
2.267840
2.263143
2.258041
2.252841
2.247569
2.242468
2.237468
2.232270
2.227051
2.221784
2.216772
2.211129
2.204482
2.197767
2.190857
2.184604
2.179692
2.174738
2.170182
2.165542
2.159996
2.154463
2.148732
2.143020
2.137565
2.132166
2.127017
2.121639
2.116112
2.110875
2.105110
2.099426
2.092854
2.086176
2.079640
2.073276
2.067281
2.061662
2.056368
2.051052
2.045458
2.039771
2.033711
2.028114
2.022595
2.016951
2.011444
2.006165
2.000716
1.995266
1.989424
1.983339
1.977447
1.971452
1.965495
1.959498
1.953627
1.948066
1.942475
1.936728
1.931225
1.925973
1.920548
1.915229
1.909889
1.904636
1.899122
1.893812
1.888480
1.883049
1.878067
1.872974
1.867840
1.862476
1.857025
1.851831
1.846456
1.841368
1.836268
1.831293
1.826101
1.821419
1.816266
1.811566
1.806772
1.802053
1.797321
1.792238
1.787898
1.783032
1.778400
1.773827
1.769099
1.764641
1.759869
1.755498
1.751101
1.746618
1.741827
1.737826
1.732851
1.728168
1.723484
1.718677
1.713761
1.708727
1.704290
1.699801
1.694846
1.690167
1.685875
1.680825
1.675701
1.671016
1.666216
1.661707
1.656700
1.651671
1.647254
1.642895
1.638601
1.633886
1.629636
1.625455
1.621127
1.616355
1.611268
1.606322
1.601973
1.597374
1.592511
1.587303
1.581841
1.576578
1.571780
1.566971
1.561672
1.556088
1.550706
1.545647
1.540870
1.536017
1.530679
1.525305
1.519655
1.514439
1.509313
1.504452
1.499118
1.494113
1.488338
1.483045
1.477834
1.472721
1.467588
1.462379
1.456845
1.451320
1.446155
1.440733
1.435303
1.429714
1.424102
1.418834
1.413868
1.408783
1.403005
1.397474
1.391996
1.386556
1.381044
1.375305
1.369732
1.364408
1.358815
1.352953
1.347380
1.342119
1.336658
1.330951
1.325334
1.320001
1.314123
1.308684
1.303053
1.297738
1.292406
1.286906
1.281350
1.275766
1.270217
1.264696
1.259447
1.254150
1.248727
1.243354
1.238418
1.233471
1.228356
1.223108
1.217919
1.212745
1.207670
1.202416
1.197412
1.192176
1.187749
1.184936
1.183748
1.183911
1.184707
1.186144
1.187929
1.189938
1.191722
1.192227
1.191403
1.188574
1.184818
1.180418
1.175692
1.171091
1.166445
1.162077
1.158057
1.154418
1.152143
1.150933
1.149771
1.149450
1.149878
1.150994
1.152494
1.153592
1.154482
1.154047
1.152003
1.148989
1.145654
1.141689
1.137895
1.133877
1.130212
1.126789
1.123903
1.122304
1.122137
1.122886
1.124549
1.126492
1.128617
1.130891
1.132540
1.132683
1.130891
1.128431
1.125165
1.121915
1.118273
1.114728
1.111211
1.107941
1.104898
1.102016
1.099147
1.096146
1.092956
1.089762
1.086771
1.083596
1.081110
1.079786
1.080416
1.081869
1.083956
1.086811
1.089744
1.092823
1.095594
1.097806
1.098318
1.097363
1.095909
1.093444
1.090540
1.087602
1.084560
1.081590
1.079474
1.079086
1.080379
1.082539
1.085245
1.088119
1.091460
1.094743
1.097457
1.098349
1.097494
1.095663
1.093472
1.091189
1.088487
1.085606
1.082861
1.080285
1.078338
1.078066
1.078789
1.079503
1.080912
1.082501
1.083566
1.085094
1.086992
1.087392
1.086461
1.084814
1.082867
1.080651
1.077941
1.075249
1.072656
1.070117
1.067797
1.065992
1.065854
1.067439
1.069850
1.072856
1.076473
1.080475
1.084245
1.087418
1.088561
1.088068
1.086517
1.084784
1.082147
1.079444
1.076795
1.074003
1.071334
1.068811
1.066464
1.064076
1.061582
1.059802
1.059527
1.060937
1.063327
1.066486
1.070154
1.074046
1.078267
1.082340
1.085459
1.086615
1.085662
1.083896
1.081633
1.079156
1.076652
1.074027
1.071215
1.068515
1.065837
1.063361
1.060692
1.057884
1.055163
1.053048
1.052600
1.053877
1.056311
1.059374
1.063077
1.067029
1.071067
1.074989
1.078167
1.079302
1.078248
1.076274
1.073729
1.070714
1.067573
1.064725
1.061810
1.058986
1.055970
1.053059
1.050052
1.047101
1.044332
1.041272
1.038815
1.038427
1.039936
1.042572
1.045799
1.049522
1.053719
1.058104
1.062304
1.065423
1.066621
1.065962
1.064385
1.062051
1.058943
1.055664
1.052317
1.048825
1.045572
1.042268
1.039162
1.035945
1.032624
1.029572
1.026708
1.023559
1.020918
1.020368
1.022005
1.024615
1.028000
1.031868
1.036519
1.040679
1.044921
1.048068
1.048949
1.047526
1.045403
1.043089
1.040385
1.037328
1.034042
1.030783
1.027520
1.024423
1.021545
1.018482
1.015641
1.012922
1.010121
1.007307
1.004270
1.001872
1.001573
1.003020
1.005383
1.008345
1.012200
1.016001
1.019545
1.023364
1.025935
1.026589
1.025331
1.023368
1.021017
1.018176
1.015010
1.011978
1.008725
1.005901
1.003029
1.000247
0.997580
0.994566
0.991956
0.989098
0.986374
0.983443
0.980696
0.978313
0.977693
0.978667
0.980342
0.983104
0.985464
0.988616
0.991602
0.993749
0.994361
0.993038
0.990860
0.988584
0.985695
0.982690
0.979265
0.976467
0.973579
0.971575
0.970526
0.969462
0.968134
0.967553
0.966492
0.964465
0.962411
0.960244
0.957647
0.954924
0.952417
0.949749
0.946853
0.944125
0.942136
0.941078
0.941454
0.942214
0.944031
0.945768
0.947900
0.950426
0.952235
0.953655
0.953508
0.952397
0.950482
0.948094
0.945225
0.942204
0.938970
0.935771
0.932554
0.929728
0.927011
0.924510
0.921816
0.919545
0.916813
0.914459
0.912070
0.909455
0.906878
0.904647
0.902138
0.899580
0.897192
0.894835
0.892172
0.889887
0.887595
0.885087
0.882508
0.880186
0.878149
0.875437
0.872890
0.870446
0.868052
0.865448
0.862668
0.860356
0.859010
0.858588
0.858806
0.859256
0.859386
0.859931
0.860739
0.861161
0.861462
0.861207
0.859844
0.857416
0.854445
0.851229
0.847596
0.843997
0.840845
0.837812
0.835071
0.832561
0.829920
0.827511
0.825347
0.822670
0.820288
0.817970
0.815900
0.813221
0.810384
0.808284
0.805887
0.803356
0.800541
0.798311
0.796139
0.793843
0.791180
0.788529
0.786100
0.783971
0.781270
0.778504
0.775980
0.773479
0.771046
0.768406
0.765589
0.762877
0.760388
0.758032
0.755539
0.752453
0.749771
0.747383
0.744825
0.742130
0.739197
0.736140
0.733264
0.730929
0.728285
0.724900
0.721832
0.719057
0.716157
0.713019
0.709827
0.706503
0.703273
0.700430
0.697424
0.694211
0.690818
0.687914
0.684994
0.681947
0.678759
0.675674
0.672705
0.669823
0.666596
0.663619
0.660702
0.657709
0.654819
0.651619
0.648481
0.645736
0.642863
0.640051
0.636952
0.634135
0.631280
0.628581
0.625578
0.622550
0.619718
0.617158
0.614331
0.611400
0.608430
0.605886
0.603284
0.600711
0.597610
0.594623
0.591688
0.589187
0.586497
0.583725
0.580644
0.577739
0.575026
0.572688
0.570115
0.567290
0.564388
0.561622
0.558844
0.556453
0.554109
0.551292
0.548551
0.545797
0.543319
0.541179
0.538552
0.535889
0.533351
0.530787
0.528406
0.525994
0.523560
0.520666
0.517999
0.515748
0.513331
0.510707
0.508066
0.505594
0.503240
0.500455
0.498027
0.495614
0.493191
0.490743
0.488382
0.485858
0.483398
0.480848
0.478519
0.475954
0.473606
0.471176
0.468725
0.466262
0.463816
0.461537
0.458923
0.456365
0.453826
0.451502
0.448922
0.446457
0.443928
0.441445
0.438887
0.436500
0.433831
0.431266
0.428548
0.426045
0.423582
0.420871
0.418082
0.415474
0.412817
0.410135
0.407394
0.404539
0.401797
0.399080
0.396318
0.393452
0.390728
0.387627
0.384720
0.381894
0.378858
0.376000
0.372896
0.370043
0.367072
0.364310
0.360925
0.358150
0.354946
0.351969
0.348771
0.345715
0.342742
0.339634
0.336573
0.333330
0.330071
0.327014
0.323945
0.320607
0.317505
0.314424
0.311173
0.307877
0.304865
0.301707
0.298347
0.295353
0.292230
0.289131
0.286095
0.283218
0.280558
0.277518
0.274531
0.271661
0.269010
0.266179
0.263318
0.260680
0.258045
0.255342
0.252653
0.250155
0.247837
0.245487
0.242957
0.240709
0.238454
0.236079
0.233691
0.231289
0.229258
0.226880
0.224677
0.222764
0.220797
0.218781
0.216736
0.214818
0.212838
0.210880
0.209111
0.207313
0.205480
0.203710
0.201963
0.200286
0.198598
0.196930
0.195358
0.193673
0.192116
0.190575
0.189136
0.187674
0.186147
0.184643
0.183312
0.181871
0.180535
0.179231
0.177854
0.176557
0.175195
0.173883
0.172695
0.171436
0.170137
0.169017
0.167684
0.166469
0.165392
0.164154
0.163077
0.161896
0.160752
0.159511
0.158557
0.157718
0.156578
0.155609
0.154331
0.153284
0.152274
0.151275
0.150358
0.149374
0.148295
0.147243
0.146321
0.145283
0.144321
0.143392
0.142551
0.141586
0.140633
0.139721
0.138908
0.137956
0.137200
0.136327
0.135494
0.134707
0.133838
0.133023
0.132090
0.131341
0.130411
0.129508
0.128739
0.127931
0.127252
0.126470
0.125694
0.124839
0.124236
0.123421
0.122638
0.121852
0.121262
0.120443
0.119768
0.118837
0.118219
0.117548
0.116842
0.116191
0.115435
0.114805
0.114117
0.113496
0.112761
0.112049
0.111422
0.110820
0.110214
0.109577
0.108914
0.108313
0.107783
0.107130
0.106555
0.105859
0.105371
0.104734
0.104020
0.103509
0.103058
0.102353
0.101903
0.101260
0.100655
0.100109
0.099554
0.099115
0.098608
0.098105
0.097504
0.097038
0.096440
0.096014
0.095463
0.095018
0.094440
0.094040
0.093538
0.093077
0.092598
0.092117
0.091755
0.091260
0.090752
0.090256
0.089779
0.089398
0.088905
0.088629
0.087992
0.087761
0.087150
0.086843
0.086367
0.085906
0.085578
0.085120
0.084802
0.084266
0.084017
0.083461
0.083125
0.082661
0.082247
0.081903
0.081510
0.081385
0.080741
0.080452
0.080119
0.079802
0.079342
0.078923
0.078610
0.078310
0.077981
0.077641
0.077235
0.076808
0.076544
0.076284
0.075871
0.075633
0.075165
0.074826
0.074605
0.074273
0.073896
0.073578
0.073166
0.072976
0.072569
0.072378
0.072019
0.071712
0.071273
0.071060
0.070704
0.070465
0.070219
0.069808
0.069446
0.069205
0.068884
0.068633
0.068287
0.068037
0.067810
0.067499
0.067202
0.066961
0.066601
0.066305
0.065991
0.065695
0.065538
0.065218
0.064980
0.064654
0.064465
0.064172
0.063835
0.063653
0.063351
0.063121
0.062935
0.062564
0.062261
0.062146
0.061803
0.061530
0.061161
0.060899
0.060875
0.060550
0.060308
0.059910
0.059850
0.059611
0.059355
0.059136
0.058840
0.058549
0.058302
0.058051
0.057889
0.057637
0.057432
0.056990
0.056923
0.056526
0.056522
0.056238
0.056043
0.055762
0.055611
0.055289
0.055060
0.054921
0.054646
0.054352
0.054238
0.053990
0.053870
0.053375
0.053222
0.053134
0.052922
0.052763
0.052531
0.052340
0.051990
0.051909
0.051636
0.051467
0.051350
0.051140
0.050775
0.050594
0.050413
0.050229
0.049893
0.049808
0.049613
0.049465
0.049176
0.048981
0.048905
0.048697
0.048539
0.048327
0.048090
0.047851
0.047707
0.047557
0.047412
0.047199
0.047044
0.046925
0.046657
0.046591
0.046356
0.046157
0.045969
0.045813
0.045635
0.045605
0.045476
0.045124
0.044964
0.044896
0.044676
0.044619
0.044396
0.044189
0.044123
0.044007
0.043776
0.043689
0.043552
0.043482
0.043332
0.043134
0.042918
0.042836
0.042721
0.042569
0.042478
0.042267
0.042176
0.042047
0.041954
0.041776
0.041645
0.041588
0.041328
0.041348
0.041091
0.041010
0.040957
0.040798
0.040650
0.040609
0.040434
0.040411
0.040331
0.040232
0.040075
0.039870
0.039794
0.039610
0.039521
0.039540
0.039491
0.039243
0.039276
0.039258
0.039204
0.039082
0.038935
0.038792
0.038640
0.038598
0.038526
0.038489
0.038358
0.038281
0.038206
0.038151
0.037909
0.037896
0.037782
0.037728
0.037574
0.037538
0.037474
0.037353
0.037277
0.037282
0.037124
0.037045
0.037006
0.036849
0.036810
0.036768
0.036651
0.036592
0.036554
0.036486
0.036372
0.036339
0.036233
0.036186
0.036059
0.036033
0.036011
0.035999
0.035795
0.035786
0.035750
0.035744
0.035607
0.035512
0.035458
0.035388
0.035334
0.035231
0.035195
0.035179
0.035162
0.035179
0.035007
0.034965
0.034884
0.034792
0.034792
0.034652
0.034652
0.034551
0.034538
0.034505
0.034456
0.034381
0.034310
0.034271
0.034292
0.034178
0.034178
0.034072
0.033989
0.034025
0.033957
0.033842
0.033766
0.033772
0.033702
0.033694
0.033645
0.033673
0.033572
0.033572
0.033583
0.033509
0.033438
0.033323
0.033229
0.033197
0.033192
0.033194
0.033092
0.033060
0.032930
0.032920
0.032920
0.032920
0.032791
0.032713
0.032713
0.032654
0.032638
0.032629
0.032597
0.032496
0.032522
0.032514
0.032488
0.032392
0.032392
0.032316
0.032259
0.032231
0.032199
0.032117
0.032085
0.032037
0.032003
0.032000
0.032000
0.031938
0.031899
0.031860
0.031860
0.031741
0.031762
0.031753
0.031753
0.031678
0.031604
0.031571
0.031508
0.031567
0.031499
0.031503
0.031425
0.031425
0.031425
0.031387
0.031400
0.031359
0.031327
0.031251
0.031251
0.031235
0.031191
0.031141
0.031065
0.031026
0.031026
0.031026
0.031026
0.030949
0.030908
0.030984
0.031016
0.030946
0.030902
0.030902
0.030857
0.030818
0.030791
0.030818
0.030747
0.030747
0.030747
0.030747
0.030737
0.030701
0.030590
0.030534
0.030547
0.030547
0.030508
0.030477
0.030373
0.030373
0.030373
0.030336
0.030311
0.030311
0.030348
0.030283
0.030283
0.030283
0.030309
0.030273
0.030220
0.030220
0.030198
0.030198
0.030198
0.030218
0.030218
0.030218
0.030181
0.030110
0.030064
0.030024
0.029992
0.029972
0.029934
0.029934
0.029934
0.029972
0.029971
0.029928
0.029928
0.029928
0.029928
0.029936
0.029897
0.029897
0.029858
0.029858
0.029777
0.029738
0.029738
0.029738
0.029738
0.029778
0.029778
0.029765
0.029737
0.029727
0.029727
0.029670
0.029651
0.029648
0.029613
0.029586
0.029548
0.029557
0.029521
0.029521
0.029521
0.029521
0.029521
0.029464
0.029464
0.029464
0.029456
0.029390
0.029390
0.029390
0.029365
0.029365
0.029383
0.029383
0.029383
0.029383
0.029389
0.029425
0.029425
0.029435
0.029435
0.029435
0.029367
0.029344
0.029262
0.029270
0.029239
0.029224
0.029224
0.029234
0.029234
0.029234
0.029202
0.029202
0.029202
0.029202
0.029142
0.029142
0.029142
0.029140
0.029140
0.029162
0.029141
0.029141
0.029154
0.029154
0.029154
0.029154
0.029066
0.029064
0.029029
0.029011
0.029011
0.029011
0.028992
0.028992
0.028992
0.029028
0.028992
0.028992
0.028944
0.028927
0.028889
0.028920
0.028887
0.028887
0.028923
0.028863
0.028827
0.028827
0.028860
0.028824
0.028860
0.028845
0.028812
0.028812
0.028775
0.028775
0.028736
0.028683
0.028683
0.028719
0.028719
0.028719
0.028654
0.028641
0.028641
0.028641
0.028641
0.028610
0.028608
0.028563
0.028563
0.028563
0.028563
0.028563
0.028563
0.028553
0.028510
0.028499
0.028499
0.028499
0.028499
0.028490
0.028515
0.028477
0.028477
0.028429
0.028429
0.028421
0.028421
0.028421
0.028421
0.028421
0.028414
0.028429
0.028429
0.028429
0.028396
0.028396
0.028353
0.028353
0.028353
0.028353
0.028353
0.028312
0.028307
0.028307
0.028307
0.028307
0.028307
0.028339
0.028335
0.028306
0.028306
0.028306
0.028306
0.028306
0.028304
0.028304
0.028304
0.028304
0.028304
0.028304
0.028304
0.028304
0.028234
0.028234
0.028193
0.028194
0.028194
0.028194
0.028194
0.028194
0.028194
0.028196
0.028196
0.028196
0.028196
0.028196
0.028160
0.028160
0.028160
0.028160
0.028160
0.028160
0.028164
0.028164
0.028164
0.028091
0.028091
0.028091
0.028097
0.028060
0.028027
0.028027
0.028027
0.028034
0.028034
0.028034
0.028034
0.028034
0.028034
0.028043
0.028043
0.028043
0.028043
0.028043
0.028052
0.028014
0.028014
0.028014
0.028014
0.028014
0.028025
0.028025
0.028025
0.028025
0.027990
0.028007
0.028007
0.028007
0.027970
0.027937
0.027951
0.027951
0.027951
0.027951
0.027951
0.027929
0.027929
0.027929
0.027929
0.027929
0.027929
0.027907
0.027907
0.027907
0.027907
0.027907
0.027924
0.027951
0.027951
0.027951
0.027951
0.027969
0.027969
0.027969
0.027935
0.027935
0.027954
0.027954
0.027954
0.027954
0.027954
0.027974
0.027974
0.027974
0.027974
0.027974
0.027995
0.028027
0.028027
0.028027
0.027957
0.027979
0.027948
0.027948
0.027958
0.027958
0.027981
0.027981
0.027981
0.027981
0.027981
0.028005
0.028005
0.028005
0.028005
0.028005
0.027987
0.027987
0.027987
0.027987
0.027987
0.027985
0.027985
0.027985
0.027985
0.027985
0.027985
0.028012
0.028012
0.028012
0.028012
0.028012
0.028012
0.028039
0.028039
0.028039
0.028039
0.028039
0.028068
0.028068
0.028056
0.028016
0.028016
0.028016
0.028046
0.028046
0.028046
0.028014
0.028062
0.028062
0.028062
0.028092
0.028092
0.028092
0.028092
0.028092
0.028060
0.028053
0.028053
0.028053
0.028033
0.028033
0.028033
0.028033
0.028065
0.028065
0.028065
0.028065
0.028065
0.028065
0.027991
0.027991
0.028024
0.028024
0.028024
0.028024
0.028024
0.028024
0.028061
0.028061
0.028079
0.028044
0.028044
0.028006
0.028006
0.028006
0.028006
0.028006
0.028006
0.028041
0.028029
0.028029
0.028068
0.028068
0.028068
0.028068
0.028068
0.028068
0.028068
0.028071
0.028071
0.028059
0.028059
0.028059
0.028059
0.028059
0.028059
0.028059
0.028063
0.028063
0.028101
0.028101
0.028101
0.028101
0.028101
0.028101
0.028070
0.028070
0.028070
0.028070
0.028070
0.028070
0.028070
0.028040
0.028119
0.028119
0.028119
0.028149
0.028149
0.028149
0.028120
0.028132
0.028158
0.028158
0.028158
0.028158
0.028158
0.028129
0.028129
0.028129
0.028129
0.028097
0.028097
0.028069
0.028110
0.028110
0.028110
0.028143
0.028143
0.028140
0.028114
0.028114
0.028114
0.028114
0.028082
0.028082
0.028056
0.028056
0.028056
0.028056
0.028089
0.028089
0.028064
0.028064
0.028064
0.028064
0.028064
0.028064
0.028041
0.028041
0.028041
0.028041
0.028041
0.028041
0.028018
0.028018
0.028018
0.028020
0.028020
0.028020
0.028028
0.028028
0.028028
0.028028
0.028028
0.028028
0.028007
0.028007
0.028007
0.028007
0.028007
0.028007
0.027987
0.027987
0.027987
0.027987
0.027987
0.027987
0.027968
0.027968
0.027968
0.027968
0.027968
0.027968
0.027950
0.027950
0.027950
0.027950
0.027950
0.027950
0.027933
0.027897
0.027897
0.027849
0.027849
0.027849
0.027834
0.027834
0.027834
0.027840
0.027840
0.027840
0.027826
0.027826
0.027826
0.027826
0.027826
0.027812
0.027812
0.027812
0.027812
0.027812
0.027812
0.027800
0.027800
0.027800
0.027800
0.027800
0.027761
0.027750
0.027703
0.027703
0.027703
0.027703
0.027703
0.027693
0.027693
0.027693
0.027693
0.027693
0.027693
0.027684
0.027684
0.027684
0.027684
0.027684
0.027641
0.027641
0.027641
0.027641
0.027641
0.027641
0.027635
0.027635
0.027671
0.027671
0.027671
0.027635
0.027598
0.027630
0.027630
0.027630
0.027662
0.027662
0.027658
0.027668
0.027668
0.027668
0.027668
0.027668
0.027634
0.027634
0.027634
0.027634
0.027634
0.027634
0.027634
0.027634
0.027634
0.027666
0.027585
0.027586
0.027586
0.027586
0.027586
0.027586
0.027586
0.027588
0.027588
0.027588
0.027624
0.027624
0.027624
0.027627
0.027627
0.027627
0.027627
0.027627
0.027627
0.027632
0.027632
0.027632
0.027632
0.027632
0.027638
0.027638
0.027638
0.027638
0.027638
0.027638
0.027645
0.027645
0.027645
0.027645
0.027645
0.027645
0.027654
0.027654
0.027654
0.027654
0.027654
0.027665
0.027665
0.027665
0.027665
0.027665
0.027665
0.027676
0.027676
0.027676
0.027676
0.027676
0.027689
0.027735
0.027735
0.027735
0.027735
0.027735
0.027749
0.027749
0.027749
0.027749
0.027749
0.027764
0.027764
0.027764
0.027764
0.027764
0.027780
0.027780
0.027780
0.027794
0.027794
0.027811
0.027811
0.027811
0.027811
0.027811
0.027829
0.027829
0.027829
0.027829
0.027829
0.027829
0.027848
0.027848
0.027848
0.027848
0.027848
0.027869
0.027869
0.027902
0.027902
0.027902
0.027924
0.027924
0.027924
0.027924
0.027924
0.027946
0.027979
0.027979
0.027979
0.027979
0.028002
0.028002
0.028002
0.028002
0.028002
0.028026
0.028026
0.028026
0.028026
0.028026
0.028026
0.028009
0.028009
0.028009
0.028009
0.028009
0.028036
0.028036
0.028036
0.028036
0.028036
0.028036
0.028063
0.028063
0.028063
0.028063
0.028063
0.028063
0.028091
0.028091
0.028091
0.028091
0.028091
0.028091
0.028120
0.028120
0.028081
0.028081
0.028070
0.028070
0.028100
0.028100
0.028100
0.028100
0.028100
0.028100
0.028100
0.028131
0.028131
0.028131
0.028131
0.028131
0.028131
0.028093
0.028125
0.028125
0.028125
0.028125
0.028125
0.028125
0.028125
0.028125
0.028158
0.028158
0.028158
0.028158
0.028122
0.028122
0.028122
0.028122
0.028155
0.028155
0.028155
0.028155
0.028155
0.028155
0.028155
0.028155
0.028155
0.028155
0.028155
0.028155
0.028155
0.028155
0.028155
0.028155
0.028155
0.028155
0.028158
0.028158
0.028158
0.028158
0.028158
0.028158
0.028158
0.028158
0.028191
0.028175
0.028175
0.028213
0.028213
0.028213
0.028213
0.028213
0.028213
0.028213
0.028181
0.028181
0.028181
0.028181
0.028181
0.028181
0.028219
0.028219
0.028189
0.028189
0.028189
0.028189
0.028153
0.028153
0.028153
0.028153
0.028124
0.028124
0.028124
0.028124
0.028124
0.028158
0.028158
0.028169
0.028169
0.028169
0.028169
0.028169
0.028169
0.028169
0.028141
0.028141
0.028141
0.028141
0.028141
0.028141
0.028141
0.028114
0.028114
0.028114
0.028114
0.028081
0.028081
0.028081
0.028055
0.028055
0.028055
0.028055
0.028055
0.028105
0.028080
0.028080
0.028080
0.028080
0.028080
0.028080
0.028056
0.028056
0.028056
0.028099
0.028099
0.028099
0.028099
0.028076
0.028076
0.028076
0.028076
0.028076
0.028076
0.028054
0.028054
0.028054
0.028054
0.028054
0.028054
0.028034
0.028034
0.028034
0.028034
0.028034
0.028034
0.028014
0.028014
0.028014
0.028014
0.028014
0.028014
0.028014
0.027995
0.027995
0.027956
0.027956
0.027956
0.027956
0.027938
0.027938
0.027938
0.027938
0.027938
0.027938
0.027921
0.027921
0.027921
0.027921
0.027921
0.027921
0.027905
0.027905
0.027905
0.027859
0.027859
0.027859
0.027859
0.027844
0.027844
0.027844
0.027844
0.027844
0.027844
0.027831
0.027831
0.027831
0.027831
0.027831
0.027831
0.027818
0.027818
0.027818
0.027818
0.027818
0.027818
0.027807
0.027807
0.027807
0.027807
0.027807
0.027807
0.027797
0.027797
0.027797
0.027797
0.027797
0.027797
0.027789
0.027789
0.027789
0.027789
0.027789
0.027824
0.027817
0.027817
0.027817
0.027817
0.027817
0.027781
0.027775
0.027775
0.027775
0.027775
0.027775
0.027811
0.027806
0.027806
0.027806
0.027758
0.027758
0.027758
0.027754
0.027754
0.027754
0.027754
0.027754
0.027754
0.027752
0.027752
0.027752
0.027788
0.027788
0.027788
0.027787
0.027787
0.027787
0.027787
0.027787
0.027787
0.027788
0.027788
0.027821
0.027821
0.027821
0.027821
0.027823
0.027823
0.027823
0.027823
0.027823
0.027823
0.027827
0.027827
0.027827
0.027827
0.027827
0.027795
0.027800
0.027800
0.027800
0.027832
0.027832
0.027832
0.027838
0.027838
0.027838
0.027838
0.027838
0.027838
0.027814
0.027814
0.027814
0.027814
0.027814
0.027814
0.027854
0.027854
0.027854
0.027843
0.027843
0.027853
0.027853
0.027821
0.027821
0.027821
0.027821
0.027833
0.027833
0.027833
0.027864
0.027864
0.027877
0.027877
0.027877
0.027877
0.027877
0.027846
0.027906
0.027906
0.027906
0.027906
0.027906
0.027921
0.027890
0.027922
0.027922
0.027922
0.027938
0.027938
0.027906
0.027906
0.027906
0.027906
0.027923
0.027923
0.027923
0.027923
0.027923
0.027942
0.027942
0.027942
0.027942
0.027942
0.027961
0.027961
0.027961
0.027961
0.027961
0.027981
0.027981
0.027981
0.027981
0.027981
0.028003
0.028003
0.028003
0.028003
0.028003
0.028025
0.028025
0.028025
0.028025
0.028054
0.028054
0.028077
0.028077
0.028077
0.028077
0.028077
0.028101
0.028101
0.028101
0.028101
