3.160481
3.074174
3.005672
2.967626
2.951880
2.947121
2.946316
2.946475
2.946480
2.946195
2.945666
2.945173
2.947313
2.948894
2.947095
2.944767
2.939482
2.933875
2.928904
2.925499
2.922247
2.920673
2.918458
2.917284
2.916120
2.913516
2.911878
2.908992
2.905940
2.903818
2.900452
2.897957
2.894723
2.892188
2.888533
2.886147
2.882828
2.880523
2.877318
2.873921
2.871645
2.868358
2.865819
2.862359
2.859737
2.856083
2.853558
2.849968
2.847340
2.843928
2.841157
2.837480
2.834643
2.831151
2.828329
2.824976
2.822587
2.818999
2.816522
2.813064
2.810497
2.807302
2.804997
2.801645
2.798996
2.795461
2.792775
2.789304
2.786489
2.782785
2.780234
2.776518
2.773709
2.769888
2.767462
2.763508
2.760919
2.757284
2.754304
2.751011
2.748212
2.745439
2.741929
2.739284
2.735696
2.733055
2.729947
2.727059
2.723619
2.721274
2.718049
2.715193
2.711816
2.709618
2.706236
2.703481
2.700213
2.697849
2.695992
2.693699
2.692553
2.690456
2.688705
2.687566
2.685554
2.683258
2.681995
2.679481
2.676638
2.673850
2.671402
2.668100
2.664750
2.661311
2.657821
2.654060
2.651160
2.647449
2.643976
2.640448
2.638063
2.634748
2.632420
2.629366
2.627174
2.624578
2.622822
2.620315
2.619092
2.616880
2.615346
2.613218
2.611777
2.610017
2.607688
2.606221
2.604383
2.602628
2.601056
2.598206
2.596322
2.594533
2.592521
2.590470
2.588601
2.586888
2.584891
2.582975
2.581163
2.579419
2.577609
2.575881
2.574439
2.573466
2.571804
2.570177
2.568808
2.567812
2.566089
2.564701
2.563200
2.562489
2.560544
2.558497
2.556998
2.554569
2.553096
2.550822
2.549694
2.548841
2.547460
2.547085
2.546020
2.545995
2.544969
2.544828
2.543781
2.543702
2.543406
2.542223
2.541814
2.541409
2.540291
2.539860
2.539470
2.539067
2.537727
2.537225
2.536583
2.535945
2.534476
2.533873
2.533314
2.532758
2.532217
2.531732
2.531252
2.530008
2.529472
2.529053
2.528480
2.528075
2.527614
2.527223
2.526837
2.526427
2.526003
2.525517
2.524981
2.524365
2.523503
2.522907
2.522897
2.522046
2.521416
2.520488
2.519621
2.518673
2.518545
2.517729
2.516809
2.515863
2.514984
2.514959
2.513953
2.513051
2.513002
2.511918
2.511091
2.509942
2.509715
2.508734
2.507558
2.507425
2.506371
2.506054
2.505244
2.504418
2.504443
2.503686
2.502841
2.502706
2.501940
2.501073
2.500787
2.499751
2.498471
2.497890
2.496645
2.495294
2.494543
2.492998
2.492235
2.490503
2.488881
2.488176
2.486470
2.485828
2.484126
2.483274
2.481697
2.481031
2.479357
2.477757
2.477137
2.475681
2.475026
2.473492
2.472892
2.471306
2.470551
2.469034
2.468247
2.467406
2.465791
2.464904
2.463183
2.462291
2.460574
2.459567
2.457903
2.456828
2.455871
2.453995
2.452960
2.451014
2.450302
2.448955
2.446807
2.445620
2.444354
2.442177
2.440963
2.439714
2.437748
2.436846
2.435900
2.434930
2.433162
2.432719
2.432281
2.431673
2.430588
2.430157
2.429882
2.428631
2.428135
2.427640
2.426242
2.425441
2.424689
2.422879
2.422112
2.421189
2.420041
2.418249
2.417278
2.416331
2.414451
2.413553
2.412546
2.411712
2.410107
2.409413
2.408826
2.408316
2.406908
2.406393
2.405881
2.405476
2.404073
2.403641
2.403279
2.402975
2.401517
2.401125
2.400594
2.400179
2.399613
2.398194
2.397655
2.397095
2.396617
2.395321
2.394728
2.394124
2.393568
2.393153
2.391837
2.391273
2.390780
2.390291
2.389864
2.389298
2.388069
2.387632
2.387264
2.386987
2.386562
2.386070
2.384707
2.384331
2.383937
2.383559
2.383120
2.382913
2.381539
2.381155
2.380682
2.380372
2.379961
2.379565
2.378274
2.378040
2.377633
2.377260
2.376888
2.376524
2.376081
2.375673
2.374406
2.373989
2.373684
2.373257
2.372927
2.372600
2.372078
2.371777
2.370644
2.370304
2.369955
2.369682
2.369134
2.368817
2.368459
2.368152
2.367070
2.366599
2.366378
2.366008
2.365714
2.365455
2.365352
2.365142
2.364751
2.364454
2.363368
2.363071
2.362780
2.362372
2.362082
2.361757
2.361489
2.361227
2.360943
2.360705
2.360483
2.359329
2.358998
2.358835
2.358593
2.358286
2.358071
2.357778
2.357400
2.357335
2.356943
2.356675
2.356548
2.355423
2.355067
2.354939
2.354726
2.354400
2.354446
2.354248
2.353973
2.353743
2.353505
2.353129
2.352886
2.352671
2.352434
2.352173
2.351050
2.350778
2.350694
2.350375
2.350146
2.349891
2.349609
2.349397
2.349151
2.348879
2.348587
2.348322
2.348132
2.347913
2.347576
2.347422
2.347032
2.345912
2.345611
2.345368
2.345076
2.344867
2.344665
2.344331
2.344182
2.343941
2.343597
2.343400
2.343277
2.343106
2.342958
2.342544
2.342321
2.341943
2.341777
2.341361
2.341076
2.340955
2.339836
2.339444
2.339314
2.338968
2.338593
2.338279
2.338026
2.337685
2.337428
2.337197
2.336794
2.336504
2.336244
2.335901
2.335629
2.335340
2.335003
2.334613
2.334386
2.334173
2.333820
2.333535
2.333156
2.332873
2.332650
2.332238
2.331055
2.330641
2.330419
2.330081
2.329724
2.329502
2.329260
2.328929
2.328438
2.328229
2.327746
2.327513
2.326891
2.326669
2.326263
2.325790
2.325424
2.325136
2.324689
2.324288
2.323913
2.323644
2.323158
2.322830
2.322365
2.321953
2.321543
2.321337
2.320858
2.320464
2.320081
2.319699
2.319368
2.319054
2.318666
2.318305
2.317083
2.316809
2.316471
2.316163
2.315721
2.315336
2.315059
2.314714
2.314327
2.314130
2.313867
2.313598
2.313265
2.313026
2.312648
2.312259
2.311945
2.311718
2.311359
2.310964
2.310721
2.310433
2.309975
2.309742
2.309437
2.309217
2.308892
2.308538
2.308265
2.308076
2.307822
2.307532
2.307228
2.306997
2.306598
2.306327
2.306056
2.305827
2.305603
2.305410
2.305188
2.304825
2.304632
2.304352
2.304178
2.303985
2.303771
2.303524
2.303360
2.303167
2.302955
2.302784
2.302565
2.302293
2.301313
2.301007
2.300833
2.300634
2.300374
2.300205
2.300021
2.299691
2.299545
2.299328
2.299064
2.298868
2.298788
2.298479
2.298287
2.298109
2.298070
2.297858
2.297683
2.297395
2.297220
2.297031
2.296928
2.296786
2.296597
2.296512
2.296559
2.296407
2.296136
2.295951
2.295823
2.295597
2.295549
2.295362
2.295211
2.295110
2.294933
2.294678
2.294551
2.294417
2.294398
2.294170
2.293983
2.293960
2.293818
2.293605
2.293485
2.293352
2.293289
2.293178
2.292966
2.292889
2.292856
2.292812
2.292601
2.292540
2.292443
2.292282
2.292303
2.292219
2.292065
2.291972
2.291781
2.291790
2.291551
2.291493
2.291337
2.291290
2.291171
2.290955
2.290887
2.290844
2.290749
2.290619
2.290559
2.290453
2.290338
2.290326
2.290221
2.290117
2.290103
2.290033
2.289926
2.289856
2.289791
2.289691
2.289519
2.289426
2.289442
2.289384
2.289312
2.289201
2.289152
2.289028
2.288944
2.288856
2.288771
2.287911
2.287781
2.287810
2.287709
2.287637
2.287590
2.287515
2.287422
2.287365
2.287199
2.287287
2.287098
2.287063
2.286996
2.286980
2.286881
2.286877
2.286823
2.286754
2.286648
2.286576
2.286576
2.286429
2.286407
2.286354
2.286258
2.286293
2.286267
2.286146
2.286011
2.285965
2.285941
2.285943
2.285789
2.285669
2.285624
2.285575
2.285526
2.285404
2.285404
2.285305
2.285297
2.285294
2.285246
2.285153
2.285138
2.285089
2.285022
2.284969
2.284971
2.284928
2.284828
2.284779
2.284735
2.284718
2.284629
2.284629
2.284536
2.284486
2.284525
2.284479
2.284407
2.284336
2.284287
2.284193
2.284156
2.284203
2.284106
2.284062
2.284062
2.283940
2.283976
2.283858
2.283833
2.283784
2.283783
2.283738
2.283647
2.283695
2.283654
2.283583
2.283523
2.283439
2.283479
2.283476
2.283476
2.283333
2.283333
2.283294
2.283305
2.283285
2.283141
2.283188
2.283125
2.283075
2.283086
2.282944
2.282909
2.282863
2.282873
2.282873
2.282793
2.282772
2.282772
2.282772
2.282726
2.282676
2.282634
2.282648
2.282662
2.282565
2.282529
2.282564
2.282565
2.282520
2.282557
2.282536
2.282500
2.282500
2.282399
2.282353
2.282330
2.282347
2.282347
2.282347
2.282348
2.282365
2.282354
2.282243
2.282262
2.282216
2.282216
2.282189
2.282169
2.282138
2.282140
2.282045
2.282065
2.282048
2.282098
2.282108
2.281969
2.281988
2.281989
2.281989
2.281956
2.281893
2.281893
2.281893
2.281913
2.281913
2.281828
2.281724
2.281748
2.281731
2.281707
2.281707
2.281615
2.281648
2.281649
2.281720
2.281720
2.281665
2.281623
2.281623
2.281623
2.281579
2.281579
2.281602
2.281451
2.281450
2.281477
2.281477
2.281499
2.281499
2.281429
2.281372
2.281352
2.281349
2.281254
2.281254
2.281308
2.281219
2.281202
2.281203
2.281203
2.281203
2.281203
2.281229
2.281141
2.281123
2.281082
2.281113
2.281068
2.281091
2.281120
2.281065
2.281065
2.281065
2.281015
2.281015
2.280965
2.280995
2.281023
2.281023
2.281024
2.280985
2.280982
2.280912
2.280912
2.280927
2.280845
2.280845
2.280845
2.280845
2.280846
2.280930
2.280895
2.280791
2.280788
2.280788
2.280788
2.280789
2.280739
2.280740
2.280724
2.280674
2.280640
2.280640
2.280722
2.280772
2.280722
2.280729
2.280730
2.280687
2.280686
2.280653
2.280653
2.280654
2.280688
2.280637
2.280637
2.280637
2.280660
2.280625
2.280594
2.280632
2.280582
2.280565
2.280532
2.280513
2.280513
2.280548
2.280548
2.280548
2.280518
2.280501
2.280503
2.280470
2.280470
2.280470
2.280469
2.280469
2.280468
2.280407
2.280378
2.280388
2.280395
2.280433
2.280432
2.280432
2.280415
2.280406
2.280390
2.280390
2.280360
2.280367
2.280332
2.280342
2.280342
2.280342
2.280342
2.280361
2.280361
2.280332
2.280332
2.280367
2.280333
2.280305
2.280305
2.280305
2.280261
2.280261
2.280261
2.280302
2.280302
2.280302
2.280302
2.280302
2.280226
2.280181
2.280137
2.280137
2.280179
2.280144
2.280167
2.280167
2.280141
2.280142
2.280114
2.280079
2.280063
2.280063
2.280064
2.280039
2.280015
2.280015
2.280015
2.280015
2.280015
2.280015
2.279992
2.279977
2.279977
2.279935
2.279935
2.279935
2.279935
2.279935
2.279913
2.279913
2.279913
2.279913
2.279873
2.279873
2.279873
2.279852
2.279852
2.279852
2.279852
2.279853
2.279853
2.279816
2.279816
2.279796
2.279780
2.279780
2.279780
2.279780
2.279781
2.279781
2.279779
2.279760
2.279759
2.279736
2.279736
2.279736
2.279786
2.279787
2.279728
2.279710
2.279710
2.279660
2.279660
2.279660
2.279660
2.279660
2.279645
2.279645
2.279645
2.279694
2.279694
2.279694
2.279678
2.279678
2.279663
2.279663
2.279664
2.279642
2.279642
2.279642
2.279642
2.279585
2.279585
2.279584
2.279584
2.279585
2.279538
2.279521
2.279521
2.279509
2.279509
2.279531
2.279531
2.279531
2.279532
2.279532
2.279522
2.279522
2.279522
2.279463
2.279463
2.279463
2.279441
2.279423
2.279415
2.279415
2.279394
2.279394
2.279394
2.279394
2.279348
2.279340
2.279389
2.279390
2.279390
2.279347
2.279347
2.279347
2.279308
2.279285
2.279285
2.279285
2.279285
2.279286
2.279335
2.279335
2.279319
2.279297
2.279262
2.279220
2.279229
2.279229
2.279229
2.279177
2.279177
2.279226
2.279210
2.279210
2.279210
2.279210
2.279210
2.279206
2.279206
2.279164
2.279164
2.279164
2.279164
2.279164
2.279163
2.279163
2.279163
2.279141
2.279142
2.279142
2.279126
2.279127
2.279085
2.279120
2.279120
2.279073
2.279073
2.279073
2.279076
2.279076
2.279076
2.279076
2.279076
2.279076
2.279076
2.279038
2.279038
2.279038
2.279039
2.279023
2.279023
2.279023
2.279007
2.279007
2.278972
2.278987
2.278986
2.278944
2.278944
2.278975
2.278975
2.278975
2.278975
2.279023
2.279023
2.279023
2.279032
2.279032
2.279032
2.279017
2.278976
2.278976
2.278986
2.278986
2.278987
2.278987
2.278987
2.278987
2.278987
2.278978
2.278978
2.278978
2.278978
2.278937
2.278937
2.278950
2.279000
2.279000
2.279000
2.279001
2.279001
2.278949
2.278949
2.278949
2.278949
2.278949
2.278909
2.278924
2.278924
2.278974
2.278977
2.278977
2.278928
2.278909
2.278955
2.278956
2.278955
2.278955
2.278903
2.278899
2.278860
2.278859
2.278910
2.278910
2.278894
2.278912
2.278912
2.278912
2.278912
2.278912
2.278920
2.278939
2.278939
2.278939
2.278901
2.278901
2.278922
2.278922
2.278922
2.278922
2.278922
2.278922
2.278944
2.278944
2.278953
2.278953
2.278953
2.278953
2.278976
2.278939
2.278939
2.278913
2.278914
2.278937
2.278937
2.278938
2.278903
2.278912
2.278912
2.278937
2.278937
2.278973
2.278973
2.278973
2.278999
2.278999
2.278963
2.278926
2.278926
2.278926
2.278953
2.278954
2.278954
2.278955
2.278955
2.278955
2.278994
2.278993
2.278946
2.278946
2.278946
2.278974
2.278974
2.278958
2.278926
2.278926
2.278927
2.278955
2.278955
2.278955
2.278955
2.278955
2.278955
2.278955
2.278986
2.278986
2.278947
2.278947
2.278947
2.278947
2.278978
2.278956
2.278956
2.278956
2.278924
2.278925
2.278925
2.278921
2.278919
2.278919
2.278919
2.278919
2.278968
2.278919
2.278950
2.278950
2.278950
2.278951
2.278951
2.278914
2.278914
2.278974
2.278960
2.278960
2.278960
2.278960
2.278960
2.278960
2.278881
2.278915
2.278915
2.278915
2.278915
2.278938
2.278988
2.278953
2.278952
2.278987
2.278939
2.278941
2.278941
2.278941
2.278941
2.278941
2.278941
2.278976
2.278976
2.278976
2.278978
2.278978
2.278978
2.278944
2.278944
2.278929
2.278929
2.278965
2.278966
2.278918
2.278953
2.278921
2.278921
2.278921
2.278921
2.278921
2.278923
2.278960
2.278961
2.278961
2.278909
2.278878
2.278878
2.278878
2.278878
2.278914
2.278914
2.278914
2.278866
2.278906
2.278906
2.278875
2.278840
2.278840
2.278840
2.278840
2.278840
2.278840
2.278840
2.278811
2.278811
2.278763
2.278763
2.278804
2.278804
2.278804
2.278804
2.278776
2.278753
2.278753
2.278753
2.278761
2.278761
2.278725
2.278697
2.278697
2.278688
2.278688
2.278688
2.278689
2.278688
2.278688
2.278683
2.278726
2.278736
2.278736
2.278735
2.278735
2.278735
2.278710
2.278709
2.278709
2.278709
2.278689
2.278673
2.278648
2.278648
2.278648
2.278648
2.278648
2.278650
2.278650
2.278661
2.278661
2.278661
2.278661
2.278662
2.278662
2.278639
2.278639
2.278639
2.278592
2.278590
2.278590
2.278568
2.278568
2.278568
2.278568
2.278570
2.278570
2.278549
2.278549
2.278544
2.278544
2.278544
2.278544
2.278524
2.278524
2.278524
2.278524
2.278524
2.278574
2.278505
2.278505
2.278505
2.278505
2.278505
2.278486
2.278486
2.278468
2.278468
2.278566
2.278566
2.278566
2.278566
2.278548
2.278548
2.278498
2.278498
2.278498
2.278498
2.278431
2.278431
2.278481
2.278433
2.278433
2.278433
2.278418
2.278453
2.278453
2.278453
2.278453
2.278596
2.279496
2.281981
2.290425
2.306529
2.311380
2.316083
2.322328
2.333745
2.345827
2.355940
2.361679
2.364881
2.366638
2.369275
2.371925
2.373342
2.375101
2.375082
2.374989
2.374160
2.372578
2.370687
2.368838
2.366098
2.364132
2.361993
2.359738
2.357540
2.355359
2.353213
2.351710
2.350389
2.348972
2.347972
2.346970
2.345807
2.344707
2.343520
2.342366
2.341201
2.339800
2.338359
2.336741
2.335188
2.333715
2.332174
2.330565
2.329136
2.327543
2.325497
2.323852
2.321283
2.317168
2.310968
2.303024
2.293649
2.283349
2.272985
2.262825
2.252840
2.243065
2.233118
2.223478
2.213741
2.206421
2.198966
2.188959
2.179267
2.170889
2.165031
2.162047
2.160450
2.160145
2.161170
2.161985
2.162972
2.164533
2.164631
2.163079
2.161258
2.158455
2.155769
2.153036
2.150041
2.147232
2.144357
2.141136
2.138530
2.136604
2.134740
2.133010
2.131404
2.129912
2.128323
2.126328
2.124702
2.122808
2.120936
2.118921
2.116951
2.115019
2.113030
2.110583
2.108665
2.106969
2.104834
2.102606
2.100813
2.098958
2.096797
2.094540
2.092239
2.090017
2.088970
2.086710
2.084734
2.082364
2.080494
2.078439
2.076482
2.074166
2.071681
2.069434
2.067390
2.065395
2.063502
2.061103
2.058520
2.056355
2.054429
2.052765
2.050799
2.048975
2.046741
2.044158
2.042191
2.040536
2.038818
2.036412
2.034082
2.032196
2.030264
2.028329
2.026475
2.024507
2.022913
2.020948
2.019028
2.017217
2.015663
2.014021
2.011695
2.009726
2.008282
2.007363
2.005767
2.003724
2.002423
2.000854
1.999627
1.998322
1.996514
1.994702
1.993415
1.992051
1.990441
1.988790
1.987335
1.985932
1.984541
1.983039
1.981474
1.980202
1.978779
1.977191
1.975924
1.974483
1.973416
1.972452
1.971185
1.969944
1.968675
1.967262
1.966258
1.965001
1.963902
1.962667
1.961572
1.960363
1.959165
1.958096
1.957608
1.956523
1.955421
1.954455
1.953414
1.952405
1.951287
1.950893
1.949916
1.948938
1.948009
1.947181
1.946316
1.945469
1.944622
1.943674
1.942933
1.942138
1.941233
1.940400
1.939627
1.938737
1.938109
1.937354
1.936794
1.935979
1.935350
1.934676
1.933962
1.933291
1.932644
1.932015
1.931486
1.930952
1.930364
1.929677
1.929230
1.928680
1.928079
1.927407
1.926849
1.926279
1.925659
1.925071
1.924360
1.923831
1.923179
1.922622
1.922193
1.921755
1.921054
1.920173
1.919281
1.918401
1.917625
1.915971
1.915243
1.914451
1.913729
1.912783
1.911799
1.910823
1.909794
1.908796
1.907842
1.906814
1.905607
1.904660
1.903530
1.902406
1.901280
1.900175
1.899160
1.898151
1.897045
1.896160
1.895254
1.894095
1.893173
1.892168
1.891220
1.890388
1.889433
1.888579
1.887826
1.886936
1.886391
1.885649
1.884976
1.884354
1.883931
1.883359
1.882673
1.882004
1.881417
1.880662
1.879584
1.878552
1.877540
1.876563
1.875514
1.874365
1.873348
1.872485
1.871546
1.870766
1.869683
1.868823
1.867792
1.866918
1.865987
1.865040
1.864066
1.863286
1.862355
1.861539
1.860659
1.859821
1.858959
1.858041
1.857164
1.856220
1.856031
1.855187
1.854413
1.853446
1.852691
1.851772
1.850833
1.849976
1.849253
1.848398
1.847671
1.846737
1.845882
1.845020
1.844207
1.843374
1.842701
1.842672
1.841992
1.841507
1.841163
1.840594
1.840178
1.839676
1.839187
1.838533
1.838041
1.837305
1.836602
1.835789
1.834865
1.833754
1.833190
1.831847
1.830709
1.829698
1.828775
1.827982
1.827322
1.826503
1.825773
1.824926
1.824009
1.823093
1.822470
1.821516
1.820441
1.819379
1.818175
1.816823
1.815784
1.814623
1.813749
1.812878
1.812802
1.812177
1.811742
1.811336
1.811115
1.811035
1.810528
1.809906
1.809274
1.808543
1.807929
1.807182
1.806537
1.805930
1.805141
1.804423
1.803798
1.802899
1.802239
1.801431
1.800754
1.799836
1.798771
1.797887
1.796836
1.796002
1.795184
1.794052
1.793315
1.793003
1.792058
1.791254
1.790152
1.789064
1.787834
1.786992
1.786241
1.785672
1.785006
1.784356
1.783870
1.783198
1.782780
1.782066
1.781628
1.780895
1.780020
1.778981
1.777738
1.776520
1.775105
1.774029
1.773253
1.772732
1.772310
1.771739
1.771217
1.770525
1.770057
1.769406
1.768704
1.768267
1.767474
1.766617
1.765988
1.765094
1.764527
1.763824
1.763177
1.762422
1.761535
1.760550
1.759553
1.758694
1.757713
1.757091
1.756407
1.755428
1.754594
1.753741
1.753138
1.752664
1.752149
1.751698
1.751001
1.750518
1.749073
1.748162
1.747257
1.746154
1.745149
1.744158
1.743293
1.742437
1.741586
1.741063
1.740695
1.740035
1.739166
1.738211
1.737353
1.736231
1.735147
1.734215
1.733674
1.733019
1.732300
1.731635
1.731083
1.730373
1.729696
1.728285
1.726352
1.724214
1.721820
1.719261
1.716379
1.713804
1.711008
1.708642
1.706574
1.704297
1.702037
1.699999
1.697947
1.696049
1.694195
1.692191
1.690286
1.688396
1.687333
1.686002
1.684804
1.683008
1.681452
1.679635
1.677610
1.675317
1.672613
1.669865
1.667284
1.664822
1.662239
1.660462
1.658399
1.656591
1.655200
1.653759
1.651548
1.649095
1.647395
1.646065
1.644541
1.642688
1.640775
1.638816
1.637023
1.635274
1.633503
1.631070
1.628134
1.624884
1.622496
1.621058
1.619032
1.617002
1.615182
1.613106
1.610712
1.608151
1.605703
1.603113
1.601007
1.598929
1.596844
1.594451
1.591616
1.588933
1.586123
1.583427
1.580873
1.578832
1.576776
1.574953
1.572820
1.570204
1.567656
1.564947
1.562205
1.559571
1.556694
1.554265
1.551633
1.549173
1.547090
1.544768
1.542460
1.539973
1.537471
1.534926
1.532827
1.530677
1.528534
1.526120
1.523956
1.521445
1.519056
1.516862
1.514443
1.512241
1.509712
1.507373
1.504829
1.502441
1.499985
1.497619
1.495326
1.493371
1.491167
1.489382
1.487530
1.485713
1.484009
1.481977
1.480158
1.478445
1.476931
1.475156
1.473489
1.471970
1.470079
1.468572
1.466794
1.465045
1.463098
1.461197
1.459469
1.457722
1.456141
1.454263
1.452240
1.450513
1.448684
1.446691
1.444905
1.442765
1.440892
1.438785
1.437054
1.435174
1.433198
1.431376
1.429076
1.427299
1.425194
1.423202
1.421488
1.419407
1.417409
1.415470
1.413611
1.411629
1.409869
1.408062
1.406406
1.404621
1.402704
1.400943
1.399055
1.397466
1.395776
1.394233
1.392602
1.390708
1.388987
1.387385
1.385628
1.383876
1.381870
1.380152
1.378482
1.376813
1.375339
1.373735
1.371897
1.369723
1.367487
1.365155
1.363094
1.360959
1.358802
1.356744
1.354827
1.352781
1.350815
1.349001
1.347683
1.346197
1.344652
1.342821
1.340556
1.338204
1.335903
1.333435
1.331270
1.328704
1.326703
1.324483
1.322490
1.320338
1.318189
1.315853
1.313755
1.311844
1.309668
1.307478
1.305341
1.303321
1.301267
1.299255
1.297546
1.295909
1.294218
1.292577
1.290997
1.289371
1.287528
1.285298
1.282813
1.280337
1.277834
1.275506
1.273412
1.271264
1.269227
1.267040
1.264931
1.262822
1.260551
1.258219
1.255517
1.253162
1.250953
1.248406
1.245711
1.243202
1.240825
1.238559
1.236517
1.234609
1.232951
1.231226
1.229051
1.226598
1.224215
1.221940
1.219598
1.217016
1.214497
1.211825
1.209563
1.207207
1.204712
1.202070
1.199310
1.196832
1.194788
1.192874
1.190741
1.188714
1.187065
1.185243
1.183512
1.181916
1.180020
1.178026
1.175881
1.173679
1.171501
1.169225
1.167289
1.165394
1.163746
1.161808
1.159942
1.158072
1.156068
1.154241
1.152634
1.151161
1.150324
1.149092
1.147821
1.146498
1.144785
1.143327
1.142068
1.140461
1.139048
1.137739
1.136073
1.134524
1.132694
1.130971
1.129274
1.127444
1.125812
1.124127
1.122452
1.120675
1.118754
1.116843
1.114875
1.113235
1.111472
1.109656
1.107833
1.105647
1.103580
1.101249
1.099137
1.096852
1.094812
1.092692
1.090718
1.088562
1.086357
1.084087
1.081843
1.079562
1.077345
1.075097
1.073166
1.070970
1.068915
1.066669
1.064443
1.062272
1.059760
1.057405
1.055103
1.052645
1.050451
1.048134
1.045691
1.043268
1.040914
1.038705
1.036385
1.033912
1.031633
1.029276
1.027076
1.024616
1.022331
1.019714
1.017153
1.014659
1.012347
1.010037
1.007705
1.005542
1.003101
1.001000
0.998582
0.996339
0.994092
0.991798
0.989879
0.987839
0.986067
0.984140
0.982095
0.980101
0.978031
0.975991
0.973998
0.971929
0.969960
0.967669
0.965732
0.963662
0.961543
0.959338
0.957283
0.954851
0.952766
0.950840
0.948701
0.946581
0.944383
0.942639
0.940401
0.938200
0.936082
0.933768
0.931691
0.929609
0.927527
0.925302
0.922976
0.921068
0.919277
0.916901
0.914694
0.912686
0.910747
0.908734
0.907119
0.905416
0.903681
0.901957
0.899983
0.898131
0.895918
0.893702
0.891341
0.889018
0.886716
0.884482
0.882372
0.880233
0.878017
0.875834
0.873569
0.871366
0.868856
0.866963
0.865098
0.863190
0.861146
0.858636
0.856247
0.854125
0.851558
0.849409
0.847305
0.844687
0.842358
0.840189
0.837650
0.835419
0.832980
0.830769
0.828566
0.826340
0.824403
0.822266
0.820277
0.817779
0.815351
0.812990
0.810639
0.808093
0.805803
0.803714
0.801124
0.798651
0.796311
0.793965
0.791287
0.788524
0.786186
0.783552
0.780698
0.777995
0.775743
0.773322
0.770765
0.768426
0.766353
0.764132
0.761604
0.759423
0.757013
0.754984
0.752294
0.749566
0.747008
0.744674
0.742316
0.739289
0.736362
0.733441
0.730763
0.727690
0.724506
0.721235
0.718359
0.715590
0.712644
0.709459
0.706727
0.703878
0.700675
0.697243
0.693708
0.690542
0.687056
0.683421
0.680278
0.677335
0.674319
0.671503
0.668849
0.666257
0.663848
0.661178
0.658677
0.656278
0.653623
0.651047
0.648686
0.646333
0.644216
0.641909
0.639549
0.637159
0.635110
0.632796
0.630815
0.628705
0.626857
0.624796
0.622944
0.620890
0.618876
0.616923
0.614503
0.611703
0.609040
0.606373
0.603417
0.600803
0.598394
0.596397
0.594634
0.592767
0.591236
0.589300
0.587572
0.585513
0.583723
0.582199
0.580731
0.578847
0.577079
0.574602
0.572019
0.569407
0.566765
0.564414
0.562327
0.559903
0.557779
0.555419
0.553760
0.551546
0.549625
0.547367
0.545493
0.543410
0.541384
0.539432
0.536982
0.535024
0.532681
0.530713
0.528309
0.526105
0.523736
0.521547
0.519462
0.517318
0.515324
0.513275
0.511244
0.509195
0.506960
0.504951
0.502569
0.500405
0.498336
0.495905
0.493720
0.491531
0.489162
0.487130
0.484963
0.482855
0.480793
0.478618
0.476644
0.474577
0.472396
0.470446
0.468318
0.466363
0.464288
0.461980
0.460153
0.457993
0.455890
0.453921
0.451918
0.449711
0.447815
0.445901
0.443987
0.442004
0.439690
0.437972
0.436341
0.434606
0.432909
0.431223
0.429564
0.427985
0.426269
0.424646
0.423022
0.421532
0.420066
0.418545
0.416910
0.415520
0.413739
0.411736
0.409911
0.407995
0.406002
0.404085
0.402166
0.400263
0.398338
0.396320
0.394297
0.392224
0.390057
0.388023
0.386042
0.383995
0.381997
0.379843
0.377797
0.375723
0.373588
0.371527
0.369189
0.367222
0.364956
0.362886
0.360812
0.358671
0.356654
0.354529
0.352553
0.350484
0.348406
0.346208
0.344111
0.342099
0.340046
0.337977
0.335966
0.333895
0.331785
0.329825
0.327678
0.325753
0.323674
0.321724
0.319651
0.317747
0.315719
0.313656
0.311577
0.309607
0.307756
0.305686
0.303781
0.301857
0.299817
0.297869
0.295838
0.293935
0.292064
0.290015
0.287961
0.286067
0.284244
0.282444
0.280530
0.278648
0.276709
0.274773
0.272847
0.271033
0.268948
0.267135
0.265141
0.263282
0.261392
0.259691
0.257867
0.256008
0.254124
0.252245
0.250523
0.248524
0.246667
0.244941
0.243393
0.241809
0.240186
0.238605
0.237102
0.235627
0.234180
0.232789
0.231360
0.230018
0.228663
0.227211
0.225764
0.224360
0.223072
0.221494
0.219864
0.218224
0.216562
0.214839
0.213313
0.211764
0.210080
0.208438
0.207036
0.205508
0.203962
0.202310
0.200878
0.199506
0.198026
0.196665
0.195143
0.193745
0.192390
0.190988
0.189582
0.188241
0.186925
0.185420
0.184133
0.182847
0.181527
0.180193
0.178897
0.177774
0.176558
0.175251
0.173885
0.172684
0.171332
0.170082
0.168969
0.167704
0.166434
0.165243
0.164032
0.162802
0.161646
0.160569
0.159433
0.158167
0.156926
0.155902
0.154699
0.153690
0.152541
0.151555
0.150351
0.149207
0.148083
0.146887
0.145792
0.144552
0.143404
0.142391
0.141265
0.140078
0.138959
0.137925
0.136821
0.135746
0.134637
0.133567
0.132413
0.131384
0.130245
0.129132
0.128207
0.127101
0.126209
0.125151
0.124105
0.123071
0.121966
0.120900
0.119752
0.118782
0.117802
0.116681
0.115740
0.114636
0.113712
0.112760
0.111930
0.110970
0.110077
0.109136
0.108229
0.107292
0.106317
0.105546
0.104577
0.103618
0.102801
0.101822
0.101148
0.100309
0.099446
0.098761
0.098068
0.097230
0.096463
0.095654
0.094856
0.094204
0.093545
0.092710
0.091916
0.091228
0.090422
0.089778
0.089116
0.088458
0.087677
0.087089
0.086480
0.085832
0.085211
0.084550
0.083925
0.083298
0.082631
0.082005
0.081316
0.080757
0.080023
0.079440
0.078969
0.078262
0.077854
0.077221
0.076626
0.076095
0.075582
0.074922
0.074450
0.073914
0.073331
0.072799
0.072228
0.071735
0.071159
0.070638
0.070116
0.069623
0.069198
0.068672
0.068113
0.067805
0.067311
0.066794
0.066436
0.065919
0.065447
0.064995
0.064610
0.064123
0.063677
0.063273
0.062817
0.062472
0.062065
0.061728
0.061397
0.061002
0.060675
0.060394
0.059998
0.059593
0.059196
0.058806
0.058449
0.058150
0.057824
0.057478
0.057178
0.056842
0.056549
0.056243
0.056029
0.055724
0.055426
0.055226
0.054925
0.054625
0.054295
0.054077
0.053864
0.053570
0.053333
0.053086
0.052895
0.052761
0.052431
0.052228
0.052117
0.051866
0.051679
0.051401
0.051226
0.051114
0.050865
0.050793
0.050622
0.050312
0.050297
0.050087
0.049948
0.049770
0.049700
0.049522
0.049368
0.049269
0.049067
0.048925
0.048776
0.048651
0.048607
0.048533
0.048362
0.048175
0.048105
0.047941
0.047923
0.047748
0.047773
0.047648
0.047477
0.047355
0.047355
0.047168
0.047134
0.046994
0.046832
0.046649
0.046674
0.046597
0.046572
0.046364
0.046348
0.046296
0.046133
0.046027
0.045873
0.045758
0.045679
0.045679
0.045646
0.045589
0.045464
0.045319
0.045287
0.045179
0.045120
0.045047
0.044832
0.044793
0.044738
0.044547
0.044513
0.044302
0.044222
0.044231
0.044203
0.044222
0.044056
0.043920
0.043871
0.043849
0.043731
0.043591
0.043405
0.043319
0.043293
0.043305
0.043255
0.043185
0.043048
0.042972
0.042891
0.042936
0.042851
0.042707
0.042699
0.042499
0.042363
0.042331
0.042214
0.042122
0.042113
0.042040
0.041884
0.041832
0.041713
0.041745
0.041712
0.041645
0.041557
0.041488
0.041327
0.041304
0.041243
0.041115
0.041022
0.040941
0.040934
0.040887
0.040723
0.040695
0.040571
0.040534
0.040512
0.040428
0.040296
0.040301
0.040232
0.040124
0.040041
0.039971
0.039870
0.039847
0.039871
0.039730
0.039572
0.039515
0.039454
0.039445
0.039380
0.039222
0.039198
0.039155
0.039147
0.039086
0.038907
0.038949
0.038938
0.038895
0.038853
0.038758
0.038631
0.038554
0.038576
0.038456
0.038377
0.038251
0.038207
0.038166
0.038166
0.038125
0.038105
0.037957
0.037881
0.037889
0.037810
0.037801
0.037679
0.037574
0.037532
0.037497
0.037447
0.037368
0.037341
0.037301
0.037233
0.037163
0.037077
0.037007
0.037007
0.036938
0.036899
0.036815
0.036695
0.036663
0.036661
0.036693
0.036655
0.036617
0.036576
0.036498
0.036490
0.036462
0.036420
0.036368
0.036298
0.036298
0.036298
0.036222
0.036222
0.036222
0.036132
0.036052
0.036085
0.036049
0.035937
0.035871
0.035841
0.035796
0.035761
0.035684
0.035721
0.035683
0.035660
0.035560
0.035526
0.035526
0.035421
0.035421
0.035430
0.035327
0.035323
0.035323
0.035283
0.035283
0.035246
0.035192
0.035147
0.035163
0.035175
0.035180
0.035187
0.035149
0.035104
0.035104
0.034983
0.034950
0.034950
0.034876
0.034914
0.034911
0.034907
0.034927
0.034859
0.034859
0.034859
0.034827
0.034827
0.034827
0.034760
0.034678
0.034696
0.034659
0.034626
0.034626
0.034609
0.034643
0.034643
0.034644
0.034644
0.034644
0.034564
0.034526
0.034491
0.034460
0.034464
0.034415
0.034388
0.034356
0.034321
0.034285
0.034279
0.034278
0.034252
0.034252
0.034221
0.034221
0.034188
0.034139
0.034059
0.033956
0.033956
0.033956
0.033956
0.033956
0.033999
0.033975
0.033975
0.033910
0.033942
0.033910
0.033872
0.033915
0.033854
0.033812
0.033812
0.033770
0.033770
0.033720
0.033796
0.033774
0.033774
0.033761
0.033717
0.033717
0.033686
0.033686
0.033647
0.033608
0.033641
0.033610
0.033560
0.033560
0.033560
0.033539
0.033455
0.033455
0.033445
0.033400
0.033400
0.033400
0.033314
0.033293
0.033244
0.033243
0.033243
0.033208
0.033208
0.033208
0.033222
0.033173
0.033166
0.033166
0.033166
0.033135
0.033096
0.033096
0.033031
0.032982
0.032982
0.032982
0.032984
0.032984
0.032984
0.032984
0.032918
0.032913
0.032882
0.032843
0.032844
0.032845
0.032879
0.032875
0.032808
0.032762
0.032762
0.032762
0.032762
0.032834
0.032834
0.032786
0.032723
0.032653
0.032653
0.032619
0.032585
0.032585
0.032536
0.032536
0.032521
0.032521
0.032439
0.032439
0.032473
0.032473
0.032428
0.032361
0.032315
0.032315
0.032315
0.032301
0.032301
0.032253
0.032253
0.032253
0.032253
0.032239
0.032206
0.032159
0.032165
0.032078
0.032081
0.032081
0.032081
0.032068
0.032021
0.032021
0.032021
0.032007
0.032007
0.032017
0.032017
0.031986
0.031934
0.031903
0.031908
0.031861
0.031861
0.031861
0.031867
0.031789
0.031789
0.031777
0.031777
0.031777
0.031694
0.031694
0.031694
0.031608
0.031616
0.031616
0.031626
0.031615
0.031615
0.031598
0.031586
0.031586
0.031621
0.031621
0.031621
0.031590
0.031590
0.031543
0.031504
0.031457
0.031457
0.031457
0.031457
0.031457
0.031418
0.031430
0.031397
0.031444
0.031435
0.031435
0.031402
0.031402
0.031399
0.031399
0.031360
0.031396
0.031396
0.031396
0.031396
0.031384
0.031376
0.031376
0.031295
0.031309
0.031309
0.031309
0.031278
0.031265
0.031265
0.031280
0.031280
0.031280
0.031290
0.031283
0.031283
0.031207
0.031207
0.031207
0.031169
0.031169
0.031202
0.031202
0.031202
0.031170
0.031122
0.031122
0.031141
0.031141
0.031141
0.031091
0.031091
0.031091
0.031091
0.031080
0.031080
0.031080
0.031080
0.031071
0.031071
0.031059
0.031059
0.031029
0.030982
0.031002
0.031002
0.030955
0.030953
0.030881
0.030881
0.030881
0.030917
0.030826
0.030840
0.030840
0.030840
0.030840
0.030806
0.030806
0.030769
0.030678
0.030712
0.030642
0.030642
0.030642
0.030677
0.030677
0.030677
0.030677
0.030677
0.030630
0.030630
0.030630
0.030630
0.030552
0.030552
0.030555
0.030555
0.030555
0.030509
0.030468
0.030525
0.030505
0.030505
0.030467
0.030467
0.030413
0.030413
0.030292
0.030295
0.030295
0.030288
0.030288
0.030261
0.030261
0.030261
0.030261
0.030261
0.030215
0.030180
0.030173
0.030190
0.030152
0.030080
0.030026
0.030026
0.030026
0.030064
0.030064
0.030046
0.030046
0.030046
0.030046
0.030046
0.030046
0.030046
0.030010
0.029973
0.029940
0.029925
0.029951
0.029951
0.029951
0.029951
0.029930
0.029930
0.029914
0.029914
0.029912
0.029912
0.029878
0.029797
0.029797
0.029762
0.029728
0.029728
0.029728
0.029747
0.029747
0.029779
0.029791
0.029756
0.029756
0.029676
0.029676
0.029634
0.029602
0.029568
0.029568
0.029568
0.029568
0.029543
0.029583
0.029582
0.029602
0.029602
0.029602
