1.534271
1.362912
1.200400
1.084502
1.019157
0.991362
0.983354
0.983825
0.984083
0.983139
0.981619
0.980059
0.978849
0.977854
0.977120
0.976629
0.976237
0.975716
0.975301
0.974700
0.973724
0.972385
0.970877
0.969280
0.967720
0.966326
0.965007
0.963472
0.962277
0.961039
0.959873
0.958651
0.957451
0.956165
0.955059
0.953926
0.952670
0.951531
0.950361
0.949240
0.948026
0.946829
0.945695
0.944709
0.943671
0.942398
0.941370
0.940176
0.938732
0.937541
0.936234
0.934833
0.933586
0.932484
0.931269
0.930184
0.929010
0.927908
0.926658
0.925575
0.924450
0.923294
0.922241
0.921264
0.920312
0.919187
0.918250
0.917106
0.916070
0.914834
0.913342
0.912202
0.910817
0.909545
0.908351
0.907112
0.905959
0.904788
0.903780
0.902641
0.901476
0.900295
0.898757
0.897507
0.896099
0.894634
0.893290
0.891829
0.890540
0.889009
0.887526
0.886012
0.884521
0.883013
0.881425
0.879881
0.878355
0.877023
0.875463
0.873656
0.871967
0.870474
0.868803
0.867238
0.865414
0.863801
0.862136
0.860270
0.858522
0.856506
0.854759
0.852876
0.850753
0.848923
0.847320
0.845581
0.843980
0.842454
0.840995
0.839836
0.838625
0.837468
0.836291
0.834961
0.833569
0.831996
0.830137
0.828252
0.826261
0.824316
0.822317
0.820538
0.818685
0.816931
0.815241
0.813992
0.812670
0.811321
0.810136
0.808868
0.807588
0.806406
0.805159
0.803377
0.801806
0.800082
0.798303
0.796653
0.795021
0.793367
0.792007
0.790631
0.789669
0.788476
0.787278
0.786044
0.784629
0.783304
0.781997
0.780624
0.779239
0.777765
0.776118
0.774453
0.772767
0.771233
0.769359
0.767825
0.766341
0.764769
0.763528
0.762455
0.761375
0.760477
0.759328
0.758213
0.757065
0.756062
0.754536
0.753092
0.751528
0.749970
0.748277
0.746690
0.745025
0.743882
0.742846
0.742016
0.741303
0.740534
0.739670
0.739166
0.738466
0.737557
0.736702
0.735695
0.734503
0.733124
0.731828
0.730168
0.728613
0.727156
0.725865
0.724310
0.723087
0.721911
0.721086
0.720305
0.719630
0.718968
0.718355
0.717524
0.716802
0.715843
0.714708
0.713208
0.711503
0.709962
0.708437
0.707118
0.705708
0.704616
0.703318
0.702363
0.701775
0.701027
0.700541
0.700136
0.699503
0.698952
0.698079
0.697186
0.696109
0.694807
0.693244
0.691664
0.690073
0.688592
0.687004
0.685871
0.684408
0.683300
0.682109
0.681082
0.680365
0.679640
0.679148
0.678400
0.677669
0.676816
0.675794
0.674578
0.673165
0.671643
0.670017
0.668504
0.667171
0.665730
0.664413
0.663470
0.662761
0.662196
0.662064
0.661707
0.661488
0.661006
0.660643
0.660354
0.659581
0.658395
0.657031
0.655694
0.654193
0.653037
0.651727
0.650600
0.649830
0.649084
0.648247
0.647501
0.646803
0.646114
0.645562
0.644835
0.644515
0.643734
0.642888
0.641869
0.640493
0.639134
0.637936
0.636661
0.635702
0.634899
0.634034
0.633141
0.632324
0.631565
0.631035
0.630613
0.629948
0.629402
0.628789
0.628249
0.627348
0.626623
0.625790
0.624892
0.624094
0.623406
0.622666
0.621794
0.620894
0.619925
0.619254
0.618685
0.618282
0.617878
0.617476
0.617027
0.616334
0.615547
0.615058
0.614321
0.613527
0.612974
0.612489
0.611949
0.611020
0.610110
0.609218
0.608388
0.607806
0.607209
0.606625
0.606228
0.605899
0.605547
0.605095
0.604406
0.603610
0.602848
0.602022
0.601198
0.600060
0.599024
0.597713
0.596627
0.595393
0.594222
0.593070
0.592084
0.591285
0.590651
0.590482
0.590545
0.590507
0.590627
0.590193
0.589801
0.589283
0.588634
0.587742
0.586864
0.585926
0.585234
0.584669
0.584021
0.583509
0.582633
0.581923
0.581309
0.580665
0.579916
0.579269
0.578322
0.577343
0.576837
0.576408
0.576079
0.575514
0.575096
0.574616
0.574162
0.573509
0.572313
0.571099
0.569980
0.568821
0.567435
0.566350
0.565052
0.563996
0.562891
0.561838
0.560687
0.559536
0.558325
0.557304
0.556045
0.554938
0.553839
0.552523
0.551442
0.550464
0.549095
0.547852
0.546754
0.545471
0.544267
0.543232
0.542003
0.540810
0.539838
0.538613
0.537437
0.536903
0.536345
0.535490
0.534658
0.534085
0.533003
0.531732
0.530600
0.529462
0.528190
0.526964
0.525944
0.524898
0.523753
0.522787
0.521516
0.520221
0.519181
0.518045
0.516761
0.515696
0.514555
0.513390
0.512304
0.511131
0.509988
0.508761
0.507707
0.506465
0.505176
0.504157
0.502890
0.501720
0.500614
0.499352
0.498288
0.497051
0.495912
0.494799
0.493582
0.492381
0.491176
0.490015
0.488863
0.487643
0.486470
0.485356
0.484234
0.482985
0.481832
0.480744
0.479388
0.478167
0.476757
0.475464
0.473955
0.472660
0.471251
0.469884
0.468780
0.467610
0.466409
0.465374
0.464376
0.463173
0.462061
0.460760
0.459542
0.458368
0.457164
0.455847
0.454645
0.453495
0.452505
0.451468
0.450454
0.449266
0.448231
0.447079
0.446023
0.444963
0.443925
0.442833
0.441778
0.440796
0.439910
0.438964
0.437851
0.436962
0.436075
0.435214
0.434252
0.433297
0.432445
0.431519
0.430662
0.429888
0.429056
0.428165
0.427354
0.426594
0.425832
0.425047
0.424403
0.423554
0.422764
0.422101
0.421303
0.420555
0.419870
0.419110
0.418489
0.417738
0.417152
0.416382
0.415810
0.415097
0.414428
0.413768
0.413091
0.412401
0.411766
0.411075
0.410385
0.409776
0.409179
0.408507
0.407967
0.407318
0.406789
0.406034
0.405435
0.404780
0.404193
0.403557
0.402907
0.402297
0.401583
0.401022
0.400339
0.399742
0.399135
0.398457
0.397787
0.397244
0.396415
0.395821
0.395149
0.394344
0.393625
0.392994
0.392222
0.391578
0.390937
0.390107
0.389400
0.388669
0.387902
0.387141
0.386416
0.385617
0.384830
0.384019
0.383173
0.382286
0.381457
0.380638
0.379732
0.378768
0.377981
0.377114
0.376087
0.375193
0.374320
0.373367
0.372466
0.371563
0.370498
0.369604
0.368500
0.367713
0.366660
0.365663
0.364660
0.363665
0.362519
0.361599
0.360488
0.359602
0.358609
0.357536
0.356558
0.355652
0.354656
0.353591
0.352607
0.351746
0.350644
0.349714
0.348735
0.347785
0.346859
0.345948
0.344928
0.344027
0.343085
0.342293
0.341366
0.340499
0.339707
0.338831
0.338091
0.337307
0.336347
0.335622
0.334837
0.333892
0.333269
0.332571
0.331640
0.330991
0.330234
0.329491
0.328932
0.328288
0.327687
0.326928
0.326312
0.325682
0.325093
0.324548
0.323789
0.323258
0.322623
0.322089
0.321415
0.320919
0.320539
0.319910
0.319418
0.318970
0.318400
0.317882
0.317449
0.317045
0.316463
0.315949
0.315499
0.315000
0.314464
0.314019
0.313593
0.313300
0.312840
0.312308
0.311841
0.311501
0.311013
0.310729
0.310287
0.309799
0.309395
0.309106
0.308584
0.308186
0.307716
0.307373
0.307062
0.306568
0.306337
0.305827
0.305533
0.305138
0.304885
0.304517
0.304044
0.303665
0.303331
0.303013
0.302680
0.302270
0.301998
0.301649
0.301299
0.300935
0.300503
0.300144
0.299745
0.299465
0.299192
0.298849
0.298412
0.298096
0.297761
0.297310
0.296979
0.296595
0.296294
0.295954
0.295634
0.295350
0.294851
0.294495
0.294177
0.293778
0.293482
0.293104
0.292656
0.292381
0.292021
0.291643
0.291256
0.290828
0.290401
0.290083
0.289687
0.289360
0.288969
0.288650
0.288273
0.287812
0.287521
0.287144
0.286783
0.286495
0.286044
0.285667
0.285270
0.284938
0.284524
0.284173
0.283705
0.283404
0.282984
0.282642
0.282317
0.281962
0.281600
0.281210
0.280962
0.280530
0.280176
0.279842
0.279562
0.279131
0.278891
0.278484
0.278122
0.277811
0.277454
0.277150
0.276792
0.276555
0.276288
0.275935
0.275617
0.275315
0.274927
0.274703
0.274400
0.274033
0.273852
0.273539
0.273215
0.272901
0.272639
0.272359
0.272109
0.271811
0.271577
0.271321
0.271052
0.270810
0.270606
0.270315
0.270096
0.269818
0.269651
0.269360
0.269184
0.268942
0.268828
0.268549
0.268429
0.268126
0.267921
0.267731
0.267539
0.267376
0.267136
0.266942
0.266754
0.266625
0.266424
0.266354
0.266230
0.266067
0.265884
0.265701
0.265627
0.265473
0.265386
0.265191
0.265067
0.265005
0.264873
0.264842
0.264734
0.264607
0.264568
0.264369
0.264290
0.264311
0.264131
0.264112
0.264021
0.263962
0.263830
0.263734
0.263684
0.263618
0.263581
0.263579
0.263538
0.263441
0.263377
0.263297
0.263327
0.263295
0.263311
0.263272
0.263316
0.263189
0.263123
0.263084
0.263067
0.263019
0.262994
0.262991
0.262893
0.262835
0.262752
0.262820
0.262821
0.262810
0.262805
0.262761
0.262663
0.262699
0.262690
0.262601
0.262631
0.262590
0.262644
0.262640
0.262561
0.262476
0.262529
0.262564
0.262524
0.262488
0.262488
0.262524
0.262565
0.262424
0.262470
0.262509
0.262544
0.262486
0.262486
0.262544
0.262489
0.262454
0.262428
0.262428
0.262385
0.262399
0.262469
0.262502
0.262548
0.262493
0.262508
0.262537
0.262487
0.262509
0.262445
0.262445
0.262445
0.262444
0.262469
0.262463
0.262420
0.262458
0.262372
0.262442
0.262531
0.262593
0.262602
0.262528
0.262572
0.262522
0.262598
0.262613
0.262592
0.262575
0.262618
0.262563
0.262618
0.262688
0.262741
0.262741
0.262732
0.262778
0.262778
0.262802
0.262835
0.262906
0.262856
0.262856
0.262794
0.262773
0.262806
0.262879
0.262885
0.262905
0.262975
0.263006
0.262984
0.263049
0.263049
0.263074
0.263074
0.263054
0.263089
0.263126
0.263169
0.263207
0.263243
0.263228
0.263264
0.263301
0.263301
0.263360
0.263330
0.263413
0.263400
0.263365
0.263395
0.263395
0.263395
0.263392
0.263471
0.263471
0.263466
0.263506
0.263484
0.263480
0.263559
0.263559
0.263601
0.263634
0.263680
0.263674
0.263674
0.263675
0.263726
0.263771
0.263774
0.263818
0.263823
0.263858
0.263922
0.263924
0.263924
0.263924
0.264007
0.264016
0.264061
0.264061
0.264046
0.264102
0.264102
0.264062
0.264062
0.264143
0.264143
0.264143
0.264184
0.264302
0.264320
0.264320
0.264367
0.264356
0.264356
0.264423
0.264423
0.264458
0.264527
0.264517
0.264540
0.264575
0.264599
0.264647
0.264638
0.264606
0.264627
0.264675
0.264696
0.264732
0.264699
0.264699
0.264733
0.264756
0.264805
0.264834
0.264833
0.264860
0.264909
0.264973
0.264973
0.264969
0.264998
0.265013
0.264982
0.264980
0.265029
0.265112
0.265112
0.265148
0.265117
0.265153
0.265220
0.265258
0.265194
0.265269
0.265270
0.265359
0.265359
0.265339
0.265339
0.265388
0.265427
0.265468
0.265468
0.265444
0.265522
0.265571
0.265591
0.265597
0.265663
0.265687
0.265687
0.265711
0.265790
0.265758
0.265765
0.265765
0.265814
0.265822
0.265882
0.265882
0.265882
0.265872
0.265872
0.265966
0.266010
0.265978
0.265978
0.266013
0.266024
0.266072
0.266130
0.266173
0.266163
0.266210
0.266223
0.266223
0.266262
0.266309
0.266363
0.266364
0.266374
0.266388
0.266388
0.266432
0.266467
0.266560
0.266560
0.266560
0.266619
0.266615
0.266664
0.266664
0.266677
0.266726
0.266739
0.266840
0.266863
0.266863
0.266862
0.266911
0.266911
0.266911
0.266911
0.266929
0.266965
0.267062
0.267062
0.267030
0.267001
0.267050
0.267050
0.267123
0.267123
0.267159
0.267228
0.267228
0.267278
0.267278
0.267278
0.267298
0.267298
0.267298
0.267267
0.267343
0.267378
0.267378
0.267434
0.267487
0.267494
0.267543
0.267575
0.267642
0.267642
0.267677
0.267677
0.267677
0.267668
0.267668
0.267677
0.267726
0.267726
0.267826
0.267826
0.267874
0.267885
0.267858
0.267919
0.267919
0.267919
0.267919
0.267887
0.267947
0.267947
0.267947
0.267947
0.267991
0.268015
0.268063
0.268084
0.268084
0.268084
0.268170
0.268170
0.268170
0.268138
0.268138
0.268138
0.268164
0.268164
0.268209
0.268209
0.268209
0.268159
0.268247
0.268247
0.268247
0.268263
0.268263
0.268305
0.268305
0.268305
0.268305
0.268305
0.268336
0.268336
0.268376
0.268403
0.268403
0.268404
0.268404
0.268468
0.268454
0.268450
0.268467
0.268502
0.268502
0.268502
0.268534
0.268534
0.268572
0.268607
0.268635
0.268680
0.268680
0.268638
0.268656
0.268660
0.268660
0.268747
0.268747
0.268747
0.268778
0.268824
0.268863
0.268776
0.268776
0.268776
0.268822
0.268813
0.268813
0.268800
0.268840
0.268840
0.268859
0.268859
0.268919
0.268965
0.269003
0.269003
0.269003
0.269003
0.269003
0.269003
0.268934
0.268934
0.268934
0.268953
0.268983
0.268983
0.269014
0.269072
0.269072
0.269072
0.269072
0.269072
0.269072
0.269072
0.269002
0.269032
0.268982
0.269028
0.269029
0.269029
0.269029
0.269119
0.269119
0.269119
0.269119
0.269119
0.269149
0.269185
0.269115
0.269115
0.269115
0.269115
0.269115
0.269115
0.269115
0.269206
0.269206
0.269251
0.269251
0.269251
0.269272
0.269303
0.269293
0.269293
0.269293
0.269293
0.269293
0.269293
0.269293
0.269327
0.269327
0.269326
0.269326
0.269326
0.269361
0.269419
0.269349
0.269349
0.269349
0.269342
0.269342
0.269342
0.269380
0.269411
0.269411
0.269411
0.269411
0.269411
0.269411
0.269456
0.269425
0.269408
0.269408
0.269408
0.269408
0.269408
0.269447
0.269478
0.269478
0.269478
0.269513
0.269513
0.269557
0.269513
0.269514
0.269476
0.269519
0.269541
0.269586
0.269586
0.269625
0.269656
0.269656
0.269656
0.269656
0.269656
0.269656
0.269656
0.269625
0.269586
0.269586
0.269586
0.269586
0.269586
0.269673
0.269704
0.269704
0.269704
0.269704
0.269681
0.269681
0.269681
0.269699
0.269699
0.269699
0.269672
0.269672
0.269672
0.269704
0.269735
0.269735
0.269735
0.269735
0.269735
0.269735
0.269704
0.269704
0.269704
0.269704
0.269704
0.269704
0.269704
0.269704
0.269704
0.269759
0.269759
0.269759
0.269794
0.269794
0.269763
0.269763
0.269763
0.269763
0.269763
0.269763
0.269763
0.269763
0.269763
0.269759
0.269759
0.269759
0.269759
0.269759
0.269727
0.269727
0.269727
0.269727
0.269727
0.269727
0.269727
0.269727
0.269727
0.269758
0.269748
0.269748
0.269748
0.269748
0.269740
0.269740
0.269740
0.269740
0.269697
0.269697
0.269697
0.269697
0.269673
0.269704
0.269754
0.269754
0.269754
0.269778
0.269747
0.269747
0.269747
0.269746
0.269746
0.269746
0.269746
0.269746
0.269746
0.269777
0.269777
0.269777
0.269777
0.269777
0.269746
0.269746
0.269746
0.269746
0.269746
0.269746
0.269746
0.269746
0.269746
0.269746
0.269746
0.269746
0.269746
0.269782
0.269782
0.269781
0.269781
0.269731
0.269688
0.269688
0.269713
0.269713
0.269713
0.269713
0.269713
0.269713
0.269688
0.269688
0.269688
0.269688
0.269688
0.269688
0.269688
0.269688
0.269713
0.269713
0.269713
0.269744
0.269744
0.269744
0.269744
0.269744
0.269744
0.269744
0.269701
0.269759
0.269759
0.269759
0.269759
0.269759
0.269717
0.269717
0.269717
0.269717
0.269717
0.269831
0.270630
0.273073
0.277458
0.283957
0.292078
0.301341
0.311534
0.321871
0.332127
0.341835
0.351213
0.360498
0.369830
0.379335
0.388712
0.398192
0.407640
0.417258
0.426892
0.436340
0.445241
0.453367
0.460032
0.465106
0.468329
0.470011
0.470403
0.470014
0.469229
0.468230
0.467485
0.466887
0.466585
0.466091
0.465638
0.465080
0.464330
0.463337
0.462373
0.461288
0.460373
0.459526
0.458760
0.458221
0.457699
0.457218
0.456825
0.456345
0.455794
0.455252
0.454592
0.452966
0.449600
0.444220
0.436865
0.428066
0.418551
0.408905
0.399276
0.389975
0.380976
0.372186
0.363260
0.354383
0.345624
0.336944
0.328984
0.322193
0.316754
0.312693
0.310155
0.308517
0.307594
0.307252
0.307381
0.307697
0.307882
0.307725
0.307336
0.306535
0.305704
0.304716
0.303942
0.303346
0.302966
0.302476
0.301511
0.300376
0.299433
0.298650
0.297847
0.296963
0.296241
0.295450
0.294907
0.294395
0.293939
0.293272
0.292768
0.292150
0.291626
0.291091
0.290613
0.290090
0.289384
0.288622
0.287876
0.287010
0.286246
0.285471
0.284660
0.283794
0.283039
0.282254
0.281509
0.280756
0.279971
0.279277
0.278590
0.277784
0.277106
0.276380
0.275744
0.275138
0.274443
0.273834
0.273093
0.272514
0.271697
0.271114
0.270450
0.269872
0.269302
0.268601
0.267942
0.267291
0.266799
0.266324
0.265788
0.265173
0.264630
0.264123
0.263596
0.263035
0.262551
0.261914
0.261427
0.260941
0.260479
0.260074
0.259561
0.259028
0.258583
0.258185
0.257695
0.257320
0.256810
0.256435
0.255967
0.255515
0.255028
0.254651
0.254252
0.253773
0.253431
0.252974
0.252648
0.252280
0.251923
0.251543
0.251174
0.250773
0.250476
0.250116
0.249775
0.249326
0.248955
0.248641
0.248239
0.247904
0.247599
0.247254
0.246884
0.246522
0.246164
0.245863
0.245493
0.245245
0.244813
0.244504
0.244246
0.243858
0.243545
0.243206
0.242878
0.242520
0.242181
0.241899
0.241571
0.241167
0.240883
0.240584
0.240244
0.239895
0.239562
0.239253
0.238932
0.238690
0.238256
0.237967
0.237529
0.237220
0.236910
0.236617
0.236347
0.235993
0.235736
0.235325
0.235012
0.234695
0.234294
0.233988
0.233565
0.233303
0.232962
0.232614
0.232267
0.231887
0.231557
0.231226
0.230827
0.230530
0.230171
0.229805
0.229507
0.229159
0.228852
0.228413
0.228148
0.227806
0.227382
0.227005
0.226568
0.226239
0.225882
0.225493
0.225142
0.224773
0.224388
0.223965
0.223604
0.223282
0.222857
0.222467
0.222021
0.221725
0.221351
0.220842
0.220482
0.220095
0.219725
0.219390
0.219004
0.218529
0.218161
0.217771
0.217362
0.217119
0.216642
0.216230
0.215821
0.215484
0.215048
0.214528
0.214128
0.213783
0.213405
0.212969
0.212575
0.212191
0.211819
0.211482
0.211045
0.210665
0.210308
0.209835
0.209480
0.209107
0.208655
0.208253
0.207817
0.207398
0.207066
0.206756
0.206310
0.205897
0.205552
0.205139
0.204729
0.204328
0.203938
0.203578
0.203115
0.202752
0.202445
0.202134
0.201688
0.201316
0.200982
0.200537
0.200204
0.199852
0.199526
0.199121
0.198934
0.198541
0.198168
0.197825
0.197553
0.197204
0.196835
0.196586
0.196289
0.195844
0.195695
0.195527
0.195342
0.195124
0.194801
0.194468
0.193959
0.193461
0.193051
0.192566
0.192051
0.191625
0.191164
0.190716
0.190322
0.189801
0.189343
0.188908
0.188563
0.188199
0.187746
0.187331
0.186941
0.186471
0.185943
0.185551
0.185155
0.184745
0.184257
0.183733
0.183320
0.182910
0.182248
0.181772
0.181347
0.180776
0.180354
0.179950
0.179435
0.179019
0.178399
0.177906
0.177360
0.176895
0.176274
0.175706
0.175196
0.174700
0.174085
0.173632
0.173010
0.172481
0.171837
0.171316
0.170768
0.170228
0.169560
0.168950
0.168294
0.167703
0.167108
0.166474
0.165832
0.165169
0.164483
0.163761
0.163219
0.162538
0.161805
0.161126
0.160492
0.159804
0.159041
0.158391
0.157692
0.157087
0.156321
0.155527
0.154759
0.154073
0.153470
0.152816
0.152242
0.151571
0.150950
0.150456
0.149837
0.149275
0.148628
0.147975
0.147437
0.146809
0.146191
0.145638
0.145089
0.144429
0.143793
0.143210
0.142610
0.141855
0.141359
0.140762
0.140138
0.139510
0.138905
0.138281
0.137647
0.137059
0.136377
0.135807
0.135178
0.134612
0.133917
0.133313
0.132687
0.132052
0.131411
0.130685
0.130121
0.129534
0.128949
0.128292
0.127667
0.127115
0.126488
0.125893
0.125327
0.124666
0.124106
0.123451
0.122899
0.122279
0.121736
0.121087
0.120497
0.119863
0.119365
0.118804
0.118122
0.117579
0.117081
0.116479
0.115936
0.115379
0.114755
0.114243
0.113706
0.113238
0.112688
0.112110
0.111602
0.111144
0.110695
0.110138
0.109677
0.109154
0.108783
0.108298
0.107845
0.107361
0.106949
0.106497
0.106069
0.105663
0.105192
0.104775
0.104398
0.103969
0.103551
0.103206
0.102795
0.102491
0.102056
0.101734
0.101368
0.101022
0.100690
0.100353
0.100084
0.099675
0.099414
0.099055
0.098799
0.098556
0.098193
0.097859
0.097613
0.097285
0.097007
0.096754
0.096400
0.096177
0.095931
0.095662
0.095395
0.095204
0.095049
0.094799
0.094563
0.094419
0.094156
0.093970
0.093873
0.093627
0.093332
0.093198
0.092971
0.092777
0.092575
0.092343
0.092219
0.092014
0.091774
0.091673
0.091459
0.091280
0.091034
0.090911
0.090718
0.090555
0.090392
0.090275
0.090015
0.089877
0.089692
0.089504
0.089372
0.089207
0.089005
0.088881
0.088750
0.088594
0.088390
0.088196
0.088070
0.087893
0.087627
0.087521
0.087442
0.087304
0.087040
0.086917
0.086745
0.086568
0.086378
0.086253
0.086047
0.085852
0.085689
0.085523
0.085290
0.085198
0.084974
0.084804
0.084595
0.084423
0.084207
0.083998
0.083931
0.083596
0.083439
0.083225
0.083121
0.082921
0.082634
0.082493
0.082200
0.082026
0.081820
0.081558
0.081382
0.081135
0.080952
0.080715
0.080466
0.080354
0.080050
0.079871
0.079694
0.079407
0.079177
0.078935
0.078677
0.078469
0.078189
0.077925
0.077643
0.077415
0.077119
0.076867
0.076643
0.076384
0.076159
0.075887
0.075558
0.075400
0.075073
0.074793
0.074613
0.074317
0.073975
0.073737
0.073538
0.073129
0.072886
0.072646
0.072330
0.072095
0.071806
0.071547
0.071297
0.071081
0.070742
0.070474
0.070142
0.069869
0.069621
0.069305
0.068964
0.068701
0.068421
0.068107
0.067796
0.067528
0.067223
0.067017
0.066704
0.066462
0.066129
0.065911
0.065567
0.065234
0.064993
0.064732
0.064443
0.064135
0.063835
0.063574
0.063383
0.063012
0.062834
0.062425
0.062257
0.061923
0.061669
0.061348
0.061101
0.060780
0.060567
0.060279
0.060132
0.059746
0.059444
0.059167
0.059029
0.058715
0.058514
0.058341
0.058024
0.057792
0.057514
0.057315
0.057044
0.056772
0.056553
0.056316
0.056081
0.055891
0.055592
0.055291
0.055075
0.054845
0.054583
0.054419
0.054155
0.053895
0.053810
0.053546
0.053323
0.053099
0.052809
0.052697
0.052438
0.052230
0.052010
0.051805
0.051601
0.051377
0.051244
0.051034
0.050824
0.050624
0.050407
0.050215
0.050050
0.049813
0.049679
0.049534
0.049296
0.049152
0.048962
0.048813
0.048592
0.048446
0.048300
0.048178
0.048003
0.047781
0.047640
0.047524
0.047349
0.047146
0.047099
0.046921
0.046654
0.046457
0.046245
0.046014
0.045904
0.045775
0.045678
0.045533
0.045369
0.045231
0.045029
0.044860
0.044754
0.044601
0.044465
0.044318
0.044156
0.043998
0.043896
0.043750
0.043508
0.043388
0.043325
0.043233
0.043023
0.042903
0.042715
0.042574
0.042452
0.042309
0.042260
0.042149
0.041881
0.041782
0.041620
0.041481
0.041435
0.041246
0.041168
0.040971
0.040877
0.040750
0.040636
0.040476
0.040347
0.040185
0.040129
0.040042
0.039860
0.039736
0.039638
0.039436
0.039296
0.039180
0.039158
0.038996
0.038946
0.038696
0.038655
0.038556
0.038427
0.038299
0.038205
0.038085
0.037980
0.037916
0.037712
0.037617
0.037568
0.037396
0.037338
0.037319
0.037176
0.037038
0.036930
0.036826
0.036734
0.036685
0.036563
0.036425
0.036275
0.036185
0.036124
0.035956
0.035907
0.035865
0.035812
0.035707
0.035508
0.035404
0.035341
0.035308
0.035212
0.035057
0.034995
0.034946
0.034773
0.034762
0.034660
0.034611
0.034512
0.034390
0.034379
0.034285
0.034192
0.034123
0.034077
0.034029
0.033897
0.033838
0.033738
0.033738
0.033673
0.033614
0.033519
0.033472
0.033428
0.033347
0.033328
0.033223
0.033076
0.033045
0.032987
0.032937
0.032937
0.032842
0.032709
0.032709
0.032615
0.032607
0.032558
0.032466
0.032392
0.032384
0.032373
0.032324
0.032310
0.032147
0.032178
0.032129
0.032125
0.032125
0.032046
0.031958
0.031819
0.031814
0.031765
0.031765
0.031759
0.031710
0.031650
0.031618
0.031614
0.031614
0.031565
0.031565
0.031513
0.031456
0.031410
0.031361
0.031324
0.031321
0.031281
0.031281
0.031281
0.031150
0.031134
0.031133
0.031133
0.031084
0.031122
0.031093
0.031074
0.030980
0.030977
0.030949
0.030911
0.030862
0.030863
0.030863
0.030863
0.030815
0.030808
0.030808
0.030810
0.030728
0.030687
0.030687
0.030687
0.030687
0.030687
0.030671
0.030593
0.030608
0.030608
0.030608
0.030608
0.030523
0.030561
0.030561
0.030565
0.030578
0.030578
0.030495
0.030447
0.030447
0.030447
0.030447
0.030410
0.030416
0.030416
0.030368
0.030329
0.030329
0.030366
0.030342
0.030349
0.030315
0.030315
0.030313
0.030234
0.030234
0.030252
0.030252
0.030249
0.030249
0.030249
0.030249
0.030249
0.030249
0.030244
0.030207
0.030157
0.030145
0.030145
0.030145
0.030145
0.030145
0.030108
0.030077
0.030050
0.030050
0.030084
0.030084
0.030084
0.030072
0.030141
0.030053
0.030064
0.030064
0.030042
0.030054
0.030054
0.030054
0.030054
0.030017
0.029979
0.029979
0.029979
0.029945
0.029945
0.029945
0.029982
0.029982
0.029995
0.029995
0.029995
0.029995
0.029995
0.029956
0.029956
0.029956
0.029882
0.029897
0.029897
0.029897
0.029850
0.029850
0.029888
0.029888
0.029880
0.029895
0.029895
0.029895
0.029895
0.029895
0.029895
0.029920
0.029883
0.029848
0.029848
0.029848
0.029881
0.029881
0.029919
0.029919
0.029919
0.029907
0.029885
0.029885
0.029885
0.029885
0.029885
0.029877
0.029840
0.029852
0.029816
0.029758
0.029727
0.029727
0.029764
0.029800
0.029800
0.029800
0.029800
0.029818
0.029818
0.029818
0.029818
0.029818
0.029780
0.029798
0.029762
0.029762
0.029762
0.029762
0.029767
0.029804
0.029804
0.029804
0.029804
0.029822
0.029789
0.029789
0.029789
0.029822
0.029785
0.029748
0.029748
0.029748
0.029748
0.029748
0.029786
0.029822
0.029854
0.029785
0.029805
0.029804
0.029804
0.029804
0.029804
0.029773
0.029769
0.029732
0.029732
0.029732
0.029732
0.029732
0.029801
0.029801
0.029804
0.029825
0.029825
0.029825
0.029825
0.029825
0.029825
0.029801
0.029764
0.029699
0.029733
0.029754
0.029797
0.029797
0.029801
0.029823
0.029859
0.029859
0.029859
0.029859
0.029859
0.029859
0.029859
0.029859
0.029785
0.029785
0.029785
0.029785
0.029808
0.029808
0.029845
0.029845
0.029882
0.029882
0.029856
0.029856
0.029856
0.029856
0.029856
0.029856
0.029782
0.029806
0.029806
0.029814
0.029836
0.029836
0.029873
0.029873
0.029873
0.029910
0.029918
0.029918
0.029918
0.029918
0.029943
0.029943
0.029869
0.029869
0.029869
0.029869
0.029869
0.029869
0.029883
0.029883
0.029883
0.029920
0.029946
0.029946
0.029946
0.029946
0.029946
0.029946
0.029872
0.029848
0.029848
0.029848
0.029848
0.029848
0.029912
0.029912
0.029912
0.029949
0.029949
0.029949
0.029949
0.029949
0.029949
0.029912
0.029906
0.029906
0.029906
0.029933
0.029933
0.029933
0.029933
0.029971
0.029951
0.029951
0.029960
0.029960
0.029960
0.029960
0.029960
0.029952
0.029914
0.029914
0.029914
0.029876
0.029876
0.029914
0.029914
0.029952
0.029952
0.029984
0.029984
0.029950
0.029980
0.030016
0.029948
0.030015
0.029977
0.029939
0.029939
0.029939
0.029939
0.029939
0.029977
0.030047
0.030063
0.030029
0.030059
0.030059
0.030059
0.030059
0.030059
0.030027
0.030048
0.030010
0.030010
0.029994
0.029994
0.029994
0.030064
0.030101
0.030099
0.030099
0.030099
0.030099
0.030077
0.030077
0.030077
0.030077
0.030040
0.030003
0.030003
0.030003
0.030003
0.030036
0.030073
0.030077
0.030077
0.030109
0.030072
0.030072
0.030072
0.030072
0.030072
0.030035
0.030035
0.029997
0.029997
0.029997
0.029997
0.029997
0.030035
0.030072
0.030072
0.030072
0.030072
0.030072
0.030072
0.030072
0.030072
0.030035
0.030032
0.029995
0.029995
0.029995
0.029995
0.029995
0.030032
0.030070
0.030070
0.030070
0.030070
0.030070
0.030070
0.030070
0.030070
0.030032
0.030032
0.029924
0.029924
0.029911
0.029911
0.029911
0.029949
0.029986
0.029986
0.029986
0.029986
0.029986
0.029986
0.029986
0.029986
0.029949
0.029915
0.029877
0.029877
0.029877
0.029877
0.029877
0.029915
0.029952
0.029952
0.029952
0.029952
0.029952
0.029919
0.029919
0.029919
0.029881
0.029881
0.029844
0.029844
0.029844
0.029844
0.029844
0.029864
0.029901
0.029901
0.029868
0.029868
0.029868
0.029868
0.029868
0.029868
0.029831
0.029831
0.029793
0.029793
0.029793
0.029793
0.029789
0.029826
0.029864
0.029864
0.029864
0.029864
0.029864
0.029827
0.029827
0.029827
0.029790
0.029790
0.029720
0.029720
0.029745
0.029745
0.029763
0.029801
0.029838
0.029838
0.029838
0.029838
0.029838
0.029838
0.029807
0.029807
0.029770
0.029770
0.029732
0.029732
0.029732
0.029732
0.029732
0.029770
0.029807
0.029807
0.029777
0.029739
0.029706
0.029706
0.029706
0.029706
0.029702
0.029702
0.029664
0.029664
0.029664
0.029664
0.029664
0.029672
0.029709
0.029709
0.029676
0.029676
0.029676
0.029676
0.029676
0.029676
0.029639
0.029672
0.029634
0.029596
0.029567
0.029567
0.029567
0.029604
0.029642
0.029609
0.029609
0.029609
0.029609
0.029609
0.029609
0.029609
0.029571
0.029542
0.029538
0.029538
0.029538
0.029538
0.029538
0.029576
0.029613
0.029580
0.029574
0.029574
0.029574
0.029574
0.029574
0.029541
0.029476
0.029476
0.029438
0.029505
0.029505
0.029497
0.029497
0.029535
0.029539
0.029571
0.029571
0.029571
0.029571
0.029571
0.029544
0.029472
0.029435
0.029435
0.029397
0.029397
0.029397
0.029397
0.029397
0.029435
0.029472
0.029505
0.029505
0.029505
0.029505
0.029505
0.029478
0.029478
0.029408
0.029408
0.029371
0.029371
0.029331
0.029331
0.029331
0.029369
0.029439
0.029439
0.029439
0.029439
0.029439
0.029439
0.029439
0.029439
0.029343
0.029343
0.029305
0.029292
0.029292
0.029292
0.029292
0.029330
0.029399
0.029399
0.029429
0.029389
0.029389
0.029389
0.029389
0.029389
0.029352
0.029319
0.029282
0.029256
0.029256
0.029256
0.029256
0.029326
0.029364
0.029364
0.029364
0.029364
0.029364
0.029364
0.029364
0.029364
0.029326
0.029256
0.029217
0.029180
0.029180
0.029180
0.029180
0.029287
0.029324
0.029299
0.029299
0.029299
0.029299
0.029299
0.029299
0.029299
0.029262
0.029225
0.029192
0.029155
0.029155
0.029155
0.029209
0.029246
0.029283
0.029320
0.029320
0.029320
0.029320
0.029281
0.029281
0.029281
0.029243
0.029206
0.029169
0.029145
0.029145
0.029145
0.029145
0.029182
0.029182
0.029257
0.029257
0.029257
0.029257
0.029257
0.029257
0.029257
0.029219
0.029182
0.029145
0.029145
0.029145
0.029145
0.029145
0.029182
0.029182
0.029257
0.029257
0.029217
0.029217
0.029217
0.029217
0.029217
0.029180
0.029105
0.029105
0.029082
0.029082
0.029082
0.029082
0.029119
0.029119
0.029194
0.029194
0.029194
0.029194
0.029186
0.029186
0.029149
0.029149
0.029074
0.029074
0.029074
0.029074
0.029074
0.029074
0.029074
0.029112
0.029184
0.029221
0.029221
0.029188
0.029188
0.029188
0.029151
0.029144
0.029070
0.029070
0.029070
0.029062
0.029062
0.029062
0.029062
0.029099
0.029136
0.029141
0.029141
0.029141
0.029141
0.029141
0.029103
0.029066
0.029040
0.029040
0.029040
0.029040
0.029040
0.029040
0.029040
0.029077
0.029114
0.029081
0.029119
0.029119
0.029119
0.029119
0.029081
0.029044
0.029040
0.029040
0.029016
0.029016
0.029016
0.029016
0.029016
0.029053
0.029058
0.029058
0.029095
0.029095
0.029063
0.029095
0.029018
0.028943
0.028943
0.028976
0.028976
0.028976
0.028976
0.028976
0.028976
0.029014
0.029018
0.029018
0.029018
0.028986
0.028986
0.029018
0.028981
0.028943
0.028943
0.028943
0.028976
0.028976
0.028976
0.028976
0.028976
0.028981
0.029018
0.029018
0.029018
0.028986
0.028986
0.029018
0.028981
0.028943
0.028943
0.028943
0.028943
0.028943
0.028943
0.028943
0.028943
0.028981
0.029018
0.029018
0.028986
0.028986
0.028986
0.029018
0.028981
0.028943
0.028943
0.028943
0.028943
0.028953
0.028953
0.028953
0.028953
0.028990
0.029028
0.028996
0.028996
0.028996
0.028996
0.028996
0.028990
0.028953
0.028953
0.028953
0.028953
0.028953
0.028914
0.028951
0.028951
0.028988
0.029026
0.028993
0.028993
0.028993
0.028993
0.028993
0.028988
0.028915
0.028915
0.028915
0.028915
0.028915
0.028915
0.028915
0.028915
0.028952
0.028989
0.028957
0.028957
0.028957
0.028957
0.028957
0.028952
0.028915
0.028915
0.028915
0.028915
0.028915
0.028915
0.028915
0.028915
0.028952
0.028952
0.028957
0.028957
0.028957
0.028957
0.028957
0.028952
0.028915
0.028915
0.028915
0.028915
0.028915
0.028915
0.028915
0.028915
0.028952
0.028952
0.028957
0.028957
0.028957
0.028957
0.028957
0.028952
0.028915
0.028915
0.028915
0.028915
0.028915
0.028915
0.028915
0.028915
0.028952
0.028952
0.028957
0.028957
0.028957
0.028957
0.028957
0.028952
0.028915
0.028915
0.028915
0.028915
0.028915
0.028915
0.028915
0.028915
0.028937
0.028975
0.028980
0.028980
0.028980
0.028980
0.028980
0.028975
0.028937
0.028937
0.028937
0.028899
0.028899
0.028899
0.028899
0.028899
0.028899
0.028936
0.028942
0.028942
0.028942
0.028942
0.028904
0.028936
0.028937
0.028937
0.028937
0.028937
0.028937
0.028937
0.028937
0.028937
0.028937
0.028975
0.028980
0.028980
0.028980
0.028980
0.028942
0.028975
0.028937
0.028937
0.028937
0.028937
0.028937
0.028937
0.028937
0.028937
0.028937
0.028975
0.028980
0.028980
0.028980
0.028980
0.028942
0.028975
0.028937
0.028937
0.028937
0.028937
0.028937
0.028937
0.028937
0.028937
0.028937
0.028975
0.028942
0.028942
0.028942
0.028942
0.028942
0.028937
0.028937
0.028937
0.028937
0.028937
0.028937
0.028937
0.028937
0.028937
0.028937
0.028942
0.028942
0.028942
0.028942
0.028942
0.028942
0.028937
0.028937
0.028937
0.028937
0.028937
0.028937
0.028937
0.028937
0.028937
0.028937
0.028942
0.028942
0.028942
0.028942
0.028872
0.028872
0.028900
0.028900
0.028880
0.028880
0.028880
0.028880
0.028880
0.028880
0.028880
0.028880
0.028885
0.028885
0.028852
0.028893
0.028871
0.028871
0.028867
0.028899
0.028899
0.028899
0.028899
0.028899
0.028899
0.028899
0.028899
0.028899
0.028904
0.028871
0.028871
0.028871
0.028871
0.028871
0.028867
0.028899
0.028899
0.028899
0.028899
0.028899
0.028899
0.028899
0.028899
0.028899
0.028904
0.028871
0.028871
0.028871
0.028871
0.028871
0.028867
0.028867
0.028899
0.028899
0.028899
0.028899
0.028899
0.028899
0.028899
0.028899
0.028904
0.028871
0.028871
0.028871
0.028871
0.028871
0.028867
0.028867
0.028899
0.028899
0.028899
0.028899
0.028899
0.028899
0.028899
0.028899
0.028871
0.028871
0.028871
0.028871
0.028871
