1.519085
1.357847
1.211744
1.115248
1.065765
1.045794
1.039593
1.040270
1.040845
1.040447
1.039535
1.038570
1.038133
1.038098
1.038252
1.038408
1.038306
1.038209
1.038006
1.037868
1.037484
1.037002
1.036273
1.035731
1.035071
1.034300
1.033838
1.032817
1.032393
1.031841
1.031063
1.030336
1.029881
1.029430
1.028919
1.028478
1.028070
1.027761
1.027438
1.027110
1.026832
1.026544
1.026303
1.025979
1.025626
1.025265
1.024944
1.024328
1.023947
1.023632
1.023072
1.022336
1.021908
1.021500
1.021171
1.020624
1.020185
1.019567
1.019108
1.018697
1.018256
1.017974
1.017691
1.017376
1.016920
1.016503
1.015959
1.015719
1.015277
1.014819
1.014303
1.013882
1.013327
1.012972
1.012528
1.012064
1.011860
1.011504
1.011242
1.010947
1.010486
1.010128
1.009861
1.009679
1.009259
1.008962
1.008565
1.008334
1.008130
1.007795
1.007571
1.007469
1.007223
1.006938
1.006930
1.006786
1.006616
1.006521
1.006582
1.006604
1.006663
1.006567
1.006720
1.006705
1.006776
1.006916
1.007340
1.007617
1.008030
1.008416
1.008855
1.009350
1.009868
1.010394
1.011040
1.011687
1.012312
1.013075
1.013567
1.014222
1.014815
1.015534
1.016155
1.016794
1.017379
1.018021
1.018701
1.019434
1.019578
1.019898
1.020290
1.020779
1.021522
1.021942
1.022409
1.023069
1.023675
1.024255
1.024764
1.025592
1.026127
1.026931
1.027531
1.028343
1.029124
1.029910
1.030675
1.031507
1.032095
1.032690
1.033187
1.033876
1.034263
1.034769
1.035373
1.035910
1.036469
1.037027
1.037540
1.038156
1.038669
1.039055
1.039535
1.040059
1.040820
1.041769
1.042534
1.043503
1.044320
1.045083
1.046008
1.046760
1.047557
1.048300
1.049000
1.049514
1.050315
1.050960
1.051970
1.052787
1.053712
1.054479
1.055478
1.056422
1.057462
1.058559
1.059514
1.060725
1.061679
1.062438
1.063473
1.064013
1.065035
1.065676
1.066367
1.067143
1.067836
1.068614
1.069372
1.070160
1.070931
1.071563
1.072253
1.073057
1.073819
1.074680
1.075134
1.076054
1.076839
1.077604
1.078371
1.079123
1.079814
1.080603
1.081415
1.082122
1.082766
1.083419
1.084138
1.084895
1.085522
1.086340
1.087053
1.087799
1.088369
1.089106
1.089641
1.090282
1.090987
1.091658
1.092274
1.092831
1.093392
1.094036
1.094497
1.095069
1.095734
1.096127
1.096774
1.097309
1.097924
1.098478
1.098800
1.099380
1.099816
1.100222
1.100671
1.101130
1.101447
1.101823
1.102211
1.102593
1.103039
1.103340
1.103827
1.104244
1.104697
1.105001
1.105480
1.105892
1.106123
1.106290
1.106695
1.106947
1.107330
1.107589
1.107792
1.108080
1.108508
1.108854
1.109124
1.109489
1.109603
1.109939
1.110318
1.110616
1.110757
1.111232
1.111517
1.111880
1.112142
1.112469
1.112967
1.113137
1.113433
1.113729
1.114129
1.114337
1.114672
1.114892
1.115193
1.115325
1.115513
1.115731
1.116134
1.116455
1.116669
1.117035
1.117254
1.117608
1.117982
1.118183
1.118592
1.118842
1.119249
1.119731
1.120034
1.120396
1.120787
1.121138
1.121210
1.121607
1.121850
1.122334
1.122702
1.123011
1.123311
1.123708
1.124075
1.124457
1.124772
1.125098
1.125287
1.125758
1.126079
1.126622
1.126807
1.127068
1.127506
1.127931
1.128325
1.128874
1.129105
1.129493
1.129796
1.130254
1.130472
1.130926
1.131105
1.131417
1.131720
1.132055
1.132391
1.132547
1.132905
1.133232
1.133422
1.133741
1.134087
1.134315
1.134621
1.134955
1.135091
1.135414
1.135706
1.135908
1.136213
1.136560
1.136821
1.137052
1.137241
1.137483
1.137768
1.137880
1.138194
1.138355
1.138518
1.138904
1.139020
1.139283
1.139437
1.139658
1.139774
1.139943
1.140212
1.140383
1.140621
1.140753
1.140922
1.140992
1.141222
1.141409
1.141511
1.141691
1.142012
1.142270
1.142331
1.142398
1.142477
1.142647
1.142780
1.142849
1.142997
1.143031
1.143091
1.143073
1.143148
1.143419
1.143333
1.143481
1.143537
1.143405
1.143509
1.143488
1.143557
1.143508
1.143577
1.143490
1.143540
1.143556
1.143547
1.143511
1.143698
1.143788
1.143745
1.143731
1.143647
1.143573
1.143672
1.143577
1.143518
1.143531
1.143366
1.143457
1.143276
1.143274
1.143187
1.143105
1.142946
1.142766
1.142763
1.142690
1.142614
1.142633
1.142420
1.142370
1.142338
1.142252
1.142238
1.142150
1.142005
1.141812
1.141990
1.141859
1.141857
1.141730
1.141681
1.141596
1.141357
1.141264
1.141189
1.141135
1.141124
1.141074
1.140954
1.140864
1.140723
1.140608
1.140526
1.140429
1.140338
1.140307
1.140230
1.140181
1.140126
1.139941
1.139909
1.139658
1.139711
1.139454
1.139436
1.139406
1.139309
1.139274
1.139192
1.139296
1.139152
1.139105
1.138985
1.138838
1.138885
1.138688
1.138639
1.138518
1.138348
1.138292
1.138124
1.138074
1.137991
1.137742
1.137842
1.137641
1.137507
1.137318
1.137164
1.137041
1.136777
1.136678
1.136493
1.136426
1.136190
1.135942
1.135899
1.135617
1.135421
1.135354
1.135112
1.134874
1.134757
1.134632
1.134418
1.134126
1.133870
1.133606
1.133359
1.133149
1.132783
1.132601
1.132418
1.132152
1.131856
1.131388
1.131119
1.130903
1.130507
1.130280
1.129923
1.129656
1.129286
1.128981
1.128564
1.128295
1.128021
1.127591
1.127291
1.126980
1.126701
1.126299
1.126020
1.125634
1.125316
1.124994
1.124614
1.124190
1.123986
1.123844
1.123550
1.123124
1.122830
1.122529
1.122191
1.122029
1.121639
1.121268
1.121001
1.120646
1.120530
1.120181
1.119889
1.119464
1.119212
1.118964
1.118633
1.118376
1.118012
1.117919
1.117572
1.117230
1.116938
1.116656
1.116409
1.116141
1.116000
1.115724
1.115377
1.115145
1.114905
1.114658
1.114466
1.114372
1.114210
1.114082
1.113916
1.113713
1.113376
1.113208
1.113076
1.112882
1.112521
1.112293
1.112189
1.111972
1.111733
1.111634
1.111342
1.111116
1.110944
1.110751
1.110664
1.110483
1.110296
1.110201
1.109971
1.109867
1.109748
1.109554
1.109385
1.109270
1.109151
1.108824
1.108852
1.108773
1.108636
1.108591
1.108316
1.108239
1.108166
1.108104
1.107983
1.107932
1.107833
1.107740
1.107548
1.107504
1.107368
1.107296
1.107227
1.107086
1.106951
1.106910
1.106767
1.106772
1.106736
1.106631
1.106591
1.106501
1.106390
1.106373
1.106388
1.106299
1.106294
1.106132
1.106163
1.106016
1.106001
1.105958
1.105951
1.105808
1.105647
1.105686
1.105691
1.105629
1.105582
1.105496
1.105433
1.105402
1.105391
1.105293
1.105304
1.105175
1.105275
1.105243
1.105247
1.105172
1.105193
1.105158
1.105093
1.105134
1.104979
1.105066
1.104991
1.104972
1.104877
1.104832
1.104851
1.104845
1.104824
1.104692
1.104697
1.104781
1.104725
1.104710
1.104699
1.104654
1.104628
1.104582
1.104691
1.104612
1.104667
1.104521
1.104481
1.104487
1.104580
1.104486
1.104455
1.104442
1.104492
1.104470
1.104426
1.104482
1.104325
1.104374
1.104430
1.104425
1.104377
1.104276
1.104352
1.104306
1.104322
1.104377
1.104282
1.104294
1.104278
1.104376
1.104281
1.104253
1.104333
1.104207
1.104257
1.104260
1.104109
1.104109
1.104208
1.104307
1.104164
1.104072
1.104071
1.104144
1.104098
1.104033
1.104039
1.104039
1.103996
1.103949
1.104002
1.104006
1.103919
1.103968
1.103973
1.104007
1.103958
1.103890
1.103897
1.103964
1.103875
1.103884
1.103885
1.103793
1.103817
1.103828
1.103751
1.103783
1.103789
1.103748
1.103755
1.103755
1.103787
1.103740
1.103731
1.103694
1.103747
1.103747
1.103700
1.103707
1.103686
1.103727
1.103632
1.103692
1.103695
1.103695
1.103704
1.103691
1.103649
1.103585
1.103595
1.103567
1.103518
1.103470
1.103582
1.103635
1.103586
1.103539
1.103587
1.103509
1.103531
1.103581
1.103502
1.103445
1.103545
1.103495
1.103448
1.103465
1.103465
1.103406
1.103371
1.103387
1.103419
1.103373
1.103373
1.103372
1.103352
1.103261
1.103264
1.103314
1.103350
1.103374
1.103419
1.103419
1.103374
1.103301
1.103300
1.103350
1.103292
1.103290
1.103340
1.103315
1.103270
1.103234
1.103171
1.103117
1.103173
1.103174
1.103124
1.103097
1.103097
1.103142
1.103217
1.103127
1.103144
1.103145
1.103095
1.103028
1.103054
1.103020
1.103019
1.103028
1.103029
1.103021
1.102971
1.102881
1.102879
1.102853
1.102821
1.102782
1.102869
1.102897
1.102897
1.102865
1.102826
1.102731
1.102781
1.102781
1.102743
1.102743
1.102742
1.102741
1.102741
1.102651
1.102701
1.102733
1.102684
1.102709
1.102672
1.102722
1.102717
1.102716
1.102648
1.102698
1.102731
1.102708
1.102709
1.102647
1.102597
1.102596
1.102596
1.102600
1.102539
1.102573
1.102572
1.102621
1.102620
1.102595
1.102560
1.102560
1.102560
1.102560
1.102486
1.102453
1.102539
1.102497
1.102451
1.102427
1.102442
1.102370
1.102415
1.102415
1.102392
1.102392
1.102391
1.102340
1.102340
1.102357
1.102357
1.102357
1.102357
1.102306
1.102255
1.102255
1.102255
1.102209
1.102190
1.102161
1.102161
1.102212
1.102211
1.102193
1.102194
1.102194
1.102207
1.102207
1.102170
1.102152
1.102152
1.102151
1.102151
1.102125
1.102108
1.102158
1.102208
1.102208
1.102162
1.102146
1.102069
1.102054
1.102010
1.102010
1.101996
1.101996
1.101996
1.101948
1.101948
1.101985
1.101984
1.102035
1.102035
1.102035
1.101988
1.101952
1.101952
1.101952
1.101952
1.101951
1.101941
1.101891
1.101891
1.101941
1.101918
1.101915
1.101906
1.101905
1.101905
1.101905
1.101904
1.101897
1.101897
1.101833
1.101833
1.101832
1.101832
1.101782
1.101783
1.101833
1.101833
1.101832
1.101810
1.101795
1.101751
1.101751
1.101751
1.101751
1.101751
1.101748
1.101748
1.101701
1.101679
1.101728
1.101728
1.101728
1.101728
1.101678
1.101678
1.101678
1.101678
1.101678
1.101658
1.101614
1.101614
1.101614
1.101615
1.101615
1.101615
1.101616
1.101616
1.101616
1.101605
1.101586
1.101586
1.101586
1.101541
1.101541
1.101547
1.101547
1.101597
1.101597
1.101597
1.101599
1.101588
1.101588
1.101566
1.101567
1.101521
1.101521
1.101529
1.101529
1.101530
1.101529
1.101529
1.101558
1.101569
1.101569
1.101569
1.101524
1.101524
1.101574
1.101586
1.101586
1.101586
1.101566
1.101526
1.101588
1.101588
1.101549
1.101542
1.101542
1.101542
1.101506
1.101484
1.101484
1.101482
1.101481
1.101419
1.101434
1.101434
1.101434
1.101433
1.101483
1.101484
1.101501
1.101500
1.101455
1.101455
1.101405
1.101408
1.101408
1.101408
1.101408
1.101408
1.101408
1.101382
1.101382
1.101431
1.101431
1.101431
1.101431
1.101437
1.101437
1.101437
1.101342
1.101342
1.101363
1.101363
1.101363
1.101363
1.101363
1.101363
1.101435
1.101390
1.101390
1.101376
1.101375
1.101375
1.101399
1.101399
1.101399
1.101306
1.101306
1.101306
1.101331
1.101332
1.101332
1.101382
1.101380
1.101368
1.101349
1.101349
1.101349
1.101308
1.101310
1.101310
1.101337
1.101338
1.101338
1.101293
1.101293
1.101293
1.101322
1.101322
1.101322
1.101259
1.101259
1.101259
1.101215
1.101244
1.101289
1.101289
1.101289
1.101339
1.101339
1.101340
1.101370
1.101370
1.101326
1.101326
1.101288
1.101288
1.101288
1.101319
1.101308
1.101306
1.101306
1.101305
1.101261
1.101260
1.101260
1.101292
1.101292
1.101292
1.101292
1.101292
1.101292
1.101292
1.101292
1.101212
1.101208
1.101258
1.101257
1.101257
1.101257
1.101257
1.101257
1.101248
1.101248
1.101282
1.101239
1.101239
1.101239
1.101239
1.101155
1.101155
1.101155
1.101155
1.101190
1.101190
1.101190
1.101190
1.101148
1.101148
1.101148
1.101147
1.101147
1.101114
1.101114
1.101151
1.101151
1.101151
1.101151
1.101152
1.101107
1.101065
1.101058
1.101058
1.101058
1.101027
1.101028
1.101028
1.101066
1.101066
1.101066
1.101066
1.101066
1.101066
1.101066
1.101066
1.100994
1.100994
1.100994
1.100995
1.100946
1.100946
1.100984
1.100984
1.100984
1.100984
1.100955
1.101005
1.101005
1.101005
1.101005
1.101005
1.101005
1.100965
1.100916
1.100916
1.100888
1.100888
1.100888
1.100888
1.100888
1.100888
1.100976
1.100974
1.100973
1.100946
1.100941
1.100941
1.100941
1.100942
1.100942
1.100943
1.100853
1.100853
1.100827
1.100877
1.100877
1.100877
1.100877
1.100827
1.100827
1.100827
1.100802
1.100802
1.100802
1.100802
1.100852
1.100852
1.100852
1.100852
1.100829
1.100779
1.100779
1.100779
1.100779
1.100779
1.100779
1.100741
1.100768
1.100767
1.100811
1.100811
1.100811
1.100811
1.100811
1.100811
1.100790
1.100790
1.100790
1.100791
1.100791
1.100791
1.100791
1.100841
1.100821
1.100822
1.100772
1.100772
1.100772
1.100750
1.100750
1.100681
1.100731
1.100731
1.100732
1.100732
1.100732
1.100732
1.100732
1.100714
1.100714
1.100714
1.100678
1.100678
1.100678
1.100678
1.100678
1.100661
1.100660
1.100660
1.100662
1.100662
1.100662
1.100662
1.100661
1.100646
1.100646
1.100646
1.100644
1.100644
1.100592
1.100592
1.100578
1.100576
1.100576
1.100576
1.100576
1.100575
1.100575
1.100575
1.100562
1.100562
1.100562
1.100561
1.100561
1.100560
1.100560
1.100549
1.100549
1.100550
1.100550
1.100550
1.100550
1.100550
1.100550
1.100589
1.100588
1.100588
1.100588
1.100588
1.100588
1.100541
1.100482
1.100433
1.100433
1.100434
1.100434
1.100434
1.100434
1.100432
1.100474
1.100474
1.100474
1.100474
1.100473
1.100473
1.100473
1.100467
1.100468
1.100420
1.100420
1.100419
1.100384
1.100385
1.100435
1.100430
1.100429
1.100430
1.100430
1.100430
1.100430
1.100431
1.100428
1.100428
1.100428
1.100429
1.100379
1.100379
1.100379
1.100377
1.100377
1.100377
1.100377
1.100377
1.100376
1.100376
1.100376
1.100376
1.100376
1.100376
1.100377
1.100377
1.100377
1.100378
1.100378
1.100378
1.100378
1.100378
1.100378
1.100378
1.100380
1.100380
1.100380
1.100380
1.100377
1.100377
1.100377
1.100380
1.100380
1.100380
1.100329
1.100329
1.100329
1.100379
1.100384
1.100384
1.100362
1.100362
1.100361
1.100361
1.100311
1.100318
1.100318
1.100318
1.100318
1.100318
1.100368
1.100375
1.100425
1.100473
1.100473
1.100473
1.100473
1.100473
1.100432
1.100432
1.100432
1.100432
1.100432
1.100432
1.100492
1.100492
1.100492
1.100492
1.100492
1.100495
1.100495
1.100506
1.100507
1.100507
1.100457
1.100457
1.100458
1.100471
1.100471
1.100471
1.100471
1.100471
1.100472
1.100486
1.100487
1.100487
1.100487
1.100487
1.100537
1.100552
1.100553
1.100553
1.100553
1.100553
1.100570
1.100616
1.100616
1.100616
1.100616
1.100616
1.100633
1.100633
1.100633
1.100683
1.100683
1.100702
1.100702
1.100702
1.100702
1.100702
1.100602
1.100622
1.100622
1.100622
1.100622
1.100622
1.100622
1.100588
1.100170
1.099122
1.097506
1.095577
1.094060
1.093255
1.093254
1.094257
1.096170
1.098968
1.102600
1.107172
1.112694
1.119120
1.126255
1.133958
1.141573
1.148612
1.154506
1.158880
1.161663
1.163048
1.163366
1.163111
1.162694
1.162374
1.162272
1.162413
1.162682
1.162872
1.162967
1.162850
1.162469
1.161994
1.161392
1.160837
1.160442
1.160103
1.159976
1.159976
1.160039
1.160119
1.160167
1.160195
1.160179
1.160132
1.160037
1.159942
1.159894
1.159922
1.159828
1.158976
1.156336
1.151626
1.144876
1.136536
1.127289
1.117697
1.108298
1.099648
1.092222
1.086284
1.082009
1.079101
1.077349
1.076470
1.076200
1.076158
1.076183
1.076197
1.076146
1.076092
1.076164
1.076356
1.076558
1.076744
1.076882
1.076858
1.076669
1.076485
1.076327
1.076242
1.076230
1.076363
1.076547
1.076682
1.076867
1.076978
1.077071
1.077071
1.077071
1.077085
1.077066
1.077020
1.076966
1.077031
1.077031
1.077097
1.077097
1.077151
1.077151
1.077105
1.077077
1.077024
1.076989
1.076909
1.076875
1.076762
1.076746
1.076668
1.076616
1.076584
1.076533
1.076457
1.076406
1.076330
1.076301
1.076205
1.076181
1.076107
1.076079
1.076031
1.075958
1.075932
1.075839
1.075813
1.075742
1.075718
1.075595
1.075608
1.075540
1.075495
1.075472
1.075405
1.075383
1.075294
1.075273
1.075177
1.075157
1.075020
1.075001
1.074938
1.074935
1.074872
1.074855
1.074764
1.074724
1.074574
1.074246
1.073894
1.073568
1.073242
1.072872
1.072494
1.072126
1.071802
1.071411
1.071089
1.070724
1.070443
1.070098
1.069663
1.069371
1.068984
1.068667
1.068307
1.067991
1.067533
1.067192
1.066835
1.066454
1.066049
1.065737
1.065359
1.064998
1.064638
1.064262
1.063979
1.063577
1.063246
1.062805
1.062422
1.062026
1.061696
1.061251
1.060827
1.060558
1.060281
1.060112
1.059929
1.059718
1.059439
1.059321
1.059069
1.058819
1.058584
1.058359
1.058136
1.057844
1.057594
1.057296
1.057004
1.056753
1.056503
1.056227
1.055935
1.055679
1.055386
1.055119
1.054911
1.054594
1.054329
1.054076
1.053759
1.053305
1.052797
1.052298
1.051743
1.051178
1.050714
1.050222
1.049720
1.049379
1.049238
1.048971
1.048753
1.048439
1.048194
1.047931
1.047739
1.047420
1.047215
1.046985
1.046670
1.046373
1.046076
1.045787
1.045490
1.045232
1.045027
1.044725
1.044472
1.044161
1.043904
1.043607
1.043311
1.042910
1.042374
1.041925
1.041453
1.041116
1.040627
1.040155
1.039714
1.039407
1.039186
1.039008
1.038797
1.038565
1.038314
1.038011
1.037801
1.037506
1.037258
1.036992
1.036692
1.036445
1.036179
1.035947
1.035659
1.035371
1.035086
1.034821
1.034504
1.034217
1.033926
1.033477
1.033028
1.032653
1.032203
1.031815
1.031408
1.031082
1.030658
1.030378
1.030105
1.029808
1.029517
1.029200
1.028846
1.028431
1.027947
1.027527
1.027069
1.026694
1.026079
1.025498
1.024903
1.024336
1.023679
1.023120
1.022514
1.021957
1.021509
1.021171
1.020898
1.020673
1.020319
1.019929
1.019411
1.019020
1.018534
1.018048
1.017447
1.016812
1.016120
1.015501
1.014964
1.014348
1.013751
1.013189
1.012644
1.012189
1.011741
1.011239
1.010712
1.010179
1.009712
1.009180
1.008738
1.008072
1.007399
1.006754
1.006150
1.005670
1.005235
1.004986
1.004438
1.004007
1.003482
1.002900
1.002344
1.001794
1.001150
1.000551
0.999990
0.999370
0.998732
0.998085
0.997705
0.997148
0.996585
0.996016
0.995505
0.994968
0.994385
0.993840
0.993289
0.992637
0.992074
0.991512
0.990981
0.990339
0.989781
0.989335
0.988875
0.988391
0.987887
0.987385
0.986904
0.986428
0.986017
0.985676
0.985302
0.984867
0.984385
0.983920
0.983394
0.982965
0.982540
0.981956
0.981499
0.981031
0.980499
0.979982
0.979499
0.978985
0.978502
0.977961
0.977503
0.977043
0.976566
0.976092
0.975561
0.975090
0.974706
0.974223
0.973694
0.973193
0.972648
0.972278
0.971688
0.971274
0.970717
0.970302
0.969749
0.969144
0.968636
0.968020
0.967653
0.967056
0.966610
0.966249
0.965570
0.965116
0.964627
0.963959
0.963318
0.962965
0.962353
0.961699
0.961353
0.960708
0.960237
0.959979
0.959526
0.958873
0.958265
0.957896
0.957219
0.956520
0.956157
0.955614
0.954826
0.954245
0.953865
0.953196
0.952435
0.951931
0.951499
0.950793
0.950130
0.949798
0.949074
0.948401
0.947892
0.947326
0.946640
0.946091
0.945520
0.944881
0.944361
0.943680
0.943146
0.942575
0.941983
0.941571
0.940980
0.940561
0.940108
0.939603
0.939115
0.938539
0.938150
0.937903
0.937808
0.937365
0.937238
0.937191
0.937195
0.937191
0.936921
0.936489
0.936079
0.935436
0.934869
0.934516
0.934218
0.933616
0.933315
0.933182
0.932945
0.932810
0.932505
0.932395
0.932332
0.932274
0.931987
0.931834
0.931659
0.931641
0.931365
0.931220
0.931243
0.931108
0.930990
0.930960
0.931055
0.930985
0.930993
0.930938
0.930897
0.930914
0.930811
0.930872
0.930878
0.930869
0.930793
0.930600
0.930624
0.930468
0.930394
0.930356
0.930220
0.930193
0.930152
0.930129
0.930018
0.929748
0.929696
0.929674
0.929635
0.929712
0.929958
0.930286
0.930358
0.930319
0.930389
0.930508
0.930456
0.930572
0.930586
0.930640
0.930852
0.930951
0.930992
0.931091
0.931259
0.931465
0.931634
0.931560
0.931799
0.931949
0.931991
0.932315
0.932725
0.933072
0.933314
0.933510
0.933670
0.933866
0.933964
0.934244
0.934344
0.934478
0.934759
0.934895
0.935058
0.935273
0.935361
0.935588
0.935769
0.935982
0.936199
0.936407
0.936553
0.936723
0.936922
0.937340
0.937699
0.937928
0.938091
0.938172
0.938197
0.938296
0.938451
0.938567
0.938769
0.938990
0.939173
0.939326
0.939618
0.939789
0.939920
0.940145
0.940313
0.940538
0.940678
0.940941
0.940951
0.941164
0.941478
0.941809
0.942106
0.942419
0.942626
0.942920
0.943221
0.943478
0.943810
0.944013
0.944248
0.944543
0.944839
0.945167
0.945498
0.945747
0.945893
0.946299
0.946592
0.946959
0.947209
0.947437
0.947636
0.947869
0.948176
0.948587
0.948872
0.949288
0.949939
0.950246
0.950776
0.951073
0.951424
0.951770
0.952064
0.952462
0.952844
0.953162
0.953470
0.953866
0.954237
0.954666
0.954948
0.955449
0.955776
0.956050
0.956347
0.956666
0.957176
0.957463
0.957781
0.958177
0.958481
0.958801
0.959123
0.959390
0.959773
0.960045
0.960333
0.960715
0.961047
0.961404
0.961794
0.962011
0.962346
0.962587
0.962883
0.963030
0.963290
0.963494
0.963877
0.964191
0.964436
0.964670
0.965020
0.965253
0.965596
0.965921
0.966418
0.966622
0.966852
0.967038
0.967179
0.967281
0.967538
0.967672
0.967954
0.968123
0.968294
0.968549
0.968646
0.968811
0.968850
0.968596
0.968102
0.967902
0.967690
0.967569
0.967338
0.966990
0.966349
0.966250
0.966303
0.966244
0.966381
0.966655
0.966764
0.966974
0.967199
0.967287
0.967521
0.967664
0.967746
0.967796
0.967824
0.967902
0.967926
0.968017
0.968056
0.968111
0.968170
0.968142
0.968302
0.968517
0.968510
0.968491
0.968492
0.968542
0.968511
0.968589
0.968571
0.968445
0.968383
0.968354
0.968372
0.968506
0.968380
0.968479
0.968211
0.968090
0.967932
0.967871
0.967641
0.967412
0.967307
0.967094
0.967057
0.966763
0.966539
0.966420
0.966194
0.965844
0.965518
0.965445
0.965188
0.965039
0.964638
0.964438
0.964086
0.963731
0.963279
0.962875
0.962573
0.962305
0.962075
0.961723
0.961348
0.961076
0.960683
0.960229
0.959814
0.959466
0.959159
0.958806
0.958370
0.957857
0.957446
0.957000
0.956704
0.956212
0.955901
0.955458
0.954898
0.954514
0.954147
0.953665
0.953278
0.952678
0.952366
0.952021
0.951504
0.951157
0.950813
0.950243
0.949604
0.948724
0.947520
0.946227
0.945020
0.943625
0.942500
0.941180
0.940192
0.939543
0.939123
0.938975
0.939123
0.939467
0.939844
0.939922
0.940033
0.939889
0.939808
0.939895
0.940018
0.940098
0.940084
0.940032
0.940117
0.940239
0.940512
0.940743
0.940774
0.940321
0.939566
0.938300
0.937043
0.935729
0.934463
0.933286
0.932096
0.931065
0.930050
0.929171
0.928410
0.927583
0.926649
0.925521
0.924305
0.923159
0.921846
0.920566
0.919124
0.917881
0.916471
0.915386
0.914438
0.913700
0.913014
0.912219
0.911388
0.910673
0.909700
0.908936
0.908013
0.907161
0.905962
0.904778
0.903670
0.902553
0.901425
0.900378
0.899478
0.898189
0.896864
0.895531
0.894251
0.893202
0.892190
0.891271
0.890311
0.889494
0.888524
0.887995
0.887742
0.887834
0.887728
0.887915
0.888006
0.888408
0.888783
0.889121
0.889538
0.890270
0.891322
0.891725
0.891272
0.890854
0.889910
0.888715
0.887233
0.885414
0.883901
0.882364
0.880875
0.879478
0.878230
0.877403
0.876716
0.876633
0.876611
0.876645
0.877012
0.877312
0.877168
0.876447
0.875641
0.874791
0.873638
0.872376
0.871132
0.870001
0.869544
0.869887
0.870306
0.870125
0.870012
0.869311
0.868218
0.866658
0.864941
0.863318
0.861945
0.860512
0.858989
0.857437
0.855950
0.854320
0.852626
0.850812
0.849113
0.846947
0.845085
0.842988
0.841007
0.838804
0.836946
0.835076
0.833147
0.831282
0.829237
0.827114
0.825184
0.822917
0.820842
0.818770
0.816696
0.814545
0.812317
0.810063
0.808065
0.805864
0.803604
0.801259
0.798925
0.796679
0.794478
0.792043
0.789831
0.787552
0.785412
0.783035
0.780805
0.778351
0.776119
0.773771
0.771416
0.769205
0.766992
0.764541
0.762193
0.759842
0.757434
0.754874
0.752451
0.749987
0.747584
0.745182
0.742833
0.740342
0.737829
0.735468
0.733197
0.730685
0.728238
0.725837
0.723199
0.720765
0.718481
0.716034
0.713552
0.711093
0.708638
0.706217
0.703717
0.701183
0.698840
0.696307
0.693876
0.691731
0.689379
0.687093
0.684837
0.682778
0.680602
0.678490
0.676392
0.674571
0.672912
0.671359
0.669887
0.668171
0.666705
0.665061
0.663383
0.661782
0.660011
0.658372
0.656509
0.654992
0.653128
0.651159
0.649389
0.647311
0.645432
0.643576
0.641707
0.639906
0.638364
0.636961
0.635405
0.634022
0.632647
0.631347
0.630015
0.628665
0.627389
0.626250
0.625068
0.623737
0.622402
0.621058
0.619702
0.618169
0.616843
0.615776
0.614406
0.613144
0.612021
0.610841
0.609883
0.608692
0.607605
0.606562
0.605502
0.604464
0.603341
0.602090
0.600792
0.599594
0.598302
0.597009
0.595820
0.594336
0.592916
0.591365
0.590016
0.588779
0.587672
0.586500
0.585145
0.583945
0.582472
0.581372
0.580176
0.579261
0.578389
0.577502
0.576568
0.575895
0.574861
0.573676
0.572523
0.571330
0.569846
0.568287
0.566642
0.565163
0.564063
0.563219
0.562230
0.561107
0.560119
0.559324
0.558611
0.557650
0.556493
0.555416
0.554442
0.553367
0.552361
0.551135
0.550116
0.549359
0.548589
0.547910
0.547285
0.546872
0.546592
0.546319
0.546066
0.545747
0.545291
0.544783
0.543929
0.542820
0.541542
0.540147
0.538847
0.537469
0.536141
0.535101
0.534154
0.533638
0.533256
0.533943
0.536582
0.540761
0.545294
0.547789
0.548267
0.547409
0.546081
0.544380
0.542573
0.541649
0.541205
0.540948
0.540549
0.539735
0.538610
0.537452
0.536109
0.534622
0.533414
0.532127
0.531102
0.529929
0.528867
0.527696
0.526365
0.524982
0.523345
0.521609
0.519918
0.518176
0.516588
0.514955
0.513524
0.512460
0.511808
0.511294
0.510939
0.510555
0.510269
0.509857
0.509519
0.509147
0.508772
0.508250
0.507630
0.507043
0.506317
0.505593
0.504806
0.504043
0.503457
0.502664
0.501964
0.501092
0.500278
0.499629
0.499037
0.498327
0.497732
0.497086
0.496396
0.495563
0.494842
0.494076
0.493424
0.492492
0.491556
0.490721
0.489804
0.489004
0.488206
0.487335
0.486554
0.485835
0.485214
0.484758
0.484391
0.484150
0.483799
0.483578
0.483323
0.483081
0.482644
0.481983
0.481421
0.480664
0.479871
0.478853
0.477974
0.477125
0.476403
0.475757
0.474994
0.474518
0.473851
0.473392
0.473203
0.472830
0.472411
0.472159
0.471500
0.470795
0.469892
0.468895
0.468022
0.466912
0.465972
0.464964
0.463987
0.463101
0.462061
0.460908
0.459870
0.458907
0.457958
0.457314
0.456465
0.455651
0.454863
0.454338
0.453588
0.452716
0.452022
0.451289
0.450405
0.449582
0.448849
0.447937
0.447304
0.446435
0.445663
0.444902
0.444148
0.443414
0.442501
0.441821
0.441116
0.440406
0.439590
0.438787
0.438003
0.437195
0.436442
0.435610
0.434709
0.433934
0.433047
0.432036
0.430964
0.430082
0.429014
0.427950
0.426718
0.425555
0.424364
0.423267
0.422096
0.420916
0.419675
0.418422
0.416878
0.415222
0.413651
0.411992
0.410472
0.408662
0.407021
0.405273
0.403583
0.401906
0.400204
0.398405
0.396705
0.394884
0.393173
0.391322
0.389480
0.387861
0.386062
0.384221
0.382513
0.380709
0.378854
0.376874
0.374963
0.373003
0.371219
0.369237
0.367345
0.365511
0.363549
0.361782
0.359922
0.358115
0.356254
0.354361
0.352526
0.350829
0.348818
0.346886
0.345317
0.343516
0.341733
0.340001
0.338202
0.336356
0.334702
0.333146
0.331620
0.330152
0.328476
0.326925
0.325400
0.324092
0.322432
0.321024
0.319429
0.317953
0.316574
0.315120
0.313586
0.312229
0.310903
0.309526
0.308126
0.306811
0.305551
0.304258
0.303014
0.301803
0.300574
0.299256
0.298118
0.296914
0.295966
0.294772
0.293694
0.292649
0.291616
0.290466
0.289514
0.288489
0.287424
0.286426
0.285414
0.284355
0.283265
0.282327
0.281283
0.280245
0.279434
0.278261
0.277218
0.276323
0.275332
0.274285
0.273323
0.272219
0.271352
0.270289
0.269301
0.268218
0.267399
0.266244
0.265201
0.264287
0.263200
0.262234
0.261237
0.260204
0.259204
0.258069
0.257042
0.255855
0.254774
0.253826
0.252740
0.251595
0.250453
0.249263
0.248140
0.247120
0.245940
0.244873
0.243852
0.242677
0.241666
0.240380
0.239213
0.238110
0.236849
0.235678
0.234564
0.233340
0.232085
0.230831
0.229661
0.228435
0.227169
0.225994
0.224809
0.223556
0.222238
0.221179
0.219968
0.218740
0.217479
0.216264
0.215050
0.213891
0.212657
0.211248
0.209957
0.208644
0.207240
0.205915
0.204589
0.203186
0.201800
0.200378
0.199014
0.197679
0.196267
0.194994
0.193615
0.192241
0.190968
0.189650
0.188175
0.186863
0.185412
0.184117
0.182732
0.181273
0.179975
0.178528
0.177169
0.175804
0.174571
0.173164
0.171902
0.170577
0.169237
0.168002
0.166799
0.165576
0.164075
0.162978
0.161711
0.160572
0.159336
0.158138
0.156909
0.155715
0.154562
0.153446
0.152289
0.151059
0.149886
0.148800
0.147752
0.146629
0.145644
0.144530
0.143494
0.142322
0.141308
0.140229
0.139207
0.138277
0.137296
0.136381
0.135388
0.134331
0.133482
0.132470
0.131465
0.130573
0.129669
0.128787
0.127744
0.126803
0.125894
0.125060
0.124270
0.123383
0.122621
0.121764
0.120898
0.119919
0.119047
0.118162
0.117283
0.116318
0.115517
0.114381
0.113435
0.112603
0.111716
0.110865
0.109945
0.108986
0.108071
0.107078
0.106059
0.105158
0.104279
0.103296
0.102434
0.101396
0.100487
0.099566
0.098725
0.097755
0.096809
0.095858
0.094958
0.094035
0.093105
0.092057
0.091156
0.090345
0.089414
0.088475
0.087634
0.086593
0.085691
0.084981
0.084097
0.083285
0.082462
0.081761
0.080997
0.080301
0.079556
0.078782
0.077946
0.077360
0.076645
0.075895
0.075281
0.074584
0.073853
0.073196
0.072483
0.071871
0.071166
0.070557
0.069877
0.069289
0.068721
0.068068
0.067472
0.066810
0.066196
0.065646
0.065002
0.064537
0.063948
0.063426
0.062908
0.062294
0.061761
0.061351
0.060754
0.060240
0.059782
0.059329
0.058858
0.058375
0.057887
0.057402
0.057008
0.056567
0.056158
0.055683
0.055220
0.054785
0.054328
0.053936
0.053493
0.053152
0.052741
0.052444
0.052004
0.051518
0.051186
0.050796
0.050444
0.050030
0.049643
0.049317
0.048945
0.048550
0.048317
0.048006
0.047747
0.047349
0.047018
0.046759
0.046535
0.046178
0.045973
0.045618
0.045284
0.045084
0.044771
0.044411
0.044214
0.043984
0.043781
0.043526
0.043285
0.043013
0.042820
0.042595
0.042397
0.042174
0.041896
0.041682
0.041563
0.041331
0.041089
0.040955
0.040779
0.040637
0.040384
0.040290
0.040106
0.039955
0.039774
0.039598
0.039487
0.039259
0.039216
0.038881
0.038712
0.038601
0.038555
0.038303
0.038229
0.038082
0.038012
0.037768
0.037647
0.037557
0.037459
0.037345
0.037174
0.037080
0.036933
0.036905
0.036796
0.036701
0.036627
0.036574
0.036452
0.036324
0.036168
0.036088
0.036044
0.035965
0.035880
0.035722
0.035615
0.035591
0.035471
0.035377
0.035345
0.035246
0.035206
0.035225
0.035184
0.035049
0.034938
0.034807
0.034806
0.034718
0.034656
0.034605
0.034570
0.034394
0.034304
0.034294
0.034208
0.034169
0.034096
0.034060
0.033961
0.033895
0.033861
0.033813
0.033726
0.033575
0.033538
0.033555
0.033478
0.033346
0.033358
0.033269
0.033234
0.033081
0.033043
0.032935
0.032918
0.032883
0.032872
0.032784
0.032793
0.032710
0.032575
0.032569
0.032557
0.032482
0.032357
0.032276
0.032269
0.032099
0.032101
0.032083
0.032031
0.032060
0.032002
0.031884
0.031829
0.031722
0.031637
0.031533
0.031529
0.031481
0.031418
0.031346
0.031330
0.031292
0.031186
0.031163
0.031034
0.031034
0.030936
0.030936
0.030840
0.030784
0.030740
0.030657
0.030599
0.030574
0.030498
0.030483
0.030366
0.030452
0.030363
0.030199
0.030063
0.030108
0.029992
0.029978
0.029952
0.029836
0.029803
0.029832
0.029777
0.029698
0.029638
0.029556
0.029556
0.029471
0.029429
0.029336
0.029286
0.029236
0.029231
0.029137
0.029050
0.028908
0.028917
0.028910
0.028929
0.028837
0.028759
0.028711
0.028673
0.028547
0.028503
0.028455
0.028389
0.028379
0.028271
0.028419
0.028286
0.028286
0.028283
0.028128
0.028117
0.028036
0.027978
0.027922
0.027903
0.027901
0.027882
0.027823
0.027786
0.027766
0.027648
0.027632
0.027632
0.027543
0.027477
0.027391
0.027374
0.027281
0.027257
0.027198
0.027198
0.027153
0.027093
0.027038
0.027086
0.027007
0.026994
0.026994
0.026891
0.026882
0.026796
0.026789
0.026740
0.026632
0.026666
0.026617
0.026665
0.026674
0.026529
0.026529
0.026568
0.026519
0.026474
0.026465
0.026379
0.026250
0.026200
0.026155
0.026249
0.026165
0.026165
0.026158
0.026121
0.026110
0.026121
0.026121
0.026121
0.026072
0.026070
0.026011
0.025968
0.025968
0.025883
0.025883
0.025828
0.025828
0.025891
0.025876
0.025876
0.025839
0.025790
0.025745
0.025714
0.025665
0.025665
0.025675
0.025620
0.025702
0.025675
0.025639
0.025645
0.025645
0.025692
0.025598
0.025617
0.025524
0.025520
0.025520
0.025472
0.025472
0.025444
0.025406
0.025379
0.025379
0.025383
0.025382
0.025356
0.025330
0.025336
0.025325
0.025325
0.025333
0.025214
0.025214
0.025146
0.025194
0.025194
0.025276
0.025276
0.025298
0.025297
0.025309
0.025311
0.025263
0.025275
0.025197
0.025152
0.025104
0.025075
0.025075
0.025075
0.025075
0.025122
0.025170
0.025170
0.025181
0.025115
0.025112
0.025105
0.025027
0.025027
0.025027
0.025027
0.025096
0.025127
0.025129
0.025130
0.025193
0.025146
0.025159
0.025159
0.025244
0.025197
0.025199
0.025199
0.025158
0.025123
0.025137
0.025130
0.025144
0.025147
0.025147
0.025134
0.025214
0.025214
0.025214
0.025179
0.025179
0.025196
0.025196
0.025196
0.025212
0.025252
0.025217
0.025265
0.025300
0.025262
0.025232
0.025251
0.025251
0.025301
0.025256
0.025249
0.025280
0.025280
0.025345
0.025384
0.025384
0.025390
0.025438
0.025485
0.025502
0.025522
0.025477
0.025429
0.025429
0.025429
0.025391
0.025391
0.025431
