1.667084
1.513300
1.372688
1.277494
1.226855
1.205925
1.199292
1.199540
1.199617
1.199091
1.198238
1.197502
1.196994
1.196256
1.195326
1.193997
1.192298
1.190381
1.188497
1.186528
1.184761
1.182989
1.181278
1.179474
1.177511
1.175649
1.173736
1.171556
1.169705
1.167924
1.166162
1.164113
1.162336
1.160529
1.158921
1.157173
1.155350
1.153439
1.151627
1.150104
1.148409
1.146616
1.144980
1.143073
1.141346
1.139038
1.136947
1.134704
1.132435
1.130544
1.128825
1.127022
1.125289
1.123407
1.121611
1.119584
1.117745
1.115624
1.113866
1.111990
1.110055
1.108271
1.106651
1.104766
1.103126
1.101290
1.099470
1.097482
1.095477
1.093517
1.091432
1.089427
1.087712
1.085669
1.084055
1.082139
1.080181
1.078442
1.076435
1.074407
1.072467
1.070626
1.068698
1.066773
1.064736
1.063026
1.061210
1.059230
1.057181
1.055210
1.053314
1.051500
1.049378
1.047394
1.045718
1.043657
1.041681
1.039625
1.037666
1.035551
1.033457
1.031312
1.029433
1.027323
1.025290
1.022993
1.020859
1.018914
1.016727
1.014544
1.012470
1.010336
1.008045
1.006165
1.004142
1.002286
1.000328
0.998335
0.996332
0.994316
0.992253
0.990326
0.988493
0.986507
0.984655
0.982563
0.980757
0.978684
0.976918
0.974924
0.972792
0.970747
0.968566
0.966516
0.964366
0.962163
0.960046
0.957864
0.955712
0.953484
0.951684
0.949628
0.947407
0.945012
0.943090
0.940967
0.938822
0.936772
0.934480
0.932211
0.930075
0.927896
0.925693
0.923574
0.921380
0.919115
0.916904
0.914715
0.912289
0.910119
0.907697
0.905415
0.902844
0.900602
0.898278
0.896011
0.893682
0.891448
0.889263
0.887077
0.885075
0.882927
0.880770
0.878655
0.876317
0.874056
0.872043
0.869962
0.867689
0.865597
0.863600
0.861438
0.859475
0.857379
0.855262
0.853316
0.851450
0.849399
0.847697
0.845754
0.843908
0.841903
0.839938
0.838064
0.835992
0.834178
0.832350
0.830559
0.828666
0.826952
0.825154
0.823464
0.821592
0.819763
0.817822
0.816165
0.814295
0.812457
0.810752
0.809033
0.807286
0.805645
0.803900
0.802105
0.800367
0.798658
0.796981
0.795204
0.793505
0.791913
0.790185
0.788711
0.787093
0.785343
0.783713
0.782133
0.780552
0.779040
0.777290
0.775661
0.774280
0.772573
0.771211
0.769615
0.768170
0.766773
0.765308
0.763735
0.762144
0.760613
0.759003
0.757396
0.755925
0.754122
0.752632
0.751174
0.749740
0.748095
0.746406
0.745118
0.743746
0.742072
0.740802
0.739204
0.737558
0.736090
0.734498
0.732927
0.731866
0.730423
0.729098
0.727666
0.726225
0.724818
0.723260
0.721966
0.720710
0.719633
0.718709
0.717874
0.717273
0.716690
0.716085
0.715459
0.714670
0.713855
0.712747
0.711532
0.710441
0.709392
0.708416
0.707228
0.705981
0.704804
0.703540
0.702407
0.701405
0.700074
0.698921
0.697847
0.696595
0.695223
0.694007
0.692855
0.691618
0.690238
0.688729
0.687472
0.686516
0.685031
0.683722
0.682172
0.680697
0.679192
0.677707
0.676419
0.675103
0.673713
0.672262
0.670779
0.669491
0.668096
0.666596
0.665388
0.663973
0.662516
0.661134
0.659695
0.658168
0.656875
0.655516
0.654142
0.652704
0.651052
0.649618
0.648060
0.646744
0.645524
0.644233
0.642612
0.641264
0.639608
0.638080
0.636609
0.635230
0.633837
0.632442
0.630926
0.629588
0.628075
0.626780
0.625210
0.623812
0.622414
0.621041
0.619726
0.618199
0.616874
0.615511
0.614117
0.612661
0.611306
0.610076
0.608716
0.607322
0.606073
0.604666
0.603248
0.602032
0.600727
0.599510
0.598347
0.597121
0.595877
0.594648
0.593621
0.592542
0.591347
0.590079
0.588761
0.587637
0.586662
0.585543
0.584444
0.583262
0.582244
0.581288
0.580179
0.579117
0.578150
0.577177
0.576202
0.575140
0.573884
0.572849
0.572125
0.571092
0.570171
0.569194
0.568279
0.567485
0.566524
0.565605
0.564724
0.564005
0.563082
0.562188
0.561447
0.560564
0.559767
0.558881
0.558043
0.557280
0.556550
0.555912
0.555026
0.554197
0.553542
0.552756
0.552019
0.551163
0.550435
0.549609
0.548806
0.548107
0.547379
0.546459
0.545662
0.544874
0.544262
0.543642
0.542920
0.542209
0.541432
0.540595
0.539811
0.539100
0.538215
0.537376
0.536702
0.535942
0.535246
0.534535
0.533741
0.533193
0.532333
0.531760
0.531125
0.530494
0.529712
0.529063
0.528372
0.527692
0.526911
0.526114
0.525596
0.524879
0.524311
0.523534
0.522952
0.522223
0.521413
0.520828
0.520206
0.519323
0.518601
0.517960
0.517299
0.516571
0.515956
0.515211
0.514471
0.513868
0.513191
0.512583
0.511884
0.511244
0.510487
0.509840
0.509181
0.508416
0.507798
0.507032
0.506401
0.505692
0.504946
0.504369
0.503548
0.502908
0.502183
0.501504
0.500768
0.500112
0.499495
0.498837
0.498224
0.497608
0.496818
0.496141
0.495589
0.494829
0.494198
0.493521
0.492879
0.492257
0.491661
0.491014
0.490231
0.489715
0.489148
0.488353
0.487699
0.486943
0.486469
0.485786
0.485119
0.484527
0.483953
0.483312
0.482596
0.481899
0.481157
0.480723
0.480160
0.479468
0.478776
0.478139
0.477565
0.476875
0.476236
0.475631
0.475043
0.474490
0.473821
0.473267
0.472777
0.472039
0.471647
0.470927
0.470338
0.469704
0.469177
0.468568
0.467998
0.467378
0.466783
0.466228
0.465653
0.465106
0.464539
0.463923
0.463468
0.463013
0.462362
0.461896
0.461327
0.460757
0.460309
0.459723
0.459231
0.458734
0.458202
0.457636
0.457232
0.456612
0.456186
0.455666
0.455135
0.454589
0.454231
0.453718
0.453294
0.452777
0.452333
0.451912
0.451517
0.451097
0.450615
0.450228
0.449819
0.449341
0.448942
0.448594
0.448127
0.447754
0.447416
0.447081
0.446689
0.446319
0.446045
0.445557
0.445225
0.444934
0.444637
0.444068
0.443751
0.443541
0.443167
0.442856
0.442641
0.442278
0.441924
0.441630
0.441267
0.441052
0.440587
0.440328
0.440035
0.439725
0.439525
0.439153
0.438919
0.438608
0.438451
0.438099
0.437915
0.437668
0.437460
0.437127
0.436820
0.436665
0.436416
0.436191
0.435862
0.435732
0.435584
0.435270
0.435075
0.434787
0.434627
0.434439
0.434344
0.434157
0.433986
0.433774
0.433514
0.433282
0.433139
0.433033
0.432669
0.432552
0.432281
0.432145
0.432062
0.431898
0.431670
0.431486
0.431403
0.431260
0.431133
0.430944
0.430800
0.430654
0.430572
0.430353
0.430256
0.430115
0.429975
0.429845
0.429636
0.429595
0.429470
0.429367
0.429232
0.429142
0.429038
0.428878
0.428745
0.428581
0.428559
0.428459
0.428463
0.428380
0.428325
0.428153
0.428043
0.427975
0.427925
0.427869
0.427665
0.427634
0.427586
0.427479
0.427334
0.427255
0.427091
0.426984
0.426915
0.426868
0.426791
0.426773
0.426645
0.426645
0.426534
0.426507
0.426463
0.426482
0.426341
0.426212
0.426216
0.426174
0.426089
0.425928
0.425828
0.425768
0.425731
0.425634
0.425645
0.425572
0.425565
0.425468
0.425472
0.425330
0.425208
0.425185
0.425180
0.425056
0.425006
0.424962
0.424918
0.424911
0.424818
0.424798
0.424896
0.424843
0.424799
0.424738
0.424696
0.424619
0.424533
0.424567
0.424465
0.424373
0.424400
0.424308
0.424266
0.424227
0.424277
0.424203
0.424191
0.424176
0.424094
0.424094
0.423961
0.423989
0.423998
0.423998
0.423840
0.423848
0.423812
0.423822
0.423828
0.423843
0.423870
0.423877
0.423796
0.423835
0.423791
0.423759
0.423769
0.423780
0.423770
0.423771
0.423782
0.423701
0.423700
0.423792
0.423793
0.423712
0.423688
0.423614
0.423618
0.423580
0.423630
0.423628
0.423590
0.423520
0.423520
0.423441
0.423438
0.423446
0.423479
0.423479
0.423436
0.423436
0.423436
0.423437
0.423436
0.423486
0.423446
0.423371
0.423369
0.423402
0.423296
0.423249
0.423283
0.423199
0.423205
0.423205
0.423200
0.423193
0.423227
0.423153
0.423199
0.423199
0.423197
0.423161
0.423125
0.423094
0.423093
0.423107
0.423063
0.423063
0.423063
0.423063
0.423028
0.423028
0.423028
0.423008
0.423057
0.423093
0.423003
0.423003
0.423003
0.423037
0.423069
0.423070
0.423120
0.423119
0.423080
0.423029
0.422966
0.422934
0.422934
0.422969
0.423019
0.422984
0.423034
0.422998
0.423007
0.423011
0.423016
0.422988
0.423015
0.423015
0.423023
0.422997
0.423006
0.423006
0.423016
0.423016
0.423023
0.423023
0.423024
0.423034
0.423034
0.422960
0.423009
0.423046
0.423096
0.423096
0.423062
0.423075
0.423038
0.423038
0.423038
0.423052
0.423101
0.423084
0.423084
0.423134
0.423147
0.423132
0.423183
0.423183
0.423149
0.423119
0.423119
0.423157
0.423201
0.423235
0.423235
0.423235
0.423166
0.423107
0.423091
0.423134
0.423128
0.423128
0.423090
0.423085
0.423135
0.423181
0.423178
0.423177
0.423174
0.423135
0.423135
0.423183
0.423183
0.423222
0.423220
0.423220
0.423270
0.423238
0.423238
0.423246
0.423211
0.423210
0.423260
0.423260
0.423260
0.423260
0.423260
0.423310
0.423360
0.423360
0.423360
0.423360
0.423328
0.423343
0.423303
0.423289
0.423339
0.423304
0.423304
0.423353
0.423353
0.423353
0.423353
0.423362
0.423416
0.423426
0.423433
0.423440
0.423440
0.423386
0.423444
0.423503
0.423503
0.423513
0.423513
0.423573
0.423534
0.423534
0.423544
0.423544
0.423544
0.423606
0.423606
0.423640
0.423645
0.423607
0.423670
0.423670
0.423670
0.423670
0.423704
0.423704
0.423753
0.423753
0.423753
0.423817
0.423750
0.423750
0.423800
0.423750
0.423750
0.423752
0.423752
0.423721
0.423771
0.423771
0.423731
0.423659
0.423650
0.423634
0.423677
0.423638
0.423675
0.423630
0.423625
0.423625
0.423671
0.423668
0.423740
0.423737
0.423737
0.423737
0.423804
0.423854
0.423885
0.423884
0.423851
0.423851
0.423851
0.423901
0.423901
0.423900
0.423900
0.423900
0.423869
0.423902
0.423952
0.423952
0.423882
0.423882
0.423882
0.423850
0.423850
0.423900
0.423899
0.423899
0.423899
0.423899
0.423899
0.423899
0.423899
0.423999
0.423999
0.423999
0.423938
0.423943
0.423983
0.423939
0.423946
0.423996
0.424004
0.424012
0.424021
0.424021
0.424031
0.424030
0.424010
0.424060
0.423987
0.423998
0.423998
0.423968
0.423980
0.423980
0.424013
0.424013
0.424063
0.424076
0.424076
0.424076
0.424042
0.424042
0.424042
0.424002
0.424052
0.424102
0.424116
0.424116
0.424116
0.424116
0.424116
0.424116
0.424116
0.424116
0.424116
0.424156
0.424206
0.424206
0.424137
0.424128
0.424081
0.424074
0.424068
0.424029
0.424023
0.424018
0.424018
0.424095
0.424092
0.424102
0.424100
0.424082
0.424052
0.424050
0.424019
0.424019
0.424018
0.424018
0.424018
0.424017
0.424067
0.424067
0.424117
0.424078
0.424078
0.424078
0.424078
0.424078
0.424078
0.424078
0.424078
0.424078
0.424078
0.424077
0.424127
0.424127
0.424127
0.424127
0.424127
0.424089
0.424089
0.424089
0.424089
0.424089
0.424089
0.424097
0.424101
0.424112
0.424118
0.424094
0.424144
0.424152
0.424070
0.424011
0.424042
0.424052
0.424052
0.424062
0.424062
0.424062
0.424073
0.424073
0.424042
0.424095
0.424095
0.424095
0.424182
0.424143
0.424206
0.424206
0.424206
0.424169
0.424169
0.424169
0.424169
0.424169
0.424169
0.424182
0.424182
0.424182
0.424219
0.424180
0.424180
0.424180
0.424180
0.424180
0.424144
0.424144
0.424112
0.424043
0.424034
0.424018
0.424092
0.424123
0.424123
0.424079
0.424042
0.424080
0.424076
0.424073
0.424036
0.423995
0.423995
0.423964
0.423993
0.423993
0.423993
0.424000
0.424000
0.424018
0.424012
0.424050
0.424009
0.424049
0.424012
0.424012
0.424012
0.424012
0.423903
0.423903
0.423953
0.423990
0.423990
0.423957
0.423962
0.423962
0.424000
0.424064
0.424027
0.424027
0.424027
0.424027
0.424027
0.423996
0.424046
0.424053
0.424025
0.424035
0.424003
0.424010
0.424010
0.424056
0.424060
0.424037
0.424037
0.424047
0.424047
0.424057
0.424057
0.424062
0.424073
0.424073
0.423997
0.424008
0.424008
0.424008
0.424009
0.424042
0.424055
0.424105
0.424155
0.424155
0.424122
0.424159
0.424092
0.424092
0.424092
0.424106
0.424105
0.424105
0.424068
0.424096
0.424096
0.424067
0.424067
0.424067
0.424067
0.424105
0.424072
0.424035
0.423966
0.423989
0.423973
0.424010
0.423966
0.423966
0.423961
0.423956
0.423956
0.423952
0.423916
0.423953
0.423951
0.423951
0.423951
0.423911
0.423871
0.423911
0.423873
0.423873
0.423873
0.423873
0.423873
0.423873
0.423832
0.423832
0.423870
0.423870
0.423870
0.423870
0.423870
0.423833
0.423833
0.423833
0.423833
0.423796
0.423796
0.423796
0.423846
0.423846
0.423933
0.423933
0.423933
0.423933
0.423933
0.423896
0.423905
0.423909
0.423919
0.423925
0.423932
0.423932
0.423940
0.423948
0.423994
0.423994
0.423938
0.423938
0.423949
0.423907
0.423907
0.423918
0.423918
0.423918
0.423930
0.423930
0.423945
0.423945
0.423945
0.423995
0.423995
0.423957
0.423957
0.423957
0.423957
0.423921
0.423921
0.423921
0.423934
0.423934
0.423934
0.423934
0.423934
0.423934
0.423934
0.423933
0.423933
0.423933
0.423933
0.423933
0.423933
0.423864
0.423855
0.423839
0.423832
0.423826
0.423826
0.423821
0.423816
0.423816
0.423812
0.423809
0.423772
0.423770
0.423770
0.423770
0.423768
0.423768
0.423768
0.423767
0.423767
0.423767
0.423767
0.423767
0.423766
0.423766
0.423735
0.423735
0.423785
0.423785
0.423785
0.423816
0.423816
0.423817
0.423783
0.423783
0.423746
0.423796
0.423796
0.423796
0.423796
0.423765
0.423765
0.423765
0.423765
0.423765
0.423774
0.423778
0.423820
0.423826
0.423833
0.423833
0.423841
0.423849
0.423849
0.423858
0.423887
0.423887
0.423897
0.423897
0.423897
0.423908
0.423908
0.423908
0.423920
0.423951
0.423951
0.423951
0.423951
0.423964
0.423964
0.423933
0.423933
0.423933
0.423933
0.423933
0.423904
0.423868
0.423868
0.423881
0.423881
0.423881
0.423910
0.423910
0.423910
0.423910
0.423910
0.423910
0.423881
0.423881
0.423881
0.423881
0.423813
0.423803
0.423787
0.423781
0.423774
0.423774
0.423808
0.423803
0.423799
0.423799
0.423796
0.423757
0.423754
0.423754
0.423754
0.423752
0.423752
0.423752
0.423751
0.423751
0.423717
0.423756
0.423756
0.423756
0.423756
0.423756
0.423756
0.423756
0.423717
0.423717
0.423717
0.423717
0.423717
0.423717
0.423681
0.423681
0.423720
0.423720
0.423720
0.423720
0.423785
0.423785
0.423785
0.423785
0.423746
0.423755
0.423809
0.423819
0.423826
0.423833
0.423833
0.423840
0.423888
0.423888
0.423897
0.423906
0.423906
0.423917
0.423917
0.423917
0.423928
0.423889
0.423889
0.423901
0.423901
0.423901
0.423901
0.423940
0.423952
0.423952
0.423952
0.423952
0.423952
0.423952
0.423952
0.423952
0.423952
0.423952
0.423926
0.423926
0.423926
0.423987
0.424657
0.427231
0.432070
0.438995
0.447507
0.457014
0.466879
0.476454
0.485794
0.495174
0.504311
0.513301
0.522306
0.531477
0.540671
0.550078
0.559665
0.569236
0.578906
0.588401
0.597625
0.605725
0.612643
0.617792
0.621148
0.623050
0.623499
0.623268
0.622469
0.621720
0.621020
0.620570
0.620271
0.619973
0.619724
0.619277
0.618679
0.617931
0.617034
0.616136
0.615338
0.614559
0.614013
0.613517
0.613221
0.612875
0.612580
0.612234
0.611890
0.611428
0.610886
0.609492
0.606450
0.601209
0.594100
0.585370
0.575855
0.565797
0.555998
0.546358
0.537241
0.528831
0.521483
0.515374
0.510705
0.507282
0.504950
0.503501
0.502535
0.501838
0.501307
0.500718
0.500081
0.499360
0.498698
0.498084
0.497599
0.497063
0.496638
0.496011
0.495253
0.494421
0.493587
0.492994
0.492379
0.492064
0.491785
0.491581
0.491229
0.490850
0.490298
0.489679
0.488988
0.488523
0.488292
0.488085
0.487738
0.487079
0.486160
0.484864
0.483555
0.482172
0.481028
0.480028
0.479141
0.478255
0.477404
0.476304
0.475143
0.473930
0.472754
0.471724
0.470788
0.469850
0.469031
0.468200
0.467272
0.466272
0.465274
0.464265
0.463271
0.462359
0.461450
0.460526
0.459642
0.458692
0.457783
0.456863
0.455988
0.455225
0.454360
0.453509
0.452804
0.451888
0.451133
0.450403
0.449690
0.448872
0.448196
0.447394
0.446721
0.446054
0.445351
0.444742
0.444088
0.443445
0.442904
0.442298
0.441807
0.441165
0.440589
0.440028
0.439477
0.438923
0.438408
0.437846
0.437394
0.436857
0.436386
0.435954
0.435498
0.434966
0.434577
0.434139
0.433697
0.433330
0.432846
0.432461
0.431984
0.431697
0.431305
0.430820
0.430551
0.430093
0.429677
0.429373
0.428988
0.428740
0.428370
0.427957
0.427600
0.427243
0.426878
0.426526
0.426007
0.425579
0.424811
0.424106
0.423427
0.422765
0.422078
0.421437
0.420789
0.420180
0.419547
0.418981
0.418509
0.417874
0.417329
0.416752
0.416183
0.415589
0.415026
0.414464
0.413974
0.413348
0.412710
0.412075
0.411496
0.410929
0.410315
0.409795
0.409238
0.408685
0.408054
0.407483
0.406881
0.406448
0.405894
0.405282
0.404759
0.404170
0.403594
0.403090
0.402521
0.402005
0.401444
0.400942
0.400419
0.399842
0.399472
0.398859
0.398388
0.397925
0.397306
0.396851
0.396394
0.395816
0.395319
0.394847
0.394390
0.393828
0.393322
0.392874
0.392455
0.391936
0.391396
0.390913
0.390531
0.390037
0.389525
0.389080
0.388556
0.388171
0.387675
0.387242
0.386740
0.386330
0.385813
0.385473
0.384994
0.384616
0.384155
0.383727
0.383280
0.382976
0.382468
0.382090
0.381703
0.381332
0.380890
0.380507
0.380200
0.379724
0.379355
0.378979
0.378622
0.378275
0.377871
0.377483
0.376997
0.376679
0.376378
0.375995
0.375632
0.375254
0.374853
0.374494
0.374086
0.373699
0.373265
0.372813
0.372332
0.371962
0.371552
0.371108
0.370594
0.370111
0.369721
0.369307
0.368860
0.368626
0.368264
0.368023
0.367652
0.367330
0.367063
0.366734
0.366545
0.366298
0.365991
0.365780
0.365454
0.365090
0.364890
0.364615
0.364431
0.364165
0.363940
0.363763
0.363530
0.363317
0.363075
0.362851
0.362691
0.362438
0.362222
0.362004
0.361780
0.361693
0.361475
0.361363
0.361292
0.361189
0.361081
0.360955
0.360898
0.360783
0.360609
0.360576
0.360452
0.360240
0.360048
0.359818
0.359666
0.359538
0.359292
0.359224
0.359097
0.359043
0.358983
0.358931
0.358835
0.358729
0.358672
0.358610
0.358489
0.358328
0.358200
0.358081
0.357925
0.357803
0.357518
0.357463
0.357357
0.357344
0.357312
0.357200
0.357110
0.357087
0.356991
0.356952
0.356874
0.356761
0.356625
0.356567
0.356423
0.356337
0.356194
0.356170
0.356110
0.356012
0.355972
0.355877
0.355775
0.355800
0.355767
0.355782
0.355760
0.355664
0.355601
0.355536
0.355366
0.355285
0.355227
0.355117
0.355010
0.354978
0.354923
0.354881
0.354840
0.354800
0.354850
0.354815
0.354774
0.354781
0.354743
0.354658
0.354509
0.354473
0.354319
0.354192
0.353918
0.353819
0.353645
0.353555
0.353307
0.353200
0.353325
0.353619
0.353996
0.354433
0.354828
0.355001
0.354981
0.354895
0.354908
0.354620
0.354454
0.354267
0.354173
0.354025
0.353843
0.353651
0.353559
0.353396
0.353210
0.353079
0.352963
0.352701
0.352590
0.352385
0.352302
0.352095
0.351954
0.351762
0.351677
0.351492
0.351298
0.351145
0.350965
0.350845
0.350702
0.350670
0.350399
0.350270
0.350088
0.349945
0.349703
0.349586
0.349380
0.349262
0.348985
0.348886
0.348632
0.348506
0.348357
0.348148
0.347953
0.347787
0.347551
0.347326
0.347151
0.346935
0.346804
0.346600
0.346384
0.346205
0.346057
0.345809
0.345677
0.345433
0.345302
0.345058
0.344967
0.344857
0.344637
0.344408
0.344219
0.343988
0.343837
0.343634
0.343380
0.343197
0.342961
0.342817
0.342647
0.342424
0.342087
0.341792
0.341599
0.341335
0.341101
0.340718
0.340303
0.339844
0.339289
0.338780
0.338165
0.337617
0.336925
0.336334
0.335810
0.335152
0.334478
0.333558
0.332819
0.331948
0.330917
0.329721
0.328625
0.327378
0.326209
0.324873
0.323713
0.322453
0.321167
0.320018
0.318843
0.317587
0.316428
0.315151
0.313830
0.312622
0.311394
0.309997
0.308748
0.307646
0.306274
0.305063
0.303679
0.302332
0.301094
0.299901
0.298557
0.297410
0.296103
0.294895
0.293581
0.292339
0.291167
0.289854
0.288634
0.287314
0.286107
0.284957
0.283814
0.282542
0.281365
0.280313
0.279039
0.277818
0.276579
0.275487
0.274235
0.273035
0.271826
0.270546
0.269347
0.268131
0.267029
0.265781
0.264622
0.263525
0.262232
0.261003
0.259826
0.258667
0.257509
0.256293
0.255170
0.253858
0.252726
0.251432
0.250288
0.249080
0.247928
0.246769
0.245548
0.244337
0.243023
0.241846
0.240675
0.239449
0.238309
0.237183
0.236202
0.235121
0.234115
0.233053
0.232160
0.231071
0.230038
0.229251
0.228286
0.227394
0.226373
0.225338
0.224403
0.223385
0.222465
0.221498
0.220515
0.219663
0.218654
0.217823
0.216899
0.215993
0.215022
0.214162
0.213325
0.212526
0.211639
0.210603
0.209687
0.208709
0.207886
0.206995
0.206136
0.205181
0.204396
0.203442
0.202580
0.201718
0.200893
0.200034
0.199222
0.198407
0.197592
0.196751
0.195980
0.195232
0.194302
0.193415
0.192667
0.191850
0.190956
0.190147
0.189423
0.188694
0.187960
0.187194
0.186444
0.185699
0.184928
0.184329
0.183616
0.182757
0.182022
0.181350
0.180626
0.180010
0.179259
0.178636
0.177942
0.177255
0.176608
0.175945
0.175399
0.174757
0.174067
0.173472
0.172924
0.172285
0.171604
0.171046
0.170487
0.169832
0.169217
0.168639
0.168054
0.167524
0.166954
0.166354
0.165871
0.165230
0.164779
0.164279
0.163702
0.163309
0.162823
0.162289
0.161747
0.161310
0.160888
0.160434
0.159910
0.159427
0.159143
0.158714
0.158197
0.157765
0.157272
0.156911
0.156519
0.156044
0.155759
0.155479
0.155029
0.154689
0.154190
0.154035
0.153642
0.153347
0.152967
0.152555
0.152252
0.151915
0.151550
0.151223
0.150817
0.150585
0.150237
0.149853
0.149601
0.149236
0.148971
0.148672
0.148340
0.147975
0.147617
0.147376
0.147127
0.146762
0.146426
0.146084
0.145824
0.145463
0.145213
0.144975
0.144770
0.144477
0.144172
0.143866
0.143617
0.143337
0.143119
0.142885
0.142668
0.142428
0.142170
0.142008
0.141727
0.141488
0.141153
0.140909
0.140629
0.140450
0.140175
0.139912
0.139674
0.139447
0.139273
0.139081
0.138772
0.138526
0.138225
0.138090
0.137824
0.137512
0.137444
0.137172
0.136938
0.136689
0.136471
0.136186
0.136009
0.135730
0.135544
0.135327
0.135033
0.134802
0.134651
0.134382
0.134222
0.133932
0.133752
0.133444
0.133231
0.132962
0.132780
0.132496
0.132273
0.132029
0.131844
0.131523
0.131313
0.131034
0.130844
0.130622
0.130363
0.130129
0.129863
0.129594
0.129372
0.129006
0.128884
0.128531
0.128267
0.128060
0.127754
0.127548
0.127210
0.126914
0.126738
0.126429
0.126198
0.125929
0.125611
0.125358
0.125102
0.124877
0.124603
0.124395
0.124005
0.123717
0.123391
0.122989
0.122702
0.122475
0.122119
0.121911
0.121568
0.121342
0.121014
0.120778
0.120430
0.120209
0.119862
0.119679
0.119296
0.119090
0.118711
0.118367
0.118061
0.117758
0.117476
0.117278
0.116957
0.116660
0.116360
0.116075
0.115702
0.115424
0.115083
0.114835
0.114408
0.114128
0.113761
0.113420
0.112922
0.112424
0.111769
0.111368
0.110655
0.110067
0.109594
0.108991
0.108322
0.107914
0.107407
0.106908
0.106376
0.105930
0.105462
0.104886
0.104331
0.103863
0.103418
0.102833
0.102271
0.101804
0.101323
0.100841
0.100440
0.099957
0.099461
0.099048
0.098579
0.098089
0.097676
0.097273
0.096744
0.096392
0.095873
0.095425
0.094975
0.094586
0.094224
0.093782
0.093396
0.093031
0.092733
0.092332
0.092018
0.091509
0.091321
0.090938
0.090735
0.090354
0.090056
0.089646
0.089430
0.089144
0.088869
0.088694
0.088264
0.088148
0.087752
0.087539
0.087258
0.087081
0.086848
0.086679
0.086386
0.086156
0.085802
0.085667
0.085343
0.085196
0.084928
0.084731
0.084459
0.084301
0.084126
0.083882
0.083690
0.083494
0.083218
0.083086
0.082870
0.082605
0.082363
0.082097
0.081994
0.081740
0.081530
0.081344
0.081146
0.080951
0.080718
0.080520
0.080299
0.080105
0.079875
0.079615
0.079434
0.079186
0.078957
0.078844
0.078565
0.078454
0.078285
0.077953
0.077865
0.077637
0.077387
0.077223
0.076962
0.076671
0.076565
0.076393
0.076157
0.075993
0.075715
0.075515
0.075296
0.075124
0.074906
0.074786
0.074530
0.074350
0.074168
0.073991
0.073737
0.073498
0.073300
0.073110
0.072905
0.072729
0.072529
0.072391
0.072099
0.071914
0.071718
0.071579
0.071357
0.071246
0.071040
0.070726
0.070518
0.070360
0.070192
0.070035
0.069823
0.069587
0.069390
0.069117
0.068959
0.068717
0.068562
0.068352
0.068150
0.067987
0.067812
0.067561
0.067380
0.067245
0.067091
0.066893
0.066743
0.066607
0.066400
0.066143
0.065985
0.065912
0.065744
0.065579
0.065387
0.065164
0.065046
0.064853
0.064628
0.064593
0.064435
0.064271
0.064102
0.063958
0.063767
0.063596
0.063406
0.063296
0.063110
0.063000
0.062809
0.062671
0.062551
0.062442
0.062259
0.062152
0.061961
0.061834
0.061622
0.061542
0.061343
0.061250
0.061153
0.060964
0.060912
0.060815
0.060722
0.060537
0.060423
0.060271
0.060218
0.060057
0.059985
0.059825
0.059704
0.059598
0.059450
0.059392
0.059240
0.059076
0.058962
0.058922
0.058812
0.058738
0.058694
0.058557
0.058536
0.058467
0.058360
0.058356
0.058227
0.058183
0.058250
0.058107
0.058032
0.058030
0.057996
0.057904
0.057920
0.057816
0.057783
0.057653
0.057639
0.057614
0.057437
0.057368
0.057327
0.057253
0.057192
0.057153
0.057110
0.057064
0.056950
0.056804
0.056780
0.056671
0.056631
0.056447
0.056317
0.056219
0.056163
0.056075
0.055981
0.055851
0.055833
0.055729
0.055667
0.055575
0.055504
0.055436
0.055249
0.055231
0.055096
0.054919
0.054803
0.054674
0.054548
0.054486
0.054377
0.054311
0.054161
0.054005
0.053928
0.053718
0.053580
0.053451
0.053209
0.053127
0.053063
0.053063
0.052889
0.052691
0.052457
0.052358
0.052228
0.052106
0.051860
0.051755
0.051653
0.051403
0.051265
0.051087
0.050952
0.050778
0.050623
0.050400
0.050196
0.050017
0.049848
0.049652
0.049518
0.049285
0.049040
0.048895
0.048803
0.048661
0.048413
0.048190
0.047941
0.047744
0.047582
0.047383
0.047122
0.046971
0.046658
0.046376
0.045966
0.045574
0.045165
0.044617
0.044101
0.043670
0.043306
0.042943
0.042558
0.042242
0.042120
0.041914
0.041642
0.041510
0.041375
0.041242
0.041198
0.041128
0.041039
0.040961
0.041004
0.040916
0.040863
0.040804
0.040677
0.040542
0.040388
0.040294
0.040169
0.040060
0.039966
0.039851
0.039663
0.039541
0.039460
0.039340
0.039242
0.039132
0.038954
0.038875
0.038751
0.038737
0.038660
0.038620
0.038505
0.038446
0.038315
0.038263
0.038188
0.038170
0.038077
0.038003
0.037891
0.037776
0.037608
0.037548
0.037519
0.037486
0.037415
0.037307
0.037240
0.037171
0.037156
0.037119
0.037062
0.036908
0.036866
0.036867
0.036782
0.036750
0.036714
0.036695
0.036540
0.036509
0.036430
0.036325
0.036251
0.036177
0.036148
0.036108
0.036078
0.035964
0.035934
0.035875
0.035837
0.035806
0.035677
0.035618
0.035601
0.035465
0.035469
0.035398
0.035426
0.035366
0.035339
0.035268
0.035177
0.035079
0.035022
0.034922
0.034852
0.034769
0.034771
0.034741
0.034692
0.034651
0.034497
0.034511
0.034472
0.034446
0.034389
0.034252
0.034244
0.034198
0.034114
0.034092
0.034094
0.034039
0.033969
0.033996
0.033885
0.033892
0.033829
0.033789
0.033670
0.033605
0.033586
0.033570
0.033541
0.033462
0.033508
0.033493
0.033445
0.033337
0.033332
0.033349
0.033300
0.033300
0.033282
0.033213
0.033150
0.033142
0.033178
0.033112
0.033085
0.033165
0.033168
0.033119
0.033083
0.033162
0.033129
0.033132
0.033092
0.033078
0.033011
0.032958
0.032948
0.032932
0.032924
0.032919
0.032917
0.032938
0.032937
0.033007
0.032968
0.032929
0.032924
0.032887
0.032837
0.032843
0.032809
0.032618
0.032389
0.032005
0.031760
0.031420
0.031136
0.030910
0.030680
0.030476
0.030433
0.030300
0.030170
0.030086
0.030101
0.030123
0.030187
0.030413
0.030505
0.030580
0.030582
0.030746
0.030820
0.030888
0.030929
0.030985
0.031037
0.031025
0.030972
0.030986
0.030927
0.030943
0.030888
0.030824
0.030806
0.030763
0.030747
0.030764
0.030767
0.030718
0.030678
0.030643
0.030631
0.030633
0.030621
0.030661
0.030595
0.030709
0.030703
0.030670
0.030700
0.030617
0.030627
0.030657
0.030608
0.030567
0.030540
0.030510
0.030555
0.030507
0.030580
0.030544
0.030589
0.030643
0.030603
0.030571
0.030533
0.030511
0.030491
0.030458
0.030505
0.030484
0.030454
0.030452
0.030517
0.030549
0.030539
0.030539
0.030409
0.030401
0.030355
0.030326
0.030361
0.030358
0.030312
0.030312
0.030266
0.030266
0.030240
0.030212
0.030324
0.030281
0.030316
0.030301
0.030257
0.030257
0.030186
0.030198
0.030154
0.030190
0.030193
0.030219
0.030230
0.030246
0.030202
0.030202
0.030159
0.030125
0.030082
0.030082
0.030039
0.029983
0.029887
0.029873
0.029837
0.029864
0.029864
0.029817
0.029855
0.029809
0.029809
0.029777
0.029777
0.029774
0.029764
0.029764
0.029736
0.029628
0.029628
0.029577
0.029628
0.029628
0.029587
0.029587
0.029542
0.029474
0.029474
0.029474
0.029435
0.029435
0.029435
0.029387
0.029320
0.029284
0.029284
0.029259
0.029301
0.029301
0.029309
0.029262
0.029262
0.029262
0.029262
0.029223
0.029196
0.029203
0.029207
0.029170
0.029176
0.029158
0.029130
0.029169
0.029171
0.029171
0.029179
0.029161
0.029081
0.029052
0.029052
0.029052
0.029099
0.029038
0.029014
0.028985
0.028985
0.028954
0.028929
0.028929
0.028940
0.028920
0.028882
0.028857
0.028857
0.028889
0.028808
0.028830
0.028787
0.028763
0.028736
0.028736
0.028755
0.028755
0.028733
0.028770
0.028770
0.028728
0.028728
0.028785
0.028692
0.028646
0.028599
0.028599
0.028574
0.028547
0.028533
0.028499
0.028518
0.028491
0.028486
0.028465
0.028462
0.028429
0.028417
0.028380
0.028270
0.028318
0.028318
0.028316
0.028316
0.028316
0.028284
0.028284
0.028275
0.028229
0.028190
0.028158
0.028158
0.028224
0.028323
0.028267
0.028267
0.028215
0.028215
0.028215
0.028216
0.028247
0.028201
0.028164
0.028138
0.028107
0.028134
0.028172
0.028158
0.028110
0.028064
0.028064
0.028073
0.028031
0.028041
0.027971
0.027977
0.027996
0.028003
0.027980
0.027980
0.028026
0.027989
0.028055
0.028064
0.028093
0.028093
0.028067
0.028067
0.028052
0.028063
0.028095
0.028095
0.028064
0.028099
0.028064
0.028019
0.028002
0.028002
0.028002
0.028007
0.028007
0.028007
0.028007
0.027958
0.027970
0.027965
0.028008
0.028008
0.028046
0.028031
0.028042
0.028042
0.028045
0.028045
0.027971
0.028010
0.027968
0.027864
0.027825
0.027842
0.027823
0.027773
0.027830
0.027825
0.027777
0.027773
0.027766
0.027738
0.027708
0.027716
0.027716
0.027716
0.027715
0.027674
0.027674
0.027704
0.027704
0.027742
0.027809
0.027746
0.027746
0.027709
0.027709
0.027709
0.027683
0.027683
0.027663
0.027610
0.027559
0.027626
0.027626
0.027626
0.027664
0.027677
0.027675
0.027675
0.027675
0.027675
0.027675
0.027623
0.027623
0.027623
0.027631
0.027668
0.027709
0.027698
0.027704
0.027704
0.027655
0.027663
0.027659
0.027594
0.027604
0.027676
0.027661
0.027652
0.027652
0.027695
0.027624
0.027624
0.027635
0.027672
0.027704
0.027704
0.027672
0.027684
0.027684
0.027626
0.027626
0.027590
0.027656
0.027656
0.027694
0.027727
0.027744
0.027757
0.027757
0.027757
0.027757
0.027757
0.027791
0.027791
0.027791
0.027772
0.027765
0.027765
0.027730
0.027718
0.027685
0.027746
0.027730
0.027723
0.027656
0.027629
0.027588
0.027584
0.027555
0.027555
0.027551
0.027505
0.027503
0.027503
0.027503
0.027501
0.027540
0.027514
0.027513
0.027513
0.027549
0.027549
0.027477
0.027477
0.027506
0.027506
0.027506
0.027544
0.027544
0.027540
0.027540
0.027540
0.027540
0.027568
0.027568
0.027547
0.027547
0.027547
0.027579
0.027544
0.027494
0.027494
0.027494
0.027494
0.027469
0.027478
0.027482
0.027470
0.027438
0.027508
0.027483
0.027490
0.027499
0.027499
0.027507
0.027595
0.027595
0.027618
0.027618
0.027618
0.027629
0.027604
0.027604
0.027616
0.027581
0.027581
0.027581
0.027581
0.027593
0.027625
0.027659
0.027659
0.027639
0.027672
0.027672
0.027626
0.027596
0.027567
0.027552
0.027554
0.027554
0.027554
0.027590
0.027554
0.027554
0.027554
0.027554
0.027554
0.027532
0.027568
0.027500
0.027491
0.027510
0.027508
0.027544
0.027544
0.027576
0.027572
0.027572
0.027568
0.027527
0.027527
0.027524
0.027524
0.027524
0.027522
0.027522
0.027529
0.027528
0.027493
0.027493
0.027479
0.027479
0.027473
0.027477
0.027460
0.027503
0.027503
0.027471
0.027447
0.027451
0.027451
0.027483
0.027484
0.027476
0.027476
0.027476
0.027511
0.027511
0.027511
0.027511
0.027511
0.027553
0.027553
0.027565
0.027607
0.027616
0.027620
0.027631
0.027592
0.027637
0.027637
0.027644
0.027635
0.027644
0.027606
0.027615
0.027614
0.027624
0.027589
0.027589
0.027647
0.027647
0.027690
0.027702
0.027702
0.027702
0.027702
0.027702
0.027715
0.027732
0.027689
0.027689
0.027689
0.027689
0.027689
0.027700
0.027656
0.027669
0.027712
0.027712
0.027712
0.027712
0.027732
0.027689
0.027689
0.027689
0.027689
0.027689
0.027732
0.027732
0.027695
0.027686
0.027670
0.027663
0.027657
0.027657
0.027686
0.027650
0.027650
0.027694
0.027691
0.027723
0.027726
0.027726
0.027726
0.027724
0.027687
0.027722
0.027721
0.027782
0.027782
0.027782
0.027782
0.027757
0.027757
0.027757
0.027757
0.027757
0.027757
0.027757
0.027740
0.027740
0.027740
0.027729
0.027705
0.027669
0.027669
0.027669
0.027669
0.027669
0.027669
0.027669
0.027669
0.027669
0.027669
0.027678
0.027740
0.027751
0.027716
0.027723
0.027736
0.027744
0.027752
0.027752
0.027761
0.027771
0.027771
0.027781
0.027842
0.027842
0.027853
0.027883
0.027883
0.027895
0.027895
0.027895
0.027856
0.027856
0.027868
0.027868
0.027906
0.027906
0.027906
0.027906
0.027906
0.027937
0.027900
0.027900
0.027913
0.027913
0.027913
0.027913
0.027913
0.027951
0.027912
