1.365909
1.195133
1.034756
0.921830
0.858640
0.831693
0.824001
0.824751
0.825267
0.824512
0.823180
0.821621
0.820467
0.819573
0.819276
0.819266
0.819028
0.818579
0.818149
0.817681
0.817031
0.816479
0.816056
0.815857
0.815714
0.815488
0.814941
0.813847
0.812560
0.810603
0.808296
0.805778
0.803517
0.801120
0.798819
0.796476
0.794057
0.791775
0.789352
0.787204
0.784772
0.782480
0.780459
0.778383
0.776253
0.773929
0.771831
0.769492
0.767154
0.764593
0.762363
0.759902
0.757693
0.755170
0.752927
0.750358
0.748075
0.745443
0.743381
0.741471
0.739386
0.737218
0.735411
0.733221
0.730995
0.728834
0.726694
0.724114
0.721698
0.719342
0.716660
0.714161
0.711608
0.708871
0.706356
0.703681
0.701033
0.698313
0.695644
0.692828
0.690266
0.687552
0.684527
0.681925
0.679316
0.676697
0.674105
0.671269
0.668526
0.665646
0.662757
0.659822
0.657012
0.654174
0.651194
0.648439
0.645479
0.642681
0.640033
0.637242
0.634444
0.631446
0.628651
0.625696
0.622758
0.619820
0.616777
0.613815
0.610745
0.607757
0.604821
0.601919
0.598826
0.595878
0.592879
0.590056
0.587087
0.584029
0.581094
0.578035
0.574830
0.571951
0.568703
0.565738
0.562626
0.559555
0.556742
0.553621
0.550643
0.547671
0.544501
0.541832
0.538803
0.535869
0.533037
0.529960
0.527066
0.524308
0.521374
0.518637
0.515682
0.512929
0.510303
0.507545
0.504771
0.501924
0.499198
0.496369
0.493647
0.491069
0.488109
0.485678
0.482966
0.480335
0.477707
0.475206
0.472683
0.470172
0.467701
0.465272
0.462731
0.460327
0.458268
0.456099
0.453875
0.451593
0.449079
0.446880
0.444592
0.442186
0.439959
0.437549
0.435182
0.432822
0.430716
0.428366
0.426068
0.423894
0.421782
0.419405
0.417246
0.414957
0.412750
0.410647
0.408345
0.406196
0.404134
0.401993
0.399825
0.397736
0.395640
0.393498
0.391339
0.389313
0.387296
0.385211
0.383223
0.381004
0.378977
0.376906
0.374915
0.372746
0.370717
0.368783
0.366579
0.364675
0.362502
0.360447
0.358357
0.356362
0.354450
0.352241
0.350487
0.348366
0.346280
0.344336
0.342398
0.340460
0.338377
0.336476
0.334421
0.332294
0.330424
0.328356
0.326578
0.324561
0.322633
0.320649
0.318719
0.316727
0.314726
0.312828
0.310896
0.308913
0.307014
0.305217
0.303382
0.301547
0.299909
0.298053
0.296254
0.294361
0.292765
0.291040
0.289250
0.287402
0.285638
0.283836
0.282195
0.280354
0.278629
0.277041
0.275211
0.273695
0.271853
0.270194
0.268574
0.266959
0.265429
0.263837
0.262214
0.260692
0.259021
0.257353
0.255695
0.254278
0.252837
0.251280
0.249787
0.248157
0.246705
0.245339
0.243798
0.242410
0.240978
0.239616
0.238111
0.236763
0.235375
0.234044
0.232892
0.231780
0.230461
0.229108
0.227653
0.226432
0.225341
0.224006
0.222690
0.221613
0.220429
0.219375
0.217994
0.216937
0.215992
0.214784
0.213695
0.212685
0.211642
0.210487
0.209514
0.208449
0.207556
0.206682
0.205741
0.204826
0.203830
0.202857
0.201777
0.200691
0.199913
0.199069
0.198290
0.197268
0.196247
0.195449
0.194565
0.193726
0.193014
0.192053
0.191252
0.190334
0.189498
0.188798
0.187865
0.187191
0.186310
0.185643
0.184964
0.184206
0.183540
0.182839
0.182097
0.181514
0.180798
0.180159
0.179562
0.178884
0.178235
0.177423
0.176631
0.176019
0.175274
0.174712
0.173990
0.173282
0.172641
0.172046
0.171460
0.170924
0.170209
0.169576
0.168937
0.168333
0.167898
0.167296
0.166527
0.166052
0.165361
0.164735
0.164261
0.163544
0.163020
0.162555
0.162092
0.161408
0.160807
0.160202
0.159677
0.159033
0.158473
0.157952
0.157307
0.156725
0.156162
0.155726
0.155118
0.154588
0.153971
0.153477
0.152913
0.152472
0.151984
0.151495
0.151123
0.150510
0.150075
0.149624
0.149096
0.148558
0.148123
0.147702
0.147106
0.146479
0.145939
0.145550
0.145077
0.144622
0.143990
0.143515
0.142896
0.142430
0.141829
0.141276
0.140955
0.140286
0.139754
0.139330
0.138847
0.138245
0.137709
0.137163
0.136564
0.136032
0.135604
0.135170
0.134596
0.134066
0.133583
0.132979
0.132486
0.131992
0.131524
0.131029
0.130505
0.130063
0.129496
0.128986
0.128506
0.127909
0.127438
0.126841
0.126390
0.125669
0.125190
0.124656
0.123990
0.123468
0.122990
0.122382
0.121857
0.121397
0.120958
0.120426
0.119885
0.119440
0.119008
0.118613
0.118119
0.117602
0.117113
0.116629
0.116077
0.115751
0.115118
0.114785
0.114299
0.113919
0.113539
0.113072
0.112525
0.112148
0.111658
0.111207
0.110752
0.110323
0.109905
0.109400
0.108972
0.108593
0.108127
0.107761
0.107199
0.106743
0.106473
0.106075
0.105694
0.105304
0.104902
0.104554
0.104139
0.103818
0.103457
0.102994
0.102650
0.102239
0.101817
0.101359
0.100944
0.100597
0.100151
0.099702
0.099244
0.098890
0.098478
0.098029
0.097530
0.097111
0.096779
0.096375
0.095960
0.095569
0.095072
0.094669
0.094240
0.093763
0.093302
0.092880
0.092498
0.092039
0.091610
0.091200
0.090684
0.090261
0.089868
0.089455
0.088952
0.088488
0.088047
0.087598
0.087175
0.086795
0.086307
0.085933
0.085456
0.085016
0.084297
0.083660
0.083184
0.082667
0.082074
0.081669
0.081144
0.080637
0.080175
0.079733
0.079211
0.078794
0.078183
0.077729
0.077350
0.076846
0.076369
0.075891
0.075339
0.074844
0.074403
0.073987
0.073442
0.073009
0.072435
0.071998
0.071549
0.071000
0.070480
0.070008
0.069507
0.069088
0.068536
0.068128
0.067663
0.067167
0.066695
0.066201
0.065798
0.065386
0.064848
0.064345
0.064048
0.063626
0.063251
0.062880
0.062389
0.062036
0.061630
0.061215
0.060804
0.060437
0.060043
0.059628
0.059233
0.058820
0.058442
0.058078
0.057630
0.057288
0.056979
0.056618
0.056239
0.055800
0.055434
0.055072
0.054742
0.054384
0.054118
0.053800
0.053396
0.053041
0.052762
0.052477
0.052208
0.051925
0.051739
0.051433
0.051116
0.050837
0.050586
0.050266
0.050048
0.049724
0.049539
0.049267
0.048999
0.048682
0.048492
0.048325
0.048077
0.047596
0.047310
0.047002
0.046635
0.046448
0.046245
0.045979
0.045766
0.045551
0.045369
0.045130
0.044968
0.044752
0.044628
0.044399
0.044224
0.043966
0.043837
0.043643
0.043515
0.043391
0.043300
0.043127
0.042997
0.042715
0.042643
0.042569
0.042370
0.042331
0.042226
0.042060
0.041944
0.041896
0.041733
0.041599
0.041491
0.041331
0.041286
0.041177
0.041068
0.041019
0.040885
0.040839
0.040863
0.040757
0.040799
0.040719
0.040696
0.040679
0.040682
0.040616
0.040607
0.040533
0.040524
0.040396
0.040381
0.040293
0.040222
0.040184
0.040132
0.040085
0.040034
0.039991
0.039955
0.039876
0.039793
0.039700
0.039637
0.039610
0.039544
0.039507
0.039475
0.039381
0.039327
0.039232
0.039158
0.039211
0.039136
0.039052
0.038948
0.038903
0.038859
0.038846
0.038827
0.038712
0.038663
0.038639
0.038601
0.038547
0.038497
0.038402
0.038133
0.037958
0.037888
0.037812
0.037675
0.037636
0.037585
0.037503
0.037408
0.037392
0.037253
0.037287
0.037196
0.037164
0.037095
0.037027
0.036965
0.036940
0.036878
0.036833
0.036800
0.036762
0.036729
0.036670
0.036650
0.036599
0.036608
0.036541
0.036557
0.036526
0.036507
0.036477
0.036458
0.036360
0.036402
0.036356
0.036293
0.036286
0.036260
0.036217
0.036191
0.036189
0.036189
0.036252
0.036298
0.036352
0.036385
0.036388
0.036388
0.036389
0.036438
0.036396
0.036358
0.036435
0.036456
0.036419
0.036419
0.036374
0.036452
0.036455
0.036410
0.036438
0.036431
0.036390
0.036413
0.036328
0.036367
0.036387
0.036303
0.036303
0.036326
0.036307
0.036253
0.036232
0.036232
0.036108
0.036187
0.036198
0.036158
0.036158
0.036115
0.036170
0.036141
0.036112
0.036112
0.036041
0.036027
0.036059
0.036045
0.035966
0.035966
0.035652
0.035564
0.035498
0.035476
0.035428
0.035386
0.035300
0.035253
0.035207
0.035239
0.035115
0.035101
0.035059
0.035010
0.035042
0.035033
0.034996
0.034996
0.034899
0.034899
0.034899
0.034862
0.034882
0.034872
0.034881
0.034805
0.034795
0.034795
0.034718
0.034752
0.034781
0.034801
0.034775
0.034803
0.034764
0.034764
0.034764
0.034747
0.034746
0.034707
0.034698
0.034662
0.034634
0.034634
0.034750
0.034786
0.034882
0.034930
0.035014
0.035014
0.035063
0.035077
0.035077
0.035118
0.035094
0.035094
0.035144
0.035173
0.035139
0.035215
0.035215
0.035215
0.035264
0.035264
0.035230
0.035230
0.035230
0.035280
0.035201
0.035201
0.035164
0.035167
0.035091
0.035091
0.035091
0.035091
0.035091
0.035103
0.035103
0.035107
0.035107
0.035107
0.035107
0.035074
0.035074
0.035036
0.035068
0.035035
0.035035
0.035035
0.034780
0.034731
0.034596
0.034580
0.034420
0.034442
0.034427
0.034342
0.034264
0.034264
0.034254
0.034249
0.034206
0.034248
0.034248
0.034179
0.034179
0.034212
0.034137
0.034099
0.034030
0.033993
0.033921
0.033922
0.033891
0.033891
0.033891
0.033926
0.033926
0.033926
0.033926
0.033926
0.033907
0.033876
0.033839
0.033872
0.033831
0.033761
0.033761
0.033761
0.033761
0.033744
0.033744
0.033744
0.033744
0.033883
0.033931
0.033998
0.034011
0.034061
0.034030
0.034004
0.034060
0.034060
0.034109
0.034158
0.034158
0.034174
0.034174
0.034174
0.034224
0.034193
0.034154
0.034203
0.034173
0.034173
0.034173
0.034173
0.034185
0.034185
0.034185
0.034185
0.034185
0.034146
0.034110
0.034080
0.034074
0.034038
0.034026
0.033986
0.033986
0.033986
0.033986
0.033986
0.033986
0.033950
0.033950
0.033950
0.033919
0.033812
0.033513
0.033463
0.033402
0.033323
0.033273
0.033273
0.033185
0.033136
0.033136
0.033056
0.033008
0.032973
0.032926
0.032926
0.032857
0.032813
0.032813
0.032813
0.032738
0.032738
0.032707
0.032707
0.032668
0.032652
0.032652
0.032652
0.032622
0.032549
0.032509
0.032544
0.032514
0.032514
0.032484
0.032500
0.032500
0.032500
0.032500
0.032460
0.032460
0.032425
0.032460
0.032426
0.032396
0.032327
0.032327
0.032288
0.032461
0.032474
0.032572
0.032622
0.032633
0.032633
0.032643
0.032692
0.032713
0.032652
0.032701
0.032689
0.032739
0.032709
0.032709
0.032759
0.032759
0.032759
0.032838
0.032838
0.032810
0.032771
0.032733
0.032783
0.032706
0.032671
0.032601
0.032601
0.032601
0.032601
0.032643
0.032643
0.032693
0.032661
0.032661
0.032631
0.032591
0.032591
0.032591
0.032591
0.032561
0.032496
0.032496
0.032496
0.032457
0.032158
0.032101
0.031974
0.031925
0.031845
0.031845
0.031796
0.031708
0.031744
0.031665
0.031618
0.031618
0.031571
0.031571
0.031566
0.031496
0.031496
0.031496
0.031381
0.031381
0.031353
0.031353
0.031353
0.031261
0.031261
0.031261
0.031261
0.031261
0.031229
0.031229
0.031204
0.031204
0.031204
0.031220
0.031220
0.031150
0.031150
0.031150
0.031110
0.031110
0.031110
0.031110
0.031110
0.031074
0.031074
0.031074
0.031248
0.031219
0.031284
0.031300
0.031322
0.031292
0.031341
0.031391
0.031468
0.031441
0.031490
0.031451
0.031532
0.031532
0.031532
0.031510
0.031538
0.031503
0.031552
0.031552
0.031513
0.031489
0.031489
0.031539
0.031539
0.031539
0.031539
0.031539
0.031539
0.031508
0.031508
0.031444
0.031494
0.031455
0.031420
0.031420
0.031420
0.031386
0.031346
0.031346
0.031346
0.031323
0.031323
0.031323
0.031024
0.030974
0.030875
0.030787
0.030738
0.030738
0.030689
0.030640
0.030640
0.030591
0.030486
0.030486
0.030440
0.030440
0.030406
0.030332
0.030332
0.030332
0.030257
0.030257
0.030257
0.030217
0.030217
0.030236
0.030220
0.030220
0.030220
0.030220
0.030178
0.030178
0.030146
0.030146
0.030146
0.030162
0.030100
0.030142
0.030142
0.030142
0.030142
0.030142
0.030142
0.030142
0.030103
0.030072
0.030072
0.030072
0.030072
0.030245
0.030294
0.030391
0.030441
0.030490
0.030490
0.030540
0.030589
0.030609
0.030569
0.030625
0.030524
0.030546
0.030546
0.030546
0.030596
0.030596
0.030629
0.030679
0.030679
0.030679
0.030679
0.030679
0.030697
0.030632
0.030632
0.030632
0.030630
0.030630
0.030630
0.030602
0.030602
0.030652
0.030652
0.030622
0.030622
0.030622
0.030622
0.030584
0.030584
0.030584
0.030584
0.030584
0.030585
0.030286
0.030236
0.030136
0.030087
0.030037
0.030037
0.029987
0.029938
0.029938
0.029862
0.029819
0.029779
0.029731
0.029731
0.029668
0.029622
0.029602
0.029602
0.029561
0.029561
0.029561
0.029561
0.029462
0.029478
0.029428
0.029428
0.029428
0.029428
0.029391
0.029391
0.029391
0.029391
0.029391
0.029441
0.029416
0.029416
0.029416
0.029453
0.029429
0.029429
0.029429
0.029429
0.029392
0.029392
0.029392
0.029392
0.029392
0.029592
0.029642
0.029742
0.029761
0.029848
0.029837
0.029887
0.029937
0.029987
0.029987
0.030000
0.030000
0.030050
0.030050
0.030029
0.030079
0.030057
0.030057
0.030111
0.030111
0.030111
0.030111
0.030111
0.030161
0.030124
0.030124
0.030124
0.030124
0.030124
0.030124
0.030124
0.030124
0.030211
0.030170
0.030170
0.030170
0.030170
0.030144
0.030148
0.030148
0.030148
0.030148
0.030148
0.030128
0.029809
0.029687
0.029624
0.029574
0.029524
0.029524
0.029515
0.029465
0.029428
0.029378
0.029328
0.029328
0.029278
0.029278
0.029239
0.029189
0.029226
0.029226
0.029176
0.029144
0.029125
0.029125
0.029089
0.029039
0.029039
0.029039
0.029021
0.029021
0.029021
0.029021
0.029058
0.029058
0.029058
0.029108
0.029093
0.029056
0.029056
0.029056
0.029056
0.029056
0.029056
0.029056
0.029056
0.029056
0.029093
0.029093
0.029093
0.029321
0.029371
0.029434
0.029456
0.029506
0.029506
0.029556
0.029606
0.029684
0.029684
0.029734
0.029726
0.029776
0.029776
0.029776
0.029801
0.029764
0.029764
0.029814
0.029814
0.029814
0.029814
0.029814
0.029831
0.029831
0.029835
0.029797
0.029797
0.029785
0.029785
0.029819
0.029819
0.029869
0.029869
0.029869
0.029869
0.029869
0.029869
0.029797
0.029797
0.029835
0.029835
0.029835
0.029787
0.029487
0.029470
0.029370
0.029320
0.029270
0.029270
0.029180
0.029097
0.029097
0.029047
0.028997
0.028997
0.028947
0.028947
0.028947
0.028897
0.028897
0.028930
0.028847
0.028847
0.028847
0.028847
0.028847
0.028797
0.028797
0.028797
0.028797
0.028797
0.028797
0.028797
0.028797
0.028797
0.028797
0.028847
0.028847
0.028811
0.028811
0.028811
0.028843
0.028843
0.028843
0.028871
0.028843
0.028843
0.028843
0.028843
0.029043
0.029093
0.029193
0.029243
0.029321
0.029291
0.029341
0.029368
0.029418
0.029418
0.029468
0.029499
0.029549
0.029549
0.029549
0.029599
0.029599
0.029568
0.029618
0.029618
0.029618
0.029618
0.062448
0.062498
0.062476
0.062432
0.062430
0.062365
0.062322
0.062279
0.062237
0.062154
0.062162
0.062166
0.062104
0.062063
0.062023
0.061980
0.061940
0.061941
0.061901
0.061862
0.061823
0.061784
0.061726
0.061388
0.061259
0.061122
0.061034
0.060947
0.060845
0.060774
0.060687
0.060651
0.060566
0.060416
0.060381
0.060296
0.060197
0.060161
0.060060
0.059979
0.059946
0.059799
0.059767
0.059671
0.059576
0.059545
0.059400
0.059306
0.059228
0.059135
0.059043
0.058951
0.058850
0.058850
0.058711
0.058620
0.058580
0.058442
0.058353
0.058216
0.058128
0.057993
0.057858
0.057723
0.057589
0.057455
0.057322
0.057217
0.057085
0.057154
0.057026
0.056995
0.056867
0.056787
0.056679
0.056620
0.056483
0.056365
0.056189
0.056063
0.055887
0.055713
0.055547
0.055323
0.055199
0.054985
0.054821
0.054706
0.054466
0.054253
0.054082
0.053820
0.053657
0.053445
0.053233
0.053070
0.052809
0.052597
0.052343
0.052132
0.051927
0.051766
0.051512
0.051279
0.051025
0.050820
0.050566
0.050312
0.050108
0.049854
0.049655
0.049401
0.049147
0.048648
0.048350
0.047996
0.047698
0.047449
0.047201
0.046903
0.046654
0.046406
0.046115
0.045866
0.045619
0.045328
0.045130
0.044889
0.044649
0.044458
0.044211
0.043972
0.043783
0.043594
0.043405
0.043218
0.043079
0.042843
0.042626
0.042455
0.042269
0.042133
0.042028
0.041893
0.041770
0.041644
0.041561
0.041428
0.041296
0.041165
0.041052
0.040965
0.040835
0.040754
0.040626
0.040546
0.040467
0.040371
0.040295
0.040218
0.040358
0.040332
0.040356
0.040301
0.040276
0.040202
0.040179
0.040156
0.040180
0.040108
0.040088
0.040017
0.040073
0.039983
0.039914
0.039941
0.039874
0.039821
0.039805
0.039784
0.039719
0.039675
0.039612
0.039642
0.039623
0.039536
0.039518
0.039500
0.039440
0.039398
0.039381
0.039323
0.039319
0.039277
0.039221
0.039207
0.039165
0.039134
0.039051
0.039039
0.039027
0.038986
0.038975
0.038894
0.038584
0.038524
0.038384
0.038325
0.038196
0.038188
0.038098
0.038041
0.038002
0.037888
0.037800
0.037794
0.037706
0.037668
0.037626
0.037539
0.037535
0.037498
0.037411
0.037372
0.037336
0.037299
0.037298
0.037262
0.037141
0.037141
0.037106
0.037071
0.037002
0.037003
0.036969
0.036935
0.036901
0.036921
0.036916
0.036883
0.036821
0.036756
0.036723
0.036691
0.036627
0.036633
0.036602
0.036571
0.036538
0.036468
0.036404
0.036574
0.036563
0.036633
0.036699
0.036690
0.036701
0.036682
0.036703
0.036696
0.036667
0.036608
0.036580
0.036542
0.036514
0.036445
0.036468
0.036402
0.036366
0.036430
0.036362
0.036310
0.036285
0.036217
0.036242
0.036109
0.036052
0.035984
0.035960
0.035893
0.035846
0.035779
0.035711
0.035812
0.035745
0.035723
0.035634
0.035568
0.035547
0.035480
0.035341
0.035321
0.035255
0.035189
0.035169
0.034804
0.034710
0.034578
0.034509
0.034395
0.034330
0.034216
0.034102
0.034052
0.033955
0.033841
0.033778
0.033664
0.033648
0.033585
0.033472
0.033410
0.033380
0.033315
0.033268
0.033206
0.033144
0.033050
0.032939
0.032939
0.032878
0.032817
0.032757
0.032708
0.032648
0.032637
0.032588
0.032529
0.032519
0.032471
0.032412
0.032399
0.032341
0.032312
0.032263
0.032205
0.032205
0.032147
0.032098
0.032041
0.032041
0.031985
0.032136
0.032129
0.032229
0.032224
0.032189
0.032134
0.032184
0.032179
0.032180
0.032130
0.032175
0.032126
0.032127
0.032123
0.032073
0.032070
0.032070
0.032021
0.032019
0.032019
0.031969
0.031920
0.031918
0.031918
0.031918
0.031869
0.031818
0.031818
0.031769
0.031769
0.031719
0.031719
0.031720
0.031671
0.031671
0.031622
0.031622
0.031573
0.031573
0.031524
0.031525
0.031476
0.031476
0.031427
0.031127
0.031028
0.030928
0.030881
0.030782
0.030782
0.030683
0.030633
0.030584
0.030534
0.030484
0.030436
0.030386
0.030341
0.030341
0.030291
0.030243
0.030243
0.030144
0.030106
0.030106
0.030058
0.030058
0.030008
0.029960
0.029960
0.029960
0.029912
0.029912
0.029912
0.029864
0.029864
0.029835
0.029885
0.029867
0.029867
0.029838
0.029790
0.029790
0.029790
0.029790
0.029742
0.029742
0.029742
0.029772
0.029725
0.029925
0.029975
0.030075
0.030077
0.030127
0.030127
0.030177
0.030227
0.030230
0.030230
0.030273
0.030273
0.030276
0.030276
0.030276
0.030326
0.030326
0.030326
0.030329
0.030329
0.030329
0.030329
0.030329
0.030332
0.030332
0.030332
0.030332
0.030332
0.030332
0.030332
0.030286
0.030286
0.030336
0.030336
0.030336
0.030336
0.030336
0.030290
0.030290
0.030290
0.030283
0.030283
0.030283
0.030283
0.030237
0.029937
0.029887
0.029787
0.029737
0.029687
0.029687
0.029637
0.029587
0.029541
0.029491
0.029441
0.029441
0.029391
0.029391
0.029409
0.029359
0.029353
0.029353
0.029257
0.029257
0.029257
0.029257
0.029257
0.029207
0.029207
0.029207
0.029207
0.029207
0.029207
0.029207
0.029162
0.029162
0.029162
0.029212
0.029212
0.029209
0.029209
0.029209
0.029209
0.029209
0.029209
0.029209
0.029239
0.029164
0.029164
0.029164
0.029364
0.029414
0.029514
0.029564
0.029614
0.029644
0.029694
0.029744
0.029794
0.029792
0.029798
0.029798
0.029848
0.029848
0.029848
0.029898
0.029898
0.029898
0.029948
0.029948
0.029948
0.029948
0.029948
0.029998
0.029964
0.029920
0.029920
0.029920
0.029920
0.029920
0.029920
0.029921
0.029971
0.029971
0.029971
0.029971
0.029971
0.029971
0.029971
0.029971
0.029928
0.029928
0.029928
0.029928
0.029928
0.029628
0.029578
0.029478
0.029428
0.029378
0.029342
0.029292
0.029242
0.029278
0.029228
0.029136
0.029140
0.029090
0.029090
0.029054
0.029004
0.029004
0.029004
0.028954
0.028954
0.028954
0.028954
0.028954
0.028904
0.028904
0.028904
0.028904
0.028863
0.028863
0.028863
0.028863
0.028863
0.028913
0.028913
0.028913
0.028913
0.028913
0.028913
0.028913
0.028913
0.028921
0.028921
0.028921
0.028881
0.028881
0.029081
0.029131
0.029223
0.029273
0.029323
0.029323
0.029373
0.029423
0.029423
0.029473
0.029523
0.029523
0.029573
0.029573
0.029604
0.029654
0.029615
0.029615
0.029665
0.029665
0.029665
0.029635
0.029635
0.029685
0.029685
0.029685
0.029715
0.029715
0.029715
0.029715
0.029715
0.029715
0.029715
0.029777
0.029777
0.029740
0.029740
0.029740
0.029740
0.029740
0.029740
0.029706
0.029706
0.029706
0.029706
0.029706
0.029406
0.029356
0.029256
0.029206
0.029156
0.029156
0.029106
0.029056
0.029006
0.028972
0.028922
0.028922
0.028872
0.028872
0.028872
0.028822
0.028822
0.028822
0.028772
0.028772
0.028772
0.028772
0.028772
0.028722
0.028722
0.028722
0.028722
0.028722
0.028722
0.028722
0.028722
0.028722
0.028739
0.028739
0.028739
0.028702
0.028739
0.028739
0.028739
0.028739
0.028739
0.028739
0.028739
0.028739
0.028739
0.028957
0.029007
0.029069
0.029119
0.029169
0.029207
0.029257
0.029271
0.029271
0.029321
0.029371
0.029371
0.029391
0.029391
0.029391
0.029404
0.029404
0.029404
0.029454
0.029491
0.029491
0.029491
0.029491
0.029541
0.029541
0.029572
0.029541
0.029541
0.029504
0.029504
0.029504
0.029504
0.029504
0.029591
0.029622
0.029622
0.029622
0.029622
0.029622
0.029622
0.029595
0.029595
0.029558
0.029558
0.029558
0.029258
0.029208
0.029108
0.029095
0.029045
0.029045
0.028995
0.028945
0.028945
0.028895
0.028845
0.028808
0.028758
0.028758
0.028758
0.028708
0.028708
0.028711
0.028661
0.028661
0.028661
0.028661
0.028661
0.028611
0.028611
0.028574
0.028574
0.028574
0.028574
0.028550
0.028550
0.028587
0.028587
0.028637
0.028637
0.028637
0.028637
0.028637
0.028600
0.028600
0.028600
0.028600
0.028600
0.028600
0.028600
0.028637
0.028837
0.028887
0.028987
0.029037
0.029087
0.029087
0.029100
0.029150
0.029200
0.029200
0.029250
0.029250
0.029300
0.029337
0.029337
0.029387
0.029387
0.029387
0.029437
0.029437
0.029400
0.029400
0.029400
0.029450
0.029450
0.029450
0.029450
0.029467
0.029467
0.029467
0.029467
0.029467
0.029517
0.029517
0.029480
0.029480
0.029480
0.029480
0.029480
0.029480
0.029480
0.029517
0.029481
0.029481
0.029481
0.029181
0.029131
0.029031
0.028944
0.028894
0.028930
0.028844
0.028758
0.028758
0.028708
0.028658
0.028695
0.028676
0.028676
0.028676
0.028626
0.028626
0.028558
0.028508
0.028508
0.028508
0.028508
0.028508
0.028488
0.028488
0.028526
0.028550
0.028550
0.028550
0.028550
0.028513
0.028513
0.028513
0.028563
0.028563
0.028563
0.028563
0.028563
0.028563
0.028600
0.028568
0.028568
0.028568
0.028568
0.028563
0.028763
0.028813
0.028913
0.028963
0.029013
0.029013
0.029047
0.029097
0.029102
0.029152
0.029202
0.029202
0.029252
0.029247
0.029247
0.029297
0.029297
0.029297
0.029347
0.029347
0.029347
0.029347
0.029318
0.029368
0.029368
0.029368
0.029368
0.029363
0.029363
0.029397
0.029397
0.029397
0.029363
0.029413
0.029413
0.029413
0.029381
0.029418
0.029418
0.029418
0.029418
0.029381
0.029413
0.029413
0.029413
0.029413
0.029113
0.029063
0.028963
0.028913
0.028831
0.028868
0.028818
0.028768
0.028718
0.028681
0.028663
0.028663
0.028613
0.028613
0.028613
0.028563
0.028563
0.028531
0.028481
0.028481
0.028481
0.028481
0.028481
0.028431
0.028463
0.028463
0.028463
0.028463
0.028463
0.028463
0.028463
0.028431
0.028481
0.028481
0.028481
0.028481
0.028481
0.028481
0.028513
0.028513
0.028513
0.028513
0.028513
0.028513
0.028513
0.028681
0.028731
0.028795
0.028845
0.028926
0.028926
0.028945
0.029063
0.029063
0.029113
0.029163
0.029163
0.029213
0.029177
0.029176
0.029226
0.029226
0.029226
0.029276
0.029276
0.029276
0.029276
0.029308
