2.434312
2.308979
2.197516
2.124220
2.085585
2.069185
2.065101
2.065420
2.065911
2.065503
2.064158
2.061492
2.057963
2.053643
2.048996
2.044212
2.039451
2.035102
2.031362
2.027597
2.023697
2.019927
2.016223
2.012294
2.008298
2.003637
1.998991
1.994954
1.990959
1.986760
1.982739
1.979648
1.976784
1.973937
1.971188
1.967685
1.964354
1.961046
1.957675
1.954159
1.950230
1.946145
1.942289
1.938439
1.934602
1.930117
1.924972
1.919979
1.915740
1.911714
1.907525
1.903096
1.898064
1.892966
1.887812
1.883056
1.878232
1.873605
1.868757
1.863325
1.857941
1.852636
1.847751
1.842944
1.837931
1.832567
1.826892
1.821213
1.815637
1.810117
1.804329
1.798746
1.793675
1.788867
1.783841
1.778884
1.774134
1.769213
1.764082
1.759310
1.754161
1.748807
1.743739
1.738634
1.733670
1.728993
1.724344
1.720126
1.715905
1.711470
1.707165
1.703059
1.698733
1.694135
1.689355
1.684802
1.680466
1.676105
1.672036
1.667760
1.663234
1.658713
1.654222
1.649892
1.645335
1.641102
1.636903
1.632548
1.628354
1.624156
1.619741
1.615374
1.611136
1.606780
1.602706
1.598450
1.594267
1.590253
1.586038
1.582001
1.577989
1.574109
1.570361
1.567016
1.563091
1.559185
1.555215
1.551574
1.547912
1.544421
1.540776
1.537027
1.533542
1.530043
1.526821
1.523540
1.520526
1.517192
1.514088
1.510737
1.507562
1.504135
1.500714
1.497431
1.494222
1.490808
1.487761
1.484511
1.481627
1.478742
1.476134
1.473358
1.470646
1.467823
1.465225
1.462459
1.459509
1.456738
1.453772
1.450886
1.447892
1.444675
1.441432
1.438485
1.435816
1.433237
1.430584
1.427896
1.425388
1.422734
1.420176
1.417266
1.414250
1.411178
1.408245
1.405186
1.402509
1.399825
1.397343
1.394624
1.391920
1.389468
1.386863
1.384095
1.381005
1.377555
1.374803
1.371805
1.369105
1.366419
1.363795
1.360894
1.358085
1.355259
1.352241
1.349201
1.345988
1.342750
1.339050
1.335391
1.331624
1.327972
1.324107
1.320093
1.316186
1.312492
1.308863
1.305535
1.302399
1.299127
1.296063
1.292969
1.289680
1.286536
1.283027
1.279381
1.275630
1.271959
1.268045
1.264277
1.260662
1.256992
1.253264
1.249621
1.246014
1.242532
1.239184
1.236175
1.233151
1.230162
1.227512
1.224355
1.220757
1.217155
1.213316
1.209488
1.205845
1.202181
1.198712
1.195238
1.191600
1.188061
1.184454
1.180684
1.177023
1.173499
1.169957
1.166324
1.162775
1.159515
1.156482
1.153745
1.150972
1.148255
1.145670
1.142904
1.140181
1.137244
1.133994
1.130769
1.127426
1.124310
1.120862
1.117587
1.114536
1.111279
1.108343
1.105203
1.102131
1.099138
1.096087
1.093116
1.090027
1.087026
1.084162
1.081094
1.078309
1.075294
1.072509
1.069565
1.066631
1.063880
1.060899
1.057975
1.055274
1.052311
1.049485
1.046552
1.043896
1.041092
1.038316
1.035629
1.032836
1.030110
1.027301
1.024704
1.022061
1.019400
1.016597
1.013865
1.011348
1.009164
1.006729
1.004616
1.002432
1.000166
0.997789
0.995185
0.992602
0.989946
0.987079
0.984265
0.981453
0.978685
0.976127
0.973525
0.970983
0.968455
0.965912
0.963277
0.960686
0.958096
0.955413
0.952468
0.949773
0.947065
0.944296
0.941568
0.938739
0.935913
0.933033
0.930299
0.927641
0.924799
0.921907
0.919196
0.916455
0.913489
0.910634
0.907681
0.904894
0.901983
0.898956
0.896112
0.893102
0.890091
0.887254
0.884084
0.881296
0.878355
0.875386
0.872536
0.869575
0.866509
0.863328
0.860546
0.857636
0.854610
0.851600
0.848328
0.845255
0.842150
0.839171
0.835862
0.832912
0.829888
0.826732
0.823634
0.820609
0.817619
0.814486
0.811376
0.808353
0.805428
0.802340
0.799394
0.796741
0.793806
0.790831
0.787878
0.785004
0.782214
0.779249
0.776426
0.773461
0.770685
0.767960
0.765220
0.762487
0.759809
0.757390
0.754823
0.752137
0.749646
0.746993
0.744495
0.741991
0.739302
0.736942
0.734431
0.732080
0.729731
0.727378
0.725036
0.722554
0.720148
0.717675
0.715339
0.712990
0.710782
0.708503
0.706276
0.703954
0.701691
0.699533
0.697234
0.694840
0.692570
0.690337
0.688255
0.685901
0.683713
0.681446
0.679148
0.676967
0.674791
0.672662
0.670406
0.668337
0.666252
0.664116
0.661908
0.659757
0.657476
0.655326
0.652984
0.650983
0.648801
0.646583
0.644347
0.642142
0.639909
0.637612
0.635479
0.633197
0.631011
0.628805
0.626866
0.624546
0.622306
0.620131
0.617884
0.615646
0.613338
0.611108
0.608707
0.606399
0.604127
0.601784
0.599420
0.597286
0.594800
0.592542
0.590096
0.587764
0.585187
0.582843
0.580360
0.577948
0.575409
0.572927
0.570460
0.567848
0.565341
0.562808
0.560206
0.557758
0.555107
0.552560
0.550000
0.547330
0.544729
0.542182
0.539527
0.536833
0.534230
0.531526
0.528981
0.526168
0.523468
0.520826
0.518162
0.515414
0.512851
0.510128
0.507367
0.504875
0.502376
0.499752
0.497039
0.494377
0.491530
0.488894
0.486078
0.483322
0.480643
0.477944
0.475227
0.472576
0.469948
0.467223
0.464436
0.461953
0.459208
0.456308
0.453829
0.451062
0.448549
0.445944
0.443158
0.440649
0.438041
0.435454
0.432910
0.430282
0.427896
0.425352
0.422782
0.420329
0.417797
0.415236
0.412837
0.410233
0.407949
0.405493
0.403102
0.400751
0.398356
0.396064
0.393759
0.391347
0.388979
0.386763
0.384420
0.382249
0.379986
0.377664
0.375450
0.373312
0.371070
0.368955
0.366984
0.364717
0.362675
0.360444
0.358281
0.356221
0.354195
0.351953
0.349835
0.347839
0.345793
0.343666
0.341709
0.339654
0.337644
0.335674
0.333637
0.331633
0.329669
0.327595
0.325346
0.323327
0.321300
0.319282
0.317273
0.315411
0.313493
0.311302
0.309324
0.307385
0.305277
0.303194
0.301107
0.299115
0.296890
0.294916
0.292936
0.290995
0.288870
0.286821
0.284683
0.282699
0.280706
0.278504
0.276504
0.274368
0.272352
0.270419
0.268354
0.266143
0.264091
0.261929
0.259909
0.257802
0.255783
0.253623
0.251546
0.249522
0.247276
0.245338
0.243102
0.241043
0.238805
0.236621
0.234528
0.232299
0.230251
0.228119
0.226000
0.224067
0.221699
0.219642
0.217517
0.215371
0.213193
0.211109
0.208962
0.206760
0.204605
0.202388
0.200491
0.198275
0.196137
0.193994
0.191926
0.189915
0.187709
0.185778
0.183772
0.181620
0.179735
0.177755
0.175761
0.173931
0.171934
0.170043
0.168222
0.166379
0.164528
0.162683
0.160938
0.159135
0.157413
0.155642
0.154025
0.152298
0.150691
0.149078
0.147469
0.145893
0.144377
0.142851
0.141329
0.139914
0.138363
0.137005
0.135563
0.134125
0.132711
0.131310
0.129924
0.128664
0.127353
0.126149
0.124855
0.123624
0.122446
0.121175
0.119991
0.118918
0.117812
0.116633
0.115520
0.114516
0.113347
0.112267
0.111229
0.110319
0.109264
0.108319
0.107339
0.106478
0.105486
0.104565
0.103549
0.102687
0.101747
0.100955
0.100013
0.099247
0.098316
0.097485
0.096827
0.095872
0.095253
0.094497
0.093643
0.092926
0.092163
0.091516
0.090735
0.090075
0.089332
0.088741
0.088084
0.087443
0.086885
0.086172
0.085471
0.084912
0.084206
0.083678
0.083105
0.082466
0.081865
0.081285
0.080749
0.080194
0.079725
0.079107
0.078642
0.078112
0.077610
0.077020
0.076522
0.075966
0.075553
0.075062
0.074572
0.074094
0.073582
0.073148
0.072795
0.072294
0.071779
0.071387
0.070919
0.070472
0.070128
0.069595
0.069291
0.068884
0.068420
0.068051
0.067689
0.067204
0.066825
0.066421
0.066076
0.065636
0.065358
0.064952
0.064554
0.064216
0.063799
0.063498
0.063089
0.062690
0.062413
0.062051
0.061711
0.061356
0.061086
0.060787
0.060419
0.060110
0.059825
0.059430
0.059156
0.058897
0.058563
0.058217
0.057964
0.057643
0.057347
0.057012
0.056716
0.056573
0.056277
0.056041
0.055772
0.055591
0.055177
0.055015
0.054692
0.054448
0.054233
0.054000
0.053828
0.053498
0.053339
0.053105
0.052717
0.052522
0.052256
0.052042
0.051790
0.051580
0.051440
0.051220
0.050987
0.050731
0.050588
0.050407
0.050178
0.049917
0.049729
0.049600
0.049336
0.048971
0.048859
0.048772
0.048593
0.048418
0.048186
0.048048
0.047870
0.047697
0.047445
0.047275
0.047064
0.046811
0.046623
0.046562
0.046372
0.046217
0.046036
0.045864
0.045731
0.045521
0.045438
0.045217
0.045043
0.044954
0.044672
0.044547
0.044409
0.044251
0.044018
0.043995
0.043796
0.043720
0.043344
0.043337
0.043171
0.043091
0.042865
0.042563
0.042519
0.042391
0.042255
0.042094
0.041984
0.041847
0.041609
0.041517
0.041464
0.041247
0.041077
0.040935
0.040696
0.040658
0.040546
0.040302
0.040190
0.040006
0.039899
0.039839
0.039755
0.039501
0.039513
0.039150
0.039100
0.038976
0.038871
0.038732
0.038587
0.038384
0.038306
0.038146
0.038052
0.037884
0.037865
0.037667
0.037546
0.037469
0.037237
0.037161
0.037083
0.036859
0.036888
0.036741
0.036665
0.036397
0.036283
0.036157
0.035963
0.035892
0.035845
0.035695
0.035556
0.035441
0.035281
0.035181
0.035101
0.034892
0.034894
0.034715
0.034681
0.034506
0.034467
0.034409
0.034165
0.034116
0.034032
0.033914
0.033881
0.033757
0.033582
0.033545
0.033381
0.033347
0.033207
0.033055
0.033007
0.032923
0.032864
0.032766
0.032650
0.032508
0.032463
0.032395
0.032281
0.032282
0.032122
0.032025
0.032024
0.031818
0.031759
0.031624
0.031532
0.031527
0.031451
0.031403
0.031368
0.031207
0.031130
0.031086
0.031052
0.030991
0.030863
0.030789
0.030707
0.030645
0.030586
0.030498
0.030498
0.030326
0.030198
0.030195
0.030153
0.030112
0.030036
0.030026
0.030009
0.030012
0.029955
0.029846
0.029722
0.029633
0.029663
0.029638
0.029638
0.029461
0.029445
0.029445
0.029407
0.029365
0.029324
0.029289
0.029211
0.029201
0.029168
0.029200
0.029193
0.029028
0.029028
0.029003
0.028968
0.028864
0.028781
0.028761
0.028726
0.028703
0.028652
0.028652
0.028706
0.028656
0.028638
0.028638
0.028605
0.028605
0.028509
0.028473
0.028471
0.028439
0.028464
0.028398
0.028398
0.028469
0.028471
0.028499
0.028436
0.028468
0.028448
0.028418
0.028393
0.028359
0.028299
0.028299
0.028300
0.028300
0.028313
0.028345
0.028288
0.028285
0.028207
0.028207
0.028207
0.028241
0.028187
0.028137
0.028067
0.028100
0.028093
0.028127
0.028100
0.028094
0.028093
0.028048
0.028048
0.028118
0.028118
0.028043
0.027982
0.027982
0.027958
0.027958
0.028059
0.028025
0.028025
0.028084
0.028120
0.028076
0.028136
0.028086
0.028059
0.028059
0.028059
0.028039
0.028063
0.028063
0.028059
0.028059
0.028059
0.028009
0.028048
0.028048
0.028059
0.028065
0.028065
0.027993
0.027993
0.027921
0.027900
0.027900
0.027900
0.027885
0.027953
0.027953
0.027894
0.027933
0.027884
0.027884
0.027884
0.027845
0.027831
0.027768
0.027756
0.027756
0.027791
0.027808
0.027808
0.027805
0.027844
0.027844
0.027806
0.027793
0.027750
0.027815
0.027815
0.027807
0.027837
0.027816
0.027816
0.027855
0.027755
0.027711
0.027782
0.027740
0.027740
0.027740
0.027690
0.027690
0.027690
0.027675
0.027670
0.027699
0.027699
0.027664
0.027660
0.027660
0.027641
0.027684
0.027684
0.027684
0.027652
0.027603
0.027639
0.027627
0.027584
0.027584
0.027580
0.027579
0.027569
0.027607
0.027607
0.027595
0.027552
0.027552
0.027509
0.027541
0.027465
0.027465
0.027465
0.027449
0.027486
0.027517
0.027555
0.027597
0.027554
0.027554
0.027537
0.027575
0.027567
0.027579
0.027541
0.027541
0.027493
0.027493
0.027422
0.027471
0.027453
0.027485
0.027485
0.027485
0.027523
0.027535
0.027487
0.027485
0.027478
0.027440
0.027472
0.027485
0.027478
0.027489
0.027489
0.027442
0.027442
0.027474
0.027526
0.027485
0.027468
0.027441
0.027394
0.027357
0.027372
0.027372
0.027372
0.027410
0.027442
0.027442
0.027379
0.027395
0.027395
0.027349
0.027349
0.027311
0.027311
0.027329
0.027329
0.027329
0.027399
0.027376
0.027413
0.027352
0.027371
0.027371
0.027403
0.027403
0.027385
0.027385
0.027405
0.027362
0.027362
0.027317
0.027277
0.027277
0.027277
0.027314
0.027335
0.027368
0.027368
0.027368
0.027377
0.027377
0.027377
0.027355
0.027355
0.027316
0.027303
0.027336
0.027336
0.027336
0.027403
0.027426
0.027411
0.027411
0.027411
0.027411
0.027411
0.027368
0.027368
0.027354
0.027354
0.027354
0.027354
0.027354
0.027352
0.027352
0.027352
0.027372
0.027389
0.027389
0.027389
0.027347
0.027347
0.027305
0.027305
0.027305
0.027305
0.027331
0.027365
0.027365
0.027365
0.027365
0.027365
0.027365
0.027365
0.027365
0.027365
0.027391
0.027387
0.027387
0.027387
0.027387
0.027387
0.027421
0.027420
0.027420
0.027420
0.027406
0.027434
0.027434
0.027434
0.027434
0.027434
0.027434
0.027434
0.027434
0.027434
0.027394
0.027353
0.027353
0.027382
0.027382
0.027382
0.027382
0.027395
0.027395
0.027395
0.027362
0.027362
0.027396
0.027432
0.027399
0.027399
0.027429
0.027432
0.027432
0.027432
0.027400
0.027400
0.027400
0.027361
0.027361
0.027361
0.027361
0.027361
0.027321
0.027321
0.027321
0.027321
0.027351
0.027351
0.027351
0.027351
0.027351
0.027386
0.027386
0.027386
0.027355
0.027390
0.027390
0.027390
0.027390
0.027390
0.027390
0.027390
0.027390
0.027422
0.027384
0.027384
0.027384
0.027345
0.027345
0.027345
0.027379
0.027387
0.027387
0.027376
0.027376
0.027376
0.027376
0.027376
0.027376
0.027376
0.027376
0.027414
0.027479
0.027482
0.027482
0.027482
0.027482
0.027452
0.027413
0.027413
0.027413
0.027446
0.027446
0.027446
0.027409
0.027409
0.027409
0.027409
0.027409
0.027380
0.027380
0.027380
0.027380
0.027380
0.027380
0.027380
0.027380
0.027414
0.027376
0.027410
0.027410
0.027410
0.027410
0.027428
0.027428
0.027428
0.027428
0.027404
0.027404
0.027404
0.027406
0.027406
0.027406
0.027406
0.027442
0.027442
0.027442
0.027403
0.027403
0.027403
0.027403
0.027416
0.027416
0.027381
0.027381
0.027381
0.027381
0.027415
0.027415
0.027415
0.027415
0.027415
0.027415
0.027415
0.027415
0.027415
0.027379
0.027379
0.027352
0.027359
0.027359
0.027359
0.027393
0.027393
0.027393
0.027393
0.027393
0.027393
0.027393
0.027393
0.027393
0.027393
0.027393
0.027393
0.027357
0.027357
0.027357
0.027393
0.027368
0.027368
0.027368
0.027361
0.027361
0.027361
0.027361
0.027361
0.027326
0.027362
0.027362
0.027362
0.027362
0.027362
0.027327
0.027327
0.027327
0.027327
0.027327
0.027327
0.027327
0.027327
0.027327
0.027327
0.027327
0.027327
0.027327
0.027298
0.027298
0.027298
0.027298
0.027298
0.027264
0.027264
0.027264
0.027264
0.027302
0.027302
0.027302
0.027302
0.027336
0.027336
0.027336
0.027336
0.027336
0.027336
0.027312
0.027312
0.027287
0.027287
0.027287
0.027254
0.027220
0.027257
0.027280
0.027280
0.027280
0.027280
0.027280
0.027280
0.027280
0.027279
0.027279
0.027279
0.027279
0.027279
0.027279
0.027279
0.027279
0.027315
0.027315
0.027284
0.027284
0.027284
0.027284
0.027248
0.027248
0.027248
0.027248
0.027248
0.027248
0.027284
0.027284
0.027284
0.027284
0.027284
0.027284
0.027284
0.027284
0.027284
0.027284
0.027255
0.027255
0.027255
0.027255
0.027255
0.027255
0.027255
0.027255
0.027255
0.027229
0.027229
0.027229
0.027229
0.027229
0.027229
0.027229
0.027196
0.027196
0.027196
0.027196
0.027234
0.027234
0.027169
0.027169
0.027169
0.027169
0.027169
0.027169
0.027206
0.027206
0.027206
0.027187
0.027187
0.027187
0.027187
0.027221
0.027221
0.027221
0.027221
0.027187
0.027187
0.027187
0.027187
0.027187
0.027187
0.027187
0.027162
0.027196
0.027196
0.027196
0.027196
0.027196
0.027196
0.027196
0.027196
0.027196
0.027196
0.027196
0.027196
0.027196
0.027196
0.027196
0.027196
0.027196
0.027196
0.027171
0.027171
0.027171
0.027171
0.027171
0.027171
0.027171
0.027139
0.027117
0.027117
0.027117
0.027117
0.027117
0.027117
0.027117
0.027117
0.027117
0.027117
0.027117
0.027117
0.027117
0.027154
0.027154
0.027154
0.027154
0.027154
0.027154
0.027154
0.027154
0.027154
0.027154
0.027154
0.027154
0.027154
0.027192
0.027192
0.027192
0.027192
0.027192
0.027173
0.027191
0.027191
0.027191
0.027191
0.027191
0.027191
0.027191
0.027191
0.027191
0.027191
0.027224
0.027224
0.027224
0.027224
0.027224
0.027251
0.027219
0.027219
0.027219
0.027219
0.027219
0.027219
0.027212
0.027182
0.027182
0.027182
0.027182
0.027182
0.027182
0.027182
0.027182
0.027182
0.027182
0.027182
0.027182
0.027182
0.027166
0.027166
0.027166
0.027166
0.027166
0.027166
0.027166
0.027180
0.027180
0.027180
0.027180
0.027180
0.027180
0.027180
0.027180
0.027180
0.027180
0.027180
0.027180
0.027153
0.027153
0.027153
0.027153
0.027153
0.027153
0.027153
0.027153
0.027153
0.027153
0.027153
0.027153
0.027153
0.027153
0.027153
0.027153
0.027153
0.027153
0.027153
0.027153
0.027153
0.027153
0.027153
0.027153
0.027153
0.027163
0.027163
0.027163
0.027151
0.027151
0.027151
0.027151
0.027111
0.027111
0.027111
0.027111
0.027151
0.027151
0.027129
0.027129
0.027129
0.027129
0.027129
0.027129
0.027129
0.027129
0.027129
0.027129
0.027129
0.027129
0.027129
0.027129
0.027129
0.027129
0.027129
0.027129
0.027164
0.027164
0.027164
0.027164
0.027164
0.027164
0.027129
0.027129
0.027129
0.027129
0.027129
0.027129
0.027129
0.027164
0.027164
0.027164
0.027164
0.027164
0.027164
0.027164
0.027164
0.027129
0.027129
0.027129
0.027129
0.027101
0.027135
0.027135
0.027135
0.027135
0.027135
0.027135
0.027135
0.027135
0.027135
0.027135
0.027135
0.027135
0.027173
0.027173
0.027165
0.027165
0.027165
0.027165
0.027165
0.027165
0.027165
0.027165
0.027165
0.027165
0.027165
0.027165
0.027165
0.027165
0.027165
0.027165
0.027165
0.027147
0.027147
0.027147
0.027147
0.027147
0.027147
0.027147
0.027147
0.027147
0.027147
0.027147
0.027129
0.027129
0.027129
0.027129
0.027129
0.027129
0.027129
0.027129
0.027129
0.027129
0.027129
0.027129
0.027129
0.027129
0.027142
0.027142
0.027142
0.027142
0.027101
0.027101
0.027101
0.027101
0.027101
0.027101
0.027101
0.027101
0.027142
0.027142
0.027142
0.027142
0.027142
0.027142
0.027142
0.027142
0.027142
0.027142
0.027142
0.027142
0.027142
0.027142
0.027142
0.027142
0.027142
0.027142
0.027142
0.027142
0.027142
0.027142
0.027142
0.027142
0.027142
0.027142
0.027142
0.027142
0.027142
0.027142
0.027142
0.027142
0.027142
0.027142
0.027142
0.027142
0.027142
0.027142
0.027142
0.027142
0.027142
0.027142
0.027142
0.027142
0.027142
0.027142
0.027142
0.027142
0.027142
0.027142
0.027142
0.027142
0.027142
0.027142
0.027142
0.027142
0.027116
0.027116
0.027116
0.027116
0.027116
0.027116
0.027116
0.027116
0.027116
0.027116
0.027116
0.027116
0.027116
0.027116
0.027116
0.027116
0.027116
0.027116
0.027116
0.027116
0.027116
0.027116
0.027116
0.027113
0.027113
0.027113
0.027113
0.027113
0.027113
0.027113
0.027113
0.027113
0.027113
0.027113
0.027113
0.027113
0.027113
0.027113
0.027113
0.027113
0.027113
0.027113
0.027113
0.027113
0.027113
0.027113
0.027113
0.027113
0.027113
0.027113
0.027113
0.027113
0.027113
0.027113
0.027113
0.027113
0.027113
0.027100
0.027100
0.027100
0.027100
0.027100
0.027100
0.027100
0.027100
0.027100
0.027100
0.027100
0.027100
0.027100
0.027137
0.027137
0.027137
0.027137
0.027137
0.027137
0.027137
0.027137
0.027137
0.027137
0.027137
0.027137
0.027137
0.027137
0.027137
0.027137
0.027137
0.027137
0.027137
0.027137
0.027137
0.027137
0.027137
0.027137
0.027137
0.027137
0.027137
0.027137
0.027137
0.027137
0.027137
0.027137
0.027137
0.027137
0.027137
0.027137
0.027137
0.027137
0.027137
0.027137
0.027137
0.027137
0.027137
0.027137
0.027137
0.027137
0.027137
0.027137
0.027137
0.027137
0.027137
0.027137
0.027137
0.027137
0.027137
0.027137
0.027137
0.027137
0.027137
0.027137
0.027137
0.027137
0.027137
0.027137
0.027137
0.027137
0.027137
0.027137
0.027137
0.027137
0.027137
0.027137
0.027137
0.027137
0.027137
0.027137
0.027137
0.027137
0.027137
0.027137
0.027137
0.027137
0.027137
0.027137
0.027137
0.027137
0.027137
0.027137
0.027172
0.027172
0.027172
0.027172
0.027172
0.027137
0.027137
0.027137
0.027137
0.027137
0.027137
0.027137
0.027137
0.027172
0.027172
0.027172
0.027172
0.027172
0.027172
0.027172
0.027137
0.027137
0.027137
0.027137
0.027137
0.027137
0.027137
0.027172
0.027172
0.027172
0.027172
0.027172
0.027172
0.027172
0.027137
0.027137
0.027137
0.027137
0.027137
0.027137
0.027172
0.027172
0.027172
0.027172
0.027172
0.027172
0.027172
0.027172
0.027172
0.027137
0.027164
0.027164
0.027164
0.027199
0.027199
0.027199
0.027199
0.027199
0.027199
0.027199
0.027199
0.027199
0.027199
0.027199
0.027199
0.027199
0.027199
0.027199
0.027199
0.027199
0.027199
0.027199
0.027199
0.027199
0.027199
0.027199
0.027199
0.027199
0.027199
0.027199
0.027199
0.027199
0.027199
0.027199
0.027199
0.027199
0.027199
0.027199
0.027199
0.027199
0.027199
0.027199
0.027199
0.027199
0.027199
0.027199
0.027199
0.027199
0.027199
0.027199
0.027199
0.027199
0.027199
0.027199
0.027199
0.027199
0.027199
0.027199
0.027237
0.027237
0.027237
0.027265
0.027265
0.027265
0.027265
0.027265
0.027265
0.027265
0.027265
0.027265
0.027265
0.027265
0.027265
0.027265
0.027265
0.027265
0.027265
0.027265
0.027265
0.027265
0.027265
0.027265
0.027265
0.027265
0.027265
0.027265
0.027265
0.027265
0.027265
0.027265
0.027265
0.027265
0.027265
0.027265
0.027265
0.027265
0.027265
0.027265
0.027265
0.027265
0.027265
0.027265
0.027265
0.027265
0.027265
0.027265
0.027265
0.027265
0.027265
0.027265
0.027265
0.027293
0.027293
0.027293
0.027293
0.027293
0.027293
0.027293
0.027293
0.027293
0.027293
0.027293
0.027293
0.027293
0.027293
0.027293
0.027293
0.027293
0.027293
0.027293
0.027293
0.027293
0.027293
0.027293
0.027293
0.027293
0.027293
0.027293
0.027293
0.027293
0.027293
0.027293
0.027293
0.027293
0.027293
0.027321
0.027321
0.027321
0.027321
0.027321
0.027321
0.027321
0.027321
0.027321
0.027321
0.027321
0.027321
0.027321
0.027321
0.027321
0.027321
0.027321
0.027321
0.027321
0.027321
0.027321
0.027321
0.027321
0.027321
0.027321
0.027321
0.027321
0.027321
0.027321
0.027321
0.027321
0.027321
0.027351
0.027351
0.027351
0.027351
0.027351
0.027351
0.027351
0.027351
0.027351
0.027351
0.027351
0.027351
0.027351
0.027351
0.027351
0.027351
0.027351
0.027351
0.027351
0.027351
0.027351
0.027351
0.027351
0.027351
0.027351
0.027351
0.027381
0.027381
0.027381
0.027381
0.027381
0.027381
0.027381
0.027381
0.027381
0.027381
0.027381
0.027381
0.027381
0.027381
0.027381
0.027381
0.027381
0.027381
0.027381
0.027381
0.027381
0.027381
0.027381
0.027381
0.027420
0.027450
0.027450
0.027450
0.027450
0.027411
0.027411
0.027411
0.027411
0.027411
0.027411
0.027411
0.027411
0.027450
0.027415
0.027450
0.027450
0.027450
0.027450
0.027450
0.027450
0.027450
0.027450
0.027450
0.027411
0.027415
0.027446
0.027446
0.027446
0.027481
0.027481
0.027481
0.027481
0.027481
0.027481
0.027481
0.027481
0.027481
0.027446
0.027446
0.027446
0.027446
0.027484
0.027519
0.027519
0.027519
0.027519
0.027550
0.027550
0.027550
0.027550
0.027516
0.027516
0.027516
0.027516
0.027516
0.027516
0.027516
0.027550
0.027550
0.027550
0.027550
0.027550
0.027550
0.027550
0.027516
0.027516
0.027516
0.027516
0.027547
0.027547
0.027585
0.027620
0.027620
0.027582
0.027582
0.027582
0.027582
0.027582
0.027547
0.027547
0.027547
0.027547
0.027585
0.027585
0.027585
0.027620
0.027620
0.027620
0.027620
0.027620
0.027620
0.027620
0.027585
0.027617
0.027617
0.027617
0.027617
0.027617
0.027617
0.027652
0.027652
0.027652
0.027652
0.027652
0.027652
0.027617
0.027617
0.027617
0.027617
0.027617
0.027617
0.027617
0.027681
0.027681
0.027684
0.027684
0.027684
0.027684
0.027684
0.027649
0.027649
0.027649
0.027649
0.027649
0.027681
0.027681
0.027718
0.027718
0.027753
0.027716
0.027716
0.027716
0.027684
0.027649
0.027649
0.027649
0.027649
0.027714
0.027751
0.027751
0.027751
0.027751
0.027751
0.027751
0.027751
0.027751
0.027751
0.027751
0.027751
0.027751
0.027751
