1.479064
1.303050
1.135880
1.015885
0.947058
0.917255
0.908828
0.909427
0.909894
0.909116
0.907671
0.906216
0.905387
0.904953
0.904787
0.904557
0.904023
0.903379
0.902615
0.901762
0.900795
0.899804
0.898705
0.897759
0.896872
0.895712
0.894750
0.893272
0.892124
0.891060
0.889778
0.888519
0.887516
0.886128
0.884920
0.883738
0.882445
0.881164
0.879846
0.878619
0.877514
0.876168
0.875097
0.874144
0.873074
0.871938
0.870655
0.869322
0.867984
0.866500
0.864868
0.863268
0.861726
0.860246
0.858680
0.857270
0.855750
0.854046
0.852375
0.850879
0.849314
0.847946
0.846389
0.845009
0.843348
0.841708
0.840103
0.838204
0.836652
0.834527
0.832950
0.831038
0.829065
0.827054
0.825219
0.823099
0.821294
0.819648
0.817726
0.815844
0.813850
0.811801
0.809782
0.807923
0.805735
0.803650
0.801608
0.799413
0.797338
0.795109
0.793040
0.790952
0.788768
0.786707
0.784593
0.782419
0.780237
0.778171
0.776043
0.773950
0.771792
0.769686
0.767536
0.765430
0.763196
0.761117
0.759192
0.757683
0.756025
0.754204
0.752591
0.750955
0.749501
0.747960
0.746582
0.745185
0.743704
0.742388
0.740977
0.739458
0.737964
0.736617
0.735116
0.733716
0.732315
0.730777
0.729276
0.727885
0.726484
0.725378
0.724131
0.722639
0.721405
0.720036
0.718692
0.717317
0.715874
0.714460
0.713077
0.711858
0.710497
0.709201
0.707875
0.706692
0.705393
0.704121
0.702946
0.701686
0.700247
0.698874
0.697437
0.695962
0.694390
0.692990
0.691600
0.690065
0.688576
0.687138
0.685592
0.684108
0.682569
0.680980
0.679617
0.677801
0.676122
0.674212
0.672365
0.670298
0.668484
0.666527
0.664685
0.662658
0.660464
0.658428
0.656238
0.654205
0.652198
0.650009
0.648029
0.646011
0.643831
0.641620
0.639622
0.637404
0.635515
0.633391
0.631322
0.629162
0.627319
0.625034
0.622734
0.621040
0.619357
0.617552
0.615699
0.613849
0.612102
0.610116
0.608403
0.606685
0.604733
0.602848
0.601037
0.599236
0.597330
0.595526
0.593743
0.591908
0.589990
0.588211
0.586296
0.584476
0.582480
0.580698
0.578742
0.576921
0.574949
0.573204
0.571082
0.569105
0.567161
0.565282
0.563431
0.561529
0.559608
0.557472
0.555560
0.553503
0.551438
0.549435
0.547367
0.545375
0.543320
0.541357
0.539195
0.537167
0.534990
0.532934
0.530847
0.528674
0.526679
0.524616
0.522512
0.520287
0.518036
0.515859
0.513826
0.511723
0.509420
0.507210
0.505004
0.502715
0.500474
0.498285
0.495976
0.493810
0.491497
0.489305
0.487144
0.484938
0.482851
0.480572
0.478341
0.476127
0.473837
0.471555
0.469426
0.467251
0.465103
0.462748
0.460513
0.458366
0.456228
0.453942
0.451724
0.449518
0.447443
0.445313
0.443071
0.440938
0.438692
0.436860
0.434855
0.432764
0.430708
0.428525
0.426357
0.424419
0.422233
0.420195
0.418138
0.416091
0.413940
0.411978
0.410066
0.408097
0.406143
0.404114
0.402074
0.400026
0.398141
0.396198
0.394280
0.392366
0.390441
0.388762
0.386863
0.384950
0.383072
0.381241
0.379248
0.377382
0.375497
0.373650
0.371824
0.369913
0.368004
0.366281
0.364521
0.362753
0.360815
0.359124
0.357281
0.355546
0.353928
0.352151
0.350502
0.348666
0.347041
0.345336
0.343807
0.342155
0.340566
0.338734
0.337145
0.335347
0.333771
0.332062
0.330411
0.328743
0.327209
0.325698
0.324055
0.322375
0.320781
0.319198
0.317648
0.315974
0.314350
0.312790
0.311247
0.309684
0.308132
0.306427
0.304916
0.303435
0.301822
0.300458
0.299077
0.297536
0.295970
0.294441
0.292964
0.291391
0.289875
0.288347
0.286825
0.285283
0.283732
0.282347
0.280876
0.279329
0.277853
0.276328
0.274963
0.273426
0.272093
0.270594
0.269147
0.267655
0.266315
0.264871
0.263413
0.262153
0.260845
0.259452
0.258064
0.256802
0.255361
0.254122
0.252841
0.251550
0.250274
0.248986
0.247719
0.246368
0.245127
0.243842
0.242626
0.241486
0.240122
0.238758
0.237556
0.236296
0.235058
0.233991
0.232754
0.231556
0.230343
0.229078
0.227971
0.226736
0.225655
0.224638
0.223401
0.222265
0.220856
0.219363
0.217768
0.216173
0.214826
0.213352
0.211856
0.210483
0.209084
0.207687
0.206255
0.204815
0.203298
0.201882
0.200395
0.198936
0.197429
0.195967
0.194431
0.192953
0.191645
0.190221
0.188769
0.187352
0.186008
0.184517
0.183400
0.182030
0.180784
0.179333
0.178124
0.176788
0.175563
0.174133
0.172937
0.171634
0.170463
0.169079
0.167854
0.166646
0.165428
0.164121
0.163050
0.161852
0.160655
0.159664
0.158372
0.157331
0.156171
0.154978
0.153822
0.152602
0.151472
0.150305
0.149322
0.148207
0.147220
0.146239
0.145212
0.144316
0.143258
0.142252
0.141149
0.140090
0.139189
0.138184
0.137282
0.136151
0.135218
0.134186
0.133332
0.132387
0.131380
0.130314
0.129439
0.128469
0.127529
0.126519
0.125706
0.124666
0.123710
0.122797
0.121972
0.121110
0.120215
0.119326
0.118486
0.117607
0.116685
0.115777
0.114954
0.114189
0.113193
0.112456
0.111794
0.110825
0.109923
0.109149
0.108359
0.107558
0.106717
0.105873
0.105145
0.104292
0.103424
0.102559
0.101702
0.100994
0.100113
0.099304
0.098545
0.097768
0.096987
0.096049
0.095359
0.094601
0.093726
0.092907
0.092155
0.091389
0.090613
0.089892
0.089078
0.088492
0.087621
0.086960
0.086234
0.085363
0.084807
0.084241
0.083484
0.082869
0.082226
0.081542
0.080865
0.080357
0.079578
0.078919
0.078265
0.077665
0.077088
0.076354
0.075820
0.075208
0.074571
0.073983
0.073429
0.072829
0.072195
0.071771
0.071271
0.070568
0.069978
0.069454
0.068981
0.068458
0.067999
0.067413
0.066880
0.066370
0.065879
0.065319
0.064810
0.064468
0.064173
0.063686
0.063333
0.062795
0.062371
0.062004
0.061454
0.061103
0.060706
0.060212
0.059811
0.059277
0.058843
0.058503
0.058220
0.057641
0.057329
0.056956
0.056543
0.056240
0.055825
0.055476
0.055140
0.054764
0.054520
0.054069
0.053815
0.053544
0.053129
0.052764
0.052559
0.052317
0.052081
0.051847
0.051492
0.051264
0.050997
0.050698
0.050404
0.050168
0.049882
0.049697
0.049364
0.049138
0.048934
0.048708
0.048503
0.048165
0.047934
0.047757
0.047516
0.047339
0.047091
0.046836
0.046612
0.046422
0.046264
0.046113
0.045906
0.045717
0.045511
0.045369
0.045257
0.045054
0.044877
0.044791
0.044600
0.044365
0.044209
0.044086
0.043953
0.043860
0.043692
0.043470
0.043422
0.043153
0.043097
0.042848
0.042716
0.042517
0.042486
0.042442
0.042281
0.042147
0.042028
0.041874
0.041732
0.041628
0.041469
0.041385
0.041310
0.041158
0.041064
0.040997
0.040800
0.040690
0.040668
0.040433
0.040421
0.040351
0.040295
0.040138
0.040128
0.039925
0.039787
0.039584
0.039489
0.039404
0.039357
0.039171
0.039124
0.039003
0.038980
0.038887
0.038831
0.038690
0.038701
0.038604
0.038540
0.038456
0.038266
0.038230
0.038076
0.038096
0.037968
0.037867
0.037736
0.037717
0.037671
0.037605
0.037510
0.037524
0.037408
0.037372
0.037276
0.037159
0.037136
0.036973
0.036923
0.036880
0.036766
0.036766
0.036774
0.036683
0.036572
0.036447
0.036402
0.036350
0.036242
0.036181
0.036097
0.036103
0.036070
0.035979
0.035940
0.035921
0.035816
0.035811
0.035825
0.035760
0.035721
0.035660
0.035601
0.035619
0.035431
0.035406
0.035417
0.035328
0.035254
0.035192
0.035125
0.035132
0.035078
0.034982
0.034891
0.034843
0.034874
0.034828
0.034752
0.034651
0.034591
0.034604
0.034587
0.034551
0.034531
0.034419
0.034287
0.034261
0.034238
0.034179
0.034159
0.034146
0.034012
0.033948
0.033917
0.033823
0.033738
0.033674
0.033658
0.033669
0.033578
0.033541
0.033560
0.033437
0.033447
0.033398
0.033329
0.033245
0.033234
0.033271
0.033222
0.033177
0.033177
0.033116
0.032986
0.033002
0.033034
0.032925
0.032925
0.032903
0.032842
0.032764
0.032704
0.032732
0.032666
0.032603
0.032607
0.032608
0.032562
0.032504
0.032464
0.032497
0.032345
0.032285
0.032314
0.032321
0.032237
0.032202
0.032156
0.032110
0.032132
0.032164
0.032081
0.031967
0.031967
0.031976
0.032039
0.031892
0.031898
0.031931
0.031843
0.031786
0.031812
0.031739
0.031712
0.031627
0.031661
0.031665
0.031662
0.031572
0.031494
0.031468
0.031436
0.031408
0.031477
0.031468
0.031468
0.031398
0.031384
0.031278
0.031236
0.031236
0.031210
0.031210
0.031172
0.031134
0.031134
0.031039
0.031032
0.031090
0.031040
0.030985
0.030948
0.030982
0.030978
0.030941
0.030774
0.030724
0.030737
0.030707
0.030735
0.030700
0.030645
0.030603
0.030599
0.030514
0.030428
0.030428
0.030389
0.030424
0.030388
0.030361
0.030290
0.030290
0.030289
0.030281
0.030222
0.030098
0.030100
0.030057
0.030013
0.029989
0.030036
0.029930
0.029936
0.029936
0.029913
0.029913
0.029876
0.029791
0.029820
0.029836
0.029836
0.029836
0.029836
0.029786
0.029699
0.029699
0.029699
0.029662
0.029651
0.029626
0.029637
0.029603
0.029574
0.029556
0.029599
0.029607
0.029649
0.029658
0.029597
0.029579
0.029590
0.029554
0.029554
0.029538
0.029521
0.029558
0.029534
0.029534
0.029487
0.029472
0.029373
0.029371
0.029373
0.029373
0.029359
0.029359
0.029359
0.029308
0.029308
0.029332
0.029294
0.029269
0.029269
0.029269
0.029222
0.029186
0.029186
0.029186
0.029186
0.029151
0.029141
0.029104
0.029104
0.029141
0.029117
0.029047
0.028997
0.028980
0.028973
0.028967
0.028932
0.028919
0.028914
0.028846
0.028846
0.028843
0.028843
0.028842
0.028874
0.028839
0.028838
0.028803
0.028781
0.028765
0.028689
0.028689
0.028689
0.028689
0.028688
0.028686
0.028686
0.028638
0.028617
0.028545
0.028545
0.028544
0.028544
0.028509
0.028509
0.028509
0.028510
0.028510
0.028471
0.028427
0.028427
0.028427
0.028395
0.028395
0.028395
0.028404
0.028408
0.028419
0.028446
0.028433
0.028433
0.028409
0.028373
0.028373
0.028388
0.028364
0.028329
0.028340
0.028340
0.028408
0.028408
0.028408
0.028355
0.028367
0.028286
0.028286
0.028295
0.028295
0.028308
0.028274
0.028274
0.028303
0.028349
0.028349
0.028349
0.028304
0.028304
0.028339
0.028364
0.028364
0.028364
0.028343
0.028302
0.028317
0.028284
0.028251
0.028244
0.028244
0.028244
0.028208
0.028174
0.028174
0.028104
0.028095
0.028017
0.028025
0.028019
0.028019
0.027981
0.027942
0.027972
0.027988
0.027985
0.027940
0.027937
0.027900
0.027902
0.027900
0.027900
0.027900
0.027899
0.027899
0.027874
0.027874
0.027879
0.027879
0.027879
0.027879
0.027884
0.027884
0.027884
0.027801
0.027801
0.027823
0.027823
0.027823
0.027823
0.027823
0.027823
0.027852
0.027807
0.027807
0.027793
0.027758
0.027758
0.027781
0.027791
0.027795
0.027757
0.027763
0.027771
0.027795
0.027803
0.027812
0.027850
0.027793
0.027790
0.027771
0.027782
0.027782
0.027741
0.027787
0.027787
0.027814
0.027826
0.027826
0.027781
0.027781
0.027781
0.027823
0.027823
0.027823
0.027741
0.027741
0.027741
0.027696
0.027726
0.027736
0.027736
0.027749
0.027714
0.027714
0.027748
0.027778
0.027778
0.027734
0.027734
0.027696
0.027696
0.027696
0.027696
0.027686
0.027616
0.027606
0.027590
0.027539
0.027533
0.027533
0.027559
0.027554
0.027550
0.027550
0.027547
0.027547
0.027544
0.027544
0.027465
0.027458
0.027425
0.027394
0.027393
0.027393
0.027393
0.027393
0.027384
0.027384
0.027418
0.027375
0.027375
0.027375
0.027375
0.027302
0.027302
0.027288
0.027289
0.027324
0.027324
0.027324
0.027324
0.027281
0.027281
0.027281
0.027251
0.027251
0.027218
0.027218
0.027254
0.027263
0.027268
0.027278
0.027284
0.027308
0.027266
0.027267
0.027275
0.027275
0.027253
0.027263
0.027263
0.027311
0.027311
0.027311
0.027323
0.027323
0.027323
0.027304
0.027304
0.027233
0.027233
0.027233
0.027246
0.027238
0.027238
0.027277
0.027277
0.027277
0.027277
0.027216
0.027255
0.027255
0.027268
0.027268
0.027268
0.027268
0.027228
0.027221
0.027221
0.027193
0.027193
0.027193
0.027193
0.027193
0.027193
0.027202
0.027161
0.027114
0.027081
0.027069
0.027069
0.027064
0.027091
0.027086
0.027121
0.027041
0.027041
0.027012
0.027051
0.027051
0.027049
0.027049
0.027009
0.027008
0.027008
0.026983
0.026983
0.026983
0.026983
0.026949
0.026949
0.026949
0.026949
0.026925
0.026959
0.026959
0.026959
0.026960
0.026960
0.026960
0.026922
0.026865
0.026835
0.026878
0.026878
0.026878
0.026878
0.026878
0.026878
0.026866
0.026870
0.026881
0.026887
0.026894
0.026894
0.026902
0.026877
0.026857
0.026867
0.026837
0.026837
0.026848
0.026831
0.026831
0.026856
0.026823
0.026823
0.026835
0.026835
0.026835
0.026835
0.026835
0.026817
0.026830
0.026830
0.026794
0.026794
0.026794
0.026794
0.026794
0.026777
0.026740
0.026754
0.026791
0.026791
0.026791
0.026791
0.026761
0.026745
0.026745
0.026745
0.026743
0.026743
0.026667
0.026667
0.026653
0.026582
0.026610
0.026594
0.026587
0.026580
0.026580
0.026575
0.026557
0.026553
0.026553
0.026512
0.026512
0.026510
0.026510
0.026498
0.026496
0.026533
0.026533
0.026532
0.026532
0.026532
0.026532
0.026560
0.026523
0.026523
0.026523
0.026523
0.026523
0.026475
0.026428
0.026425
0.026425
0.026458
0.026458
0.026458
0.026458
0.026389
0.026419
0.026419
0.026419
0.026419
0.026389
0.026389
0.026389
0.026392
0.026433
0.026467
0.026473
0.026443
0.026379
0.026387
0.026433
0.026428
0.026406
0.026416
0.026416
0.026426
0.026426
0.026462
0.026470
0.026470
0.026502
0.026514
0.026475
0.026475
0.026475
0.026472
0.026485
0.026485
0.026485
0.026485
0.026453
0.026453
0.026453
0.026453
0.026484
0.026484
0.026498
0.026498
0.026498
0.026499
0.026499
0.026499
0.026499
0.026499
0.026499
0.026499
0.026501
0.026501
0.026501
0.026501
0.026431
0.026421
0.026405
0.026402
0.026395
0.026395
0.026351
0.026346
0.026342
0.026309
0.026311
0.026311
0.026277
0.026277
0.026247
0.026245
0.026278
0.026284
0.026313
0.026313
0.026313
0.026313
0.026280
0.026258
0.026225
0.026272
0.026272
0.026272
0.026272
0.026272
0.026314
0.026314
0.026315
0.026315
0.026315
0.026315
0.026292
0.026292
0.026292
0.026292
0.026292
0.026294
0.026294
0.026306
0.026315
0.026319
0.026290
0.026297
0.026304
0.026317
0.026325
0.026333
0.026333
0.026342
0.026352
0.026367
0.026377
0.026377
0.026377
0.026389
0.026397
0.026412
0.026424
0.026424
0.026424
0.026424
0.026441
0.026499
0.026499
0.026499
0.026499
0.026499
0.026517
0.026517
0.026517
0.026555
0.026555
0.026587
0.026587
0.026587
0.026587
0.026587
0.026510
0.026530
0.026530
0.026530
0.026530
0.026530
0.026530
0.026551
0.220879
0.220858
0.220800
0.220783
0.220776
0.220770
0.220770
0.220764
0.220759
0.220717
0.220618
0.220416
0.220162
0.219926
0.219678
0.219469
0.219212
0.218965
0.218766
0.218511
0.218233
0.217985
0.217730
0.217513
0.217265
0.217011
0.216795
0.216540
0.216292
0.216038
0.215790
0.215541
0.215263
0.215009
0.214761
0.214506
0.214308
0.214015
0.213767
0.213513
0.213265
0.213042
0.212826
0.212571
0.212286
0.212047
0.211797
0.211758
0.211626
0.211435
0.211230
0.210984
0.210745
0.210490
0.210252
0.210007
0.209784
0.209547
0.209342
0.209088
0.208852
0.208597
0.208343
0.208107
0.207853
0.207566
0.207319
0.207213
0.207120
0.206922
0.206667
0.206501
0.206246
0.205992
0.205744
0.205490
0.205235
0.204987
0.204845
0.204641
0.204442
0.204188
0.203940
0.203686
0.203481
0.203244
0.202990
0.202792
0.202537
0.202339
0.202085
0.201767
0.201553
0.201282
0.201027
0.200816
0.200568
0.200358
0.200105
0.199846
0.199648
0.199390
0.199192
0.198942
0.198687
0.198489
0.198161
0.197963
0.197709
0.197509
0.197244
0.197039
0.196862
0.196685
0.196479
0.196232
0.195949
0.195744
0.195513
0.195314
0.194988
0.194741
0.194542
0.194324
0.194126
0.193878
0.193630
0.193425
0.193178
0.192930
0.192732
0.192484
0.192286
0.192032
0.191825
0.191627
0.191418
0.191261
0.191038
0.190762
0.190565
0.190317
0.190090
0.189863
0.189615
0.189341
0.189154
0.188906
0.188670
0.188472
0.188258
0.188029
0.187794
0.187547
0.187362
0.187114
0.186867
0.186669
0.186421
0.186187
0.185989
0.185774
0.185526
0.185392
0.185144
0.184864
0.184641
0.184394
0.184235
0.184001
0.183791
0.183657
0.183456
0.183241
0.183043
0.182803
0.182519
0.182321
0.182090
0.181843
0.181645
0.181398
0.181084
0.180877
0.180612
0.180358
0.180128
0.179888
0.179635
0.179432
0.179181
0.179016
0.178773
0.178526
0.178325
0.178044
0.177797
0.177605
0.177358
0.177111
0.176912
0.176665
0.176426
0.176191
0.175944
0.175625
0.175428
0.175188
0.174941
0.174744
0.174497
0.174258
0.174060
0.173813
0.173603
0.173449
0.173210
0.172996
0.172798
0.172551
0.172313
0.172079
0.171832
0.171632
0.171435
0.171174
0.170927
0.170775
0.170581
0.170345
0.170126
0.169886
0.169640
0.169398
0.169160
0.168914
0.168764
0.168528
0.168282
0.168089
0.167834
0.167587
0.167365
0.167118
0.166905
0.166720
0.166482
0.166236
0.166039
0.165792
0.165559
0.165362
0.165151
0.164913
0.164716
0.164470
0.164223
0.164028
0.163852
0.163602
0.163405
0.163167
0.162921
0.162724
0.162445
0.162199
0.162002
0.161756
0.161504
0.161307
0.161027
0.160781
0.160511
0.160256
0.160001
0.159847
0.159588
0.159342
0.159140
0.158889
0.158643
0.158442
0.158156
0.157877
0.157644
0.157398
0.157152
0.156953
0.156707
0.156462
0.156298
0.156085
0.155839
0.155584
0.155388
0.155142
0.154863
0.154632
0.154386
0.154141
0.154012
0.153766
0.153520
0.153324
0.153078
0.152867
0.152661
0.152416
0.152170
0.151974
0.151694
0.151435
0.151236
0.150991
0.150773
0.150576
0.150331
0.150048
0.149812
0.149620
0.149369
0.149121
0.148920
0.148723
0.148486
0.148250
0.148004
0.147808
0.147573
0.147328
0.147094
0.146838
0.146545
0.146345
0.146098
0.145820
0.145577
0.145365
0.145133
0.144888
0.144669
0.144470
0.144274
0.144029
0.143774
0.143578
0.143333
0.143055
0.142811
0.142605
0.142374
0.142129
0.141927
0.141682
0.141437
0.141192
0.140986
0.140742
0.140497
0.140301
0.140046
0.139755
0.139410
0.139142
0.138843
0.138582
0.138413
0.138126
0.137839
0.137684
0.137435
0.137180
0.136897
0.136698
0.136453
0.136196
0.136000
0.135755
0.135509
0.135303
0.135058
0.134780
0.134535
0.134329
0.134085
0.133840
0.133644
0.133389
0.133145
0.132983
0.132739
0.132484
0.132288
0.132011
0.131766
0.131512
0.131317
0.131070
0.130826
0.130620
0.130376
0.130132
0.129936
0.129692
0.129387
0.129151
0.128907
0.128663
0.128368
0.128214
0.127946
0.127708
0.127520
0.127265
0.127030
0.126843
0.126599
0.126365
0.126147
0.125893
0.125697
0.125454
0.125259
0.125027
0.124746
0.124539
0.124342
0.124098
0.123904
0.123660
0.123417
0.123235
0.123029
0.122774
0.122531
0.122336
0.122093
0.121850
0.121589
0.121345
0.121102
0.120921
0.120667
0.120423
0.120229
0.119986
0.119743
0.119549
0.119306
0.119063
0.118820
0.118626
0.118420
0.118177
0.117912
0.117660
0.117401
0.117188
0.116902
0.116659
0.116460
0.116212
0.115966
0.115723
0.115563
0.115321
0.115076
0.114882
0.114640
0.114396
0.114202
0.113960
0.113717
0.113523
0.113282
0.113040
0.112800
0.112606
0.112364
0.112123
0.111929
0.111688
0.111446
0.111253
0.111011
0.110802
0.110610
0.110371
0.110130
0.109901
0.109708
0.109467
0.109176
0.108983
0.108742
0.108501
0.108309
0.108068
0.107827
0.107644
0.107407
0.107177
0.106970
0.106737
0.106461
0.106229
0.106045
0.105754
0.105491
0.105323
0.105083
0.104853
0.104661
0.104421
0.104225
0.104034
0.103794
0.103566
0.103374
0.103135
0.102863
0.102593
0.102414
0.102175
0.101950
0.101759
0.101520
0.101280
0.101089
0.100850
0.100659
0.100468
0.100243
0.100052
0.099813
0.099662
0.099423
0.099232
0.098994
0.098803
0.098613
0.098375
0.098184
0.097946
0.097685
0.097438
0.097231
0.096986
0.096825
0.096587
0.096391
0.096197
0.095924
0.095730
0.095490
0.095300
0.095060
0.094871
0.094634
0.094462
0.094225
0.094036
0.093798
0.093609
0.093372
0.093167
0.092930
0.092706
0.092517
0.092265
0.092076
0.091840
0.091635
0.091434
0.091181
0.090993
0.090757
0.090553
0.090317
0.090112
0.089825
0.089636
0.089384
0.089196
0.088944
0.088739
0.088504
0.088299
0.088047
0.087877
0.087634
0.087404
0.087209
0.086929
0.086731
0.086479
0.086282
0.086039
0.085843
0.085592
0.085379
0.085128
0.084921
0.084723
0.084471
0.084231
0.083979
0.083774
0.083517
0.083312
0.083061
0.082838
0.082587
0.082377
0.082125
0.081941
0.081672
0.081467
0.081198
0.080975
0.080733
0.080463
0.080254
0.079985
0.079780
0.079511
0.079289
0.079066
0.078835
0.078613
0.078390
0.078121
0.077899
0.077676
0.077407
0.077077
0.076845
0.076560
0.076330
0.076084
0.075862
0.075587
0.075398
0.075176
0.074932
0.074707
0.074438
0.074196
0.073974
0.073752
0.073473
0.073251
0.073028
0.072741
0.072519
0.072318
0.072096
0.071874
0.071635
0.071414
0.071175
0.070953
0.070715
0.070493
0.070255
0.070033
0.069795
0.069574
0.069336
0.069115
0.068877
0.068703
0.068466
0.068279
0.068074
0.067792
0.067590
0.067384
0.067148
0.066860
0.066648
0.066416
0.066206
0.065976
0.065809
0.065574
0.065361
0.065151
0.064930
0.064739
0.064529
0.064357
0.064097
0.063862
0.063689
0.063498
0.063313
0.063061
0.062853
0.062583
0.062363
0.062130
0.061910
0.061738
0.061473
0.061253
0.061020
0.060801
0.060581
0.060349
0.060135
0.059930
0.059697
0.059533
0.059314
0.059055
0.058836
0.058618
0.058399
0.058168
0.057949
0.057683
0.057464
0.057272
0.057078
0.056860
0.056572
0.056344
0.056062
0.055837
0.055613
0.055395
0.055172
0.054950
0.054680
0.054462
0.054242
0.054025
0.053756
0.053539
0.053287
0.053019
0.052813
0.052597
0.052330
0.052114
0.051908
0.051643
0.051426
0.051210
0.050955
0.050739
0.050484
0.050268
0.050053
0.049798
0.049582
0.049327
0.049112
0.048858
0.048652
0.048387
0.048168
0.047904
0.047698
0.047443
0.047229
0.047008
0.046803
0.046548
0.046342
0.046087
0.045886
0.045642
0.045393
0.045195
0.044940
0.044742
0.044496
0.044290
0.044044
0.043800
0.043594
0.043350
0.043144
0.042890
0.042646
0.042449
0.042194
0.041952
0.041746
0.041491
0.041245
0.041039
0.040797
0.040601
0.040346
0.040149
0.039943
0.039689
0.039492
0.039286
0.039089
0.038884
0.038700
0.038504
0.038298
0.038102
0.037945
0.037749
0.037552
0.037396
0.037199
0.037052
0.036846
0.036699
0.036482
0.036277
0.036104
0.035950
0.035796
0.035650
0.035487
0.035336
0.035189
0.035038
0.034888
0.034742
0.034582
0.034485
0.034339
0.034191
0.034093
0.033947
0.033849
0.033692
0.033594
0.033449
0.033352
0.033206
0.033109
0.033012
0.032916
0.032758
0.032661
0.032565
0.032468
0.032372
0.032276
0.032180
0.032084
0.031988
0.031892
0.031782
0.031686
0.031590
0.031495
0.031373
0.031325
0.031230
0.031134
0.031039
0.031001
0.030910
0.030810
0.030769
0.030681
0.030634
0.030547
0.030509
0.030424
0.030377
0.030293
0.030246
0.030146
0.030099
0.030006
0.029970
0.029924
0.029831
0.029796
0.029750
0.029685
0.029592
0.029546
0.029513
0.029467
0.029374
0.029329
0.029283
0.029217
0.029172
0.029126
0.029080
0.029048
0.029003
0.028957
0.028912
0.028846
0.028801
0.028755
0.028710
0.028665
0.028621
0.028576
0.028509
0.028465
0.028350
0.028296
0.028235
0.028184
0.028155
0.028111
0.028061
0.028012
0.027968
0.027964
0.027894
0.027882
0.027836
0.027829
0.027797
0.027751
0.027684
0.027684
0.027640
0.027596
0.027596
0.027529
0.027486
0.027518
0.027475
0.027432
0.027432
0.027365
0.027322
0.027290
0.027248
0.027248
0.027180
0.027180
0.027138
0.027096
0.027128
0.027060
0.027060
0.027019
0.027019
0.026980
0.026953
0.026912
0.026880
0.026848
0.026852
0.026794
0.026800
0.026766
0.026799
0.026806
0.026747
0.026747
0.026715
0.026725
0.026725
0.026668
0.026636
0.026595
0.026607
0.026607
0.026539
0.026583
0.026543
0.026543
0.026543
0.026475
0.026488
0.026488
0.026448
0.026420
0.026420
0.026380
0.026380
0.026380
0.026313
0.026313
0.026326
0.026326
0.026286
0.026259
0.026259
0.026219
0.026219
0.026219
0.026192
0.026152
0.026152
0.026152
0.026126
0.025989
