2.257792
2.127301
2.014119
1.945098
1.914580
1.904907
1.903096
1.902902
1.902811
1.902651
1.902041
1.901356
1.900307
1.898869
1.897608
1.895699
1.893995
1.892575
1.890642
1.888195
1.886009
1.884282
1.882410
1.880487
1.878879
1.876861
1.875272
1.873752
1.871431
1.869901
1.868239
1.865428
1.863617
1.861532
1.859745
1.857975
1.855809
1.854242
1.852459
1.850480
1.848178
1.845634
1.843444
1.841335
1.839156
1.837492
1.835782
1.835060
1.834789
1.835182
1.835851
1.836521
1.836338
1.835442
1.833607
1.831061
1.827838
1.823988
1.819507
1.815164
1.810608
1.805384
1.800935
1.797310
1.795152
1.793683
1.791635
1.788899
1.785642
1.781726
1.778187
1.774771
1.771225
1.767085
1.763427
1.759871
1.756420
1.753169
1.749592
1.745910
1.741998
1.737665
1.733410
1.729232
1.725766
1.723237
1.720756
1.718485
1.717136
1.716137
1.715000
1.713193
1.710951
1.708176
1.704991
1.701626
1.697867
1.694196
1.690320
1.686351
1.681829
1.677001
1.672761
1.668805
1.665105
1.661563
1.658138
1.654514
1.650932
1.647242
1.643711
1.640154
1.636362
1.632457
1.628857
1.624973
1.621128
1.617333
1.613744
1.610751
1.607889
1.605833
1.603335
1.601081
1.599899
1.598345
1.596533
1.594316
1.592121
1.589338
1.586224
1.582704
1.579011
1.575238
1.571578
1.568035
1.565274
1.562214
1.559032
1.556347
1.553825
1.551504
1.549079
1.546842
1.544864
1.543045
1.540969
1.539053
1.536797
1.534062
1.531092
1.527906
1.524392
1.520858
1.517451
1.513956
1.510753
1.507495
1.504297
1.501416
1.498681
1.495550
1.492491
1.489777
1.487296
1.484603
1.482322
1.480138
1.477910
1.475933
1.473418
1.470410
1.467710
1.464338
1.460750
1.457366
1.454063
1.450575
1.447645
1.444829
1.441866
1.438507
1.435286
1.432410
1.429716
1.427455
1.425489
1.423583
1.421988
1.420113
1.418187
1.416264
1.413982
1.411307
1.408557
1.405304
1.401870
1.398283
1.394852
1.391367
1.387974
1.384808
1.381663
1.378938
1.375996
1.373190
1.370460
1.367619
1.364858
1.361795
1.358949
1.356437
1.354080
1.351996
1.350082
1.348221
1.346583
1.344584
1.342511
1.340139
1.337359
1.334546
1.331594
1.328550
1.325541
1.322474
1.319643
1.316654
1.313882
1.311005
1.308189
1.305954
1.303585
1.301542
1.299486
1.297470
1.295426
1.292758
1.289934
1.287016
1.283919
1.280707
1.277644
1.274579
1.271662
1.268440
1.265285
1.262139
1.259063
1.256031
1.252857
1.249619
1.246432
1.243513
1.240779
1.238385
1.235816
1.233469
1.231210
1.228742
1.226176
1.223115
1.219987
1.216574
1.213291
1.209959
1.206559
1.203245
1.199858
1.196444
1.193530
1.190365
1.187068
1.183720
1.180402
1.177049
1.173721
1.170525
1.167196
1.163987
1.161214
1.158557
1.156027
1.153475
1.151101
1.148629
1.145980
1.143017
1.140131
1.137305
1.134596
1.132319
1.129838
1.127612
1.125281
1.122561
1.119789
1.117063
1.114032
1.111069
1.108303
1.105928
1.103566
1.101255
1.099249
1.097096
1.094844
1.092404
1.089665
1.086508
1.083026
1.079587
1.075874
1.072187
1.068637
1.064773
1.061297
1.057955
1.054386
1.050884
1.047940
1.044741
1.041936
1.038947
1.035838
1.032831
1.029788
1.026750
1.023610
1.020935
1.018014
1.015289
1.012801
1.010387
1.008116
1.005891
1.003553
1.001139
0.998683
0.995811
0.992980
0.990066
0.987268
0.984103
0.981055
0.978019
0.975358
0.972521
0.969620
0.966849
0.964228
0.961626
0.959410
0.957237
0.955135
0.952811
0.950623
0.948321
0.945709
0.943102
0.940409
0.937886
0.935406
0.932963
0.930986
0.928526
0.926037
0.923752
0.921146
0.918772
0.916283
0.913896
0.911434
0.909364
0.907166
0.905158
0.902793
0.900500
0.897903
0.895679
0.893272
0.891078
0.888908
0.886932
0.885015
0.883019
0.880991
0.878719
0.876434
0.874425
0.872258
0.870249
0.868202
0.866185
0.864127
0.862113
0.860086
0.857894
0.855851
0.854111
0.852311
0.850440
0.848696
0.846652
0.844664
0.842727
0.840898
0.839024
0.837117
0.835015
0.833043
0.831026
0.829013
0.826977
0.824899
0.822994
0.820891
0.818842
0.816783
0.815154
0.813007
0.810753
0.808602
0.806565
0.804488
0.802512
0.800470
0.798373
0.796343
0.794308
0.792325
0.790014
0.788026
0.786048
0.783910
0.781850
0.780157
0.778218
0.776175
0.773974
0.772138
0.770214
0.768001
0.765977
0.763904
0.762119
0.760386
0.758001
0.755918
0.753945
0.752308
0.750127
0.748172
0.746355
0.744744
0.742877
0.740656
0.738514
0.736651
0.734697
0.732639
0.730824
0.728811
0.726698
0.724416
0.722730
0.720752
0.718697
0.717037
0.714832
0.712932
0.711207
0.708863
0.706631
0.704673
0.702795
0.700818
0.698385
0.696539
0.695084
0.693268
0.691286
0.689499
0.687568
0.685777
0.683585
0.681151
0.679327
0.677847
0.676126
0.674185
0.672007
0.669708
0.667622
0.665893
0.664081
0.662252
0.660479
0.658043
0.655840
0.653544
0.651506
0.649787
0.647889
0.646098
0.644058
0.641948
0.639921
0.637936
0.636061
0.634458
0.632476
0.630894
0.629075
0.627080
0.625261
0.623331
0.621440
0.619597
0.617894
0.616149
0.614380
0.612581
0.610720
0.608901
0.607165
0.605679
0.604416
0.603169
0.601689
0.600387
0.598977
0.597576
0.596026
0.594454
0.593092
0.591798
0.590832
0.589625
0.588250
0.586621
0.584954
0.583424
0.581936
0.580423
0.579379
0.578319
0.577096
0.575504
0.573877
0.572202
0.570652
0.569259
0.568224
0.567049
0.566009
0.564671
0.563343
0.561795
0.560302
0.559050
0.557828
0.556587
0.555213
0.553604
0.551814
0.550046
0.548664
0.547239
0.546383
0.545467
0.544274
0.542905
0.541281
0.539749
0.538607
0.537429
0.536462
0.535067
0.533613
0.532143
0.530826
0.529449
0.527926
0.526243
0.525229
0.524157
0.522825
0.521677
0.520674
0.519466
0.518337
0.517225
0.516089
0.515000
0.513966
0.512784
0.511840
0.510962
0.510026
0.508898
0.507740
0.506712
0.505690
0.504467
0.503430
0.502508
0.501407
0.500265
0.499211
0.498095
0.497015
0.495920
0.494708
0.493448
0.492321
0.491257
0.490140
0.488995
0.487932
0.486813
0.485641
0.484458
0.483342
0.482098
0.480938
0.479681
0.478403
0.477279
0.476120
0.474852
0.473640
0.472500
0.471354
0.470132
0.468793
0.467636
0.466409
0.465122
0.463860
0.462661
0.461353
0.460131
0.459029
0.457909
0.456774
0.455582
0.454519
0.453453
0.452346
0.451245
0.450249
0.449167
0.448048
0.446904
0.445975
0.445012
0.443880
0.442772
0.441660
0.440516
0.439536
0.438515
0.437318
0.436248
0.435132
0.434126
0.432902
0.431883
0.430875
0.429826
0.428641
0.427701
0.426665
0.425715
0.424689
0.423817
0.422852
0.421713
0.420735
0.419892
0.418833
0.417861
0.416730
0.415985
0.414931
0.414049
0.412983
0.412175
0.411128
0.410219
0.409223
0.408358
0.407306
0.406424
0.405504
0.404478
0.403603
0.402586
0.401647
0.400807
0.399850
0.399013
0.398081
0.397099
0.396233
0.395360
0.394439
0.393545
0.392639
0.391587
0.390767
0.389972
0.389029
0.388074
0.387342
0.386373
0.385520
0.384810
0.383952
0.383038
0.382242
0.381319
0.380529
0.379812
0.378975
0.378140
0.377232
0.376393
0.375641
0.374854
0.374057
0.373154
0.372458
0.371675
0.370819
0.369998
0.369197
0.368362
0.367709
0.366883
0.366086
0.365268
0.364530
0.363734
0.362964
0.362113
0.361422
0.360586
0.359949
0.359134
0.358387
0.357536
0.356697
0.355961
0.355178
0.354429
0.353598
0.352826
0.352097
0.351248
0.350611
0.349949
0.349059
0.348280
0.347573
0.346705
0.345930
0.345191
0.344447
0.343711
0.342807
0.342081
0.341302
0.340462
0.339604
0.338838
0.338018
0.337248
0.336491
0.335673
0.334964
0.334177
0.333357
0.332672
0.331867
0.331235
0.330505
0.329630
0.328851
0.328139
0.327445
0.326593
0.325832
0.325049
0.324205
0.323485
0.322732
0.321962
0.321193
0.320404
0.319702
0.318814
0.318058
0.317315
0.316594
0.315738
0.314866
0.314187
0.313517
0.312729
0.311884
0.311070
0.310270
0.309446
0.308695
0.307983
0.307211
0.306420
0.305727
0.304913
0.304141
0.303410
0.302506
0.301785
0.301120
0.300359
0.299554
0.298860
0.298009
0.297331
0.296570
0.295744
0.295109
0.294391
0.293669
0.292933
0.292169
0.291471
0.290757
0.290120
0.289447
0.288684
0.287902
0.287249
0.286492
0.285781
0.285171
0.284273
0.283597
0.282945
0.282177
0.281506
0.280806
0.280168
0.279382
0.278836
0.278111
0.277438
0.276709
0.276067
0.275474
0.274831
0.274239
0.273584
0.273004
0.272534
0.271835
0.271410
0.270908
0.270366
0.269727
0.269174
0.268755
0.268140
0.267655
0.267101
0.266609
0.266126
0.265671
0.265134
0.264682
0.264198
0.263657
0.263222
0.262752
0.262349
0.261812
0.261329
0.260930
0.260447
0.259957
0.259616
0.259101
0.258662
0.258197
0.257741
0.257338
0.256889
0.256417
0.256020
0.255573
0.255137
0.254779
0.254411
0.253986
0.253519
0.253156
0.252805
0.252462
0.252032
0.251671
0.251289
0.250990
0.250498
0.250205
0.249855
0.249357
0.249097
0.248752
0.248405
0.248080
0.247610
0.247232
0.246833
0.246481
0.246198
0.245954
0.245473
0.245203
0.244925
0.244654
0.244327
0.244049
0.243710
0.243437
0.242975
0.242756
0.242449
0.242200
0.241958
0.241681
0.241419
0.241130
0.240875
0.240645
0.240373
0.240113
0.239889
0.239642
0.239360
0.239071
0.238908
0.238528
0.238365
0.238250
0.237939
0.237694
0.237451
0.237189
0.236925
0.236833
0.236575
0.236372
0.236141
0.236020
0.235740
0.235519
0.235256
0.235229
0.234888
0.234801
0.234657
0.234389
0.234207
0.234068
0.233884
0.233737
0.233602
0.233348
0.233226
0.233027
0.232934
0.232757
0.232596
0.232388
0.232250
0.232101
0.232064
0.231791
0.231684
0.231540
0.231442
0.231269
0.231126
0.231010
0.230964
0.230829
0.230636
0.230575
0.230401
0.230382
0.230258
0.230075
0.229892
0.229873
0.229708
0.229610
0.229553
0.229447
0.229285
0.229227
0.229012
0.228922
0.228942
0.228807
0.228645
0.228514
0.228476
0.228269
0.228208
0.228004
0.227920
0.227825
0.227721
0.227539
0.227412
0.227376
0.227173
0.227045
0.226863
0.226759
0.226466
0.226379
0.226175
0.226151
0.225921
0.225770
0.225595
0.225576
0.225375
0.225156
0.225148
0.225097
0.224858
0.224883
0.224726
0.224579
0.224540
0.224364
0.224212
0.224260
0.224299
0.224227
0.224316
0.224353
0.224256
0.224405
0.224348
0.224244
0.224229
0.224264
0.224211
0.224359
0.224353
0.224303
0.224332
0.224352
0.224297
0.224365
0.224340
0.224373
0.224350
0.224320
0.224320
0.224272
0.224342
0.224366
0.224311
0.224225
0.224055
0.223818
0.223524
0.223353
0.223269
0.223037
0.222933
0.222883
0.222789
0.222554
0.222527
0.222384
0.222230
0.221950
0.221615
0.221331
0.221060
0.220639
0.220305
0.220075
0.219777
0.219436
0.219118
0.218806
0.218481
0.218172
0.217904
0.217642
0.217302
0.217047
0.216733
0.216390
0.216008
0.215772
0.215425
0.215211
0.214914
0.214647
0.214344
0.213994
0.213699
0.213413
0.213188
0.212785
0.212449
0.212191
0.211966
0.211585
0.211348
0.211061
0.210794
0.210531
0.210159
0.209842
0.209552
0.209206
0.209022
0.208703
0.208397
0.208145
0.207823
0.207531
0.207218
0.206972
0.206608
0.206254
0.206038
0.205743
0.205555
0.205265
0.204917
0.204731
0.204436
0.204127
0.203789
0.203591
0.203337
0.203024
0.202712
0.202444
0.202168
0.201806
0.201663
0.201344
0.201131
0.200787
0.200581
0.200251
0.200039
0.199741
0.199403
0.199103
0.198945
0.198758
0.198422
0.198200
0.197889
0.197680
0.197440
0.197129
0.196833
0.196589
0.196339
0.196132
0.195859
0.195617
0.195349
0.195096
0.194851
0.194512
0.194298
0.194114
0.193830
0.193595
0.193362
0.193017
0.192814
0.192516
0.192281
0.192037
0.191757
0.191541
0.191297
0.191105
0.190898
0.190688
0.190455
0.190200
0.189953
0.189748
0.189551
0.189299
0.189161
0.188942
0.188619
0.188434
0.188203
0.187984
0.187787
0.187641
0.187333
0.187194
0.187024
0.186813
0.186586
0.186402
0.186244
0.186107
0.185889
0.185657
0.185549
0.185337
0.185189
0.185024
0.184936
0.184651
0.184410
0.184307
0.184068
0.183839
0.183750
0.183566
0.183335
0.183174
0.183080
0.183035
0.182822
0.182692
0.182618
0.182423
0.182324
0.182191
0.182048
0.181831
0.181692
0.181543
0.181367
0.181234
0.181017
0.180885
0.180718
0.180619
0.180563
0.180480
0.180329
0.180146
0.179966
0.179848
0.179686
0.179589
0.179540
0.179363
0.179185
0.179156
0.179081
0.178949
0.178818
0.178697
0.178648
0.178484
0.178277
0.178145
0.178116
0.178012
0.177899
0.177793
0.177671
0.177539
0.177456
0.177331
0.177190
0.177049
0.176960
0.176878
0.176753
0.176670
0.176637
0.176517
0.176467
0.176407
0.176287
0.176259
0.176141
0.176049
0.175968
0.175840
0.175786
0.175666
0.175615
0.175539
0.175418
0.175332
0.175283
0.175233
0.175106
0.175031
0.175050
0.175070
0.174949
0.174826
0.174776
0.174759
0.174673
0.174549
0.174429
0.174469
0.174384
0.174324
0.174333
0.174278
0.174195
0.174160
0.174096
0.174009
0.174016
0.173957
0.173839
0.173844
0.173776
0.173701
0.173658
0.173574
0.173525
0.173437
0.173386
0.173355
0.173281
0.173274
0.173157
0.173080
0.173033
0.172991
0.172955
0.172815
0.172768
0.172752
0.172690
0.172678
0.172643
0.172611
0.172570
0.172486
0.172399
0.172415
0.172336
0.172372
0.172282
0.172227
0.172145
0.172145
0.172120
0.172046
0.172046
0.172041
0.171993
0.171983
0.171983
0.171902
0.171852
0.171889
0.171813
0.171804
0.171739
0.171725
0.171684
0.171609
0.171615
0.171640
0.171534
0.171564
0.171495
0.171495
0.171523
0.171485
0.171408
0.171408
0.171372
0.171333
0.171362
0.171347
0.171309
0.171349
0.171314
0.171298
0.171267
0.171231
0.171158
0.171234
0.171199
0.171202
0.171142
0.171135
0.171135
0.171103
0.171035
0.171082
0.171088
0.171123
0.171130
0.171130
0.171127
0.171059
0.171074
0.171041
0.171041
0.171039
0.171008
0.170975
0.170937
0.170979
0.171015
0.170961
0.170961
0.170975
0.170942
0.170942
0.170905
0.170905
0.170907
0.170942
0.170942
0.170823
0.170842
0.170925
0.170949
0.170970
0.170973
0.170974
0.170974
0.171010
0.170941
0.170918
0.170918
0.170887
0.170887
0.170852
0.170892
0.170950
0.170950
0.170914
0.170905
0.170826
0.170826
0.170838
0.170874
0.170874
0.170914
0.170852
0.170851
0.170818
0.170818
0.170796
0.170785
0.170827
0.170827
0.170827
0.170868
0.170835
0.170808
0.170814
0.170862
0.170756
0.170738
0.170748
0.170748
0.170713
0.170726
0.170762
0.170762
0.170757
0.170757
0.170792
0.170771
0.170739
0.170706
0.170766
0.170823
0.170808
0.170808
0.170777
0.170777
0.170741
0.170694
0.170695
0.170695
0.170622
0.170708
0.170730
0.170730
0.170661
0.170695
0.170730
0.170778
0.170742
0.170742
0.170786
0.170810
0.170737
0.170737
0.170772
0.170779
0.170711
0.170725
0.170725
0.170725
0.170692
0.170736
0.170736
0.170784
0.170789
0.170751
0.170798
0.170725
0.170699
0.170699
0.170734
0.170734
0.170814
0.170769
0.170769
0.170769
0.170769
0.170769
0.170750
0.170795
0.170724
0.170791
0.170791
0.170765
0.170765
0.170765
0.170765
0.170765
0.170766
0.170766
0.170766
0.170766
0.170746
0.170746
0.170731
0.170746
0.170709
0.170754
0.170687
0.170722
0.170699
0.170699
0.170711
0.170790
0.170757
0.170757
0.170801
0.170678
0.170751
0.170751
0.170716
0.170716
0.170714
0.170681
0.170615
0.170733
0.170768
0.170768
0.170700
0.170700
0.170720
0.170677
0.170677
0.170723
0.170723
0.170746
0.170745
0.170745
0.170662
0.170640
0.170676
0.170698
0.170745
0.170708
0.170702
0.170662
0.170627
0.170627
0.170648
0.170693
0.170616
0.170579
0.170699
0.170714
0.170608
0.170602
0.170580
0.170580
0.170580
0.170580
0.170580
0.170548
0.170595
0.170622
0.170622
0.170629
0.170553
0.170553
0.170569
0.170565
0.170565
0.170527
0.170527
0.170575
0.170575
0.170575
0.170537
0.170537
0.170567
0.170569
0.170558
0.170522
0.170485
0.170439
0.170456
0.170465
0.170430
0.170430
0.170360
0.170360
0.170392
0.170392
0.170401
0.170401
0.170399
0.170405
0.170325
0.170351
0.170387
0.170387
0.170356
0.170356
0.170385
0.170421
0.170421
0.170348
0.170311
0.170276
0.170311
0.170284
0.170239
0.170239
0.170230
0.170230
0.170121
0.170121
0.170196
0.170196
0.170105
0.170136
0.170174
0.170136
0.170136
0.170106
0.170106
0.170062
0.170062
0.170062
0.170042
0.170042
0.170085
0.170085
0.170024
0.169963
0.169975
0.169975
0.169975
0.169960
0.169916
0.169983
0.169948
0.169934
0.169963
0.169963
0.169928
0.169930
0.169917
0.169871
0.169836
0.169836
0.169865
0.169814
0.169779
0.169825
0.169860
0.169853
0.169817
0.169776
0.169803
0.169767
0.169764
0.169765
0.169776
0.169716
0.169751
0.169748
0.169709
0.169709
0.169744
0.169744
0.169630
0.169630
0.169703
0.169663
0.169629
0.169629
0.169624
0.169623
0.169587
0.169541
0.169575
0.169575
0.169500
0.169536
0.169541
0.169541
0.169563
0.169562
0.169561
0.169522
0.169436
0.169423
0.169423
0.169378
0.169388
0.169350
0.169314
0.169314
0.169305
0.169317
0.169235
0.169197
0.169233
0.169189
0.169154
0.169168
0.169204
0.169177
0.169056
0.169030
0.169065
0.169083
0.169048
0.169051
0.169009
0.169009
0.168925
0.168945
0.168981
0.168981
0.168951
0.168876
0.168911
0.168827
0.168850
0.168850
0.168856
0.168840
0.168768
0.168811
0.168781
0.168806
0.168806
0.168814
0.168848
0.168814
0.168697
0.168730
0.168759
0.168768
0.168768
0.168768
0.168768
0.168688
0.168655
0.168655
0.168660
0.168660
0.168660
0.168612
0.168599
0.168567
0.168567
0.168548
0.168548
0.168582
0.168535
0.168566
0.168566
0.168536
0.168550
0.168550
0.168503
0.168475
0.168475
0.168510
0.168510
0.168496
0.168496
0.168472
0.168484
0.168527
0.168527
0.168527
0.168518
0.168510
0.168483
0.168483
0.168483
0.168483
0.168483
0.168465
0.168421
0.168421
0.168421
0.168371
0.168444
0.168411
0.168433
0.168409
0.168442
0.168442
0.168409
0.168442
0.168405
0.168380
0.168374
0.168376
0.168380
0.168380
0.168417
0.168417
0.168380
0.168338
0.168399
0.168399
0.168362
0.168362
0.168399
0.168382
0.168346
0.168387
0.168413
0.168375
0.168375
0.168375
0.168375
0.168354
0.168314
0.168314
0.168314
0.168341
0.168326
0.168394
0.168394
0.168394
0.168388
0.168355
0.168355
0.168417
0.168398
0.168398
0.168398
0.168398
0.168360
0.168404
0.168392
0.168423
0.168423
0.168423
0.168423
0.168448
0.168448
0.168412
0.168412
0.168412
0.168444
0.168444
0.168489
0.168434
0.168425
0.168425
0.168465
0.168430
0.168464
0.168464
0.168464
0.168464
0.168497
0.168489
0.168489
0.168569
0.168531
0.168533
0.168570
0.168570
0.168526
0.168526
0.168563
0.168563
0.168526
0.168562
0.168599
0.168599
0.168577
0.168577
0.168577
0.168577
0.168603
0.168603
0.168641
0.168641
0.168636
0.168636
0.168636
0.168636
0.168639
0.168653
0.168653
0.168676
0.168725
0.168725
0.168653
0.168687
0.168687
0.168687
0.168687
0.168742
0.168698
0.168723
0.168723
0.168771
0.168771
0.168771
0.168771
0.168811
0.168811
0.168811
0.168811
0.168811
0.168774
0.168811
0.168785
0.168785
0.168822
0.168789
0.168826
0.168872
0.168869
0.168869
0.168872
0.168906
0.168911
0.168939
0.168939
0.168939
0.168916
0.168916
0.168916
0.168916
0.168916
0.169013
0.169013
0.169013
0.169014
0.169014
0.168979
0.169014
0.169014
0.169057
0.169022
0.169083
0.169083
0.169083
0.169048
0.169083
0.169116
0.169160
0.169092
0.169127
0.169160
0.169163
0.169128
0.169128
0.169163
0.169155
0.169127
0.169127
0.169125
0.169162
0.169127
0.169127
0.169125
0.169125
0.169127
0.169134
0.169133
0.169137
0.169139
0.169139
0.169137
0.169119
0.169121
0.169129
0.169198
0.169164
0.169129
0.169129
0.169198
0.169198
0.169129
0.169162
0.169198
0.169243
0.169208
0.169214
0.169233
0.169233
0.169198
0.169198
0.169233
0.169233
0.169185
0.169231
0.169267
0.169267
0.169231
0.169195
0.169230
0.169230
0.169180
0.169180
0.169215
0.169215
0.169180
0.169220
0.169289
0.169281
0.169253
0.169253
0.169322
0.169289
0.169239
0.169239
0.169308
0.169285
0.169216
0.169216
0.169285
0.169285
0.169216
0.169250
0.169249
0.169249
0.169180
0.169214
0.169249
0.169249
0.169251
0.169214
0.169296
0.169296
0.169333
0.169296
0.169331
0.169331
0.169333
0.169296
0.169331
0.169331
0.169333
0.169296
0.169331
0.169331
0.169333
0.169296
0.169293
0.169258
0.169259
0.169211
0.169280
0.169293
0.169258
0.169258
0.169327
0.169327
0.169258
0.169258
0.169327
0.169327
0.169225
0.169259
0.169294
0.169284
0.169249
0.169249
0.169331
0.169331
0.169296
0.169306
0.169341
0.169306
0.169271
0.169259
0.169295
0.169250
0.169250
0.169250
0.169286
0.169250
0.169297
0.169297
0.169333
0.169259
0.169259
0.169251
0.169286
0.169262
0.169262
0.169262
0.169296
0.169296
0.169262
0.169275
0.169308
0.169302
0.169268
0.169302
0.169265
0.169302
0.169234
0.169268
0.169231
0.169243
0.169274
0.169274
0.169237
0.169237
0.169272
0.169272
0.169235
0.169202
0.169239
0.169226
0.169184
0.169184
0.169221
0.169184
0.169197
0.169197
0.169197
0.169195
0.169195
0.169238
0.169238
0.169238
0.169238
0.169190
0.169181
0.169147
0.169147
0.169147
0.169159
0.169159
0.169193
0.169159
0.169159
0.169159
0.169193
0.169144
0.169110
0.169074
0.169108
0.169154
0.169120
0.169120
0.169169
0.169169
0.169135
0.169169
0.169121
0.169121
0.169121
0.169121
0.169121
0.169121
0.169088
0.169090
0.169106
0.169058
0.169058
0.169024
0.169024
0.169024
0.169024
0.169024
0.169027
0.169027
0.168979
0.168979
0.168979
0.168970
0.168987
0.168987
0.168987
0.168992
0.168992
0.168944
0.168944
0.168944
0.168944
0.168944
0.168944
0.168950
0.168950
0.168921
0.168921
0.168921
0.168921
0.168921
0.168921
0.168921
0.168929
0.168882
0.168882
0.168882
0.168849
0.168849
0.168834
0.168834
0.168787
0.168797
0.168797
0.168797
0.168753
0.168753
0.168753
0.168753
0.168706
0.168706
0.168718
0.168706
0.168706
0.168727
0.168727
0.168727
0.168681
0.168681
0.168681
0.168681
0.168651
0.168651
0.168651
0.168651
0.168606
0.168600
0.168600
0.168600
0.168600
0.168600
0.168573
0.168573
0.168528
0.168551
0.168551
0.168551
0.168518
0.168518
0.168481
0.168447
0.168422
0.168379
0.168379
0.168379
0.168379
0.168379
0.168379
0.168379
0.168337
0.168293
0.168293
0.168314
0.168314
0.168314
0.168314
0.168314
0.168272
0.168272
0.168230
0.168230
0.168230
0.168230
0.168237
0.168237
0.168237
0.168237
0.168271
0.168237
0.168196
0.168196
0.168188
0.168155
0.168155
0.168179
0.168213
0.168179
0.168179
0.168140
0.168134
0.168100
0.168100
0.168068
0.168102
0.168035
0.167996
0.168051
0.168085
0.168085
0.168051
0.168013
0.168013
0.168050
0.168039
0.168039
0.168039
0.168039
0.168039
0.168039
0.168068
0.168068
0.168068
0.168030
0.168030
0.168030
0.168033
0.168033
0.168067
0.168033
0.168033
0.168033
0.168033
0.168112
0.168112
0.168112
0.168077
0.168107
0.168096
0.168096
0.168096
0.168096
0.168096
0.168096
0.168096
0.168096
0.168060
0.168095
0.168145
0.168111
0.168043
0.168078
0.168078
0.168109
0.168111
0.168099
0.168099
0.168093
0.168058
0.168092
0.168128
0.168128
0.168092
0.168092
0.168142
0.168174
0.168108
0.168145
0.168180
0.168217
0.168111
0.168064
0.168206
0.168172
0.168100
0.168169
0.168204
0.168204
0.168169
0.168170
0.168217
0.168207
0.168209
0.168219
0.168188
0.168296
0.168261
0.168213
0.168248
0.168248
0.168249
0.168213
0.168238
0.168238
0.168272
0.168236
0.168355
0.168323
0.168364
0.168329
0.168362
0.168399
0.168400
0.168350
0.168385
0.168385
0.168326
0.168290
0.168359
0.168393
0.168360
0.168400
0.168481
0.168481
0.168448
0.168485
0.168516
0.168553
0.168472
0.168472
0.168539
0.168539
0.168472
0.168548
0.168615
0.168615
0.168582
0.168582
0.168609
0.168609
0.168659
0.168612
0.168621
0.168586
0.168625
0.168667
0.168737
0.168701
0.168703
0.168703
0.168704
0.168675
0.168677
0.168747
0.168747
0.168702
0.168738
0.168780
0.168777
0.168814
0.168854
0.168896
0.168858
0.168827
0.168863
0.168854
0.168855
0.168855
0.168934
0.168934
0.168898
0.168898
0.168971
0.168951
0.168916
0.168916
0.168988
