1.549839
1.397885
1.263803
1.179208
1.139168
1.125534
1.122969
1.122823
1.122443
1.121498
1.120132
1.118673
1.117539
1.116428
1.115395
1.114503
1.113568
1.112650
1.111548
1.110446
1.109239
1.108055
1.106883
1.105794
1.104632
1.103606
1.102626
1.101587
1.100852
1.100216
1.099644
1.099192
1.098474
1.097763
1.096647
1.095515
1.094055
1.092263
1.090326
1.088385
1.086337
1.084343
1.082477
1.080430
1.078451
1.076630
1.075084
1.073306
1.071471
1.069461
1.067604
1.065601
1.063659
1.061876
1.060035
1.058175
1.056179
1.054345
1.052323
1.050385
1.048431
1.046299
1.044424
1.042393
1.040546
1.038475
1.036491
1.034722
1.032766
1.030848
1.028913
1.026964
1.024754
1.022804
1.020625
1.018589
1.016463
1.014410
1.012412
1.010438
1.008355
1.006366
1.004156
1.002112
0.999947
0.997760
0.995458
0.993319
0.991134
0.988889
0.986711
0.984666
0.982526
0.980586
0.978473
0.976179
0.973840
0.971645
0.969204
0.967093
0.964831
0.962585
0.960352
0.958233
0.955889
0.953589
0.951398
0.949091
0.946865
0.944672
0.942300
0.940090
0.937642
0.935356
0.932952
0.930717
0.928470
0.926144
0.923918
0.921649
0.919477
0.917335
0.914947
0.912720
0.910553
0.908579
0.906623
0.904635
0.902786
0.901395
0.900002
0.898974
0.897969
0.896846
0.895873
0.894889
0.894116
0.893227
0.892744
0.891843
0.890839
0.889681
0.888553
0.887417
0.886419
0.885334
0.884304
0.883055
0.882165
0.881083
0.879817
0.878780
0.877721
0.876729
0.875929
0.874881
0.874023
0.873184
0.872071
0.871209
0.869866
0.868854
0.867657
0.866846
0.865775
0.864661
0.863737
0.862812
0.861902
0.860994
0.859894
0.858513
0.857229
0.855817
0.854752
0.853503
0.852362
0.851280
0.850135
0.848534
0.847146
0.845444
0.843887
0.842199
0.840624
0.839101
0.837468
0.836069
0.834485
0.833120
0.831502
0.830003
0.828575
0.827187
0.825485
0.824037
0.822806
0.821218
0.819626
0.818222
0.816760
0.815255
0.814099
0.812776
0.811637
0.810141
0.808849
0.807614
0.806232
0.804752
0.803629
0.802332
0.800914
0.799404
0.798002
0.796874
0.795593
0.794305
0.792884
0.791686
0.790577
0.789252
0.787952
0.786627
0.785517
0.784447
0.783346
0.782053
0.780963
0.779624
0.778386
0.777400
0.776193
0.775029
0.773630
0.772346
0.771357
0.770500
0.769337
0.768235
0.766930
0.765905
0.764726
0.763783
0.762689
0.761497
0.760254
0.759234
0.758269
0.757342
0.756357
0.755344
0.754170
0.753091
0.752157
0.751417
0.750455
0.749585
0.748365
0.747418
0.746617
0.745895
0.745089
0.743844
0.742901
0.742099
0.741292
0.740459
0.739642
0.738863
0.738198
0.737388
0.736707
0.735913
0.735190
0.734496
0.733817
0.733201
0.732345
0.731688
0.731110
0.730422
0.729874
0.729264
0.728657
0.727940
0.727209
0.726900
0.726344
0.725989
0.725436
0.724900
0.724544
0.724019
0.723471
0.723012
0.722664
0.722249
0.722033
0.721680
0.721261
0.720999
0.720706
0.720327
0.720021
0.719605
0.719306
0.718797
0.718597
0.718091
0.717766
0.717448
0.717292
0.716960
0.716757
0.716530
0.716130
0.715814
0.715384
0.715251
0.715050
0.714898
0.714628
0.714401
0.714387
0.714242
0.714095
0.714029
0.713967
0.713869
0.713837
0.713813
0.713689
0.713699
0.713655
0.713470
0.713510
0.713375
0.713422
0.713379
0.713255
0.713218
0.713113
0.713192
0.713142
0.713075
0.713088
0.712975
0.713018
0.713027
0.712765
0.712864
0.712844
0.712707
0.712751
0.712773
0.712575
0.712681
0.712489
0.712427
0.712206
0.712224
0.712160
0.712059
0.712025
0.711857
0.711763
0.711732
0.711754
0.711634
0.711551
0.711493
0.711302
0.711164
0.711111
0.711027
0.710897
0.710761
0.710802
0.710599
0.710509
0.710327
0.710285
0.710081
0.709935
0.709899
0.709805
0.709624
0.709350
0.709298
0.709127
0.708981
0.708741
0.708820
0.708524
0.708441
0.708205
0.708082
0.707981
0.707901
0.707820
0.707707
0.707660
0.707522
0.707533
0.707340
0.707230
0.707188
0.707146
0.707155
0.706986
0.706820
0.706659
0.706538
0.706319
0.706280
0.706146
0.705991
0.705876
0.705806
0.705520
0.705265
0.705186
0.704983
0.704973
0.704682
0.704372
0.704243
0.703944
0.703764
0.703475
0.703260
0.703008
0.702752
0.702634
0.702387
0.702191
0.701818
0.701619
0.701378
0.701135
0.700757
0.700526
0.700078
0.699842
0.699638
0.699239
0.698956
0.698658
0.698448
0.698173
0.697957
0.697647
0.697337
0.697133
0.696698
0.696457
0.696117
0.695882
0.695436
0.695110
0.694830
0.694632
0.694276
0.694045
0.693686
0.693513
0.693157
0.692752
0.692548
0.692309
0.691998
0.691848
0.691393
0.691086
0.690813
0.690633
0.690445
0.690167
0.689932
0.689606
0.689333
0.689056
0.688798
0.688442
0.688202
0.687897
0.687722
0.687537
0.687315
0.687114
0.686817
0.686566
0.686404
0.686115
0.685852
0.685572
0.685367
0.685101
0.684892
0.684644
0.684371
0.684172
0.684097
0.684060
0.683948
0.683955
0.684029
0.683943
0.683852
0.684001
0.684073
0.683919
0.683957
0.684002
0.684014
0.683946
0.683955
0.684045
0.684071
0.684053
0.684097
0.684228
0.684153
0.684207
0.684303
0.684307
0.684304
0.684372
0.684404
0.684520
0.684521
0.684570
0.684606
0.684721
0.684917
0.684804
0.684922
0.684992
0.684887
0.685012
0.685093
0.685244
0.685285
0.685485
0.685481
0.685443
0.685506
0.685707
0.685717
0.685762
0.685919
0.685806
0.685991
0.686147
0.686155
0.686241
0.686217
0.686331
0.686235
0.686251
0.686404
0.686533
0.686467
0.686445
0.686443
0.686392
0.686365
0.686173
0.686110
0.685873
0.685718
0.685572
0.685388
0.685267
0.685082
0.684863
0.684680
0.684612
0.684487
0.684283
0.684167
0.683882
0.683777
0.683648
0.683473
0.683188
0.683089
0.682965
0.682846
0.682551
0.682349
0.682163
0.682051
0.681925
0.681790
0.681582
0.681293
0.681171
0.681064
0.680881
0.680657
0.680448
0.680332
0.680065
0.679964
0.679939
0.679717
0.679468
0.679295
0.679107
0.679008
0.678927
0.678707
0.678407
0.678368
0.678112
0.677890
0.677816
0.677624
0.677335
0.677257
0.677103
0.676903
0.676737
0.676647
0.676397
0.676239
0.676026
0.675861
0.675654
0.675468
0.675346
0.675146
0.675121
0.674926
0.674828
0.674718
0.674383
0.674237
0.674080
0.673845
0.673849
0.673669
0.673420
0.673269
0.673024
0.672847
0.672706
0.672598
0.672407
0.672334
0.672108
0.671947
0.671766
0.671720
0.671470
0.671310
0.671089
0.670942
0.670766
0.670628
0.670505
0.670467
0.670378
0.670139
0.669874
0.669724
0.669591
0.669411
0.669303
0.669012
0.668932
0.668792
0.668639
0.668541
0.668373
0.668183
0.668002
0.667849
0.667661
0.667518
0.667397
0.667106
0.667039
0.666868
0.666746
0.666542
0.666307
0.666195
0.666106
0.665915
0.665670
0.665630
0.665435
0.665307
0.665141
0.664934
0.664737
0.664560
0.664431
0.664282
0.664285
0.664142
0.663968
0.663740
0.663547
0.663418
0.663215
0.663089
0.663047
0.662772
0.662722
0.662567
0.662392
0.662301
0.662195
0.661997
0.661888
0.661743
0.661641
0.661474
0.661271
0.661181
0.661097
0.661073
0.660886
0.660701
0.660663
0.660502
0.660371
0.660283
0.660182
0.659993
0.659951
0.659787
0.659724
0.659580
0.659457
0.659300
0.659304
0.659183
0.659093
0.658917
0.658842
0.658790
0.658673
0.658580
0.658453
0.658289
0.658267
0.658169
0.658092
0.658086
0.657975
0.657915
0.657826
0.657782
0.657567
0.657456
0.657428
0.657380
0.657310
0.657204
0.657093
0.657042
0.656998
0.656960
0.656793
0.656593
0.656486
0.656468
0.656468
0.656401
0.656247
0.656206
0.656162
0.656158
0.656008
0.655897
0.655806
0.655754
0.655692
0.655679
0.655586
0.655473
0.655456
0.655396
0.655299
0.655289
0.655187
0.655165
0.655123
0.655058
0.654896
0.654924
0.654941
0.654830
0.654813
0.654718
0.654637
0.654643
0.654598
0.654582
0.654517
0.654428
0.654417
0.654351
0.654299
0.654169
0.654124
0.654037
0.654019
0.653948
0.653844
0.653793
0.653773
0.653755
0.653659
0.653640
0.653582
0.653445
0.653495
0.653455
0.653391
0.653355
0.653341
0.653310
0.653275
0.653177
0.653113
0.653068
0.653108
0.653061
0.653045
0.652990
0.653046
0.652974
0.652959
0.652842
0.652839
0.652727
0.652761
0.652703
0.652686
0.652672
0.652685
0.652643
0.652683
0.652636
0.652527
0.652491
0.652437
0.652328
0.652337
0.652269
0.652288
0.652288
0.652192
0.652191
0.652154
0.652153
0.652083
0.652083
0.652035
0.651954
0.651956
0.651922
0.651965
0.651920
0.651831
0.651831
0.651808
0.651886
0.651802
0.651870
0.651753
0.651654
0.651654
0.651651
0.651607
0.651570
0.651589
0.651542
0.651540
0.651492
0.651492
0.651486
0.651485
0.651433
0.651370
0.651376
0.651336
0.651337
0.651229
0.651230
0.651281
0.651281
0.651242
0.651175
0.651079
0.651079
0.651079
0.651129
0.651046
0.650996
0.651031
0.650995
0.650954
0.650893
0.650855
0.650920
0.650970
0.650967
0.650884
0.650842
0.650767
0.650767
0.650735
0.650735
0.650699
0.650637
0.650597
0.650647
0.650597
0.650589
0.650599
0.650515
0.650475
0.650487
0.650487
0.650522
0.650522
0.650476
0.650440
0.650303
0.650314
0.650364
0.650364
0.650326
0.650347
0.650289
0.650251
0.650236
0.650237
0.650239
0.650189
0.650144
0.650122
0.650043
0.650005
0.650005
0.650055
0.650054
0.650059
0.650060
0.650072
0.650073
0.650123
0.650073
0.650073
0.649979
0.649979
0.649993
0.650011
0.650011
0.650011
0.650011
0.649968
0.650019
0.650002
0.649967
0.650015
0.650011
0.650061
0.650009
0.649987
0.649987
0.649987
0.650000
0.650000
0.650000
0.649997
0.649957
0.649955
0.649905
0.649926
0.649926
0.649926
0.649927
0.649899
0.649866
0.649866
0.649901
0.649901
0.649901
0.649849
0.649849
0.649910
0.649909
0.649874
0.649859
0.649859
0.649859
0.649861
0.649846
0.649730
0.649728
0.649697
0.649697
0.649697
0.649658
0.649708
0.649708
0.649708
0.649701
0.649666
0.649664
0.649614
0.649614
0.649581
0.649581
0.649545
0.649545
0.649545
0.649545
0.649551
0.649627
0.649627
0.649627
0.649594
0.649544
0.649544
0.649509
0.649509
0.649459
0.649459
0.649457
0.649495
0.649464
0.649514
0.649511
0.649425
0.649389
0.649389
0.649420
0.649395
0.649345
0.649265
0.649228
0.649227
0.649227
0.649277
0.649276
0.649190
0.649190
0.649190
0.649161
0.649160
0.649194
0.649159
0.649159
0.649209
0.649203
0.649203
0.649203
0.649117
0.649092
0.649131
0.649104
0.649103
0.649103
0.649103
0.649027
0.649062
0.649111
0.649111
0.649111
0.649052
0.649052
0.649052
0.649086
0.649084
0.649083
0.649083
0.649083
0.649084
0.649086
0.649051
0.649015
0.648979
0.649015
0.649015
0.648965
0.648964
0.648962
0.648962
0.648962
0.648937
0.648900
0.648899
0.648881
0.648882
0.648884
0.648884
0.648884
0.648884
0.648931
0.648929
0.648929
0.648929
0.648979
0.648979
0.649029
0.648992
0.648927
0.648918
0.648953
0.648903
0.648889
0.648888
0.648938
0.648988
0.648988
0.649039
0.649039
0.649001
0.649001
0.649000
0.649000
0.648939
0.648939
0.648939
0.648939
0.648889
0.648888
0.648901
0.648951
0.648901
0.648850
0.648850
0.648850
0.648850
0.648850
0.648850
0.648850
0.648850
0.648841
0.648841
0.648791
0.648790
0.648803
0.648853
0.648818
0.648818
0.648818
0.648818
0.648776
0.648775
0.648775
0.648775
0.648759
0.648759
0.648709
0.648709
0.648669
0.648766
0.648760
0.648748
0.648721
0.648721
0.648721
0.648721
0.648721
0.648721
0.648721
0.648758
0.648708
0.648671
0.648722
0.648772
0.648772
0.648772
0.648772
0.648772
0.648736
0.648736
0.648736
0.648773
0.648773
0.648723
0.648723
0.648721
0.648755
0.648755
0.648755
0.648755
0.648755
0.648718
0.648718
0.648755
0.648755
0.648755
0.648790
0.648740
0.648739
0.648748
0.648712
0.648712
0.648712
0.648712
0.648712
0.648712
0.648712
0.648712
0.648712
0.648712
0.648664
0.648664
0.648714
0.648761
0.648761
0.648761
0.648761
0.648761
0.648811
0.648811
0.648811
0.648813
0.648763
0.648763
0.648763
0.648813
0.648813
0.648777
0.648777
0.648777
0.648777
0.648787
0.648787
0.648787
0.648737
0.648737
0.648737
0.648687
0.648737
0.648737
0.648737
0.648772
0.648772
0.648772
0.648772
0.648772
0.648772
0.648722
0.648722
0.648722
0.648757
0.648772
0.648772
0.648772
0.648772
0.648807
0.648807
0.648768
0.648816
0.648766
0.648766
0.648766
0.648766
0.648766
0.648816
0.648816
0.648816
0.648816
0.648780
0.648780
0.648780
0.648730
0.648730
0.648766
0.648766
0.648766
0.648766
0.648816
0.648815
0.648777
0.648777
0.648727
0.648727
0.648727
0.648727
0.648677
0.648677
0.648677
0.648677
0.648677
0.648677
0.648677
0.648677
0.648677
0.648682
0.648682
0.648723
0.648773
0.648735
0.648682
0.648643
0.648616
0.648714
0.648697
0.648599
0.648566
0.648604
0.648604
0.648604
0.648651
0.648651
0.648651
0.648673
0.648724
0.648736
0.648736
0.648736
0.648736
0.648736
0.648686
0.648686
0.648660
0.648660
0.648610
0.648657
0.648657
0.648647
0.648647
0.648632
0.648594
0.648558
0.648558
0.648558
0.648487
0.648537
0.648537
0.648543
0.648543
0.648543
0.648567
0.648567
0.648567
0.648567
0.648529
0.648529
0.648529
0.648529
0.648529
0.648529
0.648479
0.648479
0.648529
0.648529
0.648529
0.648577
0.648543
0.648493
0.648431
0.648431
0.648431
0.648431
0.648431
0.648431
0.648431
0.648431
0.648431
0.648431
0.648431
0.648431
0.648428
0.648413
0.648376
0.648376
0.648376
0.648376
0.648341
0.648341
0.648316
0.648316
0.648301
0.648301
0.648301
0.648301
0.648301
0.648301
0.648251
0.648215
0.648226
0.648226
0.648226
0.648228
0.648266
0.648266
0.648266
0.648266
0.648263
0.648263
0.648263
0.648263
0.648311
0.648312
0.648312
0.648312
0.648276
0.648181
0.648181
0.648229
0.648229
0.648229
0.648203
0.648202
0.648252
0.648252
0.648252
0.648302
0.648302
0.648302
0.648304
0.648254
0.648304
0.648304
0.648304
0.648270
0.648271
0.648268
0.648268
0.648268
0.648268
0.648243
0.648243
0.648243
0.648195
0.648195
0.648195
0.648195
0.648195
0.648195
0.648195
0.648195
0.648160
0.648160
0.648160
0.648160
0.648160
0.648113
0.648113
0.648113
0.648081
0.648081
0.648081
0.648081
0.647981
0.647981
0.648029
0.648027
0.648059
0.648028
0.648028
0.647980
0.647948
0.647948
0.647987
0.647987
0.647962
0.647962
0.647962
0.647962
0.647962
0.647962
0.647962
0.647962
0.647962
0.647962
0.647962
0.647882
0.647882
0.647882
0.647882
0.647845
0.647845
0.647830
0.647830
0.647830
0.647830
0.647830
0.647830
0.647830
0.647830
0.647830
0.647830
0.647880
0.647880
0.647880
0.763571
0.873184
0.914412
0.891596
0.848437
0.857757
0.945719
1.064081
1.205638
1.381360
1.568373
1.751937
1.912307
2.033802
2.110246
2.143337
2.144373
2.127834
2.105848
2.086218
2.075748
2.072669
2.076843
2.083994
2.091078
2.094894
2.091969
2.084880
2.074048
2.062098
2.051967
2.044587
2.040161
2.040164
2.042333
2.046674
2.050528
2.053539
2.055253
2.055337
2.055696
2.055133
2.054715
2.054701
2.056207
2.058245
2.061537
2.063924
2.067062
2.069991
2.071558
2.182421
2.281696
2.285865
2.178193
1.984894
1.753809
1.524042
1.321070
1.153966
1.032257
0.932586
0.864015
0.833636
0.828152
0.826120
0.814550
0.761825
0.761930
0.888690
1.052682
1.224056
1.395081
1.562254
1.724556
1.879721
2.016639
1.994290
1.825961
1.587063
1.317380
1.033122
0.756621
0.743321
0.983882
1.220895
1.444512
1.645510
1.821955
1.975666
2.110522
2.232259
2.342751
2.446097
2.541122
2.626962
2.700385
2.759067
2.793861
2.810922
2.811687
2.801315
2.778331
2.745042
2.724620
2.714550
2.652962
2.541540
2.405345
2.254102
2.094412
1.930518
1.767320
1.606909
1.452639
1.306543
1.170198
1.044867
0.931843
0.830818
0.744541
0.681032
0.663002
0.681975
0.703557
0.718198
0.722790
0.717347
0.703454
0.686992
0.672644
0.666478
0.677253
0.702902
0.733499
0.765032
0.793938
0.819372
0.839709
0.853540
0.862148
0.865472
0.863880
0.858064
0.848508
0.836806
0.823260
0.809196
0.795280
0.781667
0.769863
0.759397
0.751218
0.744857
0.741159
0.739457
0.739499
0.740377
0.741540
0.744650
0.748476
0.752894
0.757438
0.762230
0.766925
0.771072
0.775077
0.778869
0.781568
0.783492
0.784747
0.784802
0.784663
0.784375
0.783563
0.781741
0.780387
0.779193
0.777662
0.776172
0.775385
0.774339
0.773355
0.772638
0.772823
0.772557
0.773093
0.773299
0.773893
0.774814
0.775194
0.776080
0.777149
0.778483
0.778775
0.779757
0.780853
0.781592
0.781919
0.782827
0.783411
0.783769
0.784535
0.785298
0.785950
0.786197
0.786520
0.787030
0.787215
0.785394
0.782337
0.779273
0.776113
0.773099
0.770274
0.768219
0.767431
0.766698
0.767090
0.767795
0.769073
0.770693
0.772776
0.775377
0.777573
0.780465
0.783746
0.786447
0.789747
0.792427
0.795281
0.797042
0.799012
0.800389
0.801102
0.801713
0.802184
0.801877
0.801808
0.801920
0.801141
0.801294
0.800994
0.801003
0.801048
0.801885
0.802179
0.803085
0.804289
0.805431
0.807192
0.808784
0.810240
0.811912
0.813772
0.814827
0.816599
0.817958
0.819293
0.821059
0.821424
0.822407
0.822719
0.823272
0.823376
0.823861
0.824185
0.824475
0.825080
0.825206
0.825882
0.826851
0.827247
0.828607
0.829961
0.831938
0.834035
0.836420
0.839097
0.841317
0.843743
0.845793
0.848166
0.849999
0.851893
0.853318
0.854186
0.855047
0.855468
0.856439
0.856318
0.857099
0.857383
0.858376
0.859497
0.859693
0.860612
0.861064
0.861979
0.863434
0.864553
0.865686
0.865480
0.865332
0.865989
0.866645
0.866730
0.867156
0.867183
0.868033
0.867689
0.868700
0.869519
0.870583
0.871534
0.872274
0.872990
0.873973
0.876181
0.877909
0.878434
0.879396
0.880941
0.881361
0.882669
0.883008
0.884150
0.885614
0.886558
0.887910
0.889148
0.890223
0.891532
0.892420
0.893278
0.894039
0.895543
0.896412
0.897490
0.899389
0.901453
0.902958
0.904442
0.905985
0.907655
0.909702
0.911148
0.912684
0.914425
0.915870
0.917011
0.918022
0.918342
0.919952
0.920729
0.922305
0.924107
0.925795
0.928637
0.931184
0.934619
0.937067
0.938758
0.941611
0.943770
0.945573
0.946659
0.946575
0.947162
0.947862
0.948354
0.949662
0.949796
0.950219
0.951708
0.954102
0.956520
0.959383
0.963419
0.965220
0.967384
0.969276
0.971353
0.972680
0.973289
0.974131
0.974692
0.974546
0.975843
0.977489
0.978759
0.980533
0.982842
0.984735
0.987728
0.990870
0.993488
0.997331
1.000335
1.003771
1.007555
1.010506
1.013767
1.017076
1.019152
1.021502
1.021957
1.023076
1.023460
1.023277
1.024066
1.025927
1.028231
1.028464
1.028847
1.029738
1.030069
1.030950
1.032600
1.033586
1.035453
1.037148
1.039074
1.040000
1.042111
1.043473
1.046012
1.048410
1.050751
1.053399
1.056128
1.057709
1.059921
1.061905
1.062905
1.064933
1.066914
1.067840
1.069601
1.071266
1.072440
1.074347
1.075494
1.077094
1.079015
1.080191
1.081964
1.083272
1.085632
1.087853
1.089802
1.092683
1.095176
1.097151
1.099768
1.102481
1.104287
1.106848
1.109474
1.112344
1.114147
1.116658
1.119164
1.121358
1.123355
1.125844
1.128017
1.129544
1.131627
1.133620
1.134724
1.136589
1.138164
1.139524
1.141571
1.143668
1.145428
1.147768
1.150287
1.152318
1.154885
1.157587
1.159473
1.162126
1.164147
1.167295
1.170202
1.172896
1.175834
1.177876
1.180749
1.183145
1.184696
1.186674
1.187733
1.189121
1.190827
1.191606
1.193372
1.194358
1.196752
1.199392
1.201341
1.204065
1.208209
1.211930
1.213880
1.213841
1.212889
1.210596
1.209511
1.208886
1.207957
1.206802
1.205648
1.204663
1.202804
1.200425
1.198168
1.195882
1.193454
1.191508
1.189598
1.187727
1.186341
1.184858
1.183355
1.181712
1.179889
1.178052
1.175935
1.173574
1.171273
1.168508
1.165515
1.162436
1.159430
1.156145
1.153081
1.149882
1.146730
1.143839
1.141066
1.138192
1.135506
1.132792
1.130113
1.127473
1.124782
1.122306
1.119446
1.116780
1.114211
1.111411
1.108694
1.106151
1.103267
1.100430
1.097765
1.095201
1.092095
1.089273
1.086760
1.083895
1.080786
1.078172
1.075597
1.072718
1.069894
1.067709
1.065093
1.062074
1.059396
1.057223
1.055108
1.053217
1.051576
1.050385
1.049244
1.048346
1.047204
1.046063
1.045049
1.043990
1.042598
1.040886
1.038275
1.035542
1.032392
1.029518
1.026423
1.023533
1.020795
1.018364
1.016396
1.014239
1.012614
1.010965
1.009040
1.007042
1.005261
1.003248
1.000976
0.998015
0.994891
0.991748
0.988647
0.985181
0.982126
0.978802
0.975532
0.972885
0.970130
0.967187
0.964242
0.961392
0.958442
0.955479
0.952212
0.949242
0.946165
0.942920
0.939504
0.936315
0.933129
0.929606
0.926311
0.923012
0.919816
0.916222
0.913043
0.910040
0.906771
0.903612
0.900543
0.897195
0.893952
0.890581
0.887415
0.883834
0.880489
0.877118
0.873832
0.871059
0.868198
0.865492
0.862588
0.859810
0.856897
0.854092
0.851221
0.848660
0.846236
0.843652
0.841246
0.838624
0.836017
0.833562
0.830951
0.828465
0.825780
0.823033
0.820314
0.817744
0.815123
0.812662
0.810119
0.807593
0.805071
0.802675
0.800381
0.797832
0.795707
0.793312
0.791285
0.789011
0.786831
0.784859
0.782701
0.780371
0.778162
0.776047
0.774055
0.771940
0.769800
0.767683
0.765381
0.763305
0.761149
0.759073
0.757075
0.754845
0.752947
0.751160
0.748885
0.747008
0.744903
0.742857
0.740647
0.738755
0.736709
0.734726
0.732579
0.730401
0.728495
0.726197
0.724374
0.722386
0.720298
0.718315
0.716320
0.714280
0.712162
0.710111
0.708188
0.706125
0.704016
0.701683
0.699688
0.697533
0.695468
0.693482
0.691016
0.688739
0.686749
0.684181
0.681659
0.679232
0.676499
0.674007
0.671116
0.668043
0.664795
0.661765
0.658650
0.655416
0.652271
0.648982
0.645663
0.642617
0.639506
0.636176
0.632934
0.629757
0.626503
0.623542
0.620296
0.616973
0.613521
0.610244
0.607233
0.604280
0.601041
0.597934
0.594644
0.591288
0.588143
0.584792
0.581443
0.578148
0.574761
0.571309
0.567981
0.564541
0.560919
0.557363
0.553812
0.549779
0.546128
0.542343
0.538756
0.535398
0.532295
0.529147
0.526074
0.523003
0.519744
0.516407
0.513049
0.509637
0.506190
0.502767
0.499403
0.496040
0.492942
0.490043
0.487244
0.484446
0.481625
0.478887
0.475797
0.472700
0.469517
0.466671
0.463678
0.460648
0.457670
0.454790
0.451892
0.449053
0.446501
0.444054
0.441843
0.439552
0.436821
0.433989
0.430979
0.427776
0.424646
0.421581
0.418430
0.415302
0.412272
0.409453
0.406864
0.404381
0.401977
0.399152
0.396199
0.393255
0.390326
0.387225
0.384395
0.381381
0.378343
0.375624
0.372447
0.369289
0.366508
0.363615
0.360515
0.358004
0.355593
0.353030
0.350572
0.348025
0.345091
0.342265
0.339721
0.337005
0.334460
0.331475
0.328802
0.326202
0.323549
0.320658
0.317817
0.315489
0.313331
0.311032
0.308457
0.305895
0.303489
0.301096
0.298254
0.295566
0.292867
0.290561
0.288228
0.285882
0.283148
0.280632
0.278181
0.275795
0.273562
0.271152
0.268437
0.266229
0.264009
0.261815
0.259599
0.257688
0.255757
0.253711
0.251585
0.249368
0.247159
0.244918
0.242838
0.240706
0.238596
0.236684
0.234781
0.232779
0.230602
0.228555
0.226504
0.224491
0.222420
0.220386
0.218412
0.216485
0.214889
0.213403
0.211564
0.209612
0.207841
0.205975
0.204142
0.202448
0.200331
0.198807
0.196879
0.195281
0.193469
0.191713
0.189985
0.188423
0.186614
0.185032
0.183570
0.181892
0.180196
0.178600
0.177131
0.175609
0.174063
0.172666
0.171121
0.169551
0.168033
0.166860
0.165271
0.163829
0.162451
0.161088
0.159821
0.158592
0.157260
0.155905
0.154579
0.153166
0.151841
0.150389
0.149101
0.147838
0.146739
0.145738
0.144549
0.143268
0.142071
0.141020
0.139862
0.138774
0.137660
0.136660
0.135374
0.134294
0.133279
0.132148
0.131185
0.130161
0.129152
0.127970
0.126874
0.125894
0.124879
0.123936
0.122852
0.121938
0.120956
0.120010
0.119174
0.118298
0.117362
0.116574
0.115716
0.114904
0.113961
0.113119
0.112236
0.111422
0.110667
0.109833
0.108901
0.108102
0.107351
0.106331
0.105615
0.104862
0.104015
0.103356
0.102642
0.101752
0.101209
0.100512
0.099679
0.098964
0.098394
0.097578
0.097070
0.096461
0.095941
0.095072
0.094529
0.093898
0.093214
0.092615
0.091975
0.091320
0.090750
0.090098
0.089593
0.089056
0.088547
0.087944
0.087293
0.086687
0.086211
0.085629
0.085065
0.084624
0.083837
0.083457
0.082942
0.082348
0.081914
0.081486
0.080970
0.080454
0.079948
0.079411
0.079091
0.078601
0.078107
0.077657
0.077202
0.076715
0.076175
0.075851
0.075455
0.074910
0.074519
0.073971
0.073641
0.073218
0.072830
0.072261
0.071801
0.071385
0.071077
0.070569
0.070253
0.069840
0.069514
0.068946
0.068652
0.068232
0.067895
0.067309
0.067000
0.066685
0.066316
0.065964
0.065568
0.065030
0.064683
0.064513
0.064026
0.063752
0.063441
0.063045
0.062693
0.062273
0.061991
0.061697
0.061545
0.061139
0.060803
0.060431
0.059980
0.059746
0.059460
0.059163
0.058845
0.058545
0.058308
0.058081
0.057751
0.057490
0.057144
0.056805
0.056626
0.056357
0.056143
0.055844
0.055571
0.055301
0.055096
0.054882
0.054681
0.054592
0.054172
0.053982
0.053780
0.053586
0.053189
0.052984
0.052844
0.052563
0.052393
0.052186
0.051976
0.051781
0.051538
0.051328
0.051184
0.050959
0.050735
0.050611
0.050299
0.050183
0.049987
0.049894
0.049743
0.049456
0.049353
0.049194
0.048849
0.048689
0.048666
0.048449
0.048364
0.048212
0.047991
0.047881
0.047763
0.047531
0.047395
0.047138
0.047094
0.047090
0.046752
0.046576
0.046448
0.046399
0.046104
0.045962
0.045875
0.045717
0.045622
0.045461
0.045359
0.045112
0.045112
0.045045
0.044957
0.044630
0.044523
0.044499
0.044310
0.044194
0.044193
0.043988
0.043904
0.043756
0.043631
0.043464
0.043445
0.043217
0.043101
0.043055
0.042967
0.042780
0.042695
0.042616
0.042520
0.042268
0.042222
0.042128
0.042149
0.041878
0.041804
0.041812
0.041590
0.041563
0.041421
0.041326
0.041251
0.041148
0.041008
0.040948
0.040798
0.040783
0.040683
0.040539
0.040458
0.040416
0.040331
0.040137
0.040034
0.040004
0.039846
0.039881
0.039612
0.039580
0.039523
0.039399
0.039311
0.039171
0.039038
0.038961
0.038927
0.038813
0.038674
0.038570
0.038507
0.038463
0.038348
0.038230
0.038128
0.038155
0.037921
0.037873
0.037887
0.037626
0.037545
0.037528
0.037391
0.037323
0.037287
0.037131
0.037064
0.036941
0.036944
0.036818
0.036715
0.036707
0.036707
0.036486
0.036419
0.036319
0.036185
0.036099
0.035960
0.035791
0.035847
0.035753
0.035680
0.035606
0.035414
0.035342
0.035261
0.035261
0.035085
0.035011
0.034886
0.034819
0.034668
0.034636
0.034589
0.034471
0.034430
0.034392
0.034337
0.034229
0.034157
0.034117
0.033994
0.033920
0.033818
0.033735
0.033677
0.033526
0.033480
0.033371
0.033284
0.033191
0.033148
0.033095
0.032980
0.032862
0.032778
0.032778
0.032617
0.032521
0.032475
0.032362
0.032405
0.032340
0.032252
0.032167
0.032079
0.031997
0.031912
0.031841
0.031768
0.031795
0.031737
0.031595
0.031522
0.031516
0.031455
0.031320
0.031292
0.031200
0.031170
0.031097
0.030985
0.030937
0.030855
0.030810
0.030765
0.030623
0.030569
0.030553
0.030496
0.030392
0.030329
0.030291
0.030219
0.030078
0.030093
0.030031
0.029929
0.029884
0.029850
0.029760
0.029719
0.029643
0.029593
0.029561
0.029619
0.029655
0.029500
0.029500
0.029438
0.029374
0.029273
0.029227
0.029202
0.029165
0.029111
0.029096
0.029049
0.029176
0.029120
0.029071
0.028994
0.028936
0.028850
0.028807
0.028801
0.028707
0.028651
0.028576
0.028569
0.028575
0.028608
0.028556
0.028555
0.028481
0.028433
0.028464
0.028408
0.028408
0.028395
0.028395
0.028308
0.028177
0.028068
0.028023
0.028034
0.028036
0.028036
0.027947
0.027947
0.027954
0.028039
0.028039
0.028039
0.027991
0.027949
0.027901
0.027900
0.027861
0.027861
0.027861
0.027897
0.027809
0.027851
0.027786
0.027761
0.027718
0.027718
0.027755
0.027713
0.027733
0.027741
0.027693
0.027623
0.027577
0.027570
0.027530
0.027530
0.027453
0.027493
0.027537
0.027543
0.027577
0.027582
0.027524
0.027524
0.027539
0.027539
0.027504
0.027433
0.027422
0.027422
0.027366
0.027366
0.027377
0.027377
0.027377
0.027385
0.027413
0.027371
0.027371
0.027385
0.027429
0.027429
0.027419
0.027450
0.027349
0.027349
0.027398
0.027398
0.027299
0.027401
0.027417
0.027461
0.027439
0.027456
0.027391
0.027391
0.027391
0.027345
0.027367
0.027300
0.027364
0.027315
0.027255
0.027255
0.027275
0.027275
0.027312
0.027312
0.027381
0.027393
0.027379
0.027399
0.027399
0.027399
0.027420
0.027418
0.027370
0.027370
0.027368
0.027332
0.027332
0.027351
0.027305
0.027305
0.027311
0.027379
0.027379
0.027379
0.027393
0.027422
0.027306
0.027285
0.027320
0.027320
0.027311
0.027336
0.027297
0.027273
0.027258
0.027220
0.027237
0.027412
0.027412
0.027412
0.027365
0.027392
0.027278
0.027278
0.027278
0.027278
0.027278
0.027338
0.027338
0.027357
0.027372
0.027372
0.027401
0.027477
0.027391
0.027391
0.027373
0.027318
0.027322
0.027322
0.027359
0.027380
0.027412
0.027412
0.027412
0.027412
0.027400
0.027459
0.027413
0.027442
0.027442
0.027442
0.027442
0.027498
0.027498
0.027498
0.027498
0.027498
0.027440
0.027394
0.027414
0.027414
0.027368
0.027368
0.027379
0.027434
0.027434
0.027429
0.027491
0.027459
0.027459
0.027459
0.027413
0.027413
0.027413
0.027413
0.027368
0.027425
0.027425
0.027391
0.027391
0.027358
0.027358
0.027358
0.027358
0.027396
0.027389
0.027389
0.027389
0.027369
0.027331
0.027331
0.027368
0.027393
0.027351
0.027351
0.027399
0.027442
0.027442
0.027442
0.027367
0.027367
0.027325
0.027295
0.027322
0.027322
0.027304
0.027300
0.027300
0.027300
0.027300
0.027300
0.027300
0.027300
0.027268
0.027337
0.027256
0.027256
0.027256
0.027228
0.027232
0.027192
0.027192
0.027192
0.027192
0.027204
0.027244
0.027244
0.027244
0.027244
0.027247
0.027277
0.027277
0.027232
0.027232
0.027158
0.027190
0.027230
0.027187
0.027225
0.027198
0.027242
0.027242
0.027189
0.027189
0.027125
0.027125
0.027199
0.027199
0.027199
0.027199
0.027199
0.027199
0.027155
0.027111
0.027111
0.027100
0.027100
0.027144
0.027178
0.027141
0.027168
0.027168
0.027168
0.027168
0.027178
0.027178
0.027178
0.027160
0.027133
0.027133
0.027133
0.027133
0.027175
0.027219
0.027174
0.027175
0.027175
0.027175
0.027175
0.027175
0.027193
0.027227
0.027227
0.027205
0.027161
0.027161
0.027127
0.027155
0.027170
0.027214
0.027174
0.027174
0.027149
0.027149
0.027149
0.027149
0.027149
0.027149
0.027149
0.027149
0.027141
0.027106
0.027107
0.027055
0.027055
0.027098
0.027098
0.027131
0.027131
0.027192
0.027192
0.027235
0.027235
0.027212
0.027212
0.027142
0.027137
0.027137
0.027137
0.027137
0.027137
0.027174
0.027200
0.027200
0.027200
0.027200
0.027200
0.027200
0.027200
0.027172
0.027211
0.027129
0.027167
0.027122
0.027122
0.027122
0.027146
0.027146
0.027148
0.027148
0.027148
0.027148
0.027131
0.027131
0.027141
0.027141
0.027141
0.027097
0.027097
0.027073
0.027073
0.027053
0.027107
0.027107
0.027151
0.027080
0.027080
0.027080
0.027056
0.027056
0.027097
0.027078
0.027078
0.027034
0.027020
0.026956
0.026956
0.026996
0.027020
0.027002
0.027045
0.027045
0.027045
0.027045
0.027045
0.027045
0.027045
0.027045
0.027073
0.027030
0.027030
0.026975
0.026975
0.026975
0.026975
0.026999
0.027067
0.027039
0.027039
0.027026
0.027026
0.027054
0.027054
0.027014
0.027014
0.026970
0.026946
0.026945
0.026945
0.026945
0.026917
0.026958
0.027002
0.026987
0.026987
0.026987
0.026987
0.027016
0.027039
0.027039
0.027039
0.027049
0.027006
0.026921
0.026921
0.026889
0.026879
0.026879
0.026903
0.026903
0.026923
0.026914
0.026942
0.026942
0.026902
0.026878
0.026850
0.026850
0.026850
0.026859
0.026859
0.026859
0.026823
0.026814
0.026814
0.026837
0.026837
0.026865
0.026837
0.026826
0.026826
0.026837
0.026871
0.026832
0.026832
0.026832
0.026832
0.026812
0.026770
0.026770
0.026802
0.026802
0.026802
0.026770
0.026770
0.026845
0.026807
0.026807
0.026784
0.026745
0.026745
0.026745
0.026783
0.026783
0.026783
0.026783
0.026778
0.026778
0.026740
0.026784
0.026784
0.026784
0.026784
0.026746
0.026746
0.026795
0.026795
0.026795
0.026825
0.026825
0.026786
0.026825
0.026824
0.026868
0.026861
0.026861
0.026861
0.026861
0.026861
0.026858
0.026858
0.026821
0.026821
0.026782
0.026782
0.026782
0.026782
0.026866
0.026833
0.026838
0.026838
0.026838
0.026838
0.026864
0.026897
0.026897
0.026817
0.026817
0.026809
0.026809
0.026770
0.026782
0.026756
0.026756
0.026756
0.026756
0.026720
0.026720
0.026747
0.026779
0.026779
0.026779
0.026815
0.026815
0.026783
0.026828
0.026802
0.026802
0.026802
0.026766
0.026766
0.026766
0.026837
0.026837
0.026872
0.026905
0.026905
0.026828
0.026828
0.026874
0.026813
0.026813
0.026813
0.026813
0.026813
0.026813
0.026840
0.026884
0.026864
0.026864
0.026868
0.026868
0.026868
0.026841
0.026797
0.026797
0.026842
0.026842
0.026842
0.026842
0.026842
0.026869
0.026920
0.026920
0.026920
0.026928
0.026928
0.026901
0.026901
0.026901
0.026901
0.026901
0.026819
0.026819
0.026819
0.026848
0.026894
0.026939
0.026939
0.026939
0.026958
0.026931
0.026931
0.026931
0.026931
0.026896
0.026896
0.026896
0.026896
0.026923
0.026955
0.026955
0.026955
0.026955
0.026917
0.026890
0.026890
0.026890
0.026890
0.026890
0.026936
0.026936
0.026956
0.026983
0.026983
0.026983
0.027018
0.027018
0.026991
0.026991
0.026958
0.026958
0.026958
0.026958
0.026958
0.026921
0.026921
0.026926
0.026953
0.026953
0.026953
0.026933
0.026948
0.026948
0.026948
0.026948
0.026948
0.026948
0.026948
0.026948
0.026992
0.026992
0.026978
0.026978
0.026978
0.026978
