1.434516
1.254127
1.082572
0.959641
0.889462
0.859234
0.850782
0.851483
0.852052
0.851350
0.849961
0.848585
0.847853
0.847595
0.848055
0.848214
0.847960
0.847630
0.847064
0.846509
0.845834
0.844968
0.844362
0.843683
0.842952
0.842168
0.841423
0.840254
0.839412
0.838708
0.837791
0.837069
0.836325
0.835632
0.834821
0.834003
0.833075
0.832222
0.831452
0.830530
0.829754
0.828861
0.828054
0.827266
0.826693
0.825794
0.824957
0.824042
0.823072
0.821888
0.820833
0.819783
0.818976
0.817965
0.816968
0.816029
0.814964
0.813942
0.812862
0.811931
0.810888
0.809778
0.808862
0.807758
0.807008
0.806039
0.805094
0.803896
0.802818
0.801714
0.800427
0.799397
0.798283
0.797026
0.796023
0.794782
0.793692
0.792583
0.791498
0.790275
0.789157
0.787895
0.786836
0.785307
0.783946
0.782675
0.781604
0.780336
0.779171
0.777812
0.776667
0.775606
0.774303
0.773033
0.771765
0.770418
0.769213
0.767749
0.766522
0.765420
0.764293
0.763149
0.761852
0.760636
0.759453
0.757855
0.755994
0.754282
0.752479
0.750999
0.749401
0.747762
0.746199
0.744629
0.742961
0.741618
0.740179
0.738743
0.737291
0.735898
0.734584
0.733035
0.731692
0.730322
0.728797
0.727295
0.725936
0.724536
0.723234
0.721710
0.720327
0.718979
0.717182
0.715519
0.713853
0.712125
0.710390
0.708667
0.707185
0.705475
0.703703
0.702214
0.700400
0.698716
0.697135
0.695677
0.693950
0.692240
0.690598
0.688767
0.686976
0.685299
0.683510
0.681812
0.680150
0.678471
0.676785
0.674879
0.672744
0.670748
0.668467
0.666611
0.664505
0.662502
0.660513
0.658721
0.656796
0.654757
0.652896
0.651016
0.649405
0.647607
0.646155
0.644448
0.642658
0.640821
0.638845
0.636808
0.634540
0.632311
0.630213
0.627845
0.625600
0.623544
0.621288
0.619546
0.617643
0.615765
0.613919
0.612354
0.610259
0.608396
0.606378
0.604507
0.602216
0.600352
0.598205
0.596210
0.594102
0.592054
0.590028
0.588057
0.586018
0.583834
0.581757
0.579658
0.577400
0.575292
0.573188
0.570932
0.568762
0.566598
0.564351
0.562101
0.560090
0.557852
0.555521
0.553191
0.550752
0.548475
0.546250
0.543880
0.541417
0.539150
0.536729
0.534394
0.532060
0.529709
0.527338
0.524854
0.522453
0.520077
0.517590
0.515210
0.512791
0.510366
0.507853
0.505283
0.503168
0.500875
0.498457
0.496059
0.493698
0.491100
0.488600
0.486028
0.483569
0.481338
0.478785
0.476315
0.473974
0.471581
0.468898
0.466657
0.464330
0.461793
0.459377
0.456862
0.454481
0.452093
0.449736
0.447229
0.444867
0.442540
0.440185
0.437974
0.435561
0.433143
0.430804
0.428409
0.426187
0.423925
0.421695
0.419359
0.417351
0.414990
0.412828
0.410492
0.408352
0.406098
0.403857
0.401546
0.399474
0.397300
0.395250
0.392973
0.390833
0.388719
0.386711
0.384868
0.382701
0.380715
0.378672
0.376465
0.374420
0.372305
0.370274
0.368291
0.366173
0.364171
0.362031
0.360035
0.358137
0.356254
0.354579
0.352687
0.350808
0.348771
0.346838
0.344744
0.342877
0.340797
0.338842
0.336943
0.335099
0.333198
0.331299
0.329353
0.327414
0.325638
0.323708
0.322159
0.320584
0.318856
0.317149
0.315380
0.313630
0.311953
0.310138
0.308493
0.306652
0.304820
0.303049
0.301388
0.299698
0.297916
0.296094
0.294331
0.292763
0.290983
0.289172
0.287510
0.285919
0.284378
0.282666
0.281003
0.279276
0.277590
0.275895
0.274139
0.272743
0.271110
0.269428
0.267846
0.266248
0.264581
0.263048
0.261331
0.259707
0.258170
0.256542
0.254960
0.253263
0.251812
0.250203
0.248721
0.247185
0.245474
0.243987
0.242400
0.240727
0.239253
0.237737
0.236130
0.234593
0.233116
0.231794
0.230312
0.228770
0.227366
0.225825
0.224340
0.222889
0.221423
0.219970
0.218584
0.217255
0.216029
0.214800
0.213464
0.212147
0.210563
0.209252
0.207869
0.206516
0.205155
0.203846
0.202424
0.201092
0.199848
0.198607
0.197289
0.196002
0.194616
0.193368
0.192285
0.190995
0.189951
0.188673
0.187488
0.186241
0.185025
0.183874
0.182547
0.181477
0.180239
0.179119
0.178025
0.176808
0.175625
0.174384
0.173293
0.172144
0.170918
0.169825
0.168807
0.167760
0.166639
0.165777
0.164667
0.163616
0.162568
0.161584
0.160584
0.159428
0.158364
0.157309
0.156401
0.155468
0.154522
0.153538
0.152631
0.151702
0.150744
0.149847
0.149064
0.148267
0.147335
0.146309
0.145372
0.144357
0.143598
0.142690
0.141678
0.140819
0.140053
0.139260
0.138357
0.137539
0.136701
0.135900
0.135110
0.134389
0.133472
0.132597
0.131787
0.131135
0.130059
0.129394
0.128514
0.127702
0.127018
0.126320
0.125659
0.124913
0.124107
0.123337
0.122639
0.121875
0.121226
0.120369
0.119593
0.118874
0.118069
0.117330
0.116512
0.115941
0.115119
0.114438
0.113672
0.112983
0.112327
0.111578
0.110840
0.110182
0.109284
0.108640
0.107842
0.107205
0.106197
0.105658
0.104725
0.104092
0.103323
0.102658
0.101848
0.101153
0.100441
0.099693
0.099005
0.098442
0.097696
0.096993
0.096172
0.095505
0.094611
0.093889
0.093332
0.092587
0.091857
0.091075
0.090297
0.089678
0.088949
0.088162
0.087398
0.086751
0.085928
0.085191
0.084514
0.083813
0.082951
0.082168
0.081448
0.080688
0.079999
0.079289
0.078727
0.077956
0.077266
0.076580
0.076054
0.075473
0.074867
0.074171
0.073546
0.072880
0.072404
0.071906
0.071328
0.070679
0.070122
0.069520
0.069021
0.068494
0.067798
0.067223
0.066669
0.066190
0.065645
0.065187
0.064633
0.064106
0.063554
0.063129
0.062690
0.062103
0.061651
0.061150
0.060667
0.060269
0.059730
0.059402
0.058957
0.058506
0.058089
0.057745
0.057360
0.057017
0.056562
0.056239
0.055908
0.055464
0.055229
0.055083
0.054723
0.054446
0.054210
0.053909
0.053577
0.053176
0.052981
0.052623
0.052408
0.052203
0.051897
0.051542
0.051327
0.051122
0.050916
0.050605
0.050324
0.050066
0.049902
0.049718
0.049474
0.049167
0.048960
0.048836
0.048674
0.048441
0.048278
0.047970
0.047831
0.047583
0.047464
0.047422
0.047165
0.047026
0.046830
0.046757
0.046559
0.046350
0.046169
0.046138
0.046015
0.045842
0.045640
0.045423
0.045295
0.045113
0.045042
0.044876
0.044688
0.044519
0.044455
0.044354
0.044200
0.044144
0.044032
0.043901
0.043818
0.043700
0.043578
0.043448
0.043388
0.043141
0.043055
0.042969
0.042853
0.042685
0.042608
0.042576
0.042451
0.042413
0.042249
0.042084
0.041911
0.041852
0.041776
0.041611
0.041479
0.041371
0.041346
0.041310
0.041287
0.041176
0.041113
0.041041
0.040952
0.040834
0.040728
0.040618
0.040515
0.040496
0.040420
0.040278
0.040229
0.040136
0.039971
0.039815
0.039847
0.039816
0.039825
0.039700
0.039572
0.039439
0.039358
0.039292
0.039111
0.039066
0.039056
0.038980
0.038878
0.038851
0.038709
0.038665
0.038627
0.038547
0.038435
0.038413
0.038351
0.038262
0.038270
0.038085
0.038080
0.038088
0.037947
0.037787
0.037776
0.037750
0.037644
0.037614
0.037632
0.037429
0.037379
0.037387
0.037258
0.037267
0.037252
0.037190
0.037104
0.037037
0.036922
0.036854
0.036785
0.036797
0.036754
0.036687
0.036575
0.036623
0.036489
0.036488
0.036431
0.036371
0.036357
0.036339
0.036290
0.036144
0.036095
0.036053
0.036035
0.035955
0.035915
0.035815
0.035774
0.035797
0.035633
0.035629
0.035624
0.035533
0.035442
0.035454
0.035316
0.035205
0.035198
0.035218
0.035104
0.035020
0.035011
0.035056
0.034967
0.034928
0.034948
0.034870
0.034870
0.034786
0.034761
0.034700
0.034703
0.034604
0.034604
0.034574
0.034518
0.034518
0.034471
0.034383
0.034392
0.034381
0.034352
0.034284
0.034302
0.034214
0.034168
0.034199
0.034163
0.034097
0.034057
0.034057
0.033983
0.033939
0.033945
0.033881
0.033881
0.033916
0.033831
0.033781
0.033813
0.033751
0.033751
0.033717
0.033644
0.033605
0.033496
0.033399
0.033434
0.033422
0.033434
0.033427
0.033388
0.033418
0.033316
0.033283
0.033253
0.033142
0.033142
0.033170
0.033137
0.033090
0.033052
0.033079
0.033046
0.033046
0.032976
0.032964
0.032964
0.032996
0.032914
0.032849
0.032790
0.032819
0.032741
0.032741
0.032734
0.032696
0.032657
0.032657
0.032667
0.032602
0.032528
0.032491
0.032520
0.032452
0.032406
0.032369
0.032369
0.032306
0.032338
0.032320
0.032360
0.032323
0.032295
0.032230
0.032230
0.032169
0.032204
0.032163
0.032168
0.032077
0.032082
0.032055
0.032055
0.031962
0.031962
0.031996
0.031994
0.031965
0.031896
0.031870
0.031801
0.031779
0.031638
0.031638
0.031638
0.031674
0.031628
0.031632
0.031632
0.031632
0.031611
0.031578
0.031507
0.031495
0.031472
0.031369
0.031311
0.031277
0.031277
0.031257
0.031239
0.031172
0.031172
0.031104
0.031104
0.031067
0.031064
0.031046
0.031017
0.031036
0.031036
0.030984
0.030946
0.030946
0.030901
0.030901
0.030853
0.030853
0.030853
0.030832
0.030876
0.030831
0.030763
0.030763
0.030783
0.030767
0.030734
0.030734
0.030683
0.030683
0.030653
0.030615
0.030615
0.030570
0.030527
0.030527
0.030527
0.030507
0.030489
0.030489
0.030458
0.030413
0.030401
0.030361
0.030394
0.030343
0.030314
0.030276
0.030242
0.030242
0.030283
0.030228
0.030228
0.030221
0.030204
0.030136
0.030170
0.030129
0.030129
0.030129
0.030092
0.030092
0.030054
0.030038
0.029994
0.029994
0.029994
0.029990
0.029990
0.029943
0.029943
0.029965
0.029988
0.029988
0.029988
0.029884
0.029846
0.029846
0.029840
0.029882
0.029893
0.029926
0.029926
0.029861
0.029861
0.029861
0.029857
0.029814
0.029762
0.029734
0.029731
0.029731
0.029704
0.029704
0.029729
0.029726
0.029726
0.029716
0.029678
0.029678
0.029678
0.029635
0.029609
0.029609
0.029608
0.029561
0.029561
0.029561
0.029586
0.029586
0.029586
0.029586
0.029587
0.029525
0.029517
0.029481
0.029518
0.029475
0.029438
0.029438
0.029438
0.029404
0.029424
0.029424
0.029424
0.029436
0.029436
0.029436
0.029436
0.029404
0.029404
0.029399
0.029399
0.029399
0.029394
0.029394
0.029394
0.029421
0.029392
0.029327
0.029286
0.029286
0.029286
0.029286
0.029286
0.029264
0.029349
0.029315
0.029313
0.029313
0.029313
0.029313
0.029341
0.029301
0.029357
0.029357
0.029299
0.029257
0.029257
0.029257
0.029257
0.029267
0.029267
0.029267
0.029267
0.029268
0.029268
0.029236
0.029236
0.029248
0.029277
0.029277
0.029277
0.029279
0.029279
0.029279
0.029292
0.029251
0.029218
0.029187
0.029187
0.029190
0.029190
0.029212
0.029212
0.029212
0.029212
0.029212
0.029212
0.029217
0.029233
0.029233
0.029204
0.029235
0.029235
0.029235
0.029235
0.029295
0.029254
0.029209
0.029209
0.029209
0.029209
0.029209
0.029190
0.029176
0.029176
0.029197
0.029197
0.029235
0.029197
0.029217
0.029225
0.029225
0.029225
0.029225
0.029225
0.029225
0.029246
0.029257
0.029257
0.029257
0.029257
0.029257
0.029255
0.029255
0.029255
0.029268
0.029268
0.029268
0.029268
0.029254
0.029254
0.029286
0.029299
0.029299
0.029299
0.029323
0.029369
0.029369
0.029369
0.029383
0.029383
0.029383
0.029408
0.029388
0.029367
0.029350
0.029313
0.029313
0.029339
0.029339
0.029299
0.029299
0.029315
0.029315
0.029342
0.029418
0.029377
0.029377
0.029377
0.029394
0.029394
0.029422
0.029386
0.029386
0.029386
0.029346
0.029364
0.029393
0.029393
0.029393
0.029393
0.029393
0.029435
0.029435
0.029465
0.029502
0.029509
0.029474
0.029474
0.029494
0.029455
0.029485
0.029485
0.029447
0.029447
0.029506
0.029506
0.029466
0.029497
0.029537
0.029537
0.029574
0.029597
0.029562
0.029562
0.029522
0.029521
0.029521
0.029544
0.029544
0.029544
0.029544
0.029544
0.029544
0.029601
0.029641
0.029641
0.029641
0.029641
0.029641
0.029606
0.029574
0.029608
0.029608
0.029608
0.029608
0.029608
0.029608
0.029621
0.029547
0.029547
0.029581
0.029581
0.029581
0.029641
0.029668
0.029636
0.029602
0.029602
0.029567
0.029603
0.029603
0.029630
0.029630
0.029630
0.029662
0.029662
0.029662
0.029662
0.029662
0.029694
0.029694
0.029662
0.029662
0.029662
0.029628
0.029628
0.029661
0.029690
0.029690
0.029727
0.029687
0.029687
0.029687
0.029687
0.029687
0.029656
0.029686
0.029651
0.029659
0.029621
0.029621
0.029659
0.029625
0.029625
0.029625
0.029656
0.029656
0.029656
0.029656
0.029626
0.029626
0.029626
0.029626
0.029626
0.029665
0.029697
0.029697
0.029697
0.029697
0.029697
0.029697
0.029668
0.029629
0.029597
0.029560
0.029525
0.029557
0.029587
0.029587
0.029597
0.029597
0.029570
0.029570
0.029570
0.029570
0.029570
0.029570
0.029603
0.029641
0.029641
0.029641
0.029644
0.029644
0.029571
0.029571
0.029576
0.029546
0.029546
0.029587
0.029588
0.029597
0.029597
0.029562
0.029562
0.029549
0.029510
0.029540
0.029540
0.029543
0.029519
0.029519
0.029519
0.029519
0.029489
0.029487
0.029487
0.029487
0.029463
0.029463
0.029463
0.029431
0.029465
0.029465
0.029465
0.029465
0.029442
0.029442
0.029442
0.029405
0.029375
0.029340
0.029386
0.029401
0.029369
0.029369
0.029406
0.029450
0.029434
0.029434
0.029414
0.029414
0.029414
0.029414
0.029376
0.029345
0.029345
0.029295
0.029295
0.029295
0.029301
0.029301
0.029301
0.029331
0.029312
0.029281
0.029320
0.029320
0.029282
0.029282
0.029248
0.029230
0.029230
0.029238
0.029208
0.029208
0.029208
0.029208
0.029192
0.029235
0.029235
0.029235
0.029198
0.029131
0.029131
0.029116
0.029153
0.029153
0.029153
0.029161
0.029161
0.029132
0.029118
0.029049
0.029049
0.029079
0.029079
0.029079
0.029079
0.029039
0.029039
0.029004
0.029004
0.029004
0.029004
0.028974
0.028962
0.028936
0.028936
0.028936
0.028936
0.028966
0.028955
0.028955
0.028955
0.028929
0.028881
0.028881
0.028881
0.028872
0.028872
0.028842
0.028817
0.028855
0.028855
0.028846
0.028846
0.028876
0.028876
0.028840
0.028816
0.028777
0.028770
0.028770
0.028777
0.028777
0.028743
0.028720
0.028684
0.028684
0.028684
0.028684
0.028684
0.028714
0.028714
0.028687
0.028687
0.028687
0.028687
0.028687
0.028687
0.028683
0.028662
0.028662
0.028632
0.028632
0.028632
0.028630
0.028660
0.028660
0.028640
0.028640
0.028640
0.028639
0.028639
0.028639
0.028639
0.028620
0.028620
0.028621
0.028591
0.028591
0.028591
0.028591
0.028602
0.028604
0.028569
0.028535
0.028535
0.028535
0.028535
0.028522
0.028522
0.028522
0.028522
0.028522
0.028522
0.028526
0.028510
0.028510
0.028510
0.028510
0.028510
0.028516
0.028516
0.028501
0.028501
0.028501
0.028469
0.028476
0.028476
0.028476
0.028463
0.028463
0.028463
0.028471
0.028471
0.028471
0.028471
0.028459
0.092543
0.092543
0.092543
0.092718
0.092685
0.092676
0.092687
0.092688
0.092592
0.092631
0.092535
0.092382
0.092198
0.092088
0.091909
0.091655
0.091480
0.091241
0.090881
0.090557
0.090177
0.089796
0.089520
0.089180
0.088839
0.088446
0.088111
0.087814
0.087499
0.087295
0.086958
0.086676
0.086407
0.086187
0.085962
0.085790
0.085515
0.085319
0.085107
0.084939
0.084747
0.084497
0.084271
0.084102
0.083778
0.083553
0.083383
0.083228
0.083068
0.082865
0.082656
0.082437
0.082215
0.082097
0.081886
0.081708
0.081504
0.081317
0.081181
0.080982
0.080850
0.080685
0.080529
0.080385
0.080288
0.080122
0.080037
0.079999
0.080028
0.079953
0.079808
0.079811
0.079709
0.079619
0.079594
0.079524
0.079518
0.079462
0.079463
0.079432
0.079359
0.079403
0.079334
0.079305
0.079223
0.079135
0.079071
0.079025
0.078948
0.078863
0.078829
0.078826
0.078745
0.078675
0.078583
0.078484
0.078336
0.078206
0.078170
0.078125
0.077969
0.077897
0.077858
0.077825
0.077726
0.077575
0.077519
0.077414
0.077317
0.077188
0.077062
0.076986
0.076856
0.076660
0.076538
0.076413
0.076258
0.076124
0.076029
0.075947
0.075826
0.075669
0.075485
0.075330
0.075086
0.074912
0.074706
0.074569
0.074399
0.074313
0.074149
0.073928
0.073821
0.073627
0.073510
0.073325
0.073119
0.072949
0.072672
0.072507
0.072357
0.072147
0.071932
0.071734
0.071630
0.071471
0.071295
0.071032
0.070780
0.070665
0.070376
0.070172
0.069913
0.069740
0.069578
0.069328
0.069110
0.068903
0.068762
0.068556
0.068307
0.068079
0.067824
0.067655
0.067448
0.067269
0.067017
0.066784
0.066614
0.066349
0.066106
0.065878
0.065684
0.065591
0.065451
0.065211
0.064987
0.064788
0.064591
0.064364
0.064204
0.063973
0.063814
0.063612
0.063467
0.063237
0.063066
0.062816
0.062634
0.062472
0.062330
0.062098
0.061922
0.061699
0.061580
0.061403
0.061183
0.061071
0.060959
0.060737
0.060531
0.060389
0.060214
0.060054
0.059896
0.059742
0.059458
0.059355
0.059171
0.059041
0.058886
0.058708
0.058514
0.058326
0.058197
0.058007
0.057804
0.057636
0.057448
0.057287
0.057120
0.057052
0.056837
0.056616
0.056435
0.056298
0.056071
0.055865
0.055643
0.055506
0.055416
0.055248
0.055020
0.054835
0.054700
0.054537
0.054345
0.054107
0.053947
0.053769
0.053534
0.053398
0.053193
0.052979
0.052767
0.052672
0.052493
0.052308
0.052071
0.051876
0.051685
0.051474
0.051303
0.051243
0.050976
0.050717
0.050479
0.050333
0.050103
0.050028
0.049802
0.049571
0.049313
0.049113
0.048888
0.048717
0.048450
0.048231
0.047956
0.047818
0.047570
0.047359
0.047163
0.047018
0.046764
0.046568
0.046392
0.046071
0.045789
0.045581
0.045401
0.045187
0.044989
0.044797
0.044592
0.044246
0.044068
0.043889
0.043618
0.043510
0.043176
0.043019
0.042748
0.042488
0.042346
0.042160
0.041970
0.041792
0.041651
0.041430
0.041252
0.041108
0.040875
0.040737
0.040496
0.040319
0.040179
0.040039
0.039787
0.039606
0.039475
0.039402
0.039268
0.039101
0.038950
0.038763
0.038738
0.038509
0.038356
0.038295
0.038134
0.037953
0.037804
0.037677
0.037536
0.037417
0.037299
0.037097
0.037058
0.036995
0.036913
0.036808
0.036645
0.036503
0.036445
0.036334
0.036229
0.036098
0.036079
0.035957
0.035852
0.035810
0.035701
0.035630
0.035547
0.035444
0.035373
0.035270
0.035097
0.035065
0.034982
0.034934
0.034864
0.034762
0.034695
0.034594
0.034524
0.034461
0.034478
0.034380
0.034377
0.034331
0.034273
0.034203
0.034163
0.034116
0.034047
0.033936
0.033866
0.033811
0.033812
0.033731
0.033735
0.033667
0.033666
0.033549
0.033523
0.033497
0.033429
0.033389
0.033321
0.033264
0.033268
0.033194
0.033084
0.033119
0.033004
0.032981
0.032985
0.032896
0.032874
0.032813
0.032747
0.032725
0.032761
0.032695
0.032667
0.032651
0.032651
0.032545
0.032521
0.032439
0.032327
0.032273
0.032232
0.032242
0.032177
0.032169
0.032152
0.032152
0.032088
0.032102
0.032110
0.032023
0.031961
0.031914
0.031898
0.031755
0.031612
0.031584
0.031569
0.031569
0.031507
0.031548
0.031572
0.031553
0.031473
0.031520
0.031519
0.031501
0.031418
0.031291
0.031303
0.031257
0.031221
0.031019
0.031019
0.031009
0.031015
0.030981
0.030971
0.031011
0.030974
0.030926
0.030860
0.030817
0.030787
0.030695
0.030636
0.030636
0.030641
0.030609
0.030667
0.030712
0.030687
0.030631
0.030654
0.030584
0.030543
0.030470
0.030441
0.030441
0.030423
0.030412
0.030413
0.030449
0.030470
0.030403
0.030445
0.030484
0.030528
0.030458
0.030470
0.030455
0.030455
0.030403
0.030385
0.030362
0.030311
0.030347
0.030275
0.030275
0.030229
0.030303
0.030392
0.030376
0.030327
0.030327
0.030306
0.030281
0.030267
0.030316
0.030317
0.030240
0.030253
0.030290
0.030230
0.030230
0.030270
0.030311
0.030227
0.030201
0.030251
0.030201
0.030192
0.030198
0.030168
0.030169
0.030255
0.030296
0.030289
0.030316
0.030246
0.030239
0.030156
0.030240
0.030254
0.030228
0.030221
0.030221
0.030221
0.030172
0.030276
0.030252
0.030282
0.030294
0.030304
0.030304
0.030305
0.030350
0.030324
0.030271
0.030272
0.030272
0.030351
0.030316
0.030316
0.030431
0.030393
0.030335
0.030337
0.030335
0.030287
0.030287
0.030349
0.030364
0.030317
0.030349
0.030381
0.030400
0.030403
0.030460
0.030490
0.030409
0.030468
0.030504
0.030532
0.030454
0.030417
0.030442
0.030442
0.030396
0.030433
0.030433
0.030442
0.030415
0.030375
0.030375
0.030375
0.030375
0.030425
0.030445
0.030445
0.030417
0.030428
0.030412
0.030378
0.030363
0.030399
0.030498
0.030542
0.030532
0.030532
0.030555
0.030606
0.030574
0.030531
0.030618
0.030618
0.030651
0.030618
0.030549
0.030560
0.030529
0.030529
0.030503
0.030503
0.030597
0.030597
0.030556
0.030525
0.030543
0.030543
0.030543
0.030502
0.030530
0.030530
0.030532
0.030654
0.030654
0.030662
0.030662
0.030662
0.030681
0.030644
0.030644
0.030644
0.030644
0.030644
0.030604
0.030596
0.030596
0.030552
0.030584
0.030555
0.030559
0.030533
0.030555
0.030555
0.030555
0.030518
0.030518
0.030527
0.030527
0.030629
0.030629
0.030634
0.030634
0.030609
0.030544
0.030544
0.030544
0.030583
0.030559
0.030559
0.030530
0.030516
0.030580
0.030564
0.030564
0.030588
0.030588
0.030588
0.030588
0.030533
0.030540
0.030540
0.030540
0.030566
0.030545
0.030545
0.030513
0.030509
0.030497
0.030477
0.030477
0.030477
0.030504
0.030504
0.030454
0.030454
0.030454
0.030454
0.030425
0.030407
0.030407
0.030377
0.030420
0.030420
0.030432
0.030470
0.030470
0.030420
0.030430
0.030357
0.030357
0.030347
0.030415
0.030415
0.030380
0.030413
0.030413
0.030385
0.030385
0.030420
0.030407
0.030407
0.030407
0.030398
0.030398
0.030359
0.030359
0.030395
0.030395
0.030360
0.030349
0.030381
0.030381
0.030414
0.030414
0.030410
0.030445
0.030368
0.030368
0.030368
0.030359
0.030309
0.030309
0.030309
0.030349
0.030241
0.030241
0.030241
0.030193
0.030225
0.030183
0.030218
0.030179
0.030179
0.030179
0.030175
0.030150
0.030190
0.030183
0.030183
0.030183
0.030155
0.030120
0.030120
0.030120
0.030152
0.030112
0.030112
0.030088
0.030116
0.030151
0.030191
0.030114
0.030162
0.030134
0.030099
0.030099
0.030099
0.030099
0.030059
0.030061
0.030038
0.030005
0.030005
0.030040
0.029979
0.030017
0.030017
0.029929
0.029887
0.029887
0.029859
0.029859
0.029819
0.029764
0.029764
0.029770
0.029770
0.029770
0.029770
0.029779
0.029786
0.029786
0.029786
0.029744
0.029744
0.029712
0.029712
0.029660
0.029660
0.029698
0.029708
0.029708
0.029708
0.029708
0.029708
0.029687
0.029644
0.029644
0.029644
0.029679
0.029691
0.029671
0.029636
0.029607
0.029569
0.029583
0.029583
0.029577
0.029577
0.029577
0.029592
0.029597
0.029597
0.029597
0.029568
0.029584
0.029564
0.029564
0.029564
0.029494
0.029512
0.029512
0.029471
0.029471
0.029471
0.029523
0.029497
0.029497
0.029497
0.029455
0.029440
0.029438
0.029419
0.029419
0.029394
0.029414
0.029448
0.029448
0.029448
0.029491
0.029469
0.029469
0.029469
0.029480
0.029466
0.029489
0.029489
0.029451
0.029433
0.029433
0.029414
0.029391
0.029356
0.029356
0.029279
0.029304
0.029304
0.029304
0.029366
0.029345
0.029328
0.029328
0.029328
0.029328
0.029287
0.029335
0.029333
0.029342
0.029295
0.029295
0.029323
0.029280
0.029266
0.029266
0.029293
0.029328
0.029357
0.029338
0.029338
0.029338
0.029338
0.029325
0.029325
0.029325
0.029298
0.029251
0.029234
0.029264
0.029226
0.029226
0.029226
0.029282
0.029240
0.029272
0.029222
0.029206
0.029169
0.029140
0.029081
0.029053
0.029085
0.029085
0.029085
0.029044
0.029008
0.029008
0.028995
0.029056
0.029075
0.029075
0.029075
0.029075
0.029075
0.029075
0.029108
0.029005
0.028956
0.028921
0.028921
0.028921
0.028921
0.028884
0.028954
0.028982
0.029003
0.029003
0.029003
0.028963
0.028929
0.028977
0.029013
0.028986
0.028986
0.028986
0.028986
0.028936
0.028920
0.028920
0.028888
0.028888
0.028872
0.028872
0.028872
0.028872
0.028872
0.028906
0.028878
0.028888
0.028888
0.028888
0.028888
0.028926
0.028926
0.028959
0.028921
0.028921
0.028891
0.028891
0.028943
0.028943
0.028943
0.028943
0.028945
0.028945
0.028955
0.028955
0.028944
0.028944
0.028903
0.028944
0.028878
0.028878
0.028856
0.028885
0.028870
0.028870
0.028870
0.028821
0.028821
0.028794
0.028718
0.028690
0.028775
0.028775
0.028803
0.028775
0.028749
0.028749
0.028665
0.028713
0.028713
0.028676
0.028676
0.028651
0.028651
0.028651
0.028651
0.028668
0.028696
0.028712
0.028687
0.028687
0.028687
