1.517282
1.347134
1.186516
1.072570
1.008465
0.981134
0.973223
0.973728
0.974010
0.973114
0.971654
0.970251
0.969361
0.968860
0.968790
0.969007
0.969365
0.969457
0.969510
0.969293
0.968570
0.967610
0.966329
0.964900
0.963470
0.962203
0.960972
0.959611
0.958489
0.957367
0.956318
0.955196
0.954123
0.952934
0.951925
0.950867
0.949707
0.948648
0.947619
0.946552
0.945430
0.944305
0.943265
0.942330
0.941321
0.940089
0.939170
0.938034
0.936647
0.935524
0.934247
0.932964
0.931799
0.930765
0.929611
0.928576
0.927522
0.926446
0.925229
0.924236
0.923165
0.922095
0.921224
0.920224
0.919225
0.918132
0.917213
0.916093
0.915093
0.913894
0.912414
0.911229
0.909854
0.908602
0.907345
0.906056
0.904940
0.903731
0.902728
0.901548
0.900358
0.899157
0.897714
0.896422
0.894983
0.893455
0.892124
0.890537
0.889174
0.887583
0.885984
0.884416
0.882887
0.881283
0.879642
0.877908
0.876182
0.874643
0.872761
0.870660
0.868699
0.866946
0.864983
0.863169
0.861037
0.859046
0.857089
0.854939
0.852889
0.850532
0.848518
0.846362
0.844095
0.841959
0.839971
0.837882
0.835918
0.834183
0.832562
0.831249
0.829758
0.828221
0.826806
0.825055
0.823257
0.821155
0.818600
0.816156
0.813459
0.810888
0.808135
0.805731
0.803264
0.800887
0.798783
0.797206
0.795472
0.793919
0.792335
0.790790
0.789241
0.787654
0.785988
0.783730
0.781792
0.779654
0.777403
0.775438
0.773313
0.771317
0.769494
0.767698
0.766138
0.764537
0.763190
0.761670
0.759759
0.757954
0.756122
0.754155
0.752180
0.749944
0.747581
0.745178
0.742871
0.740628
0.738071
0.735773
0.733513
0.731200
0.729306
0.727581
0.725833
0.724396
0.722798
0.721112
0.719450
0.717843
0.715679
0.713668
0.711390
0.709247
0.707008
0.705100
0.703143
0.701441
0.699806
0.698344
0.697168
0.695943
0.694622
0.693517
0.692313
0.690922
0.689533
0.687881
0.686035
0.684000
0.682025
0.679809
0.677669
0.675534
0.673531
0.671384
0.669600
0.667856
0.666487
0.665114
0.663852
0.662701
0.661651
0.660311
0.659109
0.657510
0.655671
0.653890
0.652096
0.650029
0.647820
0.645912
0.643896
0.642055
0.640301
0.638963
0.637846
0.636681
0.635798
0.635004
0.634133
0.633080
0.631879
0.630607
0.628961
0.626928
0.624893
0.622740
0.620601
0.618506
0.616317
0.614452
0.612299
0.610686
0.609157
0.607717
0.606589
0.605555
0.604670
0.603648
0.602651
0.601433
0.599990
0.598206
0.596265
0.594107
0.591910
0.589749
0.587750
0.585751
0.583762
0.582355
0.581264
0.580451
0.579946
0.579535
0.579030
0.578365
0.577748
0.577243
0.576235
0.574880
0.573000
0.570981
0.568795
0.566831
0.564645
0.562511
0.560591
0.558992
0.557794
0.556936
0.556233
0.555495
0.554829
0.553987
0.553403
0.552418
0.550894
0.549144
0.547235
0.545121
0.543023
0.540905
0.539002
0.537075
0.535203
0.533541
0.532365
0.531158
0.530302
0.529432
0.528481
0.527626
0.526581
0.525739
0.524582
0.523079
0.521255
0.519119
0.517098
0.515086
0.513074
0.511103
0.509092
0.507536
0.506259
0.505332
0.504398
0.503636
0.502822
0.502025
0.501119
0.500075
0.499217
0.497751
0.495861
0.493990
0.492098
0.490261
0.488252
0.486271
0.484263
0.482293
0.480777
0.479538
0.478426
0.477457
0.476659
0.475853
0.474917
0.473810
0.472613
0.471527
0.470023
0.468421
0.466500
0.464560
0.462554
0.460608
0.458636
0.456679
0.454768
0.453080
0.451624
0.450539
0.449983
0.449654
0.449264
0.449014
0.448271
0.447350
0.446253
0.444914
0.443407
0.441983
0.440455
0.439137
0.438038
0.436838
0.435726
0.434404
0.433344
0.432300
0.431115
0.429905
0.428876
0.427555
0.426222
0.425415
0.424788
0.424248
0.423485
0.422964
0.422413
0.421816
0.421022
0.419656
0.418368
0.416977
0.415653
0.414048
0.412781
0.411271
0.410010
0.408722
0.407395
0.406048
0.404680
0.403354
0.402029
0.400681
0.399406
0.398052
0.396556
0.395357
0.394168
0.392711
0.391424
0.390115
0.388617
0.387344
0.386159
0.384775
0.383511
0.382370
0.381160
0.380077
0.379685
0.379124
0.378411
0.377849
0.377210
0.376021
0.374818
0.373574
0.372249
0.370944
0.369697
0.368615
0.367305
0.366147
0.364931
0.363637
0.362265
0.361015
0.359863
0.358447
0.357204
0.355963
0.354669
0.353486
0.352125
0.350820
0.349486
0.348340
0.346926
0.345527
0.344303
0.342934
0.341498
0.340152
0.338728
0.337438
0.335953
0.334555
0.333172
0.331726
0.330235
0.328783
0.327300
0.325888
0.324273
0.322851
0.321404
0.319872
0.318251
0.316747
0.315220
0.313615
0.311888
0.310104
0.308348
0.306573
0.304746
0.302908
0.301198
0.299521
0.297960
0.296370
0.294884
0.293349
0.291782
0.290222
0.288433
0.286745
0.285146
0.283415
0.281733
0.280152
0.278519
0.277126
0.275705
0.274190
0.272612
0.271236
0.269637
0.268179
0.266754
0.265321
0.263806
0.262462
0.261078
0.259875
0.258593
0.257209
0.255967
0.254742
0.253620
0.252329
0.251107
0.249943
0.248738
0.247639
0.246592
0.245388
0.244302
0.243246
0.242224
0.241212
0.240260
0.239353
0.238297
0.237261
0.236463
0.235495
0.234537
0.233730
0.232747
0.231920
0.231009
0.230114
0.229276
0.228465
0.227682
0.226849
0.225982
0.225136
0.224359
0.223539
0.222760
0.221901
0.221176
0.220410
0.219636
0.218973
0.218194
0.217477
0.216618
0.216036
0.215179
0.214502
0.213800
0.213034
0.212346
0.211505
0.211008
0.210223
0.209537
0.208910
0.208176
0.207569
0.206903
0.206089
0.205533
0.204805
0.204088
0.203317
0.202644
0.202054
0.201382
0.200766
0.199991
0.199453
0.198818
0.198015
0.197494
0.196889
0.196199
0.195508
0.194898
0.194198
0.193499
0.192892
0.192237
0.191602
0.190892
0.190311
0.189678
0.188949
0.188388
0.187812
0.187121
0.186495
0.185968
0.185215
0.184659
0.183973
0.183427
0.182798
0.182162
0.181557
0.180956
0.180136
0.179637
0.179050
0.178464
0.177958
0.177220
0.176663
0.176118
0.175478
0.174819
0.174306
0.173780
0.173171
0.172513
0.172064
0.171460
0.170942
0.170413
0.169762
0.169187
0.168625
0.168191
0.167607
0.167115
0.166567
0.166012
0.165580
0.165114
0.164580
0.164023
0.163564
0.163036
0.162570
0.162098
0.161576
0.161072
0.160550
0.160099
0.159749
0.159192
0.158764
0.158333
0.157852
0.157354
0.157013
0.156647
0.156055
0.155623
0.155270
0.154847
0.154309
0.153978
0.153711
0.153211
0.152817
0.152444
0.151973
0.151506
0.151248
0.150922
0.150530
0.150089
0.149695
0.149409
0.148970
0.148594
0.148224
0.147971
0.147613
0.147233
0.146859
0.146544
0.146155
0.145936
0.145581
0.145232
0.144899
0.144668
0.144270
0.143960
0.143554
0.143378
0.143102
0.142777
0.142523
0.142107
0.141959
0.141667
0.141429
0.141157
0.140740
0.140480
0.140299
0.140070
0.139806
0.139513
0.139299
0.139107
0.138858
0.138585
0.138251
0.138023
0.137725
0.137514
0.137347
0.137174
0.136855
0.136639
0.136369
0.136185
0.135929
0.135628
0.135435
0.135266
0.135061
0.134885
0.134592
0.134346
0.134136
0.133940
0.133700
0.133493
0.133285
0.133088
0.132856
0.132717
0.132399
0.132069
0.131879
0.131718
0.131481
0.131311
0.131038
0.130875
0.130689
0.130383
0.130293
0.130007
0.129843
0.129675
0.129456
0.129203
0.128991
0.128798
0.128571
0.128345
0.128060
0.127913
0.127721
0.127483
0.127336
0.127202
0.126965
0.126768
0.126641
0.126453
0.126229
0.126041
0.125852
0.125638
0.125531
0.125388
0.125277
0.124995
0.124797
0.124642
0.124490
0.124461
0.124348
0.124153
0.123960
0.123862
0.123623
0.123553
0.123408
0.123252
0.123178
0.123000
0.122901
0.122680
0.122602
0.122497
0.122466
0.122222
0.122163
0.122056
0.121909
0.121841
0.121769
0.121697
0.121555
0.121452
0.121405
0.121275
0.121228
0.121164
0.121147
0.121046
0.120909
0.120849
0.120743
0.120731
0.120693
0.120577
0.120480
0.120442
0.120387
0.120412
0.120289
0.120269
0.120300
0.120271
0.120210
0.120036
0.120103
0.120045
0.120049
0.120020
0.119989
0.119974
0.119935
0.120011
0.120006
0.120000
0.119981
0.119937
0.119907
0.119969
0.119895
0.119940
0.119941
0.120034
0.119912
0.119908
0.119985
0.119899
0.119944
0.119988
0.120051
0.120003
0.120009
0.120019
0.120104
0.120164
0.120133
0.120180
0.120280
0.120167
0.120172
0.120179
0.120166
0.120215
0.120237
0.120329
0.120281
0.120194
0.120209
0.120321
0.120335
0.120349
0.120342
0.120341
0.120266
0.120330
0.120335
0.120333
0.120421
0.120420
0.120456
0.120453
0.120421
0.120419
0.120505
0.120534
0.120549
0.120526
0.120526
0.120568
0.120647
0.120536
0.120582
0.120651
0.120614
0.120663
0.120663
0.120643
0.120646
0.120652
0.120689
0.120689
0.120688
0.120723
0.120792
0.120764
0.120810
0.120808
0.120850
0.120888
0.120845
0.120814
0.120810
0.120810
0.120810
0.120868
0.120918
0.120914
0.120902
0.120940
0.120898
0.120968
0.120936
0.121017
0.121017
0.120979
0.121011
0.120977
0.121053
0.121121
0.121120
0.121111
0.121154
0.121155
0.121105
0.121193
0.121226
0.121226
0.121226
0.121271
0.121271
0.121245
0.121278
0.121365
0.121325
0.121325
0.121327
0.121294
0.121327
0.121412
0.121412
0.121432
0.121445
0.121446
0.121445
0.121479
0.121479
0.121492
0.121492
0.121492
0.121492
0.121504
0.121565
0.121610
0.121610
0.121610
0.121643
0.121644
0.121644
0.121679
0.121666
0.121717
0.121716
0.121718
0.121718
0.121718
0.121718
0.121725
0.121809
0.121809
0.121809
0.121810
0.121836
0.121836
0.121873
0.121873
0.121874
0.121908
0.121958
0.121924
0.121924
0.121924
0.121933
0.121978
0.121978
0.121980
0.121980
0.122046
0.122182
0.122151
0.122151
0.122151
0.122191
0.122191
0.122193
0.122170
0.122220
0.122222
0.122222
0.122185
0.122185
0.122208
0.122208
0.122208
0.122297
0.122370
0.122370
0.122370
0.122372
0.122422
0.122422
0.122424
0.122457
0.122492
0.122494
0.122544
0.122545
0.122540
0.122540
0.122542
0.122572
0.122523
0.122545
0.122547
0.122597
0.122633
0.122572
0.122572
0.122606
0.122657
0.122659
0.122660
0.122645
0.122696
0.122698
0.122730
0.122730
0.122746
0.122810
0.122762
0.122731
0.122781
0.122795
0.122832
0.122882
0.122883
0.122833
0.122808
0.122907
0.122908
0.122833
0.122870
0.122920
0.122923
0.122923
0.122856
0.122856
0.122858
0.122945
0.122947
0.122947
0.122897
0.122980
0.122982
0.122934
0.122983
0.123044
0.122996
0.122996
0.123017
0.123053
0.122971
0.123021
0.123021
0.123024
0.123073
0.123057
0.123057
0.123042
0.123017
0.123017
0.123021
0.123023
0.122991
0.122991
0.122943
0.122993
0.122996
0.123054
0.123135
0.123085
0.123087
0.123137
0.123137
0.123089
0.123092
0.123094
0.123133
0.123053
0.123103
0.123103
0.123055
0.123090
0.123174
0.123174
0.123174
0.123268
0.123218
0.123220
0.123220
0.123220
0.123222
0.123143
0.123224
0.123197
0.123197
0.123174
0.123206
0.123206
0.123206
0.123206
0.123256
0.123258
0.123213
0.123213
0.123234
0.123153
0.123155
0.123155
0.123198
0.123198
0.123180
0.123232
0.123232
0.123185
0.123185
0.123185
0.123235
0.123235
0.123235
0.123203
0.123206
0.123172
0.123172
0.123124
0.123206
0.123156
0.123159
0.123132
0.123185
0.123185
0.123220
0.123220
0.123220
0.123232
0.123232
0.123182
0.123185
0.123185
0.123251
0.123251
0.123254
0.123204
0.123232
0.123226
0.123226
0.123226
0.123226
0.123195
0.123284
0.123284
0.123284
0.123284
0.123266
0.123316
0.123319
0.123252
0.123252
0.123252
0.123254
0.123254
0.123254
0.123223
0.123223
0.123223
0.123273
0.123273
0.123254
0.123254
0.123254
0.123229
0.123232
0.123232
0.123232
0.123182
0.123182
0.123203
0.123203
0.123203
0.123203
0.123203
0.123235
0.123235
0.123209
0.123256
0.123256
0.123299
0.123299
0.123252
0.123238
0.123257
0.123207
0.123175
0.123175
0.123175
0.123206
0.123206
0.123245
0.123251
0.123301
0.123346
0.123346
0.123291
0.123241
0.123251
0.123251
0.123254
0.123254
0.123254
0.123285
0.123289
0.123327
0.123321
0.123321
0.123321
0.123324
0.123336
0.123336
0.123254
0.123257
0.123257
0.123207
0.123207
0.123289
0.123292
0.123330
0.123330
0.123330
0.123330
0.123330
0.123330
0.123260
0.123260
0.123260
0.123210
0.123260
0.123260
0.123292
0.123280
0.123280
0.123280
0.123280
0.123280
0.123280
0.123280
0.123210
0.123260
0.123238
0.123244
0.123287
0.123287
0.123287
0.123307
0.123307
0.123307
0.123307
0.123307
0.123357
0.123399
0.123329
0.123329
0.123329
0.123329
0.123329
0.123329
0.123329
0.123349
0.123349
0.123353
0.123353
0.123353
0.123303
0.123353
0.123343
0.123343
0.123343
0.123343
0.123343
0.123343
0.123343
0.123377
0.123377
0.123334
0.123334
0.123334
0.123305
0.123291
0.123221
0.123221
0.123221
0.123268
0.123268
0.123268
0.123306
0.123338
0.123338
0.123338
0.123338
0.123338
0.123338
0.123341
0.123310
0.123222
0.123222
0.123222
0.123222
0.123222
0.123260
0.123291
0.123291
0.123291
0.123334
0.123334
0.123377
0.123334
0.123353
0.123314
0.123357
0.123307
0.123352
0.123352
0.123391
0.123422
0.123422
0.123422
0.123422
0.123422
0.123422
0.123422
0.123391
0.123352
0.123352
0.123352
0.123352
0.123352
0.123366
0.123397
0.123397
0.123397
0.123405
0.123454
0.123454
0.123454
0.123400
0.123400
0.123400
0.123333
0.123333
0.123333
0.123383
0.123414
0.123414
0.123414
0.123414
0.123414
0.123414
0.123383
0.123383
0.123383
0.123383
0.123383
0.123383
0.123383
0.123383
0.123383
0.123364
0.123364
0.123364
0.123407
0.123407
0.123376
0.123376
0.123376
0.123376
0.123376
0.123376
0.123376
0.123376
0.123376
0.123392
0.123392
0.123392
0.123392
0.123392
0.123319
0.123319
0.123319
0.123319
0.123319
0.123319
0.123319
0.123319
0.123319
0.123350
0.123368
0.123368
0.123368
0.123368
0.123287
0.123287
0.123287
0.123287
0.123284
0.123284
0.123284
0.123284
0.123334
0.123365
0.123387
0.123387
0.123387
0.123338
0.123306
0.123306
0.123306
0.123266
0.123266
0.123266
0.123266
0.123266
0.123266
0.123297
0.123297
0.123297
0.123297
0.123297
0.123266
0.123266
0.123266
0.123266
0.123266
0.123266
0.123266
0.123266
0.123266
0.123266
0.123266
0.123266
0.123266
0.123310
0.123310
0.123270
0.123270
0.123246
0.123243
0.123243
0.123193
0.123193
0.123193
0.123193
0.123193
0.123193
0.123243
0.123243
0.123243
0.123243
0.123243
0.123243
0.123243
0.123243
0.123193
0.123193
0.123193
0.123203
0.123203
0.123203
0.123203
0.123203
0.123203
0.123203
0.123143
0.123218
0.123218
0.123218
0.123218
0.123218
0.123215
0.123215
0.123215
0.123215
0.123215
0.123262
0.123770
0.125922
0.130776
0.137818
0.146571
0.156021
0.165809
0.175566
0.185084
0.194471
0.203664
0.212881
0.222273
0.231881
0.241651
0.251339
0.260432
0.268248
0.274472
0.278755
0.281168
0.282177
0.282177
0.281639
0.281052
0.280672
0.280545
0.280640
0.280830
0.281051
0.281098
0.280845
0.280440
0.279871
0.279222
0.278684
0.278273
0.278020
0.277862
0.277856
0.277904
0.277998
0.278062
0.278109
0.278077
0.277983
0.277888
0.277840
0.277793
0.277793
0.277682
0.276750
0.274096
0.269427
0.262793
0.254737
0.245855
0.236907
0.228219
0.220010
0.212247
0.204823
0.197751
0.190887
0.184512
0.179102
0.174931
0.172014
0.170204
0.169271
0.169047
0.169163
0.169255
0.169163
0.168646
0.167895
0.166958
0.166028
0.165326
0.164878
0.164893
0.165245
0.165917
0.166718
0.167358
0.167746
0.167907
0.167941
0.167882
0.167905
0.168066
0.168258
0.168573
0.168866
0.169099
0.169176
0.169165
0.169095
0.168977
0.168897
0.168808
0.168788
0.168739
0.168622
0.168477
0.168334
0.168118
0.167930
0.167744
0.167552
0.167345
0.167192
0.167011
0.166829
0.166623
0.166430
0.166260
0.166054
0.165896
0.165690
0.165545
0.165338
0.165181
0.164975
0.164768
0.164611
0.164379
0.164188
0.163982
0.163825
0.163606
0.163448
0.163200
0.163042
0.162836
0.162678
0.162472
0.162314
0.162108
0.161938
0.161781
0.161575
0.161417
0.161237
0.161080
0.160874
0.160673
0.160467
0.160309
0.160103
0.159945
0.159739
0.159581
0.159363
0.159206
0.159000
0.158842
0.158636
0.158478
0.158272
0.158103
0.157896
0.157739
0.157553
0.157395
0.157189
0.157003
0.156785
0.156627
0.156421
0.156263
0.156057
0.155900
0.155694
0.155524
0.155367
0.155161
0.154977
0.154771
0.154613
0.154407
0.154250
0.154032
0.153834
0.153627
0.153470
0.153264
0.153106
0.152862
0.152704
0.152498
0.152341
0.152135
0.151977
0.151771
0.151614
0.151396
0.151239
0.151033
0.150876
0.150670
0.150535
0.150329
0.150182
0.149976
0.149781
0.149624
0.149429
0.149223
0.149077
0.148871
0.148651
0.148521
0.148326
0.148168
0.147962
0.147768
0.147610
0.147404
0.147235
0.147029
0.146872
0.146675
0.146458
0.146300
0.146094
0.145937
0.145731
0.145620
0.145403
0.145245
0.145039
0.144882
0.144676
0.144440
0.144123
0.143866
0.143583
0.143278
0.142871
0.142302
0.141798
0.141193
0.140636
0.139971
0.139464
0.138859
0.138353
0.137751
0.137194
0.136529
0.135983
0.135428
0.134982
0.134288
0.133693
0.133098
0.132503
0.131851
0.131306
0.130704
0.130156
0.129664
0.129009
0.128418
0.127827
0.127183
0.126581
0.125922
0.125278
0.124826
0.124239
0.123596
0.122994
0.122355
0.121716
0.121118
0.120479
0.119845
0.119300
0.118666
0.118061
0.117476
0.116830
0.116144
0.115560
0.114865
0.114239
0.113655
0.112974
0.112430
0.111904
0.111229
0.110641
0.110012
0.109393
0.108752
0.108184
0.107490
0.106917
0.106388
0.105818
0.105249
0.104736
0.104108
0.103442
0.102883
0.102374
0.101802
0.101303
0.100748
0.100244
0.099775
0.099271
0.098770
0.098318
0.097812
0.097325
0.096830
0.096392
0.095899
0.095450
0.095007
0.094626
0.094236
0.093791
0.093319
0.092943
0.092510
0.092138
0.091755
0.091368
0.090988
0.090670
0.090295
0.089981
0.089635
0.089276
0.088907
0.088648
0.088328
0.088001
0.087725
0.087451
0.087160
0.086877
0.086550
0.086185
0.085919
0.085612
0.085371
0.085149
0.084833
0.084570
0.084277
0.084076
0.083823
0.083750
0.083644
0.083703
0.083598
0.083516
0.083411
0.083445
0.083325
0.083273
0.083256
0.083092
0.083130
0.083082
0.083027
0.083026
0.083043
0.083084
0.083044
0.082986
0.082944
0.082877
0.082783
0.082830
0.082817
0.082797
0.082920
0.082909
0.082938
0.082894
0.082853
0.082936
0.082967
0.083003
0.082974
0.083010
0.083056
0.083090
0.083100
0.083055
0.083009
0.083089
0.083101
0.083085
0.083098
0.083136
0.083175
0.083204
0.083175
0.083216
0.083235
0.083197
0.083196
0.083191
0.083278
0.083275
0.083276
0.083317
0.083391
0.083390
0.083393
0.083436
0.083341
0.083173
0.083026
0.082813
0.082736
0.082659
0.082447
0.082306
0.082184
0.082035
0.081755
0.081482
0.081166
0.080834
0.080517
0.080230
0.079877
0.079595
0.079154
0.078888
0.078469
0.078190
0.077817
0.077441
0.077182
0.076838
0.076455
0.076085
0.075746
0.075419
0.074944
0.074583
0.074265
0.073906
0.073481
0.073124
0.072685
0.072295
0.071909
0.071502
0.071151
0.070699
0.070329
0.069904
0.069527
0.069108
0.068670
0.068295
0.067891
0.067443
0.067040
0.066605
0.066200
0.065875
0.065561
0.065129
0.064724
0.064293
0.063810
0.063381
0.062947
0.062519
0.062056
0.061666
0.061158
0.060733
0.060376
0.059879
0.059455
0.059063
0.058606
0.058359
0.057982
0.057591
0.057199
0.056819
0.056368
0.055976
0.055561
0.055139
0.054761
0.054369
0.054021
0.053644
0.053252
0.052900
0.052487
0.052080
0.051758
0.051423
0.051035
0.050683
0.050348
0.049960
0.049608
0.049227
0.048882
0.048530
0.048232
0.047845
0.047529
0.047158
0.046891
0.046616
0.046327
0.046031
0.045720
0.045434
0.045159
0.044894
0.044619
0.044375
0.044101
0.043871
0.043598
0.043354
0.043132
0.042893
0.042686
0.042476
0.042204
0.041983
0.041811
0.041567
0.041367
0.041181
0.041009
0.040730
0.040558
0.040341
0.040194
0.039985
0.039744
0.039574
0.039390
0.039262
0.039053
0.038883
0.038756
0.038573
0.038404
0.038235
0.038107
0.037974
0.037806
0.037694
0.037556
0.037389
0.037254
0.037087
0.036920
0.036853
0.036646
0.036548
0.036383
0.036216
0.036074
0.036009
0.035831
0.035736
0.035616
0.035464
0.035328
0.035264
0.035128
0.034946
0.034855
0.034786
0.034624
0.034555
0.034479
0.034340
0.034250
0.034115
0.034046
0.033911
0.033784
0.033695
0.033611
0.033522
0.033388
0.033320
0.033186
0.033118
0.033007
0.032919
0.032805
0.032768
0.032680
0.032567
0.032480
0.032347
0.032303
0.032170
0.032038
0.031926
0.031893
0.031780
0.031694
0.031616
0.031505
0.031392
0.031326
0.031272
0.031114
0.031048
0.031016
0.030930
0.030885
0.030741
0.030696
0.030565
0.030521
0.030390
0.030324
0.030279
0.030214
0.030103
0.030043
0.029934
0.029889
0.029824
0.029715
0.029649
0.029541
0.029552
0.029423
0.029296
0.029205
0.029123
0.029078
0.029013
0.029029
0.028912
0.028799
0.028755
0.028695
0.028630
0.028539
0.028551
0.028461
0.028379
0.028289
0.028273
0.028230
0.028140
0.028067
0.028039
0.028030
0.027988
0.027947
0.027819
0.027778
0.027738
0.027608
0.027593
0.027554
0.027453
0.027453
0.027369
0.027318
0.027318
0.027282
0.027241
0.027208
0.027176
0.027145
0.027149
0.027109
0.027034
0.027002
0.027002
0.026930
0.026916
0.026847
0.026867
0.026854
0.026746
0.026731
0.026731
0.026718
0.026708
0.026719
0.026762
0.026758
0.026709
0.026695
0.026696
0.026648
0.026635
0.026591
0.026635
0.026653
0.026592
0.026601
0.026612
0.026612
0.026627
0.026643
0.026643
0.026660
0.026702
0.026673
0.026660
0.026612
0.026632
0.026632
0.026613
0.026635
0.026632
0.026655
0.026725
0.026749
0.026700
0.026726
0.026725
0.026751
0.026751
0.026739
0.026757
0.026757
0.026708
0.026697
0.026763
0.026715
0.026715
0.026777
0.026816
0.026844
0.026844
0.026883
0.026912
0.026912
0.026872
0.026880
0.026880
0.026880
0.026832
0.026870
0.026889
0.026840
0.026840
0.026879
0.026908
0.026908
0.026908
0.026977
0.026977
0.026977
0.027015
0.026958
0.026948
0.026948
0.026917
0.026917
0.026917
0.026899
0.026899
0.026937
0.026937
0.026937
0.027006
0.027006
0.026995
0.026995
0.027034
0.027064
0.026977
0.026977
0.026929
0.026967
0.026967
0.026957
0.026957
0.026977
0.026977
0.026977
0.026977
0.027016
0.027016
0.027046
0.027046
0.027081
0.027120
0.027034
0.027034
0.027016
0.026967
0.026997
0.026997
0.026997
0.027027
0.027027
0.027066
0.027066
0.027095
0.027095
0.027095
0.027134
0.027086
0.027086
0.027086
0.027031
0.027031
0.027070
0.027070
0.027070
0.027070
0.027070
0.027070
0.027110
0.027113
0.027113
0.027064
0.027055
0.027055
0.027055
0.027075
0.027075
0.027115
0.027081
0.027081
0.027041
0.027041
0.027081
0.027081
0.027081
0.027081
0.027081
0.027032
0.027051
0.027051
0.027091
0.027042
0.027042
0.027042
0.027042
0.027042
0.027042
0.027042
0.027009
0.027050
0.027050
0.027050
0.027050
0.027050
0.027030
0.027030
0.027030
0.027030
0.026981
0.027032
0.027032
0.027032
0.027032
0.027032
0.027032
0.027032
0.027032
0.027032
0.027032
0.027001
0.027001
0.027001
0.026993
0.026993
0.026993
0.026993
0.026993
0.026945
0.026945
0.026945
0.026945
0.026993
0.026993
0.026993
0.027004
0.026956
0.026956
0.026956
0.026956
0.026997
0.026949
0.026949
0.026920
0.026920
0.026920
0.026920
0.026920
0.026920
0.026920
0.026920
0.026932
0.026962
0.026962
0.026962
0.026962
0.026914
0.026914
0.026914
0.026914
0.026914
0.026914
0.026892
0.026892
0.026905
0.026905
0.026905
0.026905
0.026905
0.026905
0.026872
0.026872
0.026872
0.026872
0.026886
0.026886
0.026838
0.026838
0.026838
0.026838
0.026886
0.026886
0.026886
0.026886
0.026838
0.026838
0.026853
0.026853
0.026853
0.026853
0.026806
0.026806
0.026806
0.026806
0.026806
0.026806
0.026806
0.026822
0.026822
0.026822
0.026822
0.026798
0.026798
0.026798
0.026785
0.026755
0.026755
0.026755
0.026755
0.026755
0.026755
0.026755
0.026755
0.026755
0.026755
0.026755
0.026772
0.026772
0.026835
0.026835
0.026835
0.026789
0.026789
0.026789
0.026807
0.026807
0.026807
0.026807
0.026807
0.026807
0.026847
0.026847
0.026847
0.026847
0.026866
0.026826
0.026781
0.026781
0.026781
0.026781
0.026761
0.026740
0.026780
0.026800
0.026800
0.026800
0.026800
0.026800
0.026800
0.026800
0.026800
0.026800
0.026806
0.026806
0.026806
0.026806
0.026806
0.026806
0.026776
0.026776
0.026776
0.026776
0.026806
0.026828
0.026828
0.026828
0.026828
0.026828
0.026828
0.026783
0.026783
0.026806
0.026806
0.026806
0.026806
0.026806
0.026806
0.026765
0.026765
0.026765
0.026765
0.026765
0.026789
0.026789
0.026789
0.026789
0.026789
0.026745
0.026745
0.026745
0.026745
0.026745
0.026745
0.026770
0.026770
0.026770
0.026770
0.026753
0.026753
0.026753
0.026753
0.026753
0.026778
0.026778
0.026806
0.026806
0.026806
0.026806
0.026806
0.026806
0.026806
0.026806
0.026806
0.026806
0.026806
0.026832
0.026790
0.026790
0.026790
0.026790
0.026790
0.026790
0.026790
0.026790
0.026790
0.026790
0.026790
0.026790
0.026790
0.026817
0.026799
0.026799
0.026799
0.026799
0.026799
0.026799
0.026799
0.026799
0.026799
0.026799
0.026799
0.026799
0.026826
0.026826
0.026826
0.026826
0.026826
0.026826
0.026826
0.026826
0.026785
0.026785
0.026785
0.026785
0.026785
0.026785
0.026785
0.026814
0.026814
0.026814
0.026814
0.026814
0.026814
0.026814
0.026843
0.026843
0.026843
0.026843
0.026843
0.026814
0.026814
0.026814
0.026814
0.026814
0.026814
0.026872
0.026872
0.026872
0.026872
0.026872
0.026872
0.026872
0.026872
0.026901
0.026901
0.026901
0.026901
0.026901
0.026901
0.026901
0.026901
0.026901
0.026901
0.026901
0.026909
0.026938
0.026938
0.026938
0.026938
0.026978
0.026978
0.026978
0.026938
0.026898
0.026898
0.026898
0.026898
0.026898
0.026898
0.026898
0.026898
0.026898
0.026886
0.026886
0.026886
0.026886
0.026886
0.026886
0.026846
0.026846
0.026846
0.026846
0.026846
0.026916
0.026916
0.026916
0.026916
0.026916
0.026916
0.026916
0.026916
0.026916
0.026916
0.026916
0.026916
0.026916
0.026916
0.026916
0.026916
0.026916
0.026916
0.026916
0.026916
0.026916
0.026916
0.026916
0.026916
0.026916
0.026916
0.026916
0.026916
0.026916
0.026916
0.026916
0.026916
0.026916
0.026916
0.026916
0.026916
0.026946
0.026946
0.026946
0.026946
0.026946
0.026946
0.026946
0.026946
0.026946
0.026946
0.026946
0.026946
0.026946
0.026946
0.026933
0.026933
0.026933
0.026933
0.026933
0.026963
0.026963
0.026933
0.026933
0.026933
0.026933
0.026933
0.026933
0.026933
0.026933
0.026963
0.026963
0.026963
0.026963
0.026963
0.026925
0.026925
0.026925
0.026925
0.026925
0.026925
0.026925
0.026954
0.026954
0.026954
0.026954
0.026954
0.026954
0.026954
0.026954
0.026954
0.026954
0.026954
0.026954
0.026954
0.026954
0.026954
0.026954
0.026954
0.026954
0.026954
0.026954
0.026954
0.026986
0.026986
0.026986
0.026986
0.026986
0.026986
0.026986
0.026986
0.026986
0.026986
0.026986
0.026986
0.026986
0.026986
0.026986
0.026986
0.026986
0.026986
0.026986
0.026986
0.026986
0.026986
0.026986
0.026986
0.026986
0.026986
0.026986
0.026986
0.026986
0.026986
0.026986
0.026986
0.026986
0.026986
0.026986
0.026986
0.026986
0.026986
0.026986
0.026986
0.026986
0.026986
0.026986
0.026986
0.026986
0.026986
0.026986
0.026986
0.026986
0.026986
0.026986
0.026986
0.026986
0.026986
0.026986
0.026986
0.026986
0.026986
0.026986
0.026986
0.026986
0.026986
0.026986
0.026986
0.026986
0.026986
0.026986
0.026986
0.026986
0.026986
0.026948
0.026948
0.026948
0.026948
0.026948
0.026948
0.026948
0.026948
0.026948
0.026948
0.026948
0.026978
0.026978
0.026978
0.026978
0.026978
0.026948
0.026948
0.026948
0.026948
0.026948
0.026948
0.026978
0.026978
0.026978
0.026947
0.026947
0.026947
0.026947
0.026978
0.026978
0.026978
0.026978
0.026978
0.026978
0.026978
0.026978
0.026978
0.026947
0.026947
0.026947
0.026947
0.026947
0.026978
0.027018
0.027018
0.027018
0.027018
0.027018
0.027018
0.026978
0.026978
0.026947
0.026947
0.026947
0.026947
0.026947
0.026978
0.027018
0.027018
0.027018
0.027018
0.027018
0.027018
0.027018
0.026978
0.026947
0.026947
0.026947
0.026947
0.026947
0.027018
0.027018
0.027018
0.027018
0.027018
0.027018
0.027050
0.027050
0.027050
0.027019
0.027019
0.027019
0.027019
0.027019
0.027050
0.027050
0.027050
0.027050
0.027050
0.027050
0.027050
0.027050
0.027050
0.027019
0.027019
0.027019
0.027019
0.027019
0.027050
0.027050
0.027050
0.027050
0.027050
0.027050
0.027050
0.027050
0.027050
0.027019
0.027019
0.027019
0.027019
0.027019
0.027050
0.027050
0.027050
0.027050
0.027050
0.027050
0.027050
0.027050
0.027019
0.027019
0.027019
0.027019
0.027019
0.027019
0.027050
0.027050
0.027050
0.027050
0.027050
0.027050
0.027050
0.027050
0.027019
0.027019
0.027019
0.027049
0.027049
0.027049
0.027080
0.027050
0.027050
0.027050
0.027050
0.027050
0.027050
0.027080
0.027049
0.027049
0.027049
0.027049
0.027049
0.027049
0.027049
0.027080
0.027080
0.027080
0.027080
0.027080
0.027080
0.027080
0.027049
0.027049
0.027049
0.027049
0.027049
0.027049
0.027049
0.027080
0.027080
0.027080
0.027080
0.027080
0.027080
0.027080
0.027049
0.027049
0.027012
0.027012
0.027012
0.027049
0.027049
0.027080
0.027080
0.027080
0.027080
0.027080
0.027043
0.027043
0.027012
0.027012
0.027012
0.027012
0.027012
0.027012
0.027012
0.027043
0.027043
0.027043
0.027043
0.027043
0.027043
0.027043
0.027012
0.027012
0.027012
0.027012
0.027012
0.027012
0.027012
0.027043
0.027043
0.027043
0.027043
0.027043
0.027043
0.027043
0.027012
0.027012
0.027012
0.027012
0.027012
0.027012
0.027012
0.027043
0.027043
0.027043
0.027043
0.027043
0.027043
0.027043
0.027012
0.027012
0.027012
0.027012
0.027012
0.027012
0.027012
0.027043
0.027043
0.027043
0.027043
0.027043
0.027043
0.027043
0.027012
0.027012
0.027012
0.027012
0.027012
0.027012
0.027012
0.027043
0.027043
0.027083
0.027083
0.027083
0.027083
0.027083
0.027052
0.027052
0.027052
0.027052
0.027052
0.027052
0.027052
0.027043
0.027083
0.027083
0.027083
0.027083
0.027083
0.027083
0.027052
0.027082
0.027082
0.027082
0.027082
0.027082
0.027082
0.027113
0.027083
0.027083
0.027083
0.027083
0.027083
0.027113
0.027082
0.027082
0.027082
0.027082
0.027082
0.027082
0.027082
0.027113
0.027113
0.027113
0.027113
0.027113
0.027113
0.027113
0.027082
0.027082
0.027082
0.027082
0.027082
0.027082
0.027082
0.027113
0.027113
0.027113
0.027113
0.027113
0.027113
0.027082
0.027082
0.027082
0.027082
0.027082
0.027082
0.027082
0.027082
0.027082
0.027113
0.027113
0.027113
0.027113
0.027113
0.027082
0.027082
0.027082
0.027082
0.027082
0.027082
0.027082
0.027082
0.027082
0.027113
0.027113
0.027113
0.027113
0.027113
0.027082
0.027082
0.027082
0.027082
0.027082
0.027082
0.027082
0.027082
0.027082
0.027113
0.027113
0.027113
0.027113
0.027113
0.027082
0.027082
0.027082
0.027112
0.027112
0.027112
0.027112
0.027112
0.027112
0.027143
0.027143
0.027143
0.027143
0.027143
0.027112
0.027112
0.027112
0.027112
0.027112
0.027112
0.027112
0.027112
0.027112
0.027143
0.027143
0.027143
0.027143
0.027143
0.027112
0.027112
0.027112
0.027112
0.027112
0.027112
0.027112
0.027112
0.027112
0.027143
0.027143
0.027143
0.027143
0.027143
0.027112
0.027112
0.027112
0.027112
0.027112
0.027112
0.027112
0.027112
0.027112
0.027143
0.027143
0.027143
0.027143
0.027143
0.027112
0.027112
0.027112
0.027112
0.027143
0.027143
0.027143
0.027143
0.027112
0.027143
0.027143
0.027143
0.027143
0.027143
0.027112
0.027143
0.027143
0.027143
0.027143
0.027143
0.027143
0.027143
0.027143
0.027174
0.027213
0.027213
0.027213
0.027213
0.027143
0.027143
0.027143
0.027143
0.027143
0.027143
0.027143
0.027143
0.027143
0.027182
0.027213
0.027213
0.027213
0.027213
0.027143
0.027143
0.027143
0.027143
0.027143
0.027143
0.027143
0.027143
0.027182
0.027182
0.027182
0.027182
0.027182
0.027182
0.027143
0.027143
0.027143
0.027143
0.027143
0.027143
0.027143
0.027143
0.027182
0.027182
0.027182
0.027182
0.027182
0.027182
0.027182
0.027143
0.027143
0.027143
0.027143
0.027143
0.027143
0.027143
0.027182
0.027182
0.027182
0.027182
0.027182
0.027182
0.027182
0.027143
0.027143
0.027143
0.027143
0.027143
0.027143
0.027182
0.027182
0.027182
0.027182
0.027182
0.027182
0.027182
0.027182
0.027143
0.027143
0.027143
0.027143
0.027143
0.027143
0.027182
0.027182
0.027182
0.027182
0.027182
0.027182
0.027182
0.027182
0.027182
0.027143
0.027143
0.027143
0.027143
0.027143
0.027182
0.027182
0.027182
0.027182
0.027182
0.027182
0.027182
0.027182
0.027182
0.027182
0.027182
0.027182
0.027182
0.027182
0.027182
0.027182
0.027182
0.027182
0.027182
0.027182
0.027182
0.027182
0.027182
0.027182
0.027182
0.027182
0.027182
0.027182
0.027182
0.027182
0.027182
0.027182
0.027182
0.027182
0.027182
0.027182
0.027182
0.027182
0.027182
0.027182
0.027182
0.027182
0.027182
0.027182
0.027182
0.027182
0.027182
0.027182
0.027182
0.027182
0.027182
0.027213
0.027213
0.027213
0.027213
0.027213
0.027213
0.027182
0.027182
0.027182
0.027182
0.027182
0.027182
0.027213
0.027213
0.027213
0.027213
0.027213
0.027213
0.027213
0.027213
0.027213
0.027213
0.027213
0.027213
0.027213
0.027213
0.027213
0.027213
0.027213
0.027213
0.027213
0.027213
0.027213
0.027213
0.027213
0.027213
0.027252
0.027252
0.027252
0.027252
0.027213
0.027213
0.027213
0.027213
0.027213
0.027213
0.027213
0.027213
0.027213
0.027252
0.027252
0.027252
0.027252
0.027252
0.027213
0.027213
0.027213
0.027213
0.027213
0.027213
0.027213
0.027213
0.027213
0.027252
0.027252
