2.011799
1.873867
1.751651
1.673006
1.634294
1.620361
1.617864
1.618166
1.618375
1.617876
1.616545
1.615039
1.613423
1.611613
1.610124
1.608381
1.606322
1.604042
1.601932
1.599606
1.597212
1.595118
1.592783
1.589828
1.586613
1.583103
1.579535
1.575824
1.572412
1.568521
1.564795
1.560797
1.556751
1.553028
1.549123
1.545575
1.541942
1.538308
1.534548
1.531069
1.527140
1.523733
1.520674
1.517804
1.514518
1.511383
1.508251
1.505202
1.501458
1.497811
1.494235
1.490517
1.486827
1.482630
1.478530
1.474210
1.469993
1.465701
1.461093
1.456828
1.452584
1.448117
1.443529
1.439636
1.435562
1.431661
1.427963
1.423923
1.419932
1.415816
1.411851
1.407022
1.402124
1.396836
1.391220
1.386683
1.381886
1.376565
1.371228
1.366096
1.361113
1.356086
1.351170
1.345917
1.341096
1.336562
1.331998
1.327585
1.323222
1.318785
1.314281
1.309672
1.305300
1.300452
1.295646
1.290875
1.285768
1.280798
1.275975
1.270992
1.266009
1.261152
1.256787
1.252388
1.248218
1.243986
1.240047
1.236028
1.232220
1.228120
1.223906
1.219593
1.215170
1.210787
1.207001
1.203523
1.199470
1.195583
1.191623
1.187558
1.184138
1.181151
1.178796
1.176677
1.174506
1.172110
1.169965
1.167931
1.165592
1.162965
1.159180
1.155153
1.150917
1.146833
1.142626
1.138759
1.134991
1.131584
1.128450
1.125671
1.123191
1.121050
1.119285
1.117432
1.115860
1.114574
1.113038
1.111145
1.109018
1.106745
1.103972
1.100794
1.097272
1.093426
1.089225
1.085288
1.081223
1.077396
1.074572
1.072071
1.069862
1.067904
1.065584
1.063717
1.061785
1.059697
1.057870
1.055606
1.054217
1.052019
1.049472
1.046735
1.043729
1.040486
1.036517
1.032461
1.028485
1.024782
1.021284
1.018221
1.015153
1.013047
1.010701
1.008266
1.006008
1.003822
1.001630
0.999646
0.997131
0.995024
0.992682
0.990101
0.987517
0.984616
0.981632
0.978144
0.974584
0.971290
0.967945
0.964804
0.961867
0.959725
0.957995
0.956084
0.953593
0.949926
0.946165
0.942515
0.938900
0.935832
0.932764
0.930075
0.927455
0.924976
0.922731
0.920228
0.917535
0.914644
0.911528
0.908375
0.905204
0.902271
0.899364
0.896525
0.894062
0.891795
0.889388
0.886991
0.884608
0.882140
0.879521
0.876883
0.874118
0.871269
0.868165
0.864974
0.861620
0.858114
0.854863
0.851497
0.848077
0.844438
0.840943
0.837641
0.834509
0.831643
0.829173
0.826558
0.823935
0.821254
0.818213
0.815007
0.811941
0.808966
0.805688
0.802487
0.799024
0.795491
0.792150
0.788735
0.785348
0.782153
0.778889
0.775694
0.772385
0.769124
0.765760
0.762495
0.759533
0.756328
0.753170
0.750315
0.747063
0.743867
0.740808
0.737709
0.735188
0.732775
0.730286
0.727809
0.725573
0.723238
0.720810
0.718171
0.715242
0.711929
0.708606
0.705205
0.701720
0.698372
0.694829
0.691622
0.688088
0.684797
0.681372
0.678118
0.674668
0.671345
0.668158
0.664741
0.661383
0.658237
0.654905
0.651737
0.648484
0.645374
0.642216
0.639121
0.636231
0.633460
0.630766
0.628070
0.625759
0.623375
0.621005
0.618677
0.616164
0.613466
0.610805
0.607777
0.604783
0.601866
0.598970
0.596118
0.593064
0.590179
0.587095
0.584253
0.581831
0.579254
0.576932
0.574370
0.571809
0.569372
0.566859
0.564614
0.562448
0.560290
0.557965
0.555722
0.553015
0.550395
0.547690
0.544977
0.542438
0.539553
0.537037
0.534274
0.531543
0.528945
0.526271
0.524237
0.521931
0.519938
0.517652
0.515459
0.513943
0.511873
0.509668
0.506939
0.504453
0.501910
0.498936
0.496456
0.493864
0.491236
0.488611
0.485890
0.483365
0.480918
0.478336
0.475883
0.473403
0.470718
0.467907
0.465520
0.462888
0.460406
0.457677
0.455301
0.452590
0.450139
0.448038
0.446507
0.444582
0.442318
0.440101
0.438360
0.436264
0.434183
0.431578
0.428970
0.426358
0.423598
0.420699
0.417397
0.414336
0.411521
0.408738
0.406297
0.404071
0.401656
0.399179
0.397018
0.394704
0.392456
0.389969
0.387469
0.385016
0.382711
0.380374
0.378102
0.375586
0.373420
0.371247
0.369147
0.367098
0.364863
0.362692
0.360671
0.358524
0.356515
0.354819
0.353129
0.351494
0.349944
0.348508
0.346533
0.344816
0.343414
0.341970
0.340555
0.338782
0.337015
0.335352
0.333373
0.331637
0.329620
0.328036
0.326039
0.324222
0.322452
0.320627
0.318906
0.317113
0.315278
0.313739
0.311905
0.310428
0.308733
0.307004
0.305409
0.303935
0.302284
0.300830
0.299298
0.297790
0.296284
0.294910
0.293479
0.291801
0.290395
0.288678
0.287327
0.285798
0.284280
0.282856
0.281422
0.280137
0.278694
0.277280
0.275695
0.274444
0.273121
0.271603
0.270110
0.268583
0.267096
0.265630
0.264139
0.262824
0.261318
0.259888
0.258782
0.257545
0.256192
0.254808
0.253539
0.252009
0.250476
0.249217
0.247725
0.246366
0.244991
0.243648
0.242164
0.240736
0.239541
0.238082
0.236676
0.235412
0.234138
0.232861
0.231547
0.230266
0.228814
0.227444
0.226200
0.224835
0.223630
0.222297
0.221185
0.219953
0.218847
0.217508
0.216246
0.214871
0.213529
0.212175
0.210887
0.209571
0.208282
0.207112
0.205759
0.204483
0.203551
0.202541
0.201418
0.200218
0.198934
0.197726
0.196547
0.195387
0.194161
0.192908
0.191704
0.190500
0.189443
0.188171
0.186925
0.185691
0.184647
0.183356
0.182220
0.180969
0.179794
0.178643
0.177533
0.176208
0.175214
0.173947
0.172905
0.171678
0.170475
0.169466
0.168242
0.167254
0.166103
0.164894
0.163795
0.162707
0.161665
0.160586
0.159337
0.158372
0.157271
0.156460
0.155428
0.154423
0.153331
0.152259
0.151085
0.150071
0.148928
0.147848
0.146879
0.145791
0.144793
0.143716
0.142723
0.141621
0.140532
0.139609
0.138551
0.137630
0.136588
0.135505
0.134560
0.133662
0.132609
0.131773
0.130763
0.129870
0.128814
0.127825
0.126967
0.125964
0.124904
0.123927
0.122942
0.121955
0.121082
0.120235
0.119233
0.118238
0.117375
0.116287
0.115333
0.114364
0.113411
0.112549
0.111640
0.110744
0.109760
0.108909
0.107886
0.106993
0.106038
0.105163
0.104260
0.103431
0.102490
0.101657
0.100706
0.099885
0.098903
0.098031
0.097305
0.096475
0.095536
0.094686
0.093843
0.093034
0.092170
0.091408
0.090628
0.089832
0.088954
0.088231
0.087392
0.086696
0.085888
0.085137
0.084458
0.083656
0.082927
0.082138
0.081401
0.080713
0.080059
0.079395
0.078662
0.078074
0.077292
0.076654
0.075848
0.075185
0.074621
0.073892
0.073140
0.072460
0.071828
0.071292
0.070579
0.070031
0.069378
0.068733
0.068139
0.067537
0.066824
0.066326
0.065674
0.065065
0.064548
0.063874
0.063327
0.062801
0.062284
0.061677
0.061151
0.060532
0.060141
0.059572
0.058990
0.058493
0.057975
0.057460
0.056974
0.056573
0.056022
0.055486
0.055124
0.054636
0.054216
0.053657
0.053223
0.052796
0.052382
0.051971
0.051451
0.051056
0.050644
0.050331
0.049872
0.049446
0.049043
0.048607
0.048309
0.047844
0.047566
0.047107
0.046834
0.046470
0.046071
0.045787
0.045462
0.045097
0.044757
0.044459
0.044184
0.043750
0.043520
0.043193
0.042853
0.042548
0.042326
0.042076
0.041791
0.041425
0.041190
0.040984
0.040608
0.040405
0.040143
0.039828
0.039762
0.039417
0.039238
0.038965
0.038806
0.038535
0.038310
0.038085
0.037851
0.037573
0.037545
0.037372
0.037148
0.036900
0.036706
0.036539
0.036468
0.036207
0.036008
0.035826
0.035628
0.035483
0.035408
0.035251
0.035134
0.035017
0.034833
0.034800
0.034612
0.034486
0.034335
0.034241
0.034195
0.034082
0.033965
0.033790
0.033757
0.033613
0.033431
0.033415
0.033264
0.033227
0.033227
0.033075
0.033012
0.032968
0.032804
0.032640
0.032664
0.032528
0.032442
0.032400
0.032339
0.032241
0.032192
0.032156
0.032048
0.032065
0.032036
0.031924
0.031777
0.031781
0.031781
0.031656
0.031694
0.031632
0.031577
0.031434
0.031470
0.031373
0.031317
0.031246
0.031282
0.031174
0.031103
0.031062
0.031052
0.030958
0.030973
0.030930
0.030882
0.030879
0.030811
0.030792
0.030781
0.030742
0.030748
0.030635
0.030621
0.030619
0.030593
0.030570
0.030468
0.030386
0.030477
0.030429
0.030437
0.030345
0.030375
0.030276
0.030249
0.030161
0.030211
0.030080
0.030036
0.029928
0.029955
0.029930
0.029930
0.029974
0.029930
0.029844
0.029820
0.029781
0.029810
0.029739
0.029776
0.029753
0.029739
0.029680
0.029612
0.029600
0.029544
0.029519
0.029544
0.029544
0.029462
0.029485
0.029515
0.029426
0.029462
0.029522
0.029402
0.029385
0.029327
0.029327
0.029299
0.029322
0.029346
0.029253
0.029253
0.029280
0.029268
0.029144
0.029175
0.029183
0.029062
0.029052
0.029052
0.029052
0.029148
0.029103
0.029015
0.029015
0.029015
0.028978
0.028933
0.029010
0.028963
0.028885
0.028885
0.028870
0.028821
0.028821
0.028809
0.028809
0.028729
0.028773
0.028787
0.028806
0.028783
0.028780
0.028767
0.028767
0.028767
0.028727
0.028682
0.028714
0.028736
0.028728
0.028760
0.028725
0.028662
0.028629
0.028588
0.028588
0.028545
0.028545
0.028501
0.028565
0.028565
0.028565
0.028565
0.028557
0.028499
0.028417
0.028417
0.028399
0.028399
0.028399
0.028432
0.028389
0.028346
0.028346
0.028346
0.028325
0.028358
0.028402
0.028331
0.028354
0.028389
0.028422
0.028379
0.028379
0.028306
0.028306
0.028288
0.028252
0.028286
0.028286
0.028300
0.028234
0.028234
0.028192
0.028192
0.028259
0.028227
0.028227
0.028188
0.028188
0.028252
0.028213
0.028239
0.028239
0.028215
0.028185
0.028147
0.028105
0.028140
0.028140
0.028104
0.028146
0.028146
0.028109
0.028109
0.028109
0.028075
0.028075
0.028075
0.028054
0.028098
0.028064
0.028022
0.028057
0.028038
0.028038
0.028019
0.028010
0.028010
0.027976
0.028009
0.028053
0.028026
0.028049
0.028032
0.028016
0.028016
0.028016
0.028020
0.027979
0.027979
0.027979
0.027979
0.027979
0.027979
0.028007
0.028007
0.027978
0.028008
0.028008
0.028008
0.027994
0.027994
0.027994
0.028064
0.028005
0.027978
0.027937
0.027937
0.027937
0.027937
0.027937
0.027937
0.027937
0.027972
0.027972
0.027948
0.027948
0.027948
0.027948
0.027938
0.027949
0.027949
0.027949
0.027949
0.027949
0.027949
0.027929
0.027889
0.027889
0.027889
0.027924
0.027924
0.027924
0.027924
0.027924
0.027907
0.027940
0.027958
0.028001
0.028025
0.028019
0.028019
0.028055
0.028021
0.028021
0.027998
0.027998
0.027998
0.028029
0.027989
0.028001
0.028001
0.028001
0.028001
0.028001
0.028001
0.027979
0.027979
0.027967
0.027967
0.027998
0.027969
0.027969
0.027969
0.027962
0.027960
0.027960
0.027954
0.027954
0.027938
0.027938
0.027975
0.027975
0.027935
0.027935
0.027935
0.027935
0.027935
0.027897
0.027897
0.027894
0.027894
0.027862
0.027862
0.027862
0.027900
0.027935
0.027935
0.027968
0.027968
0.028002
0.028002
0.028002
0.027964
0.027964
0.027964
0.027966
0.027966
0.027966
0.027968
0.027968
0.027930
0.027930
0.027930
0.027968
0.027954
0.027954
0.027915
0.027915
0.027959
0.027996
0.027996
0.027996
0.028030
0.028030
0.028030
0.028030
0.028030
0.028030
0.028030
0.028030
0.028038
0.028038
0.028038
0.028038
0.028038
0.028038
0.028038
0.028038
0.028038
0.028038
0.028006
0.027968
0.027950
0.027950
0.027948
0.027948
0.027948
0.027954
0.027987
0.027987
0.027987
0.028019
0.028019
0.028019
0.028007
0.028007
0.028007
0.028007
0.028044
0.028031
0.028031
0.028055
0.028055
0.028055
0.028055
0.028031
0.028031
0.028031
0.028031
0.028031
0.028031
0.028031
0.028031
0.028055
0.028055
0.028047
0.028047
0.028047
0.028010
0.028010
0.027987
0.027987
0.027987
0.027987
0.027987
0.027987
0.027987
0.028010
0.028010
0.028010
0.028010
0.028010
0.028046
0.028046
0.028046
0.028022
0.028022
0.028058
0.028049
0.028049
0.028073
0.028090
0.028167
0.028138
0.028175
0.028175
0.028175
0.028175
0.028131
0.028108
0.028108
0.028108
0.028108
0.028108
0.028175
0.028175
0.028175
0.028175
0.028175
0.028175
0.028177
0.028141
0.028141
0.028129
0.028129
0.028129
0.028129
0.028129
0.028152
0.028152
0.028152
0.028152
0.028113
0.028113
0.028113
0.028084
0.028084
0.028060
0.028060
0.028060
0.028060
0.028060
0.028084
0.028084
0.028118
0.028118
0.028118
0.028112
0.028112
0.028112
0.028088
0.028088
0.028088
0.028122
0.028158
0.028158
0.028158
0.028182
0.028182
0.028182
0.028182
0.028182
0.028182
0.028182
0.028158
0.028158
0.028158
0.028158
0.028158
0.028158
0.028158
0.028158
0.028182
0.028182
0.028147
0.028147
0.028150
0.028127
0.028164
0.028186
0.028186
0.028186
0.028186
0.028186
0.028186
0.028186
0.028186
0.028186
0.028186
0.028186
0.028186
0.028186
0.028186
0.028186
0.028186
0.028186
0.028196
0.028196
0.028196
0.028196
0.028196
0.028196
0.028196
0.028194
0.028194
0.028194
0.028194
0.028194
0.028201
0.028201
0.028201
0.028201
0.028201
0.028201
0.028201
0.028201
0.028234
0.028234
0.028271
0.028271
0.028271
0.028271
0.028271
0.028306
0.028306
0.028306
0.028306
0.028306
0.028306
0.028306
0.028306
0.028306
0.028306
0.028306
0.028306
0.028306
0.028306
0.028306
0.028306
0.028306
0.028249
0.028249
0.028249
0.028249
0.028249
0.028249
0.028249
0.028249
0.028249
0.028249
0.028249
0.028249
0.028249
0.028249
0.028264
0.028264
0.028304
0.028304
0.028304
0.028304
0.028304
0.028304
0.028304
0.028304
0.028304
0.028304
0.028306
0.028306
0.028306
0.028306
0.028306
0.028306
0.028306
0.028306
0.028306
0.028306
0.028306
0.028306
0.028306
0.028306
0.028306
0.028306
0.028306
0.028306
0.028306
0.028306
0.028306
0.028281
0.028281
0.028281
0.028281
0.028281
0.028281
0.028281
0.028281
0.028281
0.028315
0.028315
0.028315
0.028315
0.028315
0.028315
0.028315
0.028315
0.028315
0.028315
0.028315
0.028315
0.028315
0.028315
0.028315
0.028315
0.028315
0.028351
0.028351
0.028351
0.028363
0.028363
0.028363
0.028363
0.028363
0.028363
0.028334
0.028334
0.028334
0.028334
0.028334
0.028374
0.028374
0.028374
0.028374
0.028374
0.028374
0.028374
0.028374
0.028374
0.028374
0.028374
0.028374
0.028374
0.028381
0.028381
0.028381
0.028425
0.028381
0.028381
0.028381
0.028381
0.028358
0.028416
0.028416
0.028416
0.028439
0.028439
0.028439
0.028439
0.028439
0.028483
0.028439
0.028439
0.028416
0.028416
0.028395
0.028395
0.028395
0.028395
0.028395
0.028395
0.028395
0.028395
0.028462
0.028462
0.028439
0.028395
0.028395
0.028395
0.028395
0.028395
0.028395
0.028395
0.028395
0.028395
0.028395
0.028395
0.028439
0.028439
0.028439
0.028395
0.028395
0.028395
0.028395
0.028436
0.028436
0.028436
0.028436
0.028470
0.028470
0.028514
0.028514
0.028496
0.028496
0.028452
0.028452
0.028452
0.028419
0.028419
0.028452
0.028452
0.028452
0.028452
0.028452
0.028496
0.028496
0.028496
0.028496
0.028452
0.028452
0.028452
0.028452
0.028426
0.028426
0.028426
0.028426
0.028426
0.028426
0.028471
0.028483
0.028483
0.028483
0.028438
0.028438
0.028438
0.028438
0.028438
0.028438
0.028438
0.028438
0.028438
0.028438
0.028438
0.028483
0.028483
0.028483
0.028438
0.028438
0.028438
0.028438
0.028438
0.028438
0.028438
0.028481
0.028481
0.028481
0.028481
0.028525
0.028525
0.028525
0.028481
0.028534
0.028534
0.028534
0.028534
0.028534
0.028534
0.028534
0.028534
0.028534
0.028498
0.028498
0.028542
0.028498
0.028534
0.028571
0.028532
0.028496
0.028496
0.028529
0.028529
0.028529
0.028529
0.028529
0.028529
0.028529
0.028574
0.028529
0.028529
0.028529
0.028496
0.028496
0.028496
0.028496
0.028496
0.028529
0.028529
0.028529
0.028529
0.028529
0.028529
0.028529
0.028529
0.028496
0.028474
0.028474
0.028474
0.028474
0.028474
0.028539
0.028573
0.028573
0.028573
0.028573
0.028573
0.028573
0.028556
0.028500
0.028500
0.028500
0.028500
0.028500
0.028500
0.028500
0.028500
0.028500
0.028533
0.028533
0.028533
0.028533
0.028500
0.028500
0.028500
0.028500
0.028516
0.028516
0.028516
0.028495
0.028495
0.028495
0.028495
0.028495
0.028495
0.028495
0.028507
0.028507
0.028507
0.028507
0.028507
0.028507
0.028507
0.028507
0.028507
0.028507
0.028507
0.028507
0.028540
0.028540
0.028540
0.028540
0.028540
0.028540
0.028540
0.028540
0.028540
0.028540
0.028584
0.028584
0.028584
0.028584
0.028584
0.028584
0.028584
0.028584
0.028584
0.028584
0.028584
0.028601
0.028601
0.028601
0.028601
0.028601
0.028601
0.028601
0.028601
0.028601
0.028601
0.028638
0.028638
0.028638
0.028638
0.028638
0.028638
0.028638
0.028638
0.028638
0.028638
0.028638
0.028638
0.028638
0.028638
0.028638
0.028638
0.028638
0.028638
0.028638
0.028638
0.028638
0.028638
0.028638
0.028638
0.028638
0.028638
0.028638
0.028638
0.028638
0.028638
0.028638
0.028638
0.028638
0.028638
0.028638
0.028638
0.028638
0.028638
0.028638
0.028638
0.028638
0.028638
0.028638
0.028638
0.028638
0.028638
0.028682
0.028682
0.028682
0.028682
0.028682
0.028682
0.028682
0.028682
0.028682
0.028682
0.028682
0.028682
0.028682
0.028682
0.028682
0.028682
0.028682
0.028682
0.028682
0.028682
0.028682
0.028682
0.028682
0.028682
0.028715
0.028693
0.028693
0.028693
0.028693
0.028693
0.028715
0.028715
0.028715
0.028715
0.028715
0.028715
0.028715
0.028715
0.028693
0.028693
0.028714
0.028714
0.028714
0.028714
0.028735
0.028735
0.028719
0.028741
0.028741
0.028741
0.028719
0.028719
0.028719
0.028719
0.028719
0.028719
0.028740
0.028740
0.028740
0.028740
0.028740
0.028740
0.028740
0.028740
0.028740
0.028740
0.028740
0.028777
0.028777
0.028777
0.028777
0.028777
0.028777
0.028777
0.028777
0.028777
0.028777
0.028777
0.028777
0.028777
0.028777
0.028777
0.028777
0.028777
0.028777
0.028777
0.028777
0.028777
0.028777
0.028777
0.028777
0.028777
0.028777
0.028777
0.028777
0.028777
0.028777
0.028777
0.028777
0.028765
0.028765
0.028765
0.028765
0.028765
0.028765
0.028765
0.028765
0.028765
0.028765
0.028765
0.028765
0.028765
0.028765
0.028765
0.028765
0.028765
0.028765
0.028765
0.028765
0.028765
0.028765
0.028765
0.028765
0.028765
0.028765
0.028765
0.028765
0.028765
0.028765
0.028765
0.028765
0.028765
0.028765
0.028721
0.028737
0.028737
0.028737
0.028737
0.028737
0.028737
0.028737
0.028737
0.028737
0.028737
0.028737
0.028737
0.028737
0.028737
0.028771
0.028771
0.028771
0.028771
0.028771
0.028771
0.028771
0.028771
0.028771
0.028771
0.028737
0.028737
0.028737
0.028771
0.028771
0.028771
0.028771
0.028771
0.028771
0.028771
0.028771
0.028771
0.028771
0.028771
0.028771
0.028771
0.028771
0.028771
0.028771
0.028771
0.028771
0.028808
0.028808
0.028808
0.028808
0.028808
0.028808
0.028808
0.028771
0.028771
0.028808
0.028808
0.028808
0.028808
0.028808
0.028787
0.028787
0.028787
0.028787
0.028787
0.028804
0.028826
0.028826
0.028783
0.028783
0.028783
0.028783
0.028783
0.028762
0.028762
0.028762
0.028762
0.028762
0.028762
0.028762
0.028798
0.028798
0.028798
0.028762
0.028762
0.028762
0.028762
0.028762
0.028762
0.028762
0.028762
0.028762
0.028762
0.028762
0.028798
0.028798
0.028798
0.028798
0.028798
0.028798
0.028762
0.028762
0.028750
0.028750
0.028750
0.028713
0.028713
0.028713
0.028713
0.028770
0.028770
0.028770
0.028770
0.028770
0.028795
0.028795
0.028795
0.028754
0.028754
0.028754
0.028754
0.028754
0.028754
0.028754
0.028754
0.028754
0.028754
0.028754
0.028754
0.028754
0.028754
0.028754
0.028754
0.028754
0.028754
0.028754
0.028754
0.028754
0.028754
0.028754
0.028754
0.028754
0.028754
0.028754
0.028754
0.028754
0.028776
0.028776
0.028776
0.028776
0.028776
0.028776
0.028776
0.028776
0.028737
0.028737
0.028737
0.028737
0.028737
0.028737
0.028737
0.028737
0.028737
0.028737
0.028737
0.028737
0.028737
0.028737
0.028737
0.028737
0.028737
0.028775
0.028775
0.028775
0.028775
0.028775
0.028775
0.028775
0.028775
0.028775
0.028775
0.028775
0.028775
0.028775
0.028775
0.028736
0.028736
0.028736
0.028736
0.028736
0.028736
0.028736
0.028736
0.028736
0.028736
0.028736
0.028736
0.028736
0.028736
0.028736
0.028736
0.028736
0.028736
0.028736
0.028736
0.028736
0.028736
0.028736
0.028736
0.028736
0.028736
0.028698
0.028698
0.028698
0.028698
0.028698
0.028698
0.028698
0.028698
0.028698
0.028698
0.028698
0.028698
0.028698
0.028698
0.028698
0.028698
0.028698
0.028698
0.028677
0.028677
0.028677
0.028677
0.028698
0.028661
0.028661
0.028661
0.028661
0.028661
0.028661
0.028661
0.028640
0.028640
0.028640
0.028640
0.028640
0.028640
0.028640
0.028614
0.028635
0.028635
0.028635
0.028635
0.028635
0.028614
0.028614
0.028578
0.028578
0.028578
0.028578
0.028578
0.028578
0.028578
0.028578
0.028578
0.028578
0.028578
0.028578
0.028578
0.028578
0.028578
0.028578
0.028578
0.028578
0.028578
0.028578
0.028542
0.028542
0.028542
0.028542
0.028542
0.028542
0.028542
0.028542
0.028542
0.028522
0.028522
0.028522
0.028522
0.028522
0.028522
0.028522
0.028522
0.028522
0.028522
0.028522
0.028560
0.028526
0.028526
0.028526
0.028526
0.028526
0.028526
0.028526
0.028526
0.028526
0.028526
0.028526
0.028499
0.028499
0.028499
0.028499
0.028499
0.028499
0.028499
0.028499
0.028499
0.028465
0.028465
0.028465
0.028499
0.028499
0.028499
0.028499
0.028499
0.028499
0.028499
0.028465
0.028465
0.028465
0.028465
0.028465
0.028499
0.028499
0.028499
0.028499
0.028499
0.028467
0.028467
0.028467
0.028467
0.028467
0.028467
0.028467
0.028467
0.028467
0.028467
0.028467
0.028467
0.028467
0.028467
0.028493
0.028493
0.028493
0.028493
0.028493
0.028493
0.028463
0.028463
0.028463
0.028435
0.028435
0.028435
0.028435
0.028435
0.028435
0.028435
0.028435
0.028435
0.028435
0.028435
0.028435
0.028435
0.028435
0.028435
0.028435
0.028435
0.028435
0.028435
0.028406
0.028406
0.028406
0.028406
0.028406
0.028406
0.028406
0.028406
0.028406
0.028406
0.028406
0.028406
0.028406
0.028406
0.028406
0.028406
0.028406
0.028406
0.028406
0.028406
0.028406
0.028406
0.028380
0.028380
0.028380
0.028380
0.028380
0.028380
0.028380
0.028380
0.028418
0.028412
0.028412
0.028412
0.028412
0.028384
0.028384
0.028384
0.028384
0.028384
0.028384
0.028384
0.028384
0.028384
0.028384
0.028364
0.028339
0.028339
0.028339
0.028339
0.028359
0.028359
0.028359
0.028359
0.028359
0.028359
0.028359
0.028359
0.028339
0.028339
0.028339
0.028339
0.028339
0.028339
0.028339
0.028339
0.028359
0.028359
0.028359
0.028359
0.028359
0.028339
0.028317
0.028317
0.028317
0.028317
0.028317
0.028317
0.028317
0.028317
0.028317
0.028317
0.028317
0.028317
0.028317
0.028317
0.028317
0.028317
0.028317
0.028317
0.028317
0.028290
0.028284
0.028284
0.028284
0.028284
0.028284
0.028284
0.028284
0.028284
0.028284
0.028264
0.028264
0.028264
0.028264
0.028264
0.028264
0.028264
0.028264
0.028264
0.028264
0.028264
0.028264
0.028264
0.028264
0.028264
0.028264
0.028264
0.028264
0.028264
0.028264
0.028264
0.028264
0.028264
0.028264
0.028264
0.028264
0.028264
0.028264
0.028264
0.028264
0.028264
0.028264
0.028264
0.028249
0.028249
0.028249
0.028249
0.028249
0.028249
0.028249
0.028249
0.028288
0.028288
0.028288
0.028288
0.028288
0.028288
0.028288
0.028288
0.028288
0.028288
0.028263
0.028263
0.028263
0.028263
0.028263
0.028263
0.028263
0.028263
0.028263
0.028292
0.028292
0.028292
0.028292
0.028292
0.028292
0.028292
0.028292
0.028292
0.028292
0.028292
0.028292
0.028280
0.028280
0.028280
0.028280
0.028280
0.028280
0.028280
0.028280
0.028280
0.028280
0.028280
0.028280
0.028280
0.028280
0.028280
0.028280
0.028280
0.028280
0.028280
0.028280
0.028280
0.028280
0.028280
0.028280
0.028280
0.028280
0.028280
0.028280
0.028280
0.028280
0.028280
0.028280
0.028280
0.028280
0.028280
0.028311
0.028311
0.028311
0.028280
0.028280
0.028280
0.028280
0.028280
0.028280
0.028280
0.028280
0.028280
0.028280
0.028289
0.028289
0.028282
0.028282
0.028282
0.028251
0.028251
0.028251
0.028251
0.028251
0.028251
0.028239
0.028239
0.028270
0.028270
0.028270
0.028270
0.028270
0.028270
0.028239
0.028239
0.028239
0.028239
0.028239
0.028239
0.028239
0.028270
0.028270
0.028270
0.028282
