1.456285
1.280296
1.115126
0.999315
0.934915
0.907606
0.899716
0.900241
0.900572
0.899826
0.898509
0.897376
0.896626
0.896001
0.895881
0.896339
0.896879
0.896912
0.896701
0.896320
0.895739
0.894973
0.894220
0.893398
0.892351
0.891138
0.890120
0.888709
0.887618
0.886556
0.885181
0.884030
0.883032
0.882108
0.881217
0.880315
0.879476
0.878622
0.877819
0.877023
0.876129
0.875259
0.874172
0.873344
0.872209
0.871071
0.870070
0.868935
0.867783
0.866556
0.865518
0.864375
0.863328
0.862039
0.860917
0.859851
0.858904
0.857778
0.856929
0.855972
0.854957
0.853833
0.852888
0.851814
0.850806
0.849755
0.848752
0.847675
0.846634
0.845251
0.844240
0.843153
0.841770
0.840607
0.839352
0.838055
0.836815
0.835623
0.834504
0.833210
0.832146
0.830953
0.829528
0.828295
0.826849
0.825634
0.824265
0.822966
0.821671
0.820517
0.819227
0.817967
0.816791
0.815611
0.814239
0.812797
0.811538
0.810163
0.808790
0.807436
0.806092
0.804676
0.803120
0.801346
0.799785
0.798203
0.796534
0.794908
0.793194
0.791295
0.789603
0.787775
0.786248
0.784648
0.783360
0.781787
0.780448
0.779011
0.777712
0.776281
0.775084
0.773800
0.772389
0.771094
0.769915
0.768633
0.767473
0.766324
0.765073
0.763961
0.762772
0.761545
0.760404
0.759272
0.758293
0.756933
0.755652
0.754565
0.753392
0.752389
0.751114
0.750111
0.748952
0.747973
0.746870
0.745786
0.744757
0.743744
0.742452
0.741681
0.740446
0.739429
0.738406
0.737010
0.736282
0.734918
0.733797
0.732864
0.731574
0.730219
0.728745
0.727270
0.725729
0.724749
0.723863
0.722421
0.721251
0.720301
0.719335
0.718123
0.716951
0.715923
0.715041
0.713385
0.711652
0.710320
0.709083
0.707579
0.705776
0.703957
0.702549
0.701391
0.700068
0.698117
0.696787
0.695556
0.694061
0.692455
0.690803
0.689517
0.688461
0.686486
0.684729
0.683357
0.681789
0.680567
0.679110
0.677182
0.675432
0.673978
0.672357
0.670331
0.668269
0.666604
0.664778
0.662606
0.660497
0.658372
0.656359
0.654079
0.651659
0.648964
0.646956
0.644907
0.642546
0.639826
0.637521
0.635411
0.633333
0.630840
0.628261
0.625759
0.623539
0.621402
0.618946
0.616164
0.613625
0.611093
0.609122
0.606611
0.603826
0.601325
0.598990
0.596877
0.594042
0.591331
0.588719
0.586283
0.583780
0.581127
0.578481
0.575921
0.573283
0.570561
0.567881
0.565339
0.562672
0.560196
0.557573
0.554954
0.552307
0.549726
0.547185
0.544529
0.542118
0.539545
0.537021
0.534351
0.531760
0.529143
0.526717
0.524241
0.521561
0.518857
0.516223
0.513573
0.510955
0.508346
0.505853
0.502900
0.500483
0.497671
0.495142
0.492822
0.490445
0.488240
0.486104
0.484053
0.481641
0.479265
0.476950
0.474648
0.472506
0.470249
0.467850
0.465628
0.463586
0.461207
0.458982
0.456865
0.454730
0.452686
0.450370
0.448445
0.446574
0.444442
0.442322
0.440335
0.438316
0.436250
0.434251
0.432247
0.430243
0.428415
0.426444
0.424850
0.423018
0.421341
0.419803
0.418271
0.416506
0.414934
0.413509
0.411907
0.410127
0.408388
0.406580
0.404523
0.402659
0.400855
0.398865
0.396854
0.395024
0.393172
0.391303
0.389505
0.387417
0.385526
0.383642
0.381794
0.379870
0.378211
0.376233
0.374299
0.372424
0.370588
0.368872
0.366714
0.364820
0.362862
0.360890
0.358746
0.356681
0.354315
0.352154
0.349830
0.347777
0.345598
0.343391
0.341313
0.339203
0.337065
0.334841
0.332758
0.330555
0.328369
0.326054
0.324108
0.321897
0.319763
0.317543
0.315447
0.313335
0.311138
0.309022
0.306897
0.304766
0.302764
0.300540
0.298614
0.296865
0.294789
0.292760
0.290716
0.288739
0.286542
0.284559
0.282455
0.280227
0.278218
0.276240
0.274160
0.272136
0.270222
0.268291
0.266523
0.264576
0.262636
0.260739
0.258615
0.256681
0.254848
0.252918
0.251236
0.249466
0.247537
0.245610
0.243842
0.241973
0.240189
0.238274
0.236530
0.234714
0.232894
0.231329
0.229504
0.227742
0.226009
0.224135
0.222478
0.220821
0.219063
0.217486
0.215642
0.213970
0.212396
0.210582
0.208922
0.207281
0.205925
0.204301
0.202775
0.201204
0.199736
0.198045
0.196683
0.195302
0.193634
0.192317
0.190868
0.189402
0.187936
0.186672
0.185420
0.183978
0.182596
0.181195
0.179923
0.178779
0.177362
0.176093
0.174830
0.173640
0.172331
0.171170
0.169980
0.168925
0.167923
0.167032
0.165810
0.164741
0.163514
0.162425
0.161353
0.160295
0.159224
0.158124
0.157005
0.156043
0.155000
0.154000
0.153103
0.152115
0.151045
0.149909
0.149112
0.148161
0.147123
0.146225
0.145294
0.144354
0.143468
0.142557
0.141592
0.140702
0.139765
0.138934
0.137972
0.137336
0.136671
0.135883
0.135025
0.134145
0.133293
0.132482
0.131659
0.130716
0.129889
0.129077
0.128207
0.127378
0.126633
0.125692
0.124887
0.124148
0.123253
0.122434
0.121553
0.120813
0.120114
0.119339
0.118419
0.117593
0.116695
0.115908
0.115145
0.114418
0.113535
0.112737
0.111962
0.111329
0.110604
0.109773
0.108877
0.108182
0.107379
0.106586
0.105723
0.104900
0.104156
0.103286
0.102438
0.101686
0.100822
0.099920
0.099048
0.098320
0.097573
0.096774
0.096034
0.095112
0.094297
0.093651
0.092776
0.091935
0.091133
0.090387
0.089554
0.088769
0.088010
0.087211
0.086655
0.085762
0.085196
0.084577
0.083887
0.083300
0.082549
0.081822
0.081115
0.080289
0.079616
0.079103
0.078332
0.077660
0.077036
0.076367
0.075772
0.075108
0.074536
0.073875
0.073317
0.072751
0.072102
0.071574
0.070874
0.070273
0.069711
0.069195
0.068741
0.068141
0.067667
0.067118
0.066508
0.066147
0.065507
0.065072
0.064617
0.064230
0.063750
0.063284
0.062801
0.062290
0.061907
0.061464
0.060908
0.060407
0.060082
0.059619
0.059209
0.058823
0.058380
0.058040
0.057535
0.057153
0.056727
0.056525
0.056008
0.055658
0.055466
0.055040
0.054603
0.054292
0.054039
0.053631
0.053327
0.053167
0.052853
0.052493
0.052232
0.051967
0.051779
0.051392
0.051219
0.050981
0.050627
0.050356
0.050151
0.049779
0.049625
0.049403
0.049233
0.048883
0.048634
0.048376
0.048259
0.048128
0.047850
0.047683
0.047360
0.047125
0.047023
0.046705
0.046551
0.046410
0.046097
0.045977
0.045806
0.045666
0.045448
0.045332
0.045116
0.044871
0.044722
0.044565
0.044343
0.044020
0.043868
0.043782
0.043567
0.043378
0.043221
0.043022
0.042990
0.042763
0.042645
0.042345
0.042336
0.042115
0.041999
0.041777
0.041700
0.041449
0.041308
0.041217
0.041075
0.040842
0.040710
0.040608
0.040519
0.040437
0.040369
0.040201
0.040158
0.040018
0.039872
0.039685
0.039584
0.039458
0.039343
0.039233
0.039219
0.039166
0.039031
0.038907
0.038898
0.038824
0.038688
0.038680
0.038715
0.038545
0.038466
0.038375
0.038427
0.038202
0.038209
0.038126
0.038126
0.037965
0.037973
0.037886
0.037925
0.037845
0.037690
0.037679
0.037635
0.037503
0.037419
0.037384
0.037286
0.037152
0.037125
0.036995
0.036947
0.036841
0.036816
0.036775
0.036736
0.036713
0.036641
0.036618
0.036576
0.036488
0.036456
0.036323
0.036340
0.036233
0.036193
0.036193
0.035990
0.035932
0.035909
0.035895
0.035946
0.035802
0.035718
0.035760
0.035642
0.035699
0.035559
0.035498
0.035515
0.035385
0.035267
0.035251
0.035271
0.035271
0.035067
0.035102
0.035174
0.035020
0.035045
0.034995
0.034932
0.034899
0.034867
0.034721
0.034719
0.034663
0.034671
0.034597
0.034478
0.034447
0.034408
0.034441
0.034356
0.034281
0.034333
0.034249
0.034260
0.034253
0.034195
0.034157
0.034152
0.034029
0.033989
0.033920
0.033849
0.033849
0.033805
0.033708
0.033721
0.033677
0.033633
0.033611
0.033626
0.033588
0.033467
0.033468
0.033452
0.033401
0.033368
0.033356
0.033280
0.033252
0.033185
0.033186
0.033103
0.033114
0.033151
0.033151
0.033131
0.033095
0.032970
0.032908
0.032873
0.032920
0.032875
0.032830
0.032815
0.032771
0.032708
0.032692
0.032613
0.032670
0.032700
0.032689
0.032655
0.032619
0.032575
0.032569
0.032524
0.032484
0.032477
0.032432
0.032398
0.032360
0.032342
0.032306
0.032271
0.032368
0.032368
0.032298
0.032298
0.032197
0.032123
0.032153
0.032153
0.032135
0.032078
0.032046
0.032033
0.031993
0.031960
0.031958
0.031958
0.032025
0.032041
0.032022
0.031945
0.031975
0.031940
0.031894
0.031824
0.031824
0.031783
0.031709
0.031709
0.031667
0.031667
0.031630
0.031609
0.031631
0.031612
0.031543
0.031543
0.031543
0.031461
0.031497
0.031497
0.031463
0.031451
0.031451
0.031451
0.031422
0.031386
0.031328
0.031296
0.031278
0.031240
0.031240
0.031274
0.031274
0.031274
0.031240
0.031240
0.031203
0.031203
0.031101
0.031101
0.031101
0.031067
0.031073
0.030978
0.030969
0.030969
0.031011
0.030977
0.030945
0.030945
0.030945
0.030872
0.030872
0.030799
0.030768
0.030768
0.030722
0.030722
0.030767
0.030772
0.030759
0.030759
0.030759
0.030724
0.030693
0.030656
0.030613
0.030613
0.030594
0.030631
0.030556
0.030533
0.030533
0.030533
0.030570
0.030553
0.030449
0.030449
0.030449
0.030449
0.030449
0.030496
0.030500
0.030454
0.030429
0.030429
0.030344
0.030344
0.030317
0.030245
0.030211
0.030211
0.030239
0.030239
0.030237
0.030237
0.030208
0.030163
0.030163
0.030136
0.030136
0.030136
0.030136
0.030069
0.030007
0.030007
0.030007
0.030007
0.030007
0.029966
0.029940
0.029855
0.029855
0.029884
0.029863
0.029863
0.029863
0.029863
0.029863
0.029798
0.029773
0.029736
0.029731
0.029710
0.029710
0.029710
0.029775
0.029731
0.029705
0.029705
0.029664
0.029664
0.029642
0.029642
0.029672
0.029633
0.029633
0.029610
0.029585
0.029561
0.029552
0.029552
0.029593
0.029554
0.029512
0.029512
0.029533
0.029492
0.029467
0.029467
0.029467
0.029467
0.029428
0.029358
0.029358
0.029358
0.029358
0.029336
0.029377
0.029377
0.029314
0.029314
0.029252
0.029218
0.029218
0.029218
0.029218
0.029218
0.029218
0.029181
0.029181
0.029181
0.029137
0.029137
0.029179
0.029144
0.029107
0.029107
0.029050
0.029050
0.029021
0.029021
0.028977
0.028977
0.028941
0.028941
0.028970
0.028970
0.028934
0.028934
0.028934
0.028910
0.028910
0.028910
0.028910
0.028910
0.028910
0.028910
0.028874
0.028874
0.028856
0.028856
0.028889
0.028889
0.028889
0.028901
0.028901
0.028878
0.028878
0.028878
0.028828
0.028828
0.028828
0.028828
0.028828
0.028816
0.028816
0.028816
0.028816
0.028816
0.028816
0.028799
0.028766
0.028766
0.028722
0.028686
0.028686
0.028686
0.028686
0.028686
0.028686
0.028686
0.028719
0.028719
0.028719
0.028716
0.028716
0.028661
0.028661
0.028661
0.028661
0.028647
0.028647
0.028647
0.028647
0.028611
0.028611
0.028611
0.028611
0.028611
0.028611
0.028611
0.028634
0.028634
0.028632
0.028624
0.028624
0.028624
0.028624
0.028624
0.028583
0.028583
0.028596
0.028596
0.028596
0.028596
0.028596
0.028596
0.028603
0.028640
0.028619
0.028619
0.028619
0.028590
0.028574
0.028574
0.028574
0.028505
0.028495
0.028495
0.028414
0.028402
0.028439
0.028468
0.028468
0.028508
0.028508
0.028508
0.028508
0.028532
0.028532
0.028492
0.028492
0.028492
0.028492
0.028492
0.028464
0.028464
0.028464
0.028464
0.028464
0.028437
0.028437
0.028437
0.028437
0.028437
0.028437
0.028437
0.028437
0.028437
0.028437
0.028437
0.028437
0.028431
0.028412
0.028412
0.028412
0.028412
0.028412
0.028412
0.028437
0.028437
0.028437
0.028437
0.028437
0.028449
0.028449
0.028449
0.028459
0.028459
0.028456
0.028456
0.028456
0.028456
0.028456
0.028456
0.028421
0.028456
0.028443
0.028401
0.028401
0.028443
0.028443
0.028443
0.028443
0.028419
0.028384
0.028383
0.028383
0.028408
0.028365
0.028365
0.028365
0.028365
0.028365
0.028365
0.028365
0.028365
0.028326
0.028326
0.028326
0.028326
0.028327
0.028311
0.028383
0.028383
0.028383
0.028383
0.028383
0.028383
0.028383
0.028383
0.028309
0.028309
0.028309
0.028309
0.028335
0.028335
0.028335
0.028339
0.028339
0.028339
0.028339
0.028339
0.028339
0.028339
0.028339
0.028339
0.028339
0.028339
0.028397
0.028397
0.028397
0.028385
0.028385
0.028385
0.028385
0.028385
0.028385
0.028385
0.028385
0.028385
0.028385
0.028411
0.028411
0.028411
0.028411
0.028411
0.028411
0.028411
0.028411
0.028411
0.028411
0.028411
0.028411
0.028411
0.028411
0.028411
0.028399
0.028353
0.028312
0.028312
0.028312
0.028312
0.028312
0.028312
0.028339
0.028339
0.028339
0.028339
0.028339
0.028339
0.028339
0.028339
0.028339
0.028336
0.028336
0.028336
0.028336
0.028297
0.028297
0.028261
0.028261
0.028300
0.028300
0.028300
0.028300
0.028300
0.028300
0.028300
0.028328
0.028328
0.028289
0.028289
0.028289
0.028289
0.028289
0.028289
0.028289
0.028289
0.028289
0.028289
0.028327
0.028327
0.028327
0.028327
0.028288
0.028288
0.028288
0.028288
0.028288
0.028288
0.028288
0.028288
0.028288
0.028288
0.028316
0.028316
0.028316
0.028316
0.028316
0.028316
0.028316
0.028316
0.028316
0.028316
0.028316
0.028316
0.028316
0.028316
0.028276
0.028276
0.028276
0.028276
0.028269
0.028269
0.028269
0.028269
0.028269
0.028269
0.028270
0.028270
0.028299
0.028299
0.028299
0.028299
0.028299
0.028299
0.028299
0.028299
0.028336
0.028336
0.028336
0.028336
0.028336
0.028299
0.028299
0.028279
0.028279
0.028279
0.028279
0.028279
0.028279
0.028279
0.028316
0.028316
0.028316
0.028316
0.028316
0.028316
0.028346
0.028346
0.028346
0.028307
0.028307
0.028270
0.028270
0.028270
0.028307
0.028307
0.028346
0.028346
0.028346
0.028346
0.028346
0.028346
0.028346
0.028346
0.028307
0.028307
0.028307
0.028307
0.028307
0.028307
0.028307
0.028307
0.028307
0.028337
0.028337
0.028337
0.028298
0.028298
0.028298
0.028298
0.028298
0.028298
0.028298
0.028298
0.028298
0.028298
0.028298
0.028298
0.028298
0.028298
0.028298
0.028298
0.028298
0.028298
0.028298
0.028298
0.028298
0.028263
0.028263
0.028263
0.028263
0.028263
0.028263
0.028294
0.028294
0.028294
0.028294
0.028294
0.028294
0.028294
0.028294
0.028294
0.028294
0.028294
0.028294
0.028294
0.028294
0.028294
0.028294
0.028294
0.028294
0.028294
0.028294
0.028294
0.028325
0.028325
0.028325
0.028294
0.028294
0.028294
0.028294
0.028294
0.028294
0.028294
0.028326
0.028326
0.028288
0.028326
0.028326
0.028357
0.028357
0.028357
0.028357
0.028326
0.028326
0.028288
0.028249
0.028249
0.028249
0.028249
0.028249
0.028288
0.028288
0.028288
0.028352
0.028315
0.028315
0.028315
0.028282
0.028251
0.028212
0.028212
0.028212
0.028212
0.028212
0.028212
0.028212
0.101613
0.101647
0.101547
0.101417
0.101183
0.100933
0.100684
0.100428
0.100147
0.099898
0.099648
0.099366
0.099116
0.098867
0.098617
0.098368
0.098151
0.097951
0.097733
0.097484
0.097234
0.096985
0.096735
0.096486
0.096236
0.095955
0.095706
0.095456
0.095207
0.094958
0.094708
0.094459
0.094209
0.093960
0.093741
0.093492
0.093239
0.092952
0.092703
0.092603
0.092553
0.092323
0.092073
0.091874
0.091624
0.091375
0.091125
0.090876
0.090626
0.090377
0.090188
0.089939
0.089656
0.089407
0.089157
0.088908
0.088658
0.088378
0.088128
0.087975
0.087875
0.087676
0.087427
0.087227
0.086978
0.086728
0.086510
0.086257
0.085995
0.085745
0.085549
0.085348
0.085146
0.084856
0.084542
0.084239
0.083977
0.083827
0.083636
0.083387
0.083137
0.082929
0.082646
0.082393
0.082144
0.081872
0.081653
0.081576
0.081419
0.081269
0.081127
0.081040
0.081004
0.080980
0.080851
0.080845
0.080784
0.080666
0.080579
0.080490
0.080448
0.080409
0.080335
0.080288
0.080255
0.080225
0.080186
0.080056
0.080050
0.079987
0.080063
0.079976
0.079961
0.079944
0.079932
0.079873
0.079778
0.079732
0.079711
0.079731
0.079720
0.079650
0.079640
0.079745
0.079725
0.079715
0.079711
0.079677
0.079664
0.079657
0.079624
0.079588
0.079622
0.079607
0.079593
0.079669
0.079607
0.079603
0.079615
0.079611
0.079602
0.079598
0.079639
0.079599
0.079641
0.079584
0.079631
0.079573
0.079623
0.079568
0.079615
0.079646
0.079712
0.079709
0.079706
0.079704
0.079671
0.079799
0.079704
0.079752
0.079701
0.079665
0.079713
0.079652
0.079739
0.079687
0.079769
0.079767
0.079733
0.079732
0.079700
0.079748
0.079747
0.079743
0.079741
0.079743
0.079789
0.079791
0.079764
0.079767
0.079882
0.079803
0.079802
0.079820
0.079819
0.079751
0.079755
0.079701
0.079755
0.079755
0.079705
0.079709
0.079757
0.079748
0.079753
0.079833
0.079783
0.079755
0.079792
0.079742
0.079740
0.079749
0.079671
0.079669
0.079668
0.079668
0.079634
0.079563
0.079649
0.079681
0.079581
0.079548
0.079460
0.079510
0.079562
0.079562
0.079616
0.079616
0.079668
0.079712
0.079762
0.079809
0.079809
0.079889
0.079888
0.079905
0.079942
0.079993
0.079993
0.079988
0.079955
0.079954
0.080000
0.080000
0.079999
0.079998
0.080031
0.080095
0.080094
0.080059
0.080021
0.080018
0.080018
0.080015
0.079982
0.080028
0.080026
0.080076
0.080024
0.080024
0.080056
0.080056
0.080055
0.080055
0.080022
0.079952
0.079951
0.079901
0.079952
0.079904
0.079845
0.079845
0.079846
0.079841
0.079872
0.079873
0.079792
0.079761
0.079761
0.079730
0.079730
0.079597
0.079594
0.079607
0.079607
0.079558
0.079559
0.079560
0.079595
0.079595
0.079528
0.079530
0.079482
0.079432
0.079403
0.079290
0.079268
0.079231
0.079233
0.079184
0.079134
0.079216
0.079120
0.079070
0.079081
0.079134
0.079220
0.079169
0.079183
0.079200
0.079158
0.079182
0.079229
0.079228
0.079227
0.079242
0.079291
0.079289
0.079253
0.079288
0.079238
0.079272
0.079220
0.079236
0.079286
0.079233
0.079266
0.079180
0.079262
0.079210
0.079260
0.079209
0.079258
0.079207
0.079219
0.079168
0.079168
0.079167
0.079133
0.079133
0.079075
0.079124
0.079106
0.079128
0.079141
0.079090
0.079140
0.079125
0.079125
0.079160
0.079110
0.079125
0.079075
0.078993
0.078992
0.078992
0.078991
0.078991
0.078991
0.078991
0.078991
0.078991
0.079041
0.079094
0.079042
0.079092
0.079092
0.079060
0.079060
0.079110
0.079057
0.079107
0.079092
0.079133
0.079134
0.079184
0.079131
0.079181
0.079131
0.079200
0.079200
0.079151
0.079201
0.079152
0.079202
0.079203
0.079153
0.079204
0.079106
0.079106
0.079158
0.079108
0.079109
0.079059
0.079109
0.079107
0.079058
0.079030
0.078982
0.078982
0.079019
0.078969
0.079056
0.079057
0.079007
0.078976
0.078890
0.078852
0.078902
0.078852
0.078852
0.078874
0.078874
0.078943
0.078943
0.078896
0.078946
0.078946
0.078896
0.078945
0.078945
0.078906
0.078940
0.078938
0.078888
0.078938
0.078975
0.078975
0.078975
0.079006
0.078947
0.078947
0.078948
0.078916
0.078915
0.078839
0.078839
0.078837
0.078787
0.078837
0.078789
0.078809
0.078809
0.078809
0.078823
0.078823
0.078806
0.078756
0.078687
0.078687
0.078639
0.078639
0.078558
0.078609
0.078611
0.078693
0.078731
0.078731
0.078768
0.078721
0.078771
0.078735
0.078685
0.078657
0.078720
0.078721
0.078721
0.078671
0.078658
0.078658
0.078708
0.078708
0.078710
0.078660
0.078660
0.078660
0.078662
0.078662
0.078576
0.078576
0.078579
0.078579
0.078543
0.078447
0.078496
0.078491
0.078491
0.078491
0.078541
0.078541
0.078520
0.078470
0.078520
0.078520
0.078520
0.078520
0.078544
0.078543
0.078543
0.078497
0.078497
0.078497
0.078497
0.078495
0.078495
0.078495
0.078418
0.078418
0.078388
0.078393
0.078439
0.078387
0.078387
0.078387
0.078387
0.078372
0.078372
0.078391
0.078308
0.078308
0.078279
0.078279
0.078276
0.078255
0.078305
0.078305
0.078211
0.078211
0.078262
0.078262
0.078262
0.078212
0.078210
0.078221
0.078271
0.078272
0.078222
0.078179
0.078192
0.078190
0.078156
0.078156
0.078141
0.078190
0.078190
0.078190
0.078190
0.078274
0.078274
0.078274
0.078239
0.078246
0.078161
0.078210
0.078199
0.078270
0.078279
0.078278
0.078278
0.078185
0.078185
0.078185
0.078201
0.078201
0.078135
0.078135
0.078125
0.078115
0.078145
0.078145
0.078145
0.078146
0.078096
0.078146
0.078105
0.078122
0.078122
0.078122
0.078122
0.078037
0.078038
0.078008
0.078008
0.078008
0.078003
0.078003
0.077953
0.077953
0.077953
0.077953
0.077953
0.078003
0.078003
0.077969
0.077969
0.077969
0.077969
0.077969
0.077969
0.077967
0.077967
0.077967
0.077930
0.077900
0.077899
0.077899
0.077899
0.077861
0.077860
0.077897
0.077883
0.077953
0.077952
0.077928
0.077928
0.077928
0.077928
0.077978
0.077977
0.077977
0.077977
0.077918
0.077918
0.077918
0.077918
0.077918
0.077968
0.077968
0.077969
0.077969
0.077944
0.077995
0.077995
0.077996
0.077996
0.077963
0.078015
0.078003
0.078005
0.078005
0.078007
0.078026
0.078026
0.077978
0.077978
0.077980
0.078030
0.078033
0.078033
0.078036
0.078036
0.078056
0.078007
0.077972
0.077976
0.077976
0.077979
0.077979
0.077983
0.077983
0.077983
0.077986
0.077986
0.077987
0.077987
0.077991
0.077968
0.077898
0.077898
0.077901
0.077866
0.077866
0.077816
0.077816
0.077874
0.077875
0.077875
0.077825
0.077860
0.077860
0.077860
0.077776
0.077776
0.077797
0.077797
0.077796
0.077707
0.077667
0.077667
0.077670
0.077636
0.077616
0.077612
0.077612
0.077622
0.077726
0.077676
0.077602
0.077601
0.077598
0.077598
0.077592
0.077592
0.077626
0.077659
0.077659
0.077656
0.077654
0.077704
0.077660
0.077658
0.077658
0.077706
0.077705
0.077735
0.077784
0.077784
0.077783
0.077782
0.077832
0.077832
0.077832
0.077882
0.077933
0.077934
0.077950
0.077951
0.077952
0.078004
0.077990
0.077992
0.078061
0.078064
0.078066
0.078067
0.078120
0.078124
0.078162
0.078207
0.078211
0.078215
0.078219
0.078273
0.078246
0.078248
0.078251
0.078220
0.078225
0.078220
0.078173
0.078126
0.078132
0.078106
0.078010
0.077713
0.077271
0.076825
0.076355
0.075970
0.075504
0.075094
0.074620
0.074176
0.073678
0.073233
0.072751
0.072402
0.071998
0.071607
0.071192
0.070726
0.070256
0.069858
0.069448
0.069050
0.068643
0.068282
0.067869
0.067421
0.067058
0.066688
0.066330
0.065932
0.065480
0.065126
0.064687
0.064276
0.063923
0.063606
0.063204
0.062847
0.062486
0.062084
0.061677
0.061258
0.060991
0.060688
0.060287
0.059842
0.059466
0.059110
0.058708
0.058387
0.058085
0.057770
0.057449
0.057029
0.056684
0.056328
0.056026
0.055703
0.055425
0.055119
0.054768
0.054439
0.054123
0.053818
0.053496
0.053190
0.052889
0.052638
0.052372
0.052007
0.051725
0.051371
0.051065
0.050713
0.050402
0.050152
0.049868
0.049568
0.049249
0.049069
0.048688
0.048388
0.048178
0.047819
0.047620
0.047322
0.046987
0.046739
0.046392
0.046145
0.045901
0.045604
0.045391
0.045158
0.044912
0.044646
0.044400
0.044207
0.043891
0.043649
0.043454
0.043205
0.042971
0.042778
0.042584
0.042296
0.042066
0.041878
0.041659
0.041461
0.041275
0.041126
0.040970
0.040785
0.040538
0.040381
0.040199
0.040010
0.039834
0.039694
0.039506
0.039346
0.039216
0.038981
0.038749
0.038620
0.038473
0.038326
0.038180
0.038004
0.037858
0.037663
0.037528
0.037430
0.037247
0.037150
0.036970
0.036788
0.036691
0.036546
0.036414
0.036269
0.036125
0.036028
0.035884
0.035753
0.035663
0.035519
0.035376
0.035280
0.035199
0.035056
0.034961
0.034866
0.034723
0.034644
0.034502
0.034404
0.034253
0.034111
0.034064
0.033987
0.033812
0.033749
0.033608
0.033561
0.033467
0.033377
0.033301
0.033209
0.033115
0.033022
0.032912
0.032820
0.032746
0.032700
0.032591
0.032497
0.032451
0.032360
0.032295
0.032224
0.032133
0.032069
0.032023
0.031932
0.031802
0.031756
0.031666
0.031601
0.031578
0.031532
0.031425
0.031413
0.031369
0.031262
0.031216
0.031170
0.031062
0.031016
0.030951
0.030886
0.030824
0.030778
0.030713
0.030671
0.030615
0.030610
0.030522
0.030458
0.030458
0.030412
0.030306
0.030260
0.030216
0.030198
0.030111
0.030065
0.030047
0.029960
0.029896
0.029859
0.029813
0.029709
0.029709
0.029663
0.029589
0.029589
0.029543
0.029525
0.029440
0.029487
0.029423
0.029377
0.029339
0.029276
0.029276
0.029262
0.029208
0.029161
0.029129
0.029066
0.029029
0.028982
0.028967
0.028967
0.028884
0.028869
0.028822
0.028855
0.028771
0.028757
0.028757
0.028710
0.028664
0.028632
