2.025160
1.882460
1.755203
1.672833
1.631785
1.615848
1.612078
1.612341
1.612880
1.612714
1.612504
1.612105
1.611274
1.610401
1.609351
1.607817
1.605849
1.603257
1.600165
1.596923
1.593489
1.590019
1.586546
1.583258
1.579961
1.576809
1.573409
1.570173
1.567000
1.563616
1.560208
1.556785
1.553398
1.550078
1.546965
1.543668
1.540116
1.536901
1.533796
1.530305
1.526815
1.523508
1.520680
1.516885
1.513762
1.509972
1.506059
1.502082
1.498161
1.494606
1.491448
1.488352
1.485220
1.482466
1.479364
1.475920
1.472743
1.469178
1.465340
1.461801
1.458269
1.454558
1.450754
1.447291
1.443967
1.440398
1.437297
1.434154
1.430751
1.427624
1.424442
1.421027
1.417603
1.414128
1.410397
1.406722
1.403651
1.401197
1.399439
1.398063
1.396897
1.395808
1.394657
1.392819
1.390267
1.386978
1.383577
1.380048
1.376394
1.372514
1.368690
1.364915
1.362205
1.359975
1.358538
1.357529
1.356457
1.355353
1.354083
1.351936
1.348940
1.345473
1.341576
1.337605
1.333538
1.329504
1.325812
1.321917
1.318215
1.315164
1.312882
1.310832
1.308970
1.307388
1.305638
1.303668
1.301462
1.298861
1.295526
1.291858
1.288051
1.284445
1.280909
1.276863
1.273268
1.270294
1.267716
1.265549
1.263562
1.262095
1.260263
1.258022
1.255452
1.252280
1.248952
1.245273
1.241962
1.238873
1.235464
1.231972
1.229059
1.226796
1.224697
1.223013
1.221089
1.219499
1.217449
1.214965
1.212019
1.208681
1.205039
1.201568
1.198003
1.194684
1.191495
1.188921
1.186734
1.184841
1.183196
1.181570
1.180009
1.177913
1.175359
1.172178
1.168948
1.165764
1.162756
1.159452
1.156015
1.152707
1.149605
1.146709
1.144279
1.142476
1.140899
1.139303
1.137862
1.135770
1.133810
1.131432
1.128957
1.126240
1.123730
1.121436
1.119019
1.116551
1.114412
1.112874
1.111504
1.110090
1.109095
1.107837
1.106882
1.105204
1.103260
1.101011
1.098875
1.096580
1.094352
1.092164
1.090005
1.088011
1.085883
1.084434
1.082956
1.081799
1.080723
1.079796
1.078868
1.077883
1.076365
1.074873
1.072672
1.070162
1.067570
1.065450
1.062980
1.060467
1.058054
1.055813
1.054093
1.052736
1.051564
1.050655
1.049720
1.049014
1.047782
1.046325
1.044541
1.042374
1.039920
1.037476
1.035091
1.032876
1.030968
1.029625
1.028331
1.027310
1.026182
1.025065
1.023672
1.022163
1.020149
1.018168
1.016186
1.014198
1.011988
1.009891
1.007744
1.006019
1.004364
1.003009
1.001445
0.999988
0.998710
0.997588
0.996057
0.994448
0.992772
0.990386
0.988230
0.986328
0.984409
0.982721
0.980922
0.978913
0.976715
0.974883
0.973224
0.971816
0.970482
0.969141
0.967973
0.966189
0.964411
0.962463
0.960201
0.957743
0.955252
0.952696
0.950283
0.947891
0.945960
0.944243
0.942807
0.941636
0.940331
0.938823
0.936945
0.934858
0.932383
0.930263
0.928213
0.925920
0.923558
0.921086
0.919164
0.917507
0.916113
0.914733
0.913469
0.912236
0.910672
0.909045
0.906961
0.904759
0.902700
0.900534
0.898119
0.896065
0.893820
0.891851
0.889885
0.888318
0.887115
0.885949
0.884704
0.883557
0.882259
0.880583
0.878620
0.876602
0.874571
0.872628
0.870372
0.868334
0.866250
0.864712
0.863370
0.862220
0.861266
0.860694
0.860184
0.859290
0.858023
0.856676
0.855305
0.853799
0.852415
0.850869
0.849142
0.847136
0.845410
0.843642
0.842222
0.841234
0.840095
0.839165
0.837707
0.836269
0.834897
0.833713
0.832386
0.830854
0.829555
0.828116
0.826753
0.825194
0.824113
0.822938
0.821962
0.820941
0.820135
0.819472
0.818398
0.817310
0.816155
0.815193
0.814286
0.813221
0.812041
0.810914
0.809707
0.808527
0.807325
0.806027
0.804705
0.803234
0.802088
0.800812
0.800099
0.799275
0.798787
0.798395
0.798084
0.798041
0.797874
0.797657
0.797050
0.796150
0.795262
0.794432
0.793453
0.792389
0.791509
0.790504
0.789481
0.788618
0.787774
0.786957
0.786085
0.785336
0.784301
0.783221
0.781888
0.780690
0.779761
0.779218
0.778868
0.778767
0.778495
0.778529
0.777930
0.777236
0.776585
0.775675
0.774445
0.773239
0.771971
0.771013
0.769989
0.769082
0.768020
0.767102
0.766331
0.765152
0.764393
0.763160
0.762046
0.760866
0.759606
0.758569
0.757517
0.756431
0.755315
0.754507
0.754033
0.753603
0.753345
0.752902
0.752804
0.752476
0.751807
0.750991
0.750108
0.749399
0.748461
0.747379
0.746115
0.744793
0.743515
0.742427
0.741445
0.740412
0.739270
0.738546
0.737640
0.736604
0.735624
0.734356
0.733418
0.732435
0.731568
0.730472
0.729873
0.728853
0.727694
0.726619
0.725793
0.724855
0.723850
0.722695
0.721494
0.720258
0.719010
0.717654
0.716175
0.714764
0.713287
0.711754
0.710309
0.708988
0.707383
0.705944
0.704450
0.703128
0.701483
0.699916
0.698629
0.697392
0.696170
0.694833
0.693665
0.692554
0.691255
0.689686
0.688112
0.686259
0.684371
0.682458
0.680833
0.678887
0.677155
0.675458
0.673483
0.671853
0.670131
0.668228
0.666663
0.665301
0.663552
0.661916
0.660664
0.658956
0.657017
0.654897
0.652829
0.650950
0.648538
0.646259
0.644287
0.642368
0.640310
0.638136
0.635953
0.633982
0.632527
0.630655
0.628726
0.626871
0.625172
0.623739
0.621852
0.619582
0.617396
0.615350
0.613271
0.611032
0.608894
0.606899
0.604983
0.602931
0.600799
0.598843
0.596817
0.594979
0.593164
0.591587
0.590008
0.588410
0.586798
0.585202
0.583413
0.581452
0.579528
0.577448
0.575494
0.573361
0.571633
0.569527
0.567779
0.565789
0.564065
0.561969
0.560196
0.558176
0.556377
0.554539
0.552878
0.551397
0.549923
0.548583
0.547333
0.545858
0.544529
0.543024
0.541130
0.539201
0.537003
0.534938
0.532846
0.530776
0.528778
0.526653
0.524850
0.522795
0.520851
0.519223
0.517601
0.516033
0.514741
0.513497
0.512420
0.511191
0.509817
0.508227
0.506421
0.504436
0.502365
0.500259
0.498150
0.496025
0.494088
0.492023
0.489936
0.487892
0.485904
0.483974
0.482017
0.480032
0.478036
0.476352
0.474989
0.473575
0.472600
0.471734
0.470542
0.469520
0.468126
0.466687
0.464790
0.462955
0.460824
0.458730
0.456590
0.454527
0.452372
0.450383
0.448300
0.446103
0.444005
0.441908
0.439996
0.437833
0.435675
0.433568
0.431489
0.429776
0.428181
0.426738
0.425490
0.424185
0.422911
0.421578
0.420033
0.418188
0.416138
0.413912
0.411707
0.409517
0.407355
0.405350
0.403196
0.401165
0.399035
0.397219
0.395769
0.394228
0.392751
0.391107
0.389028
0.387005
0.384264
0.381901
0.379676
0.377620
0.375849
0.374127
0.372757
0.371518
0.370047
0.368480
0.366759
0.364895
0.362992
0.361034
0.358972
0.357142
0.355214
0.353546
0.351834
0.350040
0.348157
0.346332
0.344554
0.342684
0.341068
0.339686
0.338417
0.337266
0.335903
0.334380
0.332689
0.331006
0.329265
0.327532
0.325853
0.324067
0.322473
0.321044
0.319695
0.318285
0.316679
0.314815
0.312627
0.310404
0.308118
0.306093
0.304392
0.302800
0.301649
0.300732
0.299956
0.299242
0.298453
0.297533
0.296337
0.295165
0.293829
0.292414
0.290955
0.289578
0.288145
0.286961
0.285801
0.284485
0.283295
0.281936
0.280832
0.279507
0.278229
0.277352
0.276182
0.274896
0.273809
0.272529
0.271336
0.270234
0.269327
0.268547
0.267818
0.267005
0.266157
0.265403
0.264512
0.263643
0.262475
0.261434
0.260341
0.259143
0.257971
0.256319
0.254412
0.252757
0.251024
0.249871
0.249099
0.248028
0.247140
0.246256
0.245221
0.244577
0.243734
0.242870
0.242299
0.241379
0.240655
0.239886
0.239154
0.238225
0.237349
0.236501
0.235674
0.234767
0.233792
0.232858
0.231900
0.230900
0.230050
0.229223
0.228181
0.227418
0.226460
0.225596
0.224900
0.224075
0.223163
0.222423
0.221502
0.220596
0.219819
0.218916
0.218043
0.217119
0.216258
0.215293
0.214497
0.213608
0.212784
0.211833
0.211051
0.210236
0.209291
0.208350
0.207492
0.206406
0.205405
0.204517
0.203629
0.202809
0.201920
0.201066
0.200145
0.199462
0.198466
0.197652
0.196829
0.196063
0.195330
0.194620
0.193882
0.192951
0.192026
0.191222
0.190332
0.189421
0.188621
0.187739
0.186730
0.185940
0.185036
0.184230
0.183259
0.182361
0.181506
0.180675
0.179688
0.178864
0.177948
0.177027
0.176191
0.175177
0.174446
0.173500
0.172628
0.171716
0.170825
0.169915
0.169103
0.168211
0.167355
0.166513
0.165727
0.164843
0.163998
0.163110
0.162214
0.161462
0.160868
0.159980
0.159219
0.158421
0.157541
0.156705
0.155826
0.154874
0.154083
0.153286
0.152505
0.151583
0.150868
0.149956
0.149159
0.148240
0.147446
0.146637
0.145886
0.145093
0.144341
0.143578
0.142801
0.141983
0.141257
0.140424
0.139579
0.138802
0.138200
0.137390
0.136653
0.135882
0.135160
0.134420
0.133647
0.132899
0.132210
0.131519
0.130957
0.130215
0.129502
0.128865
0.128179
0.127523
0.126873
0.126226
0.125670
0.125185
0.124599
0.123952
0.123331
0.122615
0.121907
0.121338
0.120623
0.119974
0.119347
0.118746
0.118097
0.117437
0.116883
0.116262
0.115699
0.115139
0.114524
0.113918
0.113289
0.112799
0.112153
0.111551
0.110930
0.110396
0.109901
0.109258
0.108627
0.108182
0.107564
0.106977
0.106398
0.105833
0.105317
0.104645
0.104082
0.103484
0.102820
0.102335
0.101716
0.101180
0.100634
0.100057
0.099533
0.098955
0.098412
0.097918
0.097317
0.096724
0.096022
0.095550
0.095062
0.094495
0.094086
0.093569
0.093023
0.092511
0.091930
0.091317
0.090784
0.090136
0.089618
0.088921
0.088322
0.087735
0.087194
0.086627
0.086033
0.085380
0.084813
0.084282
0.083737
0.083118
0.082495
0.081928
0.081298
0.080678
0.079962
0.079256
0.078696
0.078090
0.077489
0.076811
0.076208
0.075629
0.074935
0.074339
0.073684
0.073112
0.072503
0.071816
0.071255
0.070655
0.070121
0.069513
0.068906
0.068273
0.067758
0.067230
0.066683
0.066150
0.065601
0.065035
0.064530
0.063952
0.063490
0.063064
0.062630
0.062118
0.061628
0.061179
0.060583
0.060182
0.059692
0.059164
0.058689
0.058140
0.057760
0.057239
0.056864
0.056388
0.055883
0.055452
0.055075
0.054555
0.054206
0.053782
0.053400
0.052986
0.052564
0.052135
0.051796
0.051431
0.050998
0.050609
0.050263
0.049850
0.049516
0.049210
0.048854
0.048476
0.048166
0.047744
0.047395
0.047125
0.046791
0.046548
0.046199
0.045901
0.045573
0.045306
0.045055
0.044706
0.044526
0.044313
0.044142
0.043821
0.043526
0.043205
0.042954
0.042600
0.042482
0.042170
0.041964
0.041734
0.041460
0.041216
0.041029
0.040806
0.040597
0.040423
0.040208
0.040021
0.039816
0.039606
0.039429
0.039203
0.039044
0.038834
0.038654
0.038431
0.038316
0.038152
0.038024
0.037773
0.037647
0.037474
0.037340
0.037121
0.037036
0.036958
0.036796
0.036642
0.036460
0.036354
0.036237
0.036084
0.035913
0.035765
0.035685
0.035536
0.035476
0.035333
0.035224
0.035041
0.034932
0.034767
0.034745
0.034520
0.034438
0.034350
0.034210
0.034167
0.034153
0.034046
0.033842
0.033938
0.033852
0.033777
0.033678
0.033640
0.033499
0.033377
0.033353
0.033272
0.033248
0.033127
0.033080
0.033071
0.032974
0.032893
0.032933
0.032946
0.032872
0.032802
0.032721
0.032663
0.032660
0.032552
0.032586
0.032478
0.032438
0.032457
0.032400
0.032365
0.032349
0.032402
0.032402
0.032328
0.032360
0.032338
0.032267
0.032233
0.032218
0.032265
0.032230
0.032265
0.032256
0.032228
0.032191
0.032133
0.032130
0.032113
0.032120
0.032119
0.032129
0.032045
0.032021
0.032056
0.031988
0.031937
0.031906
0.031987
0.031965
0.031927
0.031942
0.031952
0.031936
0.031922
0.031922
0.031917
0.031895
0.031846
0.031901
0.031888
0.031884
0.031913
0.031884
0.031786
0.031819
0.031837
0.031846
0.031837
0.031867
0.031845
0.031884
0.031882
0.031882
0.031926
0.031898
0.031888
0.031879
0.031949
0.031911
0.031966
0.031885
0.031919
0.031937
0.031961
0.031916
0.031902
0.031903
0.031891
0.031942
0.031922
0.031835
0.031867
0.031898
0.031881
0.031804
0.031862
0.031858
0.031805
0.031840
0.031766
0.031803
0.031871
0.031857
0.031867
0.031867
0.031872
0.031864
0.031852
0.031892
0.031865
0.031834
0.031807
0.031849
0.031785
0.031829
0.031754
0.031889
0.031889
0.031956
0.031956
0.031937
0.031996
0.032042
0.032028
0.031994
0.031896
0.031932
0.031920
0.031958
0.031995
0.031995
0.031990
0.032071
0.032063
0.032065
0.032055
0.032055
0.032079
0.032081
0.032116
0.032074
0.032042
0.031984
0.032056
0.032054
0.032064
0.032102
0.032136
0.032136
0.032137
0.032137
0.032129
0.032131
0.032223
0.032119
0.032119
0.032082
0.032120
0.032092
0.032140
0.032147
0.032147
0.032199
0.032203
0.032203
0.032213
0.032213
0.032213
0.032222
0.032140
0.032209
0.032257
0.032267
0.032235
0.032329
0.032292
0.032225
0.032225
0.032225
0.032276
0.032273
0.032334
0.032412
0.032374
0.032374
0.032389
0.032317
0.032339
0.032374
0.032390
0.032390
0.032390
0.032364
0.032398
0.032398
0.032418
0.032372
0.032372
0.032418
0.032436
0.032436
0.032413
0.032413
0.032413
0.032397
0.032397
0.032399
0.032434
0.032396
0.032387
0.032410
0.032533
0.032529
0.032529
0.032529
0.032514
0.032514
0.032482
0.032504
0.032466
0.032466
0.032364
0.032335
0.032319
0.032382
0.032382
0.032408
0.032399
0.032449
0.032449
0.032473
0.032473
0.032473
0.032508
0.032508
0.032495
0.032432
0.032432
0.032438
0.032405
0.032430
0.032392
0.032392
0.032455
0.032480
0.032480
0.032480
0.032480
0.032414
0.032414
0.032398
0.032398
0.032398
0.032361
0.032361
0.032387
0.032387
0.032387
0.032387
0.032394
0.032421
0.032421
0.032421
0.032352
0.032352
0.032358
0.032360
0.032387
0.032387
0.032387
0.032355
0.032367
0.032395
0.032395
0.032395
0.032427
0.032459
0.032459
0.032459
0.032459
0.032437
0.032465
0.032465
0.032427
0.032366
0.032401
0.032439
0.032439
0.032472
0.032472
0.032442
0.032441
0.032441
0.032458
0.032491
0.032471
0.032443
0.032443
0.032472
0.032396
0.032396
0.032391
0.032350
0.032350
0.032350
0.032350
0.032350
0.032330
0.032368
0.032370
0.032370
0.032370
0.032322
0.032344
0.032344
0.032306
0.032306
0.032377
0.032377
0.032377
0.032382
0.032315
0.032315
0.032315
0.032252
0.032252
0.032252
0.032252
0.032252
0.032197
0.032240
0.032240
0.032224
0.032259
0.032259
0.032290
0.032290
0.032290
0.032290
0.032290
0.032269
0.032303
0.032264
0.032264
0.032264
0.032284
0.032284
0.032270
0.032270
0.032278
0.032278
0.032235
0.032273
0.032273
0.032273
0.032273
0.032238
0.032304
0.032304
0.032279
0.032279
0.032279
0.032279
0.032279
0.032213
0.032277
0.032277
0.032239
0.032239
0.032239
0.032239
0.032239
0.032204
0.032204
0.032204
0.032247
0.032247
0.032247
0.032247
0.032222
0.032222
0.032258
0.032188
0.032215
0.032253
0.032253
0.032292
0.032325
0.032287
0.032287
0.032287
0.032288
0.032330
0.032330
0.032330
0.032330
0.032293
0.032305
0.032270
0.032270
0.032270
0.032270
0.032247
0.032259
0.032256
0.032256
0.032256
0.032256
0.032256
0.032256
0.032256
0.032219
0.032219
0.032186
0.032186
0.032186
0.032186
0.032188
0.032188
0.032188
0.032217
0.032217
0.032177
0.032176
0.032176
0.032176
0.032176
0.032176
0.032216
0.032184
0.032148
0.032148
0.032148
0.032148
0.032148
0.032205
0.032205
0.032236
0.032236
0.032236
0.032236
0.032236
0.032236
0.032236
0.032246
0.032210
0.032210
0.032210
0.032172
0.032132
0.032095
0.032095
0.032130
0.032163
0.032213
0.032213
0.032213
0.032213
0.032213
0.032180
0.032180
0.032145
0.032145
0.032145
0.032145
0.032145
0.032186
0.032186
0.032221
0.032201
0.032238
0.032222
0.032271
0.032271
0.032271
0.032238
0.032238
0.032225
0.032225
0.032225
0.032225
0.032225
0.032225
0.032225
0.032261
0.032235
0.032274
0.032274
0.032274
0.032274
0.032274
0.032241
0.032201
0.032128
0.032128
0.032128
0.032128
0.032092
0.032092
0.032092
0.032127
0.032135
0.032135
0.032135
0.032135
0.032168
0.032135
0.032135
0.032135
0.032142
0.032162
0.032162
0.032185
0.032148
0.032148
0.032148
0.032184
0.032184
0.032184
0.032184
0.032161
0.032161
0.032161
0.032177
0.032156
0.032156
0.032119
0.032119
0.032119
0.032119
0.032119
0.032190
0.032200
0.032200
0.032200
0.032200
0.032200
0.032200
0.032185
0.032185
0.032185
0.032112
0.032085
0.032085
0.032086
0.032086
0.032086
0.032121
0.032194
0.032194
0.032158
0.032158
0.032120
0.032120
0.032132
0.032132
0.032132
0.032059
0.032059
0.032059
0.032102
0.032066
0.032066
0.032045
0.032117
0.032117
0.032117
0.032117
0.032117
0.032083
0.032083
0.032083
0.032046
0.032010
0.032010
0.032010
0.032010
0.032010
0.032010
0.032010
0.032046
0.032046
0.032083
0.032083
0.032083
0.032083
0.032083
0.032013
0.032013
0.031978
0.031994
0.031966
0.031966
0.031966
0.031966
0.031966
0.032001
0.032001
0.031966
0.032003
0.032003
0.032003
0.031951
0.031986
0.031986
0.031950
0.031918
0.031918
0.031902
0.031902
0.031902
0.031902
0.031937
0.031902
0.031902
0.031902
0.031902
0.031935
0.031902
0.031902
0.031937
0.031919
0.031919
0.031919
0.031919
0.031919
0.031889
0.031924
0.031934
0.031934
0.031934
0.031895
0.031895
0.031853
0.031853
0.031853
0.031853
0.031852
0.031817
0.031817
0.031817
0.031789
0.031789
0.031789
0.031825
0.031825
0.031789
0.031761
0.031761
0.031761
0.031761
0.031761
0.031761
0.031725
0.031725
0.031776
0.031776
0.031764
0.031764
0.031728
0.031764
0.031799
0.031799
0.031811
0.031795
0.031829
0.031795
0.031795
0.031795
0.031733
0.031733
0.031733
0.031733
0.031733
0.031733
0.031805
0.031805
0.031762
0.031795
0.031795
0.031795
0.031795
0.031795
0.031762
0.031762
0.031762
0.031726
0.031726
0.031726
0.031685
0.031685
0.031720
0.031720
0.031685
0.031685
0.031656
0.031689
0.031689
0.031656
0.031656
0.031656
0.031621
0.031621
0.031583
0.031583
0.031583
0.031583
0.031619
0.031619
0.031619
0.031619
0.031619
0.031619
0.031652
0.031575
0.031597
0.031597
0.031597
0.031561
0.031555
0.031555
0.031555
0.031555
0.031591
0.031591
0.031591
0.031624
0.031624
0.031624
0.031624
0.031608
0.031580
0.031580
0.031580
0.031544
0.031544
0.031544
0.031544
0.031580
0.031580
0.031580
0.031613
0.031570
0.031589
0.031589
0.031589
0.031589
0.031556
0.031556
0.031538
0.031538
0.031538
0.031538
0.031538
0.031538
0.031510
0.031489
0.031489
0.031522
0.031547
0.031547
0.031547
0.031547
0.031434
0.031469
0.031431
0.031396
0.031396
0.031396
0.031396
0.031396
0.031475
0.031475
0.031440
0.031473
0.031473
0.031430
0.031430
0.031430
0.031396
0.031396
0.031440
0.031440
0.031404
0.031405
0.031426
0.031383
0.031383
0.031383
0.031416
0.031416
0.031416
0.031345
0.031329
0.031329
0.031364
0.031331
0.031331
0.031331
0.031331
0.031331
0.031331
0.031331
0.031331
0.031331
0.031329
0.031329
0.031329
0.031329
0.031329
0.031329
0.031329
0.031331
0.031331
0.031331
0.031331
0.031331
0.031267
0.031267
0.031267
0.031267
0.031200
0.031200
0.031200
0.031200
0.031200
0.031200
0.031200
0.031190
0.031190
0.031153
0.031153
0.031153
0.031153
0.031153
0.031190
0.031155
0.031188
0.031188
0.031188
0.031153
0.031153
0.031153
0.031153
0.031120
0.031154
0.031117
0.031117
0.031133
0.031133
0.031093
0.031130
0.031096
0.031129
0.031129
0.031129
0.031129
0.031129
0.031129
0.031113
0.031080
0.031045
0.031009
0.031009
0.031009
0.031009
0.031009
0.031045
0.031079
0.031079
0.031079
0.031079
0.031079
0.031079
0.031040
0.031084
0.031051
0.031014
0.031014
0.031014
0.031014
0.031014
0.030981
0.031018
0.031051
0.031051
0.031007
0.031000
0.031000
0.030971
0.030971
0.030971
0.030938
0.030866
0.030866
0.030828
0.030828
0.030828
0.030805
0.030805
0.030842
0.030875
0.030843
0.030843
0.030843
0.030843
0.030843
0.030843
0.030773
0.030773
0.030773
0.030773
0.030789
0.030789
0.030789
0.030789
0.030822
0.030822
0.030822
0.030822
0.030822
0.030822
0.030806
0.030775
0.030739
0.030705
0.030705
0.030705
0.030705
0.030705
0.030705
0.030705
0.030775
0.030775
0.030775
0.030740
0.030713
0.030713
0.030713
0.030757
0.030721
0.030687
0.030658
0.030658
0.030628
0.030628
0.030628
0.030628
0.030662
0.030698
0.030698
0.030698
0.030698
0.030663
0.030663
0.030663
0.030627
0.030593
0.030593
0.030549
0.030549
0.030549
0.030549
0.030549
0.030582
0.030555
0.030591
0.030591
0.030591
0.030591
0.030591
0.030486
0.030486
0.030453
0.030453
0.030453
0.030426
0.030441
0.030441
0.030476
0.030510
0.030510
0.030546
0.030511
0.030511
0.030511
0.030509
0.030447
0.030447
0.030398
0.030364
0.030364
0.030364
0.030364
0.030364
0.030334
0.030368
0.030368
0.030404
0.030404
0.030449
0.030449
0.030431
0.030394
0.030394
0.030361
0.030361
0.030361
0.030361
0.030329
0.030329
0.030339
0.030339
0.030339
0.030375
0.030375
0.030375
0.030375
0.030339
0.030339
0.030318
0.030284
0.030284
0.030284
0.030284
0.030258
0.030258
0.030227
0.030260
0.030260
0.030260
0.030216
0.030216
0.030182
0.030182
0.030216
0.030216
0.030182
0.030127
0.030127
0.030127
0.030142
0.030142
0.030142
0.030176
0.030176
0.030142
0.030113
0.030113
0.030113
0.030113
0.030147
0.030102
0.030069
0.030069
0.030069
0.030069
0.030069
0.030069
0.030102
0.030102
0.030068
0.030068
0.030068
0.030068
0.030068
0.030049
0.030049
0.030128
0.030102
0.030068
0.030068
0.030068
0.030068
0.030068
0.030102
0.030067
0.030067
0.030067
0.030067
0.030067
0.030067
0.030040
0.030040
0.030040
0.030074
0.030041
0.030041
0.030041
0.030041
0.030016
0.030049
0.030015
0.030015
0.030015
0.030015
0.030015
0.030015
0.030051
0.030036
0.029956
0.029957
0.029957
0.029957
0.029957
0.029973
0.029973
0.030006
0.029972
0.029972
0.029972
0.029972
0.029979
0.029979
0.029922
0.029922
0.029922
0.029888
0.029907
0.029907
0.029907
0.029907
0.029907
0.029906
0.029906
0.029906
0.029942
0.029942
0.029906
0.029906
0.029906
0.029906
0.029906
0.029906
0.029906
0.029873
0.029873
0.029906
0.029939
0.029975
0.029948
0.029948
0.029948
0.029912
0.029893
0.029893
0.029893
0.029893
0.029893
0.029893
0.029893
0.029860
0.029860
0.029896
0.029929
0.029929
0.029929
0.029929
0.029929
0.029893
0.029893
0.029893
0.029893
0.029893
0.029893
0.029893
0.029896
0.029896
0.029896
0.029851
0.029851
0.029885
0.029885
0.029885
0.029849
0.029849
0.029849
0.029849
0.029849
0.029824
0.029860
0.029860
0.029826
0.029826
0.029826
0.029826
0.029803
0.029837
0.029801
0.029801
0.029801
0.029801
0.029801
0.029801
0.029837
0.029837
0.029837
0.029837
0.029837
0.029837
0.029812
0.029776
0.029776
0.029776
0.029776
0.029776
0.029776
0.029820
0.029856
0.029856
0.029856
0.029856
0.029856
0.029856
0.029844
0.029844
0.029808
0.029808
0.029808
0.029808
0.029808
0.029808
0.029844
0.029844
0.029844
0.029844
0.029844
0.029844
0.029844
0.029844
0.029811
0.029775
0.029775
0.029775
0.029730
0.029800
0.029800
0.029800
0.029816
0.029816
0.029816
0.029816
0.029816
0.029816
0.029816
0.029816
0.029746
0.029746
0.029746
0.029782
0.029782
0.029798
0.029764
0.029764
0.029764
0.029764
0.029798
0.029775
0.029775
0.029739
0.029739
0.029739
0.029739
0.029739
0.029734
0.029734
0.029721
0.029721
0.029721
0.029699
0.029699
0.029699
0.029699
0.029629
0.029629
0.029629
0.029629
0.029629
0.029666
0.029666
0.029710
0.029710
0.029710
0.029710
0.029710
0.029710
0.029710
0.029710
0.029674
0.029674
0.029674
0.029710
0.029666
0.029666
0.029666
0.029666
0.029666
0.029666
0.029666
0.029666
0.029666
0.029666
0.029629
0.029629
0.029629
0.029681
0.029681
0.029681
0.029681
0.029681
0.029681
0.029648
0.029648
0.029648
0.029681
0.029681
0.029645
0.029645
0.029645
0.029666
0.029666
0.029666
0.029666
0.029666
0.029666
0.029666
0.029666
0.029666
0.029666
0.029629
0.029629
0.029629
0.029629
0.029666
0.029666
0.029666
0.029666
0.029666
0.029666
0.029666
0.029666
0.029663
0.029663
0.029627
0.029627
0.029627
0.029627
0.029663
0.029663
0.029663
0.029685
0.029663
0.029663
0.029645
0.029645
0.029645
0.029648
0.029648
0.029611
0.029611
0.029611
0.029648
0.029652
0.029652
0.029652
0.029652
0.029652
0.029652
0.029652
0.029652
