2.050725
1.909632
1.785600
1.708721
1.674195
1.663242
1.661096
1.661128
1.661214
1.660626
1.659612
1.658488
1.657221
1.655291
1.652996
1.650710
1.647590
1.643639
1.639375
1.635344
1.630981
1.626185
1.621212
1.615954
1.611081
1.606153
1.601857
1.597398
1.593123
1.588992
1.584805
1.580580
1.576304
1.572112
1.568034
1.563794
1.559630
1.555067
1.550728
1.546672
1.542508
1.538805
1.535578
1.532204
1.528903
1.525295
1.521421
1.517735
1.513913
1.509950
1.505628
1.501772
1.497490
1.492730
1.488107
1.483485
1.479304
1.474661
1.469960
1.465134
1.460025
1.455661
1.451238
1.446995
1.442366
1.437551
1.432779
1.428324
1.423734
1.419438
1.415136
1.410073
1.405099
1.399990
1.395448
1.390776
1.386857
1.382780
1.377824
1.372949
1.367886
1.362962
1.358373
1.354072
1.349477
1.344426
1.339462
1.334498
1.329570
1.325147
1.320436
1.315718
1.310541
1.305461
1.300584
1.295665
1.291038
1.286000
1.281099
1.276066
1.271382
1.266623
1.261528
1.256401
1.251481
1.246808
1.242460
1.238298
1.234220
1.230454
1.226868
1.223316
1.219770
1.215955
1.212358
1.208392
1.203956
1.199276
1.194442
1.189323
1.184300
1.179286
1.174325
1.169366
1.164665
1.160540
1.156461
1.152448
1.148362
1.144909
1.141263
1.137364
1.133464
1.129334
1.124701
1.120215
1.115835
1.111003
1.106250
1.101471
1.096863
1.092254
1.087713
1.083074
1.078721
1.074307
1.069582
1.064949
1.060447
1.056014
1.051479
1.047072
1.042473
1.038562
1.034575
1.030289
1.026721
1.023205
1.019315
1.014886
1.010176
1.006094
1.002539
0.998541
0.994707
0.990382
0.986257
0.982436
0.978263
0.974512
0.970578
0.966730
0.962865
0.959092
0.955179
0.951358
0.947477
0.943592
0.939873
0.935915
0.932027
0.928229
0.924480
0.920641
0.916778
0.912931
0.909315
0.905608
0.901869
0.898172
0.894351
0.890695
0.886968
0.883245
0.879579
0.875803
0.872028
0.868193
0.864406
0.860728
0.856797
0.852977
0.849350
0.845556
0.841652
0.837801
0.833966
0.830292
0.826512
0.822772
0.818889
0.814942
0.811031
0.807240
0.803387
0.799498
0.795432
0.791703
0.787805
0.783880
0.779963
0.776009
0.772140
0.768096
0.764088
0.760358
0.756451
0.752633
0.748603
0.744683
0.740832
0.736907
0.732850
0.729180
0.725140
0.721175
0.717433
0.713587
0.709568
0.705589
0.701707
0.697907
0.693932
0.689808
0.685984
0.682043
0.678021
0.674087
0.670201
0.665990
0.661607
0.657416
0.653107
0.648920
0.644772
0.640537
0.636123
0.631760
0.627492
0.623078
0.618677
0.614432
0.610078
0.605861
0.601515
0.597210
0.593054
0.588743
0.584644
0.580441
0.576054
0.572030
0.567882
0.563686
0.559638
0.555597
0.551373
0.547337
0.543330
0.539294
0.535273
0.531381
0.527222
0.523157
0.519217
0.515268
0.511211
0.507332
0.503486
0.499687
0.495842
0.492027
0.488295
0.484407
0.481011
0.477239
0.473777
0.470317
0.466660
0.463354
0.459797
0.456530
0.453166
0.449987
0.446456
0.443242
0.440086
0.436917
0.433697
0.430620
0.427536
0.424482
0.421515
0.418517
0.415705
0.412691
0.409705
0.406807
0.403950
0.401112
0.398284
0.395618
0.392767
0.390018
0.387272
0.384551
0.381926
0.379321
0.376732
0.374103
0.371513
0.368939
0.366392
0.363866
0.361382
0.358953
0.356409
0.353731
0.351483
0.349019
0.346559
0.344338
0.341938
0.339598
0.337356
0.334911
0.332526
0.330186
0.327924
0.325694
0.323480
0.321161
0.318950
0.316635
0.314443
0.312253
0.310076
0.307913
0.305681
0.303523
0.301377
0.299274
0.297179
0.295178
0.292988
0.291064
0.288898
0.286914
0.284957
0.282985
0.281092
0.279061
0.277149
0.275194
0.273391
0.271390
0.269499
0.267553
0.265771
0.263951
0.261932
0.260348
0.258521
0.256652
0.254886
0.253122
0.251311
0.249664
0.247919
0.246093
0.244376
0.242766
0.241144
0.239503
0.237794
0.236261
0.234457
0.232809
0.231377
0.229824
0.228123
0.226637
0.225157
0.223730
0.222080
0.220521
0.218995
0.217546
0.216143
0.214647
0.213252
0.211863
0.210403
0.209107
0.207566
0.206326
0.204981
0.203580
0.202176
0.200829
0.199494
0.198331
0.197025
0.195701
0.194512
0.193196
0.192033
0.190899
0.189652
0.188399
0.187158
0.186065
0.184812
0.183587
0.182618
0.181389
0.180319
0.179163
0.178049
0.176987
0.176016
0.174936
0.173811
0.172794
0.171748
0.170742
0.169697
0.168691
0.167611
0.166684
0.165709
0.164769
0.163626
0.162776
0.161833
0.160793
0.160033
0.158982
0.158107
0.157262
0.156206
0.155290
0.154497
0.153452
0.152532
0.151775
0.150822
0.149964
0.148971
0.148126
0.147363
0.146493
0.145723
0.144913
0.144049
0.143261
0.142294
0.141528
0.140621
0.139920
0.139096
0.138167
0.137355
0.136566
0.135701
0.134983
0.134160
0.133382
0.132600
0.131801
0.130845
0.130067
0.129266
0.128441
0.127779
0.127052
0.126294
0.125455
0.124751
0.123942
0.123144
0.122420
0.121506
0.120689
0.120017
0.119181
0.118382
0.117611
0.116786
0.116055
0.115379
0.114587
0.113776
0.112963
0.112378
0.111502
0.110772
0.110125
0.109321
0.108501
0.107640
0.106968
0.106263
0.105484
0.104738
0.103929
0.103165
0.102336
0.101562
0.100856
0.100063
0.099228
0.098361
0.097740
0.096945
0.096195
0.095435
0.094698
0.094057
0.093189
0.092543
0.091774
0.091085
0.090409
0.089570
0.088863
0.088189
0.087619
0.086931
0.086234
0.085640
0.085057
0.084392
0.083818
0.083208
0.082567
0.081934
0.081293
0.080691
0.080032
0.079506
0.078983
0.078358
0.077843
0.077298
0.076747
0.076221
0.075717
0.075124
0.074704
0.074154
0.073639
0.073149
0.072789
0.072241
0.071776
0.071322
0.070680
0.070246
0.069838
0.069433
0.068994
0.068616
0.068144
0.067664
0.067152
0.066806
0.066355
0.066007
0.065580
0.065134
0.064872
0.064463
0.064121
0.063739
0.063410
0.063015
0.062653
0.062231
0.061927
0.061602
0.061286
0.060943
0.060502
0.060294
0.059953
0.059525
0.059105
0.058871
0.058620
0.058263
0.058036
0.057779
0.057541
0.057101
0.056866
0.056692
0.056388
0.056127
0.055787
0.055533
0.055338
0.054986
0.054736
0.054498
0.054272
0.053933
0.053645
0.053450
0.053208
0.052974
0.052708
0.052466
0.052354
0.052132
0.051880
0.051657
0.051314
0.051112
0.050988
0.050688
0.050530
0.050354
0.050142
0.050051
0.049761
0.049638
0.049281
0.049172
0.048923
0.048765
0.048530
0.048366
0.048149
0.048051
0.047812
0.047694
0.047645
0.047380
0.047173
0.047081
0.046848
0.046730
0.046470
0.046337
0.046154
0.046076
0.045882
0.045677
0.045541
0.045408
0.045246
0.045035
0.044881
0.044800
0.044665
0.044530
0.044368
0.044284
0.044155
0.043996
0.043764
0.043694
0.043554
0.043480
0.043275
0.043118
0.043023
0.042809
0.042809
0.042560
0.042558
0.042480
0.042219
0.042017
0.041931
0.041788
0.041762
0.041599
0.041471
0.041337
0.041287
0.041099
0.040853
0.040796
0.040706
0.040734
0.040503
0.040457
0.040274
0.040244
0.040021
0.040088
0.039930
0.039775
0.039658
0.039602
0.039448
0.039334
0.039316
0.039096
0.038994
0.038901
0.038869
0.038605
0.038605
0.038482
0.038362
0.038336
0.038110
0.038104
0.037961
0.037931
0.037784
0.037725
0.037595
0.037512
0.037482
0.037280
0.037226
0.037162
0.037125
0.037020
0.036899
0.036816
0.036738
0.036738
0.036605
0.036492
0.036475
0.036393
0.036351
0.036291
0.036112
0.036040
0.035981
0.035909
0.035719
0.035652
0.035605
0.035556
0.035490
0.035355
0.035290
0.035217
0.035205
0.035133
0.034980
0.034957
0.034845
0.034796
0.034720
0.034613
0.034504
0.034426
0.034382
0.034381
0.034266
0.034181
0.034114
0.034037
0.033955
0.033879
0.033832
0.033759
0.033696
0.033593
0.033535
0.033486
0.033522
0.033405
0.033310
0.033200
0.033163
0.033126
0.032917
0.032876
0.032876
0.032805
0.032805
0.032648
0.032576
0.032528
0.032545
0.032522
0.032342
0.032302
0.032278
0.032271
0.032259
0.032132
0.032104
0.031958
0.031920
0.031920
0.031822
0.031797
0.031802
0.031683
0.031612
0.031568
0.031522
0.031462
0.031443
0.031350
0.031283
0.031275
0.031284
0.031200
0.031157
0.031154
0.031088
0.030995
0.030967
0.030897
0.030893
0.030847
0.030847
0.030747
0.030674
0.030644
0.030591
0.030554
0.030547
0.030483
0.030435
0.030337
0.030292
0.030246
0.030210
0.030195
0.030195
0.030096
0.030073
0.030059
0.030059
0.029928
0.029959
0.029898
0.029898
0.029836
0.029815
0.029799
0.029837
0.029837
0.029782
0.029704
0.029691
0.029672
0.029553
0.029553
0.029506
0.029456
0.029370
0.029389
0.029396
0.029396
0.029320
0.029320
0.029272
0.029272
0.029238
0.029184
0.029183
0.029216
0.029250
0.029138
0.029138
0.029095
0.029057
0.028988
0.028941
0.028919
0.028919
0.028868
0.028872
0.028813
0.028813
0.028830
0.028830
0.028827
0.028812
0.028734
0.028734
0.028698
0.028736
0.028689
0.028679
0.028681
0.028681
0.028635
0.028597
0.028571
0.028597
0.028617
0.028652
0.028690
0.028690
0.028644
0.028591
0.028591
0.028591
0.028524
0.028495
0.028453
0.028453
0.028418
0.028418
0.028372
0.028329
0.028315
0.028315
0.028315
0.028300
0.028306
0.028306
0.028329
0.028329
0.028239
0.028239
0.028247
0.028247
0.028247
0.028247
0.028219
0.028150
0.028158
0.028231
0.028258
0.028214
0.028214
0.028214
0.028176
0.028176
0.028133
0.028173
0.028170
0.028170
0.028219
0.028219
0.028185
0.028154
0.028154
0.028111
0.028092
0.028092
0.028093
0.028086
0.028086
0.028086
0.028086
0.028086
0.028086
0.028008
0.027972
0.027972
0.027972
0.027913
0.027913
0.027913
0.027946
0.027946
0.027946
0.027946
0.027946
0.027990
0.027950
0.027950
0.027908
0.027937
0.027891
0.027923
0.027977
0.027941
0.027907
0.027904
0.027904
0.027904
0.027904
0.027940
0.027977
0.027939
0.027939
0.027972
0.027912
0.027871
0.027871
0.027871
0.027878
0.027878
0.027920
0.027920
0.027920
0.027928
0.027949
0.027915
0.027931
0.027907
0.027907
0.027842
0.027842
0.027842
0.027836
0.027836
0.027836
0.027797
0.027763
0.027763
0.027796
0.027796
0.027832
0.027832
0.027832
0.027832
0.027826
0.027826
0.027837
0.027800
0.027800
0.027800
0.027825
0.027861
0.027828
0.027862
0.027862
0.027862
0.027862
0.027862
0.027862
0.027821
0.027783
0.027783
0.027783
0.027783
0.027817
0.027817
0.027817
0.027853
0.027853
0.027853
0.027874
0.027874
0.027917
0.027917
0.027917
0.027917
0.027917
0.027917
0.027917
0.027917
0.027917
0.027917
0.027967
0.027995
0.027997
0.027995
0.027995
0.027995
0.027957
0.027921
0.027921
0.027921
0.027921
0.027921
0.027921
0.027921
0.027921
0.027955
0.027955
0.027955
0.027897
0.027897
0.027897
0.027897
0.027897
0.027897
0.027897
0.027897
0.027931
0.027899
0.027933
0.027933
0.027926
0.027926
0.027926
0.027926
0.027925
0.027890
0.027890
0.027890
0.027957
0.027957
0.027988
0.027963
0.027963
0.027967
0.028010
0.028044
0.028044
0.028024
0.027988
0.027960
0.027978
0.028011
0.028011
0.028011
0.028071
0.028105
0.028105
0.028105
0.028072
0.028039
0.028039
0.028039
0.028041
0.028041
0.028006
0.028039
0.028039
0.028039
0.028039
0.028039
0.028076
0.028076
0.028076
0.028043
0.028043
0.028043
0.027986
0.027986
0.028019
0.028019
0.028019
0.028056
0.028090
0.028090
0.028090
0.028069
0.028069
0.028070
0.028070
0.028070
0.028070
0.028070
0.028103
0.028103
0.028103
0.028103
0.028103
0.028105
0.028105
0.028105
0.028105
0.028105
0.028105
0.028105
0.028105
0.028187
0.028187
0.028157
0.028157
0.028157
0.028192
0.028192
0.028192
0.028192
0.028192
0.028192
0.028215
0.028215
0.028215
0.028215
0.028215
0.028215
0.028215
0.028215
0.028215
0.028215
0.028190
0.028190
0.028190
0.028190
0.028190
0.028197
0.028167
0.028167
0.028167
0.028167
0.028167
0.028167
0.028167
0.028202
0.028202
0.028237
0.028237
0.028273
0.028273
0.028273
0.028238
0.028206
0.028206
0.028206
0.028206
0.028206
0.028241
0.028241
0.028224
0.028224
0.028224
0.028224
0.028224
0.028224
0.028224
0.028224
0.028224
0.028224
0.028224
0.028224
0.028224
0.028224
0.028224
0.028232
0.028232
0.028232
0.028232
0.028232
0.028232
0.028232
0.028260
0.028260
0.028299
0.028299
0.028299
0.028299
0.028336
0.028336
0.028336
0.028336
0.028336
0.028336
0.028299
0.028299
0.028299
0.028299
0.028299
0.028299
0.028336
0.028315
0.028290
0.028325
0.028325
0.028325
0.028290
0.028317
0.028317
0.028317
0.028317
0.028354
0.028354
0.028354
0.028390
0.028401
0.028401
0.028401
0.028401
0.028401
0.028401
0.028412
0.028412
0.028412
0.028412
0.028412
0.028412
0.028412
0.028412
0.028412
0.028412
0.028412
0.028412
0.028412
0.028412
0.028412
0.028412
0.028412
0.028412
0.028412
0.028412
0.028412
0.028412
0.028412
0.028412
0.028412
0.028412
0.028412
0.028412
0.028412
0.028412
0.028412
0.028412
0.028453
0.028409
0.028409
0.028444
0.028424
0.028424
0.028424
0.028424
0.028424
0.028424
0.028424
0.028424
0.028424
0.028424
0.028424
0.028424
0.028441
0.028441
0.028441
0.028441
0.028476
0.028476
0.028441
0.028441
0.028481
0.028481
0.028481
0.028481
0.028481
0.028481
0.028481
0.028516
0.028516
0.028516
0.028539
0.028539
0.028539
0.028539
0.028539
0.028539
0.028539
0.028539
0.028539
0.028539
0.028539
0.028574
0.028574
0.028547
0.028547
0.028547
0.028547
0.028547
0.028547
0.028547
0.028526
0.028526
0.028526
0.028526
0.028526
0.028526
0.028483
0.028483
0.028483
0.028483
0.028524
0.028524
0.028544
0.028544
0.028544
0.028544
0.028572
0.028572
0.028572
0.028572
0.028572
0.028609
0.028626
0.028626
0.028626
0.028626
0.028626
0.028588
0.028588
0.028588
0.028588
0.028588
0.028588
0.028588
0.028626
0.028702
0.028702
0.028702
0.028702
0.028702
0.028702
0.028702
0.028702
0.028702
0.028702
0.028702
0.028702
0.028702
0.028702
0.028702
0.028683
0.028683
0.028655
0.028655
0.028676
0.028676
0.028676
0.028676
0.028676
0.028676
0.028676
0.028676
0.028676
0.028676
0.028676
0.028676
0.028676
0.028676
0.028718
0.028718
0.028718
0.028718
0.028718
0.028718
0.028718
0.028718
0.028718
0.028753
0.028753
0.028753
0.028753
0.028753
0.028753
0.028718
0.028718
0.028678
0.028678
0.028678
0.028678
0.028713
0.028749
0.028749
0.028749
0.028749
0.028749
0.028790
0.028790
0.028790
0.028790
0.028790
0.028790
0.028790
0.028790
0.028790
0.028790
0.028790
0.028790
0.028790
0.028790
0.028790
0.028790
0.028790
0.028790
0.028751
0.028751
0.028751
0.028751
0.028751
0.028751
0.028751
0.028751
0.028751
0.028751
0.028751
0.028751
0.028793
0.028793
0.028793
0.028793
0.028793
0.028793
0.028793
0.028777
0.028761
0.028761
0.028761
0.028761
0.028761
0.028723
0.028723
0.028723
0.028723
0.028723
0.028723
0.028723
0.028723
0.028723
0.028723
0.028759
0.028759
0.028759
0.028801
0.028801
0.028765
0.028765
0.028765
0.028765
0.028765
0.028801
0.028801
0.028764
0.028764
0.028764
0.028736
0.028736
0.028736
0.028736
0.028736
0.028719
0.028719
0.028719
0.028719
0.028754
0.028754
0.028754
0.028754
0.028719
0.028741
0.028779
0.028779
0.028741
0.028705
0.028705
0.028749
0.028749
0.028783
0.028783
0.028756
0.028794
0.028794
0.028794
0.028760
0.028760
0.028760
0.028760
0.028722
0.028722
0.028722
0.028722
0.028756
0.028756
0.028759
0.028759
0.028759
0.028759
0.028768
0.028768
0.028768
0.028768
0.028768
0.028768
0.028768
0.028802
0.028802
0.028802
0.028802
0.028802
0.028802
0.028838
0.028838
0.028804
0.028770
0.028734
0.028734
0.028734
0.028768
0.028768
0.028768
0.028804
0.028804
0.028804
0.028804
0.028804
0.028804
0.028804
0.028770
0.028770
0.028770
0.028770
0.028804
0.028772
0.028772
0.028744
0.028744
0.028744
0.028744
0.028744
0.028744
0.028744
0.028744
0.028710
0.028710
0.028744
0.028788
0.028788
0.028788
0.028788
0.028788
0.028788
0.028788
0.028800
0.028800
0.028817
0.028817
0.028817
0.028817
0.028817
0.028817
0.028817
0.028817
0.028817
0.028817
0.028817
0.028851
0.028851
0.028851
0.028851
0.028851
0.028817
0.028817
0.028787
0.028787
0.028787
0.028787
0.028787
0.028787
0.028821
0.028821
0.028821
0.028821
0.028821
0.028821
0.028753
0.028725
0.028759
0.028759
0.028759
0.028759
0.028787
0.028787
0.028792
0.028792
0.028828
0.028828
0.028794
0.028794
0.028757
0.028724
0.028724
0.028700
0.028734
0.028734
0.028734
0.028771
0.028804
0.028804
0.028792
0.028758
0.028758
0.028758
0.028758
0.028725
0.028698
0.028698
0.028698
0.028732
0.028747
0.028792
0.028825
0.028825
0.028823
0.028823
0.028823
0.028823
0.028789
0.028789
0.028789
0.028789
0.028789
0.028789
0.028789
0.028789
0.028789
0.028823
0.028823
0.028766
0.028737
0.028737
0.028737
0.028737
0.028737
0.028737
0.028737
0.028737
0.028737
0.028737
0.028737
0.028737
0.028737
0.028737
0.028737
0.028737
0.028720
0.028720
0.028745
0.028745
0.028745
0.028745
0.028745
0.028745
0.028723
0.028680
0.028680
0.028680
0.028680
0.028680
0.028680
0.028680
0.028680
0.028680
0.028680
0.028680
0.028680
0.028680
0.028680
0.028680
0.028680
0.028680
0.028680
0.028680
0.028680
0.028680
0.028680
0.028680
0.028680
0.028680
0.028680
0.028680
0.028661
0.028661
0.028661
0.028661
0.028661
0.028634
0.028634
0.028634
0.028634
0.028634
0.028634
0.028634
0.028634
0.028634
0.028671
0.028671
0.028671
0.028671
0.028688
0.028688
0.028688
0.028688
0.028688
0.028688
0.028688
0.028688
0.028688
0.028688
0.028688
0.028688
0.028688
0.028688
0.028673
0.028673
0.028673
0.028673
0.028673
0.028673
0.028673
0.028673
0.028673
0.028673
0.028698
0.028698
0.028698
0.028656
0.028656
0.028670
0.028670
0.028670
0.028670
0.028670
0.028670
0.028670
0.028670
0.028670
0.028670
0.028670
0.028670
0.028670
0.028670
0.028670
0.028670
0.028670
0.028670
0.028670
0.028670
0.028645
0.028645
0.028645
0.028653
0.028653
0.028653
0.028609
0.028609
0.028609
0.028609
0.028609
0.028641
0.028641
0.028641
0.028641
0.028641
0.028609
0.028609
0.028609
0.028609
0.028609
0.028609
0.028609
0.028609
0.028641
0.028665
0.028665
0.028665
0.028623
0.028623
0.028591
0.028591
0.028591
0.028591
0.028591
0.028591
0.028591
0.028591
0.028623
0.028623
0.028623
0.028623
0.028618
0.028618
0.028618
0.028624
0.028662
0.028662
0.028662
0.028662
0.028662
0.028655
0.028648
0.028648
0.028664
0.028664
0.028664
0.028664
0.028664
0.028671
0.028655
0.028655
0.028655
0.028655
0.028655
0.028655
0.028686
0.028609
0.028609
0.028576
0.028576
0.028554
0.028624
0.028550
0.028550
0.028550
0.028550
0.028550
0.028550
0.028550
0.028549
0.028549
0.028549
0.028549
0.028549
0.028549
0.028549
0.028550
0.028550
0.028550
0.028550
0.028550
0.028550
0.028518
0.028549
0.028549
0.028549
0.028549
0.028511
0.028511
0.028511
0.028479
0.028498
0.028498
0.028498
0.028498
0.028498
0.028498
0.028529
0.028529
0.028529
0.028529
0.028529
0.028529
0.028529
0.028498
0.028498
0.028495
0.028495
0.028495
0.028495
0.028454
0.028486
0.028486
0.028448
0.028448
0.028448
0.028448
0.028448
0.028416
0.028416
0.028454
0.028454
0.028454
0.028454
0.028416
0.028448
0.028448
0.028448
0.028448
0.028448
0.028469
0.028507
0.028475
0.028475
0.028475
0.028475
0.028475
0.028439
0.028439
0.028470
0.028470
0.028470
0.028470
0.028470
0.028504
0.028504
0.028473
0.028415
0.028381
0.028381
0.028381
0.028381
0.028412
0.028412
0.028412
0.028412
0.028412
0.028447
0.028447
0.028411
0.028411
0.028379
0.028379
0.028345
0.028338
0.028338
0.028370
0.028370
0.028370
0.028370
0.028370
0.028404
0.028404
0.028404
0.028404
0.028372
0.028372
0.028299
0.028299
0.028265
0.028297
0.028297
0.028297
0.028297
0.028331
0.028331
0.028331
0.028331
0.028331
0.028303
0.028303
0.028269
0.028269
0.028269
0.028269
0.028269
0.028269
0.028269
0.028303
0.028303
0.028269
0.028269
0.028269
0.028231
0.028231
0.028231
0.028231
0.028231
0.028231
0.028231
0.028231
0.028231
0.028265
0.028265
0.028265
0.028265
0.028265
0.028265
0.028265
0.028258
0.028228
0.028228
0.028228
0.028228
0.028228
0.028228
0.028192
0.028201
0.028201
0.028201
0.028239
0.028239
0.028206
0.028172
0.028172
0.028172
0.028172
0.028172
0.028110
0.028110
0.028079
0.028151
0.028151
0.028122
0.028122
0.028122
0.028088
0.028088
0.028053
0.028027
0.028027
0.028027
0.028027
0.028027
0.028027
0.028027
0.028061
0.028061
0.028061
0.028027
0.028027
0.027997
0.027997
0.027997
0.027997
0.027997
0.027997
0.027997
0.027997
0.027962
0.027962
0.027962
0.027962
0.027962
0.027962
0.027962
0.027962
0.027962
0.027962
0.027962
0.027962
0.027962
0.027921
0.027921
0.027921
0.027921
0.027921
0.027921
0.027921
0.027921
0.027888
0.027888
0.027888
0.027888
0.027888
0.027859
0.027827
0.027827
0.027827
0.027859
0.027859
0.027859
0.027859
0.027859
0.027832
0.027832
0.027832
0.027801
0.027801
0.027801
0.027801
0.027769
0.027769
0.027769
0.027769
0.027769
0.027769
0.027769
0.027769
0.027769
0.027769
0.027769
0.027769
0.027769
0.027743
0.027743
0.027743
0.027743
0.027719
0.027719
0.027719
0.027719
0.027688
0.027688
0.027688
0.027688
0.027688
0.027688
0.027688
0.027688
0.027688
0.027688
0.027688
0.027688
0.027688
0.027688
0.027688
0.027688
0.027688
0.027688
0.027659
0.027659
0.027659
0.027659
0.027642
0.027642
0.027642
0.027642
0.027609
0.027609
0.027609
0.027609
0.027609
0.027609
0.027609
0.027609
0.027609
0.027642
0.027678
0.027678
0.027710
0.027710
0.027677
0.027677
0.027677
0.027677
0.027677
0.027612
0.027612
0.027612
0.027612
0.027645
0.027645
0.027666
0.027666
0.027666
0.027633
0.027633
0.027633
0.027633
0.027633
0.027633
0.027633
0.027633
0.027633
0.027638
0.027638
0.027638
0.027638
0.027638
0.027605
0.027605
0.027580
0.027580
0.027580
0.027580
0.027580
0.027580
0.027580
0.027586
0.027586
0.027586
0.027586
0.027586
0.027553
0.027553
0.027538
0.027538
0.027538
0.027538
0.027538
0.027538
0.027538
0.027570
0.027570
0.027570
0.027570
0.027570
0.027549
0.027516
0.027516
0.027516
0.027516
0.027516
0.027516
0.027516
0.027516
0.027549
0.027549
0.027549
0.027549
0.027549
0.027549
0.027516
0.027516
0.027516
0.027516
0.027516
0.027516
0.027516
0.027549
0.027549
0.027549
0.027549
0.027549
0.027538
0.027538
0.027505
0.027486
0.027486
0.027486
0.027486
0.027456
0.027456
0.027489
0.027489
0.027489
0.027489
0.027519
0.027492
0.027492
0.027459
0.027459
0.027438
0.027382
0.027382
0.027414
0.027414
0.027447
0.027447
0.027447
0.027415
0.027415
0.027415
0.027415
0.027382
0.027382
0.027382
0.027419
0.027451
0.027451
0.027451
0.027469
0.027469
0.027489
0.027489
0.027457
0.027457
0.027457
0.027424
0.027424
0.027424
0.027456
0.027449
0.027474
0.027474
0.027507
0.027507
0.027507
0.027507
0.027507
0.027507
0.027486
0.027454
0.027454
0.027454
0.027454
0.027454
0.027433
0.027433
0.027466
0.027466
0.027466
0.027466
0.027466
0.027466
0.027466
0.027433
0.027433
0.027433
0.027433
0.027433
0.027422
0.027422
0.027455
0.027442
0.027442
0.027442
0.027442
0.027442
0.027442
0.027442
0.027409
0.027409
0.027409
0.027384
0.027384
0.027384
0.027417
0.027395
0.027395
0.027395
0.027395
0.027434
0.027434
0.027434
0.027401
0.027401
0.027401
0.027362
0.027362
0.027362
0.027395
0.027395
0.027395
0.027395
0.027434
0.027434
0.027434
0.027434
0.027401
0.027398
0.027398
0.027398
0.027398
0.027431
0.027431
0.027431
0.027431
0.027431
0.027431
0.027431
0.027424
0.027424
0.027391
0.027391
0.027391
0.027391
0.027391
0.027424
0.027424
0.027424
0.027424
0.027424
0.027424
0.027424
0.027463
0.027463
0.027431
0.027431
0.027431
0.027431
0.027431
0.027463
0.027463
0.027463
0.027463
0.027463
0.027463
0.027463
0.027463
0.027463
0.027431
0.027431
0.027431
0.027431
0.027431
0.027463
0.027463
0.027463
0.027491
0.027491
0.027491
0.027491
0.027491
0.027491
0.027491
0.027436
0.027436
0.027436
0.027436
0.027469
0.027469
0.027469
0.027439
0.027469
0.027469
0.027469
0.027469
0.027469
0.027469
0.027436
0.027436
0.027436
0.027406
0.027421
0.027421
0.027421
0.027421
0.027421
0.027451
