2.112889
1.981528
1.867885
1.797564
1.764967
1.754190
1.752507
1.753037
1.753419
1.753511
1.752887
1.752076
1.750854
1.748817
1.746550
1.744290
1.742023
1.739389
1.737062
1.734774
1.731764
1.727877
1.723267
1.718484
1.713534
1.708510
1.703317
1.698185
1.693253
1.688320
1.683210
1.678279
1.673564
1.668805
1.664339
1.659944
1.655642
1.651160
1.646735
1.642483
1.638031
1.633877
1.629992
1.626110
1.622156
1.618411
1.614208
1.609702
1.605295
1.600769
1.596354
1.591939
1.587494
1.583312
1.579043
1.574739
1.570350
1.565962
1.561683
1.557274
1.552731
1.548313
1.543789
1.539209
1.534636
1.530299
1.525754
1.521143
1.516733
1.512410
1.507796
1.503520
1.499115
1.494961
1.490803
1.486429
1.481711
1.477081
1.472482
1.468016
1.463276
1.458902
1.454096
1.449481
1.445038
1.440606
1.436041
1.431532
1.426942
1.422238
1.417575
1.412874
1.408314
1.403862
1.399204
1.394732
1.390136
1.385537
1.380881
1.376122
1.371116
1.366049
1.360776
1.355696
1.350396
1.345180
1.340091
1.335239
1.330537
1.325476
1.320246
1.315118
1.309627
1.304611
1.299411
1.294138
1.288945
1.283632
1.278491
1.273460
1.268432
1.263316
1.258022
1.252797
1.247691
1.242423
1.237195
1.232205
1.226977
1.221774
1.216705
1.211390
1.205969
1.200784
1.195769
1.190653
1.185862
1.180683
1.175413
1.170304
1.164835
1.159769
1.154392
1.149150
1.143878
1.138727
1.133597
1.128513
1.123209
1.117900
1.112659
1.107419
1.102230
1.097028
1.091792
1.086528
1.081323
1.076352
1.071236
1.066026
1.061128
1.055936
1.050815
1.045806
1.040684
1.035834
1.030872
1.025813
1.020878
1.015983
1.011333
1.006600
1.001780
0.996936
0.992395
0.987513
0.982839
0.978084
0.973282
0.968668
0.963948
0.959407
0.954893
0.950408
0.946188
0.941974
0.937396
0.933028
0.928546
0.924409
0.919962
0.915592
0.911254
0.906861
0.902493
0.898421
0.894290
0.890107
0.885948
0.881743
0.877596
0.873290
0.869217
0.865210
0.861198
0.857070
0.853208
0.849169
0.845127
0.841117
0.837223
0.833373
0.829392
0.825419
0.821648
0.817855
0.813924
0.810029
0.806326
0.802490
0.798884
0.794993
0.791308
0.787549
0.783778
0.779938
0.776154
0.772471
0.768789
0.765039
0.761260
0.757481
0.753703
0.750010
0.746244
0.742509
0.738848
0.735187
0.731234
0.727450
0.723914
0.720212
0.716452
0.712626
0.708794
0.705134
0.701051
0.697286
0.693516
0.689605
0.685763
0.681899
0.678127
0.674143
0.670239
0.666527
0.662488
0.658822
0.654912
0.650908
0.647175
0.643289
0.639539
0.635644
0.631928
0.628151
0.624262
0.620504
0.616879
0.613142
0.609361
0.605585
0.601979
0.598256
0.594587
0.590937
0.587240
0.583599
0.579949
0.576433
0.572831
0.569276
0.565666
0.562218
0.558570
0.554946
0.551598
0.548037
0.544482
0.541130
0.537729
0.534223
0.530758
0.527461
0.524119
0.520810
0.517528
0.514263
0.510957
0.507712
0.504476
0.501022
0.497735
0.494551
0.491162
0.487861
0.484499
0.481414
0.478603
0.475686
0.472880
0.469691
0.466511
0.463426
0.460280
0.457276
0.454340
0.451352
0.448395
0.445410
0.442454
0.439631
0.436758
0.433868
0.430895
0.428127
0.425205
0.422168
0.419382
0.416508
0.413738
0.410795
0.408031
0.405221
0.402572
0.399868
0.397102
0.394366
0.391779
0.388956
0.386532
0.383989
0.381361
0.378800
0.376271
0.373530
0.371089
0.368440
0.365756
0.363537
0.360975
0.358423
0.356084
0.353434
0.350946
0.348552
0.346153
0.343868
0.341399
0.338998
0.336470
0.334168
0.331861
0.329498
0.327213
0.324947
0.322661
0.320335
0.317979
0.315822
0.313433
0.311186
0.308895
0.306767
0.304420
0.302286
0.300169
0.298007
0.295858
0.293705
0.291552
0.289489
0.287245
0.285169
0.283185
0.281174
0.279229
0.277139
0.275280
0.273117
0.271135
0.269001
0.267087
0.264989
0.263004
0.261086
0.259085
0.256988
0.255200
0.253108
0.251090
0.249222
0.247383
0.245446
0.243541
0.241710
0.239681
0.237872
0.235999
0.234135
0.232369
0.230437
0.228479
0.226778
0.225066
0.223254
0.221540
0.219839
0.218123
0.216358
0.214729
0.213036
0.211430
0.209905
0.208251
0.206705
0.205182
0.203487
0.202005
0.200524
0.199065
0.197692
0.196241
0.194842
0.193368
0.191983
0.190443
0.189013
0.187679
0.186318
0.184937
0.183640
0.182245
0.181036
0.179720
0.178415
0.177183
0.175938
0.174503
0.173326
0.172108
0.170861
0.169629
0.168449
0.167347
0.166227
0.164969
0.163901
0.162685
0.161608
0.160521
0.159402
0.158209
0.157191
0.156138
0.154938
0.153990
0.152906
0.151864
0.150888
0.149939
0.148927
0.147952
0.146973
0.146105
0.145025
0.144170
0.143229
0.142237
0.141230
0.140387
0.139378
0.138557
0.137698
0.136697
0.135908
0.134966
0.134046
0.133309
0.132504
0.131633
0.130868
0.130038
0.129216
0.128439
0.127602
0.126869
0.126172
0.125279
0.124526
0.123848
0.123025
0.122354
0.121720
0.120926
0.120225
0.119567
0.118799
0.118103
0.117559
0.116730
0.116091
0.115500
0.114609
0.114129
0.113431
0.112690
0.112132
0.111514
0.110874
0.110383
0.109658
0.109103
0.108455
0.107764
0.107230
0.106595
0.105983
0.105416
0.104931
0.104197
0.103709
0.103191
0.102570
0.102048
0.101530
0.100966
0.100581
0.099855
0.099361
0.098757
0.098294
0.097733
0.097329
0.096653
0.096277
0.095627
0.095283
0.094850
0.094284
0.093886
0.093291
0.092878
0.092409
0.091912
0.091438
0.090854
0.090408
0.090101
0.089490
0.089018
0.088491
0.088156
0.087816
0.087360
0.086890
0.086465
0.086009
0.085475
0.085069
0.084591
0.084252
0.083829
0.083370
0.082907
0.082707
0.082167
0.081790
0.081408
0.080883
0.080515
0.080095
0.079739
0.079199
0.078853
0.078447
0.078050
0.077728
0.077336
0.076924
0.076565
0.076180
0.075805
0.075414
0.075065
0.074681
0.074180
0.073798
0.073383
0.073078
0.072725
0.072335
0.071995
0.071642
0.071216
0.070928
0.070616
0.070096
0.069756
0.069401
0.069079
0.068704
0.068327
0.067984
0.067640
0.067319
0.066951
0.066554
0.066237
0.065940
0.065507
0.065097
0.064767
0.064381
0.064119
0.063795
0.063440
0.063126
0.062816
0.062501
0.062130
0.061754
0.061487
0.061130
0.060821
0.060564
0.060143
0.059896
0.059649
0.059286
0.059085
0.058783
0.058365
0.058059
0.057710
0.057448
0.057115
0.056846
0.056646
0.056382
0.056071
0.055774
0.055443
0.055155
0.054809
0.054518
0.054253
0.054035
0.053791
0.053525
0.053327
0.053014
0.052660
0.052375
0.052157
0.051875
0.051722
0.051409
0.051190
0.050959
0.050575
0.050406
0.050091
0.049857
0.049637
0.049345
0.049187
0.048886
0.048591
0.048464
0.048174
0.047980
0.047726
0.047495
0.047251
0.047037
0.046815
0.046659
0.046437
0.046318
0.046066
0.045917
0.045657
0.045432
0.045269
0.045130
0.044958
0.044654
0.044512
0.044371
0.044267
0.044113
0.043902
0.043672
0.043534
0.043362
0.043186
0.043049
0.042840
0.042762
0.042659
0.042559
0.042340
0.042066
0.041916
0.041847
0.041714
0.041592
0.041380
0.041245
0.041089
0.040870
0.040796
0.040612
0.040423
0.040318
0.040221
0.040141
0.039969
0.039824
0.039696
0.039547
0.039542
0.039449
0.039297
0.039205
0.038987
0.038904
0.038803
0.038711
0.038621
0.038495
0.038360
0.038166
0.038022
0.037990
0.037889
0.037814
0.037686
0.037698
0.037515
0.037450
0.037442
0.037361
0.037235
0.037129
0.037037
0.036942
0.036771
0.036667
0.036659
0.036590
0.036536
0.036487
0.036398
0.036257
0.036198
0.036118
0.036084
0.035970
0.035868
0.035778
0.035679
0.035606
0.035593
0.035469
0.035355
0.035297
0.035203
0.035172
0.035115
0.035016
0.034919
0.034824
0.034822
0.034731
0.034601
0.034470
0.034465
0.034457
0.034414
0.034319
0.034275
0.034238
0.034148
0.034055
0.034019
0.034015
0.033924
0.033852
0.033762
0.033711
0.033711
0.033625
0.033501
0.033491
0.033386
0.033330
0.033310
0.033228
0.033172
0.033146
0.033018
0.033035
0.032929
0.032883
0.032870
0.032787
0.032787
0.032706
0.032706
0.032581
0.032586
0.032500
0.032472
0.032367
0.032289
0.032246
0.032268
0.032228
0.032228
0.032140
0.032102
0.031979
0.031979
0.031940
0.031940
0.031852
0.031854
0.031854
0.031806
0.031806
0.031783
0.031747
0.031699
0.031675
0.031605
0.031558
0.031562
0.031552
0.031497
0.031499
0.031499
0.031384
0.031406
0.031406
0.031368
0.031386
0.031401
0.031291
0.031291
0.031252
0.031216
0.031232
0.031173
0.031155
0.031131
0.031131
0.031098
0.031069
0.031069
0.031044
0.031044
0.030997
0.031030
0.031012
0.030966
0.030861
0.030861
0.030861
0.030874
0.030856
0.030810
0.030793
0.030815
0.030768
0.030723
0.030754
0.030754
0.030754
0.030737
0.030692
0.030641
0.030657
0.030657
0.030587
0.030506
0.030423
0.030371
0.030364
0.030385
0.030333
0.030328
0.030249
0.030249
0.030212
0.030212
0.030173
0.030136
0.030171
0.030134
0.030090
0.030074
0.030073
0.030073
0.030026
0.030026
0.030026
0.029947
0.029935
0.029935
0.029935
0.029934
0.029934
0.029902
0.029925
0.029855
0.029809
0.029775
0.029739
0.029739
0.029775
0.029740
0.029740
0.029705
0.029705
0.029735
0.029707
0.029669
0.029673
0.029729
0.029692
0.029699
0.029665
0.029641
0.029639
0.029639
0.029648
0.029658
0.029611
0.029622
0.029622
0.029587
0.029599
0.029569
0.029569
0.029527
0.029564
0.029564
0.029507
0.029507
0.029520
0.029490
0.029495
0.029495
0.029495
0.029495
0.029495
0.029495
0.029448
0.029448
0.029448
0.029413
0.029343
0.029343
0.029343
0.029334
0.029334
0.029287
0.029287
0.029287
0.029287
0.029313
0.029313
0.029313
0.029238
0.029170
0.029161
0.029098
0.029091
0.029085
0.029117
0.029112
0.029107
0.029095
0.029095
0.029092
0.029045
0.029010
0.029010
0.028974
0.029005
0.028999
0.028997
0.028996
0.028996
0.028950
0.028950
0.028915
0.028915
0.028915
0.028882
0.028882
0.028876
0.028876
0.028876
0.028829
0.028845
0.028846
0.028846
0.028846
0.028808
0.028790
0.028790
0.028790
0.028744
0.028744
0.028712
0.028740
0.028749
0.028753
0.028763
0.028733
0.028740
0.028723
0.028685
0.028693
0.028693
0.028702
0.028712
0.028712
0.028722
0.028722
0.028722
0.028702
0.028656
0.028656
0.028656
0.028634
0.028634
0.028634
0.028634
0.028634
0.028646
0.028646
0.028646
0.028629
0.028626
0.028626
0.028626
0.028626
0.028660
0.028660
0.028641
0.028616
0.028616
0.028616
0.028562
0.028562
0.028526
0.028526
0.028526
0.028526
0.028526
0.028520
0.028520
0.028520
0.028520
0.028406
0.028397
0.028381
0.028374
0.028368
0.028368
0.028392
0.028387
0.028383
0.028350
0.028347
0.028347
0.028345
0.028301
0.028301
0.028299
0.028299
0.028299
0.028298
0.028332
0.028332
0.028298
0.028298
0.028298
0.028298
0.028298
0.028216
0.028216
0.028216
0.028216
0.028216
0.028216
0.028216
0.028216
0.028246
0.028246
0.028215
0.028215
0.028215
0.028215
0.028215
0.028172
0.028172
0.028181
0.028185
0.028195
0.028202
0.028209
0.028209
0.028216
0.028225
0.028226
0.028235
0.028245
0.028245
0.028255
0.028255
0.028255
0.028225
0.028225
0.028225
0.028225
0.028237
0.028237
0.028237
0.028237
0.028267
0.028279
0.028279
0.028279
0.028279
0.028249
0.028249
0.028249
0.028285
0.028285
0.028298
0.028298
0.028258
0.028258
0.028258
0.028258
0.028258
0.028258
0.028258
0.028258
0.028258
0.028258
0.028258
0.028258
0.028258
0.028189
0.028180
0.028130
0.028123
0.028117
0.028117
0.028112
0.028107
0.028103
0.028103
0.028100
0.028060
0.028088
0.028088
0.028088
0.028086
0.028086
0.028086
0.028085
0.028085
0.028085
0.028085
0.028085
0.028085
0.028085
0.028043
0.028013
0.028013
0.028013
0.028013
0.028013
0.028013
0.028013
0.028013
0.028013
0.028013
0.028013
0.028013
0.028010
0.027975
0.027975
0.027980
0.027980
0.027952
0.027956
0.027966
0.027972
0.027979
0.027979
0.027987
0.027995
0.027995
0.028004
0.028014
0.028014
0.028055
0.028055
0.028055
0.028067
0.028067
0.028067
0.028067
0.028078
0.028078
0.028078
0.028078
0.028078
0.028126
0.028126
0.028126
0.028126
0.028103
0.028103
0.028103
0.028103
0.028103
0.028116
0.028116
0.028116
0.028116
0.028116
0.028116
0.028116
0.028116
0.028116
0.028116
0.028116
0.028116
0.028155
0.028125
0.028125
0.028056
0.028047
0.028031
0.028024
0.027982
0.027982
0.027976
0.027972
0.027968
0.027968
0.027964
0.027964
0.027962
0.027962
0.027962
0.027960
0.027960
0.027960
0.027959
0.027959
0.027959
0.027959
0.027990
0.027990
0.027990
0.027990
0.027990
0.027990
0.027990
0.027990
0.027990
0.027990
0.027990
0.027990
0.027990
0.027990
0.027990
0.027990
0.027990
0.027990
0.027990
0.027990
0.027990
0.027960
0.027964
0.027974
0.027980
0.027987
0.027987
0.027995
0.028003
0.028003
0.028012
0.028022
0.028022
0.028032
0.028032
0.028032
0.028044
0.028044
0.028044
0.028044
0.028055
0.028055
0.028055
0.028055
0.028055
0.028068
0.028068
0.028068
0.028068
0.028068
0.028068
0.028068
0.028068
0.028068
0.028068
0.028081
0.028081
0.028081
0.028081
0.028081
0.028081
0.028081
0.028081
0.028081
0.028081
0.028081
0.028081
0.028081
0.028081
0.028081
0.028012
0.028043
0.028027
0.028020
0.028014
0.028014
0.028008
0.028039
0.028035
0.028035
0.028031
0.028031
0.027993
0.027993
0.027993
0.027992
0.027992
0.027962
0.027960
0.027960
0.027960
0.027960
0.027960
0.027960
0.027992
0.027992
0.027992
0.027992
0.027992
0.027992
0.027992
0.027992
0.027992
0.027992
0.027992
0.027992
0.027992
0.027992
0.027992
0.027992
0.027992
0.027992
0.027992
0.028001
0.028005
0.028016
0.028022
0.028029
0.028029
0.028036
0.028045
0.028045
0.028054
0.028064
0.028064
0.028037
0.028037
0.028037
0.028048
0.028048
0.028048
0.028048
0.028060
0.028060
0.028060
0.028060
0.028060
0.028072
0.028072
0.028072
0.028072
0.028072
0.028072
0.028072
0.028072
0.028072
0.028085
0.028046
0.028046
0.028046
0.028046
0.028046
0.028061
0.028061
0.028061
0.028061
0.028096
0.028096
0.028096
0.028096
0.028096
0.028062
0.028053
0.028037
0.027996
0.027990
0.027990
0.027984
0.027980
0.027940
0.027940
0.027937
0.027937
0.027934
0.028004
0.028004
0.027968
0.027968
0.027968
0.027967
0.027967
0.027931
0.027931
0.027931
0.027931
0.027931
0.027931
0.027931
0.027931
0.027931
0.027931
0.027931
0.027931
0.027931
0.027931
0.027931
0.027931
0.027931
0.027931
0.027931
0.027931
0.027931
0.027931
0.027931
0.027940
0.027944
0.027955
0.027997
0.028004
0.028004
0.028011
0.028020
0.027984
0.027993
0.028002
0.028002
0.028013
0.028013
0.028013
0.028024
0.028060
0.028101
0.028101
0.028113
0.028113
0.028113
0.028113
0.028113
0.028126
0.028126
0.028126
0.028090
0.028108
0.028108
0.028108
0.028108
0.028108
0.028121
0.028121
0.028121
0.028121
0.028121
0.028121
0.028121
0.028121
0.028155
0.028155
0.028155
0.028155
0.028155
0.028155
0.028155
0.028052
0.028043
0.028027
0.028020
0.028050
0.028050
0.028044
0.028039
0.028035
0.028035
0.028032
0.028032
0.028030
0.028030
0.028030
0.027992
0.027992
0.027992
0.027991
0.027991
0.028027
0.028027
0.028027
0.028026
0.028026
0.028026
0.027991
0.027991
0.027991
0.027991
0.027991
0.028033
0.028034
0.028034
0.028034
0.028034
0.028034
0.028067
0.028067
0.028067
0.028067
0.028067
0.028067
0.028075
0.028079
0.028090
0.028096
0.028103
0.028103
0.028071
0.028080
0.028080
0.028089
0.028098
0.028098
0.028109
0.028109
0.028109
0.028120
0.028120
0.028120
0.028120
0.028132
0.028132
0.028132
0.028132
0.028132
0.028144
0.028144
0.028144
0.028144
0.028114
0.028114
0.028114
0.028114
0.028114
0.028114
0.028157
0.028161
0.028161
0.028161
0.028161
0.028161
0.028127
0.028127
0.028127
0.028127
0.028127
0.028127
0.028205
0.028205
0.028205
0.028137
0.028128
0.028112
0.028105
0.028099
0.028099
0.028093
0.028089
0.028085
0.028085
0.028081
0.028081
0.028079
0.028079
0.028079
0.028077
0.028077
0.028077
0.028076
0.028039
0.028004
0.028004
0.028004
0.028003
0.028003
0.028003
0.028003
0.028039
0.028039
0.028039
0.028039
0.028003
0.028004
0.028004
0.028004
0.028004
0.028004
0.028004
0.028004
0.028004
0.028004
0.028004
0.028004
0.028013
0.028017
0.028027
0.028033
0.028040
0.028040
0.028048
0.028056
0.028056
0.028065
0.028075
0.028075
0.028085
0.028085
0.028129
0.028140
0.028140
0.028140
0.028140
0.028152
0.028152
0.028152
0.028152
0.028152
0.028164
0.028164
0.028164
0.028164
0.028164
0.028164
0.028164
0.028164
0.028164
0.028177
0.028177
0.028177
0.028177
0.028177
0.028177
0.028177
0.028212
0.028212
0.028212
0.028212
0.028212
0.028212
0.028212
0.028212
0.028144
0.028135
0.028119
0.028112
0.028106
0.028106
0.028100
0.028096
0.028092
0.028092
0.028088
0.028088
0.028086
0.028086
0.028086
0.028084
0.028084
0.028084
0.028083
0.028083
0.028083
0.028083
0.028083
0.028083
0.028083
0.028083
0.028047
0.028047
0.028047
0.028047
0.028047
0.028047
0.028047
0.028047
0.028047
0.028047
0.028047
0.028092
0.028092
0.028092
0.028092
0.028092
0.028092
0.028100
0.028104
0.028115
0.028121
0.028128
0.028128
0.028135
0.028144
0.028144
0.028153
0.028163
0.028163
0.028173
0.028173
0.028173
0.028184
0.028184
0.028184
0.028184
0.028157
0.028157
0.028157
0.028157
0.028157
0.028169
0.028169
0.028169
0.028169
0.028169
0.028169
0.028169
0.028169
0.028169
0.028182
0.028217
0.028217
0.028217
0.028217
0.028217
0.028182
0.028182
0.028182
0.028182
0.028182
0.028182
0.028217
0.028217
0.028217
0.028149
0.028140
0.028124
0.028117
0.028111
0.028111
0.028105
0.028101
0.028097
0.028097
0.028093
0.028093
0.028091
0.028091
0.028091
0.028089
0.028089
0.028089
0.028088
0.028088
0.028088
0.028052
0.028052
0.028052
0.028052
0.028052
0.028087
0.028087
0.028087
0.028087
0.028087
0.028087
0.028052
0.028052
0.028052
0.028052
0.028052
0.028052
0.028052
0.028052
0.028052
0.028052
0.028052
0.028061
0.028065
0.028075
0.028082
0.028089
0.028089
0.028096
0.028105
0.028105
0.028114
0.028123
0.028123
0.028134
0.028149
0.028149
0.028160
0.028160
0.028160
0.028160
0.028172
0.028172
0.028172
0.028172
0.028172
0.028141
0.028141
0.028141
0.028141
0.028141
0.028141
0.028141
0.028141
0.028141
0.028141
0.028154
0.028154
0.028154
0.028154
0.028154
0.028222
0.028222
0.028222
0.028188
0.028188
0.028188
0.028188
0.028188
0.028188
0.028188
0.028120
0.028111
0.028129
0.028122
0.028116
0.028116
0.028110
0.028106
0.028068
0.028068
0.028065
0.028065
0.028062
0.028062
0.028062
0.028094
0.028094
0.028094
0.028093
0.028093
0.028093
0.028093
0.028093
0.028059
0.028059
0.028059
0.028023
0.028057
0.028057
0.028057
0.028057
0.028057
0.028057
0.028057
0.028057
0.028057
0.028057
0.028057
0.028075
0.028075
0.028075
0.028075
0.028075
0.028084
0.028088
0.028098
0.028104
0.028111
0.028069
0.028076
0.028085
0.028085
0.028094
0.028103
0.028103
0.028077
0.028077
0.028077
0.028088
0.028125
0.028125
0.028125
0.028137
0.028137
0.028137
0.028100
0.028100
0.028113
0.028113
0.028113
0.028113
0.028113
0.028113
0.028113
0.028113
0.028113
0.028197
0.028197
0.028160
0.028160
0.028160
0.028126
0.028126
0.028126
0.028126
0.028126
0.028146
0.028180
0.028180
0.028180
0.028217
0.028149
0.028103
0.028087
0.028080
0.028074
0.028074
0.028069
0.028064
0.028019
0.028019
0.028015
0.028015
0.028050
0.028050
0.028050
0.028048
0.028011
0.028011
0.028010
0.028010
0.027974
0.027974
0.027974
0.027974
0.027974
0.028010
0.028010
0.028046
0.028046
0.028010
0.028010
0.027974
0.027997
0.027997
0.027997
0.027997
0.027997
0.027997
0.027997
0.027997
0.027961
0.027961
0.027997
0.028006
0.028010
0.028020
0.028026
0.027993
0.027993
0.028001
0.028009
0.028009
0.027983
0.027993
0.027993
0.028003
0.028039
0.028039
0.028050
0.028050
0.028050
0.028050
0.028062
0.028062
0.028062
0.028026
0.028026
0.028038
0.028038
0.028038
0.028074
0.028074
0.028074
0.028074
0.028074
0.028074
0.028087
0.028087
0.028087
0.028013
0.028013
0.028047
0.028047
0.028047
0.028083
0.028083
0.028083
0.028083
0.028083
0.028083
0.028083
0.028015
0.028006
0.027954
0.027947
0.027941
0.027941
0.027897
0.027892
0.027924
0.027924
0.027920
0.027920
0.027918
0.027918
0.027880
0.027843
0.027843
0.027843
0.027841
0.027841
0.027841
0.027841
0.027877
0.027877
0.027877
0.027877
0.027841
0.027841
0.027841
0.027806
0.027806
0.027806
0.027806
0.027806
0.027806
0.027806
0.027806
0.027841
0.027805
0.027805
0.027805
0.027805
0.027769
0.027778
0.027782
0.027792
0.027798
0.027805
0.027805
0.027813
0.027821
0.027857
0.027866
0.027876
0.027876
0.027851
0.027851
0.027851
0.027862
0.027862
0.027861
0.027861
0.027872
0.027838
0.027838
0.027838
0.027873
0.027886
0.027850
0.027850
0.027850
0.027885
0.027885
0.027885
0.027885
0.027885
0.027919
0.027932
0.027898
0.027898
0.027907
0.027837
0.027801
0.027801
0.027836
0.027836
0.027836
0.027870
0.027870
0.027870
0.027870
0.027870
0.027802
0.027793
0.027812
0.027806
0.027764
0.027764
0.027759
0.027754
0.027750
0.027716
0.027713
0.027713
0.027710
0.027710
0.027710
0.027709
0.027709
0.027709
0.027707
0.027707
0.027672
0.027672
0.027672
0.027707
0.027707
0.027707
0.027707
0.027707
0.027707
0.027707
0.027639
0.027639
0.027639
0.027639
0.027639
0.027639
0.027639
0.027639
0.027639
0.027639
0.027639
0.027639
0.027639
0.027648
0.027625
0.027635
0.027641
0.027648
0.027648
0.027656
0.027632
0.027632
0.027641
0.027651
0.027651
0.027661
0.027661
0.027661
0.027672
0.027672
0.027672
0.027672
0.027684
0.027684
0.027684
0.027684
0.027684
0.027697
0.027697
0.027697
0.027697
0.027701
0.027701
0.027701
0.027701
0.027701
0.027714
0.027714
0.027714
0.027714
0.027714
0.027748
0.027748
0.027748
0.027748
0.027748
0.027748
0.027748
0.027748
0.027748
0.027680
0.027671
0.027627
0.027620
0.027614
0.027614
0.027609
0.027575
0.027571
0.027571
0.027568
0.027568
0.027565
0.027565
0.027565
0.027564
0.027564
0.027564
0.027563
0.027563
0.027563
0.027563
0.027563
0.027562
0.027562
0.027500
0.027500
0.027500
0.027500
0.027500
0.027500
0.027500
0.027501
0.027501
0.027501
0.027501
0.027501
0.027501
0.027501
0.027501
0.027501
0.027501
0.027501
0.027501
0.027509
0.027513
0.027559
0.027565
0.027572
0.027513
0.027521
0.027529
0.027529
0.027538
0.027548
0.027548
0.027558
0.027593
0.027593
0.027605
0.027605
0.027576
0.027588
0.027588
0.027588
0.027553
0.027553
0.027553
0.027565
0.027600
0.027600
0.027600
0.027600
0.027600
0.027600
0.027579
0.027579
0.027626
0.027626
0.027626
0.027592
0.027592
0.027592
0.027592
0.027592
0.027592
0.027592
0.027626
0.027626
0.027626
0.027626
0.027558
0.027549
0.027533
0.027526
0.027520
0.027520
0.027515
0.027510
0.027506
0.027506
0.027503
0.027503
0.027500
0.027482
0.027482
0.027480
0.027480
0.027480
0.027479
0.027479
0.027443
0.027443
0.027443
0.027443
0.027443
0.027479
0.027479
0.027479
0.027479
0.027451
0.027451
0.027416
0.027416
0.027416
0.027416
0.027416
0.027416
0.027416
0.027416
0.027416
0.027416
0.027416
0.027416
0.027416
0.027425
0.027429
0.027439
0.027430
0.027437
0.027437
0.027444
0.027453
0.027453
0.027462
0.027472
0.027472
0.027482
0.027482
0.027482
0.027493
0.027493
0.027493
0.027505
0.027505
0.027505
0.027505
0.027505
0.027517
0.027517
0.027517
0.027517
0.027517
0.027517
0.027517
0.027517
0.027517
0.027517
0.027531
0.027531
0.027531
0.027531
0.027531
0.027565
0.027565
0.027565
0.027565
0.027554
0.027554
0.027554
0.027554
0.027519
0.027451
0.027416
0.027435
0.027428
0.027422
0.027422
0.027417
0.027412
0.027408
0.027408
0.027405
0.027405
0.027402
0.027402
0.027402
0.027400
0.027436
0.027436
0.027435
0.027435
0.027435
0.027435
0.027399
0.027399
0.027399
0.027363
0.027363
0.027363
0.027399
0.027399
0.027399
0.027399
0.027399
0.027399
0.027399
0.027399
0.027399
0.027399
0.027399
0.027399
0.027399
0.027399
0.027399
0.027399
0.027408
0.027405
0.027415
0.027421
0.027428
0.027428
0.027436
0.027444
0.027444
0.027453
