1.488219
1.314019
1.149589
1.033067
0.967680
0.939914
0.932031
0.932749
0.933350
0.932721
0.931444
0.929938
0.928734
0.927854
0.927391
0.926870
0.926014
0.925003
0.923992
0.922932
0.921922
0.921042
0.920045
0.919259
0.918515
0.917454
0.916538
0.915139
0.913974
0.912812
0.911407
0.910037
0.908912
0.907412
0.906086
0.904760
0.903327
0.901930
0.900506
0.899142
0.897927
0.896478
0.895274
0.894214
0.893075
0.891810
0.890457
0.889029
0.887598
0.885990
0.884385
0.882787
0.881244
0.879707
0.878078
0.876611
0.875036
0.873278
0.871638
0.870090
0.868445
0.867024
0.865450
0.864110
0.862458
0.860804
0.859187
0.857360
0.855795
0.853721
0.852220
0.850334
0.848440
0.846509
0.844777
0.842747
0.840998
0.839418
0.837611
0.835823
0.833923
0.832002
0.830067
0.828267
0.826175
0.824238
0.822349
0.820338
0.818429
0.816336
0.814485
0.812530
0.810541
0.808673
0.806707
0.804633
0.802670
0.800772
0.798864
0.796996
0.795032
0.793118
0.791184
0.789268
0.787322
0.785458
0.783648
0.782294
0.780812
0.779197
0.777793
0.776360
0.775079
0.773708
0.772527
0.771298
0.770042
0.768926
0.767726
0.766405
0.765062
0.763871
0.762578
0.761313
0.760095
0.758716
0.757316
0.756080
0.754840
0.753950
0.752845
0.751505
0.750369
0.749160
0.747913
0.746624
0.745277
0.743997
0.742723
0.741567
0.740329
0.739042
0.737799
0.736699
0.735556
0.734365
0.733272
0.732062
0.730695
0.729403
0.728035
0.726640
0.725125
0.723825
0.722443
0.720984
0.719574
0.718204
0.716660
0.715205
0.713719
0.712229
0.710987
0.709216
0.707630
0.705724
0.703930
0.701929
0.700201
0.698312
0.696518
0.694566
0.692341
0.690377
0.688251
0.686277
0.684353
0.682266
0.680316
0.678362
0.676274
0.674059
0.672080
0.670059
0.668260
0.666248
0.664270
0.662106
0.660361
0.658125
0.655897
0.654294
0.652660
0.650881
0.649104
0.647256
0.645561
0.643628
0.641991
0.640219
0.638319
0.636517
0.634756
0.633028
0.631158
0.629428
0.627705
0.625931
0.624038
0.622368
0.620510
0.618770
0.616836
0.615087
0.613238
0.611496
0.609617
0.607979
0.606000
0.604131
0.602278
0.600516
0.598782
0.596948
0.595118
0.593109
0.591337
0.589458
0.587484
0.585607
0.583637
0.581876
0.579946
0.578118
0.576133
0.574241
0.572214
0.570346
0.568393
0.566340
0.564560
0.562605
0.560726
0.558619
0.556619
0.554559
0.552753
0.550767
0.548744
0.546694
0.544697
0.542676
0.540565
0.538617
0.536498
0.534549
0.532508
0.530463
0.528546
0.526510
0.524579
0.522562
0.520502
0.518527
0.516471
0.514430
0.512546
0.510552
0.508538
0.506461
0.504505
0.502538
0.500683
0.498619
0.496603
0.494630
0.492784
0.490868
0.488893
0.486989
0.484977
0.483299
0.481478
0.479621
0.477846
0.475900
0.473971
0.472274
0.470361
0.468567
0.466869
0.465045
0.463215
0.461438
0.459795
0.458087
0.456434
0.454654
0.452988
0.451199
0.449585
0.447898
0.446283
0.444672
0.442967
0.441411
0.439804
0.438171
0.436512
0.435004
0.433296
0.431811
0.430215
0.428591
0.427172
0.425503
0.423953
0.422535
0.421029
0.419569
0.417994
0.416613
0.415110
0.413659
0.412326
0.410930
0.409540
0.408105
0.406771
0.405420
0.403989
0.402548
0.401279
0.399750
0.398564
0.397065
0.395784
0.394399
0.393127
0.391843
0.390608
0.389397
0.388108
0.386703
0.385439
0.384245
0.383081
0.381710
0.380393
0.379226
0.378016
0.376764
0.375664
0.374332
0.373158
0.371991
0.370653
0.369480
0.368438
0.367213
0.366044
0.364896
0.363760
0.362569
0.361396
0.360248
0.359142
0.357944
0.356780
0.355642
0.354671
0.353451
0.352367
0.351347
0.350331
0.349220
0.348206
0.347129
0.346111
0.345021
0.344046
0.342999
0.341945
0.341053
0.339960
0.338869
0.337903
0.337002
0.336046
0.335197
0.334266
0.333480
0.332587
0.331745
0.330911
0.329979
0.329175
0.328227
0.327465
0.326779
0.325929
0.324932
0.324170
0.323341
0.322552
0.321889
0.321002
0.320410
0.319576
0.318764
0.318037
0.317282
0.316409
0.315648
0.314903
0.314121
0.313199
0.312153
0.310943
0.309815
0.308885
0.307797
0.306806
0.305855
0.304849
0.303930
0.302848
0.301777
0.300804
0.299815
0.298733
0.297683
0.296584
0.295532
0.294464
0.293403
0.292431
0.291344
0.290388
0.289311
0.288477
0.287406
0.286394
0.285370
0.284470
0.283443
0.282583
0.281658
0.280759
0.279758
0.278918
0.277971
0.277074
0.276099
0.275235
0.274365
0.273511
0.272644
0.271753
0.270999
0.270084
0.269376
0.268457
0.267674
0.266800
0.265959
0.265151
0.264323
0.263485
0.262585
0.261926
0.261106
0.260411
0.259777
0.259039
0.258251
0.257460
0.256813
0.256059
0.255297
0.254644
0.253941
0.253284
0.252478
0.251824
0.251173
0.250507
0.249842
0.249136
0.248436
0.247751
0.247089
0.246459
0.245809
0.245214
0.244458
0.243877
0.243278
0.242645
0.242097
0.241515
0.240991
0.240372
0.239871
0.239237
0.238645
0.238120
0.237577
0.236880
0.236352
0.235854
0.235334
0.234733
0.234260
0.233788
0.233290
0.232756
0.232215
0.231790
0.231240
0.230675
0.230326
0.229773
0.229375
0.228810
0.228403
0.227934
0.227559
0.227068
0.226518
0.226119
0.225765
0.225279
0.224828
0.224466
0.223992
0.223579
0.223243
0.222707
0.222485
0.222000
0.221604
0.221238
0.220744
0.220345
0.219936
0.219427
0.219172
0.218871
0.218534
0.218217
0.218044
0.217612
0.217314
0.216981
0.216641
0.216398
0.216012
0.215808
0.215517
0.215267
0.215010
0.214803
0.214534
0.214219
0.213999
0.213830
0.213521
0.213263
0.213070
0.212899
0.212694
0.212437
0.212182
0.211951
0.211771
0.211469
0.211209
0.211031
0.210790
0.210497
0.210210
0.210057
0.209820
0.209696
0.209530
0.209279
0.209128
0.209047
0.208851
0.208649
0.208416
0.208181
0.208122
0.208038
0.207734
0.207705
0.207529
0.207332
0.207294
0.207094
0.206942
0.206788
0.206609
0.206545
0.206291
0.206218
0.206162
0.205909
0.205760
0.205734
0.205451
0.205330
0.205275
0.205035
0.204988
0.204876
0.204792
0.204578
0.204518
0.204447
0.204338
0.204183
0.204033
0.204046
0.203895
0.203865
0.203603
0.203585
0.203483
0.203416
0.203340
0.203207
0.203124
0.202973
0.202856
0.202811
0.202759
0.202524
0.202407
0.202271
0.202270
0.202230
0.202097
0.201989
0.202002
0.201880
0.201755
0.201699
0.201643
0.201610
0.201584
0.201482
0.201402
0.201419
0.201249
0.201259
0.201148
0.201016
0.200926
0.200894
0.200816
0.200750
0.200682
0.200562
0.200511
0.200468
0.200328
0.200264
0.200243
0.200168
0.200115
0.200120
0.200016
0.199911
0.199862
0.199840
0.199702
0.199690
0.199620
0.199525
0.199467
0.199417
0.199304
0.199171
0.199066
0.198962
0.198935
0.198887
0.198804
0.198746
0.198724
0.198659
0.198663
0.198596
0.198457
0.198469
0.198329
0.198363
0.198279
0.198175
0.198139
0.198082
0.198058
0.197917
0.197914
0.197783
0.197861
0.197769
0.197704
0.197654
0.197607
0.197588
0.197552
0.197506
0.197418
0.197396
0.197281
0.197231
0.197188
0.197072
0.197072
0.197158
0.197019
0.196954
0.196924
0.196830
0.196760
0.196792
0.196681
0.196597
0.196603
0.196565
0.196569
0.196510
0.196492
0.196475
0.196471
0.196484
0.196367
0.196374
0.196386
0.196274
0.196292
0.196244
0.196164
0.196176
0.196086
0.196036
0.196013
0.195945
0.195952
0.195889
0.195793
0.195795
0.195792
0.195743
0.195697
0.195713
0.195601
0.195540
0.195553
0.195582
0.195488
0.195442
0.195422
0.195335
0.195251
0.195227
0.195214
0.195133
0.195184
0.195051
0.195032
0.194940
0.194846
0.194806
0.194742
0.194663
0.194737
0.194691
0.194654
0.194610
0.194531
0.194542
0.194492
0.194359
0.194380
0.194369
0.194406
0.194402
0.194290
0.194290
0.194230
0.194231
0.194182
0.194183
0.194118
0.194118
0.194096
0.194054
0.194020
0.193960
0.193988
0.193922
0.193833
0.193892
0.193893
0.193890
0.193762
0.193721
0.193755
0.193730
0.193671
0.193700
0.193635
0.193593
0.193643
0.193651
0.193646
0.193562
0.193594
0.193512
0.193522
0.193522
0.193532
0.193520
0.193414
0.193503
0.193536
0.193448
0.193432
0.193382
0.193392
0.193364
0.193319
0.193353
0.193357
0.193359
0.193308
0.193230
0.193204
0.193254
0.193264
0.193298
0.193210
0.193210
0.193220
0.193244
0.193138
0.193096
0.193096
0.193107
0.193107
0.193068
0.193030
0.193030
0.193051
0.193044
0.193020
0.192971
0.192994
0.192992
0.193026
0.193022
0.192985
0.192931
0.192880
0.192810
0.192781
0.192809
0.192884
0.192829
0.192788
0.192784
0.192699
0.192721
0.192637
0.192598
0.192632
0.192597
0.192645
0.192606
0.192606
0.192605
0.192597
0.192612
0.192520
0.192435
0.192433
0.192389
0.192439
0.192486
0.192485
0.192491
0.192491
0.192540
0.192540
0.192504
0.192448
0.192477
0.192477
0.192477
0.192477
0.192477
0.192526
0.192439
0.192439
0.192439
0.192402
0.192461
0.192464
0.192474
0.192441
0.192412
0.192462
0.192505
0.192513
0.192492
0.192501
0.192483
0.192533
0.192544
0.192508
0.192508
0.192518
0.192568
0.192604
0.192580
0.192580
0.192534
0.192584
0.192510
0.192507
0.192510
0.192510
0.192560
0.192560
0.192560
0.192533
0.192533
0.192619
0.192581
0.192556
0.192556
0.192556
0.192554
0.192603
0.192603
0.192603
0.192603
0.192568
0.192618
0.192581
0.192581
0.192618
0.192617
0.192547
0.192555
0.192538
0.192531
0.192525
0.192490
0.192534
0.192530
0.192483
0.192483
0.192480
0.192480
0.192535
0.192566
0.192532
0.192530
0.192495
0.192494
0.192532
0.192549
0.192549
0.192549
0.192549
0.192549
0.192599
0.192599
0.192597
0.192597
0.192525
0.192525
0.192575
0.192575
0.192539
0.192539
0.192539
0.192589
0.192589
0.192570
0.192620
0.192620
0.192620
0.192636
0.192636
0.192636
0.192645
0.192649
0.192660
0.192733
0.192739
0.192739
0.192715
0.192773
0.192773
0.192832
0.192809
0.192773
0.192784
0.192784
0.192852
0.192913
0.192913
0.192860
0.192872
0.192886
0.192886
0.192936
0.192936
0.192949
0.192916
0.192916
0.192917
0.193003
0.193003
0.193003
0.193053
0.193053
0.193087
0.193151
0.193151
0.193151
0.193130
0.193105
0.193158
0.193125
0.193187
0.193180
0.193180
0.193180
0.193180
0.193146
0.193146
0.193076
0.193067
0.193100
0.193143
0.193136
0.193136
0.193098
0.193059
0.193089
0.193139
0.193135
0.193185
0.193183
0.193146
0.193195
0.193193
0.193193
0.193193
0.193192
0.193192
0.193292
0.193292
0.193297
0.193297
0.193297
0.193297
0.193347
0.193347
0.193347
0.193358
0.193358
0.193408
0.193409
0.193409
0.193409
0.193409
0.193409
0.193465
0.193515
0.193515
0.193514
0.193479
0.193479
0.193529
0.193538
0.193542
0.193600
0.193606
0.193613
0.193663
0.193671
0.193679
0.193718
0.193661
0.193670
0.193770
0.193781
0.193781
0.193779
0.193825
0.193825
0.193875
0.193887
0.193887
0.193937
0.193937
0.193937
0.194000
0.194000
0.194000
0.193930
0.193930
0.193930
0.193980
0.194030
0.194040
0.194040
0.194053
0.194018
0.194018
0.194052
0.194102
0.194102
0.194152
0.194152
0.194151
0.194151
0.194151
0.194170
0.194169
0.194099
0.194090
0.194074
0.194117
0.194110
0.194110
0.194155
0.194150
0.194146
0.194146
0.194142
0.194142
0.194140
0.194140
0.194188
0.194272
0.194238
0.194207
0.194206
0.194206
0.194206
0.194206
0.194206
0.194206
0.194256
0.194306
0.194306
0.194306
0.194306
0.194266
0.194266
0.194252
0.194253
0.194303
0.194303
0.194303
0.194303
0.194353
0.194353
0.194353
0.194322
0.194322
0.194321
0.194321
0.194371
0.194380
0.194384
0.194394
0.194401
0.194424
0.194474
0.194482
0.194491
0.194491
0.194499
0.194509
0.194509
0.194569
0.194569
0.194569
0.194581
0.194581
0.194581
0.194562
0.194562
0.194611
0.194611
0.194611
0.194624
0.194617
0.194617
0.194667
0.194667
0.194667
0.194667
0.194634
0.194672
0.194672
0.194685
0.194685
0.194685
0.194685
0.194735
0.194729
0.194729
0.194728
0.194728
0.194728
0.194728
0.194728
0.194728
0.194746
0.194705
0.194658
0.194650
0.194644
0.194644
0.194638
0.194665
0.194661
0.194696
0.194704
0.194704
0.194701
0.194739
0.194739
0.194737
0.194737
0.194698
0.194697
0.194697
0.194696
0.194696
0.194696
0.194695
0.194661
0.194661
0.194661
0.194661
0.194660
0.194694
0.194694
0.194694
0.194695
0.194695
0.194695
0.194745
0.194710
0.194680
0.194730
0.194730
0.194730
0.194730
0.194730
0.194730
0.194738
0.194742
0.194753
0.194759
0.194766
0.194766
0.194774
0.194749
0.194749
0.194758
0.194728
0.194728
0.194739
0.194722
0.194722
0.194766
0.194733
0.194733
0.194745
0.194745
0.194745
0.194745
0.194745
0.194744
0.194757
0.194757
0.194807
0.194807
0.194807
0.194807
0.194807
0.194807
0.194770
0.194783
0.194820
0.194820
0.194820
0.194820
0.194790
0.194790
0.194790
0.194790
0.194790
0.194790
0.194713
0.194713
0.194713
0.194642
0.194670
0.194654
0.194647
0.194641
0.194641
0.194635
0.194630
0.194625
0.194625
0.194585
0.194585
0.194582
0.194582
0.194582
0.194580
0.194617
0.194617
0.194616
0.194616
0.194616
0.194616
0.194654
0.194617
0.194617
0.194617
0.194617
0.194617
0.194567
0.194528
0.194526
0.194526
0.194558
0.194558
0.194558
0.194558
0.194489
0.194527
0.194527
0.194527
0.194527
0.194497
0.194497
0.194497
0.194506
0.194547
0.194581
0.194588
0.194558
0.194578
0.194585
0.194632
0.194632
0.194609
0.194619
0.194619
0.194630
0.194630
0.194666
0.194677
0.194677
0.194709
0.194721
0.194682
0.194682
0.194682
0.194682
0.194694
0.194694
0.194694
0.194694
0.194663
0.194663
0.194663
0.194663
0.194694
0.194694
0.194708
0.194708
0.194708
0.194708
0.194708
0.194708
0.194708
0.194708
0.194708
0.194708
0.194708
0.194708
0.194708
0.194708
0.194638
0.194628
0.194612
0.194605
0.194599
0.194599
0.194554
0.194549
0.194545
0.194512
0.194509
0.194509
0.194476
0.194476
0.194445
0.194443
0.194476
0.194477
0.194506
0.194506
0.194506
0.194506
0.194473
0.194442
0.194409
0.194459
0.194459
0.194459
0.194459
0.194459
0.194493
0.194493
0.194493
0.194493
0.194493
0.194493
0.194460
0.194460
0.194460
0.194460
0.194460
0.194460
0.194460
0.194461
0.194470
0.194474
0.194445
0.194452
0.194459
0.194459
0.194467
0.194476
0.194476
0.194485
0.194495
0.194495
0.194506
0.194506
0.194506
0.194517
0.194525
0.194526
0.194538
0.194538
0.194538
0.194538
0.194538
0.194601
0.194601
0.194601
0.194601
0.194601
0.194602
0.194602
0.194602
0.194640
0.194640
0.194654
0.194654
0.194654
0.194654
0.194654
0.194577
0.194578
0.194578
0.194578
0.194578
0.194578
0.194578
0.194895
0.195780
0.198461
0.203383
0.210155
0.218489
0.227575
0.236870
0.246020
0.255180
0.264302
0.273413
0.282514
0.291763
0.301270
0.310961
0.320894
0.330837
0.340884
0.350833
0.360780
0.370648
0.380547
0.390395
0.400374
0.410221
0.419670
0.428251
0.435401
0.440853
0.444504
0.446554
0.447359
0.447328
0.446978
0.446578
0.446378
0.446328
0.446339
0.446439
0.446489
0.446339
0.446021
0.445602
0.445002
0.444421
0.443931
0.443585
0.443396
0.443321
0.443328
0.443278
0.442386
0.439848
0.435211
0.428604
0.420480
0.411508
0.402248
0.393053
0.384135
0.375501
0.366996
0.358488
0.349864
0.341059
0.332173
0.323574
0.315777
0.309246
0.304243
0.300926
0.299068
0.298402
0.298487
0.299070
0.299750
0.300300
0.300688
0.300846
0.300860
0.300731
0.300613
0.300605
0.300718
0.300899
0.301130
0.301339
0.301515
0.301684
0.301678
0.301632
0.301578
0.301526
0.301478
0.301459
0.301490
0.301519
0.301562
0.301569
0.301617
0.301617
0.301567
0.301472
0.301293
0.301119
0.300898
0.300700
0.300479
0.300320
0.300162
0.300004
0.299846
0.299688
0.299482
0.299324
0.299118
0.298921
0.298700
0.298576
0.298370
0.298140
0.297935
0.297811
0.297589
0.297431
0.297226
0.297067
0.296855
0.296697
0.296475
0.296319
0.296161
0.295955
0.295797
0.295592
0.295434
0.295212
0.295054
0.294813
0.294617
0.294373
0.294215
0.293993
0.293835
0.293630
0.293472
0.293266
0.293108
0.292887
0.292679
0.292473
0.292315
0.292109
0.291951
0.291727
0.291569
0.291411
0.291206
0.291048
0.290842
0.290684
0.290462
0.290343
0.290137
0.289979
0.289773
0.289615
0.289356
0.289162
0.288957
0.288799
0.288556
0.288397
0.288176
0.288018
0.287812
0.287654
0.287487
0.287329
0.287108
0.286949
0.286744
0.286586
0.286463
0.286252
0.286094
0.285873
0.285715
0.285509
0.285351
0.285146
0.284987
0.284767
0.284609
0.284404
0.284246
0.284040
0.283882
0.283627
0.283469
0.283225
0.283033
0.282827
0.282669
0.282463
0.282290
0.282084
0.281926
0.281759
0.281600
0.281442
0.281221
0.281063
0.280857
0.280736
0.280530
0.280408
0.280148
0.279953
0.279711
0.279553
0.279379
0.279221
0.279006
0.278848
0.278642
0.278519
0.278314
0.278156
0.277950
0.277776
0.277571
0.277413
0.277207
0.277081
0.276875
0.276701
0.276543
0.276338
0.276179
0.275942
0.275784
0.275563
0.275405
0.275199
0.275041
0.274835
0.274677
0.274456
0.274328
0.274123
0.273965
0.273759
0.273601
0.273396
0.273222
0.272984
0.272860
0.272654
0.272460
0.272254
0.272048
0.271841
0.271651
0.271477
0.271356
0.271197
0.270976
0.270818
0.270612
0.270454
0.270249
0.270091
0.269838
0.269679
0.269474
0.269316
0.269110
0.268952
0.268778
0.268604
0.268436
0.268278
0.268073
0.267914
0.267709
0.267535
0.267329
0.267171
0.266966
0.266808
0.266570
0.266397
0.266270
0.266065
0.265906
0.265701
0.265543
0.265337
0.265163
0.264958
0.264800
0.264594
0.264436
0.264231
0.264057
0.263851
0.263693
0.263487
0.263329
0.263124
0.262950
0.262744
0.262586
0.262381
0.262222
0.262017
0.261843
0.261637
0.261479
0.261321
0.261116
0.260958
0.260752
0.260578
0.260373
0.260215
0.260009
0.259851
0.259613
0.259439
0.259197
0.259039
0.258834
0.258675
0.258503
0.258329
0.258123
0.257965
0.257759
0.257601
0.257396
0.257222
0.257016
0.256794
0.256589
0.256430
0.256272
0.256067
0.255856
0.255651
0.255493
0.255287
0.255162
0.254956
0.254782
0.254577
0.254419
0.254180
0.254022
0.253817
0.253680
0.253475
0.253317
0.253111
0.252953
0.252747
0.252552
0.252331
0.252172
0.251967
0.251809
0.251603
0.251445
0.251271
0.251066
0.250979
0.250811
0.250653
0.250448
0.250274
0.250068
0.249910
0.249705
0.249509
0.249303
0.249130
0.248924
0.248766
0.248560
0.248402
0.248197
0.248076
0.247855
0.247697
0.247491
0.247333
0.247127
0.246969
0.246748
0.246590
0.246347
0.246189
0.246031
0.245825
0.245651
0.245446
0.245325
0.245119
0.244961
0.244756
0.244582
0.244376
0.244218
0.244013
0.243855
0.243649
0.243491
0.243232
0.242897
0.242409
0.241932
0.241409
0.241006
0.240432
0.239926
0.239439
0.238928
0.238406
0.237931
0.237477
0.236921
0.236447
0.235925
0.235482
0.234889
0.234386
0.233850
0.233377
0.232894
0.232422
0.231866
0.231394
0.230825
0.230317
0.229798
0.229327
0.228772
0.228264
0.227730
0.227223
0.226706
0.226232
0.225640
0.225133
0.224563
0.224056
0.223550
0.222991
0.222485
0.221926
0.221453
0.220846
0.220341
0.219750
0.219239
0.218686
0.218176
0.217564
0.217053
0.216500
0.215951
0.215393
0.214845
0.214342
0.213794
0.213268
0.212720
0.212162
0.211646
0.210963
0.210485
0.209927
0.209411
0.208857
0.208261
0.207745
0.207205
0.206651
0.206153
0.205637
0.205074
0.204559
0.203976
0.203460
0.202931
0.202379
0.201855
0.201336
0.200754
0.200273
0.199708
0.199227
0.198734
0.198252
0.197689
0.197195
0.196632
0.196188
0.195626
0.195178
0.194735
0.194194
0.193723
0.193161
0.192685
0.192233
0.191759
0.191257
0.190856
0.190367
0.189899
0.189452
0.189017
0.188556
0.188122
0.187679
0.187317
0.186913
0.186447
0.186007
0.185633
0.185246
0.184889
0.184454
0.184132
0.183698
0.183329
0.182929
0.182547
0.182196
0.181800
0.181521
0.181110
0.180833
0.180403
0.180076
0.179812
0.179567
0.179279
0.178986
0.178729
0.178472
0.178175
0.177936
0.177628
0.177326
0.177120
0.176862
0.176581
0.176375
0.176105
0.175885
0.175609
0.175312
0.175113
0.174863
0.174631
0.174339
0.174075
0.173831
0.173591
0.173298
0.173110
0.172821
0.172584
0.172264
0.172074
0.171827
0.171595
0.171267
0.171071
0.170713
0.170485
0.170192
0.169873
0.169602
0.169364
0.169049
0.168781
0.168419
0.168157
0.167797
0.167585
0.167261
0.166905
0.166604
0.166252
0.165901
0.165603
0.165257
0.164941
0.164608
0.164217
0.163841
0.163455
0.163129
0.162744
0.162359
0.161901
0.161581
0.161161
0.160795
0.160429
0.160074
0.159695
0.159344
0.158881
0.158482
0.158133
0.157722
0.157238
0.156874
0.156539
0.156105
0.155712
0.155355
0.154973
0.154533
0.154187
0.153708
0.153375
0.152893
0.152602
0.152117
0.151733
0.151356
0.150957
0.150594
0.150128
0.149792
0.149382
0.149042
0.148569
0.148194
0.147799
0.147409
0.146986
0.146580
0.146196
0.145776
0.145404
0.145082
0.144652
0.144297
0.143924
0.143544
0.143179
0.142762
0.142394
0.142031
0.141592
0.141337
0.140862
0.140546
0.140136
0.139746
0.139399
0.138963
0.138664
0.138228
0.137920
0.137532
0.137148
0.136872
0.136438
0.136035
0.135650
0.135304
0.134955
0.134541
0.134222
0.133898
0.133499
0.133104
0.132755
0.132367
0.132021
0.131626
0.131274
0.130852
0.130474
0.130115
0.129731
0.129329
0.128936
0.128628
0.128246
0.127940
0.127468
0.127086
0.126720
0.126354
0.125965
0.125616
0.125213
0.124769
0.124431
0.124020
0.123635
0.123276
0.122884
0.122526
0.122095
0.121685
0.121317
0.120887
0.120560
0.120167
0.119691
0.119324
0.118974
0.118528
0.118122
0.117779
0.117425
0.117020
0.116535
0.116217
0.115795
0.115392
0.115036
0.114592
0.114191
0.113775
0.113370
0.113033
0.112618
0.112225
0.111779
0.111350
0.110997
0.110568
0.110210
0.109862
0.109405
0.109031
0.108605
0.108244
0.107840
0.107333
0.106941
0.106537
0.106182
0.105801
0.105364
0.104927
0.104559
0.104155
0.103742
0.103383
0.102948
0.102593
0.102222
0.101755
0.101356
0.101002
0.100571
0.100100
0.099739
0.099299
0.098883
0.098496
0.098177
0.097727
0.097265
0.096881
0.096424
0.096094
0.095785
0.095341
0.095012
0.094523
0.094060
0.093680
0.093289
0.092850
0.092473
0.092031
0.091660
0.091241
0.090805
0.090418
0.090010
0.089596
0.089162
0.088804
0.088371
0.087965
0.087535
0.087150
0.086699
0.086303
0.085874
0.085469
0.085065
0.084615
0.084191
0.083763
0.083314
0.082975
0.082534
0.082035
0.081659
0.081256
0.080757
0.080333
0.079913
0.079492
0.079058
0.078621
0.078109
0.077756
0.077332
0.076981
0.076488
0.076144
0.075745
0.075282
0.074899
0.074467
0.074096
0.073680
0.073218
0.072882
0.072467
0.072017
0.071671
0.071252
0.070825
0.070475
0.070154
0.069742
0.069344
0.068946
0.068564
0.068216
0.067913
0.067396
0.067056
0.066661
0.066328
0.065940
0.065602
0.065211
0.064816
0.064515
0.064125
0.063754
0.063416
0.063076
0.062815
0.062377
0.062129
0.061751
0.061398
0.061054
0.060734
0.060420
0.060135
0.059808
0.059524
0.059225
0.058910
0.058650
0.058319
0.058060
0.057736
0.057473
0.057185
0.056949
0.056619
0.056340
0.056039
0.055854
0.055528
0.055289
0.055007
0.054795
0.054486
0.054246
0.054000
0.053776
0.053462
0.053268
0.052983
0.052805
0.052508
0.052269
0.052046
0.051792
0.051531
0.051307
0.051044
0.050865
0.050615
0.050405
0.050195
0.049941
0.049735
0.049430
0.049263
0.049041
0.048808
0.048582
0.048380
0.048129
0.047955
0.047754
0.047506
0.047310
0.047068
0.046881
0.046602
0.046447
0.046170
0.046031
0.045840
0.045572
0.045422
0.045117
0.044982
0.044758
0.044558
0.044402
0.044200
0.043988
0.043768
0.043584
0.043376
0.043191
0.042938
0.042776
0.042546
0.042454
0.042233
0.042010
0.041803
0.041583
0.041405
0.041186
0.041152
0.040858
0.040721
0.040516
0.040295
0.040155
0.039953
0.039810
0.039595
0.039487
0.039285
0.039108
0.038913
0.038731
0.038604
0.038466
0.038223
0.038053
0.037886
0.037748
0.037610
0.037427
0.037308
0.037125
0.036946
0.036789
0.036646
0.036489
0.036375
0.036238
0.036057
0.035905
0.035714
0.035640
0.035506
0.035355
0.035243
0.035107
0.034976
0.034864
0.034715
0.034579
0.034462
0.034307
0.034220
0.034109
0.033955
0.033844
0.033702
0.033592
0.033505
0.033423
0.033311
0.033243
0.033056
0.033013
0.032902
0.032737
0.032680
0.032610
0.032485
0.032416
0.032305
0.032191
0.032123
0.032043
0.031936
0.031893
0.031839
0.031732
0.031690
0.031591
0.031469
0.031389
0.031320
0.031279
0.031200
0.031130
0.031061
0.031008
0.031000
0.030956
0.030852
0.030811
0.030784
0.030743
0.030668
0.030565
0.030512
0.030399
0.030359
0.030320
0.030255
0.030221
0.030151
0.030112
0.030040
0.030001
0.030039
0.030037
0.029967
0.029944
0.029906
0.029868
0.029837
0.029762
0.029725
0.029725
0.029625
0.029588
0.029588
0.029501
0.029501
0.029465
0.029503
0.029439
0.029439
0.029404
0.029369
0.029306
0.029268
0.029234
0.029215
0.029181
0.029190
0.029190
0.029157
0.029157
0.029098
0.029098
0.029136
0.029103
0.029078
0.029078
0.029043
0.029019
0.028982
0.028926
0.028926
0.028926
0.028895
0.028837
0.028837
0.028807
0.028846
0.028846
0.028824
0.028832
0.028832
0.028830
0.028786
0.028736
0.028685
0.028685
0.028685
0.028657
0.028636
0.028636
0.028618
0.028645
0.028617
0.028584
0.028605
0.028643
0.028643
0.028617
0.028617
0.028561
0.028561
0.028561
0.028516
0.028490
0.028490
0.028473
0.028473
0.028473
0.028437
0.028437
0.028437
0.028389
0.028389
0.028432
0.028432
0.028408
0.028362
0.028362
0.028347
0.028347
0.028347
0.028282
0.028282
0.028282
0.028323
0.028310
0.028310
0.028264
0.028241
0.028241
0.028241
0.028241
0.028200
0.028200
0.028158
0.028136
0.028180
0.028134
0.028134
0.028134
0.028123
0.028164
0.028143
0.028143
0.028143
0.028170
0.028117
0.028117
0.028117
0.028066
0.028046
0.028046
0.028046
0.028046
0.027973
0.027973
0.027973
0.027973
0.027994
0.027986
0.027986
0.027986
0.027939
0.027939
0.027899
0.027899
0.027877
0.027877
0.027877
0.027877
0.027831
0.027824
0.027824
0.027824
0.027864
0.027846
0.027846
0.027800
0.027800
0.027778
0.027737
0.027737
0.027737
0.027737
0.027674
0.027674
0.027674
0.027668
0.027668
0.027668
0.027691
0.027691
0.027691
0.027691
0.027674
0.027674
0.027672
0.027540
0.027540
0.027540
0.027540
0.027540
0.027540
0.027524
0.027479
0.027501
0.027501
0.027501
0.027501
0.027501
0.027501
0.027497
0.027437
0.027437
0.027397
0.027397
0.027397
0.027397
0.027350
0.027306
0.027306
0.027332
0.027332
0.027332
0.027332
0.027332
0.027317
0.027317
0.027317
0.027317
0.027303
0.027303
0.027263
0.027216
0.027160
0.027160
0.027200
0.027200
0.027200
0.027187
0.027187
0.027187
0.027145
0.027145
0.027145
0.027098
0.027098
0.027085
0.027084
0.027084
0.027043
0.027043
0.027043
0.027043
0.027043
0.026995
0.026984
0.027013
0.026973
0.026973
0.026973
0.026973
0.026973
0.026976
0.026965
0.026909
0.026909
0.026871
0.026871
0.026871
0.026871
0.026871
0.026861
0.026813
0.026813
0.026777
0.026777
0.026777
0.026777
0.026777
0.026767
0.026719
0.026719
0.026719
0.026719
0.026685
0.026685
0.026706
0.026658
0.026658
0.026658
0.026658
0.026658
0.026658
0.026658
0.026570
0.026570
0.026570
0.026570
0.026570
0.026570
0.026567
0.026519
0.026512
0.026512
0.026483
0.026483
0.026483
0.026483
0.026435
0.026435
0.026429
0.026429
0.026429
0.026429
0.026381
0.026385
0.026385
0.026385
0.026419
0.026419
0.026419
0.026371
0.026371
0.026332
0.026332
0.026332
0.026329
0.026258
0.026258
0.026258
0.026258
0.026258
0.026297
0.026248
0.026248
0.026246
0.026246
0.026246
0.026246
0.026198
0.026180
0.026180
0.026210
0.026210
0.026174
0.026174
0.026164
0.026164
0.026164
0.026164
0.026164
0.026164
0.026116
0.026117
0.026103
0.026103
0.026103
0.026103
0.026103
0.026055
0.026055
0.026055
0.026055
0.026057
0.026057
0.026041
0.026041
0.026041
0.026041
0.026041
0.026032
0.026032
0.025985
0.025985
0.025997
0.025997
0.025997
0.025997
0.025997
0.025949
0.025949
0.025949
0.025949
0.025949
0.025949
0.025955
0.025908
0.025908
0.025906
0.025906
0.025906
0.025906
0.025906
0.025937
0.025890
0.025890
0.025890
0.025936
0.025936
0.025936
0.025936
0.025944
0.025898
0.025898
0.025898
0.025898
0.025860
0.025860
0.025860
0.025860
0.025814
0.025865
0.025865
0.025865
0.025897
0.025897
0.025929
0.025929
0.025897
0.025851
0.025851
0.025851
0.025851
0.025851
0.025851
0.025851
0.025851
0.025864
0.025819
0.025819
0.025819
0.025852
0.025852
0.025852
0.025852
0.025819
0.025819
0.025819
0.025775
0.025775
0.025783
0.025783
0.025783
0.025834
0.025849
0.025849
0.025882
0.025882
0.025882
0.025839
0.025839
0.025806
0.025806
0.025806
0.025806
0.025806
0.025806
0.025806
0.025806
0.025806
0.025806
0.025801
0.025834
0.025834
0.025852
0.025852
0.025885
0.025820
0.025820
0.025820
0.025782
0.025782
0.025815
0.025815
0.025774
0.025811
0.025811
0.025811
0.025843
0.025843
0.025843
0.025843
0.025843
0.025811
0.025811
0.025811
0.025824
0.025824
0.025846
0.025806
0.025806
0.025819
0.025819
0.025819
0.025884
0.025884
0.025884
0.025884
0.025884
0.025852
0.025852
0.025852
0.025852
0.025852
0.025852
0.025852
0.025813
0.025813
0.025813
0.025813
0.025845
0.025845
0.025845
0.025845
0.025845
0.025838
0.025838
0.025838
0.025838
0.025838
0.025838
0.025838
0.025838
0.025838
0.025838
0.025903
0.025903
0.025903
0.025903
0.025903
0.025903
0.025867
0.025834
0.025834
0.025834
0.025834
0.025834
0.025834
0.025834
0.025834
0.025871
0.025903
0.025906
0.025906
0.025906
0.025906
0.025906
0.025933
0.025901
0.025901
0.025866
0.025866
0.025866
0.025866
0.025866
0.025866
0.025866
0.025932
0.025932
0.025932
0.025932
0.025932
0.025932
0.025932
0.025899
0.025899
0.025899
0.025899
0.025899
0.025899
0.025899
0.025899
0.025899
0.025932
0.025932
0.025932
0.025932
0.025932
0.025932
0.025932
0.025866
0.025866
0.025866
0.025866
0.025897
0.025897
0.025897
0.025933
0.025933
0.025999
0.025999
0.025999
0.025999
0.025999
0.025999
0.025999
0.025966
0.025966
0.025966
0.025966
0.025966
0.025966
0.025966
0.025966
0.025966
0.025999
0.025999
0.025999
0.025999
0.025999
0.025999
0.025999
0.025966
0.025966
0.025966
0.025966
0.025966
0.025966
0.025935
0.025935
0.025935
0.026004
0.026004
0.026004
0.026004
0.026038
0.026038
0.026038
0.026005
0.025969
0.025969
0.025969
0.025969
0.025969
0.026003
0.026039
0.026039
0.026071
0.026071
0.026071
0.026071
0.026071
0.026071
0.026071
0.026039
0.026039
0.026039
0.026039
0.026039
0.026039
0.026039
0.026039
0.026039
0.026071
0.026071
0.026071
0.026071
0.026071
0.026071
0.026071
0.026039
0.026039
0.026039
0.026039
0.026039
0.026039
0.026039
0.026039
0.026011
0.026113
0.026113
0.026113
0.026113
0.026113
0.026113
0.026113
0.026080
0.026080
0.026080
0.026080
0.026080
0.026080
0.026080
0.026080
0.026080
0.026113
0.026113
0.026113
0.026113
0.026113
0.026113
0.026113
0.026080
0.026080
0.026080
0.026080
0.026080
0.026080
0.026080
0.026080
0.026113
0.026113
0.026113
0.026113
0.026113
0.026113
0.026113
0.026113
0.026080
0.026080
0.026080
0.026080
0.026080
0.026080
0.026080
0.026117
0.026147
0.026182
0.026182
0.026182
0.026182
0.026182
0.026182
0.026182
0.026182
0.026149
0.026149
0.026149
0.026149
0.026149
0.026149
0.026149
0.026182
0.026182
0.026182
0.026182
0.026157
0.026157
0.026157
0.026157
0.026157
0.026124
0.026124
0.026124
0.026124
0.026124
0.026124
0.026124
0.026157
0.026157
0.026157
0.026157
0.026157
0.026157
0.026157
0.026157
0.026157
0.026124
0.026124
0.026124
0.026124
0.026124
0.026163
0.026163
0.026195
0.026195
0.026195
0.026195
0.026230
0.026230
0.026230
0.026195
0.026195
0.026163
0.026163
0.026163
0.026163
0.026163
0.026163
0.026198
0.026230
0.026230
0.026266
0.026266
0.026266
0.026230
0.026230
0.026230
0.026230
0.026198
0.026198
0.026198
0.026198
0.026198
0.026198
0.026198
0.026230
0.026266
0.026266
0.026266
0.026266
0.026266
0.026266
0.026230
0.026230
0.026198
0.026198
0.026198
0.026198
0.026198
0.026237
0.026237
0.026270
0.026305
0.026305
0.026305
0.026305
0.026305
0.026305
0.026270
0.026270
0.026237
0.026237
0.026237
0.026237
0.026237
0.026237
0.026237
0.026270
0.026284
0.026284
0.026284
0.026319
0.026319
0.026284
0.026284
0.026249
0.026216
0.026216
0.026216
0.026216
0.026216
0.026216
0.026216
0.026319
0.026319
0.026319
0.026319
0.026319
0.026319
0.026319
0.026319
0.026284
0.026251
0.026251
0.026251
0.026251
0.026293
0.026293
0.026293
0.026360
0.026360
0.026360
0.026360
0.026360
0.026360
0.026360
0.026360
0.026325
0.026293
0.026293
0.026293
0.026293
0.026293
0.026293
0.026293
0.026360
0.026360
0.026360
0.026360
0.026360
0.026360
0.026360
0.026360
0.026325
0.026293
0.026293
0.026293
0.026293
0.026293
0.026293
0.026293
0.026360
0.026360
0.026360
0.026360
0.026360
0.026360
0.026360
0.026360
0.026325
0.026293
0.026293
0.026293
0.026334
0.026334
0.026334
0.026334
0.026402
0.026402
0.026437
0.026437
0.026437
0.026437
0.026437
0.026402
0.026367
0.026334
0.026334
0.026334
0.026334
0.026334
0.026334
0.026370
0.026402
0.026437
0.026437
0.026437
0.026437
0.026437
0.026437
0.026402
0.026402
0.026370
0.026370
0.026370
0.026370
0.026370
0.026370
0.026370
0.026402
0.026437
0.026437
0.026437
0.026437
0.026437
0.026437
0.026402
0.026402
0.026370
0.026370
0.026370
0.026370
0.026412
0.026412
0.026412
0.026445
0.026479
0.026479
0.026479
0.026479
0.026479
0.026479
0.026445
0.026445
0.026412
0.026395
0.026395
0.026395
0.026395
0.026395
0.026395
0.026428
0.026462
0.026462
0.026462
0.026462
0.026462
0.026428
