2.187118
2.053937
1.937666
1.865317
1.832121
1.821523
1.819757
1.820224
1.820641
1.820931
1.820956
1.820397
1.819437
1.818184
1.816492
1.814246
1.811595
1.808692
1.805672
1.802261
1.799057
1.795463
1.792318
1.789258
1.786407
1.783549
1.780840
1.778254
1.775524
1.772969
1.770461
1.767771
1.765272
1.762641
1.759966
1.757218
1.754502
1.751974
1.749203
1.746541
1.743730
1.741255
1.738666
1.735717
1.732849
1.729597
1.726363
1.723063
1.719751
1.716491
1.712814
1.709542
1.706503
1.703860
1.701434
1.699073
1.696580
1.694075
1.691216
1.688224
1.685616
1.682243
1.678713
1.674698
1.670336
1.666837
1.662762
1.658457
1.654367
1.650073
1.645744
1.641356
1.637577
1.633961
1.630110
1.626533
1.622915
1.618581
1.614322
1.610110
1.605829
1.601217
1.596759
1.592613
1.588210
1.583776
1.579488
1.575043
1.570826
1.566437
1.562185
1.557788
1.553877
1.549816
1.545552
1.541760
1.538065
1.534582
1.530713
1.526330
1.522490
1.518825
1.515074
1.510501
1.506028
1.501628
1.497617
1.493285
1.489137
1.484892
1.480579
1.476336
1.472096
1.467893
1.463558
1.459190
1.455080
1.450742
1.446597
1.442043
1.437924
1.433780
1.429836
1.425824
1.421813
1.417809
1.413759
1.409823
1.405717
1.401711
1.398323
1.395078
1.391889
1.388732
1.385693
1.382798
1.379455
1.375620
1.371883
1.367813
1.363650
1.359638
1.355513
1.351639
1.348282
1.345493
1.343070
1.341092
1.339471
1.337590
1.335897
1.334257
1.331804
1.328674
1.325431
1.322044
1.318957
1.315669
1.311919
1.308596
1.305070
1.301959
1.299798
1.297489
1.295388
1.293506
1.291439
1.288602
1.284812
1.281221
1.277547
1.273473
1.269778
1.266185
1.261972
1.257606
1.253745
1.249880
1.245723
1.241734
1.237735
1.233524
1.229241
1.224917
1.221694
1.218357
1.215862
1.213906
1.211655
1.209338
1.207161
1.204767
1.201971
1.198354
1.194437
1.190565
1.186655
1.182542
1.178472
1.174706
1.171068
1.167654
1.164703
1.162464
1.160140
1.157889
1.155643
1.153631
1.150438
1.146660
1.142606
1.138318
1.133676
1.128888
1.124223
1.119875
1.115888
1.112613
1.109804
1.106738
1.103904
1.101159
1.098370
1.095543
1.093527
1.091531
1.088871
1.086340
1.083325
1.080014
1.076364
1.073195
1.069514
1.065455
1.061303
1.057213
1.053334
1.049959
1.046689
1.043740
1.040809
1.038157
1.034742
1.030888
1.026908
1.022575
1.017878
1.013671
1.009754
1.006099
1.002927
1.000384
0.998109
0.995480
0.993004
0.990258
0.986573
0.982443
0.978375
0.974048
0.969817
0.965423
0.961132
0.957033
0.953798
0.951744
0.950179
0.949316
0.948381
0.947625
0.946679
0.944655
0.941460
0.937875
0.934066
0.929870
0.925402
0.921418
0.917636
0.913775
0.909941
0.906271
0.902763
0.898995
0.895436
0.891518
0.887729
0.883764
0.879843
0.876204
0.872425
0.868961
0.865134
0.861283
0.857768
0.853971
0.851021
0.849017
0.847398
0.846212
0.844633
0.842696
0.840739
0.838597
0.836128
0.833453
0.830208
0.826674
0.823049
0.819411
0.815815
0.812182
0.808528
0.804964
0.801268
0.797792
0.794123
0.790419
0.786868
0.783230
0.780117
0.776517
0.773161
0.769967
0.766100
0.762662
0.759257
0.756048
0.752989
0.749562
0.746169
0.743257
0.740746
0.738271
0.735772
0.733387
0.731048
0.728479
0.725541
0.722540
0.719422
0.716231
0.713123
0.709997
0.706833
0.703949
0.700868
0.698003
0.695065
0.691861
0.689056
0.686283
0.683318
0.680395
0.677593
0.674619
0.671876
0.669123
0.666280
0.663422
0.660768
0.658335
0.655369
0.652635
0.650177
0.647558
0.644795
0.642058
0.639528
0.637132
0.634449
0.631655
0.629052
0.626550
0.624175
0.621673
0.619014
0.616413
0.614196
0.611458
0.608885
0.606332
0.603842
0.601538
0.598736
0.595933
0.593313
0.590946
0.588548
0.586396
0.583802
0.580821
0.577906
0.574895
0.571979
0.568572
0.565651
0.562964
0.560299
0.557633
0.554885
0.552229
0.549653
0.547234
0.544504
0.541812
0.539395
0.536881
0.534283
0.531909
0.529300
0.526699
0.524168
0.521620
0.519075
0.516539
0.514065
0.511643
0.509071
0.506596
0.504097
0.501420
0.498970
0.496423
0.493856
0.491388
0.488657
0.486131
0.483673
0.481217
0.478657
0.476141
0.473623
0.471004
0.468461
0.465695
0.463270
0.460759
0.458167
0.455599
0.453034
0.450480
0.448024
0.445294
0.442748
0.440286
0.437619
0.435002
0.432635
0.429967
0.427531
0.424918
0.422163
0.419496
0.416720
0.413978
0.411366
0.408820
0.406061
0.403504
0.400936
0.398305
0.395556
0.392845
0.390292
0.387629
0.384929
0.382270
0.379487
0.376823
0.374158
0.371367
0.368752
0.366330
0.364033
0.361957
0.359891
0.357671
0.355469
0.353231
0.351133
0.348930
0.346787
0.344542
0.342643
0.340513
0.338415
0.336326
0.334316
0.332211
0.330201
0.328064
0.326164
0.323978
0.322060
0.320046
0.318097
0.316009
0.314076
0.311931
0.310131
0.308124
0.306244
0.304170
0.302252
0.299945
0.297827
0.295517
0.293221
0.291080
0.288976
0.286872
0.284623
0.282485
0.280317
0.278175
0.276063
0.273982
0.271790
0.269452
0.267336
0.265124
0.262960
0.260755
0.258616
0.256309
0.254175
0.252030
0.249806
0.247728
0.245686
0.243556
0.241358
0.239291
0.237203
0.235170
0.232954
0.230888
0.228870
0.226953
0.224980
0.223042
0.221122
0.218902
0.217006
0.215004
0.213175
0.211286
0.209361
0.207498
0.205464
0.203588
0.201934
0.200040
0.198216
0.196614
0.194828
0.192930
0.191391
0.189653
0.187967
0.186136
0.184557
0.182678
0.181091
0.179483
0.177841
0.176390
0.174661
0.173173
0.171721
0.170270
0.168677
0.167377
0.165784
0.164296
0.162928
0.161512
0.160091
0.158774
0.157289
0.155690
0.154359
0.152879
0.151311
0.149787
0.148338
0.146872
0.145375
0.143965
0.142536
0.141097
0.139727
0.138295
0.136894
0.135639
0.134194
0.132801
0.131519
0.130333
0.129024
0.127616
0.126229
0.125096
0.123706
0.122597
0.121253
0.119962
0.118801
0.117602
0.116434
0.115194
0.114121
0.112786
0.111806
0.110581
0.109505
0.108377
0.107173
0.106170
0.105136
0.103934
0.102871
0.101888
0.100823
0.099759
0.098706
0.097713
0.096706
0.095787
0.094831
0.093818
0.092971
0.091949
0.091055
0.090098
0.089309
0.088457
0.087422
0.086629
0.085767
0.084913
0.084198
0.083258
0.082525
0.081712
0.080800
0.080194
0.079349
0.078728
0.077975
0.077319
0.076638
0.075751
0.075154
0.074449
0.073838
0.073192
0.072501
0.071855
0.071103
0.070528
0.069992
0.069380
0.068741
0.068194
0.067599
0.066986
0.066474
0.065834
0.065357
0.064853
0.064284
0.063697
0.063129
0.062717
0.062255
0.061616
0.061229
0.060732
0.060203
0.059679
0.059221
0.058754
0.058310
0.057848
0.057360
0.056966
0.056458
0.056076
0.055728
0.055342
0.054860
0.054599
0.054088
0.053799
0.053364
0.052967
0.052638
0.052106
0.051908
0.051586
0.051107
0.050664
0.050404
0.050123
0.049830
0.049487
0.049108
0.048826
0.048565
0.048232
0.047952
0.047645
0.047221
0.046903
0.046787
0.046392
0.046114
0.045917
0.045700
0.045372
0.045207
0.044922
0.044787
0.044515
0.044245
0.043866
0.043673
0.043499
0.043208
0.043025
0.042774
0.042710
0.042417
0.042173
0.042140
0.041884
0.041646
0.041429
0.041167
0.041067
0.040824
0.040656
0.040519
0.040330
0.040204
0.040013
0.039843
0.039614
0.039418
0.039301
0.039263
0.039026
0.038884
0.038722
0.038604
0.038483
0.038274
0.038157
0.038010
0.037814
0.037797
0.037572
0.037412
0.037352
0.037238
0.037029
0.036985
0.036907
0.036815
0.036664
0.036528
0.036473
0.036210
0.036126
0.036001
0.035982
0.035861
0.035734
0.035603
0.035376
0.035396
0.035431
0.035299
0.035199
0.035114
0.034947
0.034851
0.034744
0.034713
0.034643
0.034476
0.034445
0.034282
0.034354
0.034198
0.034061
0.034082
0.033935
0.033919
0.033881
0.033815
0.033673
0.033568
0.033562
0.033474
0.033479
0.033401
0.033256
0.033144
0.033160
0.033077
0.033021
0.032975
0.032934
0.032852
0.032789
0.032817
0.032710
0.032577
0.032561
0.032540
0.032466
0.032427
0.032388
0.032448
0.032314
0.032272
0.032213
0.032181
0.032159
0.032075
0.031953
0.031903
0.031874
0.031757
0.031757
0.031819
0.031795
0.031750
0.031592
0.031573
0.031594
0.031465
0.031441
0.031391
0.031388
0.031428
0.031462
0.031306
0.031288
0.031263
0.031254
0.031210
0.031173
0.031141
0.031043
0.031031
0.031044
0.031021
0.030941
0.030892
0.030852
0.030739
0.030786
0.030845
0.030783
0.030678
0.030638
0.030662
0.030662
0.030580
0.030596
0.030601
0.030635
0.030616
0.030487
0.030454
0.030489
0.030402
0.030428
0.030419
0.030386
0.030386
0.030347
0.030329
0.030374
0.030392
0.030381
0.030364
0.030364
0.030322
0.030242
0.030183
0.030204
0.030225
0.030191
0.030121
0.030121
0.030044
0.030044
0.030044
0.030068
0.030046
0.029959
0.029992
0.029977
0.030014
0.030053
0.030068
0.030057
0.029993
0.029903
0.029885
0.029920
0.029871
0.029889
0.029861
0.029813
0.029804
0.029763
0.029703
0.029696
0.029671
0.029707
0.029700
0.029651
0.029697
0.029680
0.029651
0.029651
0.029603
0.029626
0.029626
0.029577
0.029572
0.029628
0.029579
0.029579
0.029526
0.029478
0.029515
0.029466
0.029476
0.029473
0.029473
0.029473
0.029438
0.029438
0.029438
0.029379
0.029404
0.029343
0.029339
0.029300
0.029244
0.029245
0.029313
0.029294
0.029294
0.029248
0.029250
0.029334
0.029321
0.029321
0.029351
0.029337
0.029337
0.029337
0.029288
0.029288
0.029288
0.029194
0.029263
0.029215
0.029204
0.029204
0.029157
0.029164
0.029259
0.029211
0.029242
0.029242
0.029150
0.029152
0.029152
0.029152
0.029136
0.029167
0.029132
0.029091
0.029113
0.029113
0.029067
0.029078
0.029096
0.029092
0.029092
0.029092
0.029046
0.029029
0.029067
0.029055
0.029007
0.029053
0.029053
0.029009
0.029009
0.029009
0.029015
0.028971
0.028969
0.028969
0.029048
0.029005
0.029005
0.029015
0.029035
0.029032
0.029032
0.029032
0.029064
0.029023
0.029023
0.029023
0.029023
0.028983
0.028983
0.028983
0.028983
0.028990
0.029023
0.029023
0.029045
0.029031
0.028993
0.029038
0.029038
0.029038
0.029035
0.029074
0.029074
0.029040
0.029040
0.028965
0.028965
0.028965
0.029011
0.029011
0.029011
0.029011
0.029011
0.029011
0.029011
0.029011
0.028979
0.028979
0.028943
0.028943
0.028977
0.028977
0.028981
0.028981
0.028981
0.028977
0.028977
0.029018
0.028991
0.028991
0.028991
0.029014
0.029063
0.029063
0.029053
0.029053
0.029076
0.029076
0.029076
0.029076
0.029076
0.029076
0.029053
0.029053
0.029053
0.029087
0.029071
0.029118
0.029118
0.029098
0.029113
0.029113
0.029113
0.029113
0.029113
0.029113
0.029078
0.029060
0.029060
0.029095
0.029095
0.029095
0.029080
0.029080
0.029080
0.029080
0.029127
0.029127
0.029125
0.029125
0.029125
0.029125
0.029142
0.029111
0.029111
0.029147
0.029135
0.029135
0.029135
0.029159
0.029163
0.029129
0.029085
0.029085
0.029085
0.029085
0.029085
0.029085
0.029076
0.029071
0.029118
0.029158
0.029194
0.029238
0.029238
0.029238
0.029238
0.029194
0.029194
0.029194
0.029194
0.029189
0.029189
0.029189
0.029189
0.029189
0.029189
0.029232
0.029198
0.029198
0.029222
0.029179
0.029214
0.029251
0.029251
0.029251
0.029267
0.029265
0.029265
0.029265
0.029312
0.029376
0.029376
0.029376
0.029376
0.029376
0.029332
0.029332
0.029332
0.029332
0.029332
0.029332
0.029332
0.029332
0.029366
0.029366
0.029368
0.029368
0.029368
0.029368
0.029368
0.029324
0.029324
0.029324
0.029324
0.029324
0.029324
0.029324
0.029384
0.029387
0.029387
0.029387
0.029387
0.029350
0.029350
0.029350
0.029350
0.029317
0.029273
0.029273
0.029273
0.029322
0.029322
0.029322
0.029322
0.029322
0.029322
0.029322
0.029322
0.029322
0.029322
0.029322
0.029322
0.029322
0.029322
0.029322
0.029322
0.029322
0.029322
0.029339
0.029339
0.029339
0.029339
0.029307
0.029345
0.029345
0.029345
0.029345
0.029345
0.029345
0.029345
0.029369
0.029369
0.029369
0.029369
0.029378
0.029378
0.029396
0.029396
0.029396
0.029396
0.029396
0.029396
0.029396
0.029396
0.029364
0.029364
0.029364
0.029364
0.029364
0.029364
0.029364
0.029364
0.029364
0.029364
0.029328
0.029328
0.029352
0.029352
0.029352
0.029352
0.029370
0.029370
0.029370
0.029370
0.029330
0.029349
0.029349
0.029349
0.029349
0.029349
0.029317
0.029317
0.029317
0.029317
0.029317
0.029317
0.029317
0.029317
0.029317
0.029317
0.029317
0.029317
0.029317
0.029336
0.029336
0.029336
0.029336
0.029336
0.029336
0.029336
0.029336
0.029336
0.029304
0.029318
0.029318
0.029318
0.029318
0.029236
0.029236
0.029236
0.029236
0.029236
0.029236
0.029255
0.029236
0.029236
0.029236
0.029236
0.029236
0.029236
0.029236
0.029236
0.029255
0.029298
0.029298
0.029266
0.029266
0.029266
0.029266
0.029266
0.029192
0.029192
0.029231
0.029231
0.029231
0.029274
0.029274
0.029274
0.029274
0.029274
0.029274
0.029294
0.029294
0.029294
0.029294
0.029294
0.029294
0.029294
0.029294
0.029294
0.029294
0.029294
0.029319
0.029288
0.029288
0.029288
0.029288
0.029288
0.029264
0.029264
0.029219
0.029219
0.029219
0.029219
0.029264
0.029288
0.029288
0.029243
0.029204
0.029204
0.029204
0.029264
0.029264
0.029236
0.029236
0.029236
0.029236
0.029236
0.029261
0.029261
0.029261
0.029221
0.029221
0.029191
0.029191
0.029191
0.029191
0.029191
0.029191
0.029231
0.029231
0.029252
0.029252
0.029252
0.029222
0.029222
0.029200
0.029200
0.029200
0.029200
0.029200
0.029200
0.029240
0.029240
0.029240
0.029240
0.029240
0.029240
0.029240
0.029240
0.029240
0.029240
0.029240
0.029240
0.029240
0.029240
0.029240
0.029240
0.029240
0.029196
0.029196
0.029196
0.029218
0.029218
0.029218
0.029218
0.029218
0.029218
0.029188
0.029188
0.029187
0.029187
0.029187
0.029187
0.029187
0.029187
0.029187
0.029187
0.029187
0.029187
0.029187
0.029187
0.029187
0.029187
0.029187
0.029187
0.029187
0.029187
0.029187
0.029187
0.029187
0.029187
0.029187
0.029210
0.029210
0.029210
0.029210
0.029210
0.029210
0.029210
0.029210
0.029210
0.029210
0.029210
0.029210
0.029183
0.029183
0.029183
0.029183
0.029183
0.029139
0.029139
0.029139
0.029139
0.029139
0.029139
0.029139
0.029139
0.029183
0.029183
0.029139
0.029139
0.029139
0.029139
0.029139
0.029139
0.029163
0.029163
0.029163
0.029163
0.029163
0.029163
0.029206
0.029206
0.029206
0.029206
0.029206
0.029163
0.029163
0.029163
0.029163
0.029163
0.029163
0.029163
0.029163
0.029206
0.029206
0.029206
0.029206
0.029206
0.029177
0.029177
0.029134
0.029134
0.029134
0.029134
0.029134
0.029156
0.029199
0.029199
0.029199
0.029199
0.029199
0.029199
0.029199
0.029199
0.029199
0.029156
0.029156
0.029156
0.029181
0.029181
0.029224
0.029181
0.029181
0.029181
0.029181
0.029181
0.029181
0.029181
0.029181
0.029158
0.029158
0.029158
0.029158
0.029158
0.029158
0.029158
0.029158
0.029158
0.029158
0.029158
0.029158
0.029158
0.029158
0.029158
0.029158
0.029158
0.029158
0.029158
0.029158
0.029158
0.029158
0.029158
0.029183
0.029183
0.029183
0.029183
0.029183
0.029183
0.029183
0.029183
0.029183
0.029183
0.029183
0.029183
0.029154
0.029154
0.029154
0.029154
0.029154
0.029154
0.029154
0.029154
0.029154
0.029154
0.029154
0.029154
0.029154
0.029154
0.029154
0.029154
0.029154
0.029154
0.029154
0.029154
0.029154
0.029112
0.029112
0.029112
0.029112
0.029112
0.029112
0.029112
0.029112
0.029112
0.029112
0.029112
0.029112
0.029112
0.029112
0.029138
0.029138
0.029138
0.029138
0.029138
0.029138
0.029138
0.029138
0.029138
0.029138
0.029138
0.029138
0.029138
0.029138
0.029138
0.029138
0.029138
0.029138
0.029118
0.029118
0.029118
0.029118
0.029118
0.029118
0.029090
0.029090
0.029090
0.029090
0.029090
0.029090
0.029090
0.029090
0.029090
0.029090
0.029090
0.029090
0.029090
0.029090
0.029090
0.029090
0.029090
0.029090
0.029090
0.029090
0.029090
0.029090
0.029090
0.029090
0.029090
0.029116
0.029116
0.029116
0.029116
0.029116
0.029116
0.029116
0.029116
0.029116
0.029116
0.029144
0.029144
0.029144
0.029144
0.029144
0.029144
0.029102
0.029102
0.029102
0.029102
0.029102
0.029074
0.029074
0.029074
0.029074
0.029074
0.029074
0.029074
0.029074
0.029074
0.029074
0.029074
0.029074
0.029074
0.029074
0.029074
0.029074
0.029074
0.029074
0.029074
0.029074
0.029074
0.029074
0.029074
0.029074
0.029074
0.029074
0.029074
0.029074
0.029101
0.029101
0.029101
0.029101
0.029101
0.029101
0.029101
0.029101
0.029101
0.029101
0.029074
0.029074
0.029074
0.029101
0.029073
0.029073
0.029073
0.029073
0.029073
0.029073
0.029073
0.029073
0.029073
0.029073
0.029073
0.029073
0.029073
0.029073
0.029073
0.029073
0.029073
0.029073
0.029073
0.029073
0.029073
0.029073
0.029073
0.029073
0.029073
0.029073
0.029073
0.029073
0.029073
0.029073
0.029073
0.029073
0.029073
0.029073
0.029073
0.029073
0.029073
0.029073
0.029073
0.029073
0.029073
0.029073
0.029073
0.029073
0.029073
0.029073
0.029073
0.029073
0.029073
0.029032
0.029060
0.029060
0.029033
0.029033
0.029033
0.029033
0.029033
0.029033
0.029033
0.029033
0.029073
0.029073
0.029073
0.029033
0.029033
0.029033
0.029033
0.029033
0.029033
0.029033
0.029033
0.029033
0.029033
0.029033
0.029033
0.029033
0.029033
0.029033
0.029033
0.029033
0.029033
0.029033
0.029033
0.029033
0.029008
0.029008
0.029008
0.029008
0.029008
0.029033
0.029033
0.029033
0.029033
0.029033
0.029033
0.029033
0.029033
0.029033
0.029008
0.029008
0.029008
0.029008
0.029008
0.029033
0.029005
0.029005
0.029005
0.029005
0.029005
0.029005
0.029005
0.029005
0.028981
0.028981
0.028981
0.029010
0.029010
0.029076
0.029076
0.029034
0.029005
0.029005
0.029005
0.029005
0.029005
0.028981
0.028981
0.028981
0.029010
0.029010
0.029052
0.029076
0.029076
0.029076
0.029076
0.029076
0.029076
0.029034
0.029034
0.029010
0.029010
0.029010
0.029010
0.029010
0.029052
0.029052
0.029076
0.029076
0.029076
0.029076
0.029076
0.029076
0.029076
0.029052
0.029025
0.028983
0.028983
0.028983
0.029025
0.029025
0.029049
0.029049
0.029049
0.029049
0.029049
0.029049
0.029049
0.029025
0.029025
0.029025
0.029025
0.029025
0.029025
0.029025
0.029049
0.029049
0.029049
0.029049
0.029009
0.029009
0.029009
0.028985
0.028985
0.028985
0.029025
0.029025
0.029025
0.029025
0.029049
0.029049
0.029049
0.029049
0.029049
0.029009
0.029009
0.029014
0.029014
0.029014
0.029014
0.029014
0.028985
0.028985
0.029049
0.029049
0.029049
0.029049
0.029023
0.029023
0.028988
0.028988
0.029014
0.028988
0.028988
0.028988
0.028988
0.028988
0.028988
0.029012
0.029012
0.029012
0.029052
0.029052
0.029028
0.028988
0.028988
0.028988
0.028988
0.028988
0.028988
0.028988
0.028988
0.029012
0.029012
0.029012
0.029012
0.029012
0.028988
0.028988
0.028988
0.028988
0.028988
0.028988
0.028988
0.028988
0.028988
0.029012
0.029012
0.029012
0.029012
0.029012
0.028988
0.028988
0.028988
0.028988
0.028988
0.028988
0.028988
0.028988
0.028988
0.029012
0.029012
0.029012
0.029012
0.029012
0.028988
0.028988
0.028962
0.028962
0.028962
0.028962
0.028962
0.028962
0.028962
0.028962
0.028962
0.028962
0.028962
0.028962
0.028962
0.028962
0.028962
0.028962
0.028962
0.028962
0.028962
0.028962
0.028962
0.028962
0.028962
0.028962
0.028992
0.028992
0.028992
0.028992
0.028992
0.028992
0.028992
0.028962
0.028962
0.028962
0.028962
0.028962
0.028962
0.028962
0.028992
0.028992
0.028992
0.028992
0.028992
0.028992
0.028992
0.028992
0.028992
0.028992
0.028992
0.028992
0.028992
0.028992
0.028992
0.028992
0.028992
0.028992
0.028992
0.028992
0.028992
0.028992
0.028992
0.028992
0.028992
0.028967
0.028967
0.028967
0.028967
0.028967
0.028967
0.028967
0.028967
0.028967
0.029010
0.029010
0.029010
0.029010
0.029010
0.029010
0.028967
0.028967
0.028967
0.028967
0.028967
0.028967
0.028967
0.028967
0.029010
0.029010
0.029010
0.029010
0.029010
0.029010
0.029010
0.029010
0.029010
0.029010
0.029010
0.028967
0.028967
0.029010
0.029010
0.029010
0.029010
0.029010
0.029010
0.029010
0.029010
0.029010
0.029010
0.029010
0.029010
0.029010
0.029010
0.029010
0.029010
0.029010
0.029010
0.029010
0.029010
0.029010
0.029010
0.029040
0.029040
0.029040
0.029040
0.029010
0.029010
0.029010
0.029010
0.029010
0.029010
0.029010
0.029010
0.029010
0.029010
0.029040
0.029040
0.029040
0.029040
0.029040
0.029040
0.029040
0.029040
0.029040
0.029040
0.029040
0.029040
0.029040
0.029040
0.029040
0.029040
0.029040
0.029040
0.029040
0.029040
0.029040
0.029040
0.029040
0.029040
0.029040
0.029040
0.029040
0.029040
0.029040
0.029016
0.029016
0.029040
0.029040
0.029040
0.029040
0.029040
0.029040
0.029040
0.029040
0.029040
0.029016
0.029016
0.029016
0.029016
0.029016
0.029016
0.029016
0.029016
0.029016
0.029016
0.029016
0.029016
0.029016
0.029016
0.029016
0.029016
0.029016
0.029016
0.029016
0.029016
0.029016
0.029016
0.029016
0.029016
0.029016
0.029016
0.029016
0.029016
0.029016
0.029016
0.029016
0.029016
0.029016
0.029016
0.029016
0.029016
0.029016
0.029016
0.029016
0.029016
0.029016
0.029016
0.029016
0.029016
0.029016
0.029016
0.029016
0.029016
0.029016
0.029016
0.029016
0.029016
0.029016
0.029016
0.029016
0.029016
0.029016
0.029016
0.029046
0.029046
0.029046
0.029046
0.029046
0.029016
0.029016
0.029016
0.029016
0.029016
0.029016
0.028992
0.028992
0.029016
0.029046
0.029046
0.029090
0.029090
0.029090
0.029090
0.029090
0.029046
0.029022
0.029022
0.029022
0.029022
0.029022
0.029022
0.029022
0.029022
0.029066
0.029066
0.029066
0.029066
0.029066
0.029066
0.029066
0.029066
0.029066
0.029066
0.029022
0.029022
0.029066
0.029066
0.029066
0.029066
0.029066
0.029066
0.029066
0.029066
0.029066
0.029066
0.029066
0.029066
0.029066
0.029066
0.029066
0.029066
0.029105
0.029105
0.029066
0.029066
0.029066
0.029066
0.029066
0.029066
0.029066
0.029066
0.029066
0.029066
0.029066
0.029066
0.029105
0.029105
0.029105
0.029105
0.029105
0.029066
0.029066
0.029066
0.029066
0.029066
0.029066
0.029066
0.029066
0.029066
0.029066
0.029105
0.029105
0.029082
0.029082
0.029082
0.029082
0.029082
0.029043
0.029066
0.029066
0.029066
0.029066
0.029066
0.029043
0.029043
0.029082
0.029082
0.029082
0.029082
0.029082
0.029082
0.029082
0.029082
0.029043
0.029043
0.029074
0.029074
0.029074
0.029074
0.029074
0.029082
0.029082
0.029082
0.029082
0.029082
0.029082
0.029082
0.029082
0.029082
0.029112
0.029074
0.029074
0.029074
0.029074
0.029074
0.029074
0.029112
0.029112
0.029082
0.029082
0.029082
0.029082
0.029082
0.029082
0.029112
0.029112
0.029112
0.029074
0.029074
0.029112
0.029112
0.029112
0.029112
0.029112
0.029112
0.029112
0.029112
0.029112
0.029112
0.029112
0.029112
0.029112
0.029112
0.029156
0.029156
0.029156
0.029156
0.029156
0.029112
0.029112
0.029089
0.029089
0.029089
0.029089
0.029089
0.029089
0.029089
0.029134
0.029156
0.029156
0.029156
0.029156
0.029134
0.029134
0.029134
0.029089
0.029089
0.029089
0.029089
0.029089
0.029089
0.029089
0.029134
0.029134
0.029134
0.029134
0.029134
0.029134
0.029134
0.029134
0.029134
0.029134
0.029134
0.029134
0.029134
0.029134
0.029134
0.029134
0.029134
0.029134
0.029134
0.029134
0.029134
0.029134
0.029134
0.029134
0.029134
0.029134
0.029134
0.029134
0.029134
0.029134
0.029134
0.029134
0.029134
0.029134
0.029134
0.029134
0.029134
0.029134
0.029134
0.029134
0.029134
0.029134
0.029134
0.029134
0.029134
0.029134
0.029134
0.029134
0.029134
0.029165
0.029165
0.029165
0.029165
0.029165
0.029165
0.029165
0.029165
0.029165
0.029112
0.029112
0.029112
0.029112
0.029112
0.029112
0.029143
0.029143
0.029165
0.029165
0.029165
0.029165
0.029143
0.029143
0.029143
0.029143
0.029143
0.029143
0.029143
0.029143
0.029143
0.029143
0.029143
0.029143
0.029143
0.029143
0.029143
0.029143
0.029143
0.029143
0.029143
0.029143
0.029143
0.029143
0.029143
0.029143
0.029143
0.029143
0.029143
0.029143
