1.888101
1.738273
1.603505
1.516272
1.474216
1.459639
1.456673
1.456515
1.456457
1.456154
1.455472
1.454492
1.453361
1.451925
1.450512
1.449433
1.448396
1.447327
1.446192
1.445063
1.444130
1.443013
1.441701
1.440351
1.438666
1.437386
1.435772
1.434383
1.433067
1.431697
1.430314
1.428894
1.427460
1.425833
1.424118
1.422274
1.420636
1.418796
1.417009
1.415298
1.413414
1.411401
1.409661
1.407700
1.405928
1.404180
1.402511
1.400637
1.399023
1.397544
1.395969
1.394023
1.392237
1.390497
1.388606
1.386683
1.384807
1.382724
1.380526
1.378446
1.376209
1.374023
1.372044
1.369625
1.367296
1.364814
1.362297
1.359822
1.357228
1.354867
1.352464
1.350426
1.348187
1.346341
1.344519
1.343288
1.341641
1.339841
1.338284
1.336719
1.335221
1.333816
1.332561
1.330525
1.328060
1.325365
1.322766
1.319766
1.316977
1.314137
1.311024
1.308780
1.306802
1.305089
1.303380
1.301668
1.300020
1.298324
1.296610
1.294476
1.292312
1.290257
1.287623
1.284523
1.281480
1.278143
1.274845
1.271533
1.268208
1.264936
1.262016
1.259709
1.257511
1.255426
1.253325
1.251596
1.249599
1.247329
1.245095
1.242857
1.240763
1.238451
1.236089
1.233627
1.231129
1.228799
1.226447
1.224251
1.222219
1.220198
1.218280
1.216588
1.214592
1.212589
1.210574
1.208407
1.206344
1.204124
1.202081
1.200001
1.197633
1.195115
1.192087
1.189416
1.186358
1.183524
1.180392
1.178017
1.175734
1.173640
1.171684
1.169814
1.168292
1.166776
1.165310
1.163588
1.161944
1.160185
1.158003
1.155605
1.152789
1.150074
1.147535
1.145029
1.142150
1.139755
1.137349
1.134638
1.132375
1.130130
1.128210
1.126115
1.124055
1.122059
1.120104
1.117813
1.115750
1.113238
1.110881
1.108237
1.105647
1.102888
1.100299
1.097536
1.094993
1.092675
1.090248
1.087892
1.085463
1.083053
1.080897
1.078937
1.077016
1.075002
1.072842
1.070711
1.068467
1.066240
1.063820
1.061709
1.059465
1.057254
1.055000
1.052522
1.050347
1.047888
1.045228
1.042836
1.040699
1.038180
1.035447
1.033087
1.030468
1.027449
1.025160
1.022613
1.020092
1.017410
1.014796
1.012246
1.009647
1.006865
1.003930
1.000865
0.997641
0.994558
0.991551
0.988514
0.985718
0.983046
0.980221
0.977608
0.975150
0.972872
0.970488
0.967744
0.965140
0.962270
0.959275
0.956686
0.953907
0.950844
0.948130
0.945257
0.942478
0.939562
0.936897
0.934470
0.932108
0.929679
0.927386
0.925139
0.922780
0.920437
0.918000
0.915539
0.913224
0.910831
0.908177
0.905763
0.903069
0.900564
0.898150
0.895494
0.892965
0.890213
0.887653
0.885000
0.882590
0.879963
0.877475
0.874681
0.871543
0.868167
0.865235
0.862042
0.858951
0.855822
0.852802
0.849579
0.846268
0.842953
0.839830
0.836711
0.833866
0.831065
0.827979
0.824648
0.821494
0.818237
0.814968
0.811675
0.808637
0.805320
0.802261
0.799269
0.796326
0.793874
0.792116
0.790744
0.789537
0.788758
0.787894
0.787124
0.785810
0.784238
0.781971
0.779388
0.776797
0.773974
0.771166
0.768088
0.764938
0.762257
0.759341
0.756369
0.753382
0.750415
0.747523
0.744341
0.741548
0.739200
0.737348
0.735985
0.734861
0.733571
0.732593
0.731436
0.730291
0.729101
0.727352
0.724902
0.722462
0.719782
0.716751
0.713924
0.711148
0.708506
0.705966
0.703292
0.700745
0.698191
0.695455
0.692793
0.690154
0.687666
0.685483
0.683318
0.681894
0.680389
0.679206
0.678120
0.677065
0.675745
0.674328
0.672327
0.669972
0.667600
0.664903
0.662292
0.659961
0.657150
0.654604
0.652077
0.649457
0.646749
0.644269
0.641699
0.639207
0.636751
0.634322
0.631737
0.629291
0.627139
0.625158
0.623627
0.621898
0.620197
0.618525
0.617375
0.616098
0.614274
0.612467
0.610230
0.607791
0.605464
0.602972
0.600398
0.597868
0.595400
0.592882
0.590436
0.588027
0.585541
0.583307
0.580814
0.578315
0.575566
0.573188
0.570652
0.568111
0.565729
0.563113
0.560377
0.557957
0.555496
0.553254
0.551299
0.549450
0.547634
0.545646
0.543650
0.541779
0.539675
0.537647
0.535362
0.533101
0.530881
0.528251
0.526033
0.523478
0.521469
0.519470
0.516962
0.514532
0.512231
0.510082
0.507599
0.505415
0.503504
0.501301
0.498810
0.496469
0.494385
0.492606
0.490527
0.488137
0.485889
0.484126
0.482149
0.479782
0.477272
0.475142
0.473400
0.471343
0.468798
0.466558
0.464323
0.461915
0.459940
0.458786
0.457087
0.454828
0.453277
0.451776
0.449787
0.447809
0.445620
0.443658
0.441533
0.439431
0.437413
0.435371
0.433456
0.431298
0.429273
0.427389
0.425223
0.423383
0.421526
0.419397
0.417461
0.415499
0.413613
0.411682
0.409905
0.408093
0.406192
0.404450
0.402717
0.400835
0.398923
0.397028
0.395186
0.393291
0.391446
0.389444
0.387621
0.385843
0.384028
0.382284
0.380547
0.378779
0.376927
0.375070
0.373230
0.371492
0.369692
0.367896
0.365970
0.364242
0.362520
0.360625
0.358920
0.357125
0.355437
0.353617
0.351981
0.350346
0.348659
0.346907
0.345017
0.343079
0.341227
0.339450
0.337597
0.335892
0.334026
0.332082
0.330333
0.328666
0.326865
0.325172
0.323245
0.321601
0.319900
0.318244
0.316620
0.314830
0.313253
0.311560
0.310081
0.308364
0.306844
0.305280
0.303521
0.302023
0.300695
0.299047
0.297540
0.296015
0.294521
0.292981
0.291509
0.290069
0.288503
0.287277
0.285773
0.284242
0.282848
0.281459
0.279996
0.278485
0.277185
0.275723
0.274288
0.272916
0.271431
0.270049
0.268617
0.267252
0.265798
0.264344
0.262960
0.261650
0.260337
0.258831
0.257310
0.255975
0.254420
0.253091
0.251715
0.250209
0.248776
0.247340
0.245909
0.244333
0.242957
0.241507
0.240013
0.238478
0.237132
0.235500
0.233867
0.232581
0.231066
0.229559
0.228054
0.226538
0.224926
0.223516
0.221908
0.220414
0.218897
0.217396
0.215706
0.214078
0.212596
0.211060
0.209443
0.207851
0.206202
0.204690
0.203009
0.201413
0.199837
0.198147
0.196554
0.194973
0.193426
0.191730
0.190030
0.188386
0.186861
0.185215
0.183550
0.181950
0.180332
0.178645
0.177012
0.175455
0.173797
0.172207
0.170668
0.169037
0.167476
0.165773
0.164212
0.162525
0.160832
0.159418
0.157822
0.156304
0.154755
0.153191
0.151594
0.150049
0.148661
0.147047
0.145624
0.144110
0.142790
0.141449
0.139986
0.138594
0.137258
0.136022
0.134766
0.133583
0.132087
0.130896
0.129716
0.128617
0.127447
0.126224
0.125156
0.124044
0.123066
0.121878
0.120720
0.119837
0.118833
0.117806
0.116925
0.115915
0.114978
0.114133
0.113098
0.112293
0.111446
0.110599
0.109653
0.108814
0.108098
0.107366
0.106538
0.105769
0.104995
0.104291
0.103566
0.102855
0.102174
0.101393
0.100846
0.100099
0.099404
0.098767
0.098108
0.097454
0.096913
0.096264
0.095611
0.095156
0.094512
0.093874
0.093357
0.092795
0.092231
0.091672
0.091033
0.090608
0.089950
0.089506
0.088937
0.088601
0.088030
0.087606
0.087038
0.086454
0.086078
0.085581
0.085101
0.084620
0.084134
0.083698
0.083224
0.082890
0.082369
0.081922
0.081437
0.080981
0.080530
0.080075
0.079774
0.079311
0.078848
0.078472
0.078143
0.077709
0.077211
0.076869
0.076504
0.076126
0.075689
0.075275
0.074967
0.074565
0.074032
0.073645
0.073195
0.072833
0.072508
0.071944
0.071694
0.071351
0.071086
0.070660
0.070346
0.069933
0.069588
0.069314
0.068921
0.068469
0.068150
0.067689
0.067359
0.067052
0.066639
0.066321
0.066010
0.065711
0.065333
0.064950
0.064626
0.064314
0.064112
0.063678
0.063369
0.062950
0.062613
0.062249
0.062024
0.061688
0.061356
0.061048
0.060806
0.060524
0.060130
0.059883
0.059537
0.059219
0.058918
0.058612
0.058268
0.058037
0.057742
0.057389
0.057125
0.056766
0.056612
0.056354
0.056158
0.055818
0.055488
0.055226
0.055033
0.054688
0.054447
0.054181
0.054024
0.053604
0.053304
0.053070
0.052849
0.052634
0.052401
0.052192
0.051942
0.051703
0.051493
0.051181
0.050989
0.050817
0.050566
0.050339
0.050181
0.049900
0.049639
0.049333
0.049155
0.048998
0.048805
0.048633
0.048449
0.048256
0.048072
0.047853
0.047662
0.047542
0.047333
0.047148
0.046862
0.046757
0.046563
0.046423
0.046189
0.046073
0.045822
0.045677
0.045607
0.045466
0.045380
0.045230
0.045093
0.044976
0.044756
0.044656
0.044427
0.044294
0.044147
0.044038
0.043821
0.043813
0.043615
0.043442
0.043292
0.043202
0.043127
0.042983
0.042927
0.042805
0.042636
0.042530
0.042419
0.042340
0.042243
0.042120
0.042050
0.041919
0.041831
0.041788
0.041664
0.041465
0.041385
0.041319
0.041189
0.041059
0.040921
0.040953
0.040905
0.040715
0.040629
0.040413
0.040458
0.040434
0.040265
0.040159
0.040114
0.040047
0.039992
0.039963
0.039832
0.039800
0.039685
0.039675
0.039541
0.039508
0.039462
0.039413
0.039338
0.039263
0.039092
0.039054
0.038975
0.038861
0.038807
0.038778
0.038766
0.038699
0.038532
0.038558
0.038413
0.038349
0.038379
0.038208
0.038130
0.038101
0.038067
0.038071
0.037950
0.037959
0.037888
0.037832
0.037680
0.037601
0.037587
0.037552
0.037424
0.037318
0.037318
0.037303
0.037272
0.037183
0.037157
0.037064
0.037008
0.037036
0.037023
0.036967
0.036895
0.036875
0.036813
0.036814
0.036737
0.036703
0.036709
0.036720
0.036535
0.036482
0.036373
0.036336
0.036319
0.036219
0.036207
0.036202
0.036170
0.036204
0.036185
0.036044
0.035975
0.035900
0.035836
0.035787
0.035683
0.035654
0.035654
0.035597
0.035587
0.035531
0.035481
0.035452
0.035375
0.035301
0.035292
0.035256
0.035181
0.035119
0.035005
0.035024
0.035024
0.034989
0.034989
0.034914
0.034874
0.034712
0.034811
0.034778
0.034729
0.034729
0.034614
0.034587
0.034558
0.034558
0.034432
0.034432
0.034357
0.034379
0.034357
0.034298
0.034298
0.034251
0.034154
0.034080
0.034054
0.034054
0.034076
0.034064
0.033979
0.034020
0.033877
0.033865
0.033826
0.033807
0.033778
0.033741
0.033702
0.033643
0.033689
0.033594
0.033590
0.033590
0.033547
0.033561
0.033537
0.033509
0.033534
0.033535
0.033493
0.033417
0.033351
0.033331
0.033331
0.033278
0.033278
0.033273
0.033247
0.033247
0.033206
0.033164
0.033066
0.033054
0.033054
0.033017
0.033023
0.032981
0.032981
0.032984
0.032950
0.032950
0.032916
0.032814
0.032757
0.032767
0.032767
0.032767
0.032726
0.032715
0.032647
0.032575
0.032575
0.032567
0.032542
0.032542
0.032518
0.032478
0.032445
0.032411
0.032404
0.032404
0.032377
0.032406
0.032440
0.032377
0.032335
0.032303
0.032269
0.032247
0.032247
0.032247
0.032247
0.032220
0.032141
0.032110
0.032079
0.032071
0.032017
0.031979
0.031944
0.031961
0.031986
0.031947
0.031877
0.031804
0.031766
0.031785
0.031746
0.031746
0.031746
0.031746
0.031724
0.031663
0.031656
0.031656
0.031618
0.031561
0.031533
0.031533
0.031533
0.031526
0.031501
0.031463
0.031421
0.031421
0.031367
0.031367
0.031367
0.031303
0.031303
0.031310
0.031288
0.031358
0.031358
0.031378
0.031360
0.031360
0.031332
0.031300
0.031300
0.031300
0.031315
0.031286
0.031259
0.031179
0.031179
0.031179
0.031147
0.031150
0.031172
0.031172
0.031172
0.031099
0.031099
0.031099
0.031099
0.031059
0.031089
0.031092
0.031066
0.031020
0.031053
0.031053
0.031037
0.031037
0.031006
0.030979
0.030936
0.030873
0.030839
0.030834
0.030834
0.030864
0.030822
0.030799
0.030799
0.030787
0.030787
0.030827
0.030793
0.030766
0.030721
0.030666
0.030666
0.030624
0.030624
0.030624
0.030655
0.030656
0.030648
0.030648
0.030648
0.030614
0.030614
0.030614
0.030605
0.030579
0.030579
0.030579
0.030588
0.030588
0.030588
0.030611
0.030611
0.030637
0.030589
0.030502
0.030502
0.030480
0.030454
0.030454
0.030413
0.030396
0.030352
0.030352
0.030352
0.030352
0.030352
0.030352
0.030365
0.030332
0.030331
0.030373
0.030373
0.030314
0.030314
0.030279
0.030279
0.030279
0.030212
0.030251
0.030251
0.030213
0.030198
0.030159
0.030159
0.030159
0.030140
0.030140
0.030111
0.030062
0.030022
0.030022
0.030022
0.030057
0.030057
0.030034
0.030034
0.030034
0.030032
0.030032
0.030032
0.030032
0.030032
0.030005
0.030049
0.030049
0.030049
0.030049
0.030049
0.030049
0.030049
0.030021
0.030021
0.029992
0.029971
0.029932
0.029932
0.029932
0.029952
0.029909
0.029894
0.029855
0.029820
0.029858
0.029858
0.029858
0.029858
0.029815
0.029815
0.029815
0.029815
0.029815
0.029815
0.029815
0.029815
0.029731
0.029714
0.029714
0.029675
0.029675
0.029714
0.029714
0.029714
0.029714
0.029698
0.029733
0.029733
0.029698
0.029663
0.029663
0.029616
0.029616
0.029647
0.029603
0.029603
0.029571
0.029607
0.029607
0.029645
0.029572
0.029560
0.029560
0.029560
0.029560
0.029560
0.029502
0.029502
0.029534
0.029534
0.029534
0.029508
0.029508
0.029477
0.029477
0.029477
0.029504
0.029504
0.029504
0.029468
0.029468
0.029429
0.029391
0.029391
0.029422
0.029352
0.029352
0.029352
0.029390
0.029355
0.029324
0.029324
0.029324
0.029337
0.029299
0.029299
0.029299
0.029299
0.029230
0.029262
0.029262
0.029262
0.029262
0.029262
0.029262
0.029262
0.029164
0.029164
0.029164
0.029164
0.029141
0.029141
0.029141
0.029141
0.029141
0.029165
0.029165
0.029129
0.029129
0.029129
0.029129
0.029098
0.029098
0.029023
0.029023
0.029023
0.029023
0.029005
0.029005
0.029005
0.029036
0.029036
0.029036
0.028972
0.028949
0.028914
0.028987
0.028987
0.028978
0.028947
0.028912
0.028912
0.028879
0.028879
0.028879
0.028879
0.028910
0.028879
0.028876
0.028876
0.028908
0.028863
0.028846
0.028850
0.028850
0.028850
0.028819
0.028819
0.028787
0.028787
0.028787
0.028819
0.028866
0.028783
0.028736
0.028768
0.028768
0.028768
0.028768
0.028768
0.028806
0.028774
0.028711
0.028711
0.028742
0.028682
0.028682
0.028714
0.028618
0.028618
0.028591
0.028591
0.028591
0.028591
0.028591
0.028591
0.028591
0.028585
0.028598
0.028578
0.028611
0.028611
0.028562
0.028514
0.028476
0.028474
0.028442
0.028424
0.028380
0.028380
0.028380
0.028393
0.028393
0.028393
0.028431
0.028431
0.028431
0.028431
0.028384
0.028302
0.028302
0.028302
0.028273
0.028273
0.028320
0.028320
0.028320
0.028320
0.028320
0.028305
0.028261
0.028299
0.028299
0.028299
0.028261
0.028264
0.028264
0.028264
0.028264
0.028264
0.028264
0.028194
0.028194
0.028194
0.028166
0.028166
0.028166
0.028166
0.028166
0.028166
0.028166
0.028166
0.028150
0.028092
0.028092
0.028092
0.028124
0.028092
0.028092
0.028092
0.028092
0.028092
0.028092
0.028092
0.028049
0.028049
0.028049
0.028024
0.028024
0.028024
0.028056
0.028043
0.028043
0.028043
0.028043
0.028011
0.027968
0.027968
0.027968
0.027968
0.027968
0.027955
0.027955
0.027955
0.027955
0.027955
0.027987
0.027950
0.027943
0.027901
0.027982
0.027982
0.027949
0.027928
0.027946
0.027946
0.027946
0.027919
0.027919
0.027869
0.027869
0.027901
0.027858
0.027821
0.027821
0.027821
0.027821
0.027858
0.027826
0.027814
0.027814
0.027814
0.027814
0.027814
0.027814
0.027814
0.027760
0.027793
0.027755
0.027755
0.027755
0.027755
0.027755
0.027742
0.027778
0.027710
0.027710
0.027710
0.027710
0.027741
0.027741
0.027701
0.027733
0.027695
0.027680
0.027687
0.027687
0.027722
0.027722
0.027708
0.027746
0.027713
0.027704
0.027704
0.027704
0.027666
0.027666
0.027666
0.027659
0.027660
0.027660
0.027660
0.027660
0.027660
0.027660
0.027660
0.027697
0.027643
0.027611
0.027586
0.027586
0.027586
0.027586
0.027618
0.027645
0.027608
0.027570
0.027570
0.027570
0.027570
0.027570
0.027531
0.027568
0.027568
0.027568
0.027536
0.027536
0.027536
0.027536
0.027607
0.027607
0.027570
0.027562
0.027562
0.027527
0.027527
0.027527
0.027527
0.027490
0.027493
0.027493
0.027493
0.027493
0.027532
0.027532
0.027532
0.027456
0.027456
0.027490
0.027490
0.027478
0.027478
0.027478
0.027444
0.027478
0.027516
0.027516
0.027516
0.027516
0.027481
0.027475
0.027475
0.027425
0.027390
0.027390
0.027390
0.027424
0.027424
0.027424
0.027374
0.027374
0.027411
0.027411
0.027411
0.027411
0.027377
0.027421
0.027421
0.027362
0.027396
0.027396
0.027396
0.027396
0.027396
0.027396
0.027396
0.027396
0.027431
0.027431
0.027421
0.027421
0.027421
0.027421
0.027421
0.027384
0.027384
0.027384
0.027350
0.027350
0.027350
0.027350
0.027350
0.027350
0.027388
0.027388
0.027388
0.027388
0.027388
0.027380
0.027380
0.027343
0.027343
0.027343
0.027343
0.027343
0.027343
0.027343
0.027343
0.027343
0.027368
0.027368
0.027368
0.027368
0.027368
0.027368
0.027368
0.027330
0.027330
0.027330
0.027330
0.027330
0.027330
0.027330
0.027330
0.027366
0.027403
0.027403
0.027403
0.027403
0.027403
0.027403
0.027403
0.027366
0.027366
0.027366
0.027366
0.027366
0.027366
0.027334
0.027334
0.027334
0.027371
0.027371
0.027371
0.027408
0.027341
0.027388
0.027388
0.027351
0.027351
0.027382
0.027334
0.027334
0.027334
0.027316
0.027305
0.027364
0.027438
0.027407
0.027407
0.027407
0.027396
0.027396
0.027396
0.027359
0.027353
0.027353
0.027386
0.027386
0.027386
0.027353
0.027322
0.027359
0.027396
0.027396
0.027396
0.027396
0.027396
0.027396
0.027396
0.027359
0.027359
0.027359
0.027392
0.027392
0.027392
0.027359
0.027359
0.027359
0.027396
0.027396
0.027396
0.027396
0.027383
0.027383
0.027383
0.027339
0.027339
0.027339
0.027372
0.027372
0.027372
0.027372
0.027339
0.027339
0.027377
0.027377
0.027377
0.027377
0.027377
0.027377
0.027377
0.027339
0.027339
0.027339
0.027372
0.027372
0.027372
0.027372
0.027339
0.027339
0.027377
0.027377
0.027367
0.027367
0.027367
0.027367
0.027367
0.027339
0.027339
0.027388
0.027421
0.027411
0.027411
0.027411
0.027379
0.027379
0.027416
0.027383
0.027383
0.027383
0.027383
0.027383
0.027383
0.027379
0.027379
0.027379
0.027411
0.027411
0.027411
0.027411
0.027379
0.027346
0.027383
0.027383
0.027383
0.027383
0.027383
0.027383
0.027383
0.027383
0.027346
0.027346
0.027379
0.027370
0.027370
0.027370
0.027337
0.027375
0.027375
0.027383
0.027383
0.027383
0.027383
0.027383
0.027375
0.027366
0.027329
0.027329
0.027362
0.027362
0.027362
0.027362
0.027329
0.027415
0.027415
0.027415
0.027402
0.027402
0.027402
0.027402
0.027402
0.027402
0.027364
0.027364
0.027397
0.027397
0.027397
0.027441
0.027409
0.027446
0.027446
0.027446
0.027446
0.027446
0.027446
0.027446
0.027446
0.027446
0.027409
0.027409
0.027441
0.027441
0.027441
0.027441
0.027409
0.027446
0.027446
0.027446
0.027446
0.027446
0.027446
0.027446
0.027495
0.027495
0.027457
0.027457
0.027490
0.027490
0.027490
0.027490
0.027457
0.027495
0.027532
0.027532
0.027532
0.027532
0.027532
0.027540
0.027540
0.027540
0.027540
0.027465
0.027498
0.027498
0.027498
0.027535
0.027540
0.027540
0.027540
0.027540
0.027540
0.027540
0.027588
0.027588
0.027588
0.027588
0.027588
0.027551
0.027584
0.027584
0.027584
0.027584
0.027550
0.027550
0.027550
0.027550
0.027550
0.027588
0.027588
0.027588
0.027588
0.027588
0.027588
0.027551
0.027546
0.027546
0.027546
0.027546
0.027599
0.027599
0.027599
0.027637
0.027645
0.027645
0.027645
0.027645
0.027645
0.027607
0.027599
0.027599
0.027594
0.027594
0.027594
0.027602
0.027607
0.027607
0.027655
0.027694
0.027655
0.027655
0.027655
0.027655
0.027655
0.027655
0.027655
0.027655
0.027651
0.027651
0.027651
0.027688
0.027655
0.027664
0.027664
0.027664
0.027664
0.027664
0.027664
0.027655
0.027655
0.027655
0.027664
0.027664
0.027745
0.027745
0.027745
0.027745
0.027713
0.027713
0.027713
0.027713
0.027713
0.027713
0.027713
0.027713
0.027713
0.027713
0.027722
0.027722
0.027772
0.027772
0.027772
0.027772
0.027740
0.027770
0.027738
0.027738
0.027738
0.027738
0.027738
0.027738
0.027738
0.027717
0.027749
0.027798
0.027830
0.027830
0.027830
0.027830
0.027796
0.027796
0.027796
0.027796
0.027796
0.027796
0.027796
0.027776
0.027776
0.027776
0.027776
0.027776
0.027809
0.027809
0.027809
0.027839
0.027807
0.027845
0.027845
0.027845
0.027862
0.027873
0.027873
0.027918
0.027918
0.027918
0.027918
0.027918
0.027951
0.027951
0.027951
0.027951
0.027918
0.027918
0.027930
0.027930
0.027978
0.027978
0.028016
0.027978
0.027978
0.027978
0.027978
0.027978
0.028011
0.028011
0.028011
0.027990
0.027990
0.027990
0.027985
0.028033
0.028070
0.028083
0.028083
0.028045
0.028045
0.028033
0.028045
0.028045
0.028078
0.028078
0.028078
0.028045
0.028045
0.028059
0.028059
0.028059
0.028096
0.028096
0.028096
0.028096
0.028059
0.028059
0.028059
0.028059
0.028091
0.028153
0.028153
0.028120
0.028120
0.028120
0.028120
0.028158
0.028158
0.028158
0.028158
0.028158
0.028120
0.028120
0.028135
0.028135
0.028215
0.028215
0.028215
0.028182
0.028182
0.028182
0.028182
0.028220
0.028220
0.028235
0.028235
0.028235
0.028197
0.028197
0.028197
0.028197
0.028245
0.028245
0.028245
0.028213
0.028213
0.028213
0.028204
0.028242
0.028245
0.028245
0.028245
0.028292
0.028270
0.028270
0.028270
0.028270
0.028303
0.028303
0.028303
0.028270
0.028270
0.028270
0.028270
0.028308
0.028308
0.028324
0.028324
0.028371
0.028371
0.028333
0.028333
0.028333
0.028319
0.028319
0.028319
0.028287
0.028287
0.028287
0.028388
0.028426
0.028426
0.028426
0.028426
0.028426
0.028426
0.028350
0.028350
0.028350
0.028383
0.028383
0.028401
0.028368
0.028406
0.028406
0.028444
0.028490
0.028490
0.028490
0.028508
0.028508
0.028444
0.028406
0.028406
0.028425
0.028457
0.028457
0.028503
0.028471
0.028471
0.028471
0.028508
0.028527
0.028527
0.028527
0.028527
0.028508
0.028527
0.028486
0.028486
0.028486
0.028518
0.028518
0.028518
0.028486
0.028486
0.028505
0.028542
0.028542
0.028542
0.028523
0.028542
0.028542
0.028542
0.028505
0.028505
0.028505
0.028583
0.028583
0.028583
0.028551
0.028570
0.028570
0.028588
0.028511
0.028511
0.028511
0.028531
0.028562
0.028608
0.028608
0.028570
0.028570
0.028570
0.028603
0.028603
0.028570
0.028570
0.028576
0.028576
0.028576
0.028576
0.028576
0.028596
0.028596
0.028596
0.028596
0.028559
0.028559
0.028559
0.028559
0.028559
0.028559
0.028559
0.028596
0.028596
0.028596
0.028596
0.028642
0.028663
0.028708
0.028708
0.028708
0.028670
0.028670
0.028625
0.028625
0.028586
0.028586
0.028586
0.028624
0.028663
0.028708
0.028708
0.028708
0.028708
0.028708
0.028708
0.028708
0.028631
0.028631
0.028631
0.028631
0.028631
0.028631
0.028631
0.028728
0.028728
0.028728
0.028728
0.028728
0.028727
0.028727
0.028689
0.028689
0.028651
0.028651
0.028651
0.028651
0.028651
0.028651
0.028690
0.028727
0.028727
0.028727
0.028727
0.028689
0.028689
0.028689
0.028689
0.028689
0.028689
0.028651
0.028651
0.028651
0.028672
0.028711
0.028749
0.028788
0.028788
0.028749
0.028749
0.028728
0.028728
0.028728
0.028728
0.028728
0.028749
0.028711
0.028711
0.028756
0.028801
0.028801
0.028839
0.028794
0.028794
0.028794
0.028794
0.028794
0.028794
0.028794
0.028794
0.028794
0.028839
0.028801
0.028801
0.028801
0.028801
0.028801
0.028794
0.028794
0.028794
0.028788
0.028788
0.028788
0.028788
0.028833
0.028833
0.028833
0.028833
0.028834
0.028797
0.028797
0.028797
0.028752
0.028789
0.028789
0.028789
0.028789
0.028834
0.028834
0.028834
0.028834
0.028834
0.028834
0.028834
0.028834
0.028797
0.028797
0.028797
0.028834
0.028834
0.028834
0.028834
0.028834
0.028834
0.028856
0.028902
0.028902
0.028902
0.028880
0.028880
0.028880
0.028880
0.028880
0.028880
0.028880
0.028880
0.028880
0.028902
0.028902
0.028902
0.028902
0.028902
0.028902
0.028880
0.028880
0.028880
0.028880
0.028880
0.028880
0.028880
0.028880
0.028902
0.028905
0.028905
0.028905
0.028905
0.028905
0.028883
0.028883
0.028883
0.028883
0.028883
0.028883
0.028883
0.028883
0.028905
0.028905
0.028905
0.028905
0.028905
0.028905
0.028883
0.028883
0.028883
0.028883
0.028883
0.028883
0.028883
0.028883
0.028905
0.028905
0.028905
0.028905
0.028905
0.028905
0.028883
0.028883
0.028883
0.028883
0.028883
0.028883
0.028883
0.028883
0.028905
0.028905
0.028905
0.028910
0.028910
0.028910
0.028889
0.028858
0.028858
0.028858
0.028858
