1.710965
1.567658
1.442757
1.365388
1.329716
1.318154
1.316539
1.317399
1.317723
1.317539
1.317404
1.317066
1.316691
1.316285
1.315808
1.315238
1.314358
1.314137
1.313795
1.313683
1.313077
1.312611
1.311922
1.310638
1.309230
1.307591
1.305948
1.303690
1.301744
1.300090
1.298309
1.297004
1.295194
1.293831
1.291865
1.290102
1.288517
1.286981
1.285491
1.283678
1.281842
1.280001
1.278129
1.276515
1.274790
1.273097
1.271182
1.269387
1.267409
1.265355
1.263397
1.261170
1.258876
1.256754
1.254833
1.253030
1.251146
1.249966
1.248540
1.247127
1.246133
1.244612
1.242774
1.240267
1.237758
1.234877
1.231922
1.229280
1.226703
1.224228
1.221646
1.218872
1.216200
1.213320
1.210491
1.207545
1.204480
1.201712
1.198737
1.195337
1.192365
1.189027
1.186053
1.183547
1.181362
1.179260
1.177274
1.175818
1.174555
1.173583
1.172754
1.171488
1.169203
1.166657
1.163672
1.160367
1.157175
1.153856
1.150469
1.147200
1.143508
1.139956
1.136428
1.132952
1.129441
1.126010
1.122492
1.118920
1.115148
1.111601
1.107765
1.104008
1.100104
1.096257
1.092565
1.089236
1.085491
1.081804
1.078339
1.075047
1.071574
1.068575
1.065370
1.061827
1.058346
1.055194
1.053192
1.050580
1.048140
1.046312
1.043837
1.040851
1.038016
1.035002
1.031784
1.028568
1.025034
1.021766
1.018594
1.015594
1.012475
1.009007
1.006032
1.002891
0.999776
0.996586
0.993361
0.990249
0.987037
0.983789
0.980472
0.977096
0.974034
0.970931
0.967612
0.964404
0.961210
0.957928
0.955015
0.951902
0.948728
0.945607
0.942371
0.939316
0.935979
0.933011
0.929891
0.927014
0.923839
0.920733
0.917525
0.914396
0.911265
0.908268
0.905156
0.902025
0.898914
0.895719
0.892627
0.889620
0.886649
0.883420
0.880389
0.877110
0.874061
0.870807
0.867648
0.864527
0.861593
0.858322
0.855081
0.851889
0.848820
0.845706
0.842370
0.839357
0.836219
0.833093
0.829704
0.826308
0.822895
0.819517
0.816325
0.812872
0.809584
0.806100
0.802647
0.799541
0.796256
0.792825
0.789732
0.786270
0.782917
0.779319
0.776092
0.772709
0.769444
0.765824
0.762297
0.758753
0.755303
0.751860
0.748356
0.744738
0.741355
0.737700
0.734183
0.730637
0.727189
0.723727
0.720207
0.716615
0.713166
0.709633
0.706209
0.702751
0.699457
0.695983
0.692462
0.688996
0.685474
0.681871
0.678323
0.674837
0.671296
0.667736
0.664221
0.660554
0.657110
0.653556
0.650057
0.646513
0.642971
0.639398
0.635932
0.632474
0.629141
0.625605
0.622199
0.618933
0.615536
0.612098
0.608833
0.605607
0.602164
0.598714
0.595314
0.591856
0.588602
0.585149
0.581680
0.578100
0.574701
0.571105
0.567839
0.564528
0.561241
0.557625
0.554339
0.551127
0.547766
0.544388
0.541208
0.537851
0.534706
0.531376
0.528215
0.525135
0.522187
0.519291
0.515947
0.513088
0.510067
0.506967
0.503824
0.501340
0.498267
0.495381
0.492380
0.489450
0.486688
0.483746
0.480877
0.477883
0.475105
0.472271
0.469436
0.466729
0.463946
0.461261
0.458359
0.455675
0.452892
0.450250
0.447509
0.445049
0.442360
0.439498
0.436815
0.434093
0.431480
0.428902
0.426409
0.423574
0.420936
0.418388
0.415851
0.413109
0.410477
0.407715
0.405150
0.402682
0.400229
0.397561
0.394901
0.392374
0.389854
0.387155
0.384604
0.381967
0.379248
0.376662
0.374128
0.371433
0.369005
0.366398
0.363898
0.361334
0.358803
0.356242
0.353796
0.351396
0.349012
0.346695
0.344268
0.341790
0.339470
0.336961
0.334705
0.332248
0.329846
0.327736
0.325449
0.323021
0.320780
0.318380
0.316019
0.313743
0.311530
0.309338
0.307038
0.304784
0.302577
0.300243
0.298278
0.296228
0.294186
0.291969
0.289842
0.287578
0.285407
0.283484
0.281093
0.279207
0.277117
0.275109
0.273143
0.271085
0.268973
0.267001
0.264923
0.262800
0.260695
0.258726
0.256685
0.254712
0.252578
0.250671
0.248766
0.246707
0.244797
0.242865
0.241007
0.238917
0.237153
0.235267
0.233366
0.231551
0.229585
0.227828
0.226115
0.224506
0.222945
0.221163
0.219445
0.217614
0.215760
0.213939
0.212014
0.210445
0.208599
0.206832
0.205047
0.203539
0.201624
0.200086
0.198349
0.196730
0.194992
0.193471
0.191628
0.190026
0.188553
0.186853
0.185295
0.183675
0.182022
0.180429
0.178998
0.177708
0.176445
0.175137
0.173730
0.172473
0.170967
0.169688
0.168162
0.166732
0.165347
0.163988
0.162668
0.161388
0.159992
0.158822
0.157358
0.156134
0.154683
0.153554
0.152139
0.150918
0.149642
0.148567
0.147356
0.146247
0.145151
0.144084
0.142948
0.141841
0.140550
0.139590
0.138405
0.137350
0.136084
0.135169
0.133968
0.132906
0.131906
0.130835
0.129869
0.128900
0.127919
0.126973
0.125868
0.124834
0.123773
0.122932
0.121936
0.120900
0.119937
0.118856
0.118015
0.117017
0.116203
0.115197
0.114277
0.113353
0.112538
0.111508
0.110514
0.109574
0.108826
0.108110
0.107150
0.106313
0.105504
0.104573
0.103792
0.103093
0.102136
0.101205
0.100519
0.099793
0.099096
0.098329
0.097802
0.096938
0.096262
0.095371
0.094798
0.093988
0.093286
0.092590
0.091862
0.091076
0.090539
0.089965
0.089140
0.088529
0.087925
0.087248
0.086632
0.086105
0.085549
0.085039
0.084512
0.083838
0.083231
0.082681
0.082194
0.081667
0.081126
0.080516
0.080105
0.079638
0.079016
0.078680
0.078157
0.077604
0.077164
0.076809
0.076221
0.075855
0.075282
0.074997
0.074411
0.074029
0.073486
0.073166
0.072750
0.072478
0.071832
0.071577
0.071160
0.070640
0.070136
0.069828
0.069458
0.069087
0.068635
0.068450
0.068086
0.067595
0.067237
0.066904
0.066720
0.066351
0.065894
0.065498
0.065251
0.064859
0.064507
0.064331
0.064053
0.063502
0.063296
0.063081
0.062728
0.062460
0.062102
0.061744
0.061537
0.061367
0.060998
0.060640
0.060401
0.060225
0.059928
0.059708
0.059332
0.059042
0.058896
0.058736
0.058513
0.058202
0.057957
0.057526
0.057442
0.057191
0.056935
0.056612
0.056480
0.056169
0.055980
0.055769
0.055597
0.055328
0.055156
0.054922
0.054612
0.054503
0.054269
0.054201
0.053943
0.053712
0.053489
0.053351
0.053146
0.052899
0.052794
0.052579
0.052349
0.052256
0.052098
0.051694
0.051596
0.051402
0.051252
0.051095
0.050839
0.050742
0.050587
0.050618
0.050419
0.050286
0.049988
0.049853
0.049609
0.049458
0.049248
0.049126
0.049020
0.048882
0.048763
0.048604
0.048607
0.048278
0.048208
0.048020
0.047983
0.047761
0.047644
0.047442
0.047344
0.047226
0.047150
0.047012
0.046682
0.046564
0.046529
0.046447
0.046307
0.046241
0.046034
0.045950
0.045774
0.045678
0.045483
0.045403
0.045154
0.045162
0.045029
0.044933
0.044863
0.044749
0.044570
0.044411
0.044365
0.044221
0.044144
0.043989
0.043983
0.043968
0.043809
0.043746
0.043642
0.043530
0.043334
0.043228
0.043048
0.042945
0.042867
0.042798
0.042623
0.042556
0.042484
0.042450
0.042197
0.042198
0.042157
0.042058
0.041984
0.041796
0.041784
0.041722
0.041646
0.041528
0.041322
0.041216
0.041042
0.041081
0.041035
0.040864
0.040892
0.040733
0.040689
0.040635
0.040485
0.040295
0.040236
0.040126
0.040084
0.040027
0.039961
0.039849
0.039744
0.039702
0.039643
0.039572
0.039430
0.039305
0.039312
0.039211
0.039163
0.039092
0.039092
0.038875
0.038780
0.038780
0.038804
0.038727
0.038647
0.038539
0.038483
0.038396
0.038244
0.038136
0.038086
0.038086
0.038064
0.038043
0.037858
0.037814
0.037789
0.037764
0.037679
0.037526
0.037447
0.037401
0.037377
0.037350
0.037305
0.037157
0.037098
0.037056
0.036943
0.036794
0.036794
0.036804
0.036760
0.036726
0.036637
0.036581
0.036581
0.036437
0.036323
0.036322
0.036218
0.036180
0.036133
0.036059
0.035991
0.036005
0.035892
0.035811
0.035751
0.035661
0.035602
0.035485
0.035395
0.035405
0.035368
0.035323
0.035323
0.035222
0.035178
0.035123
0.035075
0.035053
0.035021
0.034953
0.034908
0.034862
0.034786
0.034797
0.034731
0.034731
0.034621
0.034564
0.034519
0.034535
0.034458
0.034395
0.034252
0.034210
0.034161
0.034109
0.034109
0.034064
0.033983
0.033983
0.033879
0.033789
0.033801
0.033780
0.033735
0.033766
0.033701
0.033701
0.033620
0.033559
0.033541
0.033372
0.033372
0.033372
0.033372
0.033307
0.033272
0.033194
0.033128
0.033128
0.033043
0.033048
0.032927
0.032904
0.032861
0.032807
0.032761
0.032742
0.032676
0.032659
0.032553
0.032553
0.032571
0.032552
0.032478
0.032459
0.032440
0.032424
0.032378
0.032263
0.032263
0.032227
0.032227
0.032208
0.032162
0.032124
0.032057
0.032011
0.031992
0.031875
0.031842
0.031805
0.031758
0.031733
0.031733
0.031716
0.031644
0.031610
0.031610
0.031593
0.031593
0.031547
0.031528
0.031460
0.031376
0.031345
0.031345
0.031345
0.031345
0.031345
0.031310
0.031246
0.031278
0.031278
0.031278
0.031191
0.031103
0.031053
0.031006
0.031003
0.031037
0.031037
0.031037
0.031006
0.031006
0.030950
0.030950
0.030950
0.030913
0.030854
0.030806
0.030773
0.030701
0.030665
0.030665
0.030698
0.030698
0.030698
0.030669
0.030630
0.030594
0.030548
0.030548
0.030530
0.030483
0.030446
0.030363
0.030328
0.030307
0.030307
0.030270
0.030270
0.030270
0.030223
0.030196
0.030196
0.030194
0.030194
0.030148
0.030098
0.030098
0.030048
0.030029
0.030004
0.030004
0.030004
0.029966
0.029920
0.029920
0.029882
0.029882
0.029882
0.029811
0.029811
0.029811
0.029811
0.029779
0.029779
0.029771
0.029804
0.029790
0.029790
0.029768
0.029709
0.029671
0.029671
0.029639
0.029639
0.029593
0.029593
0.029557
0.029560
0.029524
0.029524
0.029559
0.029559
0.029527
0.029528
0.029492
0.029400
0.029400
0.029400
0.029368
0.029381
0.029381
0.029381
0.029381
0.029381
0.029381
0.029381
0.029381
0.029381
0.029336
0.029336
0.029282
0.029282
0.029282
0.029282
0.029246
0.029246
0.029246
0.029246
0.029243
0.029243
0.029230
0.029230
0.029170
0.029141
0.029103
0.029071
0.029106
0.029106
0.029106
0.029148
0.029112
0.029115
0.029115
0.029115
0.029115
0.029104
0.029058
0.029020
0.029020
0.029020
0.029020
0.028988
0.028988
0.028988
0.029008
0.029010
0.029010
0.029043
0.029034
0.029034
0.029008
0.028971
0.028893
0.028895
0.028895
0.028895
0.028895
0.028895
0.028895
0.028895
0.028895
0.028877
0.028871
0.028871
0.028833
0.028833
0.028833
0.028833
0.028755
0.028776
0.028776
0.028776
0.028776
0.028821
0.028821
0.028821
0.028817
0.028817
0.028773
0.028773
0.028781
0.028781
0.028746
0.028746
0.028746
0.028708
0.028721
0.028721
0.028756
0.028756
0.028720
0.028720
0.028689
0.028689
0.028688
0.028655
0.028655
0.028655
0.028655
0.028649
0.028649
0.028659
0.028659
0.028659
0.028659
0.028660
0.028579
0.028579
0.028579
0.028579
0.028601
0.028601
0.028601
0.028601
0.028601
0.028601
0.028601
0.028601
0.028601
0.028605
0.028605
0.028568
0.028568
0.028535
0.028535
0.028491
0.028473
0.028517
0.028517
0.028540
0.028540
0.028585
0.028598
0.028604
0.028604
0.028524
0.028524
0.028524
0.028524
0.028524
0.028524
0.028524
0.028524
0.028524
0.028524
0.028524
0.028524
0.028556
0.028556
0.028556
0.028519
0.028486
0.028486
0.028486
0.028486
0.028486
0.028486
0.028486
0.028474
0.028474
0.028485
0.028485
0.028485
0.028442
0.028446
0.028446
0.028409
0.028409
0.028409
0.028409
0.028449
0.028493
0.028493
0.028493
0.028493
0.028505
0.028505
0.028523
0.028523
0.028489
0.028514
0.028485
0.028449
0.028449
0.028449
0.028449
0.028449
0.028449
0.028414
0.028414
0.028414
0.028414
0.028407
0.028407
0.028407
0.028407
0.028407
0.028407
0.028407
0.028372
0.028398
0.028398
0.028398
0.028398
0.028398
0.028398
0.028362
0.028362
0.028328
0.028328
0.028328
0.028328
0.028328
0.028328
0.028328
0.028328
0.028328
0.028328
0.028355
0.028355
0.028355
0.028355
0.028355
0.028355
0.028319
0.028319
0.028319
0.028319
0.028319
0.028319
0.028319
0.028319
0.028319
0.028277
0.028265
0.028292
0.028292
0.028292
0.028292
0.028248
0.028248
0.028248
0.028248
0.028248
0.028248
0.028248
0.028248
0.028248
0.028214
0.028214
0.028178
0.028178
0.028178
0.028178
0.028178
0.028178
0.028168
0.028168
0.028196
0.028196
0.028196
0.028196
0.028196
0.028196
0.028155
0.028196
0.028196
0.028196
0.028237
0.028237
0.028237
0.028199
0.028199
0.028152
0.028152
0.028190
0.028190
0.028183
0.028145
0.028111
0.028111
0.028111
0.028111
0.028111
0.028111
0.028111
0.028111
0.028145
0.028145
0.028111
0.028111
0.028111
0.028111
0.028111
0.028111
0.028111
0.028111
0.028111
0.028077
0.028077
0.028064
0.028064
0.028094
0.028094
0.028094
0.028094
0.028058
0.028058
0.028058
0.028058
0.028058
0.028058
0.028058
0.028058
0.028058
0.028029
0.027989
0.027989
0.027989
0.028024
0.028024
0.028024
0.028024
0.028024
0.028024
0.028024
0.028024
0.028024
0.027989
0.028019
0.028019
0.028019
0.027996
0.027996
0.028031
0.028031
0.028031
0.028031
0.028031
0.028031
0.028031
0.027996
0.027996
0.027996
0.027996
0.027996
0.027996
0.027960
0.027960
0.027995
0.027959
0.027959
0.027959
0.027995
0.027960
0.027960
0.027960
0.027960
0.027990
0.027990
0.027952
0.027952
0.027916
0.027916
0.027993
0.027993
0.027993
0.027993
0.027993
0.027993
0.027993
0.027993
0.027993
0.027993
0.027993
0.027947
0.027947
0.027947
0.027947
0.027982
0.027982
0.027947
0.027983
0.027983
0.027983
0.027983
0.027983
0.027983
0.027947
0.027913
0.027908
0.027908
0.027908
0.027908
0.027908
0.027908
0.027908
0.027944
0.027910
0.027910
0.027874
0.027874
0.027908
0.027908
0.027908
0.027908
0.027908
0.027908
0.027908
0.027874
0.027874
0.027874
0.027874
0.027874
0.027836
0.027836
0.027836
0.027836
0.027836
0.027836
0.027836
0.027836
0.027836
0.027836
0.027836
0.027799
0.027799
0.027799
0.027799
0.027799
0.027836
0.027836
0.027831
0.027831
0.027841
0.027841
0.027841
0.027841
0.027841
0.027841
0.027841
0.027841
0.027841
0.027841
0.027841
0.027841
0.027818
0.027818
0.027818
0.027818
0.027818
0.027818
0.027854
0.027854
0.027854
0.027854
0.027854
0.027818
0.027818
0.027818
0.027861
0.027861
0.027850
0.027850
0.027850
0.027850
0.027850
0.027850
0.027850
0.027850
0.027813
0.027813
0.027813
0.027813
0.027778
0.027778
0.027778
0.027778
0.027778
0.027778
0.027813
0.027813
0.027813
0.027813
0.027813
0.027813
0.027778
0.027811
0.027811
0.027811
0.027811
0.027811
0.027811
0.027811
0.027811
0.027811
0.027811
0.027811
0.027811
0.027811
0.027811
0.027811
0.027811
0.027811
0.027811
0.027811
0.027811
0.027811
0.027811
0.027811
0.027811
0.027811
0.027811
0.027799
0.027799
0.027810
0.027810
0.027810
0.027810
0.027777
0.027777
0.027777
0.027743
0.027743
0.027743
0.027743
0.027743
0.027743
0.027707
0.027705
0.027705
0.027705
0.027705
0.027705
0.027714
0.027680
0.027670
0.027670
0.027670
0.027670
0.027670
0.027670
0.027670
0.027670
0.027670
0.027670
0.027670
0.027670
0.027670
0.027670
0.027670
0.027670
0.027670
0.027713
0.027713
0.027713
0.027713
0.027713
0.027713
0.027713
0.027713
0.027713
0.027713
0.027713
0.027725
0.027725
0.027725
0.027725
0.027759
0.027759
0.027759
0.027759
0.027759
0.027759
0.027759
0.027759
0.027721
0.027721
0.027721
0.027721
0.027721
0.027721
0.027721
0.027721
0.027721
0.027721
0.027721
0.027732
0.027732
0.027732
0.027732
0.027732
0.027732
0.027732
0.027732
0.027732
0.027696
0.027696
0.027696
0.027696
0.027696
0.027696
0.027684
0.027684
0.027673
0.027673
0.027673
0.027673
0.027673
0.027673
0.027673
0.027673
0.027673
0.027673
0.027673
0.027673
0.027673
0.027673
0.027673
0.027673
0.027673
0.027673
0.027673
0.027673
0.027673
0.027673
0.027673
0.027673
0.027638
0.027638
0.027638
0.027638
0.027638
0.027638
0.027673
0.027673
0.027673
0.027673
0.027673
0.027673
0.027638
0.027638
0.027602
0.027602
0.027602
0.027602
0.027602
0.027602
0.027646
0.027646
0.027658
0.027658
0.027669
0.027669
0.027669
0.027669
0.027669
0.027669
0.027669
0.027669
0.027669
0.027669
0.027635
0.027635
0.027635
0.027635
0.027635
0.027635
0.027623
0.027612
0.027646
0.027646
0.027646
0.027646
0.027612
0.027612
0.027612
0.027612
0.027612
0.027612
0.027612
0.027612
0.027612
0.027577
0.027577
0.027577
0.027577
0.027577
0.027577
0.027577
0.027577
0.027577
0.027577
0.027577
0.027577
0.027577
0.027577
0.027577
0.027577
0.027577
0.027577
0.027577
0.027577
0.027577
0.027577
0.027577
0.027577
0.027577
0.027577
0.027588
0.027588
0.027588
0.027588
0.027588
0.027588
0.027588
0.027588
0.027588
0.027588
0.027599
0.027599
0.027599
0.027564
0.027564
0.027564
0.027564
0.027564
0.027564
0.027564
0.027564
0.027564
0.027564
0.027527
0.027527
0.027527
0.027527
0.027527
0.027516
0.027553
0.027553
0.027516
0.027516
0.027516
0.027516
0.027516
0.027516
0.027516
0.027516
0.027516
0.027516
0.027516
0.027516
0.027516
0.027516
0.027516
0.027516
0.027482
0.027482
0.027482
0.027482
0.027449
0.027449
0.027449
0.027449
0.027482
0.027482
0.027482
0.027482
0.027447
0.027414
0.027414
0.027414
0.027414
0.027458
0.027493
0.027493
0.027493
0.027493
0.027493
0.027493
0.027458
0.027458
0.027458
0.027458
0.027458
0.027458
0.027468
0.027468
0.027468
0.027468
0.027468
0.027468
0.027434
0.027434
0.027434
0.027434
0.027434
0.027434
0.027434
0.027434
0.027434
0.027434
0.027424
0.027424
0.027424
0.027424
0.027424
0.027424
0.027424
0.027424
0.027424
0.027424
0.027424
0.027424
0.027424
0.027424
0.027424
0.027391
0.027391
0.027391
0.027391
0.027391
0.027391
0.027424
0.027424
0.027424
0.027424
0.027424
0.027390
0.027390
0.027357
0.027357
0.027357
0.027357
0.027357
0.027357
0.027357
0.027357
0.027357
0.027357
0.027321
0.027284
0.027284
0.027321
0.027321
0.027321
0.027321
0.027321
0.027321
0.027321
0.027331
0.027331
0.027294
0.027294
0.027294
0.027294
0.027294
0.027331
0.027331
0.027331
0.027331
0.027331
0.027331
0.027331
0.027321
0.027250
0.027250
0.027250
0.027250
0.027250
0.027250
0.027250
0.027287
0.027287
0.027287
0.027287
0.027287
0.027287
0.027287
0.027250
0.027250
0.027250
0.027250
0.027250
0.027250
0.027250
0.027287
0.027287
0.027287
0.027287
0.027287
0.027287
0.027250
0.027250
0.027250
0.027250
0.027250
0.027250
0.027250
0.027250
0.027218
0.027255
0.027255
0.027255
0.027221
0.027185
0.027185
0.027185
0.027185
0.027185
0.027185
0.027185
0.027195
0.027195
0.027195
0.027195
0.027195
0.027195
0.027195
0.027195
0.027195
0.027195
0.027195
0.027195
0.027195
0.027195
0.027195
0.027195
0.027195
0.027195
0.027185
0.027185
0.027185
0.027185
0.027185
0.027185
0.027185
0.027185
0.027185
0.027185
0.027185
0.027185
0.027148
0.027148
0.027148
0.027148
0.027148
0.027148
0.027115
0.027115
0.027080
0.027080
0.027080
0.027080
0.027080
0.027115
0.027115
0.027115
0.027115
0.027115
0.027115
0.027115
0.027115
0.027080
0.027080
0.027080
0.027080
0.027080
0.027080
0.027080
0.027080
0.027115
0.027115
0.027115
0.027115
0.027115
0.027080
0.027059
0.027059
0.027059
0.027059
0.027059
0.027059
0.027059
0.027059
0.027059
0.027059
0.027059
0.027059
0.027059
0.027059
0.027048
0.027048
0.027048
0.027048
0.027048
0.027048
0.027048
0.027016
0.027016
0.026978
0.027052
0.027052
0.027052
0.027016
0.027016
0.027016
0.027016
0.027016
0.027016
0.027016
0.027016
0.026978
0.026981
0.026981
0.026981
0.027019
0.027019
0.027052
0.027016
0.027016
0.027016
0.027016
0.027016
0.027016
0.027016
0.026981
0.026981
0.026981
0.026981
0.027019
0.027019
0.027019
0.026983
0.027016
0.027016
0.026979
0.026979
0.026979
0.026944
0.026954
0.026954
0.026954
0.026954
0.026992
0.026992
0.026992
0.026992
0.026956
0.026956
0.026956
0.026956
0.026946
0.026944
0.026944
0.026944
0.026944
0.026911
0.026949
0.026949
0.026949
0.026949
0.026949
0.026949
0.026949
0.026917
0.026917
0.026917
0.026879
0.026879
0.026879
0.026879
0.026917
0.026917
0.026917
0.026917
0.026917
0.026917
0.026917
0.026917
0.026917
0.026917
0.026917
0.026917
0.026879
0.026917
0.026917
0.026917
0.026917
0.026917
0.026917
0.026917
0.026917
0.026917
0.026917
0.026917
0.026917
0.026917
0.026917
0.026928
0.026928
0.026928
0.026928
0.026928
0.026928
0.026928
0.026928
0.026928
0.026928
0.026928
0.026928
0.026928
0.026928
0.026928
0.026928
0.026917
0.026917
0.026917
0.026917
0.026917
0.026917
0.026917
0.026917
0.026917
0.026917
0.026880
0.026880
0.026880
0.026880
0.026848
0.026848
0.026848
0.026848
0.026848
0.026848
0.026848
0.026848
0.026848
0.026848
0.026848
0.026848
0.026848
0.026848
0.026848
0.026848
0.026848
0.026848
0.026848
0.026848
0.026848
0.026848
0.026848
0.026848
0.026848
0.026848
0.026848
0.026848
0.026848
0.026848
0.026848
0.026848
0.026848
0.026848
0.026848
0.026848
0.026858
0.026858
0.026858
0.026858
0.026858
0.026827
0.026827
0.026827
0.026827
0.026827
0.026827
0.026827
0.026827
0.026827
0.026827
0.026817
0.026817
0.026817
0.026817
0.026817
0.026817
0.026817
0.026817
0.026817
0.026783
0.026783
0.026783
0.026783
0.026817
0.026817
0.026817
0.026817
0.026817
0.026817
0.026817
0.026817
0.026783
0.026783
0.026783
0.026783
0.026783
0.026783
0.026783
0.026817
0.026817
0.026817
0.026817
0.026817
0.026817
0.026817
0.026783
0.026783
0.026783
0.026783
0.026783
0.026783
0.026783
0.026783
0.026817
0.026817
0.026817
0.026817
0.026817
0.026794
0.026794
0.026794
0.026794
0.026794
0.026794
0.026794
0.026756
0.026756
0.026756
0.026756
0.026724
0.026724
0.026724
0.026724
0.026724
0.026724
0.026724
0.026724
0.026724
0.026713
0.026713
0.026713
0.026713
0.026713
0.026713
0.026713
0.026713
0.026713
0.026713
0.026713
0.026713
0.026713
0.026713
0.026713
0.026713
0.026713
0.026681
0.026681
0.026681
0.026681
0.026681
0.026713
0.026713
0.026713
0.026713
0.026713
0.026713
0.026713
0.026713
0.026681
0.026681
0.026681
0.026681
0.026681
0.026681
0.026681
0.026713
0.026713
0.026713
0.026713
0.026713
0.026713
0.026713
0.026681
0.026681
0.026681
0.026681
0.026691
0.026691
0.026691
0.026691
0.026724
0.026724
0.026724
0.026724
0.026724
0.026691
0.026691
0.026691
0.026691
0.026691
0.026691
0.026681
0.026681
0.026681
0.026681
0.026650
0.026650
0.026650
0.026650
0.026650
0.026650
0.026650
0.026650
0.026650
0.026650
0.026650
0.026650
0.026650
0.026650
0.026650
0.026650
0.026650
0.026650
0.026650
0.026650
0.026650
0.026650
0.026650
0.026650
0.026650
0.026650
0.026650
0.026650
0.026650
0.026650
0.026650
0.026650
0.026650
0.026650
0.026650
0.026650
0.026650
0.026650
0.026650
0.026650
0.026650
0.026650
0.026650
0.026650
0.026650
0.026661
0.026661
0.026661
0.026661
0.026661
0.026661
0.026661
0.026661
0.026661
0.026661
0.026661
0.026661
0.026661
0.026661
0.026661
0.026661
0.026661
0.026623
0.026613
0.026613
0.026613
0.026613
0.026613
0.026613
0.026613
0.026613
0.026613
0.026613
0.026613
0.026613
0.026613
0.026613
0.026613
0.026613
0.026613
0.026613
0.026613
0.026613
0.026613
0.026613
0.026613
0.026613
0.026613
0.026613
0.026613
0.026613
0.026613
0.026613
0.026613
0.026613
0.026613
0.026613
0.026613
0.026613
0.026613
0.026576
0.026576
0.026613
0.026613
0.026613
0.026613
0.026613
0.026613
0.026613
0.026613
0.026613
0.026586
0.026586
0.026586
0.026586
0.026586
0.026623
0.026623
0.026623
0.026623
0.026623
0.026623
0.026623
0.026613
0.026613
0.026576
0.026576
0.026576
0.026576
0.026576
0.026576
0.026602
0.026602
0.026602
0.026602
0.026602
0.026602
0.026602
0.026565
0.026565
0.026565
0.026565
0.026565
0.026565
0.026565
0.026602
0.026602
0.026602
0.026602
0.026602
0.026602
0.026602
0.026565
0.026565
0.026565
0.026565
0.026565
0.026565
0.026565
0.026602
0.026602
0.026602
0.026602
0.026602
0.026602
0.026565
0.026565
0.026565
0.026565
0.026565
0.026565
0.026565
0.026565
0.026565
0.026602
0.026602
0.026602
0.026602
0.026602
0.026565
0.026576
0.026576
0.026576
0.026576
0.026576
0.026576
0.026576
0.026576
0.026613
0.026613
0.026613
