1.642101
1.490173
1.357002
1.274919
1.238184
1.226638
1.224531
1.224461
1.224344
1.223932
1.223193
1.222640
1.222606
1.223140
1.224013
1.224595
1.224988
1.224624
1.224386
1.224770
1.210864
1.196870
1.200564
1.231389
1.284674
1.351002
1.424641
1.501644
1.578124
1.651120
1.719847
1.783056
1.841050
1.892004
1.935136
1.969304
1.994983
2.011919
2.021072
2.023210
2.018715
2.009123
1.994856
1.977617
1.957922
1.937348
1.916205
1.896240
1.877325
1.861240
1.847615
1.837598
1.830535
1.827058
1.826592
1.828616
1.832841
1.838619
1.845964
1.853390
1.861693
1.869240
1.877346
1.883975
1.890319
1.895173
1.898300
1.900311
1.900966
1.900792
1.899537
1.897667
1.895103
1.892173
1.888870
1.885744
1.882055
1.878672
1.874646
1.874479
1.875097
1.876569
1.878863
1.881833
1.885238
1.889521
1.894362
1.893702
1.891658
1.888142
1.883992
1.878917
1.873524
1.874556
1.877062
1.879941
1.884405
1.889384
1.887515
1.883606
1.878809
1.872881
1.866211
1.859793
1.852565
1.845132
1.844764
1.846693
1.850039
1.854523
1.860652
1.867085
1.873904
1.881838
1.889536
1.897729
1.898813
1.898569
1.896757
1.893840
1.890326
1.886160
1.881272
1.876685
1.871096
1.872047
1.875100
1.878696
1.883730
1.889717
1.895766
1.902265
1.909692
1.910045
1.909253
1.907051
1.904096
1.900903
1.896796
1.892236
1.894711
1.898158
1.903286
1.908562
1.914763
1.921807
1.928972
1.930175
1.929381
1.928103
1.925545
1.922404
1.919166
1.914916
1.917945
1.921737
1.927225
1.933127
1.939558
1.947084
1.954277
1.955498
1.953142
1.953532
1.953242
1.958714
1.964905
1.969654
1.975008
1.982222
1.984066
1.985477
1.986469
1.986425
1.985112
1.982913
1.980852
1.977322
1.972499
1.973563
1.976377
1.980584
1.985607
1.992109
1.998801
2.006642
2.014620
2.016102
2.016774
2.015370
2.013678
2.010615
2.007917
2.004407
2.001088
2.003953
2.007676
2.012737
2.018277
2.024545
2.031000
2.038222
2.045204
2.047268
2.048871
2.048644
2.047973
2.046522
2.045171
2.042838
2.046216
2.050261
2.055653
2.060915
2.067355
2.073721
2.080766
2.082819
2.083325
2.083600
2.082601
2.081588
2.080018
2.078322
2.081757
2.085792
2.091257
2.096767
2.103334
2.109792
2.116916
2.124116
2.126044
2.127625
2.127706
2.127609
2.126099
2.123733
2.121357
2.118304
2.115829
2.112347
2.114813
2.117962
2.122637
2.127672
2.133935
2.140087
2.147275
2.154618
2.161702
2.164586
2.165722
2.166931
2.166936
2.167061
2.166256
2.165552
2.169196
2.174029
2.179274
2.185318
2.191276
2.198291
2.200291
2.202120
2.202727
2.203435
2.203114
2.203014
2.201994
2.205930
2.210182
2.215887
2.221521
2.228337
2.234917
2.242411
2.244623
2.246802
2.247650
2.248707
2.248394
2.248414
2.252462
2.257851
2.264203
2.271377
2.279115
2.286461
2.294349
2.301597
2.305318
2.307463
2.309548
2.310576
2.310458
2.310679
2.310450
2.309215
2.308355
2.306321
2.304875
2.307152
2.311368
2.316289
2.321286
2.327608
2.333624
2.339732
2.346873
2.353590
2.356843
2.358688
2.360060
2.360305
2.360835
2.360346
2.360311
2.359054
2.362936
2.367031
2.372507
2.377938
2.384458
2.390550
2.397434
2.399579
2.401420
2.402059
2.402853
2.402587
2.402498
2.401334
2.405156
2.409205
2.414460
2.419820
2.426137
2.431957
2.438730
2.440967
2.443060
2.443785
2.444328
2.444113
2.444098
2.443178
2.447174
2.451311
2.456781
2.461976
2.468266
2.474073
2.480871
2.482976
2.485043
2.485727
2.486602
2.486334
2.486403
2.485696
2.489454
2.493690
2.498880
2.504063
2.510291
2.516153
2.522777
2.525097
2.527195
2.527966
2.528817
2.528555
2.528102
2.527776
2.531020
2.535789
2.540523
2.545819
2.551972
2.557910
2.564122
2.566215
2.567788
2.568347
2.568609
2.568517
2.568243
2.567429
2.570615
2.574830
2.579352
2.584621
2.590083
2.595214
2.601105
2.603527
2.604191
2.605002
2.605270
2.604536
2.604018
2.602678
2.605830
2.609080
2.613756
2.618327
2.623775
2.628809
2.634021
2.636268
2.636920
2.637114
2.636653
2.636473
2.635324
2.633986
2.636356
2.639632
2.643621
2.647988
2.652632
2.657605
2.662922
2.664208
2.665052
2.665068
2.664792
2.663917
2.662640
2.661005
2.663362
2.665870
2.669760
2.674122
2.678707
2.683076
2.688106
2.689625
2.690149
2.689588
2.689176
2.687635
2.686420
2.684920
2.686584
2.689827
2.692936
2.697247
2.701129
2.705924
2.710245
2.711755
2.711694
2.711103
2.710486
2.709074
2.707858
2.705613
2.707359
2.710486
2.713743
2.717069
2.721668
2.725849
2.730107
2.730814
2.731323
2.730538
2.729371
2.727765
2.725920
2.723696
2.725989
2.728533
2.731555
2.734997
2.738953
2.743028
2.747328
2.748034
2.748001
2.747343
2.746290
2.744687
2.742861
2.740716
2.742232
2.744683
2.747710
2.751201
2.754909
2.759098
2.763260
2.764195
2.764080
2.763436
2.762286
2.760088
2.758316
2.756176
2.757844
2.760230
2.763246
2.766105
2.769937
2.774017
2.778229
2.778925
2.778349
2.777346
2.776196
2.774759
2.772355
2.770144
2.771799
2.773707
2.776698
2.780159
2.783903
2.787346
2.791676
2.792449
2.791726
2.791183
2.790128
2.788017
2.786172
2.783425
2.785059
2.787554
2.789973
2.793597
2.796794
2.800802
2.805092
2.805167
2.805190
2.803985
2.802871
2.800690
2.798845
2.796076
2.797714
2.799449
2.802441
2.805074
2.808933
2.812263
2.816441
2.816596
2.816410
2.814915
2.813679
2.811547
2.809621
2.806798
2.808383
2.810121
2.812967
2.815731
2.818738
2.822578
2.826048
2.826774
2.826018
2.825126
2.823296
2.821034
2.819097
2.816176
2.817003
2.819177
2.821476
2.824789
2.827759
2.830910
2.835057
2.835043
2.834155
2.833470
2.831416
2.829160
2.827157
2.824004
2.824824
2.827025
2.829250
2.831802
2.835349
2.838504
2.841853
2.842350
2.841250
2.839799
2.838464
2.836151
2.833392
2.830313
2.831827
2.833255
2.835341
2.838514
2.841471
2.844589
2.847731
2.848189
2.847222
2.845685
2.847891
2.847288
2.845260
2.842889
2.840118
2.837562
2.838328
2.839895
2.841847
2.844190
2.847620
2.850700
2.853981
2.853614
2.853113
2.851590
2.849467
2.846978
2.844212
2.841746
2.842370
2.843708
2.845620
2.847946
2.851386
2.854456
2.857639
2.857409
2.856388
2.855342
2.853293
2.850786
2.847871
2.844688
2.845354
2.847442
2.849307
2.851803
2.854452
2.857642
2.860700
2.861028
2.859932
2.858268
2.856249
2.853677
2.850857
2.848258
2.848844
2.850327
2.852260
2.854769
2.857422
2.860518
2.863610
2.863895
2.862772
2.861062
2.858960
2.856452
2.853613
2.850289
2.851483
2.852852
2.854884
2.857330
2.860029
2.863010
2.866234
2.865850
2.864774
2.863650
2.861531
2.858864
2.856093
2.852819
2.853566
2.854841
2.856821
2.859157
2.862534
2.865456
2.868696
2.868237
2.867114
2.865417
2.863237
2.860568
2.857716
2.854437
2.855580
2.857008
2.858959
2.861298
2.863989
2.866956
2.870194
2.869871
2.868703
2.866930
2.864844
2.862250
2.859835
2.856565
2.857206
2.858549
2.860452
2.862914
2.865663
2.868603
2.871722
2.871312
2.870258
2.868523
2.866419
2.864404
2.861512
2.858218
2.858855
2.860085
2.861989
2.864418
2.867109
2.870071
2.873230
2.872796
2.871564
2.869804
2.867672
2.865128
2.862176
2.859520
2.860053
2.861339
2.863366
2.865763
2.868436
2.871350
2.874505
2.874099
2.872993
2.871373
2.869171
2.866424
2.863458
2.860219
2.860724
2.862079
2.864081
2.866512
2.869882
2.872769
2.876030
2.875548
2.874391
2.872688
2.870455
2.867836
2.864875
2.861578
2.862119
2.863441
2.865424
2.867762
2.870425
2.873395
2.876573
2.876117
2.874942
2.873297
2.871086
2.868422
2.865353
2.862126
2.862625
2.864635
2.866536
2.868867
2.871571
2.874532
2.877742
2.877292
2.876103
2.874327
2.872103
2.869524
2.866521
2.863234
2.863794
2.865078
2.867082
2.869440
2.872101
2.875017
2.878111
2.877698
2.876586
2.874780
2.872603
2.870009
2.867018
2.863704
2.864197
2.865514
2.867457
2.869793
2.872438
2.875460
2.878578
2.878131
2.876983
2.875888
2.873677
2.871006
2.867995
2.864721
2.865215
2.866513
2.868472
2.870742
2.873452
2.876467
2.879663
2.879205
2.878076
2.876267
2.873999
2.871325
2.868427
2.865113
2.865578
2.866877
2.868754
2.871123
2.873844
2.876774
2.879900
2.879519
2.878328
2.876565
2.874234
2.871575
2.868577
2.865257
2.865798
2.867093
2.869059
2.871407
2.874072
2.876965
2.880155
2.879652
2.878482
2.876665
2.874406
2.871780
2.868798
2.865462
2.865911
2.867213
2.869130
2.871472
2.874172
2.877138
2.880323
2.879835
2.878629
2.876775
2.874490
2.871762
2.868792
2.865387
2.865870
2.867232
2.869175
2.872159
2.874860
2.877919
2.881099
2.880639
2.879412
2.877558
2.875245
2.872611
2.869537
2.866215
2.866731
2.868004
2.869974
2.872317
2.874990
2.877933
2.881092
2.880579
2.879434
2.877667
2.875391
2.872747
2.869622
2.866284
2.866878
2.868181
2.870099
2.872464
2.875060
2.878048
2.881192
2.880763
2.879555
2.877776
2.875502
2.872851
2.869795
2.866418
2.866949
2.868167
2.870089
2.872486
2.875168
2.878108
2.881262
2.880808
2.879629
2.877787
2.875513
2.872782
2.869798
2.866416
2.866920
2.868219
2.870221
2.872577
2.875210
2.878203
2.881347
2.880849
2.879543
2.877750
2.875469
2.872780
2.869797
2.866416
2.866919
2.868269
2.870243
2.872600
2.875237
2.878187
2.881287
2.880879
2.879653
2.877836
2.875560
2.872869
2.869832
2.866450
2.866941
2.868208
2.870132
2.872484
2.875219
2.878196
2.881361
2.880900
2.879645
2.877826
2.875549
2.872768
2.869729
2.866351
2.866846
2.868222
2.870179
2.872538
2.875243
2.878197
2.881346
2.880848
2.879600
2.877781
2.875585
2.872892
2.869847
2.866466
2.866964
2.868320
2.870248
2.872608
2.875249
2.878204
2.881357
2.880900
2.879688
2.877824
2.875505
2.872810
2.869753
2.866325
2.866797
2.868135
2.870063
2.872418
2.875108
2.878113
2.881312
2.880856
2.879643
2.877691
2.875411
2.872716
2.869680
2.866361
2.866864
2.868202
2.870131
2.872487
2.875177
2.878092
2.881249
2.880787
2.879540
2.877720
2.875439
2.872743
2.869725
2.866348
2.866810
2.868073
2.870031
2.872416
2.875107
2.878019
2.881179
2.880722
2.879509
2.877645
2.875431
2.872752
2.869696
2.866313
2.866817
2.868126
2.870015
2.872407
2.875057
2.878015
2.881186
2.880724
2.879535
2.877714
2.875455
2.872763
2.869676
2.866252
2.866806
2.868104
2.870051
2.872504
2.875196
2.878185
2.881364
2.880865
2.879651
2.877745
2.875462
2.872771
2.869726
2.866342
2.866846
2.868163
2.870099
2.872456
2.875155
2.878093
2.881198
2.880706
2.879528
2.877663
2.875380
2.872688
2.869643
2.866258
2.866762
2.868032
2.869941
2.872263
2.874974
2.877934
2.881089
2.880632
2.879423
2.877601
2.875319
2.872584
2.869535
2.866144
2.866648
2.867958
2.869894
2.872277
2.874928
2.877888
2.881043
2.880586
2.879338
2.877515
2.875232
2.872546
2.869500
2.866116
2.866621
2.867930
2.869821
2.872198
2.874859
2.877798
2.880959
2.880504
2.879289
2.877467
2.875163
2.872422
2.869382
2.865991
2.866496
2.867805
2.869701
2.872060
2.874696
2.877645
2.880759
2.880297
2.879088
2.877215
2.874890
2.872202
2.869151
2.865720
2.866180
2.867519
2.869408
2.871766
2.874472
2.877441
2.880635
2.880794
2.879537
2.877714
2.875399
2.872677
2.869620
2.866229
2.866691
2.868001
2.869932
2.872290
2.874995
2.877957
2.881032
2.880570
2.879355
2.877532
2.875221
2.872533
2.869421
2.866036
2.866541
2.867845
2.869777
2.872141
2.874828
2.877778
2.880955
2.880510
2.879295
2.877429
2.875105
2.872416
2.869346
2.865960
2.866459
2.867727
2.869658
2.872023
2.874728
2.877673
2.880867
2.880362
2.879147
2.877274
2.874989
2.872219
2.869125
2.865721
2.866176
2.867538
2.869469
2.871829
2.874492
2.877388
2.880654
2.880191
2.878982
2.877157
2.874824
2.872130
2.869127
2.865675
2.866189
2.867499
2.869389
2.871748
2.874454
2.877354
2.880574
2.880117
2.878902
2.877035
2.874751
2.872050
2.869003
2.865604
2.866153
2.867421
2.869353
2.871762
2.874470
2.877351
2.880522
2.880065
2.878807
2.876977
2.874646
2.871945
2.868897
2.865498
2.866002
2.867315
2.869247
2.871640
2.874365
2.877273
2.880437
2.879974
2.878716
2.876892
2.874607
2.871906
2.868864
2.865471
2.865924
2.867193
2.869174
2.871553
2.874209
2.877173
2.880332
2.879874
2.878659
2.876792
2.874534
2.871835
2.868787
2.865400
2.865899
2.867216
2.869160
2.871526
2.874191
2.877137
2.880301
2.879794
2.878578
2.876754
2.874468
2.871794
2.868710
2.865317
2.865821
2.867126
2.869030
2.871391
2.874078
2.877030
2.880190
2.879732
2.878474
2.876676
2.874390
2.871689
2.868641
2.865253
2.865758
2.867063
2.869001
2.871362
2.874026
2.876972
2.880167
2.879704
2.878493
2.876624
2.874339
2.871637
2.868589
2.865203
2.865774
2.867114
2.869006
2.871375
2.874001
2.876947
2.880111
2.879649
2.878438
2.876614
2.874350
2.871655
2.868685
2.865294
2.865753
2.867065
2.868957
2.871326
2.874013
2.876963
2.880131
2.879574
2.878364
2.876521
2.874363
2.871692
2.868641
2.865251
2.865795
2.867107
2.869041
2.871409
2.874144
2.877093
2.880310
2.879847
2.878544
2.876718
2.874431
2.871755
2.868705
2.865352
2.865857
2.867163
2.869152
2.871523
2.874231
2.877179
2.880310
2.879847
2.878636
2.876810
2.874550
2.871847
2.868797
2.865408
2.865907
2.867180
2.869141
2.871509
2.874217
2.877165
2.880332
2.879869
2.878679
2.876853
2.874567
2.871864
2.868820
2.865406
2.865939
2.867244
2.869224
2.871591
2.874298
2.877272
2.880433
2.879975
2.878759
2.876934
2.874648
2.871973
2.868924
2.865536
2.866064
2.867375
2.869308
2.871650
2.874357
2.877305
2.880475
2.880031
2.878814
2.876976
2.874690
2.872002
2.868942
2.865503
2.865937
2.867248
2.869181
2.871502
2.874210
2.877158
2.880351
2.879888
2.878672
2.876846
2.874560
2.871896
2.868836
2.865441
2.865897
2.867208
2.869135
2.871530
2.874231
2.877185
2.880393
2.879930
2.878746
2.876921
2.874649
2.871958
2.868897
2.865460
2.865987
2.867298
2.869275
2.871636
2.874344
2.877318
2.880478
2.880111
2.878895
2.877070
2.874778
2.872138
2.869047
2.865603
2.866102
2.867413
2.869372
2.871783
2.874490
2.877437
2.880597
2.880166
2.878950
2.877125
2.874784
2.872083
2.869040
2.865674
2.866229
2.867534
2.869466
2.871829
2.874608
2.877555
2.880720
2.880207
2.878991
2.877189
2.874930
2.872229
2.869230
2.865837
2.866341
2.867674
2.869606
2.872014
2.874715
2.877668
2.880804
2.880341
2.879125
2.877300
2.875015
2.872314
2.869246
2.865909
2.866408
2.867718
2.869718
2.872764
2.877059
2.887512
2.883435
2.896124
2.895241
2.908156
2.908411
2.914630
2.919866
2.924894
2.911446
2.871697
2.811780
2.733549
2.640675
2.537495
2.469057
2.432036
2.455356
2.508794
2.578666
2.650783
2.716982
2.774928
2.823528
2.863500
2.895657
2.920038
2.938582
2.951563
2.960369
2.964666
2.966814
2.966463
2.964743
2.961595
2.956965
2.950781
2.943069
2.934727
2.925408
2.915228
2.905486
2.895365
2.886234
2.881352
2.877321
2.875823
2.875873
2.876702
2.878320
2.878684
2.878255
2.876555
2.873109
2.869400
2.865116
2.860157
2.853206
2.845708
2.837175
2.828957
2.820799
2.811690
2.803453
2.796665
2.791297
2.787038
2.783282
2.780005
2.776792
2.774074
2.772060
2.741407
2.661384
2.538396
2.381593
2.201639
2.008300
1.813590
1.630348
1.549333
1.494406
1.461024
1.442449
1.434135
1.435909
1.444598
1.459725
1.478685
1.501161
1.525218
1.550291
1.574274
1.596605
1.616047
1.632268
1.645635
1.658552
1.670197
1.679309
1.686722
1.692430
1.697293
1.701013
1.705196
1.708805
1.712911
1.716167
1.718970
1.720936
1.721642
1.721408
1.720675
1.719004
1.717421
1.716463
1.715098
1.713442
1.711791
1.709977
1.708189
1.705498
1.703313
1.700635
1.697534
1.694626
1.691552
1.688501
1.685932
1.682845
1.680150
1.677515
1.674249
1.671118
1.668669
1.665264
1.662251
1.658904
1.655941
1.652745
1.649353
1.646012
1.642518
1.639002
1.635501
1.631762
1.628044
1.624482
1.620578
1.616859
1.612876
1.609112
1.605310
1.601331
1.597502
1.593481
1.589650
1.585661
1.581813
1.577761
1.573761
1.569771
1.565739
1.561735
1.557550
1.553570
1.549161
1.545004
1.540447
1.536022
1.531619
1.527578
1.523010
1.518900
1.514425
1.509606
1.505150
1.500783
1.496174
1.491584
1.487010
1.482188
1.477570
1.472927
1.468487
1.463699
1.459178
1.454576
1.449591
1.445003
1.440362
1.435570
1.430852
1.426308
1.421556
1.416792
1.411994
1.407773
1.403125
1.398112
1.393621
1.389158
1.384771
1.380086
1.375415
1.371115
1.366927
1.362317
1.357876
1.353661
1.349468
1.345530
1.341189
1.336764
1.332574
1.328778
1.324784
1.320587
1.316629
1.312475
1.309035
1.304959
1.301318
1.297343
1.293832
1.290555
1.287019
1.283381
1.279999
1.276808
1.273763
1.270280
1.267077
1.263879
1.260621
1.257344
1.254295
1.251182
1.248006
1.245254
1.242263
1.239246
1.236237
1.233266
1.230538
1.227710
1.224829
1.221808
1.218615
1.215712
1.212795
1.209718
1.206714
1.203731
1.200573
1.197573
1.194621
1.191656
1.188637
1.185713
1.182530
1.179505
1.176716
1.173749
1.170823
1.167876
1.164590
1.161477
1.158235
1.154896
1.151762
1.148598
1.145380
1.142341
1.138946
1.135592
1.132411
1.129071
1.125576
1.122343
1.119083
1.115580
1.112284
1.108845
1.105433
1.102252
1.098778
1.095317
1.092062
1.088877
1.085615
1.082184
1.078857
1.075631
1.072330
1.069049
1.065701
1.062667
1.059676
1.056655
1.053307
1.050031
1.046681
1.043406
1.040064
1.036901
1.033534
1.030543
1.027309
1.024295
1.021294
1.018096
1.014982
1.011630
1.008384
1.005136
1.001724
0.998468
0.995190
0.991952
0.988615
0.985663
0.982595
0.979237
0.976083
0.973010
0.969858
0.966545
0.963283
0.959808
0.956549
0.953126
0.949893
0.946608
0.943242
0.940235
0.937063
0.933962
0.931282
0.928541
0.925680
0.922816
0.919986
0.917001
0.914215
0.911212
0.908374
0.905715
0.902940
0.900368
0.897713
0.894944
0.892221
0.889367
0.886736
0.883951
0.881054
0.878353
0.875630
0.873077
0.870372
0.867852
0.865309
0.862815
0.860127
0.857579
0.854827
0.852146
0.849376
0.846564
0.843652
0.841073
0.838312
0.835824
0.833063
0.830394
0.827679
0.825161
0.822602
0.820038
0.817473
0.814817
0.812204
0.809400
0.806979
0.804757
0.802238
0.799578
0.797018
0.794450
0.791747
0.789089
0.786593
0.783982
0.781277
0.778732
0.776286
0.773981
0.771519
0.769263
0.766955
0.764715
0.762396
0.759776
0.757386
0.754976
0.752454
0.750066
0.747489
0.744743
0.742060
0.739161
0.736337
0.733381
0.730606
0.727880
0.725056
0.722273
0.719633
0.717100
0.714235
0.711533
0.708609
0.705940
0.702975
0.700155
0.697154
0.694268
0.691293
0.688444
0.685092
0.681645
0.678207
0.674674
0.671322
0.667886
0.664351
0.661134
0.657559
0.654036
0.650629
0.647019
0.643603
0.639796
0.636222
0.632700
0.629110
0.625512
0.621881
0.618144
0.614784
0.611361
0.607904
0.604563
0.601600
0.598101
0.594699
0.591162
0.587618
0.584301
0.580828
0.577561
0.574216
0.570891
0.567786
0.564326
0.561261
0.558171
0.555180
0.551941
0.549175
0.545889
0.543041
0.540001
0.537108
0.534119
0.531166
0.528198
0.525462
0.522990
0.520475
0.518124
0.515825
0.513562
0.511275
0.508930
0.506642
0.504542
0.502306
0.500292
0.498148
0.495852
0.494050
0.491884
0.490001
0.487915
0.485997
0.484089
0.482017
0.480139
0.478294
0.476693
0.474906
0.473322
0.471535
0.469895
0.468359
0.466613
0.465153
0.463633
0.462188
0.460877
0.459456
0.458257
0.457148
0.455666
0.454529
0.453134
0.451879
0.450937
0.449618
0.448528
0.447213
0.445969
0.444743
0.443578
0.442381
0.441309
0.440263
0.439258
0.438158
0.437118
0.436088
0.435047
0.434114
0.433230
0.432249
0.431549
0.430711
0.429777
0.428825
0.427608
0.426659
0.425421
0.424529
0.423482
0.422386
0.421601
0.420562
0.419615
0.418542
0.417869
0.417035
0.416038
0.415126
0.414363
0.413485
0.412506
0.411692
0.410761
0.409969
0.409100
0.408186
0.407203
0.406326
0.405401
0.404524
0.403433
0.402561
0.401405
0.400137
0.398931
0.397544
0.396050
0.394242
0.392335
0.390439
0.388809
0.387252
0.385930
0.384124
0.382821
0.381085
0.379516
0.377884
0.376431
0.374902
0.373229
0.371594
0.369529
0.367907
0.366195
0.364833
0.363398
0.361851
0.360204
0.358659
0.356993
0.355356
0.353870
0.352327
0.350802
0.349221
0.347632
0.346101
0.344422
0.342805
0.341269
0.339637
0.337969
0.336494
0.335040
0.333554
0.331885
0.330204
0.328681
0.327052
0.325400
0.323800
0.322170
0.320569
0.319079
0.317463
0.315878
0.314106
0.312668
0.310766
0.309107
0.307493
0.305760
0.304114
0.302423
0.300334
0.298531
0.296842
0.295082
0.293395
0.291667
0.290031
0.288395
0.286608
0.285259
0.283881
0.282110
0.280422
0.278697
0.277235
0.275402
0.273778
0.272114
0.270297
0.268782
0.267206
0.265529
0.263905
0.262446
0.260950
0.259601
0.258158
0.256602
0.255155
0.253709
0.252067
0.250335
0.248710
0.247205
0.245492
0.243962
0.242388
0.240825
0.239132
0.237593
0.236035
0.234394
0.232842
0.231131
0.229811
0.228532
0.226945
0.225438
0.224038
0.221793
0.220119
0.218512
0.216926
0.215575
0.214135
0.212521
0.211150
0.209677
0.208192
0.206853
0.205414
0.204075
0.202731
0.201380
0.200179
0.198852
0.197414
0.196133
0.194695
0.193406
0.192017
0.190581
0.189281
0.187974
0.186763
0.185437
0.184157
0.182880
0.181610
0.180280
0.178932
0.177917
0.176610
0.175389
0.174022
0.172709
0.171605
0.170405
0.169058
0.167919
0.166648
0.165351
0.163286
0.162229
0.160857
0.159507
0.158194
0.156956
0.155972
0.154756
0.153597
0.152521
0.151374
0.150167
0.149113
0.147897
0.146830
0.145917
0.144838
0.143597
0.142292
0.141258
0.140132
0.138958
0.137733
0.136672
0.135751
0.134896
0.133793
0.132603
0.131473
0.130254
0.129114
0.127876
0.126634
0.125636
0.124322
0.123185
0.121962
0.120700
0.119438
0.118323
0.117210
0.116174
0.115069
0.113852
0.112780
0.111543
0.110553
0.108007
0.106857
0.105465
0.104133
0.103025
0.101999
0.100887
0.099821
0.098776
0.097572
0.096538
0.095391
0.094521
0.093445
0.092528
0.091761
0.090801
0.089769
0.088962
0.087977
0.087124
0.086101
0.085102
0.084305
0.083430
0.082889
0.082290
0.081386
0.080664
0.079816
0.079067
0.078147
0.077536
0.076564
0.075833
0.074971
0.074314
0.073609
0.072949
0.072144
0.071515
0.070838
0.070031
0.069372
0.067906
0.067153
0.066609
0.066044
0.065632
0.065098
0.064595
0.064142
0.063568
0.063185
0.062908
0.062234
0.062031
0.061553
0.060978
0.060736
0.060310
0.059816
0.059692
0.059285
0.058776
0.058341
0.057774
0.057381
0.057427
0.057023
0.056628
0.056182
0.055861
0.055393
0.054988
0.054625
0.054333
0.054266
0.053911
0.053641
0.053409
0.053137
0.052831
0.052363
0.052167
0.051829
0.051489
0.051152
0.050762
0.050456
0.050287
0.048142
0.047705
0.047137
0.046786
0.046366
0.046134
0.045882
0.045569
0.045376
0.045074
0.044801
0.044632
0.044340
0.044055
0.043810
0.043642
0.043295
0.043260
0.043256
0.043010
0.042859
0.042582
0.042298
0.042241
0.042110
0.041898
0.041666
0.041343
0.041149
0.040977
0.040743
0.040536
0.040690
0.040484
0.040333
0.040120
0.039882
0.039776
0.039550
0.039323
0.039218
0.038969
0.038751
0.038514
0.037481
0.037282
0.037276
0.037214
0.037294
0.037021
0.037140
0.037153
0.036986
0.037057
0.037121
0.037004
0.037235
0.037139
0.037014
0.037315
0.037105
0.036966
0.037250
0.037192
0.036953
0.036872
0.036691
0.036947
0.036818
0.036715
0.036585
0.036526
0.036440
0.036342
0.036212
0.036036
0.036018
0.036382
0.036232
0.036140
0.036126
0.036060
0.035845
0.035739
0.035727
0.035621
0.035530
0.035529
0.035444
0.035334
0.035236
0.033066
0.032741
0.032276
0.031987
0.031686
0.031633
0.031447
0.031371
0.031241
0.031257
0.031196
0.031068
0.031116
0.031064
0.030987
0.031072
0.030860
0.030833
0.030960
0.030981
0.031025
0.030987
0.031037
0.031197
0.031118
0.031080
0.031083
0.031008
0.031043
0.030998
0.030951
0.030858
0.031094
0.031078
0.031081
0.031118
0.031050
0.031031
0.031022
0.031013
0.030969
0.030964
0.031026
0.030917
0.029928
0.029930
0.030048
0.030084
0.030210
0.030201
0.030378
0.030542
0.030565
0.030801
0.031073
0.030919
0.031260
0.031282
0.031270
0.031656
0.031590
0.031591
0.031993
0.031993
0.031944
0.031972
0.031997
0.032370
0.032370
0.032421
0.032463
0.032429
0.032465
0.032426
0.032428
0.032487
0.032519
0.032909
0.032948
0.032948
0.032904
0.032935
0.032952
0.032916
0.032977
0.032936
0.032936
0.033018
0.033031
0.032940
0.033017
0.030834
0.030568
0.030159
0.029960
0.029840
0.029935
0.029839
0.029793
0.029766
0.029825
0.029892
0.029886
0.029933
0.029897
0.029893
0.029950
0.029999
0.029996
0.030062
0.030150
0.030080
0.030132
0.030151
0.030401
0.030465
0.030393
0.030437
0.030410
0.030337
0.030335
0.030399
0.030353
0.030631
0.030702
0.030721
0.030761
0.030801
0.030783
0.030806
0.030848
0.030828
0.030823
0.030812
0.030736
0.029787
0.029826
0.029868
0.029944
0.030177
0.030166
0.030279
0.030548
0.030651
0.030901
0.031194
0.031153
0.031434
0.031434
0.031353
0.031648
0.031729
0.031751
0.032028
0.031971
0.031918
0.031962
0.032004
0.032442
0.032399
0.032353
0.032353
0.032397
0.032358
0.032381
0.032313
0.032337
0.032384
0.032795
0.032795
0.032775
0.032830
0.032830
0.032832
0.032862
0.032744
0.032713
0.032701
0.032675
0.032681
0.032661
0.030524
0.030268
0.029874
0.029791
0.029583
0.029494
0.029366
0.029324
0.029336
0.029336
0.029371
0.029238
0.029392
0.029411
0.029444
0.029540
0.029554
0.029478
0.029662
0.029662
0.029664
0.029722
0.029722
0.029899
0.029929
0.029886
0.029869
0.029872
0.029904
0.029913
0.029815
0.029815
0.030252
0.030280
0.030239
0.030250
0.030163
0.030056
0.030056
0.030117
0.030124
0.030124
0.030123
0.030067
0.030062
0.029051
0.029112
0.029188
0.029257
0.029412
0.029412
0.029651
0.029879
0.029823
0.030039
0.030362
0.030362
0.030735
0.030778
0.030709
0.031019
0.031064
0.031033
0.031375
0.031404
0.031452
0.031442
0.031398
0.031810
0.031820
0.031820
0.031853
0.031843
0.031759
0.031753
0.031733
0.031821
0.031783
0.032223
0.032198
0.032213
0.032213
0.032200
0.032174
0.032147
0.032182
0.032187
0.032187
0.032266
0.032286
0.032286
0.030039
0.029727
0.029298
0.029143
0.028990
0.028908
0.028834
0.028840
0.028805
0.028805
0.028904
0.028904
0.028999
0.028988
0.028988
0.029090
0.029127
0.029127
0.029370
0.029357
0.029335
0.029349
0.029297
0.029558
0.029558
0.029605
0.029563
0.029542
0.029507
0.029489
0.029477
0.029525
0.029869
0.029917
0.029954
0.029954
0.029954
0.029908
0.029929
0.029944
0.029944
0.029944
0.029913
0.029925
0.028748
0.028694
0.028711
0.028894
0.029044
0.029044
0.029246
0.029456
0.029456
0.029747
0.030066
0.030057
0.030410
0.030410
0.030372
0.030758
0.030776
0.030791
0.031188
0.031181
0.031225
0.031225
0.031225
0.031274
0.031714
0.031708
0.031679
0.031676
0.031676
0.031696
0.031745
0.031770
0.031776
0.032197
0.032197
0.032170
0.032170
0.032219
0.032215
0.032215
0.032215
0.032196
0.032244
0.032244
0.032293
0.032268
0.032268
0.029839
0.029547
0.029084
0.028872
0.028852
0.028852
0.028783
0.028783
0.028828
0.028828
0.028881
0.028811
0.028902
0.028902
0.028933
0.029090
0.029090
0.029116
0.029333
0.029388
0.029347
0.029306
0.029307
0.029612
0.029612
0.029612
0.029612
0.029661
0.029663
0.029663
0.029689
0.029713
0.030134
0.030134
0.030136
0.030136
0.030186
0.030186
0.030128
0.030128
0.030131
0.030131
0.030165
0.030152
0.028834
0.028843
0.028933
0.029063
0.029279
0.029279
0.029497
0.029761
0.029852
0.030207
0.030551
0.030577
0.030953
0.030918
0.030905
0.031330
0.031312
0.031312
0.031751
0.031712
0.031745
0.031752
0.031713
0.031739
0.032207
0.032207
0.032207
0.032207
0.032207
0.032214
0.032214
0.032263
0.032263
0.032752
0.032752
0.032779
0.032788
0.032825
0.032825
0.032825
0.032825
0.032825
0.032825
0.032863
0.032872
0.032872
0.032872
0.030314
0.030064
0.029525
0.029352
0.029243
0.029195
0.029130
0.029125
0.029157
0.029206
0.029282
0.029282
0.029404
0.029414
0.029414
0.029614
0.029614
0.029661
0.029893
0.029893
0.029893
0.029904
0.029904
0.030183
0.030161
0.030209
0.030209
0.030209
0.030185
0.030185
0.030215
0.030227
0.030680
0.030689
0.030689
0.030689
0.030689
0.030689
0.030689
0.030689
0.030670
0.030670
0.030718
0.030730
0.029354
0.029325
0.029362
0.029514
0.029690
0.029652
0.029865
0.030145
0.030145
0.030510
0.030870
0.030883
0.031318
0.031318
0.031318
0.031740
0.031746
0.031746
0.032194
0.032194
0.032194
0.032194
0.032194
0.032693
0.032693
0.032734
0.032698
0.032731
0.032731
0.032731
0.032731
0.032731
0.032690
0.033180
0.033160
0.033160
0.033160
0.033202
0.033171
0.033171
0.033216
0.033294
0.033259
0.033319
0.033329
0.033329
0.033329
0.030752
0.030341
0.029820
0.029685
0.029563
0.029563
0.029494
0.029488
0.029525
0.029573
0.029603
0.029603
0.029709
0.029709
0.029709
0.029870
0.029822
0.029822
0.030069
0.030069
0.030069
0.030069
0.030067
0.030501
0.030516
0.030483
0.030483
0.030483
0.030483
0.030483
0.030483
0.030435
0.030898
0.030898
0.030880
0.030880
0.030928
0.030928
0.030921
0.030908
0.030908
0.030926
0.030913
0.030913
0.029561
0.029497
0.029596
0.029777
0.029953
0.029969
0.030155
0.030429
0.030429
0.030758
0.031075
0.031075
0.031462
0.031502
0.031502
0.031919
0.031919
0.031919
0.032363
0.032363
0.032363
0.032363
0.032363
0.032798
0.032798
0.032814
0.032814
0.032814
0.032814
0.032798
0.032814
0.032814
0.032814
0.033287
0.033287
0.033287
0.033287
0.033256
0.033273
0.033232
0.033232
0.033232
0.033195
0.033195
0.033195
0.033197
0.030631
0.030315
0.029815
0.029639
0.029561
0.029529
0.029455
0.029427
0.029474
0.029443
0.029496
0.029496
0.029585
0.029585
0.029585
0.029744
0.029760
0.029760
0.030035
0.029982
0.029982
0.029982
0.029944
0.030266
0.030266
0.030266
0.030266
0.030266
0.030266
0.030266
0.030247
0.030247
0.030725
0.030696
0.030696
0.030696
0.030696
0.030696
0.030696
0.030696
0.030696
0.030696
0.030696
0.030696
0.030696
0.029274
0.029272
0.029325
0.029418
0.029595
0.029638
0.029867
0.030143
0.030143
0.030463
0.030820
0.030820
0.031212
0.031212
0.031259
0.031681
0.031681
0.031681
0.032129
0.032101
0.032101
0.032147
0.032147
0.032541
0.032541
0.032541
0.032584
0.032584
0.032584
0.032541
0.032541
0.032541
0.032541
0.033036
0.033036
0.033036
0.033036
0.033009
0.033009
0.033009
0.033009
0.033009
0.032970
0.032970
0.032988
0.032950
0.030353
0.030032
0.029527
0.029350
0.029226
0.029200
0.029128
0.029104
0.029124
0.029095
0.029154
0.029154
0.029247
0.029247
0.029206
0.029341
0.029341
0.029341
0.029601
0.029601
0.029601
0.029601
0.029562
0.029932
0.029978
0.030010
0.030010
0.030010
0.030010
0.030010
0.029983
0.029983
0.030462
0.030462
0.030462
0.030462
0.030462
0.030435
0.030435
0.030435
0.030435
0.030435
0.030435
0.030435
0.030435
0.029066
0.029046
0.029101
0.029225
0.029360
0.029360
0.029589
0.029885
0.029851
0.030173
0.030506
0.030506
0.030935
0.030935
0.030935
0.031362
0.031362
0.031362
0.031816
0.031816
0.031791
0.031753
0.031753
0.032233
0.032233
0.032233
0.032233
0.032233
0.032233
0.032195
0.032195
0.032195
0.032698
0.032698
0.032698
0.032698
0.032698
0.032664
0.032710
0.032685
0.032685
0.032639
0.032639
0.032639
0.032639
0.030003
0.029680
0.029171
0.029040
0.028916
0.028916
0.028845
0.028823
0.028823
0.028808
0.028871
0.028871
0.028970
0.028970
0.028903
0.029044
0.029044
0.029044
0.029313
0.029331
0.029331
0.029331
0.029331
0.029708
0.029708
0.029708
0.029675
0.029675
0.029675
0.029675
0.029675
0.029675
0.029650
0.030143
0.030143
0.030143
0.030143
0.030143
0.030143
0.030143
0.030109
0.030109
0.030109
0.030109
0.030079
0.030079
0.028612
0.028586
0.028674
0.028796
0.029006
0.028964
0.029165
0.029447
0.029775
0.029745
0.030115
0.030115
0.030520
0.030552
0.030552
0.030989
0.030989
0.031035
0.031469
0.031469
0.031423
0.031423
0.031423
0.031915
0.031915
0.031915
0.031915
0.031961
0.031961
0.031954
0.031954
0.031954
0.032468
0.032468
0.032468
0.032468
0.032468
0.032468
0.032468
0.032468
0.032442
0.032442
0.032442
0.032460
0.032437
0.029733
0.029401
0.028882
0.028703
0.028581
0.028538
0.028471
0.028456
0.028456
0.028488
0.028561
0.028561
0.028671
0.028710
0.028759
0.028908
0.028908
0.028908
0.029185
0.029185
0.029185
0.029159
0.029159
0.029546
0.029546
0.029546
0.029546
0.029546
0.029546
0.029546
0.029546
0.029546
0.029521
0.030024
0.030024
0.030024
0.030024
0.030024
0.030024
0.030024
0.030024
0.030024
0.030024
0.030024
0.030024
0.028514
0.028481
0.028561
0.028683
0.028828
0.028828
0.029063
0.029309
0.029355
0.029692
0.030069
0.030069
0.030483
0.030483
0.030483
0.030929
0.030929
0.030929
0.031403
0.031365
0.031365
0.031365
0.031365
0.031865
0.031865
0.031865
0.031865
0.031865
0.031865
0.031865
0.031865
0.031865
0.031865
0.032386
0.032368
0.032368
0.032368
0.032387
0.032387
0.032387
0.032387
0.032419
0.032387
0.032387
0.032387
0.032368
0.029624
0.029286
0.028777
0.028629
0.028469
0.028469
0.028406
0.028398
0.028437
0.028437
0.028518
0.028518
0.028637
0.028637
0.028637
0.028797
0.028797
0.028797
0.029084
0.029084
0.029084
0.029084
0.029084
0.029479
0.029479
0.029479
0.029463
0.029463
0.029463
0.029463
0.029463
0.029463
0.029950
0.029950
0.029950
0.029950
0.029950
0.029950
0.029950
0.029950
0.029950
0.029950
0.029950
0.029914
0.029914
0.028345
