2.088742
1.956335
1.839843
1.765697
1.730213
1.718268
1.716365
1.716634
1.716734
1.716640
1.716365
1.716019
1.716045
1.716188
1.716445
1.716778
1.717040
1.716730
1.716177
1.715132
1.714016
1.712592
1.711188
1.709754
1.708484
1.707461
1.706729
1.706281
1.705831
1.705359
1.704936
1.704245
1.703661
1.703093
1.702607
1.702060
1.701669
1.700992
1.700382
1.699667
1.698762
1.698008
1.697400
1.696545
1.695681
1.695057
1.694491
1.693729
1.692845
1.692488
1.692044
1.691576
1.691260
1.690886
1.691190
1.690799
1.690657
1.690296
1.689654
1.689184
1.688744
1.688469
1.687879
1.687394
1.687104
1.686807
1.686536
1.686365
1.686051
1.685389
1.684910
1.684106
1.683527
1.683005
1.682291
1.681646
1.681145
1.680791
1.680069
1.679922
1.679142
1.678513
1.677937
1.677323
1.676503
1.676064
1.675246
1.674774
1.674435
1.673823
1.673503
1.673081
1.673017
1.672795
1.672520
1.672258
1.671938
1.671629
1.671161
1.671306
1.671126
1.670900
1.670625
1.670443
1.670268
1.669910
1.669663
1.669702
1.669451
1.669198
1.668828
1.668592
1.668320
1.668407
1.668422
1.668409
1.668484
1.668496
1.668422
1.668468
1.668085
1.667148
1.665979
1.664766
1.663604
1.662287
1.661215
1.659829
1.658682
1.657500
1.656401
1.655385
1.654440
1.653918
1.652763
1.652387
1.652008
1.651697
1.651309
1.650834
1.650265
1.649435
1.648765
1.648083
1.647209
1.646573
1.646147
1.645728
1.645501
1.645586
1.645575
1.645579
1.645477
1.645430
1.645330
1.644881
1.644675
1.643993
1.643615
1.642950
1.642452
1.641578
1.640435
1.639682
1.639699
1.639106
1.638517
1.638058
1.637771
1.636957
1.636316
1.635844
1.635285
1.635170
1.635043
1.634837
1.634244
1.633817
1.633629
1.633580
1.633726
1.634374
1.634844
1.635447
1.635758
1.636026
1.636683
1.636865
1.636946
1.637402
1.637080
1.636556
1.636347
1.636110
1.635721
1.635549
1.634712
1.634463
1.634221
1.633968
1.633473
1.633188
1.633026
1.632818
1.632603
1.632437
1.632674
1.633007
1.633407
1.633954
1.634077
1.634116
1.634526
1.634960
1.634898
1.634814
1.635123
1.634950
1.634826
1.634808
1.634845
1.634694
1.634398
1.634347
1.634379
1.634123
1.633676
1.633195
1.633565
1.633860
1.633917
1.634286
1.634837
1.635756
1.636432
1.637083
1.637603
1.638251
1.638812
1.639284
1.639499
1.639640
1.639744
1.639825
1.640239
1.640242
1.640491
1.640298
1.640198
1.640328
1.640402
1.640306
1.640165
1.640006
1.640263
1.639902
1.639511
1.638942
1.638385
1.638061
1.637664
1.637407
1.637256
1.637352
1.637407
1.637485
1.637454
1.637966
1.638323
1.638831
1.639452
1.640103
1.640798
1.641398
1.641709
1.642272
1.642738
1.643008
1.643390
1.643580
1.643773
1.643640
1.643696
1.643746
1.643832
1.644177
1.644351
1.644478
1.644792
1.645002
1.645323
1.645719
1.646256
1.646524
1.646919
1.647304
1.647542
1.647328
1.647737
1.647935
1.647984
1.648360
1.648517
1.648806
1.649119
1.649466
1.649825
1.650222
1.650350
1.650702
1.651016
1.651321
1.651675
1.651503
1.651803
1.651970
1.652194
1.652617
1.652990
1.653118
1.653435
1.653820
1.654095
1.654530
1.654923
1.655204
1.655865
1.656183
1.656531
1.657024
1.657476
1.657985
1.657948
1.658381
1.658877
1.659277
1.659674
1.660269
1.660741
1.661239
1.661622
1.662016
1.662428
1.662910
1.663411
1.663918
1.664299
1.664677
1.665204
1.665739
1.666206
1.666651
1.667166
1.667658
1.668093
1.668376
1.668869
1.669386
1.669861
1.670168
1.670668
1.671174
1.671652
1.672071
1.672522
1.672984
1.673430
1.673757
1.674136
1.674547
1.675079
1.675515
1.675948
1.676354
1.676785
1.677181
1.677659
1.678401
1.678890
1.679254
1.679612
1.680003
1.680272
1.680644
1.680806
1.681203
1.681580
1.681788
1.682031
1.682271
1.682551
1.683210
1.683639
1.683899
1.684168
1.684211
1.684228
1.684159
1.683996
1.684138
1.684080
1.684049
1.684101
1.684242
1.684352
1.684551
1.684493
1.684616
1.685235
1.685469
1.685458
1.685723
1.685888
1.686118
1.686287
1.686494
1.686640
1.686828
1.687016
1.687236
1.687319
1.687507
1.687594
1.687820
1.687899
1.687924
1.688074
1.688101
1.688086
1.688149
1.688330
1.688396
1.688485
1.688535
1.688641
1.688783
1.688797
1.689020
1.689083
1.689259
1.689461
1.689555
1.689712
1.689838
1.689918
1.690002
1.690032
1.690176
1.690222
1.690171
1.690225
1.690272
1.690389
1.690330
1.690470
1.690407
1.690512
1.690400
1.690868
1.690862
1.690937
1.690888
1.690896
1.690975
1.690909
1.690850
1.690753
1.690835
1.690856
1.690735
1.690768
1.690630
1.690637
1.690602
1.690511
1.690693
1.690488
1.690467
1.690421
1.690359
1.690307
1.690279
1.690124
1.689972
1.690012
1.690077
1.690020
1.690000
1.689975
1.689794
1.689764
1.689652
1.689530
1.689434
1.689351
1.689236
1.688990
1.688832
1.688801
1.688730
1.688501
1.688463
1.688403
1.688289
1.688148
1.687966
1.687983
1.687853
1.687591
1.687482
1.687218
1.687108
1.686987
1.686875
1.686726
1.686499
1.686402
1.686286
1.686137
1.685960
1.685743
1.685638
1.685490
1.685206
1.685138
1.684868
1.684735
1.684634
1.684308
1.684212
1.683941
1.683787
1.683667
1.683437
1.683315
1.683057
1.682939
1.682739
1.682539
1.682303
1.682248
1.682144
1.682204
1.682076
1.681811
1.681665
1.681561
1.681381
1.681129
1.681039
1.680775
1.680588
1.680308
1.680077
1.679903
1.679721
1.679493
1.679243
1.679057
1.678873
1.678706
1.678438
1.678280
1.677995
1.677824
1.677557
1.677306
1.677211
1.676981
1.676914
1.676668
1.676441
1.676227
1.675963
1.675661
1.675573
1.675378
1.675118
1.674909
1.674652
1.674376
1.674274
1.673970
1.673862
1.673612
1.673416
1.673132
1.672946
1.672736
1.672573
1.672363
1.672180
1.671918
1.671734
1.671450
1.671218
1.670959
1.670788
1.670560
1.670322
1.670083
1.669831
1.669487
1.669276
1.669233
1.669431
1.669253
1.669053
1.668852
1.668738
1.668675
1.668418
1.668231
1.668031
1.667867
1.667656
1.667383
1.667269
1.667072
1.666941
1.666827
1.666677
1.666536
1.666352
1.666246
1.666115
1.665945
1.665779
1.665677
1.665714
1.665585
1.665503
1.665367
1.665283
1.665176
1.664955
1.664996
1.664890
1.664795
1.664623
1.664395
1.664359
1.664255
1.664170
1.664011
1.663911
1.663802
1.663537
1.663501
1.663414
1.663264
1.663147
1.663038
1.663055
1.662911
1.662803
1.662756
1.662728
1.662734
1.662634
1.662529
1.662397
1.662314
1.662255
1.661982
1.661923
1.661829
1.661797
1.661782
1.661778
1.661769
1.661641
1.661613
1.661496
1.661445
1.661431
1.661395
1.661390
1.661290
1.661204
1.661150
1.661043
1.660980
1.660879
1.660830
1.660797
1.660683
1.660633
1.660601
1.660502
1.660474
1.660456
1.660398
1.660387
1.660287
1.660295
1.660259
1.660161
1.660199
1.660199
1.660099
1.660094
1.660089
1.660011
1.659931
1.659917
1.659909
1.659859
1.659806
1.659728
1.659714
1.659664
1.659678
1.659628
1.659550
1.659495
1.659484
1.659411
1.659457
1.659429
1.659378
1.659350
1.659272
1.659263
1.659236
1.659278
1.659278
1.659319
1.659240
1.659190
1.659198
1.659168
1.659164
1.659111
1.659059
1.659109
1.659027
1.659018
1.658969
1.658919
1.658909
1.658864
1.658825
1.658848
1.658798
1.658840
1.658845
1.658795
1.658839
1.658818
1.658766
1.658775
1.658765
1.658715
1.658715
1.658663
1.658665
1.658587
1.658576
1.658527
1.658615
1.658584
1.658558
1.658558
1.658509
1.658508
1.658508
1.658468
1.658560
1.658604
1.658554
1.658504
1.658454
1.658454
1.658468
1.658467
1.658396
1.658411
1.658452
1.658452
1.658402
1.658400
1.658416
1.658416
1.658416
1.658458
1.658430
1.658398
1.658440
1.658431
1.658409
1.658381
1.658461
1.658480
1.658430
1.658480
1.658430
1.658585
1.658557
1.658558
1.658608
1.658558
1.658558
1.658564
1.658552
1.658552
1.658530
1.658522
1.658520
1.658492
1.658492
1.658534
1.658491
1.658539
1.658526
1.658501
1.658501
1.658529
1.658480
1.658522
1.658519
1.658544
1.658536
1.658486
1.658461
1.658439
1.658481
1.658507
1.658507
1.658555
1.658586
1.658537
1.658538
1.658538
1.658597
1.658617
1.658614
1.658615
1.658565
1.658557
1.658555
1.658611
1.658656
1.658620
1.658620
1.658668
1.658668
1.658670
1.658699
1.658727
1.658689
1.658639
1.658678
1.658728
1.658678
1.658656
1.658728
1.658726
1.658726
1.658720
1.658670
1.658720
1.658795
1.658796
1.658781
1.658780
1.658781
1.658781
1.658808
1.658706
1.658747
1.658747
1.658789
1.658761
1.658772
1.658738
1.658744
1.658744
1.658839
1.658889
1.658839
1.658866
1.658866
1.658866
1.658892
1.658892
1.658842
1.658835
1.658832
1.658833
1.658833
1.658874
1.658774
1.658802
1.658802
1.658800
1.658836
1.658804
1.658804
1.658805
1.658874
1.658874
1.658874
1.658874
1.658824
1.658825
1.658829
1.658797
1.658753
1.658745
1.658746
1.658756
1.658756
1.658785
1.658735
1.658685
1.658655
1.658655
1.658697
1.658724
1.658626
1.658628
1.658628
1.658677
1.658728
1.658698
1.658649
1.658626
1.658668
1.658668
1.658711
1.658751
1.658718
1.658668
1.658618
1.658618
1.658569
1.658569
1.658568
1.658518
1.658519
1.658570
1.658570
1.658612
1.658562
1.658562
1.658484
1.658486
1.658486
1.658462
1.658414
1.658413
1.658436
1.658433
1.658383
1.658383
1.658340
1.658383
1.658358
1.658408
1.658435
1.658435
1.658335
1.658334
1.658284
1.658282
1.658260
1.658211
1.658211
1.658238
1.658238
1.658238
1.658188
1.658115
1.658114
1.658156
1.658158
1.658158
1.658108
1.658108
1.658134
1.658112
1.658112
1.658012
1.658012
1.658011
1.658011
1.658012
1.657983
1.657962
1.657962
1.657962
1.657990
1.657990
1.657890
1.657888
1.657888
1.657895
1.657896
1.657943
1.657893
1.657885
1.657885
1.657936
1.657895
1.657904
1.657904
1.657854
1.657854
1.657804
1.657804
1.657848
1.657848
1.657781
1.657781
1.657730
1.657731
1.657731
1.657731
1.657731
1.657731
1.657794
1.657794
1.657794
1.657793
1.657793
1.657739
1.657741
1.657741
1.657726
1.657626
1.657626
1.657625
1.657575
1.657577
1.657577
1.657564
1.657614
1.657614
1.657642
1.657592
1.657562
1.657560
1.657560
1.657521
1.657520
1.657471
1.657489
1.657438
1.657438
1.657437
1.657438
1.657428
1.657428
1.657450
1.657400
1.657400
1.657400
1.657401
1.657401
1.657441
1.657391
1.657419
1.657368
1.657368
1.657368
1.657368
1.657360
1.657338
1.657337
1.657411
1.657361
1.657403
1.657404
1.657403
1.657397
1.657397
1.657302
1.657301
1.657250
1.657250
1.657229
1.657224
1.657224
1.657225
1.657225
1.657225
1.657296
1.657246
1.657269
1.657267
1.657318
1.657317
1.657245
1.657245
1.657245
1.657250
1.657198
1.657170
1.657170
1.657221
1.657201
1.657200
1.657250
1.657251
1.657251
1.657223
1.657201
1.657201
1.657150
1.657150
1.657127
1.657130
1.657152
1.657174
1.657172
1.657122
1.657072
1.657050
1.657100
1.657102
1.657103
1.657128
1.657128
1.657127
1.657099
1.657049
1.657054
1.657029
1.657029
1.657029
1.657030
1.657057
1.657057
1.657062
1.657084
1.657055
1.657054
1.657054
1.657053
1.657003
1.657011
1.657011
1.657011
1.657011
1.657061
1.657037
1.657029
1.657038
1.657084
1.657134
1.657184
1.657183
1.657185
1.657184
1.657195
1.657239
1.657138
1.657138
1.657138
1.657137
1.657149
1.657149
1.657149
1.657149
1.657149
1.657149
1.657199
1.657163
1.657162
1.657145
1.657167
1.657167
1.657117
1.657131
1.657109
1.657109
1.657109
1.657059
1.657059
1.657074
1.657075
1.657120
1.657192
1.657192
1.657191
1.657208
1.657208
1.657159
1.657108
1.657109
1.657087
1.657105
1.657105
1.657105
1.657105
1.657120
1.657120
1.657119
1.657161
1.657162
1.657139
1.657139
1.657139
1.657138
1.657109
1.657109
1.657109
1.657108
1.657058
1.657080
1.657080
1.657080
1.657101
1.657151
1.657193
1.657216
1.657216
1.657216
1.657215
1.657165
1.657164
1.657139
1.657138
1.657138
1.657136
1.657135
1.657135
1.657160
1.657210
1.657211
1.657156
1.657108
1.657108
1.657162
1.657161
1.657161
1.657133
1.657083
1.657083
1.657110
1.657110
1.657110
1.657087
1.657137
1.657188
1.657216
1.657216
1.657216
1.657189
1.657138
1.657138
1.657169
1.657169
1.657118
1.657067
1.657067
1.657117
1.657117
1.657147
1.657147
1.657198
1.657198
1.657198
1.657198
1.657198
1.657178
1.657179
1.657129
1.657129
1.657180
1.657129
1.657129
1.657161
1.657161
1.657111
1.657161
1.657112
1.657112
1.657113
1.657108
1.657110
1.657110
1.657110
1.657110
1.657110
1.657110
1.657059
1.657043
1.657042
1.657042
1.657042
1.657043
1.657093
1.657093
1.657049
1.657084
1.657084
1.657035
1.657035
1.657035
1.657034
1.657034
1.656984
1.656949
1.656984
1.656984
1.656984
1.656935
1.656935
1.656935
1.656935
1.656935
1.656934
1.656969
1.656969
1.656969
1.656969
1.656868
1.656867
1.656867
1.656834
1.656833
1.656912
1.656911
1.656963
1.656962
1.656962
1.656937
1.656937
1.656987
1.656987
1.656935
1.656936
1.656922
1.656890
1.656890
1.656840
1.656840
1.656840
1.656840
1.656891
1.656991
1.656991
1.656991
1.656991
1.656979
1.656948
1.656948
1.656922
1.656921
1.656871
1.656870
1.656920
1.656920
1.656920
1.656870
1.656870
1.656842
1.656891
1.656931
1.656929
1.656929
1.656929
1.656880
1.656829
1.656829
1.656829
1.656751
1.656750
1.656750
1.656751
1.656751
1.656751
1.656752
1.656702
1.656750
1.656764
1.656764
1.656715
1.656715
1.656714
1.656714
1.656714
1.656713
1.656687
1.656687
1.656685
1.656685
1.656686
1.656686
1.656687
1.656687
1.656662
1.656662
1.656660
1.656659
1.656659
1.656659
1.656659
1.656658
1.656634
1.656632
1.656632
1.656675
1.656675
1.656673
1.656673
1.656650
1.656648
1.656598
1.656598
1.656597
1.656597
1.656597
1.656573
1.656523
1.656523
1.656523
1.656546
1.656595
1.656593
1.656572
1.656572
1.656599
1.656550
1.656550
1.656548
1.656598
1.656578
1.656578
1.656478
1.656449
1.656449
1.656450
1.656430
1.656430
1.656479
1.656478
1.656505
1.656505
1.656505
1.656488
1.656488
1.656486
1.656459
1.656409
1.656409
1.656409
1.656391
1.656391
1.656341
1.656340
1.656390
1.656440
1.656424
1.656423
1.656424
1.656424
1.656424
1.656425
1.656375
1.656308
1.656307
1.656308
1.656310
1.656311
1.656312
1.656348
1.656348
1.656298
1.656348
1.656298
1.656299
1.656300
1.656236
1.656186
1.656187
1.656187
1.656187
1.656238
1.656175
1.656175
1.656176
1.656177
1.656128
1.656129
1.656116
1.656117
1.656118
1.656099
1.656099
1.656100
1.656090
1.656089
1.656089
1.656089
1.656040
1.656040
1.655981
1.656080
1.657030
1.663917
1.663722
1.673248
1.677621
1.690760
1.697457
1.707440
1.715895
1.724508
1.730919
1.737374
1.742105
1.745790
1.748093
1.749385
1.749569
1.748452
1.746160
1.743700
1.741148
1.739295
1.737485
1.735898
1.734545
1.733020
1.731514
1.729865
1.728065
1.726096
1.724328
1.722472
1.720932
1.719628
1.718350
1.717084
1.715809
1.714790
1.713376
1.712165
1.710841
1.709501
1.708096
1.706876
1.705536
1.704206
1.702884
1.701565
1.700297
1.698944
1.697482
1.695210
1.691146
1.684950
1.676784
1.667085
1.656664
1.645732
1.634884
1.624171
1.613789
1.603394
1.593011
1.583077
1.573268
1.562982
1.552263
1.541362
1.530472
1.519313
1.508136
1.496769
1.485097
1.473573
1.462520
1.451979
1.443064
1.435233
1.429430
1.425201
1.422167
1.420390
1.419247
1.418465
1.417529
1.416662
1.415418
1.413765
1.411892
1.409713
1.407422
1.405365
1.403336
1.401446
1.399694
1.397943
1.396344
1.394762
1.393253
1.391677
1.390053
1.388215
1.386483
1.384505
1.382630
1.380571
1.378560
1.376570
1.374632
1.372705
1.370663
1.368602
1.366438
1.364217
1.362124
1.360010
1.357984
1.355976
1.353873
1.351691
1.349440
1.347394
1.345117
1.342927
1.340789
1.338610
1.336465
1.334356
1.332129
1.329830
1.327618
1.325505
1.323076
1.320658
1.318357
1.315955
1.313541
1.311191
1.309021
1.306615
1.304190
1.301953
1.299425
1.297284
1.295020
1.292645
1.290125
1.287905
1.285402
1.283112
1.280668
1.278277
1.275797
1.273360
1.271046
1.268536
1.266389
1.264169
1.261853
1.259380
1.257167
1.254695
1.252422
1.250039
1.247989
1.245781
1.243373
1.241115
1.238899
1.236734
1.234358
1.231865
1.229446
1.226950
1.224478
1.222122
1.219742
1.217274
1.215034
1.212663
1.210287
1.208127
1.205801
1.203404
1.201121
1.199046
1.196921
1.194612
1.192371
1.190057
1.187932
1.185599
1.183688
1.181866
1.179836
1.177777
1.175368
1.173394
1.171676
1.169520
1.167418
1.165235
1.163054
1.160848
1.158657
1.156412
1.154356
1.152025
1.149679
1.147495
1.145168
1.142915
1.140841
1.138513
1.136222
1.133826
1.131597
1.129160
1.126844
1.124635
1.122153
1.119716
1.117268
1.115026
1.112278
1.110068
1.107766
1.105260
1.103024
1.100549
1.098097
1.095435
1.092970
1.090412
1.087860
1.085269
1.082685
1.080258
1.077660
1.075026
1.072474
1.069787
1.067484
1.065055
1.062791
1.060365
1.058077
1.055801
1.053576
1.051362
1.049033
1.047200
1.045201
1.043275
1.041277
1.039194
1.037100
1.034907
1.032797
1.030620
1.028484
1.026083
1.023645
1.021205
1.018847
1.016541
1.014030
1.011668
1.009266
1.006506
1.004547
1.002394
1.000381
0.998133
0.995672
0.993185
0.990858
0.988444
0.985994
0.983615
0.981426
0.978808
0.976464
0.974082
0.972093
0.969946
0.967689
0.965636
0.963709
0.961695
0.959906
0.958032
0.956391
0.955045
0.953458
0.951934
0.950264
0.948602
0.946829
0.945095
0.943354
0.941552
0.939333
0.937397
0.935278
0.933097
0.931373
0.929606
0.928478
0.927569
0.926903
0.926452
0.926073
0.925665
0.925171
0.924523
0.923949
0.923221
0.922033
0.920490
0.919076
0.917346
0.915401
0.913323
0.911284
0.909186
0.907231
0.905702
0.904387
0.903234
0.902302
0.901099
0.900050
0.898844
0.897641
0.896236
0.894534
0.892437
0.890084
0.887807
0.885375
0.883247
0.881233
0.879443
0.877997
0.877172
0.875882
0.875029
0.874050
0.873214
0.872178
0.870818
0.869434
0.867507
0.865617
0.863742
0.861875
0.860071
0.857967
0.856059
0.854261
0.852515
0.850974
0.849641
0.848245
0.847048
0.845668
0.844141
0.842979
0.841532
0.839879
0.838171
0.836422
0.834603
0.832956
0.831174
0.829621
0.828168
0.826454
0.824926
0.823258
0.821529
0.819853
0.818285
0.816874
0.815427
0.813736
0.812061
0.810340
0.808857
0.807226
0.805734
0.804198
0.802680
0.801396
0.800176
0.798783
0.797267
0.795429
0.793652
0.791809
0.790099
0.788337
0.786473
0.784734
0.782741
0.780820
0.779095
0.777430
0.775598
0.774012
0.772366
0.770858
0.769166
0.767604
0.765794
0.764003
0.761880
0.759775
0.757708
0.755618
0.753335
0.751288
0.749119
0.747149
0.745551
0.743809
0.742265
0.740741
0.739031
0.737312
0.735323
0.733106
0.730842
0.728310
0.725856
0.723424
0.720913
0.718476
0.715779
0.713285
0.710815
0.708304
0.705806
0.703152
0.700521
0.698159
0.695560
0.692542
0.689903
0.687036
0.684429
0.681643
0.678992
0.675969
0.673126
0.670407
0.667496
0.664759
0.662317
0.659668
0.657058
0.654248
0.651904
0.649711
0.647349
0.645157
0.642952
0.640677
0.638321
0.636220
0.634212
0.631884
0.629398
0.627184
0.624699
0.622364
0.619875
0.617643
0.615312
0.612822
0.610470
0.608172
0.605798
0.603376
0.601222
0.599191
0.596853
0.594620
0.592311
0.590102
0.587794
0.585552
0.583175
0.580889
0.578404
0.575963
0.573519
0.570969
0.568659
0.566139
0.563973
0.561392
0.559123
0.556582
0.554263
0.551871
0.549685
0.547280
0.544937
0.542744
0.540423
0.538022
0.535973
0.533813
0.531563
0.529358
0.527277
0.524991
0.522793
0.520613
0.518486
0.516292
0.514185
0.512079
0.509974
0.507686
0.505270
0.503044
0.500664
0.498396
0.496181
0.493889
0.491542
0.489204
0.486829
0.484500
0.481949
0.479687
0.477162
0.474979
0.472671
0.470444
0.468141
0.465797
0.463367
0.460887
0.458561
0.456199
0.453860
0.451568
0.449229
0.446843
0.444504
0.442018
0.439598
0.437252
0.434733
0.432278
0.429901
0.427592
0.425267
0.422586
0.420280
0.418105
0.415736
0.413077
0.410451
0.408114
0.405889
0.403190
0.400529
0.397899
0.395661
0.393356
0.390905
0.388128
0.385431
0.382967
0.380700
0.378206
0.375522
0.372630
0.370110
0.367726
0.365363
0.362642
0.359797
0.357140
0.354739
0.352408
0.349998
0.347269
0.344623
0.341968
0.339727
0.337456
0.335021
0.332382
0.330030
0.327701
0.325248
0.322706
0.320342
0.317900
0.315579
0.313148
0.310802
0.308371
0.306103
0.303926
0.301504
0.299216
0.297055
0.294578
0.292453
0.290303
0.288411
0.286290
0.284292
0.282092
0.279717
0.277601
0.275355
0.273206
0.271111
0.268878
0.266784
0.264731
0.262634
0.260554
0.258584
0.256407
0.254350
0.252329
0.250446
0.248349
0.246183
0.244283
0.242279
0.240171
0.238242
0.236252
0.234413
0.232404
0.230381
0.228434
0.226507
0.224559
0.222702
0.220714
0.218909
0.216905
0.214932
0.213079
0.211180
0.209235
0.207415
0.205630
0.203751
0.201784
0.200114
0.198199
0.196560
0.194792
0.192997
0.191158
0.189612
0.188010
0.186200
0.184616
0.182924
0.181429
0.179859
0.178317
0.176905
0.175377
0.173823
0.172432
0.171026
0.169731
0.168438
0.167076
0.165669
0.164390
0.163316
0.162202
0.161048
0.159888
0.158701
0.157519
0.156363
0.155172
0.153933
0.152889
0.151816
0.150570
0.149472
0.148372
0.147399
0.146312
0.145237
0.144334
0.143213
0.142235
0.141272
0.140140
0.139154
0.138163
0.137189
0.136191
0.135415
0.134585
0.133555
0.132643
0.131711
0.130940
0.130096
0.129360
0.129135
0.129083
0.129136
0.129520
0.129799
0.130062
0.130176
0.129991
0.129675
0.129135
0.128515
0.127749
0.126846
0.125970
0.125094
0.124200
0.123341
0.122498
0.121819
0.121154
0.120479
0.119797
0.119316
0.118615
0.117952
0.117402
0.116743
0.115837
0.115038
0.114180
0.113460
0.112640
0.111816
0.111214
0.110402
0.109582
0.108900
0.108232
0.107569
0.106879
0.106258
0.105576
0.105019
0.104529
0.103966
0.103427
0.102922
0.102411
0.101898
0.101468
0.100924
0.100215
0.099830
0.099275
0.098731
0.098097
0.097515
0.096973
0.096459
0.095863
0.095210
0.094653
0.094071
0.093771
0.093071
0.092618
0.092240
0.091730
0.091350
0.090925
0.090554
0.090001
0.089662
0.089250
0.088955
0.088500
0.087980
0.087740
0.087256
0.087012
0.086572
0.086248
0.085959
0.085512
0.085191
0.084790
0.084510
0.084319
0.083883
0.083618
0.083218
0.083011
0.082634
0.082297
0.082194
0.081890
0.081617
0.081423
0.081050
0.080784
0.080636
0.080226
0.080002
0.079702
0.079362
0.079184
0.078969
0.078601
0.078338
0.078092
0.077966
0.077697
0.077422
0.077314
0.077019
0.076766
0.076559
0.076370
0.076025
0.075740
0.075540
0.075226
0.075000
0.074863
0.074657
0.074337
0.074121
0.073892
0.073694
0.073397
0.073212
0.072931
0.072706
0.072478
0.072258
0.072028
0.071851
0.071523
0.071291
0.071003
0.070745
0.070495
0.070328
0.070113
0.069894
0.069648
0.069408
0.069131
0.068890
0.068574
0.068343
0.068111
0.067936
0.067527
0.067283
0.067161
0.066806
0.066676
0.066453
0.066125
0.065897
0.065684
0.065375
0.065041
0.064777
0.064575
0.064275
0.064084
0.063818
0.063479
0.063293
0.063013
0.062721
0.062513
0.062153
0.061999
0.061685
0.061507
0.061093
0.060849
0.060604
0.060312
0.059950
0.059756
0.059571
0.059253
0.058923
0.058626
0.058294
0.058093
0.057846
0.057551
0.057275
0.056945
0.056710
0.056487
0.056201
0.055946
0.055469
0.055239
0.054974
0.054711
0.054394
0.054161
0.053928
0.053565
0.053282
0.053014
0.052799
0.052701
0.052356
0.052052
0.051669
0.051363
0.051176
0.050865
0.050590
0.050253
0.049995
0.049756
0.049533
0.049198
0.048946
0.048677
0.048480
0.048297
0.048033
0.047706
0.047561
0.047199
0.046955
0.046614
0.046415
0.046217
0.046076
0.045865
0.045499
0.045382
0.045156
0.044897
0.044786
0.044576
0.044432
0.044154
0.043864
0.043787
0.043469
0.043267
0.043047
0.042819
0.042706
0.042613
0.042409
0.042230
0.042128
0.041929
0.041818
0.041670
0.041473
0.041307
0.041266
0.041052
0.040780
0.040694
0.040672
0.040612
0.040405
0.040346
0.040255
0.040041
0.039878
0.039786
0.039575
0.039430
0.039379
0.039271
0.039141
0.038952
0.038896
0.038826
0.038747
0.038643
0.038576
0.038400
0.038290
0.038219
0.038138
0.038024
0.037869
0.037774
0.037797
0.037658
0.037563
0.037463
0.037399
0.037339
0.037336
0.037327
0.037176
0.037054
0.036949
0.036879
0.036875
0.036674
0.036648
0.036561
0.036487
0.036437
0.036305
0.036259
0.036232
0.036054
0.036075
0.036041
0.035894
0.035795
0.035782
0.035691
0.035660
0.035629
0.035477
0.035433
0.035404
0.035403
0.035310
0.035339
0.035284
0.035125
0.035111
0.035076
0.034964
0.034839
0.034879
0.034803
0.034755
0.034711
0.034645
0.034665
0.034617
0.034556
0.034452
0.034419
0.034345
0.034196
0.034177
0.034216
0.034167
0.034067
0.034048
0.034008
0.033963
0.033942
0.033772
0.033777
0.033728
0.033728
0.033732
0.033619
0.033593
0.033608
0.033556
0.033462
0.033377
0.033370
0.033397
0.033405
0.033438
0.033372
0.033279
0.033173
0.033158
0.033189
0.033145
0.033145
0.033013
0.032997
0.032997
0.033046
0.032917
0.032861
0.032878
0.032841
0.032816
0.032826
0.032744
0.032774
0.032732
0.032678
0.032632
0.032494
0.032417
0.032456
0.032456
0.032440
0.032485
0.032485
0.032365
0.032235
0.032139
0.032123
0.032129
0.032163
0.032162
0.032116
0.032113
0.032077
0.032030
0.032030
0.031941
0.031924
0.031924
0.031877
0.031843
0.031780
0.031780
0.031798
0.031717
0.031731
0.031686
0.031686
0.031708
0.031708
0.031708
0.031665
0.031665
0.031681
0.031620
0.031587
0.031465
0.031448
0.031441
0.031419
0.031419
0.031377
0.031339
0.031387
0.031354
0.031354
0.031313
0.031354
0.031351
0.031319
0.031268
0.031192
0.031192
0.031174
0.031192
0.031192
0.031221
0.031182
0.031137
0.031137
0.031156
0.031061
0.031091
0.031069
0.031020
0.031019
0.030974
0.030893
0.030825
0.030825
0.030842
0.030858
0.030858
0.030871
0.030820
0.030769
0.030752
0.030738
0.030762
0.030772
0.030687
0.030687
0.030673
0.030673
0.030643
0.030626
0.030626
0.030611
0.030611
0.030628
0.030628
0.030593
0.030593
0.030552
0.030552
0.030522
0.030522
0.030522
0.030534
0.030541
0.030541
0.030527
0.030422
0.030441
0.030468
0.030442
0.030495
0.030451
0.030451
0.030451
0.030451
0.030451
0.030451
0.030433
0.030433
0.030444
0.030444
0.030399
0.030370
0.030370
0.030404
0.030388
0.030344
0.030344
0.030306
0.030306
0.030306
0.030367
0.030342
0.030342
0.030286
0.030311
0.030311
0.030255
0.030319
0.030289
0.030289
0.030289
0.030246
0.030289
0.030289
0.030289
0.030328
0.030305
0.030227
0.030227
0.030252
0.030275
0.030241
0.030241
0.030241
0.030263
0.030299
0.030267
0.030223
0.030245
0.030217
0.030217
0.030249
0.030252
0.030255
0.030281
0.030250
0.030227
0.030188
0.030214
0.030158
0.030139
0.030132
0.030104
0.030130
0.030175
0.030175
0.030143
0.030143
0.030111
0.030111
0.030094
0.030075
0.030075
0.030110
0.030110
0.030110
0.030110
0.030066
0.030066
0.030066
0.030066
0.030066
0.030051
0.030040
0.030040
0.030063
0.030025
0.029990
0.029990
0.029988
0.029988
0.029988
0.029988
0.029975
0.029975
0.029987
0.029987
0.030016
0.030016
0.030008
0.030008
0.029961
0.029961
0.029999
0.029918
0.029922
0.029922
0.029922
0.029905
0.029867
0.029867
0.029904
0.029904
0.029904
0.029892
0.029892
0.029851
0.029842
0.029859
0.029859
0.029859
0.029859
0.029823
0.029835
0.029835
0.029799
0.029833
0.029864
0.029901
0.029832
0.029822
0.029838
0.029838
0.029834
0.029834
0.029868
0.029868
0.029868
0.029842
0.029842
0.029842
0.029803
0.029803
0.029837
0.029893
0.029910
0.029902
0.029864
0.029864
0.029864
0.029865
0.029818
0.029784
0.029739
0.029738
0.029736
0.029736
0.029736
0.029753
0.029718
0.029764
0.029759
0.029759
0.029759
0.029759
0.029721
0.029675
0.029659
0.029684
0.029680
0.029644
0.029661
0.029661
0.029707
0.029707
0.029707
0.029707
0.029704
0.029704
0.029704
0.029658
0.029617
0.029582
0.029619
0.029617
0.029617
0.029674
0.029706
0.029673
0.029673
0.029584
0.029584
0.029583
0.029551
0.029551
0.029551
0.029551
0.029551
0.029542
0.029540
0.029541
0.029469
0.029469
0.029453
0.029490
0.029490
0.029506
0.029506
0.029460
0.029460
0.029460
0.029429
0.029429
0.029429
0.029429
0.029429
0.029384
0.029384
0.029351
0.029351
0.029351
0.029351
0.029389
0.029389
0.029316
0.029316
0.029316
0.029336
0.029366
0.029366
0.029366
0.029366
0.029325
0.029325
0.029325
0.029293
0.029263
0.029263
0.029263
0.029302
0.029263
0.029263
0.029263
0.029224
0.029254
0.029256
0.029228
0.029181
0.029220
0.029200
0.029224
0.029224
0.029224
0.029224
0.029224
0.029178
0.029146
0.029146
0.029159
0.029148
0.029148
0.029148
0.029102
0.029102
0.029102
0.029102
0.029102
0.029116
0.029116
0.029116
0.029071
0.029071
0.029071
0.029088
0.029088
0.029088
0.029099
0.029115
0.029110
0.029080
0.029080
0.029080
0.029080
0.029080
0.029080
0.029080
0.029057
0.029032
0.029007
0.029007
0.029007
0.028990
0.028990
0.028990
0.028990
0.028947
0.028921
0.028941
0.028941
0.028912
0.028930
0.028930
0.028892
0.028892
0.028881
0.028881
0.028864
0.028864
0.028858
0.028858
0.028858
0.028858
0.028887
0.028904
0.028863
0.028910
0.028904
0.028904
0.028876
0.028830
0.028838
0.028809
0.028809
0.028771
0.028732
0.028732
0.028732
0.028777
0.028823
0.028823
0.028823
0.028851
0.028851
0.028851
0.028748
0.028727
0.028767
0.028767
0.028767
0.028767
0.028785
0.028791
0.028819
0.028784
0.028813
0.028813
0.028774
0.028739
0.028710
0.028704
0.028660
0.028660
0.028660
0.028660
0.028723
0.028683
0.028711
0.028743
0.028743
0.028743
0.028743
0.028680
0.028682
0.028682
0.028682
0.028682
0.028655
0.028635
0.028635
0.028635
0.028663
0.028663
0.028662
0.028662
0.028662
0.028662
0.028631
0.028631
0.028631
0.028631
0.028631
0.028631
0.028631
0.028641
0.028600
0.028600
0.028600
0.028600
0.028600
0.028561
0.028602
0.028602
0.028602
0.028602
0.028572
0.028572
0.028608
0.028608
0.028608
0.028568
0.028543
0.028504
0.028504
0.028544
0.028544
0.028544
0.028544
0.028582
0.028582
0.028619
0.028619
0.028619
0.028581
0.028541
0.028541
0.028514
0.028514
0.028554
0.028554
0.028554
0.028529
0.028529
0.028568
0.028568
0.028530
0.028530
0.028530
0.028493
0.028493
0.028493
0.028493
0.028493
0.028533
0.028533
0.028533
0.028536
0.028536
0.028536
0.028536
0.028536
0.028471
0.028471
0.028471
0.028471
0.028471
0.028446
0.028525
0.028529
0.028529
0.028529
0.028529
0.028529
0.028529
0.028529
0.028489
0.028489
0.028489
0.028489
0.028489
0.028495
0.028536
0.028536
0.028536
0.028536
0.028536
0.028536
0.028536
0.028536
0.028495
0.028495
0.028517
0.028517
0.028483
0.028483
0.028523
0.028523
0.028523
0.028497
0.028497
0.028497
0.028497
0.028500
0.028546
0.028552
0.028552
0.028591
0.028558
0.028558
0.028512
0.028552
0.028552
0.028552
0.028596
0.028596
0.028596
0.028602
0.028602
0.028619
0.028602
0.028602
0.028602
0.028602
0.028599
0.028608
0.028608
0.028590
0.028590
0.028590
0.028590
0.028596
0.028596
0.028613
0.028658
0.028658
0.028658
0.028641
0.028641
0.028635
0.028635
0.028635
0.028635
0.028635
0.028686
0.028727
0.028744
0.028744
0.028744
0.028744
0.028744
0.028727
0.028703
0.028703
0.028789
0.028789
0.028789
0.028789
0.028749
0.028749
0.028766
0.028766
0.028766
0.028797
0.028797
0.028797
0.028779
0.028779
0.028779
0.028779
0.028779
0.028750
0.028750
0.028796
0.028813
0.028813
0.028813
0.028813
0.028813
0.028813
0.028796
0.028796
0.028842
0.028842
0.028842
0.028842
0.028842
0.028860
0.028860
0.028860
0.028860
0.028906
0.028906
0.028882
0.028837
0.028837
0.028825
0.028825
0.028825
0.028825
0.028825
0.028889
0.028889
0.028889
0.028889
0.028889
0.028889
0.028889
0.028889
0.028872
0.028872
0.028872
0.028919
0.028919
0.028919
0.028936
0.028936
0.028936
0.028936
0.028936
0.028936
0.028936
0.028936
0.028966
0.028956
0.028956
0.028956
0.028956
0.028973
0.028973
0.028973
0.028973
0.028973
0.028973
0.028973
0.028973
0.028973
0.028956
0.028956
0.028956
0.029003
0.029003
0.029021
0.029021
0.029021
0.029021
0.029021
0.029021
0.029021
0.029021
0.029021
0.029021
0.029003
0.028994
0.028994
0.028994
0.029011
0.029011
0.029011
0.029011
0.029011
0.029011
0.029011
0.029011
0.029011
0.029011
0.028994
0.028994
0.028994
0.028994
0.029011
0.029011
0.029057
0.029057
0.029057
0.029057
0.029057
0.029011
0.029011
0.029011
0.029011
0.029011
0.029011
0.029011
0.029003
0.029003
0.029049
0.029049
0.029049
0.029049
0.029049
0.029049
0.029003
0.029003
0.029003
0.029003
0.029003
0.029003
0.028975
0.029021
0.029021
0.029021
0.029014
0.029014
0.029014
0.029014
0.029014
0.028967
0.028967
0.028967
0.028967
0.028967
0.029014
0.029014
0.029014
0.029008
0.029008
0.029008
0.029008
0.029008
0.029008
0.029008
0.028962
0.028962
0.028962
0.028962
0.029008
0.029003
0.029003
0.029003
0.029003
0.028955
0.028915
0.028955
0.028955
0.028955
0.028955
0.028955
0.028955
0.028951
0.028951
0.028951
0.028951
0.028911
0.028911
0.028911
0.028911
0.028951
0.028951
0.028918
0.028915
0.028915
0.028915
0.028915
0.028915
0.028915
0.028875
0.028827
0.028827
0.028827
0.028826
0.028826
0.028865
0.028865
0.028865
0.028865
0.028865
0.028865
0.028865
0.028865
0.028826
0.028777
0.028777
0.028777
0.028777
0.028777
0.028817
0.028817
0.028817
0.028817
0.028819
0.028819
0.028819
0.028730
0.028730
0.028730
0.028730
0.028730
0.028730
0.028733
0.028733
0.028773
0.028773
0.028725
0.028725
0.028725
0.028725
0.028685
0.028685
0.028689
0.028689
0.028689
0.028641
