1.525480
1.359553
1.204018
1.094239
1.032432
1.005907
0.998337
0.999183
0.999825
0.999438
0.998600
0.997824
0.997607
0.997534
0.997766
0.997751
0.997296
0.996563
0.995351
0.993969
0.992458
0.990498
0.988522
0.986855
0.985112
0.983148
0.981328
0.979303
0.977679
0.975911
0.974049
0.972321
0.970610
0.968632
0.966945
0.965017
0.963079
0.961207
0.959242
0.957153
0.954901
0.952862
0.950584
0.948684
0.946587
0.944921
0.942912
0.940780
0.938726
0.937300
0.935726
0.934436
0.933181
0.931962
0.930587
0.929208
0.927632
0.926071
0.924608
0.923133
0.921680
0.920302
0.918946
0.917533
0.916041
0.914578
0.913141
0.911649
0.910253
0.908543
0.907059
0.905492
0.904291
0.903051
0.901286
0.899192
0.897191
0.894944
0.892865
0.890751
0.888505
0.886095
0.884060
0.881633
0.879585
0.877369
0.875171
0.873028
0.870922
0.868579
0.866708
0.864543
0.862455
0.860339
0.858198
0.856290
0.853976
0.852021
0.849806
0.847495
0.845370
0.843165
0.841064
0.838863
0.836603
0.834595
0.832467
0.830239
0.828017
0.825823
0.823527
0.821182
0.818783
0.816460
0.814135
0.811736
0.809470
0.806951
0.804453
0.802003
0.799668
0.797206
0.794648
0.792120
0.789562
0.787180
0.784855
0.782451
0.780178
0.777577
0.775194
0.772774
0.770675
0.768213
0.765749
0.763438
0.761082
0.758664
0.756361
0.754133
0.751774
0.749248
0.747011
0.744634
0.742377
0.740208
0.737886
0.735408
0.732828
0.730545
0.728216
0.725792
0.723658
0.721467
0.719092
0.716613
0.714137
0.711397
0.708377
0.705460
0.702210
0.699315
0.696295
0.693252
0.690326
0.687672
0.684795
0.682147
0.679850
0.676876
0.674364
0.671872
0.669415
0.666686
0.664003
0.661479
0.658561
0.655422
0.652450
0.649706
0.646797
0.643817
0.640530
0.637814
0.635016
0.632068
0.628884
0.625936
0.623201
0.620275
0.617159
0.614111
0.611545
0.608719
0.605757
0.602756
0.600505
0.598381
0.595598
0.592732
0.589841
0.587066
0.584491
0.581696
0.578897
0.576505
0.574303
0.571229
0.568570
0.565855
0.563107
0.560509
0.557882
0.555225
0.552421
0.549858
0.547181
0.544442
0.541668
0.539324
0.536733
0.534012
0.531461
0.529169
0.526532
0.523821
0.521114
0.518829
0.516373
0.513646
0.511027
0.508271
0.506007
0.503655
0.500843
0.498080
0.495433
0.493040
0.490615
0.487941
0.485258
0.482545
0.480177
0.477914
0.475248
0.472346
0.469609
0.467228
0.465114
0.462883
0.460128
0.457406
0.454741
0.452163
0.450012
0.447529
0.444870
0.442212
0.439559
0.437376
0.435204
0.432906
0.430555
0.428016
0.425877
0.423639
0.421437
0.418944
0.416621
0.414409
0.412219
0.409600
0.407327
0.405221
0.402852
0.400416
0.398236
0.395942
0.393807
0.391645
0.389449
0.387249
0.384934
0.382754
0.380581
0.378471
0.376391
0.374225
0.372079
0.370025
0.367925
0.365830
0.363811
0.361630
0.359525
0.357549
0.355655
0.353768
0.351684
0.349538
0.347518
0.345543
0.343554
0.341306
0.339215
0.337225
0.335263
0.333197
0.331169
0.329407
0.327479
0.325522
0.323575
0.321844
0.320026
0.318357
0.316767
0.315228
0.313805
0.312108
0.310539
0.308958
0.307027
0.305160
0.303335
0.301477
0.299558
0.297833
0.296018
0.294178
0.292291
0.290492
0.288791
0.286902
0.285283
0.283673
0.281970
0.280221
0.278522
0.276771
0.275261
0.273618
0.271950
0.270321
0.268721
0.267182
0.265421
0.263942
0.262351
0.260908
0.259222
0.257663
0.256140
0.254508
0.252779
0.251197
0.249670
0.247926
0.246306
0.244638
0.243129
0.241581
0.239754
0.238262
0.236755
0.235325
0.233752
0.232188
0.230668
0.229268
0.227581
0.225903
0.224596
0.223055
0.221616
0.220028
0.218537
0.217107
0.215646
0.214181
0.212828
0.211254
0.209794
0.208563
0.207114
0.205713
0.204274
0.203019
0.201530
0.200185
0.198885
0.197533
0.196189
0.194718
0.193451
0.192165
0.190914
0.189673
0.188393
0.187045
0.185755
0.184432
0.183133
0.181767
0.180533
0.179407
0.178142
0.176879
0.175572
0.174379
0.173115
0.171990
0.170771
0.169558
0.168390
0.167177
0.165929
0.164863
0.163716
0.162507
0.161305
0.160164
0.159028
0.157910
0.156832
0.155643
0.154611
0.153462
0.152400
0.151371
0.150221
0.149146
0.148222
0.146983
0.145955
0.144877
0.143800
0.142746
0.141674
0.140547
0.139596
0.138501
0.137583
0.136525
0.135568
0.134530
0.133456
0.132695
0.131547
0.130662
0.129791
0.128785
0.127748
0.126911
0.125912
0.125022
0.123926
0.123132
0.122310
0.121297
0.120465
0.119546
0.118807
0.118012
0.117130
0.116299
0.115556
0.114705
0.113952
0.112950
0.112287
0.111493
0.110691
0.109910
0.109078
0.108379
0.107621
0.106928
0.106199
0.105484
0.104930
0.104189
0.103445
0.102733
0.102116
0.101437
0.100737
0.100086
0.099330
0.098772
0.098155
0.097462
0.096781
0.096322
0.095649
0.095005
0.094555
0.093923
0.093297
0.092637
0.092108
0.091514
0.090788
0.090332
0.089862
0.089354
0.088688
0.088171
0.087704
0.087184
0.086739
0.086166
0.085587
0.085118
0.084728
0.084190
0.083757
0.083244
0.082651
0.082142
0.081689
0.081238
0.080851
0.080522
0.080062
0.079590
0.079113
0.078748
0.078301
0.077865
0.077488
0.077001
0.076490
0.076106
0.075702
0.075334
0.074808
0.074401
0.073987
0.073586
0.073196
0.072769
0.072400
0.072055
0.071646
0.071200
0.070849
0.070412
0.070059
0.069621
0.069268
0.069031
0.068570
0.068218
0.067805
0.067485
0.067131
0.066837
0.066407
0.066020
0.065727
0.065336
0.065050
0.064635
0.064370
0.063905
0.063565
0.063214
0.062871
0.062545
0.062088
0.061838
0.061416
0.061099
0.060661
0.060415
0.060048
0.059784
0.059487
0.059105
0.058800
0.058468
0.058092
0.057749
0.057431
0.057079
0.056760
0.056433
0.056095
0.055819
0.055451
0.055124
0.054700
0.054420
0.054169
0.053749
0.053416
0.052964
0.052706
0.052342
0.052088
0.051667
0.051200
0.051002
0.050721
0.050329
0.050080
0.049713
0.049431
0.049215
0.048738
0.048539
0.048241
0.047937
0.047673
0.047335
0.047097
0.046837
0.046537
0.046220
0.045887
0.045580
0.045271
0.045031
0.044850
0.044565
0.044288
0.044070
0.043766
0.043602
0.043341
0.043135
0.042862
0.042534
0.042409
0.042150
0.041933
0.041690
0.041583
0.041302
0.041051
0.040865
0.040646
0.040448
0.040250
0.040077
0.039964
0.039650
0.039518
0.039306
0.039102
0.038886
0.038709
0.038584
0.038511
0.038210
0.038138
0.037994
0.037805
0.037640
0.037450
0.037346
0.037155
0.036984
0.036858
0.036762
0.036613
0.036456
0.036371
0.036190
0.036081
0.036049
0.035895
0.035842
0.035623
0.035488
0.035400
0.035285
0.035178
0.035006
0.034916
0.034746
0.034603
0.034475
0.034286
0.034260
0.034172
0.034113
0.033966
0.033863
0.033915
0.033763
0.033715
0.033569
0.033494
0.033484
0.033335
0.033221
0.033206
0.033148
0.033075
0.033026
0.033022
0.032916
0.032867
0.032811
0.032745
0.032716
0.032668
0.032550
0.032501
0.032456
0.032424
0.032376
0.032291
0.032256
0.032216
0.032179
0.032210
0.032206
0.032114
0.032054
0.032050
0.032033
0.031898
0.031864
0.031803
0.031771
0.031734
0.031853
0.031788
0.031774
0.031779
0.031679
0.031724
0.031662
0.031642
0.031633
0.031599
0.031546
0.031462
0.031474
0.031426
0.031395
0.031420
0.031437
0.031390
0.031448
0.031488
0.031432
0.031441
0.031393
0.031435
0.031359
0.031297
0.031291
0.031243
0.031288
0.031243
0.031268
0.031192
0.031159
0.031109
0.031143
0.031062
0.031104
0.031049
0.031082
0.031067
0.031113
0.031042
0.031008
0.030891
0.030918
0.030903
0.030837
0.030858
0.030877
0.030883
0.030773
0.030742
0.030769
0.030766
0.030753
0.030757
0.030805
0.030805
0.030710
0.030727
0.030727
0.030695
0.030736
0.030732
0.030706
0.030706
0.030745
0.030771
0.030771
0.030754
0.030675
0.030747
0.030747
0.030700
0.030657
0.030712
0.030575
0.030551
0.030583
0.030544
0.030567
0.030564
0.030531
0.030541
0.030596
0.030552
0.030590
0.030477
0.030557
0.030562
0.030573
0.030544
0.030559
0.030551
0.030520
0.030494
0.030494
0.030508
0.030544
0.030466
0.030426
0.030496
0.030533
0.030452
0.030414
0.030428
0.030441
0.030441
0.030445
0.030365
0.030376
0.030406
0.030374
0.030463
0.030384
0.030452
0.030510
0.030510
0.030510
0.030520
0.030477
0.030483
0.030506
0.030458
0.030475
0.030427
0.030395
0.030338
0.030338
0.030421
0.030368
0.030394
0.030345
0.030268
0.030349
0.030285
0.030337
0.030327
0.030287
0.030251
0.030218
0.030171
0.030212
0.030235
0.030148
0.030112
0.030131
0.030112
0.030135
0.030135
0.030180
0.030234
0.030254
0.030176
0.030176
0.030176
0.030134
0.030134
0.029961
0.029888
0.029963
0.029963
0.029963
0.030032
0.030063
0.030016
0.030007
0.030007
0.030007
0.030036
0.029922
0.029922
0.029848
0.029848
0.029868
0.029828
0.029857
0.029857
0.029857
0.029922
0.029896
0.029945
0.029928
0.029985
0.029981
0.029989
0.029968
0.029932
0.029892
0.029903
0.029903
0.029984
0.029973
0.029973
0.029985
0.030022
0.030100
0.030113
0.030099
0.030015
0.029998
0.029953
0.029933
0.029888
0.029918
0.029953
0.029988
0.029988
0.030018
0.029975
0.030032
0.030054
0.030044
0.030001
0.030034
0.030034
0.029996
0.029996
0.029996
0.029996
0.029996
0.029964
0.029964
0.029882
0.029810
0.029808
0.029771
0.029860
0.029883
0.029853
0.029848
0.029843
0.029834
0.029830
0.029785
0.029748
0.029746
0.029746
0.029716
0.029714
0.029715
0.029675
0.029674
0.029674
0.029743
0.029787
0.029758
0.029775
0.029734
0.029734
0.029696
0.029696
0.029657
0.029657
0.029657
0.029599
0.029599
0.029576
0.029540
0.029495
0.029565
0.029582
0.029582
0.029517
0.029517
0.029486
0.029486
0.029486
0.029495
0.029465
0.029469
0.029489
0.029495
0.029530
0.029555
0.029562
0.029602
0.029602
0.029650
0.029637
0.029593
0.029573
0.029536
0.029571
0.029549
0.029549
0.029557
0.029547
0.029547
0.029547
0.029538
0.029499
0.029555
0.029580
0.029611
0.029611
0.029590
0.029509
0.029481
0.029481
0.029481
0.029481
0.029519
0.029550
0.029550
0.029530
0.029495
0.029534
0.029503
0.029546
0.029508
0.029541
0.029541
0.029541
0.029566
0.029495
0.029442
0.029409
0.029402
0.029396
0.029365
0.029359
0.029324
0.029394
0.029362
0.029398
0.029411
0.029408
0.029408
0.029408
0.029406
0.029391
0.029383
0.029400
0.029400
0.029330
0.029330
0.029369
0.029335
0.029335
0.029349
0.029349
0.029349
0.029349
0.029349
0.029338
0.029338
0.029300
0.029300
0.029288
0.029288
0.029288
0.029272
0.029311
0.029311
0.029261
0.029261
0.029295
0.029327
0.029327
0.029336
0.029340
0.029386
0.029392
0.029364
0.029364
0.029363
0.029371
0.029333
0.029343
0.029353
0.029353
0.029363
0.029399
0.029399
0.029402
0.029419
0.029419
0.029431
0.029431
0.029399
0.029399
0.029371
0.029383
0.029377
0.029335
0.029361
0.029330
0.029386
0.029386
0.029445
0.029413
0.029413
0.029465
0.029465
0.029426
0.029426
0.029426
0.029444
0.029444
0.029444
0.029444
0.029496
0.029539
0.029539
0.029468
0.029421
0.029404
0.029397
0.029346
0.029346
0.029340
0.029335
0.029335
0.029331
0.029327
0.029327
0.029325
0.029325
0.029325
0.029343
0.029311
0.029347
0.029324
0.029324
0.029324
0.029366
0.029366
0.029368
0.029327
0.029327
0.029327
0.029327
0.029327
0.029327
0.029327
0.029327
0.029401
0.029401
0.029401
0.029401
0.029422
0.029391
0.029352
0.029352
0.029358
0.029321
0.029321
0.029280
0.029280
0.029319
0.029402
0.029406
0.029424
0.029430
0.029437
0.029437
0.029445
0.029540
0.029549
0.029549
0.029568
0.029590
0.029636
0.029598
0.029559
0.029570
0.029610
0.029610
0.029633
0.029632
0.029632
0.029632
0.029632
0.029645
0.029645
0.029645
0.029631
0.029631
0.029665
0.029640
0.029640
0.029640
0.029677
0.029690
0.029667
0.029667
0.029667
0.029667
0.029667
0.029635
0.029650
0.029650
0.029612
0.029653
0.029699
0.029590
0.029581
0.029580
0.029573
0.029567
0.029567
0.029600
0.029637
0.029637
0.029633
0.029590
0.029590
0.029588
0.029588
0.029588
0.029548
0.029567
0.029567
0.029608
0.029608
0.029646
0.029646
0.029646
0.029666
0.029666
0.029666
0.029701
0.029701
0.029662
0.029626
0.029623
0.029623
0.029623
0.029623
0.029662
0.029662
0.029619
0.029666
0.029666
0.029666
0.029666
0.029666
0.029666
0.029689
0.029696
0.029705
0.029709
0.029719
0.029726
0.029733
0.029757
0.029764
0.029773
0.029773
0.029782
0.029792
0.029817
0.029828
0.029828
0.029793
0.029805
0.029805
0.029805
0.029842
0.029842
0.029842
0.029842
0.029842
0.029855
0.029882
0.029882
0.029882
0.029885
0.029885
0.029851
0.029813
0.029840
0.029885
0.029899
0.029861
0.029829
0.029829
0.029858
0.029900
0.029900
0.029900
0.029900
0.029900
0.029900
0.029929
0.029897
0.029827
0.029818
0.029801
0.029794
0.029788
0.029818
0.029812
0.029808
0.029766
0.029766
0.029762
0.029789
0.029818
0.029818
0.029791
0.029760
0.029760
0.029760
0.029758
0.029758
0.029791
0.029827
0.029827
0.029853
0.029867
0.029829
0.029829
0.029829
0.029862
0.029838
0.029838
0.029838
0.029874
0.029846
0.029823
0.029823
0.029856
0.029856
0.029856
0.029856
0.029856
0.029856
0.029856
0.029856
0.029856
0.029828
0.029832
0.029843
0.029877
0.029884
0.029884
0.029866
0.029874
0.029874
0.029919
0.029892
0.029892
0.029902
0.029902
0.029870
0.029881
0.029881
0.029881
0.029893
0.029929
0.029962
0.029962
0.029929
0.029942
0.029942
0.029942
0.029887
0.029929
0.029929
0.029966
0.029966
0.029966
0.029966
0.029979
0.029979
0.029979
0.029979
0.029979
0.029948
0.029911
0.029888
0.029926
0.029926
0.029926
0.029926
0.029856
0.029847
0.029830
0.029823
0.029797
0.029797
0.029791
0.029756
0.029795
0.029791
0.029788
0.029788
0.029785
0.029785
0.029785
0.029810
0.029819
0.029819
0.029818
0.029790
0.029828
0.029789
0.029789
0.029829
0.029792
0.029792
0.029792
0.029792
0.029792
0.029749
0.029749
0.029749
0.029788
0.029788
0.029788
0.029788
0.029788
0.029749
0.029749
0.029722
0.029722
0.029764
0.029764
0.029764
0.029764
0.029764
0.029773
0.029777
0.029801
0.029807
0.029814
0.029814
0.029822
0.029754
0.029763
0.029728
0.029738
0.029713
0.029807
0.029795
0.029795
0.029848
0.029848
0.029865
0.029878
0.029854
0.029816
0.029816
0.029816
0.029790
0.029833
0.029833
0.029811
0.029848
0.029848
0.029848
0.029818
0.029818
0.029832
0.029833
0.029812
0.029812
0.029812
0.029812
0.029812
0.029812
0.029773
0.029752
0.029752
0.029717
0.029717
0.029647
0.029638
0.029621
0.029595
0.095513
0.095506
0.095498
0.095493
0.095489
0.095483
0.095462
0.095421
0.095458
0.095458
0.095456
0.095454
0.095454
0.095435
0.095434
0.095482
0.095548
0.095548
0.095546
0.095546
0.095528
0.095528
0.095526
0.095486
0.095486
0.095457
0.095457
0.095440
0.095439
0.095439
0.095465
0.095454
0.095458
0.095457
0.095441
0.095440
0.095408
0.095357
0.095356
0.095316
0.095301
0.095259
0.095262
0.095271
0.095226
0.095232
0.095223
0.095256
0.095214
0.095213
0.095171
0.095130
0.095080
0.095040
0.094979
0.094889
0.094850
0.094782
0.094730
0.094692
0.094583
0.094534
0.094435
0.094425
0.094339
0.094241
0.094142
0.094037
0.093938
0.093842
0.093694
0.093558
0.093411
0.093260
0.093127
0.093077
0.092978
0.092799
0.092653
0.092540
0.092394
0.092240
0.092095
0.091899
0.091704
0.091554
0.091359
0.091094
0.090821
0.090558
0.090357
0.090156
0.089956
0.089704
0.089506
0.089344
0.089244
0.089094
0.088846
0.088647
0.088401
0.088151
0.087885
0.087636
0.087350
0.087099
0.086900
0.086700
0.086501
0.086301
0.086049
0.085838
0.085589
0.085336
0.085133
0.084902
0.084638
0.084383
0.084124
0.083872
0.083669
0.083384
0.083182
0.082953
0.082692
0.082447
0.082179
0.081929
0.081689
0.081652
0.081397
0.081192
0.080996
0.080705
0.080487
0.080257
0.080010
0.079761
0.079535
0.079361
0.079301
0.079220
0.079202
0.079230
0.079181
0.079201
0.079161
0.079243
0.079178
0.079136
0.079193
0.079205
0.079233
0.079211
0.079234
0.079215
0.079217
0.079243
0.079227
0.079275
0.079295
0.079302
0.079357
0.079376
0.079344
0.079414
0.079394
0.079396
0.079446
0.079414
0.079477
0.079488
0.079483
0.079503
0.079561
0.079581
0.079601
0.079648
0.079597
0.079647
0.079621
0.079634
0.079591
0.079577
0.079604
0.079560
0.079576
0.079560
0.079503
0.079614
0.079635
0.079636
0.079657
0.079779
0.079773
0.079714
0.079777
0.079835
0.079831
0.079866
0.079862
0.079831
0.079870
0.079867
0.079863
0.079883
0.079960
0.079959
0.079956
0.080018
0.080016
0.080033
0.080063
0.080062
0.080063
0.079908
0.079910
0.079937
0.079918
0.079872
0.079822
0.079851
0.079892
0.079826
0.079898
0.079906
0.079907
0.079937
0.079881
0.079888
0.079825
0.079733
0.079697
0.079668
0.079673
0.079622
0.079608
0.079569
0.079550
0.079488
0.079526
0.079534
0.079479
0.079517
0.079463
0.079481
0.079431
0.079388
0.079433
0.079363
0.079328
0.079266
0.079327
0.079312
0.079348
0.079407
0.079401
0.079447
0.079483
0.079529
0.079537
0.079584
0.079578
0.079669
0.079666
0.079711
0.079722
0.079717
0.079796
0.079773
0.079741
0.079720
0.079749
0.079764
0.079870
0.079861
0.079859
0.079852
0.079867
0.079822
0.079820
0.079816
0.079864
0.079909
0.079912
0.079917
0.079947
0.080092
0.080136
0.080158
0.080158
0.080254
0.080330
0.080378
0.080430
0.080445
0.080446
0.080306
0.080079
0.079739
0.079501
0.079236
0.078899
0.078604
0.078309
0.078023
0.077802
0.077572
0.077279
0.077025
0.076742
0.076412
0.076130
0.075800
0.075494
0.075225
0.074941
0.074678
0.074353
0.074085
0.073845
0.073570
0.073287
0.073024
0.072688
0.072414
0.072221
0.071892
0.071660
0.071379
0.071106
0.070803
0.070507
0.070300
0.069987
0.069748
0.069464
0.069194
0.068955
0.068666
0.068388
0.068074
0.067794
0.067560
0.067297
0.066923
0.066722
0.066436
0.066144
0.065886
0.065633
0.065349
0.065120
0.064829
0.064553
0.064233
0.063943
0.063699
0.063435
0.063074
0.062763
0.062519
0.062213
0.061918
0.061545
0.061365
0.061102
0.060775
0.060483
0.060325
0.060054
0.059797
0.059548
0.059285
0.058923
0.058607
0.058312
0.058017
0.057778
0.057542
0.057248
0.057003
0.056811
0.056472
0.056258
0.055938
0.055732
0.055429
0.055100
0.054849
0.054612
0.054442
0.054142
0.053890
0.053599
0.053338
0.053133
0.052840
0.052641
0.052409
0.052167
0.051897
0.051635
0.051395
0.051154
0.050912
0.050676
0.050406
0.050174
0.049929
0.049676
0.049439
0.049228
0.049031
0.048837
0.048605
0.048400
0.048194
0.047958
0.047761
0.047575
0.047360
0.047224
0.047016
0.046802
0.046574
0.046421
0.046197
0.046013
0.045830
0.045717
0.045516
0.045404
0.045222
0.045109
0.044926
0.044778
0.044572
0.044391
0.044262
0.044080
0.043902
0.043801
0.043608
0.043480
0.043327
0.043230
0.043052
0.042926
0.042850
0.042779
0.042604
0.042444
0.042267
0.042075
0.041945
0.041696
0.041568
0.041463
0.041311
0.041201
0.041105
0.041015
0.040863
0.040756
0.040705
0.040563
0.040484
0.040385
0.040288
0.040119
0.039983
0.039878
0.039703
0.039603
0.039453
0.039308
0.039264
0.039174
0.039075
0.039031
0.038931
0.038837
0.038729
0.038632
0.038529
0.038429
0.038269
0.038170
0.037983
0.037933
0.037834
0.037718
0.037622
0.037603
0.037522
0.037477
0.037342
0.037187
0.037145
0.037046
0.036909
0.036833
0.036734
0.036678
0.036497
0.036448
0.036468
0.036369
0.036240
0.036233
0.036174
0.036057
0.035937
0.035888
0.035790
0.035711
0.035565
0.035520
0.035471
0.035322
0.035194
0.035145
0.035072
0.035011
0.034916
0.034840
0.034824
0.034779
0.034729
0.034618
0.034511
0.034453
0.034404
0.034298
0.034249
0.034161
0.034052
0.033909
0.033878
0.033821
0.033701
0.033657
0.033583
0.033527
0.033469
0.033419
0.033310
0.033249
0.033195
0.033139
0.033038
0.032923
0.032801
0.032801
0.032746
0.032646
0.032591
0.032608
0.032598
0.032495
0.032445
0.032391
0.032383
0.032377
0.032279
0.032174
0.032124
0.032071
0.032041
0.031903
0.031850
0.031890
0.031838
0.031863
0.031763
0.031714
0.031713
0.031663
0.031613
0.031614
0.031468
0.031419
0.031419
0.031369
0.031334
0.031344
0.031251
0.031261
0.031235
0.031273
0.031225
0.031186
0.031152
0.031152
0.031115
0.031125
0.031036
0.031047
0.030951
0.030956
0.030887
0.030900
0.030900
0.030863
0.030823
0.030804
0.030811
0.030811
0.030775
0.030771
0.030722
0.030693
0.030693
0.030644
0.030611
0.030611
0.030536
0.030547
0.030560
0.030466
0.030477
0.030508
0.030482
0.030488
0.030488
0.030453
0.030453
0.030365
0.030379
0.030331
0.030338
0.030252
0.030195
0.030178
0.030130
0.030152
0.030061
0.030095
0.030140
0.030108
0.030061
0.030057
0.030074
0.030072
0.030082
0.030053
0.029959
0.029929
0.029929
0.029900
0.029917
0.029929
0.029929
0.029978
0.029932
0.029932
0.029924
0.029841
0.029875
0.029875
0.029830
0.029830
0.029851
0.029821
0.029835
0.029835
0.029810
0.029833
0.029833
0.029878
0.029868
0.029884
0.029906
0.029863
0.029863
0.029872
0.029876
0.029903
0.029933
0.029910
0.029867
0.029874
0.029883
0.029864
0.029858
0.029891
0.029882
0.029893
0.029841
0.029860
0.029872
0.029872
0.029897
0.029909
0.029909
0.029900
0.029919
0.029919
0.029877
0.029916
0.029960
0.029944
0.029974
0.029974
0.029974
0.029925
0.029925
0.029973
0.030013
0.029972
0.029972
0.029942
0.029965
0.029965
0.029965
0.029965
0.029965
0.029993
0.030047
0.030057
0.030021
0.030010
0.029904
0.029868
0.029877
0.029870
0.029863
0.029795
0.029790
0.029785
0.029836
0.029836
0.029837
0.029893
0.029881
0.029908
0.029908
0.029906
0.029906
0.029865
0.029864
0.029892
0.029862
0.029862
0.029862
0.029891
0.029891
0.029886
0.029886
0.029886
0.029917
0.029917
0.029917
0.029907
0.029907
0.029907
0.029907
0.029907
0.029877
0.029908
0.029908
0.029908
0.029939
0.029939
0.029933
0.029933
0.030026
0.030030
0.030041
0.030047
0.030054
0.030007
0.030015
0.030055
0.030025
0.030034
0.030044
0.030006
0.030017
0.030017
0.030018
0.030030
0.030030
0.030060
0.030072
0.030072
0.030072
0.030070
0.030070
0.030070
0.030052
0.030052
0.030052
0.030052
0.030027
0.030095
0.030126
0.030126
0.030086
0.030130
0.030130
0.030130
0.030130
0.030127
0.030127
0.030127
0.030097
0.030097
0.030061
0.030061
0.030061
0.030097
0.030063
0.030017
0.030008
0.030022
0.030014
0.030008
0.030008
0.030002
0.030034
0.030030
0.029971
0.029968
0.029968
0.029965
0.029965
0.029958
0.029924
0.029924
0.029961
0.030026
0.029989
0.029989
0.029989
0.029989
0.029988
0.029988
0.029958
0.029958
0.029996
0.029996
0.029928
0.029928
0.029928
0.029928
0.029928
0.029958
0.029958
0.029958
0.029958
0.029997
0.029997
0.029967
0.029938
0.029938
0.029938
0.029947
0.029951
0.029962
0.029968
0.029975
0.029975
0.030013
0.030034
0.030034
0.030006
0.030016
0.030043
0.030024
0.030024
0.030094
0.030078
0.030050
0.030050
0.030062
0.030026
0.030054
0.030054
0.030054
0.030138
0.030113
0.030087
0.030087
0.030087
0.030063
0.030063
0.030063
0.030063
0.030063
0.030051
0.030051
0.030051
0.030051
0.030079
0.030079
0.030109
0.030109
0.030085
0.030057
0.030057
0.030064
0.030061
0.030067
0.029997
0.029929
0.029884
0.029877
0.029834
0.029834
0.029828
0.029851
0.029827
0.029866
0.029899
0.029899
0.029897
0.029866
0.029866
0.029843
0.029843
0.029843
0.029842
0.029842
0.029842
0.029821
0.029743
0.029743
0.029740
0.029770
0.029824
0.029789
0.029739
0.029739
0.029739
0.029697
0.029697
0.029697
0.029679
0.029679
0.029679
0.029679
0.029642
0.029642
0.029624
0.029661
0.029661
0.029661
0.029670
0.029674
0.029646
0.029636
0.029643
0.029643
0.029617
0.029626
0.029626
0.029659
0.029610
0.029610
0.029621
0.029657
0.029657
0.029633
0.029633
0.029633
0.029645
0.029645
0.029645
0.029631
0.029631
0.029644
0.029644
0.029644
0.029644
0.029595
0.029595
0.029600
0.029600
0.029600
0.029600
0.029602
0.029602
0.029602
0.029602
0.029602
0.029602
0.029561
0.029561
0.029561
0.029561
0.029561
0.029561
0.029552
0.029482
0.029473
0.029457
0.029449
