2.120838
1.999211
1.896143
1.834668
1.807766
1.799398
1.798033
1.798109
1.797957
1.797459
1.796680
1.795909
1.795542
1.794994
1.794744
1.794787
1.794999
1.795203
1.795202
1.795333
1.795495
1.795526
1.795530
1.795395
1.795116
1.794713
1.794396
1.794079
1.794082
1.794185
1.794229
1.794396
1.794358
1.794190
1.793845
1.793239
1.792557
1.791514
1.790210
1.789038
1.787783
1.786612
1.785530
1.784511
1.783485
1.782319
1.781285
1.780232
1.779105
1.778124
1.777217
1.775997
1.775311
1.774156
1.773096
1.771959
1.770760
1.769685
1.768254
1.766843
1.765472
1.764250
1.762972
1.761656
1.760460
1.759314
1.758078
1.757042
1.755845
1.754808
1.753593
1.752352
1.751161
1.749930
1.748765
1.747538
1.746264
1.745023
1.743861
1.743419
1.742436
1.741340
1.740199
1.739077
1.737714
1.736159
1.734910
1.733485
1.732082
1.730877
1.729518
1.728030
1.726781
1.725520
1.724288
1.722902
1.721650
1.720221
1.718789
1.717359
1.715990
1.714484
1.713646
1.712354
1.710848
1.709280
1.707988
1.706470
1.705138
1.703500
1.701959
1.700444
1.698987
1.697628
1.696085
1.694556
1.693270
1.691810
1.690523
1.688976
1.687817
1.686908
1.685869
1.684672
1.683833
1.682676
1.681627
1.680516
1.679826
1.679218
1.678671
1.678539
1.678196
1.677769
1.676870
1.676570
1.676419
1.676297
1.675986
1.675837
1.675620
1.675297
1.675033
1.674812
1.674552
1.674272
1.673998
1.673475
1.673176
1.673090
1.672915
1.672916
1.672910
1.672968
1.672863
1.672828
1.672515
1.672163
1.671728
1.671048
1.670337
1.669780
1.669419
1.668847
1.668178
1.667637
1.667532
1.667333
1.667392
1.667000
1.666560
1.666004
1.665842
1.665767
1.665554
1.665609
1.665739
1.665619
1.665562
1.665508
1.665219
1.665065
1.664820
1.664667
1.664559
1.664303
1.664156
1.663932
1.663827
1.663882
1.663406
1.663152
1.663055
1.662305
1.661767
1.661558
1.661409
1.660974
1.660779
1.660629
1.660427
1.659866
1.659755
1.659627
1.659101
1.658768
1.658731
1.658722
1.658306
1.658210
1.658201
1.658049
1.657705
1.657331
1.657325
1.656724
1.656209
1.655814
1.655711
1.655684
1.655369
1.654748
1.654320
1.654185
1.654208
1.653929
1.653654
1.653049
1.652771
1.652686
1.652688
1.652245
1.651863
1.651445
1.651371
1.651392
1.651554
1.651251
1.650599
1.650180
1.650102
1.649904
1.649683
1.649114
1.648384
1.647706
1.647346
1.647078
1.646588
1.645776
1.645065
1.644362
1.643888
1.643543
1.643084
1.642480
1.641639
1.640995
1.640449
1.639310
1.638811
1.638129
1.637790
1.637489
1.637099
1.636553
1.636071
1.635851
1.635477
1.635136
1.634657
1.634505
1.634222
1.633898
1.633036
1.632702
1.632885
1.632569
1.632374
1.632067
1.631949
1.631685
1.631582
1.631300
1.630992
1.630859
1.630730
1.630698
1.630544
1.629914
1.629744
1.629897
1.629823
1.629989
1.630019
1.630024
1.630174
1.630504
1.630577
1.630772
1.631128
1.631382
1.631866
1.632201
1.631980
1.632517
1.632837
1.633315
1.633777
1.634119
1.634483
1.635087
1.635731
1.636358
1.636959
1.637579
1.638103
1.638747
1.639201
1.639866
1.640459
1.641186
1.641947
1.642543
1.643390
1.643972
1.644156
1.644728
1.645564
1.646101
1.646725
1.647444
1.648258
1.649110
1.649696
1.650392
1.651130
1.651855
1.652527
1.653286
1.653999
1.654841
1.655630
1.656415
1.657257
1.657948
1.658827
1.659562
1.660346
1.661090
1.661828
1.663200
1.664041
1.664890
1.665799
1.666590
1.667343
1.668106
1.668978
1.669700
1.670502
1.671356
1.672312
1.673085
1.673881
1.674497
1.675390
1.676200
1.677092
1.677975
1.678690
1.679506
1.680924
1.681671
1.682424
1.683168
1.683843
1.684685
1.685420
1.686359
1.686942
1.687793
1.688501
1.689096
1.690254
1.690997
1.691667
1.692402
1.692910
1.693512
1.694336
1.694944
1.695509
1.696661
1.697171
1.697679
1.698092
1.698550
1.699071
1.699451
1.700026
1.700538
1.701137
1.701690
1.702300
1.702858
1.703430
1.704123
1.704622
1.705228
1.705706
1.706172
1.706627
1.707091
1.707620
1.708100
1.708499
1.708979
1.709348
1.709820
1.710218
1.710520
1.710904
1.711137
1.711499
1.711766
1.712049
1.712347
1.712611
1.712891
1.713127
1.713222
1.713412
1.713750
1.713784
1.714029
1.714259
1.714391
1.714617
1.714787
1.714957
1.715140
1.715249
1.715452
1.715600
1.715708
1.715768
1.715778
1.715977
1.716029
1.716051
1.716205
1.716194
1.716264
1.716351
1.716448
1.716587
1.716557
1.716595
1.716484
1.716432
1.716504
1.716488
1.716286
1.716479
1.716335
1.716396
1.716368
1.716336
1.716354
1.716413
1.716349
1.716287
1.716299
1.716195
1.716138
1.716239
1.716273
1.716187
1.716150
1.716155
1.716082
1.716029
1.715999
1.715954
1.715849
1.715931
1.715799
1.715779
1.715713
1.715744
1.715604
1.715556
1.715597
1.715453
1.715401
1.715288
1.715620
1.715569
1.715549
1.715575
1.715426
1.715385
1.715466
1.715481
1.715637
1.715509
1.715722
1.715790
1.715894
1.715982
1.716106
1.716124
1.716144
1.716210
1.716409
1.716351
1.716510
1.716528
1.716658
1.716659
1.716769
1.716846
1.716954
1.716993
1.717098
1.717261
1.717212
1.717233
1.717252
1.717362
1.717291
1.717394
1.717420
1.717441
1.717572
1.717691
1.717661
1.717780
1.717601
1.717738
1.717669
1.717802
1.717803
1.717899
1.717950
1.717814
1.717975
1.718041
1.718163
1.717969
1.718148
1.718050
1.718217
1.718367
1.718230
1.718297
1.718274
1.718324
1.718265
1.718321
1.718352
1.718395
1.718323
1.718225
1.718240
1.718116
1.718061
1.717768
1.717780
1.717526
1.717294
1.717079
1.716959
1.716824
1.716641
1.716488
1.716322
1.716269
1.716178
1.715985
1.715827
1.715637
1.715418
1.715354
1.715161
1.714911
1.714753
1.714670
1.714469
1.714229
1.714128
1.714009
1.713852
1.713744
1.713535
1.713388
1.713104
1.713067
1.712920
1.712724
1.712502
1.712312
1.712187
1.711963
1.711874
1.711848
1.711664
1.711544
1.711342
1.711169
1.711144
1.711155
1.710924
1.710715
1.710679
1.710390
1.710229
1.710159
1.710053
1.709781
1.709772
1.709653
1.709537
1.709465
1.709386
1.709095
1.708970
1.708806
1.708546
1.708547
1.708310
1.708160
1.708017
1.708020
1.707894
1.707826
1.707763
1.707448
1.707225
1.707108
1.706957
1.706978
1.706777
1.706541
1.706366
1.706236
1.706065
1.705960
1.705896
1.705795
1.705694
1.705509
1.705402
1.705340
1.705155
1.704948
1.704771
1.704616
1.704424
1.704297
1.704227
1.704072
1.704086
1.703983
1.703810
1.703588
1.703428
1.703301
1.703148
1.703007
1.702730
1.702671
1.702550
1.702426
1.702312
1.702152
1.701959
1.701777
1.701643
1.701446
1.701302
1.701171
1.700971
1.700847
1.700655
1.700588
1.700422
1.700273
1.700053
1.700004
1.699823
1.699565
1.699511
1.699387
1.699132
1.698962
1.698845
1.698680
1.698479
1.698310
1.698179
1.698121
1.698002
1.697830
1.697738
1.697469
1.697277
1.697153
1.696990
1.696903
1.696604
1.696528
1.696453
1.696274
1.696152
1.696051
1.695891
1.695744
1.695730
1.695628
1.695472
1.695348
1.695278
1.695119
1.695067
1.694915
1.694741
1.694654
1.694505
1.694366
1.694252
1.694176
1.694056
1.693984
1.693780
1.693724
1.693665
1.693597
1.693429
1.693356
1.693190
1.693090
1.693046
1.692965
1.692979
1.692827
1.692717
1.692613
1.692466
1.692506
1.692388
1.692330
1.692310
1.692232
1.692167
1.692068
1.691975
1.691830
1.691760
1.691717
1.691734
1.691658
1.691559
1.691489
1.691439
1.691448
1.691384
1.691230
1.691115
1.691013
1.690988
1.691012
1.691009
1.690892
1.690852
1.690802
1.690787
1.690719
1.690651
1.690550
1.690498
1.690431
1.690541
1.690525
1.690437
1.690420
1.690296
1.690154
1.690213
1.690197
1.690180
1.690108
1.690006
1.689953
1.689974
1.690029
1.689941
1.689920
1.689919
1.689826
1.689872
1.689822
1.689805
1.689781
1.689695
1.689593
1.689576
1.689553
1.689549
1.689501
1.689462
1.689495
1.689358
1.689271
1.689253
1.689251
1.689308
1.689208
1.689207
1.689178
1.689004
1.689075
1.689058
1.689007
1.688982
1.689002
1.688981
1.689080
1.688897
1.688895
1.688871
1.688953
1.688903
1.688902
1.688866
1.688967
1.688951
1.688950
1.688852
1.688811
1.688745
1.688780
1.688755
1.688855
1.688762
1.688748
1.688712
1.688726
1.688724
1.688646
1.688631
1.688615
1.688515
1.688515
1.688498
1.688468
1.688468
1.688417
1.688409
1.688409
1.688353
1.688436
1.688436
1.688386
1.688252
1.688252
1.688223
1.688222
1.688221
1.688135
1.688135
1.688178
1.688241
1.688141
1.688174
1.688108
1.688058
1.688093
1.688093
1.687993
1.687910
1.687973
1.687930
1.687965
1.687915
1.687915
1.687807
1.687807
1.687716
1.687751
1.687785
1.687749
1.687749
1.687649
1.687652
1.687687
1.687687
1.687701
1.687556
1.687513
1.687499
1.687499
1.687562
1.687477
1.687449
1.687493
1.687443
1.687442
1.687372
1.687372
1.687407
1.687407
1.687344
1.687292
1.687242
1.687257
1.687257
1.687291
1.687291
1.687241
1.687241
1.687255
1.687291
1.687241
1.687158
1.687193
1.687052
1.687051
1.687043
1.687043
1.687093
1.687093
1.687043
1.686993
1.686915
1.686915
1.686951
1.686951
1.686950
1.686856
1.686764
1.686729
1.686779
1.686814
1.686817
1.686767
1.686717
1.686667
1.686587
1.686586
1.686586
1.686582
1.686578
1.686563
1.686610
1.686655
1.686601
1.686639
1.686591
1.686592
1.686513
1.686513
1.686561
1.686561
1.686560
1.686558
1.686557
1.686506
1.686569
1.686616
1.686618
1.686613
1.686514
1.686564
1.686491
1.686533
1.686533
1.686534
1.686499
1.686499
1.686500
1.686458
1.686443
1.686441
1.686495
1.686495
1.686495
1.686495
1.686495
1.686396
1.686395
1.686395
1.686344
1.686344
1.686344
1.686292
1.686292
1.686327
1.686320
1.686323
1.686323
1.686323
1.686323
1.686364
1.686414
1.686284
1.686282
1.686282
1.686282
1.686282
1.686190
1.686190
1.686190
1.686090
1.686068
1.686071
1.686069
1.686104
1.686104
1.686154
1.686153
1.686103
1.686103
1.686103
1.686103
1.686188
1.686214
1.686214
1.686214
1.686164
1.686136
1.686136
1.686139
1.686139
1.686089
1.686089
1.686087
1.686037
1.685987
1.686015
1.685965
1.685913
1.685863
1.685812
1.685806
1.685847
1.685819
1.685720
1.685736
1.685735
1.685735
1.685735
1.685785
1.685685
1.685685
1.685685
1.685633
1.685683
1.685719
1.685683
1.685683
1.685683
1.685659
1.685660
1.685660
1.685561
1.685496
1.685446
1.685445
1.685495
1.685495
1.685495
1.685414
1.685450
1.685448
1.685448
1.685448
1.685348
1.685348
1.685348
1.685379
1.685337
1.685387
1.685387
1.685387
1.685388
1.685428
1.685341
1.685341
1.685292
1.685327
1.685327
1.685277
1.685276
1.685234
1.685234
1.685235
1.685234
1.685249
1.685247
1.685198
1.685183
1.685225
1.685175
1.685175
1.685175
1.685175
1.685133
1.685133
1.685133
1.685161
1.685161
1.685197
1.685146
1.685068
1.684968
1.684965
1.684928
1.684923
1.684921
1.684921
1.684957
1.684957
1.685020
1.685020
1.684948
1.684948
1.684947
1.684947
1.684869
1.684869
1.684869
1.684869
1.684819
1.684818
1.684845
1.684845
1.684795
1.684795
1.684795
1.684795
1.684744
1.684744
1.684744
1.684744
1.684744
1.684694
1.684694
1.684644
1.684644
1.684640
1.684641
1.684591
1.684591
1.684591
1.684591
1.684641
1.684640
1.684640
1.684640
1.684605
1.684605
1.684555
1.684555
1.684510
1.684512
1.684461
1.684412
1.684512
1.684512
1.684512
1.684512
1.684512
1.684512
1.684512
1.684547
1.684497
1.684461
1.684532
1.684532
1.684532
1.684532
1.684532
1.684532
1.684481
1.684481
1.684481
1.684517
1.684517
1.684467
1.684467
1.684417
1.684517
1.684517
1.684516
1.684516
1.684516
1.684481
1.684481
1.684516
1.684516
1.684516
1.684514
1.684464
1.684463
1.684513
1.684463
1.684463
1.684463
1.684463
1.684463
1.684463
1.684463
1.684463
1.684463
1.684463
1.684390
1.684390
1.684390
1.684392
1.684392
1.684392
1.684392
1.684392
1.684442
1.684442
1.684442
1.684392
1.684342
1.684342
1.684342
1.684342
1.684342
1.684341
1.684341
1.684341
1.684341
1.684462
1.684462
1.684462
1.684412
1.684412
1.684412
1.684376
1.684376
1.684376
1.684376
1.684462
1.684462
1.684462
1.684462
1.684462
1.684462
1.684412
1.684412
1.684412
1.684434
1.684412
1.684412
1.684412
1.684412
1.684462
1.684462
1.684512
1.684513
1.684463
1.684463
1.684489
1.684489
1.684489
1.684489
1.684489
1.684489
1.684489
1.684466
1.684466
1.684466
1.684416
1.684416
1.684439
1.684439
1.684439
1.684439
1.684439
1.684439
1.684489
1.684489
1.684439
1.684439
1.684439
1.684439
1.684389
1.684389
1.684389
1.684389
1.684389
1.684389
1.684389
1.684389
1.684389
1.684389
1.684389
1.684389
1.684390
1.684440
1.684454
1.684409
1.684409
1.684438
1.684424
1.684394
1.684359
1.684394
1.684394
1.684394
1.684396
1.684396
1.684396
1.684396
1.684459
1.684545
1.684545
1.684545
1.684545
1.684545
1.684517
1.684517
1.684516
1.684516
1.684481
1.684466
1.684466
1.684494
1.684494
1.684478
1.684528
1.684478
1.684478
1.684478
1.684429
1.684479
1.684479
1.684457
1.684457
1.684457
1.684485
1.684485
1.684485
1.684485
1.684535
1.684535
1.684535
1.684535
1.684535
1.684535
1.684507
1.684507
1.684535
1.684535
1.684535
1.684537
1.684536
1.684536
1.684585
1.684585
1.684585
1.684585
1.684585
1.684585
1.684585
1.684585
1.684585
1.684585
1.684585
1.684585
1.684586
1.684636
1.684686
1.684686
1.684686
1.684686
1.684586
1.684586
1.684585
1.684585
1.684635
1.684635
1.684635
1.684635
1.684635
1.684635
1.684585
1.684635
1.684586
1.684586
1.684586
1.684627
1.684662
1.684662
1.684662
1.684662
1.684621
1.684621
1.684621
1.684621
1.684623
1.684658
1.684658
1.684658
1.684673
1.684662
1.684663
1.684665
1.684665
1.684665
1.684715
1.684708
1.684744
1.684744
1.684744
1.684744
1.684744
1.684744
1.684786
1.684736
1.684786
1.684786
1.684786
1.684836
1.684836
1.684795
1.684795
1.684795
1.684795
1.684794
1.684794
1.684794
1.684786
1.684786
1.684786
1.684786
1.684786
1.684786
1.684786
1.684786
1.684795
1.684795
1.684795
1.684795
1.684795
1.684786
1.684786
1.684786
1.684751
1.684751
1.684751
1.684751
1.684701
1.684701
1.684703
1.684662
1.684697
1.684747
1.684747
1.684739
1.684703
1.684703
1.684739
1.684739
1.684738
1.684738
1.684738
1.684738
1.684738
1.684739
1.684739
1.684739
1.684739
1.684739
1.684739
1.684739
1.684739
1.684739
1.684739
1.684694
1.684694
1.684744
1.684745
1.684745
1.684745
1.684745
1.684745
1.684745
1.684745
1.684745
1.684745
1.684795
1.684795
1.684795
1.684895
1.685847
1.690301
1.692256
1.700281
1.706707
1.718119
1.727347
1.737103
1.745069
1.752686
1.757325
1.762078
1.766543
1.770858
1.774312
1.776350
1.777070
1.776054
1.773670
1.770977
1.768016
1.765754
1.763131
1.761557
1.759784
1.757802
1.755680
1.753506
1.751013
1.748616
1.746386
1.744209
1.742318
1.740404
1.738689
1.736909
1.735259
1.733760
1.731995
1.730401
1.728601
1.726797
1.725018
1.723267
1.721504
1.719729
1.717855
1.715980
1.714174
1.712431
1.710444
1.707697
1.703105
1.696587
1.688077
1.678064
1.667189
1.655844
1.644557
1.633500
1.622572
1.611713
1.600894
1.590410
1.579475
1.568792
1.558247
1.547511
1.536721
1.525554
1.514304
1.502831
1.491176
1.479731
1.468079
1.456525
1.445867
1.435888
1.426738
1.419396
1.415694
1.414233
1.411789
1.409099
1.406953
1.406301
1.405742
1.405553
1.405585
1.405674
1.405500
1.404207
1.401885
1.398678
1.394611
1.390057
1.385509
1.381433
1.378472
1.376160
1.374532
1.373098
1.370966
1.368388
1.365744
1.363246
1.360806
1.358699
1.355884
1.351832
1.347528
1.344366
1.342537
1.340489
1.337915
1.335783
1.333460
1.331171
1.328592
1.325947
1.323370
1.320890
1.318170
1.315063
1.312165
1.309250
1.306304
1.303282
1.300026
1.296936
1.294005
1.291212
1.288868
1.286630
1.284374
1.281513
1.278926
1.276741
1.274173
1.271734
1.269360
1.266591
1.263837
1.261442
1.258919
1.256383
1.253894
1.251717
1.249081
1.246454
1.243950
1.241988
1.240076
1.237996
1.235700
1.233302
1.231097
1.228915
1.226161
1.223842
1.221608
1.219141
1.216869
1.214782
1.212742
1.210354
1.207963
1.205932
1.203840
1.201466
1.199187
1.197342
1.195294
1.193311
1.191199
1.189209
1.187391
1.185280
1.183415
1.181201
1.179239
1.177135
1.175272
1.173344
1.171338
1.169557
1.167573
1.165737
1.163844
1.161994
1.160070
1.158141
1.156337
1.154474
1.152804
1.151032
1.149302
1.147551
1.145543
1.143763
1.141607
1.139615
1.137892
1.136067
1.134210
1.132489
1.130543
1.128488
1.126655
1.124714
1.122632
1.120587
1.118478
1.116438
1.114290
1.112424
1.110325
1.108338
1.106147
1.104222
1.102142
1.100112
1.097872
1.095873
1.093631
1.091507
1.089351
1.087264
1.085275
1.083114
1.081174
1.078937
1.076876
1.074793
1.072756
1.070678
1.068368
1.066175
1.064006
1.062191
1.060427
1.058469
1.056490
1.054398
1.052560
1.050568
1.048735
1.046980
1.045219
1.043290
1.041517
1.039369
1.037500
1.035472
1.033552
1.031663
1.030017
1.028409
1.027099
1.025876
1.024703
1.023450
1.022312
1.021290
1.020180
1.018989
1.017728
1.016566
1.015650
1.014508
1.013417
1.012410
1.011500
1.010402
1.009085
1.007255
1.005773
1.004093
1.002598
1.001346
1.000566
0.999614
0.998589
0.997695
0.996924
0.995957
0.995240
0.994496
0.993668
0.992793
0.991922
0.990926
0.990177
0.989103
0.988394
0.987498
0.986603
0.986099
0.985570
0.984521
0.983076
0.981407
0.979633
0.977868
0.976153
0.974761
0.974093
0.973160
0.972455
0.971463
0.970529
0.969659
0.968485
0.967454
0.966415
0.965422
0.964336
0.963437
0.963079
0.962354
0.961968
0.961519
0.961270
0.960907
0.960580
0.960233
0.959737
0.959324
0.958771
0.958084
0.957565
0.957117
0.956509
0.956026
0.955311
0.954826
0.954337
0.953771
0.953068
0.952365
0.951373
0.950568
0.949338
0.948324
0.946989
0.945869
0.944676
0.943913
0.943132
0.942741
0.942406
0.942020
0.941676
0.941323
0.940795
0.940444
0.939751
0.939236
0.938568
0.937700
0.936825
0.935997
0.935168
0.934048
0.933021
0.932139
0.931279
0.930581
0.930027
0.929672
0.929101
0.928752
0.928484
0.928154
0.927733
0.927196
0.926606
0.926016
0.925195
0.924244
0.923251
0.922405
0.921314
0.920386
0.919372
0.918606
0.917704
0.917144
0.916899
0.916534
0.916123
0.915649
0.915270
0.914812
0.914608
0.913975
0.913039
0.911890
0.910549
0.908719
0.906795
0.905337
0.904217
0.903462
0.902698
0.902019
0.901421
0.900833
0.900300
0.899779
0.899394
0.899035
0.898607
0.898233
0.897671
0.896936
0.896270
0.895507
0.894488
0.893629
0.892424
0.891438
0.890648
0.889947
0.889602
0.889105
0.888641
0.887901
0.887109
0.885855
0.884716
0.883618
0.882647
0.881964
0.881395
0.881097
0.881082
0.881039
0.881032
0.880836
0.880738
0.880397
0.879767
0.878781
0.877628
0.876482
0.875302
0.874047
0.873180
0.872005
0.870954
0.869863
0.868846
0.867661
0.866501
0.865477
0.864532
0.863742
0.863134
0.863078
0.862935
0.862813
0.862913
0.862689
0.862547
0.862178
0.861471
0.860487
0.859380
0.858212
0.857025
0.855952
0.855069
0.854405
0.853973
0.853867
0.853833
0.853863
0.853905
0.853664
0.853386
0.853004
0.852459
0.851580
0.850455
0.849481
0.848503
0.847613
0.846597
0.845881
0.845525
0.845465
0.845571
0.845671
0.845718
0.845496
0.845226
0.844920
0.844518
0.843727
0.842519
0.841467
0.840528
0.839228
0.838269
0.837448
0.836865
0.836391
0.836242
0.836091
0.835894
0.835562
0.835222
0.834848
0.834314
0.833589
0.832740
0.831888
0.831103
0.830343
0.829816
0.829387
0.828963
0.828530
0.828092
0.827785
0.827293
0.826766
0.826008
0.825448
0.824914
0.824582
0.824283
0.823886
0.823503
0.822864
0.822407
0.822041
0.821609
0.821640
0.822498
0.825070
0.827728
0.830283
0.832628
0.834258
0.835377
0.835005
0.834398
0.833742
0.833132
0.832646
0.831924
0.830440
0.829044
0.827850
0.826874
0.826443
0.826487
0.826570
0.826539
0.826134
0.825489
0.824548
0.823328
0.822457
0.821450
0.820613
0.819539
0.817653
0.814623
0.811911
0.810075
0.808468
0.807032
0.806113
0.805620
0.805121
0.804161
0.803073
0.801964
0.800852
0.799898
0.798883
0.797894
0.796537
0.794943
0.793183
0.791410
0.789550
0.787689
0.785674
0.783710
0.781849
0.780073
0.778159
0.776515
0.774575
0.772842
0.770786
0.768614
0.766469
0.764410
0.762459
0.760425
0.758160
0.756003
0.753699
0.751390
0.749156
0.746676
0.744204
0.741337
0.738643
0.735999
0.733388
0.730749
0.728193
0.725398
0.723071
0.720400
0.717785
0.715259
0.712377
0.709656
0.706995
0.704109
0.701121
0.698542
0.695781
0.693059
0.689951
0.687066
0.684759
0.682189
0.679210
0.676058
0.673207
0.670426
0.667552
0.664257
0.661134
0.658326
0.655538
0.652536
0.649357
0.646478
0.643750
0.641105
0.638291
0.635340
0.632366
0.629634
0.626455
0.623578
0.620807
0.617805
0.614822
0.611744
0.608621
0.605642
0.602769
0.600014
0.597229
0.594285
0.591174
0.588199
0.585143
0.582086
0.579355
0.576603
0.573683
0.570853
0.567865
0.564823
0.562020
0.558903
0.555960
0.552779
0.550159
0.547367
0.544739
0.542030
0.539107
0.536252
0.533464
0.530404
0.527667
0.525138
0.522391
0.520067
0.517531
0.515060
0.512712
0.510359
0.507783
0.504910
0.501922
0.498877
0.495957
0.492941
0.489949
0.487060
0.484135
0.480977
0.478077
0.475421
0.472600
0.469481
0.466622
0.463630
0.460732
0.457773
0.455098
0.452767
0.450413
0.448048
0.445284
0.442686
0.439992
0.437306
0.434431
0.431721
0.428870
0.426253
0.423649
0.421139
0.418642
0.416145
0.413556
0.410927
0.408414
0.405791
0.403106
0.400427
0.397768
0.395455
0.393296
0.391334
0.388864
0.386526
0.384102
0.381725
0.379347
0.376820
0.374398
0.371948
0.369583
0.367093
0.364789
0.362419
0.360292
0.357940
0.355725
0.353386
0.351253
0.349223
0.347616
0.345940
0.344072
0.342151
0.339930
0.337972
0.335991
0.333885
0.331810
0.329639
0.327435
0.325632
0.323595
0.321666
0.319760
0.317795
0.315951
0.313735
0.311646
0.309476
0.307152
0.304900
0.302979
0.300878
0.298902
0.297000
0.295172
0.293368
0.291500
0.289737
0.287646
0.285529
0.283477
0.281385
0.279356
0.277150
0.275101
0.273087
0.271249
0.269525
0.267750
0.266075
0.264337
0.262291
0.260329
0.258377
0.256225
0.254223
0.252165
0.250100
0.248108
0.246485
0.244562
0.242999
0.241643
0.239860
0.238190
0.236437
0.234457
0.232605
0.230583
0.228654
0.226551
0.224684
0.222636
0.220857
0.218898
0.217120
0.215533
0.213789
0.212309
0.210685
0.209035
0.207134
0.205336
0.203405
0.201612
0.199875
0.198037
0.196318
0.194448
0.192835
0.191052
0.189311
0.187521
0.185730
0.183980
0.182691
0.181528
0.180111
0.178751
0.177044
0.175459
0.173860
0.172331
0.170749
0.169239
0.167770
0.166145
0.164478
0.163180
0.161595
0.160021
0.158496
0.156935
0.155592
0.154373
0.153332
0.152174
0.150845
0.149511
0.148235
0.146767
0.145310
0.143996
0.142669
0.141363
0.140128
0.138797
0.137477
0.136262
0.135027
0.133946
0.132673
0.131583
0.130406
0.129294
0.128417
0.127257
0.126131
0.125012
0.123925
0.122940
0.121788
0.120953
0.120087
0.119244
0.118348
0.117414
0.116468
0.115526
0.114497
0.113555
0.112651
0.111704
0.110782
0.110008
0.109134
0.108179
0.107492
0.106625
0.105783
0.104878
0.104089
0.103364
0.102565
0.101755
0.101031
0.100365
0.099582
0.098805
0.098000
0.097338
0.096816
0.096228
0.095448
0.094714
0.094117
0.093440
0.092792
0.092148
0.091510
0.090816
0.090384
0.089974
0.089343
0.088753
0.088132
0.087469
0.086870
0.086398
0.085729
0.085208
0.084736
0.084069
0.083499
0.083038
0.082436
0.082059
0.081538
0.081068
0.080466
0.079993
0.079528
0.079138
0.078674
0.078135
0.077693
0.077223
0.076795
0.076304
0.075812
0.075439
0.075121
0.074573
0.074300
0.073687
0.073375
0.073086
0.072594
0.072139
0.071709
0.071317
0.071028
0.070694
0.070228
0.069821
0.069459
0.069180
0.068713
0.068433
0.068043
0.067901
0.067604
0.067155
0.066830
0.066511
0.066156
0.065688
0.065521
0.065155
0.064884
0.064514
0.064146
0.063939
0.063513
0.063157
0.062985
0.062652
0.062268
0.061970
0.061692
0.061419
0.061087
0.060849
0.060462
0.060222
0.059942
0.059634
0.059358
0.059124
0.058840
0.058558
0.058273
0.058075
0.057823
0.057519
0.057371
0.056968
0.056703
0.056502
0.056218
0.056039
0.055948
0.055540
0.055339
0.055066
0.054834
0.054687
0.054481
0.054087
0.053941
0.053790
0.053470
0.053317
0.053126
0.052876
0.052535
0.052334
0.052195
0.052015
0.051790
0.051593
0.051354
0.051140
0.051013
0.050734
0.050567
0.050443
0.050184
0.050108
0.049779
0.049678
0.049450
0.049358
0.049132
0.048985
0.048777
0.048644
0.048438
0.048242
0.048082
0.047934
0.047717
0.047466
0.047384
0.047169
0.047102
0.046888
0.046666
0.046590
0.046363
0.046238
0.046170
0.046030
0.045902
0.045643
0.045519
0.045477
0.045268
0.045117
0.045126
0.044959
0.044709
0.044527
0.044475
0.044342
0.044087
0.044044
0.043896
0.043788
0.043568
0.043547
0.043329
0.043293
0.043098
0.043074
0.042904
0.042805
0.042736
0.042559
0.042477
0.042339
0.042264
0.042079
0.042004
0.041858
0.041780
0.041716
0.041530
0.041512
0.041320
0.041282
0.041169
0.041065
0.040940
0.040872
0.040685
0.040630
0.040677
0.040427
0.040396
0.040253
0.040224
0.040084
0.040036
0.039883
0.039856
0.039825
0.039674
0.039627
0.039543
0.039360
0.039321
0.039148
0.039021
0.039012
0.038910
0.038810
0.038738
0.038671
0.038635
0.038570
0.038570
0.038389
0.038239
0.038178
0.038173
0.038146
0.038035
0.038008
0.037910
0.037753
0.037724
0.037667
0.037570
0.037570
0.037456
0.037316
0.037285
0.037219
0.037192
0.037115
0.037119
0.036985
0.036898
0.036810
0.036770
0.036797
0.036694
0.036666
0.036599
0.036444
0.036345
0.036305
0.036234
0.036142
0.036140
0.036140
0.036070
0.035975
0.035970
0.035940
0.035899
0.035848
0.035798
0.035643
0.035643
0.035582
0.035399
0.035369
0.035341
0.035341
0.035299
0.035193
0.035136
0.035136
0.035140
0.035028
0.034984
0.034940
0.034872
0.034815
0.034709
0.034668
0.034604
0.034559
0.034559
0.034450
0.034445
0.034398
0.034349
0.034288
0.034245
0.034133
0.034110
0.034041
0.033963
0.033879
0.033872
0.033807
0.033785
0.033785
0.033698
0.033698
0.033646
0.033602
0.033537
0.033490
0.033490
0.033360
0.033360
0.033264
0.033150
0.033105
0.033063
0.032990
0.032990
0.032902
0.032889
0.032867
0.032794
0.032794
0.032759
0.032580
0.032611
0.032590
0.032545
0.032500
0.032470
0.032371
0.032371
0.032350
0.032337
0.032313
0.032237
0.032194
0.032132
0.032089
0.032050
0.032021
0.031952
0.031907
0.031861
0.031831
0.031843
0.031805
0.031770
0.031732
0.031676
0.031637
0.031571
0.031521
0.031436
0.031306
0.031306
0.031283
0.031239
0.031239
0.031193
0.031193
0.031139
0.031074
0.031080
0.031034
0.030992
0.030948
0.030832
0.030828
0.030809
0.030756
0.030683
0.030658
0.030636
0.030636
0.030592
0.030554
0.030535
0.030535
0.030535
0.030446
0.030386
0.030371
0.030349
0.030349
0.030286
0.030286
0.030286
0.030205
0.030172
0.030149
0.030149
0.030149
0.030042
0.030008
0.029923
0.029902
0.029858
0.029850
0.029772
0.029725
0.029725
0.029725
0.029715
0.029715
0.029698
0.029651
0.029624
0.029624
0.029520
0.029520
0.029475
0.029475
0.029366
0.029310
0.029310
0.029310
0.029285
0.029251
0.029212
0.029165
0.029166
0.029111
0.029064
0.029055
0.029055
0.029055
0.029008
0.028945
0.028887
0.028883
0.028875
0.028875
0.028841
0.028794
0.028836
0.028800
0.028788
0.028741
0.028710
0.028737
0.028737
0.028685
0.028647
0.028646
0.028646
0.028623
0.028595
0.028576
0.028576
0.028513
0.028513
0.028437
0.028390
0.028317
0.028317
0.028317
0.028281
0.028263
0.028293
0.028293
0.028293
0.028246
0.028239
0.028239
0.028194
0.028146
0.028115
0.028115
0.028119
0.028125
0.028143
0.028070
0.028070
0.028057
0.028043
0.028043
0.028043
0.028043
0.027995
0.027987
0.027898
0.027898
0.027884
0.027904
0.027916
0.027798
0.027798
0.027798
0.027798
0.027798
0.027796
0.027714
0.027668
0.027687
0.027643
0.027630
0.027651
0.027651
0.027651
0.027603
0.027569
0.027569
0.027569
0.027569
0.027552
0.027505
0.027535
0.027535
0.027535
0.027513
0.027513
0.027513
0.027513
0.027513
0.027450
0.027450
0.027416
0.027459
0.027459
0.027459
0.027459
0.027411
0.027388
0.027388
0.027338
0.027352
0.027334
0.027373
0.027361
0.027361
0.027361
0.027314
0.027314
0.027282
0.027282
0.027268
0.027254
0.027206
0.027206
0.027241
0.027241
0.027241
0.027241
0.027280
0.027280
0.027267
0.027267
0.027181
0.027168
0.027194
0.027194
0.027164
0.027164
0.027193
0.027193
0.027193
0.027193
0.027224
0.027193
0.027180
0.027180
0.027180
0.027126
0.027153
0.027153
0.027153
0.027066
0.027059
0.027024
0.027060
0.027092
0.027048
0.027048
0.027048
0.027048
0.027016
0.026921
0.026889
0.026917
0.026917
0.026906
0.026906
0.026906
0.026906
0.026973
0.027009
0.027009
0.027052
0.027022
0.027022
0.027022
0.026991
0.026979
0.026979
0.026982
0.026982
0.026947
0.026978
0.026978
0.026978
0.026931
0.026931
0.026931
0.026931
0.026922
0.026922
0.026925
0.026925
0.026878
0.026870
0.026870
0.026870
0.026865
0.026865
0.026884
0.026855
0.026846
0.026846
0.026846
0.026846
0.026793
0.026746
0.026759
0.026759
0.026762
0.026762
0.026762
0.026811
0.026804
0.026804
0.026804
0.026715
0.026668
0.026668
0.026668
0.026698
0.026661
0.026661
0.026648
0.026648
0.026661
0.026652
0.026652
0.026652
0.026652
0.026605
0.026605
0.026605
0.026640
0.026640
0.026640
0.026682
0.026682
0.026676
0.026676
0.026676
0.026656
0.026609
0.026609
0.026609
0.026609
0.026609
0.026609
0.026572
0.026544
0.026544
0.026531
0.026589
0.026589
0.026532
0.026532
0.026532
0.026565
0.026565
0.026516
0.026516
0.026516
0.026516
0.026516
0.026468
0.026468
0.026510
0.026510
0.026549
0.026513
0.026513
0.026513
0.026552
0.026509
0.026531
0.026484
0.026484
0.026484
0.026484
0.026484
0.026484
0.026522
0.026522
0.026522
0.026522
0.026522
0.026441
0.026406
0.026334
0.026334
0.026334
0.026334
0.026334
0.026319
0.026319
0.026357
0.026399
0.026417
0.026370
0.026373
0.026373
0.026373
0.026373
0.026285
0.026251
0.026251
0.026251
0.026251
0.026289
0.026292
0.026292
0.026292
0.026292
0.026292
0.026307
0.026258
0.026258
0.026258
0.026254
0.026254
0.026208
0.026175
0.026175
0.026175
0.026175
0.026175
0.026199
0.026199
0.026212
0.026212
0.026229
0.026232
0.026228
0.026228
0.026228
0.026228
0.026228
0.026228
0.026193
0.026193
0.026160
0.026160
0.026160
0.026178
0.026178
0.026178
0.026133
0.026133
0.026133
0.026133
0.026133
0.026133
0.026133
0.026153
0.026153
0.026153
0.026153
0.026178
0.026178
0.026156
0.026156
0.026156
0.026156
0.026156
0.026156
0.026112
0.026135
0.026135
0.026184
0.026124
0.026124
0.026124
0.026147
0.026147
0.026112
0.026112
0.026112
0.026137
0.026137
0.026104
0.026104
0.026104
0.026104
0.026130
0.026130
0.026130
0.026130
0.026081
0.026081
0.026107
0.026107
0.026107
0.026107
0.026107
0.026134
0.026134
0.026134
0.026134
0.026134
0.026160
0.026157
0.026168
0.026168
0.026168
0.026119
0.026098
0.026140
0.026140
0.026140
0.026124
0.026124
0.026154
0.026154
0.026105
0.026105
0.026105
0.026105
0.026136
0.026136
0.026136
0.026123
0.026123
0.026123
0.026049
0.026049
0.026049
0.026049
0.026049
0.026000
0.026067
0.026107
0.026107
0.026107
0.026074
0.026074
0.026072
0.026036
0.026036
0.026036
0.026036
0.026036
0.026069
0.026020
0.026020
0.026020
0.026020
0.026020
0.026054
0.026023
0.026023
0.026023
0.026023
0.026023
0.026023
0.026058
0.026058
0.026062
0.026014
0.026014
0.026014
0.026049
0.026084
0.026084
0.026084
0.026050
0.026050
0.026014
0.025979
0.026015
0.026015
0.026000
0.026035
0.026032
0.026032
0.025998
0.026035
0.026035
0.026004
0.026004
0.026004
0.026004
0.026004
0.026010
0.026047
0.025999
0.025999
0.025999
0.025999
0.025999
0.025999
0.026078
0.026038
0.026038
0.026038
0.026038
0.026038
0.026046
0.026010
0.026000
0.026000
0.026000
0.026000
0.026000
0.025952
0.025969
0.025969
0.026008
0.026039
0.026048
0.026048
0.026048
0.025938
0.025938
0.025938
0.025948
0.025940
0.025940
0.025940
0.025940
0.025940
0.026019
0.026019
0.026019
0.026019
0.026010
0.025979
0.025990
0.025990
0.025943
0.025943
0.025908
0.025908
0.025908
0.025910
0.025951
0.025951
0.025951
0.025963
0.025963
0.025963
0.025932
0.025913
0.025899
0.025899
0.025899
0.025982
0.025982
0.026013
0.026013
0.026013
0.026013
0.026013
0.026013
0.026029
0.025968
0.025921
0.025962
0.025979
0.025979
0.025979
0.025979
0.026011
0.026011
0.026011
0.026011
0.026011
0.026011
0.025975
0.025962
0.025958
0.025958
0.025958
0.025958
0.025932
0.025963
0.025963
0.025982
0.025982
0.025982
0.025982
0.025982
0.025982
0.025938
0.025969
0.025969
0.025969
0.025969
0.025969
0.026001
0.026001
0.026001
0.026001
0.026001
0.026001
0.026023
0.026023
0.025979
0.025948
0.026014
0.026056
0.026056
0.026056
0.026088
0.026088
0.026088
0.026088
0.026088
0.026088
0.026054
0.026078
0.026036
0.026036
0.026036
0.026036
0.026032
0.026032
0.026032
0.026050
0.026050
0.026050
0.026050
0.026050
0.026075
0.026075
0.026034
0.026061
0.026061
0.026061
0.026036
0.026036
0.026036
0.026036
0.026036
0.026036
0.026036
0.026036
0.026036
0.026065
0.026065
0.026025
0.026025
0.026025
0.026098
0.026098
0.026098
0.026098
0.026098
0.026098
0.026098
0.026098
0.026098
0.026098
0.026098
0.026128
0.026091
0.026091
0.026101
0.026137
0.026137
0.026137
0.026137
0.026137
0.026175
0.026175
0.026137
0.026137
