1.456285
1.280296
1.115126
0.999315
0.934915
0.907606
0.899716
0.900241
0.900572
0.899826
0.898509
0.897376
0.896626
0.896001
0.895881
0.896339
0.896879
0.896912
0.896701
0.896320
0.895739
0.894973
0.894220
0.893398
0.892351
0.891138
0.890120
0.888709
0.887618
0.886556
0.885181
0.884030
0.883032
0.882108
0.881217
0.880315
0.879476
0.878622
0.877819
0.877023
0.876129
0.875259
0.874172
0.873344
0.872209
0.871071
0.870070
0.868935
0.867783
0.866556
0.865518
0.864375
0.863328
0.862039
0.860917
0.859851
0.858904
0.857778
0.856929
0.855972
0.854957
0.853833
0.852888
0.851814
0.850806
0.849755
0.848752
0.847675
0.846634
0.845251
0.844240
0.843153
0.841770
0.840607
0.839352
0.838055
0.836815
0.835623
0.834504
0.833210
0.832146
0.830953
0.829528
0.828295
0.826849
0.825634
0.824265
0.822966
0.821671
0.820517
0.819227
0.817967
0.816791
0.815611
0.814239
0.812797
0.811538
0.810163
0.808790
0.807436
0.806092
0.804676
0.803120
0.801346
0.799785
0.798203
0.796534
0.794908
0.793194
0.791295
0.789603
0.787775
0.786248
0.784648
0.783360
0.781787
0.780448
0.779011
0.777712
0.776281
0.775084
0.773800
0.772389
0.771094
0.769915
0.768633
0.767473
0.766324
0.765073
0.763961
0.762772
0.761545
0.760404
0.759272
0.758293
0.756933
0.755652
0.754565
0.753392
0.752389
0.751114
0.750111
0.748952
0.747973
0.746870
0.745786
0.744757
0.743744
0.742452
0.741681
0.740446
0.739429
0.738406
0.737010
0.736282
0.734918
0.733797
0.732864
0.731574
0.730219
0.728745
0.727270
0.725729
0.724749
0.723863
0.722421
0.721251
0.720301
0.719335
0.718123
0.716951
0.715923
0.715041
0.713385
0.711652
0.710320
0.709083
0.707579
0.705776
0.703957
0.702549
0.701391
0.700068
0.698117
0.696787
0.695556
0.694061
0.692455
0.690803
0.689517
0.688461
0.686486
0.684729
0.683357
0.681789
0.680567
0.679110
0.677182
0.675432
0.673978
0.672357
0.670331
0.668269
0.666604
0.664778
0.662606
0.660497
0.658372
0.656359
0.654079
0.651659
0.648964
0.646956
0.644907
0.642546
0.639826
0.637521
0.635411
0.633333
0.630840
0.628261
0.625759
0.623539
0.621402
0.618946
0.616164
0.613625
0.611093
0.609122
0.606611
0.603826
0.601325
0.598990
0.596877
0.594042
0.591331
0.588719
0.586283
0.583780
0.581127
0.578481
0.575921
0.573283
0.570561
0.567881
0.565339
0.562672
0.560196
0.557573
0.554954
0.552307
0.549726
0.547185
0.544529
0.542118
0.539545
0.537021
0.534351
0.531760
0.529143
0.526717
0.524241
0.521561
0.518857
0.516223
0.513573
0.510955
0.508346
0.505853
0.502900
0.500483
0.497671
0.495142
0.492822
0.490445
0.488240
0.486104
0.484053
0.481641
0.479265
0.476950
0.474648
0.472506
0.470249
0.467850
0.465628
0.463586
0.461207
0.458982
0.456865
0.454730
0.452686
0.450370
0.448445
0.446574
0.444442
0.442322
0.440335
0.438316
0.436250
0.434251
0.432247
0.430243
0.428415
0.426444
0.424850
0.423018
0.421341
0.419803
0.418271
0.416506
0.414934
0.413509
0.411907
0.410127
0.408388
0.406580
0.404523
0.402659
0.400855
0.398865
0.396854
0.395024
0.393172
0.391303
0.389505
0.387417
0.385526
0.383642
0.381794
0.379870
0.378211
0.376233
0.374299
0.372424
0.370588
0.368872
0.366714
0.364820
0.362862
0.360890
0.358746
0.356681
0.354315
0.352154
0.349830
0.347777
0.345598
0.343391
0.341313
0.339203
0.337065
0.334841
0.332758
0.330555
0.328369
0.326054
0.324108
0.321897
0.319763
0.317543
0.315447
0.313335
0.311138
0.309022
0.306897
0.304766
0.302764
0.300540
0.298614
0.296865
0.294789
0.292760
0.290716
0.288739
0.286542
0.284559
0.282455
0.280227
0.278218
0.276240
0.274160
0.272136
0.270222
0.268291
0.266523
0.264576
0.262636
0.260739
0.258615
0.256681
0.254848
0.252918
0.251236
0.249466
0.247537
0.245610
0.243842
0.241973
0.240189
0.238274
0.236530
0.234714
0.232894
0.231329
0.229504
0.227742
0.226009
0.224135
0.222478
0.220821
0.219063
0.217486
0.215642
0.213970
0.212396
0.210582
0.208922
0.207281
0.205925
0.204301
0.202775
0.201204
0.199736
0.198045
0.196683
0.195302
0.193634
0.192317
0.190868
0.189402
0.187936
0.186672
0.185420
0.183978
0.182596
0.181195
0.179923
0.178779
0.177362
0.176093
0.174830
0.173640
0.172331
0.171170
0.169980
0.168925
0.167923
0.167032
0.165810
0.164741
0.163514
0.162425
0.161353
0.160295
0.159224
0.158124
0.157005
0.156043
0.155000
0.154000
0.153103
0.152115
0.151045
0.149909
0.149112
0.148161
0.147123
0.146225
0.145294
0.144354
0.143468
0.142557
0.141592
0.140702
0.139765
0.138934
0.137972
0.137336
0.136671
0.135883
0.135025
0.134145
0.133293
0.132482
0.131659
0.130716
0.129889
0.129077
0.128207
0.127378
0.126633
0.125692
0.124887
0.124148
0.123253
0.122434
0.121553
0.120813
0.120114
0.119339
0.118419
0.117593
0.116695
0.115908
0.115145
0.114418
0.113535
0.112737
0.111962
0.111329
0.110604
0.109773
0.108877
0.108182
0.107379
0.106586
0.105723
0.104900
0.104156
0.103286
0.102438
0.101686
0.100822
0.099920
0.099048
0.098320
0.097573
0.096774
0.096034
0.095112
0.094297
0.093651
0.092776
0.091935
0.091133
0.090387
0.089554
0.088769
0.088010
0.087211
0.086655
0.085762
0.085196
0.084577
0.083887
0.083300
0.082549
0.081822
0.081115
0.080289
0.079616
0.079103
0.078332
0.077660
0.077036
0.076367
0.075772
0.075108
0.074536
0.073875
0.073317
0.072751
0.072102
0.071574
0.070874
0.070273
0.069711
0.069195
0.068741
0.068141
0.067667
0.067118
0.066508
0.066147
0.065507
0.065072
0.064617
0.064230
0.063750
0.063284
0.062801
0.062290
0.061907
0.061464
0.060908
0.060407
0.060082
0.059619
0.059209
0.058823
0.058380
0.058040
0.057535
0.057153
0.056727
0.056525
0.056008
0.055658
0.055466
0.055040
0.054603
0.054292
0.054039
0.053631
0.053327
0.053167
0.052853
0.052493
0.052232
0.051967
0.051779
0.051392
0.051219
0.050981
0.050627
0.050356
0.050151
0.049779
0.049625
0.049403
0.049233
0.048883
0.048634
0.048376
0.048259
0.048128
0.047850
0.047683
0.047360
0.047125
0.047023
0.046705
0.046551
0.046410
0.046097
0.045977
0.045806
0.045666
0.045448
0.045332
0.045116
0.044871
0.044722
0.044565
0.044343
0.044020
0.043868
0.043782
0.043567
0.043378
0.043221
0.043022
0.042990
0.042763
0.042645
0.042345
0.042336
0.042115
0.041999
0.041777
0.041700
0.041449
0.041308
0.041217
0.041075
0.040842
0.040710
0.040608
0.040519
0.040437
0.040369
0.040201
0.040158
0.040018
0.039872
0.039685
0.039584
0.039458
0.039343
0.039233
0.039219
0.039166
0.039031
0.038907
0.038898
0.038824
0.038688
0.038680
0.038715
0.038545
0.038466
0.038375
0.038427
0.038202
0.038209
0.038126
0.038126
0.037965
0.037973
0.037886
0.037925
0.037845
0.037690
0.037679
0.037635
0.037503
0.037419
0.037384
0.037286
0.037152
0.037125
0.036995
0.036947
0.036841
0.036816
0.036775
0.036736
0.036713
0.036641
0.036618
0.036576
0.036488
0.036456
0.036323
0.036340
0.036233
0.036193
0.036193
0.035990
0.035932
0.035909
0.035895
0.035946
0.035802
0.035718
0.035760
0.035642
0.035699
0.035559
0.035498
0.035515
0.035385
0.035267
0.035251
0.035271
0.035271
0.035067
0.035102
0.035174
0.035020
0.035045
0.034995
0.034932
0.034899
0.034867
0.034721
0.034719
0.034663
0.034671
0.034597
0.034478
0.034447
0.034408
0.034441
0.034356
0.034281
0.034333
0.034249
0.034260
0.034253
0.034195
0.034157
0.034152
0.034029
0.033989
0.033920
0.033849
0.033849
0.033805
0.033708
0.033721
0.033677
0.033633
0.033611
0.033626
0.033588
0.033467
0.033468
0.033452
0.033401
0.033368
0.033356
0.033280
0.033252
0.033185
0.033186
0.033103
0.033114
0.033151
0.033151
0.033131
0.033095
0.032970
0.032908
0.032873
0.032920
0.032875
0.032830
0.032815
0.032771
0.032708
0.032692
0.032613
0.032670
0.032700
0.032689
0.032655
0.032619
0.032575
0.032569
0.032524
0.032484
0.032477
0.032432
0.032398
0.032360
0.032342
0.032306
0.032271
0.032368
0.032368
0.032298
0.032298
0.032197
0.032123
0.032153
0.032153
0.032135
0.032078
0.032046
0.032033
0.031993
0.031960
0.031958
0.031958
0.032025
0.032041
0.032022
0.031945
0.031975
0.031940
0.031894
0.031824
0.031824
0.031783
0.031709
0.031709
0.031667
0.031667
0.031630
0.031609
0.031631
0.031612
0.031543
0.031543
0.031543
0.031461
0.031497
0.031497
0.031463
0.031451
0.031451
0.031451
0.031422
0.031386
0.031328
0.031296
0.031278
0.031240
0.031240
0.031274
0.031274
0.031274
0.031240
0.031240
0.031203
0.031203
0.031101
0.031101
0.031101
0.031067
0.031073
0.030978
0.030969
0.030969
0.031011
0.030977
0.030945
0.030945
0.030945
0.030872
0.030872
0.030799
0.030768
0.030768
0.030722
0.030722
0.030767
0.030772
0.030759
0.030759
0.030759
0.030724
0.030693
0.030656
0.030613
0.030613
0.030594
0.030631
0.030556
0.030533
0.030533
0.030533
0.030570
0.030553
0.030449
0.030449
0.030449
0.030449
0.030449
0.030496
0.030500
0.030454
0.030429
0.030429
0.030344
0.030344
0.030317
0.030245
0.030211
0.030211
0.030239
0.030239
0.030237
0.030237
0.030208
0.030163
0.030163
0.030136
0.030136
0.030136
0.030136
0.030069
0.030007
0.030007
0.030007
0.030007
0.030007
0.029966
0.029940
0.029855
0.029855
0.029884
0.029863
0.029863
0.029863
0.029863
0.029863
0.029798
0.029773
0.029736
0.029731
0.029710
0.029710
0.029710
0.029775
0.029731
0.029705
0.029705
0.029664
0.029664
0.029642
0.029642
0.029672
0.029633
0.029633
0.029610
0.029585
0.029561
0.029552
0.029552
0.029593
0.029554
0.029512
0.029512
0.029533
0.029492
0.029467
0.029467
0.029467
0.029467
0.029428
0.029358
0.029358
0.029358
0.029358
0.029336
0.029377
0.029377
0.029314
0.029314
0.029252
0.029218
0.029218
0.029218
0.029218
0.029218
0.029218
0.029181
0.029181
0.029181
0.029137
0.029137
0.029179
0.029144
0.029107
0.029107
0.029050
0.029050
0.029021
0.029021
0.028977
0.028977
0.028941
0.028941
0.028970
0.028970
0.028934
0.028934
0.028934
0.028910
0.028910
0.028910
0.028910
0.028910
0.028910
0.028910
0.028874
0.028874
0.028856
0.028856
0.028889
0.028889
0.028889
0.028901
0.028901
0.028878
0.028878
0.028878
0.028828
0.028828
0.028828
0.028828
0.028828
0.028816
0.028816
0.028816
0.028816
0.028816
0.028816
0.028799
0.028766
0.028766
0.028722
0.028686
0.028686
0.028686
0.028686
0.028686
0.028686
0.028686
0.028719
0.028719
0.028719
0.028716
0.028716
0.028661
0.028661
0.028661
0.028661
0.028647
0.028647
0.028647
0.028647
0.028611
0.028611
0.028611
0.028611
0.028611
0.028611
0.028611
0.028634
0.028634
0.028632
0.028624
0.028624
0.028624
0.028624
0.028624
0.028583
0.028583
0.028596
0.028596
0.028596
0.028596
0.028596
0.028596
0.028603
0.028640
0.028619
0.028619
0.028619
0.028590
0.028574
0.028574
0.028574
0.028505
0.028495
0.028495
0.028414
0.028402
0.028439
0.028468
0.028468
0.028508
0.028508
0.028508
0.028508
0.028532
0.028532
0.028492
0.028492
0.028492
0.028492
0.028492
0.028464
0.028464
0.028464
0.028464
0.028464
0.028437
0.028437
0.028437
0.028437
0.028437
0.028437
0.028437
0.028437
0.028437
0.028437
0.028437
0.028437
0.028431
0.028412
0.028412
0.028412
0.028412
0.028412
0.028412
0.028437
0.028437
0.028437
0.028437
0.028437
0.028449
0.028449
0.028449
0.028459
0.028459
0.028456
0.028456
0.028456
0.028456
0.028456
0.028456
0.028421
0.028456
0.028443
0.028401
0.028401
0.028443
0.028443
0.028443
0.028443
0.028419
0.028384
0.028383
0.028383
0.028408
0.028365
0.028365
0.028365
0.028365
0.028365
0.028365
0.028365
0.028365
0.028326
0.028326
0.028326
0.028326
0.028327
0.028311
0.028383
0.028383
0.028383
0.028383
0.028383
0.028383
0.028383
0.028383
0.028309
0.028309
0.028309
0.028309
0.028335
0.028335
0.028335
0.028339
0.028339
0.028339
0.028339
0.028339
0.028339
0.028339
0.028339
0.028339
0.028339
0.028339
0.028397
0.028397
0.028397
0.028385
0.028385
0.028385
0.028385
0.028385
0.028385
0.028385
0.028385
0.028385
0.028385
0.028411
0.028411
0.028411
0.028411
0.028411
0.028411
0.028411
0.028411
0.028411
0.028411
0.028411
0.028411
0.028411
0.028411
0.028411
0.028399
0.028353
0.028312
0.028312
0.028312
0.028312
0.028312
0.028312
0.028339
0.028339
0.028339
0.028339
0.028339
0.028339
0.028339
0.028339
0.028339
0.028336
0.028336
0.028336
0.028336
0.028297
0.028297
0.028261
0.028261
0.028300
0.028300
0.028300
0.028300
0.028300
0.028300
0.028300
0.028328
0.028328
0.028289
0.028289
0.028289
0.028289
0.028289
0.028289
0.028289
0.028289
0.028289
0.028289
0.028327
0.028327
0.028327
0.028327
0.028288
0.028288
0.028288
0.028288
0.028288
0.028288
0.028288
0.028288
0.028288
0.028288
0.028316
0.028316
0.028316
0.028316
0.028316
0.028316
0.028316
0.028316
0.028316
0.028316
0.028316
0.028316
0.028316
0.028316
0.028276
0.028276
0.028276
0.028276
0.028269
0.028269
0.028269
0.028269
0.028269
0.028269
0.028270
0.028270
0.028299
0.028299
0.028299
0.028299
0.028299
0.028299
0.028299
0.028299
0.028336
0.028336
0.028336
0.028336
0.028336
0.028299
0.028299
0.028279
0.028279
0.028279
0.028279
0.028279
0.028279
0.028279
0.028316
0.028316
0.028316
0.028316
0.028316
0.028316
0.028346
0.028346
0.028346
0.028307
0.028307
0.028270
0.028270
0.028270
0.028307
0.028307
0.028346
0.028346
0.028346
0.028346
0.028346
0.028346
0.028346
0.028346
0.028307
0.028307
0.028307
0.028307
0.028307
0.028307
0.028307
0.028307
0.028307
0.028337
0.028337
0.028337
0.028298
0.028298
0.028298
0.028298
0.028298
0.028298
0.028298
0.028298
0.028298
0.028298
0.028298
0.028298
0.028298
0.028298
0.028298
0.028298
0.028298
0.028298
0.028298
0.028298
0.028298
0.028263
0.028263
0.028263
0.028263
0.028263
0.028263
0.028294
0.028294
0.028294
0.028294
0.028294
0.028294
0.028294
0.028294
0.028294
0.028294
0.028294
0.028294
0.028294
0.028294
0.028294
0.028294
0.028294
0.028294
0.028294
0.028294
0.028294
0.028325
0.028325
0.028325
0.028294
0.028294
0.028294
0.028294
0.028294
0.028294
0.028294
0.028326
0.028326
0.028288
0.028326
0.028326
0.028357
0.028357
0.028357
0.028357
0.028326
0.028326
0.028288
0.028249
0.028249
0.028249
0.028249
0.028249
0.028288
0.028288
0.028288
0.028352
0.028315
0.028315
0.028315
0.028282
0.028251
0.028212
0.028212
0.028212
0.028212
0.028212
0.028212
0.028212
0.086280
0.086279
0.086243
0.086227
0.086195
0.086251
0.086217
0.086245
0.086194
0.086221
0.086212
0.086106
0.086097
0.086088
0.086079
0.086075
0.086099
0.086093
0.086115
0.086145
0.086136
0.086091
0.086082
0.086109
0.086073
0.086026
0.085978
0.085936
0.085928
0.085919
0.085911
0.085899
0.085855
0.085855
0.085839
0.085870
0.085836
0.085828
0.085812
0.085835
0.085700
0.085661
0.085597
0.085582
0.085562
0.085462
0.085349
0.085328
0.085264
0.085210
0.085197
0.085133
0.085071
0.084986
0.084930
0.084862
0.084799
0.084681
0.084619
0.084558
0.084441
0.084379
0.084297
0.084181
0.084120
0.084076
0.083931
0.083836
0.083704
0.083594
0.083430
0.083315
0.083156
0.083053
0.082890
0.082731
0.082538
0.082380
0.082217
0.082056
0.081929
0.081722
0.081560
0.081353
0.081143
0.080977
0.080870
0.080714
0.080508
0.080302
0.080096
0.079820
0.079618
0.079362
0.079306
0.079344
0.079407
0.079439
0.079512
0.079550
0.079558
0.079567
0.079642
0.079642
0.079655
0.079677
0.079656
0.079634
0.079649
0.079617
0.079672
0.079726
0.079770
0.079788
0.079788
0.079809
0.079765
0.079701
0.079720
0.079691
0.079579
0.079433
0.079196
0.078996
0.078799
0.078552
0.078337
0.078161
0.077914
0.077756
0.077540
0.077294
0.077097
0.076814
0.076621
0.076375
0.076179
0.075916
0.075671
0.075479
0.075283
0.075041
0.074846
0.074634
0.074439
0.074254
0.074052
0.073889
0.073699
0.073509
0.073320
0.073159
0.072935
0.072677
0.072539
0.072351
0.072158
0.071938
0.071743
0.071556
0.071420
0.071234
0.071081
0.070976
0.070828
0.070677
0.070542
0.070371
0.070188
0.069984
0.069794
0.069661
0.069479
0.069297
0.069200
0.069019
0.068879
0.068699
0.068558
0.068459
0.068280
0.068142
0.067964
0.067879
0.067702
0.067411
0.067284
0.067108
0.066922
0.066796
0.066609
0.066392
0.066267
0.066094
0.065946
0.065889
0.065705
0.065534
0.065351
0.065229
0.065013
0.064762
0.064559
0.064377
0.064209
0.064029
0.063897
0.063717
0.063537
0.063406
0.063226
0.063012
0.062834
0.062655
0.062511
0.062326
0.062182
0.062005
0.061865
0.061688
0.061497
0.061322
0.061133
0.060942
0.060767
0.060544
0.060354
0.060132
0.059943
0.059753
0.059547
0.059310
0.059158
0.059003
0.058767
0.058578
0.058390
0.058124
0.057919
0.057684
0.057496
0.057292
0.057088
0.056884
0.056686
0.056482
0.056269
0.056082
0.055831
0.055595
0.055344
0.055140
0.054889
0.054684
0.054433
0.054229
0.054062
0.053824
0.053655
0.053404
0.053181
0.052931
0.052708
0.052457
0.052235
0.051965
0.051761
0.051507
0.051238
0.051053
0.050797
0.050528
0.050305
0.050082
0.049813
0.049590
0.049367
0.049085
0.048862
0.048621
0.048366
0.048144
0.047820
0.047635
0.047413
0.047172
0.046950
0.046747
0.046524
0.046322
0.046063
0.045824
0.045585
0.045363
0.045171
0.044919
0.044681
0.044507
0.044269
0.044095
0.043859
0.043685
0.043536
0.043363
0.043112
0.042925
0.042763
0.042591
0.042467
0.042249
0.042078
0.041907
0.041785
0.041614
0.041415
0.041294
0.041125
0.041004
0.040836
0.040716
0.040581
0.040384
0.040266
0.040149
0.040041
0.039844
0.039727
0.039612
0.039477
0.039362
0.039248
0.039141
0.039028
0.038922
0.038783
0.038677
0.038566
0.038461
0.038401
0.038267
0.038158
0.037986
0.037882
0.037825
0.037722
0.037619
0.037564
0.037435
0.037333
0.037211
0.037108
0.037045
0.036995
0.036894
0.036818
0.036719
0.036670
0.036571
0.036473
0.036425
0.036302
0.036295
0.036248
0.036071
0.036024
0.035925
0.035854
0.035759
0.035752
0.035707
0.035613
0.035569
0.035446
0.035403
0.035360
0.035268
0.035226
0.035134
0.035031
0.034941
0.034864
0.034824
0.034735
0.034663
0.034624
0.034614
0.034575
0.034489
0.034440
0.034344
0.034252
0.034183
0.034087
0.034013
0.033943
0.033909
0.033861
0.033827
0.033780
0.033684
0.033631
0.033539
0.033545
0.033498
0.033451
0.033421
0.033354
0.033307
0.033239
0.033193
0.033146
0.033118
0.033008
0.032956
0.032910
0.032884
0.032838
0.032793
0.032747
0.032684
0.032659
0.032628
0.032583
0.032537
0.032493
0.032470
0.032425
0.032404
0.032332
0.032288
0.032244
0.032201
0.032140
0.032097
0.032008
0.032008
0.031965
0.031922
0.031879
0.031788
0.031746
0.031746
0.031703
0.031661
0.031619
0.031573
0.031517
0.031475
0.031434
0.031434
0.031393
0.031384
0.031343
0.031329
0.031260
0.031173
0.031141
0.031101
0.031098
0.031085
0.031045
0.031006
0.030976
0.030936
0.030936
0.030939
0.030874
0.030906
0.030836
0.030836
0.030798
0.030760
0.030728
0.030658
0.030614
0.030539
0.030539
0.030501
0.030469
0.030358
0.030321
0.030354
0.030316
0.030344
0.030307
0.030307
0.030237
0.030237
0.030201
0.030169
0.030098
0.030062
0.030030
0.029952
0.029952
0.029906
0.029906
0.029837
0.029881
0.029881
0.029811
0.029811
0.029747
0.029740
0.029706
0.029639
0.029639
0.029570
0.029570
0.029591
0.029556
0.029522
0.029522
0.029434
0.029432
0.029474
0.029474
0.029439
0.029405
0.029405
0.029371
0.029305
0.029301
0.029301
0.029266
0.029232
0.029232
0.029232
0.029164
0.029149
0.029149
0.029149
0.029078
0.029078
0.029078
0.029078
0.029046
0.028979
0.028979
0.028946
0.028946
0.028911
0.028911
0.028878
0.028878
0.028910
0.028875
0.028818
0.028818
0.028818
0.028787
0.028787
0.028751
0.028751
0.028689
0.028689
0.028658
0.028658
0.028593
0.028593
0.028593
0.028587
0.028587
0.028558
0.028474
0.028474
0.028474
0.028446
0.028484
0.028484
0.028452
0.028390
0.028353
0.028353
0.028353
0.028396
0.028408
0.028440
0.028440
0.028440
0.028440
0.028416
0.028379
0.028379
0.028383
0.028383
0.028313
0.028290
0.028290
0.028290
0.028290
0.028290
0.028270
0.028340
0.028340
0.028340
0.028346
0.028307
0.028307
0.028288
0.028288
0.028251
0.028219
0.028219
0.028219
0.028202
0.028202
0.028202
0.028235
0.028242
0.028280
0.028280
0.028266
0.028266
0.028266
0.028266
0.028266
0.028189
0.028157
0.028157
0.028145
0.028145
0.028145
0.028145
0.028178
0.028178
0.028224
0.028224
0.028216
0.028216
0.028216
0.028216
0.028179
0.028179
0.028179
0.028146
0.028146
0.028146
0.028141
0.028141
0.028174
0.028217
0.028217
0.028228
0.028228
0.028228
0.028196
0.028172
0.028172
0.028172
0.028172
0.028162
0.028162
0.028162
0.028138
0.028138
0.028183
0.028183
0.028183
0.028183
0.028183
0.028144
0.028144
0.028144
0.028144
0.028144
0.028144
0.028114
0.028114
0.028128
0.028128
0.028160
0.028160
0.028160
0.028160
0.028160
0.028160
0.028160
0.028160
0.028160
0.028121
0.028121
0.028121
0.028121
0.028088
0.028104
0.028104
0.028136
0.028136
0.028136
0.028141
0.028141
0.028141
0.028141
0.028141
0.028141
0.028141
0.028141
0.028141
0.028141
0.028141
0.028141
0.028197
0.028197
0.028197
0.028197
0.028197
0.028197
0.028197
0.028197
0.028197
0.028197
0.028197
0.028197
0.028197
0.028216
0.028216
0.028216
0.028216
0.028216
0.028216
0.028253
0.028253
0.028253
0.028253
0.028253
0.028253
0.028273
0.028273
0.028273
0.028273
0.028273
0.028273
0.028316
0.028316
0.028316
0.028316
0.028316
0.028316
0.028316
0.028316
0.028337
0.028337
0.028337
0.028337
0.028380
0.028380
0.028380
0.028380
0.028380
0.028380
0.028380
0.028380
0.028380
0.028394
0.028394
0.028394
0.028415
0.028415
0.028415
0.028415
0.028415
0.028415
0.028415
0.028415
0.028415
0.028415
0.028415
0.028415
0.028415
0.028438
0.028438
0.028438
0.028438
0.028438
0.028438
0.028438
0.028438
0.028438
0.028438
0.028438
0.028438
0.028462
0.028462
0.028462
0.028462
0.028462
0.028462
0.028462
0.028462
0.028462
0.028462
0.028462
0.028462
0.028462
0.028449
0.028449
0.028449
0.028449
0.028449
0.028449
0.028449
0.028449
0.028449
0.028449
0.028449
0.028449
0.028449
0.028449
0.028475
0.028475
0.028475
0.028475
0.028475
0.028475
0.028475
0.028475
0.028516
0.028516
0.028516
0.028484
0.028484
0.028484
0.028511
0.028511
0.028511
0.028505
0.028505
0.028505
0.028505
0.028505
0.028505
0.028505
0.028468
0.028468
0.028468
0.028468
0.028495
0.028495
0.028495
0.028495
0.028495
0.028495
0.028495
0.028495
0.028495
0.028495
0.028455
0.028455
0.028455
0.028455
0.028484
0.028484
0.028484
0.028484
0.028484
0.028484
0.028484
0.028484
0.028447
0.028447
0.028447
0.028447
0.028447
0.028484
0.028484
0.028517
0.028547
0.028547
0.028547
0.028547
0.028547
0.028547
0.028590
0.028590
0.028553
0.028553
0.028553
0.028521
0.028593
0.028630
0.028630
0.028630
0.028630
0.028630
0.028630
0.028661
0.028661
0.028661
0.028661
0.028623
0.028623
0.028623
0.028623
0.028623
0.028623
0.028623
0.028661
0.028661
0.028661
0.028661
0.028661
0.028661
0.028661
0.028661
0.028661
0.028586
0.028586
0.028586
0.028586
0.028618
0.028618
0.028618
0.028655
0.028655
0.028655
0.028655
0.028655
0.028655
0.028655
0.028655
0.028618
0.028616
0.028616
0.028616
0.028616
0.028580
0.028580
0.028580
0.028581
0.028581
0.028581
0.028583
0.028583
0.028583
0.028583
0.028583
0.028546
0.028546
0.028546
0.028546
0.028546
0.028546
0.028546
0.028546
0.028546
0.028583
0.028583
0.028583
0.028583
0.028548
0.028548
0.028548
0.028511
0.028511
0.028511
0.028511
0.028509
0.028509
0.028532
0.028532
0.028532
0.028570
0.028570
0.028535
0.028535
0.028535
0.028535
0.028498
0.028498
0.028498
0.028498
0.028498
0.028498
0.028498
0.028498
0.028498
0.028464
0.028464
0.028501
0.028501
0.028501
0.028501
0.028501
0.028464
0.028464
0.028464
0.028464
0.028464
0.028464
0.028464
0.028464
0.028431
0.028431
0.028431
0.028468
0.028468
0.028468
0.028468
