1.654094
1.491675
1.340543
1.235926
1.179975
1.158801
1.154620
1.154523
1.154450
1.153823
1.152732
1.151665
1.150779
1.149686
1.148669
1.147560
1.146456
1.145576
1.144570
1.143301
1.142039
1.140561
1.139131
1.137514
1.136075
1.134502
1.133107
1.131711
1.130235
1.128496
1.126857
1.125350
1.123428
1.121395
1.119478
1.117484
1.115471
1.113634
1.111737
1.109859
1.107983
1.106352
1.104896
1.103297
1.101671
1.099934
1.098138
1.096406
1.094509
1.092587
1.090793
1.088850
1.087011
1.085099
1.083158
1.081185
1.079153
1.077189
1.075289
1.073354
1.071454
1.069594
1.067591
1.065744
1.064073
1.062271
1.060451
1.058492
1.056520
1.054691
1.052882
1.050966
1.048986
1.046995
1.045117
1.043253
1.041512
1.039662
1.037887
1.036070
1.034436
1.032572
1.030757
1.028951
1.027057
1.025325
1.023599
1.022022
1.020138
1.018434
1.016811
1.015156
1.013541
1.011878
1.010342
1.008791
1.007438
1.006092
1.004983
1.003701
1.002696
1.001910
1.001018
1.000182
0.999151
0.997965
0.996712
0.995400
0.994366
0.993110
0.991945
0.990543
0.989365
0.988101
0.986787
0.985745
0.984542
0.983069
0.981511
0.980432
0.979339
0.978266
0.977324
0.976321
0.975216
0.974412
0.973256
0.972379
0.971269
0.970346
0.968787
0.967209
0.965512
0.963949
0.962654
0.961150
0.959671
0.958214
0.956908
0.955453
0.954039
0.952464
0.951033
0.949373
0.947937
0.946647
0.945588
0.944342
0.943365
0.942584
0.941673
0.940742
0.939851
0.938845
0.937651
0.936345
0.934957
0.933564
0.932176
0.931129
0.930060
0.929262
0.928564
0.927983
0.927272
0.926968
0.926250
0.925529
0.924737
0.923942
0.923054
0.922510
0.921699
0.921104
0.920273
0.919260
0.918498
0.917480
0.916748
0.915826
0.914852
0.913892
0.913035
0.912203
0.911684
0.911104
0.910477
0.909952
0.909227
0.908600
0.907889
0.907154
0.906307
0.905402
0.904604
0.903512
0.902759
0.902174
0.901385
0.900408
0.899800
0.899037
0.898135
0.897479
0.896877
0.895986
0.895459
0.894723
0.893835
0.892841
0.891582
0.890227
0.888611
0.887094
0.885620
0.884317
0.883039
0.882129
0.881318
0.880708
0.880384
0.879721
0.879134
0.878640
0.877875
0.877464
0.876828
0.875967
0.874990
0.873981
0.872875
0.871499
0.870460
0.869590
0.868703
0.867774
0.866881
0.866055
0.864944
0.863954
0.863094
0.862020
0.861014
0.860170
0.859094
0.858054
0.857085
0.856322
0.855260
0.854621
0.853864
0.853148
0.852285
0.851319
0.850638
0.850038
0.849279
0.848449
0.847386
0.846480
0.845447
0.844434
0.843352
0.842468
0.841621
0.840684
0.839832
0.839067
0.838780
0.838202
0.837733
0.837601
0.837022
0.836507
0.836182
0.835582
0.835247
0.834593
0.833813
0.832854
0.831838
0.831075
0.830340
0.829570
0.828554
0.827810
0.827258
0.826681
0.826419
0.826042
0.825601
0.825389
0.825018
0.824591
0.824375
0.824069
0.823351
0.822290
0.821486
0.820485
0.819689
0.818640
0.818029
0.817440
0.816681
0.816126
0.815986
0.815695
0.815163
0.814615
0.813994
0.813491
0.813166
0.812478
0.811475
0.810096
0.809194
0.808338
0.807171
0.806266
0.805169
0.804346
0.803825
0.803498
0.802861
0.802385
0.802211
0.802007
0.801777
0.801243
0.800696
0.800116
0.799845
0.799123
0.798402
0.797342
0.796301
0.795401
0.794938
0.793903
0.793218
0.792680
0.792094
0.791713
0.791494
0.791167
0.791065
0.790808
0.790298
0.789688
0.789297
0.788932
0.788370
0.787534
0.786578
0.785373
0.784427
0.783187
0.782422
0.781736
0.781385
0.781059
0.780523
0.780107
0.779641
0.779441
0.779067
0.778965
0.778321
0.777191
0.776129
0.774745
0.773929
0.772706
0.771775
0.770762
0.769887
0.769076
0.768598
0.768060
0.768370
0.769236
0.770783
0.771982
0.772491
0.772343
0.771389
0.770150
0.768838
0.767464
0.766396
0.765124
0.763948
0.763017
0.762181
0.761291
0.760468
0.759396
0.758165
0.756685
0.755184
0.753660
0.752998
0.751890
0.750226
0.749060
0.748260
0.747864
0.747794
0.747416
0.747269
0.747138
0.746933
0.746474
0.745985
0.745076
0.744248
0.743672
0.743019
0.742322
0.741238
0.740145
0.738855
0.737607
0.736566
0.735692
0.735036
0.734493
0.733948
0.733156
0.732424
0.731670
0.730744
0.729798
0.728894
0.727789
0.726881
0.725927
0.725073
0.724014
0.723066
0.722115
0.721347
0.720719
0.719986
0.718987
0.717847
0.716536
0.715232
0.714108
0.712984
0.711653
0.710587
0.709537
0.708304
0.707134
0.705985
0.704680
0.703486
0.702204
0.700920
0.699319
0.697866
0.696315
0.694835
0.693298
0.691795
0.690226
0.688504
0.686977
0.685856
0.684858
0.684001
0.684254
0.685433
0.686656
0.687145
0.687052
0.686000
0.684365
0.682296
0.679681
0.677102
0.674748
0.672509
0.670363
0.668071
0.665974
0.663672
0.662090
0.661791
0.662058
0.663094
0.664074
0.665252
0.666099
0.666819
0.666439
0.665213
0.663154
0.660936
0.658668
0.656011
0.653401
0.650886
0.648228
0.645574
0.642944
0.640312
0.637921
0.635403
0.632735
0.630326
0.627890
0.625770
0.623825
0.622239
0.621228
0.620449
0.619690
0.619096
0.618728
0.618399
0.617919
0.617265
0.616289
0.614846
0.613074
0.610621
0.607967
0.605217
0.602258
0.599445
0.596637
0.593929
0.591539
0.589603
0.588055
0.586874
0.585722
0.584784
0.583974
0.583008
0.582212
0.581096
0.579562
0.577607
0.575305
0.572712
0.570233
0.567795
0.565114
0.562642
0.559725
0.557030
0.554662
0.552765
0.550870
0.549023
0.547248
0.545529
0.543795
0.541569
0.539271
0.536642
0.533933
0.531120
0.528279
0.525699
0.522824
0.520320
0.517716
0.515184
0.512522
0.510009
0.507091
0.504542
0.501809
0.499086
0.496256
0.493715
0.491441
0.489236
0.487158
0.485394
0.483766
0.481780
0.479595
0.477442
0.474979
0.472397
0.469651
0.467003
0.464234
0.461602
0.458972
0.456196
0.453695
0.451135
0.448489
0.445889
0.443273
0.440611
0.437983
0.435371
0.432910
0.430282
0.427800
0.425424
0.422996
0.420451
0.417906
0.415318
0.412727
0.410176
0.407645
0.405124
0.402716
0.400195
0.397601
0.395128
0.392641
0.390160
0.387604
0.385129
0.382580
0.380210
0.377740
0.375358
0.372808
0.370345
0.367991
0.365428
0.362833
0.360346
0.358008
0.355677
0.353246
0.350899
0.348476
0.346140
0.343767
0.341331
0.339012
0.336687
0.334332
0.332242
0.329884
0.327528
0.325268
0.323045
0.320659
0.318710
0.316431
0.314136
0.311872
0.309638
0.307521
0.305390
0.303152
0.301223
0.299044
0.296886
0.294747
0.292601
0.290572
0.288452
0.286498
0.284663
0.282752
0.280799
0.278751
0.276673
0.274684
0.272626
0.270709
0.268714
0.266770
0.264918
0.263053
0.261216
0.259149
0.257403
0.255483
0.253542
0.251755
0.249937
0.248175
0.246379
0.244525
0.242824
0.241084
0.239331
0.237576
0.235822
0.234042
0.232217
0.230633
0.228980
0.227228
0.225588
0.223846
0.222320
0.220563
0.219033
0.217424
0.215753
0.214161
0.212578
0.210975
0.209319
0.207809
0.206236
0.204657
0.203120
0.201605
0.200083
0.198579
0.197129
0.195652
0.194193
0.192695
0.191205
0.189796
0.188371
0.186824
0.185587
0.184050
0.182642
0.181310
0.179850
0.178478
0.177191
0.175719
0.174461
0.173218
0.171825
0.170520
0.169152
0.167834
0.166500
0.165156
0.163966
0.162640
0.161408
0.160160
0.158829
0.157580
0.156342
0.155157
0.153860
0.152685
0.151387
0.150253
0.149021
0.147759
0.146680
0.145496
0.144223
0.143027
0.141863
0.140638
0.139552
0.138366
0.137213
0.135991
0.134890
0.133594
0.132643
0.131526
0.130365
0.129236
0.128171
0.127032
0.125877
0.124873
0.123800
0.122738
0.121608
0.120601
0.119635
0.118541
0.117480
0.116481
0.115513
0.114476
0.113497
0.112482
0.111504
0.110564
0.109457
0.108468
0.107637
0.106675
0.105776
0.104810
0.103856
0.102839
0.101933
0.101051
0.100174
0.099295
0.098428
0.097408
0.096596
0.095718
0.094818
0.093813
0.092866
0.092055
0.091196
0.090395
0.089568
0.088729
0.087907
0.087024
0.086277
0.085437
0.084544
0.083698
0.082939
0.082025
0.081247
0.080383
0.079555
0.078689
0.077990
0.077268
0.076506
0.075742
0.075027
0.074274
0.073690
0.072912
0.072116
0.071523
0.070785
0.070138
0.069446
0.068754
0.068018
0.067322
0.066712
0.066102
0.065453
0.064904
0.064344
0.063740
0.063142
0.062585
0.061939
0.061383
0.060917
0.060271
0.059696
0.059175
0.058571
0.058125
0.057467
0.056992
0.056573
0.056057
0.055516
0.055145
0.054611
0.054162
0.053820
0.053341
0.052786
0.052258
0.051847
0.051462
0.050935
0.050549
0.050099
0.049743
0.049371
0.048927
0.048559
0.048208
0.047857
0.047401
0.047018
0.046713
0.046291
0.046035
0.045613
0.045314
0.044959
0.044580
0.044235
0.043924
0.043594
0.043275
0.042845
0.042593
0.042381
0.042052
0.041710
0.041435
0.041140
0.040847
0.040493
0.040219
0.040015
0.039696
0.039489
0.039131
0.038965
0.038739
0.038397
0.038074
0.037947
0.037723
0.037395
0.037235
0.036997
0.036866
0.036585
0.036371
0.036138
0.035958
0.035812
0.035509
0.035279
0.035106
0.034936
0.034712
0.034592
0.034326
0.034147
0.033926
0.033806
0.033622
0.033453
0.033279
0.033132
0.033025
0.032838
0.032682
0.032428
0.032345
0.032182
0.031993
0.031831
0.031735
0.031624
0.031464
0.031360
0.031258
0.031170
0.031054
0.030959
0.030843
0.030708
0.030536
0.030466
0.030361
0.030195
0.030180
0.030133
0.029968
0.029853
0.029854
0.029706
0.029592
0.029604
0.029545
0.029518
0.029517
0.029372
0.029300
0.029280
0.029136
0.029081
0.029047
0.028989
0.028940
0.028911
0.028916
0.028929
0.028879
0.028918
0.028809
0.028767
0.028745
0.028689
0.028671
0.028648
0.028682
0.028654
0.028548
0.028562
0.028592
0.028585
0.028529
0.028526
0.028511
0.028500
0.028443
0.028437
0.028417
0.028351
0.028306
0.028291
0.028284
0.028338
0.028315
0.028352
0.028345
0.028372
0.028338
0.028310
0.028361
0.028242
0.028305
0.028329
0.028302
0.028276
0.028281
0.028298
0.028290
0.028333
0.028282
0.028308
0.028335
0.028318
0.028247
0.028333
0.028270
0.028325
0.028325
0.028283
0.028225
0.028293
0.028309
0.028253
0.028223
0.028242
0.028260
0.028325
0.028280
0.028315
0.028278
0.028320
0.028283
0.028277
0.028330
0.028285
0.028283
0.028317
0.028328
0.028387
0.028354
0.028399
0.028392
0.028381
0.028419
0.028368
0.028478
0.028444
0.028456
0.028382
0.028426
0.028426
0.028449
0.028456
0.028487
0.028549
0.028535
0.028514
0.028480
0.028522
0.028587
0.028552
0.028552
0.028634
0.028582
0.028599
0.028676
0.028636
0.028681
0.028686
0.028697
0.028744
0.028823
0.028805
0.028809
0.028817
0.028800
0.028830
0.028905
0.028935
0.028936
0.028899
0.028933
0.029005
0.028966
0.028942
0.029020
0.028969
0.028927
0.029044
0.029008
0.029008
0.029084
0.029078
0.029078
0.029154
0.029128
0.029193
0.029157
0.029186
0.029302
0.029296
0.029269
0.029284
0.029240
0.029271
0.029296
0.029270
0.029351
0.029384
0.029384
0.029465
0.029421
0.029421
0.029468
0.029503
0.029443
0.029465
0.029510
0.029509
0.029547
0.029518
0.029579
0.029599
0.029638
0.029674
0.029674
0.029631
0.029681
0.029622
0.029624
0.029650
0.029665
0.029740
0.029700
0.029700
0.029741
0.029744
0.029744
0.029744
0.029761
0.029801
0.029862
0.029826
0.029826
0.029831
0.029788
0.029820
0.029868
0.029868
0.029868
0.029875
0.029821
0.029834
0.029794
0.029809
0.029843
0.029886
0.029894
0.029852
0.029860
0.029860
0.029931
0.029943
0.029910
0.029926
0.029926
0.029846
0.029846
0.029873
0.029917
0.029928
0.029912
0.029946
0.029946
0.029958
0.030001
0.029991
0.029946
0.029959
0.029949
0.029962
0.029935
0.029935
0.029979
0.029951
0.029951
0.029986
0.029972
0.030016
0.029960
0.029960
0.029931
0.029931
0.029945
0.029961
0.029961
0.029936
0.029980
0.029926
0.029960
0.029929
0.029929
0.029929
0.029953
0.029953
0.029970
0.030006
0.029978
0.029913
0.029866
0.029866
0.029884
0.029904
0.029933
0.029913
0.029913
0.029913
0.029871
0.029762
0.029807
0.029842
0.029842
0.029877
0.029857
0.029811
0.029811
0.029832
0.029851
0.029810
0.029884
0.029905
0.029860
0.029860
0.029860
0.029860
0.029840
0.029862
0.029862
0.029817
0.029776
0.029770
0.029770
0.029752
0.029731
0.029709
0.029709
0.029709
0.029748
0.029771
0.029771
0.029687
0.029642
0.029642
0.029622
0.029608
0.029614
0.029601
0.029601
0.029626
0.029680
0.029680
0.029596
0.029579
0.029605
0.029605
0.029559
0.029605
0.029605
0.029562
0.029560
0.029547
0.029547
0.029539
0.029477
0.029465
0.029492
0.029492
0.029493
0.029461
0.029437
0.029402
0.029429
0.029460
0.029495
0.029456
0.029456
0.029415
0.029376
0.029360
0.029440
0.029440
0.029399
0.029399
0.029372
0.029328
0.029348
0.029348
0.029291
0.029254
0.029208
0.029276
0.029321
0.029321
0.029350
0.029350
0.029310
0.029310
0.029310
0.029310
0.029360
0.029316
0.029278
0.029201
0.029201
0.029213
0.029198
0.029242
0.029242
0.029227
0.029258
0.029195
0.029195
0.029195
0.029195
0.029195
0.029165
0.029129
0.029156
0.029171
0.029171
0.029126
0.029148
0.029113
0.029143
0.029143
0.029178
0.029139
0.029172
0.029135
0.029135
0.029090
0.029090
0.029075
0.029039
0.029039
0.029001
0.028989
0.028989
0.029022
0.029022
0.028978
0.028978
0.028987
0.028987
0.029031
0.029031
0.028994
0.028994
0.028992
0.028992
0.028970
0.028968
0.028957
0.028957
0.028957
0.028957
0.028920
0.028954
0.028917
0.028917
0.028901
0.028857
0.028880
0.028868
0.028902
0.028902
0.028902
0.028902
0.028902
0.028902
0.028902
0.028925
0.028889
0.028889
0.028889
0.028869
0.028869
0.028869
0.028869
0.028869
0.028869
0.028928
0.028928
0.028885
0.028885
0.028885
0.028849
0.028849
0.028872
0.028872
0.028861
0.028861
0.028861
0.028861
0.028782
0.028782
0.028782
0.028775
0.028775
0.028775
0.028801
0.028806
0.028806
0.028806
0.028776
0.028764
0.028764
0.028722
0.028696
0.028738
0.028764
0.028764
0.028764
0.028764
0.028729
0.028729
0.028729
0.028714
0.028714
0.028714
0.028689
0.028689
0.028689
0.028689
0.028689
0.028689
0.028689
0.028654
0.028654
0.028654
0.028654
0.028681
0.028717
0.028717
0.028676
0.028676
0.028676
0.028676
0.028676
0.028640
0.028640
0.028652
0.028714
0.028714
0.028714
0.028722
0.028722
0.028688
0.028688
0.028688
0.028648
0.028648
0.028646
0.028674
0.028674
0.028674
0.028674
0.028674
0.028674
0.028674
0.028674
0.028674
0.028674
0.028674
0.028674
0.028694
0.028694
0.028694
0.028694
0.028643
0.028643
0.028608
0.028585
0.028585
0.028622
