1.314654
1.140163
0.976338
0.861256
0.797114
0.769873
0.762171
0.763002
0.763621
0.762990
0.761803
0.760403
0.759410
0.758698
0.758605
0.758760
0.758680
0.758415
0.758170
0.757901
0.757452
0.757048
0.756756
0.756661
0.756612
0.756518
0.756142
0.755208
0.754083
0.752300
0.750190
0.747880
0.745839
0.743653
0.741574
0.739466
0.737261
0.735217
0.733045
0.731115
0.728925
0.726877
0.724963
0.723028
0.721075
0.718959
0.717028
0.714900
0.712803
0.710484
0.708474
0.706270
0.704269
0.702009
0.700015
0.697686
0.695632
0.693260
0.691289
0.689412
0.687419
0.685286
0.683524
0.681456
0.679455
0.677481
0.675427
0.673059
0.670810
0.668674
0.666204
0.663928
0.661595
0.659074
0.656827
0.654400
0.652012
0.649510
0.647077
0.644518
0.642213
0.639731
0.636958
0.634604
0.632264
0.629868
0.627537
0.624965
0.622441
0.619829
0.617182
0.614503
0.611940
0.609350
0.606602
0.604089
0.601374
0.598805
0.596415
0.593876
0.591311
0.588552
0.586016
0.583289
0.580553
0.577882
0.575074
0.572330
0.569502
0.566720
0.564008
0.561308
0.558463
0.555710
0.552917
0.550361
0.547593
0.544748
0.541999
0.539146
0.536161
0.533473
0.530460
0.527670
0.524794
0.521913
0.519280
0.516360
0.513598
0.510770
0.507795
0.505313
0.502466
0.499659
0.497032
0.494077
0.491379
0.488754
0.485976
0.483410
0.480625
0.478019
0.475504
0.472908
0.470283
0.467601
0.465019
0.462335
0.459735
0.457306
0.454524
0.452205
0.449644
0.447196
0.444682
0.442347
0.439940
0.437609
0.435257
0.432946
0.430578
0.428295
0.426430
0.424373
0.422296
0.420190
0.417783
0.415734
0.413604
0.411331
0.409234
0.406949
0.404739
0.402496
0.400528
0.398332
0.396165
0.394157
0.392189
0.389965
0.387967
0.385852
0.383810
0.381875
0.379776
0.377799
0.375916
0.373975
0.372070
0.370162
0.368278
0.366335
0.364369
0.362621
0.360815
0.358939
0.357266
0.355267
0.353523
0.351676
0.349912
0.348064
0.346323
0.344625
0.342740
0.341078
0.339207
0.337483
0.335702
0.334019
0.332379
0.330490
0.329047
0.327278
0.325511
0.323901
0.322289
0.320681
0.318942
0.317451
0.315735
0.313953
0.312417
0.310774
0.309322
0.307649
0.306131
0.304509
0.302982
0.301332
0.299742
0.298181
0.296679
0.295111
0.293557
0.292200
0.290761
0.289280
0.288055
0.286639
0.285247
0.283772
0.282519
0.281208
0.279833
0.278415
0.277083
0.275676
0.274460
0.273059
0.271735
0.270550
0.269166
0.268056
0.266636
0.265372
0.264177
0.262988
0.261956
0.260778
0.259574
0.258468
0.257231
0.255969
0.254730
0.253751
0.252648
0.251484
0.250413
0.249123
0.248066
0.247042
0.245876
0.244830
0.243795
0.242777
0.241564
0.240561
0.239562
0.238576
0.237648
0.236872
0.235870
0.234840
0.233677
0.232817
0.232018
0.230975
0.229980
0.229194
0.228276
0.227528
0.226437
0.225508
0.224745
0.223855
0.222975
0.222218
0.221462
0.220514
0.219794
0.219030
0.218279
0.217534
0.216844
0.216102
0.215433
0.214589
0.213743
0.212873
0.212297
0.211686
0.210999
0.210223
0.209433
0.208725
0.207996
0.207349
0.206808
0.206044
0.205432
0.204666
0.204055
0.203469
0.202758
0.202196
0.201566
0.201009
0.200478
0.199845
0.199219
0.198665
0.198127
0.197689
0.197107
0.196613
0.196130
0.195551
0.195075
0.194391
0.193738
0.193233
0.192674
0.192157
0.191557
0.191013
0.190433
0.189956
0.189486
0.189053
0.188433
0.187889
0.187405
0.186857
0.186561
0.185993
0.185406
0.184983
0.184424
0.183881
0.183501
0.182892
0.182448
0.182062
0.181721
0.181113
0.180634
0.180118
0.179623
0.179098
0.178630
0.178252
0.177656
0.177163
0.176747
0.176413
0.175870
0.175471
0.174952
0.174560
0.174044
0.173699
0.173306
0.172885
0.172588
0.172108
0.171786
0.171426
0.170987
0.170540
0.170194
0.169883
0.169395
0.168894
0.168444
0.168166
0.167778
0.167429
0.166927
0.166598
0.166062
0.165727
0.165208
0.164758
0.164581
0.164046
0.163659
0.163353
0.163005
0.162548
0.162157
0.161748
0.161294
0.160898
0.160592
0.160231
0.159797
0.159409
0.159075
0.158681
0.158319
0.157992
0.157647
0.157320
0.156930
0.156658
0.156264
0.155925
0.155598
0.155160
0.154848
0.154426
0.154140
0.153597
0.153297
0.152930
0.152444
0.152157
0.151851
0.151426
0.151076
0.150803
0.150542
0.150199
0.149846
0.149590
0.149343
0.149153
0.148908
0.148581
0.148288
0.148014
0.147659
0.147533
0.147097
0.146983
0.146698
0.146521
0.146345
0.146100
0.145820
0.145651
0.145371
0.145147
0.144905
0.144690
0.144504
0.144214
0.144006
0.143848
0.143616
0.143473
0.143135
0.142906
0.142874
0.142706
0.142618
0.142461
0.142290
0.142190
0.142013
0.141927
0.141807
0.141586
0.141481
0.141326
0.141151
0.140942
0.140771
0.140676
0.140483
0.140289
0.140079
0.139983
0.139830
0.139642
0.139405
0.139242
0.139168
0.139031
0.138884
0.138755
0.138523
0.138465
0.138310
0.138094
0.137910
0.137763
0.137662
0.137485
0.137336
0.137211
0.136968
0.136834
0.136727
0.136601
0.136391
0.136209
0.136062
0.135909
0.135697
0.135617
0.135430
0.135358
0.135185
0.135051
0.134629
0.134300
0.134058
0.133854
0.133575
0.133475
0.133267
0.133002
0.132849
0.132729
0.132531
0.132362
0.132083
0.131958
0.131833
0.131662
0.131431
0.131290
0.131075
0.130844
0.130732
0.130577
0.130384
0.130215
0.129995
0.129812
0.129641
0.129443
0.129203
0.129086
0.128868
0.128724
0.128541
0.128398
0.128222
0.128017
0.127910
0.127710
0.127589
0.127463
0.127223
0.127104
0.127109
0.126978
0.126907
0.126842
0.126657
0.126586
0.126489
0.126385
0.126287
0.126234
0.126141
0.126043
0.125966
0.125871
0.125798
0.125756
0.125630
0.125509
0.125525
0.125489
0.125421
0.125311
0.125181
0.125149
0.125135
0.125108
0.125085
0.125086
0.124925
0.124906
0.124856
0.124892
0.124852
0.124799
0.124936
0.124877
0.124775
0.124728
0.124709
0.124714
0.124729
0.124638
0.124686
0.124647
0.124608
0.124525
0.124553
0.124525
0.124494
0.124232
0.124180
0.124090
0.123956
0.123894
0.123924
0.123877
0.123897
0.123806
0.123843
0.123736
0.123776
0.123778
0.123777
0.123767
0.123695
0.123656
0.123648
0.123672
0.123665
0.123759
0.123789
0.123834
0.123823
0.123753
0.123800
0.123835
0.123852
0.123913
0.123915
0.123965
0.123965
0.124025
0.124077
0.124049
0.124052
0.124105
0.124167
0.124164
0.124169
0.124226
0.124283
0.124343
0.124473
0.124472
0.124619
0.124644
0.124825
0.124917
0.125024
0.125062
0.125156
0.125187
0.125283
0.125258
0.125320
0.125334
0.125365
0.125428
0.125478
0.125532
0.125582
0.125639
0.125704
0.125725
0.125742
0.125742
0.125778
0.125830
0.125862
0.125924
0.125990
0.125993
0.126036
0.126041
0.126059
0.126109
0.126130
0.126145
0.126136
0.126187
0.126238
0.126225
0.126278
0.126251
0.126301
0.126370
0.126325
0.126371
0.126413
0.126417
0.126141
0.126066
0.126087
0.126101
0.125957
0.126009
0.126033
0.125942
0.125946
0.126018
0.125978
0.126001
0.126009
0.125966
0.125988
0.126019
0.125946
0.126018
0.126042
0.125998
0.126049
0.125980
0.126032
0.126071
0.126050
0.126083
0.126092
0.126123
0.126124
0.126190
0.126171
0.126223
0.126204
0.126195
0.126222
0.126272
0.126281
0.126258
0.126328
0.126285
0.126283
0.126361
0.126361
0.126520
0.126566
0.126690
0.126698
0.126796
0.126796
0.126874
0.126923
0.126873
0.126931
0.127007
0.127009
0.127067
0.127067
0.127117
0.127194
0.127178
0.127228
0.127230
0.127316
0.127266
0.127269
0.127278
0.127317
0.127338
0.127347
0.127347
0.127370
0.127329
0.127368
0.127348
0.127348
0.127307
0.127387
0.127441
0.127402
0.127402
0.127452
0.127506
0.127477
0.127475
0.127475
0.127496
0.127460
0.127491
0.127543
0.127454
0.127454
0.127232
0.127144
0.127078
0.127032
0.126983
0.127033
0.126947
0.126900
0.126854
0.126886
0.126853
0.126829
0.126787
0.126801
0.126834
0.126800
0.126762
0.126762
0.126756
0.126756
0.126756
0.126719
0.126739
0.126729
0.126828
0.126742
0.126732
0.126732
0.126745
0.126779
0.126782
0.126801
0.126776
0.126804
0.126854
0.126854
0.126854
0.126837
0.126836
0.126786
0.126838
0.126802
0.126774
0.126774
0.126891
0.127016
0.127111
0.127159
0.127243
0.127243
0.127292
0.127306
0.127306
0.127408
0.127373
0.127373
0.127422
0.127452
0.127418
0.127582
0.127582
0.127582
0.127632
0.127632
0.127598
0.127598
0.127598
0.127647
0.127627
0.127627
0.127577
0.127581
0.127505
0.127505
0.127505
0.127505
0.127505
0.127605
0.127605
0.127609
0.127609
0.127609
0.127609
0.127576
0.127576
0.127626
0.127658
0.127625
0.127625
0.127625
0.127370
0.127320
0.127186
0.127140
0.126967
0.126989
0.126944
0.126946
0.126868
0.126868
0.126858
0.126852
0.126810
0.126852
0.126852
0.126783
0.126783
0.126816
0.126741
0.126703
0.126721
0.126671
0.126599
0.126600
0.126569
0.126569
0.126569
0.126603
0.126603
0.126603
0.126603
0.126603
0.126585
0.126553
0.126603
0.126606
0.126564
0.126494
0.126494
0.126494
0.126494
0.126477
0.126477
0.126477
0.126477
0.126616
0.126664
0.126731
0.126731
0.126780
0.126749
0.126810
0.126865
0.126865
0.126915
0.126964
0.126964
0.126980
0.126980
0.126980
0.127029
0.126999
0.126959
0.127009
0.126978
0.126978
0.126978
0.126978
0.126991
0.126991
0.126991
0.126991
0.126991
0.126952
0.127001
0.126971
0.126933
0.126883
0.126871
0.126831
0.126831
0.126831
0.126831
0.126831
0.126831
0.126795
0.126795
0.126795
0.126764
0.126657
0.126358
0.126309
0.126247
0.126168
0.126119
0.126119
0.126030
0.125981
0.125981
0.125901
0.125854
0.125903
0.125857
0.125857
0.125787
0.125744
0.125744
0.125744
0.125669
0.125669
0.125638
0.125638
0.125599
0.125583
0.125583
0.125583
0.125553
0.125465
0.125425
0.125427
0.125398
0.125398
0.125367
0.125383
0.125383
0.125383
0.125383
0.125344
0.125344
0.125341
0.125344
0.125309
0.125279
0.125210
0.125210
0.125171
0.125344
0.125443
0.125541
0.125590
0.125601
0.125601
0.125611
0.125661
0.125681
0.125620
0.125670
0.125657
0.125707
0.125677
0.125677
0.125727
0.125727
0.125727
0.125807
0.125807
0.125779
0.125739
0.125701
0.125751
0.125674
0.125624
0.125554
0.125554
0.125554
0.125554
0.125596
0.125596
0.125646
0.125614
0.125614
0.125584
0.125544
0.125544
0.125544
0.125544
0.125514
0.125449
0.125449
0.125449
0.125410
0.125111
0.125054
0.124927
0.124878
0.124798
0.124798
0.124749
0.124661
0.124663
0.124585
0.124537
0.124537
0.124491
0.124491
0.124518
0.124449
0.124449
0.124449
0.124334
0.124334
0.124273
0.124273
0.124273
0.124181
0.124181
0.124181
0.124181
0.124181
0.124149
0.124149
0.124124
0.124124
0.124124
0.124140
0.124140
0.124070
0.124070
0.124070
0.124030
0.124030
0.124030
0.124030
0.124030
0.123994
0.123994
0.123994
0.124167
0.124138
0.124204
0.124203
0.124226
0.124195
0.124245
0.124294
0.124371
0.124344
0.124394
0.124355
0.124435
0.124435
0.124435
0.124414
0.124441
0.124406
0.124456
0.124456
0.124417
0.124393
0.124393
0.124443
0.124443
0.124443
0.124443
0.124443
0.124443
0.124411
0.124411
0.124348
0.124398
0.124359
0.124409
0.124409
0.124409
0.124375
0.124334
0.124334
0.124334
0.124311
0.124311
0.124311
0.124012
0.123963
0.123863
0.123775
0.123726
0.123726
0.123677
0.123628
0.123628
0.123580
0.123474
0.123474
0.123428
0.123428
0.123394
0.123320
0.123320
0.123320
0.123245
0.123245
0.123245
0.123205
0.123205
0.123224
0.123208
0.123208
0.123208
0.123208
0.123167
0.123167
0.123135
0.123135
0.123135
0.123151
0.123088
0.123130
0.123130
0.123130
0.123130
0.123130
0.123130
0.123130
0.123091
0.123060
0.123060
0.123060
0.123060
0.123233
0.123282
0.123380
0.123429
0.123478
0.123478
0.123528
0.123578
0.123597
0.123557
0.123613
0.123496
0.123518
0.123518
0.123518
0.123568
0.123568
0.123618
0.123667
0.123667
0.123667
0.123667
0.123667
0.123685
0.123604
0.123604
0.123604
0.123602
0.123602
0.123602
0.123573
0.123573
0.123623
0.123623
0.123594
0.123594
0.123594
0.123594
0.123556
0.123556
0.123556
0.123556
0.123556
0.123557
0.123258
0.123208
0.123108
0.123058
0.123009
0.123009
0.122959
0.122910
0.122910
0.122834
0.122757
0.122716
0.122668
0.122668
0.122640
0.122594
0.122574
0.122574
0.122532
0.122532
0.122532
0.122532
0.122434
0.122415
0.122365
0.122365
0.122365
0.122365
0.122363
0.122363
0.122363
0.122363
0.122363
0.122413
0.122388
0.122388
0.122388
0.122391
0.122366
0.122366
0.122366
0.122366
0.122364
0.122364
0.122364
0.122364
0.122364
0.122564
0.122614
0.122714
0.122733
0.122785
0.122774
0.122824
0.122874
0.122924
0.122924
0.122972
0.122972
0.123022
0.123022
0.123000
0.123050
0.123028
0.123028
0.123048
0.123048
0.123048
0.123048
0.123048
0.123098
0.123095
0.123095
0.123095
0.123095
0.123095
0.123095
0.123095
0.123095
0.123148
0.123108
0.123108
0.123108
0.123108
0.123081
0.123120
0.123120
0.123120
0.123120
0.123120
0.123100
0.122781
0.122659
0.122561
0.122511
0.122461
0.122461
0.122452
0.122402
0.122400
0.122350
0.122300
0.122300
0.122250
0.122250
0.122211
0.122161
0.122163
0.122163
0.122113
0.122082
0.122063
0.122063
0.122060
0.122010
0.122010
0.122010
0.121993
0.121993
0.121993
0.121993
0.121995
0.121995
0.121995
0.122045
0.122030
0.122027
0.122027
0.122027
0.122027
0.122027
0.122027
0.122027
0.122027
0.122027
0.122030
0.122030
0.122030
0.122258
0.122308
0.122405
0.122427
0.122477
0.122477
0.122527
0.122577
0.122655
0.122655
0.122705
0.122663
0.122713
0.122713
0.122713
0.122738
0.122736
0.122736
0.122786
0.122786
0.122786
0.122786
0.122786
0.122803
0.122803
0.122755
0.122717
0.122717
0.122705
0.122705
0.122791
0.122791
0.122841
0.122841
0.122841
0.122841
0.122841
0.122841
0.122752
0.122752
0.122755
0.122755
0.122755
0.122742
0.122442
0.122442
0.122342
0.122292
0.122242
0.122242
0.122151
0.122051
0.122051
0.122001
0.121951
0.121951
0.121901
0.121901
0.121901
0.121851
0.121851
0.121901
0.121801
0.121801
0.121801
0.121801
0.121801
0.121751
0.121751
0.121751
0.121751
0.121751
0.121751
0.121751
0.121751
0.121751
0.121751
0.121801
0.121801
0.121765
0.121765
0.121765
0.121798
0.121798
0.121798
0.121826
0.121798
0.121798
0.121798
0.121798
0.121998
0.122048
0.122148
0.122198
0.122276
0.122246
0.122296
0.122323
0.122373
0.122373
0.122423
0.122454
0.122504
0.122504
0.122504
0.122554
0.122554
0.122523
0.122573
0.122573
0.122573
0.122582
0.123079
0.125306
0.130062
0.137197
0.145853
0.155305
0.164933
0.174406
0.183686
0.192787
0.201897
0.211025
0.220298
0.229817
0.239552
0.249221
0.258360
0.266488
0.272887
0.277486
0.280219
0.281405
0.281563
0.280819
0.280174
0.279647
0.279407
0.279436
0.279642
0.279781
0.279778
0.279588
0.279159
0.278571
0.277938
0.277335
0.276889
0.276571
0.276410
0.276394
0.276442
0.276487
0.276550
0.276550
0.276566
0.276471
0.276373
0.276278
0.276231
0.276231
0.276120
0.275029
0.272018
0.266754
0.259403
0.250551
0.240962
0.231189
0.221677
0.212494
0.203682
0.195032
0.186384
0.177590
0.168726
0.160000
0.152011
0.145570
0.141372
0.139669
0.139603
0.140167
0.140911
0.141263
0.141104
0.140393
0.139116
0.137431
0.135519
0.133625
0.132037
0.131255
0.131144
0.131660
0.132463
0.133153
0.133561
0.133629
0.133386
0.132951
0.132415
0.131979
0.131733
0.131599
0.131474
0.131351
0.131183
0.130967
0.130604
0.130248
0.129830
0.129408
0.128839
0.128289
0.127758
0.127186
0.126715
0.126142
0.125620
0.125158
0.124692
0.124076
0.123557
0.122701
0.122034
0.121420
0.120805
0.120144
0.119679
0.119119
0.118560
0.117987
0.117331
0.116725
0.116219
0.115565
0.115012
0.114459
0.113791
0.113298
0.112799
0.112249
0.111694
0.111147
0.110588
0.110044
0.109555
0.108949
0.108362
0.107828
0.107422
0.106933
0.106516
0.105916
0.105470
0.104951
0.104501
0.104020
0.103529
0.102984
0.102515
0.102072
0.101678
0.101291
0.100809
0.100309
0.099926
0.099477
0.099001
0.098621
0.098346
0.097970
0.097676
0.097264
0.096939
0.096500
0.096180
0.095860
0.095485
0.095085
0.094769
0.094337
0.094054
0.093675
0.093295
0.093034
0.092656
0.092272
0.091947
0.091621
0.091223
0.090900
0.090577
0.090298
0.089954
0.089667
0.089263
0.088945
0.088631
0.088298
0.087942
0.087555
0.087248
0.086939
0.086558
0.086253
0.085927
0.085605
0.085351
0.085020
0.084706
0.084370
0.084019
0.083679
0.083061
0.082827
0.082394
0.082085
0.081676
0.081381
0.081005
0.080672
0.080401
0.080064
0.079670
0.079416
0.079121
0.078842
0.078592
0.078268
0.077932
0.077686
0.077311
0.076981
0.076668
0.076451
0.076177
0.075858
0.075501
0.075262
0.074962
0.074731
0.074429
0.074129
0.073871
0.073515
0.073251
0.072946
0.072768
0.072408
0.072047
0.071788
0.071471
0.071116
0.070870
0.070567
0.070216
0.069906
0.069566
0.069259
0.068996
0.068892
0.068569
0.068368
0.068117
0.067798
0.067467
0.067158
0.066874
0.066602
0.066246
0.065936
0.065648
0.065342
0.064991
0.064642
0.064341
0.064029
0.063680
0.063431
0.063018
0.062646
0.062326
0.061918
0.061636
0.061282
0.060927
0.060527
0.060164
0.059780
0.059452
0.059102
0.058757
0.058405
0.058051
0.057711
0.057288
0.056931
0.056496
0.056111
0.055761
0.055388
0.055043
0.054641
0.054219
0.053582
0.053185
0.052667
0.052240
0.051885
0.051471
0.051071
0.050692
0.050332
0.049911
0.049489
0.049173
0.048791
0.048475
0.048105
0.047749
0.047515
0.047206
0.046910
0.046601
0.046305
0.046029
0.045727
0.045420
0.045108
0.044832
0.044557
0.044335
0.044051
0.043785
0.043533
0.043314
0.043030
0.042768
0.042566
0.042358
0.042136
0.041898
0.041685
0.041425
0.041212
0.041006
0.040838
0.040632
0.040428
0.040222
0.040055
0.039977
0.039865
0.039780
0.039594
0.039507
0.039340
0.039242
0.039109
0.039013
0.038897
0.038741
0.038596
0.038510
0.038339
0.038204
0.038109
0.037994
0.037835
0.037724
0.037588
0.037466
0.037331
0.037215
0.037152
0.037009
0.036894
0.036798
0.036724
0.036650
0.036506
0.036391
0.036261
0.036218
0.036103
0.035968
0.035905
0.035832
0.035691
0.035602
0.035527
0.035483
0.035369
0.035277
0.035208
0.034822
0.034727
0.034494
0.034420
0.034283
0.034195
0.034101
0.033939
0.033871
0.033711
0.033667
0.033533
0.033446
0.033376
0.033308
0.033224
0.033088
0.033088
0.032934
0.032888
0.032842
0.032843
0.032753
0.032689
0.032621
0.032570
0.032503
0.032418
0.032378
0.032218
0.032195
0.032190
0.032152
0.032104
0.032068
0.032045
0.031933
0.031889
0.031866
0.031799
0.031754
0.031716
0.031650
0.031621
0.031553
0.031509
0.031648
0.031654
0.031708
0.031743
0.031726
0.031659
0.031709
0.031687
0.031737
0.031671
0.031655
0.031615
0.031605
0.031584
0.031539
0.031522
0.031522
0.031411
0.031461
0.031465
0.031420
0.031430
0.031340
0.031368
0.031389
0.031299
0.031269
0.031184
0.031118
0.031091
0.031046
0.031041
0.031130
0.031059
0.031014
0.030948
0.030927
0.030882
0.030837
0.030817
0.030726
0.030735
0.030690
0.030722
0.030677
0.030357
0.030216
0.030095
0.029980
0.029930
0.029884
0.029789
0.029780
0.029694
0.029599
0.029555
0.029510
0.029413
0.029368
0.029368
0.029256
0.029256
0.029210
0.029169
0.029059
0.029039
0.029039
0.028948
0.028927
0.028862
0.028862
0.028816
0.028771
0.028764
0.028718
0.028718
0.028673
0.028628
0.028629
0.028583
0.028518
0.028518
0.028518
0.028453
0.028408
0.028362
0.028369
0.028323
0.028323
0.028303
0.028193
0.028377
0.028460
0.028513
0.028518
0.028549
0.028549
0.028507
0.028539
0.028543
0.028521
0.028526
0.028561
0.028611
0.028565
0.028485
0.028517
0.028471
0.028471
0.028476
0.028458
0.028412
0.028406
0.028379
0.028363
0.028363
0.028317
0.028351
0.028351
0.028351
0.028260
0.028275
0.028259
0.028263
0.028263
0.028202
0.028156
0.028156
0.028141
0.028141
0.028049
0.028029
0.028029
0.027984
0.027984
0.027984
0.027637
0.027573
0.027382
0.027332
0.027268
0.027268
0.027172
0.027122
0.027077
0.027027
0.026977
0.026962
0.026808
0.026808
0.026808
0.026758
0.026734
0.026734
0.026639
0.026582
0.026582
0.026612
0.026582
0.026488
0.026527
0.026527
0.026480
0.026487
0.026487
0.026394
0.026377
0.026369
0.026419
0.026419
0.026373
0.026373
0.026329
0.026329
0.026368
0.026368
0.026362
0.026265
0.026265
0.026225
0.026221
0.026374
0.026424
0.026524
0.026571
0.026621
0.026577
0.026580
0.026670
0.026670
0.026720
0.026770
0.026726
0.026691
0.026689
0.026689
0.026739
0.026741
0.026694
0.026744
0.026744
0.026740
0.026740
0.026740
0.026790
0.026790
0.026790
0.026750
0.026745
0.026745
0.026793
0.026750
0.026750
0.026720
0.026770
0.026809
0.026809
0.026809
0.026809
0.026766
0.026774
0.026774
0.026730
0.026702
0.026702
0.026687
0.026687
0.026393
0.026395
0.026282
0.026203
0.026153
0.026153
0.026103
0.026010
0.025960
0.025970
0.025920
0.025920
0.025888
0.025888
0.025888
0.025796
0.025796
0.025796
0.025746
0.025746
0.025746
0.025705
0.025726
0.025676
0.025676
0.025699
0.025699
0.025725
0.025725
0.025683
0.025683
0.025683
0.025733
0.025733
0.025758
0.025758
0.025758
0.025758
0.025784
0.025784
0.025784
0.025813
0.025813
0.025813
0.025813
0.026013
0.026021
0.026121
0.026171
0.026221
0.026251
0.026301
0.026351
0.026382
0.026432
0.026512
0.026512
0.026562
0.026559
0.026559
0.026615
0.026647
0.026647
0.026697
0.026697
0.026728
0.026761
0.026761
0.026811
0.026805
0.026798
0.026798
0.026798
0.026798
0.026798
0.026830
0.026830
0.026830
0.026915
0.026915
0.026915
0.026915
0.026950
0.026950
0.026950
0.026978
0.026978
0.026978
0.026978
0.026978
0.026715
0.026665
0.026565
0.026545
0.026532
0.026532
0.026482
0.026432
0.026432
0.026382
0.026332
0.026369
0.026319
0.026319
0.026319
0.026229
0.026229
0.026267
0.026246
0.026246
0.026246
0.026246
0.026246
0.026234
0.026263
0.026263
0.026263
0.026263
0.026263
0.026263
0.026263
0.026308
0.026308
0.026387
0.026387
0.026387
0.026387
0.026419
0.026419
0.026419
0.026419
0.026419
0.026419
0.026419
0.026419
0.026458
0.026687
0.026737
0.026880
0.026930
0.026980
0.026980
0.027030
0.027148
0.027198
0.027198
0.027248
0.027248
0.027298
0.027298
0.027366
0.027416
0.027416
0.027377
0.027427
0.027427
0.027427
0.027427
0.027427
0.027477
0.027477
0.027517
0.027517
0.027517
0.027545
0.027545
0.027545
0.027619
0.027669
0.027669
0.027669
0.027669
0.027669
0.027669
0.027669
0.027669
0.027700
0.027700
0.027768
0.027768
0.027774
0.027505
0.027455
0.027355
0.027274
0.027224
0.027224
0.027174
0.027124
0.027124
0.027114
0.027095
0.027088
0.027067
0.027067
0.027067
0.027017
0.027017
0.027017
0.026967
0.026967
0.027007
0.027007
0.027007
0.026957
0.026957
0.026957
0.026957
0.026957
0.026985
0.026985
0.026985
0.026985
0.027056
0.027106
0.027106
0.027068
0.027068
0.027068
0.027068
0.027068
0.027068
0.027068
0.027068
0.027068
0.027068
0.027268
0.027318
0.027458
0.027508
0.027558
0.027558
0.027637
0.027687
0.027687
0.027737
0.027787
0.027787
0.027837
0.027837
0.027837
0.027887
0.027893
0.027893
0.027943
0.027983
0.027983
0.027983
0.027983
0.028033
0.028033
0.028033
0.028033
0.028026
0.028026
0.028058
0.028087
0.028087
0.028087
0.028137
0.028137
0.028137
0.028177
0.028177
0.028177
0.028177
0.028177
0.028177
0.028177
0.028177
0.028177
0.028177
0.027877
0.027827
0.027727
0.027677
0.027627
0.027627
0.027577
0.027527
0.027477
0.027477
0.027427
0.027427
0.027377
0.027377
0.027377
0.027327
0.027396
0.027439
0.027389
0.027389
0.027389
0.027389
0.027389
0.027339
0.027339
0.027339
0.027339
0.027339
0.027339
0.027339
0.027372
0.027372
0.027422
0.027422
0.027428
0.027428
0.027428
0.027391
0.027391
0.027391
0.027391
0.027385
0.027385
0.027385
0.027385
0.027625
0.027675
0.027806
0.027856
0.027906
0.027906
0.027956
0.027975
0.027975
0.028025
0.028075
0.028075
0.028125
0.028125
0.028156
0.028206
0.028206
0.028206
0.028285
0.028285
0.028285
0.028256
0.028256
0.028306
0.028306
0.028306
0.028306
0.028335
0.028335
0.028335
0.028335
0.028335
0.028335
0.028385
0.028385
0.028385
0.028385
0.028385
0.028385
0.028385
0.028385
0.028385
0.028385
0.028385
0.028425
0.028125
0.028075
0.027975
0.027931
0.027881
0.027881
0.027831
0.027781
0.027814
0.027764
0.027714
0.027708
0.027658
0.027658
0.027658
0.027608
0.027608
0.027608
0.027558
0.027558
0.027558
0.027558
0.027558
0.027508
0.027508
0.027508
0.027508
0.027508
0.027508
0.027508
0.027508
0.027508
0.027508
0.027558
0.027558
0.027558
0.027558
0.027558
0.027558
0.027558
0.027558
0.027558
0.027558
0.027558
0.027558
0.027558
0.027758
0.027808
0.027908
0.027958
0.028008
0.028008
0.028058
0.028108
0.028158
0.028158
0.028208
0.028208
0.028258
0.028258
0.028258
0.028308
0.028308
0.028308
0.028358
0.028364
0.028364
0.028364
0.028364
0.028408
0.028408
0.028408
0.028408
0.028408
0.028408
0.028408
0.028408
0.028408
0.028458
0.028499
0.028499
0.028499
0.028499
0.028499
0.028499
0.028543
0.028543
0.028543
0.028543
0.028543
0.028543
0.028243
0.028193
0.028093
0.028043
0.027993
0.027993
0.027971
0.027921
0.027921
0.027871
0.027821
0.027821
0.027743
0.027743
0.027743
0.027693
0.027693
0.027693
0.027671
0.027671
0.027703
0.027703
0.027703
0.027653
0.027653
0.027621
0.027621
0.027621
0.027621
0.027621
0.027621
0.027621
0.027659
0.027709
0.027709
0.027709
0.027709
0.027709
0.027709
0.027709
0.027709
0.027709
0.027709
0.027709
0.027703
0.027903
0.027953
0.028053
0.028103
0.028153
0.028153
0.028203
0.028253
0.028253
0.028303
0.028353
0.028353
0.028403
0.028403
0.028403
0.028453
0.028453
0.028453
0.028503
0.028503
0.028503
0.028503
0.028503
0.028553
0.028553
0.028553
0.028553
0.028553
0.028553
0.028553
0.028553
0.028553
0.028553
0.028603
0.028603
0.028603
0.028603
0.028637
0.028637
0.028637
0.028637
0.028637
0.028637
0.028637
0.028637
0.028603
0.028303
0.028253
0.028153
0.028103
0.028093
0.028093
0.028043
0.027993
0.027943
0.027943
0.027893
0.027893
0.027843
0.027843
0.027837
0.027787
0.027753
0.027787
0.027737
0.027737
0.027737
0.027737
0.027737
0.027687
0.027687
0.027687
0.027687
0.027687
0.027687
0.027687
0.027687
0.027687
0.027737
0.027737
0.027737
0.027737
0.027737
0.027737
0.027737
0.027777
0.027777
0.027777
0.027777
0.027777
0.027777
0.027977
0.028027
0.028127
0.028177
0.028227
0.028227
0.028277
0.028327
0.028327
0.028377
0.028427
0.028427
0.028477
0.028477
0.028477
0.028527
0.028527
0.028572
0.028622
0.028622
0.028622
0.028622
0.028622
0.028678
0.028678
0.028678
0.028678
0.028678
0.028672
0.028672
0.028672
0.028672
0.028672
0.028722
0.028722
0.028722
0.028722
0.028722
0.028722
0.028722
0.028722
0.028722
0.028722
0.028722
0.028722
0.028422
0.028372
0.028272
0.028222
0.028172
0.028172
0.028122
0.028103
0.028103
0.028053
0.028003
0.028003
0.027922
0.027922
0.027922
0.027872
0.027872
0.027872
0.027822
0.027853
0.027853
0.027853
0.027853
0.027803
0.027803
0.027803
0.027803
0.027803
0.027803
0.027803
0.027772
0.027772
0.027803
0.027853
0.027853
0.027853
0.027853
0.027859
0.027859
0.027859
0.027859
0.027824
0.027824
0.027824
0.027818
0.027818
0.028018
0.028103
0.028203
0.028253
0.028303
0.028303
0.028353
0.028403
0.028418
0.028418
0.028468
0.028468
0.028518
0.028518
0.028518
0.028568
0.028568
0.028603
0.028653
0.028653
0.028653
0.028653
0.028618
0.028668
0.028668
0.028668
0.028668
0.028668
0.028668
0.028668
0.028668
0.028668
0.028718
0.028753
0.028753
0.028718
0.028718
0.028718
0.028718
0.028718
0.028718
0.028718
0.028718
0.028718
0.028718
0.028418
0.028368
0.028268
0.028218
0.028168
0.028168
0.028118
0.028068
0.028074
0.028024
0.027968
0.027968
0.027918
0.027918
0.027918
0.027868
0.027868
0.027868
0.027818
0.027818
0.027818
0.027818
0.027818
0.027768
0.027768
0.027768
0.027768
0.027768
0.027768
0.027768
0.027768
0.027768
0.027768
0.027818
0.027818
0.027818
0.027818
0.027818
0.027818
0.027818
0.027818
0.027818
0.027818
0.027818
0.027818
0.028018
0.028068
0.028168
0.028218
0.028268
0.028268
0.028318
0.028368
0.028368
0.028418
0.028468
0.028468
0.028518
0.028518
0.028563
0.028613
0.028613
0.028613
0.028663
0.028669
0.028669
0.028641
0.028669
0.028719
0.028719
0.028713
0.028713
0.028713
0.028713
0.028713
0.028713
0.028685
0.028685
0.028735
0.028735
0.028735
0.028735
0.028735
0.028735
0.028735
0.028735
0.028735
0.028735
0.028735
0.028735
0.028717
0.028417
0.028367
0.028267
0.028217
0.028167
0.028167
0.028117
0.028067
0.028017
0.028017
0.027967
0.027967
0.027917
0.027917
0.027917
0.027885
0.027885
0.027885
0.027835
0.027835
0.027835
0.027876
0.027876
0.027858
0.027858
0.027826
0.027826
0.027826
0.027826
0.027826
0.027826
0.027826
0.027876
0.027876
0.027908
0.027908
0.027908
0.027908
0.027908
0.027908
0.027876
0.027876
0.027876
0.027876
0.027876
0.028076
0.028126
0.028258
0.028308
0.028358
0.028358
0.028408
0.028458
0.028458
0.028508
0.028558
0.028526
0.028576
0.028558
0.028558
0.028640
0.028640
0.028640
0.028690
0.028690
0.028690
0.028690
0.028690
0.028740
0.028740
0.028740
0.028740
0.028740
0.028740
0.028740
0.028740
0.028738
0.028738
0.028788
0.028788
0.028788
0.028788
0.028788
0.028788
0.028788
0.028788
0.028788
0.028788
0.028795
0.028795
0.028795
0.028495
0.028445
0.028363
0.028313
0.028263
0.028263
0.028213
0.028163
0.028106
0.028106
0.028056
0.028056
0.028006
0.028006
0.028006
0.027956
0.027956
0.027956
0.027906
0.027906
0.027906
0.027906
0.027906
0.027838
0.027838
0.027838
0.027838
0.027838
0.027838
0.027838
0.027838
0.027838
0.027888
0.027888
0.027888
0.027888
0.027888
0.027888
0.027888
0.027888
0.027888
0.027888
0.027888
0.027888
0.028088
0.028138
0.028238
0.028288
0.028338
0.028338
0.028388
0.028438
0.028438
0.028488
0.028538
0.028538
0.028588
0.028588
0.028588
0.028638
0.028645
0.028645
0.028695
0.028695
0.028695
0.028695
0.028695
0.028695
0.028745
0.028745
0.028745
0.028745
0.028745
0.028738
0.028738
0.028738
0.028784
0.028834
0.028834
0.028834
0.028834
0.028834
0.028834
0.028834
0.028834
0.028834
0.028834
0.028834
0.028834
0.028834
0.028834
0.028534
0.028484
0.028357
0.028307
0.028257
0.028257
0.028207
0.028184
0.028134
0.028134
0.028057
0.028057
0.028007
0.028007
0.028007
0.027957
0.027957
0.027957
0.027907
0.027907
0.027907
0.027907
0.027907
0.027857
0.027857
0.027857
0.027857
0.027857
0.027857
0.027857
0.027857
0.027857
0.027907
0.027907
0.027913
0.027913
0.027913
0.027913
0.027913
0.027913
0.027913
0.027913
0.027913
0.027913
0.028107
0.028157
0.028257
0.028307
0.028357
0.028357
0.028407
0.028457
0.028457
0.028507
0.028557
0.028557
0.028607
0.028607
0.028607
0.028657
0.028657
0.028657
0.028707
0.028707
0.028707
0.028707
0.028707
0.028757
0.028757
0.028757
0.028757
0.028757
0.028757
0.028757
0.028757
0.028757
0.028799
0.028849
0.028849
0.028849
0.028849
0.028849
0.028849
0.028849
0.028849
0.028849
0.028849
0.028849
0.028849
0.028849
0.028849
0.028549
0.028499
0.028399
0.028349
0.028305
0.028305
0.028255
0.028205
0.028155
0.028155
0.028105
0.028105
0.028055
0.028055
0.028087
0.028037
0.028031
0.028031
0.027981
0.027949
0.027949
0.027949
0.027949
0.027899
0.027899
0.027899
0.027931
0.027931
0.027931
0.027931
0.027931
0.027931
0.027981
0.027981
0.027949
0.027949
0.027949
0.027949
0.027949
0.027949
0.027981
0.027981
0.027981
0.027981
0.028181
0.028231
0.028331
0.028381
0.028399
0.028399
0.028449
0.028499
0.028499
0.028581
0.028631
0.028631
0.028681
0.028681
0.028681
0.028731
0.028731
0.028731
0.028755
0.028755
0.028755
0.028755
0.028755
0.028811
0.028811
0.028811
0.028811
0.028811
0.028811
0.028811
0.028811
0.028811
0.028805
0.028855
0.028855
0.028855
0.028855
0.028855
0.028855
0.028855
0.028825
0.028825
0.028825
0.028825
0.028855
0.028855
0.028855
0.028555
0.028505
0.028405
0.028355
0.028305
0.028305
0.028225
0.028175
0.028125
0.028125
0.028075
0.028105
0.028055
0.028055
0.028094
0.028044
0.028044
0.028044
0.027955
0.027955
0.027955
0.027955
0.027955
0.027905
0.027940
0.027905
0.027905
0.027944
0.027944
0.027944
0.027987
0.027987
0.027997
0.027997
0.027997
0.028033
0.028033
0.028039
0.028039
0.028039
0.028003
0.028043
0.028043
0.028043
0.028243
0.028293
0.028353
0.028439
0.028467
0.028467
0.028517
0.028561
0.028561
0.028679
0.028729
0.028768
0.028783
0.028818
0.028818
0.028868
0.028829
0.028791
0.028811
0.028811
0.028811
0.028811
0.028811
0.028929
0.028929
0.028968
0.028968
0.028968
0.028968
0.028968
0.028929
0.028891
0.028861
0.028911
0.028911
0.028911
0.028911
0.028979
0.029018
0.029018
0.029018
0.029018
0.029018
0.029018
0.029018
0.028979
0.028611
0.028561
0.028461
0.028411
0.028361
0.028429
0.028418
0.028368
0.028318
0.028318
0.028243
0.028243
0.028200
0.028122
0.028092
0.028042
0.028042
0.028042
0.027992
0.028103
0.028143
0.028143
0.028143
0.028093
0.028086
0.028086
0.028086
0.028009
0.027979
0.027979
0.027979
0.027945
0.027995
0.028059
0.028136
0.028136
0.028136
0.028136
0.028136
0.028136
0.028136
0.028029
0.028029
0.028029
0.027995
0.028195
0.028245
0.028379
0.028536
0.028586
0.028586
0.028636
0.028686
0.028686
0.028736
0.028679
0.028679
0.028729
0.028695
0.028695
0.028745
0.028779
0.028886
0.028936
0.028936
0.028936
0.028936
0.028936
0.028986
0.028879
