1.523409
1.356997
1.200947
1.090811
1.028838
1.002261
0.994704
0.995593
0.996292
0.995926
0.995099
0.994325
0.994113
0.994042
0.994275
0.994247
0.993801
0.993069
0.991856
0.990464
0.988953
0.986990
0.984998
0.983330
0.981572
0.979603
0.977766
0.975736
0.974108
0.972348
0.970517
0.968833
0.967180
0.965282
0.963664
0.961831
0.959976
0.958187
0.956307
0.954289
0.952111
0.950122
0.947905
0.946056
0.944010
0.942397
0.940442
0.938364
0.936310
0.934856
0.933256
0.931940
0.930658
0.929411
0.928009
0.926576
0.924986
0.923410
0.921932
0.920416
0.918935
0.917528
0.916118
0.914649
0.913101
0.911567
0.910073
0.908496
0.907055
0.905221
0.903677
0.902038
0.900782
0.899583
0.897811
0.895699
0.893749
0.891532
0.889450
0.887413
0.885198
0.882813
0.880846
0.878480
0.876429
0.874310
0.872085
0.869968
0.867932
0.865623
0.863811
0.861713
0.859683
0.857639
0.855539
0.853726
0.851536
0.849656
0.847506
0.845302
0.843259
0.841130
0.839128
0.837025
0.834866
0.832866
0.830784
0.828655
0.826514
0.824428
0.822248
0.820011
0.817750
0.815552
0.813353
0.811085
0.808966
0.806595
0.804227
0.801944
0.799745
0.797455
0.795053
0.792701
0.790316
0.788120
0.785927
0.783660
0.781569
0.779158
0.776957
0.774748
0.772863
0.770634
0.768388
0.766316
0.764203
0.761990
0.759909
0.757893
0.755788
0.753511
0.751517
0.749389
0.747419
0.745493
0.743454
0.741225
0.738927
0.736918
0.734867
0.732754
0.730903
0.728983
0.726882
0.724696
0.722535
0.720078
0.717363
0.714771
0.711832
0.709233
0.706549
0.703826
0.701207
0.698847
0.696266
0.693935
0.691976
0.689310
0.687054
0.684911
0.682750
0.680343
0.677945
0.675767
0.673142
0.670339
0.667684
0.665241
0.662639
0.659994
0.657019
0.654602
0.652126
0.649484
0.646627
0.643993
0.641578
0.638975
0.636185
0.633434
0.631154
0.628652
0.626001
0.623279
0.621382
0.619563
0.617074
0.614519
0.611893
0.609424
0.607172
0.604690
0.602170
0.600112
0.598179
0.595450
0.593067
0.590648
0.588259
0.585963
0.583643
0.581297
0.578807
0.576577
0.574222
0.571810
0.569365
0.567338
0.565084
0.562705
0.560499
0.558539
0.556190
0.553841
0.551495
0.549495
0.547407
0.545059
0.542747
0.540377
0.538415
0.536458
0.533955
0.531586
0.529272
0.527271
0.525167
0.522910
0.520546
0.518256
0.516231
0.514322
0.512073
0.509521
0.507225
0.505194
0.503441
0.501651
0.499253
0.496957
0.494665
0.492436
0.490744
0.488616
0.486315
0.484099
0.481827
0.480095
0.478284
0.476441
0.474457
0.472388
0.470612
0.468833
0.467010
0.464973
0.463108
0.461265
0.459519
0.457283
0.455469
0.453713
0.451809
0.449830
0.448013
0.446164
0.444395
0.442679
0.440853
0.439102
0.437237
0.435423
0.433693
0.431930
0.430307
0.428582
0.426786
0.425182
0.423424
0.421762
0.420108
0.418351
0.416612
0.415061
0.413602
0.412074
0.410426
0.408617
0.407008
0.405470
0.403818
0.401981
0.400226
0.398675
0.396933
0.395202
0.393612
0.392200
0.390685
0.389140
0.387541
0.386222
0.384736
0.383444
0.382175
0.380982
0.379861
0.378305
0.377081
0.375818
0.374212
0.372554
0.371090
0.369528
0.367833
0.366381
0.364789
0.363260
0.361604
0.360113
0.358566
0.356926
0.355614
0.354134
0.352678
0.351167
0.349684
0.348178
0.346818
0.345418
0.343940
0.342459
0.341100
0.339771
0.338162
0.336916
0.335477
0.334155
0.332645
0.331290
0.329942
0.328428
0.326874
0.325406
0.324054
0.322429
0.320950
0.319454
0.317977
0.316539
0.314883
0.313505
0.312134
0.310790
0.309388
0.307958
0.306578
0.305263
0.303743
0.302234
0.301011
0.299524
0.298084
0.296632
0.295224
0.293929
0.292549
0.291217
0.289945
0.288454
0.286993
0.285845
0.284475
0.283239
0.281879
0.280625
0.279250
0.277952
0.276734
0.275496
0.274233
0.272839
0.271652
0.270435
0.269228
0.268068
0.266819
0.265589
0.264373
0.263167
0.261899
0.260650
0.259527
0.258479
0.257363
0.256211
0.254981
0.253937
0.252789
0.251773
0.250703
0.249606
0.248549
0.247451
0.246352
0.245323
0.244326
0.243266
0.242179
0.241188
0.240089
0.239121
0.238157
0.237160
0.236165
0.235166
0.234261
0.233305
0.232230
0.231347
0.230497
0.229415
0.228581
0.227540
0.226657
0.225642
0.224765
0.223796
0.222920
0.221942
0.221143
0.220243
0.219440
0.218485
0.217606
0.216887
0.215935
0.215132
0.214416
0.213493
0.212652
0.211857
0.211055
0.210206
0.209307
0.208597
0.207855
0.207002
0.206250
0.205490
0.204873
0.204195
0.203434
0.202688
0.202062
0.201332
0.200664
0.199818
0.199237
0.198523
0.197879
0.197178
0.196389
0.195847
0.195169
0.194557
0.193983
0.193349
0.192837
0.192290
0.191588
0.190994
0.190419
0.189851
0.189232
0.188659
0.188059
0.187536
0.186961
0.186384
0.185819
0.185395
0.184802
0.184234
0.183784
0.183340
0.182757
0.182134
0.181680
0.181161
0.180547
0.180091
0.179694
0.179225
0.178631
0.178190
0.177794
0.177354
0.176939
0.176366
0.175942
0.175502
0.175152
0.174683
0.174250
0.173776
0.173327
0.172817
0.172432
0.172021
0.171674
0.171372
0.170912
0.170519
0.170144
0.169778
0.169371
0.169001
0.168624
0.168137
0.167691
0.167422
0.167017
0.166675
0.166227
0.165819
0.165406
0.165030
0.164679
0.164290
0.164021
0.163677
0.163306
0.162860
0.162572
0.162135
0.161782
0.161383
0.161030
0.160816
0.160394
0.160041
0.159667
0.159423
0.159092
0.158798
0.158445
0.158058
0.157765
0.157397
0.157111
0.156695
0.156469
0.156042
0.155701
0.155373
0.155030
0.154743
0.154362
0.154112
0.153690
0.153410
0.153011
0.152786
0.152420
0.152155
0.151858
0.151477
0.151171
0.150878
0.150538
0.150217
0.149899
0.149547
0.149228
0.148940
0.148602
0.148326
0.147958
0.147630
0.147243
0.146963
0.146733
0.146351
0.146095
0.145643
0.145385
0.145021
0.144767
0.144385
0.143953
0.143756
0.143475
0.143083
0.142833
0.142467
0.142205
0.141989
0.141550
0.141351
0.141089
0.140785
0.140521
0.140183
0.139945
0.139685
0.139423
0.139106
0.138773
0.138467
0.138193
0.137972
0.137791
0.137506
0.137230
0.137049
0.136745
0.136581
0.136321
0.136115
0.135877
0.135549
0.135424
0.135165
0.134947
0.134705
0.134636
0.134433
0.134181
0.134014
0.133830
0.133632
0.133435
0.133262
0.133149
0.132834
0.132702
0.132490
0.132325
0.132143
0.131966
0.131842
0.131768
0.131467
0.131395
0.131251
0.131081
0.130915
0.130760
0.130656
0.130464
0.130293
0.130205
0.130110
0.129960
0.129804
0.129719
0.129537
0.129463
0.129430
0.129276
0.129241
0.129022
0.128887
0.128800
0.128684
0.128611
0.128477
0.128387
0.128217
0.128074
0.127946
0.127756
0.127730
0.127643
0.127584
0.127487
0.127384
0.127436
0.127285
0.127236
0.127090
0.127015
0.127005
0.126894
0.126813
0.126798
0.126740
0.126667
0.126618
0.126630
0.126524
0.126476
0.126452
0.126386
0.126357
0.126309
0.126191
0.126142
0.126097
0.126065
0.126017
0.125932
0.125930
0.125906
0.125905
0.125937
0.125932
0.125840
0.125780
0.125776
0.125791
0.125657
0.125622
0.125561
0.125530
0.125493
0.125627
0.125562
0.125548
0.125584
0.125484
0.125529
0.125467
0.125448
0.125438
0.125404
0.125352
0.125268
0.125316
0.125300
0.125284
0.125309
0.125326
0.125278
0.125336
0.125376
0.125352
0.125361
0.125313
0.125354
0.125278
0.125217
0.125211
0.125163
0.125208
0.125177
0.125233
0.125156
0.125123
0.125073
0.125107
0.125027
0.125068
0.125014
0.125046
0.125031
0.125078
0.125007
0.125003
0.124886
0.124926
0.124911
0.124882
0.124903
0.124922
0.124957
0.124848
0.124817
0.124844
0.124841
0.124828
0.124832
0.124880
0.124880
0.124785
0.124832
0.124832
0.124812
0.124853
0.124849
0.124824
0.124824
0.124862
0.124888
0.124888
0.124872
0.124822
0.124894
0.124894
0.124847
0.124803
0.124859
0.124722
0.124698
0.124730
0.124691
0.124714
0.124740
0.124707
0.124717
0.124772
0.124728
0.124778
0.124694
0.124774
0.124778
0.124789
0.124760
0.124775
0.124767
0.124773
0.124747
0.124747
0.124761
0.124797
0.124747
0.124707
0.124777
0.124814
0.124734
0.124696
0.124710
0.124722
0.124722
0.124726
0.124647
0.124658
0.124687
0.124684
0.124773
0.124694
0.124761
0.124820
0.124820
0.124820
0.124830
0.124787
0.124793
0.124815
0.124767
0.124784
0.124737
0.124733
0.124675
0.124675
0.124759
0.124706
0.124732
0.124683
0.124606
0.124687
0.124622
0.124675
0.124664
0.124614
0.124606
0.124573
0.124526
0.124567
0.124590
0.124503
0.124495
0.124514
0.124494
0.124490
0.124490
0.124535
0.124589
0.124609
0.124558
0.124558
0.124558
0.124517
0.124517
0.124361
0.124288
0.124362
0.124362
0.124363
0.124432
0.124435
0.124388
0.124406
0.124406
0.124406
0.124436
0.124321
0.124321
0.124275
0.124275
0.124295
0.124245
0.124274
0.124274
0.124274
0.124312
0.124313
0.124362
0.124345
0.124402
0.124398
0.124406
0.124412
0.124376
0.124326
0.124337
0.124337
0.124391
0.124380
0.124380
0.124392
0.124456
0.124534
0.124547
0.124533
0.124449
0.124422
0.124405
0.124384
0.124339
0.124342
0.124377
0.124412
0.124412
0.124442
0.124398
0.124483
0.124495
0.124485
0.124441
0.124475
0.124475
0.124437
0.124437
0.124437
0.124437
0.124437
0.124405
0.124405
0.124312
0.124241
0.124266
0.124229
0.124318
0.124342
0.124311
0.124306
0.124301
0.124201
0.124197
0.124151
0.124115
0.124112
0.124112
0.124083
0.124081
0.124109
0.124059
0.124058
0.124058
0.124127
0.124171
0.124142
0.124159
0.124118
0.124118
0.124116
0.124116
0.124066
0.124066
0.124066
0.124036
0.124036
0.124013
0.123977
0.123932
0.124002
0.123980
0.123980
0.123915
0.123915
0.123912
0.123912
0.123912
0.123921
0.123881
0.123885
0.123932
0.123939
0.123945
0.123970
0.123978
0.124017
0.124017
0.124066
0.124052
0.123998
0.124006
0.123969
0.124003
0.123982
0.123982
0.123990
0.123980
0.123980
0.123980
0.123971
0.123921
0.123977
0.124002
0.124032
0.124032
0.124012
0.123959
0.123921
0.123921
0.123921
0.123921
0.123958
0.123960
0.123960
0.123941
0.123906
0.123945
0.123942
0.123986
0.123936
0.123969
0.123969
0.123969
0.123994
0.123923
0.123870
0.123838
0.123831
0.123824
0.123793
0.123787
0.123741
0.123810
0.123808
0.123843
0.123857
0.123854
0.123854
0.123854
0.123852
0.123837
0.123800
0.123817
0.123817
0.123765
0.123765
0.123803
0.123770
0.123770
0.123783
0.123783
0.123783
0.123783
0.123783
0.123773
0.123773
0.123723
0.123723
0.123711
0.123711
0.123711
0.123724
0.123763
0.123763
0.123701
0.123701
0.123736
0.123767
0.123767
0.123776
0.123781
0.123826
0.123833
0.123805
0.123805
0.123803
0.123812
0.123762
0.123771
0.123781
0.123781
0.123792
0.123827
0.123827
0.123831
0.123848
0.123848
0.123860
0.123860
0.123857
0.123857
0.123829
0.123842
0.123835
0.123793
0.123819
0.123788
0.123802
0.123802
0.123862
0.123859
0.123859
0.123911
0.123911
0.123873
0.123873
0.123873
0.123891
0.123891
0.123891
0.123891
0.123942
0.123985
0.123985
0.123914
0.123855
0.123838
0.123831
0.123780
0.123780
0.123774
0.123769
0.123769
0.123765
0.123761
0.123761
0.123759
0.123759
0.123760
0.123778
0.123775
0.123799
0.123776
0.123776
0.123776
0.123818
0.123818
0.123820
0.123779
0.123779
0.123779
0.123779
0.123779
0.123779
0.123779
0.123779
0.123853
0.123853
0.123853
0.123853
0.123874
0.123843
0.123804
0.123804
0.123810
0.123760
0.123760
0.123720
0.123750
0.123789
0.123871
0.123875
0.123894
0.123900
0.123907
0.123907
0.123915
0.124010
0.124019
0.124019
0.124038
0.124060
0.124106
0.124056
0.124016
0.124027
0.124067
0.124067
0.124090
0.124089
0.124089
0.124089
0.124089
0.124102
0.124102
0.124102
0.124088
0.124088
0.124122
0.124098
0.124098
0.124098
0.124134
0.124148
0.124125
0.124125
0.124125
0.124125
0.124125
0.124123
0.124138
0.124138
0.124088
0.124129
0.124174
0.124065
0.124056
0.124056
0.124049
0.124042
0.124042
0.124075
0.124113
0.124113
0.124109
0.124065
0.124065
0.124063
0.124063
0.124063
0.124023
0.124042
0.124042
0.124083
0.124083
0.124122
0.124122
0.124122
0.124141
0.124141
0.124141
0.124176
0.124176
0.124137
0.124101
0.124098
0.124098
0.124098
0.124099
0.124137
0.124137
0.124112
0.124159
0.124159
0.124159
0.124159
0.124159
0.124159
0.124183
0.124189
0.124198
0.124202
0.124212
0.124219
0.124226
0.124250
0.124257
0.124266
0.124266
0.124275
0.124285
0.124310
0.124321
0.124321
0.124286
0.124298
0.124298
0.124298
0.124335
0.124335
0.124335
0.124335
0.124335
0.124348
0.124375
0.124375
0.124375
0.124378
0.124378
0.124344
0.124306
0.124333
0.124378
0.124392
0.124342
0.124340
0.124340
0.124368
0.124410
0.124410
0.124410
0.124410
0.124410
0.124410
0.124440
0.124408
0.124338
0.124328
0.124312
0.124305
0.124299
0.124329
0.124323
0.124318
0.124277
0.124277
0.124273
0.124300
0.124329
0.124329
0.124302
0.124270
0.124270
0.124270
0.124269
0.124269
0.124302
0.124338
0.124338
0.124364
0.124377
0.124339
0.124339
0.124339
0.124372
0.124349
0.124349
0.124349
0.124385
0.124356
0.124334
0.124334
0.124367
0.124367
0.124367
0.124367
0.124367
0.124367
0.124367
0.124367
0.124367
0.124326
0.124331
0.124341
0.124375
0.124382
0.124382
0.124364
0.124373
0.124373
0.124417
0.124390
0.124390
0.124401
0.124401
0.124399
0.124410
0.124410
0.124410
0.124422
0.124458
0.124460
0.124460
0.124427
0.124440
0.124440
0.124440
0.124415
0.124457
0.124457
0.124494
0.124494
0.124494
0.124494
0.124508
0.124508
0.124508
0.124508
0.124508
0.124477
0.124440
0.124417
0.124455
0.124455
0.124455
0.124455
0.124385
0.124375
0.124359
0.124352
0.124326
0.124326
0.124320
0.124285
0.124324
0.124320
0.124317
0.124317
0.124314
0.124314
0.124314
0.124339
0.124348
0.124348
0.124347
0.124318
0.124357
0.124318
0.124318
0.124357
0.124321
0.124321
0.124321
0.124321
0.124321
0.124277
0.124277
0.124277
0.124316
0.124317
0.124317
0.124317
0.124317
0.124278
0.124278
0.124251
0.124251
0.124292
0.124292
0.124292
0.124292
0.124292
0.124301
0.124306
0.124330
0.124336
0.124343
0.124343
0.124351
0.124270
0.124280
0.124244
0.124254
0.124230
0.124336
0.124324
0.124324
0.124377
0.124377
0.124394
0.124406
0.124383
0.124333
0.124333
0.124333
0.124306
0.124349
0.124349
0.124327
0.124377
0.124377
0.124377
0.124347
0.124347
0.124360
0.124349
0.124328
0.124328
0.124328
0.124328
0.124328
0.124328
0.124289
0.124269
0.124269
0.124233
0.124233
0.124163
0.124154
0.124138
0.124078
0.123961
0.125083
0.129329
0.136150
0.144592
0.153969
0.163586
0.173031
0.182496
0.191679
0.200716
0.209789
0.219027
0.228506
0.238209
0.247981
0.257365
0.265778
0.272727
0.277913
0.281186
0.282862
0.283352
0.283044
0.282490
0.282004
0.281719
0.281703
0.281862
0.282020
0.282096
0.281976
0.281602
0.281128
0.280481
0.279896
0.279407
0.279043
0.278901
0.278814
0.278801
0.278912
0.278960
0.279007
0.279009
0.278946
0.278877
0.278857
0.278809
0.278762
0.278651
0.277766
0.275142
0.270400
0.263674
0.255343
0.246109
0.236538
0.227126
0.217959
0.209014
0.200254
0.191512
0.182679
0.173699
0.164732
0.155954
0.147894
0.141650
0.138589
0.138953
0.140929
0.143070
0.144494
0.145092
0.144793
0.143801
0.142038
0.139881
0.137600
0.135778
0.134594
0.134150
0.134494
0.135236
0.136169
0.137024
0.137590
0.137698
0.137555
0.137197
0.136805
0.136336
0.135979
0.135557
0.135419
0.135280
0.135179
0.135047
0.134884
0.134649
0.134348
0.133949
0.133499
0.132944
0.132489
0.132026
0.131614
0.131270
0.130847
0.130460
0.130124
0.129755
0.129283
0.128911
0.128453
0.128085
0.127579
0.127211
0.126793
0.126338
0.125916
0.125588
0.125118
0.124705
0.124335
0.123867
0.123572
0.123074
0.122727
0.122345
0.121930
0.121563
0.121125
0.120689
0.120267
0.119838
0.119415
0.119028
0.118580
0.118149
0.117767
0.117383
0.116978
0.116621
0.116213
0.115777
0.115463
0.115029
0.114636
0.114259
0.113861
0.113430
0.112993
0.112597
0.112194
0.111802
0.111367
0.111010
0.110597
0.110183
0.109739
0.109354
0.108952
0.108535
0.108134
0.107770
0.107285
0.106865
0.106469
0.106056
0.105559
0.105178
0.104781
0.104459
0.103998
0.103581
0.103158
0.102801
0.102383
0.101961
0.101540
0.101118
0.100706
0.100248
0.099776
0.099396
0.098976
0.098561
0.098052
0.097721
0.097282
0.096815
0.096506
0.096039
0.095639
0.095222
0.094737
0.094423
0.093949
0.093515
0.093012
0.092612
0.092200
0.091765
0.091333
0.090983
0.090546
0.090138
0.089717
0.089310
0.088834
0.088464
0.088121
0.087643
0.087166
0.086710
0.086293
0.085981
0.085540
0.085158
0.084718
0.084439
0.083957
0.083603
0.083267
0.082984
0.082510
0.082160
0.081715
0.081239
0.080857
0.080477
0.080130
0.079837
0.079553
0.079134
0.078744
0.078367
0.077980
0.077610
0.077306
0.076975
0.076657
0.076243
0.075971
0.075593
0.075245
0.074886
0.074460
0.074113
0.073814
0.073507
0.073131
0.072873
0.072535
0.072259
0.072046
0.071667
0.071334
0.071011
0.070734
0.070418
0.070170
0.069819
0.069480
0.069197
0.068827
0.068539
0.068242
0.068037
0.067705
0.067453
0.067187
0.066983
0.066658
0.066387
0.066122
0.065922
0.065599
0.065282
0.064979
0.064734
0.064490
0.064286
0.064041
0.063736
0.063478
0.063269
0.063042
0.062797
0.062571
0.062279
0.062040
0.061748
0.061560
0.061260
0.060998
0.060741
0.060540
0.060280
0.060116
0.059977
0.059679
0.059423
0.059243
0.059011
0.058796
0.058561
0.058306
0.058073
0.057898
0.057697
0.057488
0.057289
0.057056
0.056884
0.056687
0.056425
0.056220
0.056025
0.055858
0.055626
0.055398
0.055248
0.055057
0.054786
0.054624
0.054353
0.054165
0.053945
0.053736
0.053592
0.053309
0.053075
0.052850
0.052735
0.052553
0.052287
0.052072
0.051813
0.051664
0.051455
0.051242
0.051017
0.050807
0.050583
0.050414
0.050185
0.049977
0.049757
0.049534
0.049357
0.049112
0.048860
0.048676
0.048550
0.048327
0.048115
0.047859
0.047661
0.047405
0.047198
0.046979
0.046762
0.046545
0.046287
0.046072
0.045822
0.045609
0.045434
0.045223
0.045024
0.044768
0.044590
0.044348
0.044142
0.043919
0.043702
0.043535
0.043313
0.043139
0.042938
0.042742
0.042488
0.042308
0.042136
0.041908
0.041737
0.041535
0.041330
0.041160
0.040991
0.040822
0.040579
0.040381
0.040215
0.040083
0.039894
0.039727
0.039563
0.039388
0.039189
0.039066
0.038955
0.038828
0.038586
0.038423
0.038236
0.038117
0.037894
0.037810
0.037606
0.037530
0.037307
0.037197
0.037115
0.036931
0.036831
0.036687
0.036543
0.036392
0.036265
0.036122
0.035989
0.035880
0.035701
0.035555
0.035442
0.035285
0.035176
0.035065
0.035018
0.034909
0.034802
0.034679
0.034578
0.034438
0.034330
0.034293
0.034148
0.033996
0.033889
0.033798
0.033658
0.033588
0.033503
0.033396
0.033293
0.033185
0.033102
0.032963
0.032882
0.032809
0.032739
0.032600
0.032494
0.032414
0.032297
0.032190
0.032087
0.032017
0.031982
0.031866
0.031763
0.031729
0.031622
0.031589
0.031519
0.031372
0.031339
0.031302
0.031269
0.031163
0.031073
0.031004
0.030966
0.030897
0.030828
0.030796
0.030652
0.030617
0.030513
0.030482
0.030407
0.030377
0.030304
0.030241
0.030166
0.030137
0.030137
0.030066
0.029953
0.029913
0.029885
0.029811
0.029746
0.029719
0.029678
0.029605
0.029564
0.029501
0.029502
0.029435
0.029401
0.029297
0.029297
0.029273
0.029233
0.029208
0.029176
0.029075
0.029052
0.029052
0.029012
0.028920
0.028920
0.028820
0.028820
0.028805
0.028769
0.028725
0.028706
0.028706
0.028643
0.028649
0.028597
0.028597
0.028536
0.028530
0.028543
0.028493
0.028412
0.028412
0.028359
0.028359
0.028323
0.028297
0.028262
0.028252
0.028252
0.028207
0.028207
0.028207
0.028239
0.028205
0.028170
0.028165
0.028173
0.028173
0.028130
0.028084
0.028062
0.028061
0.028061
0.028061
0.027981
0.027995
0.027914
0.027953
0.027959
0.027959
0.028023
0.027978
0.027942
0.027950
0.027950
0.027927
0.027948
0.027904
0.027870
0.027883
0.027900
0.027900
0.027916
0.027955
0.027955
0.027955
0.027950
0.027950
0.027950
0.027892
0.027892
0.027894
0.027860
0.027860
0.027821
0.027846
0.027866
0.027866
0.027893
0.027932
0.027932
0.027953
0.027948
0.027948
0.027948
0.027944
0.027966
0.027979
0.027972
0.027929
0.027929
0.027953
0.027986
0.027986
0.027986
0.028059
0.028084
0.028084
0.028086
0.028057
0.028057
0.028057
0.028119
0.028119
0.028080
0.028080
0.028118
0.028144
0.028102
0.028102
0.028180
0.028215
0.028174
0.028241
0.028241
0.028241
0.028281
0.028281
0.028281
0.028309
0.028309
0.028310
0.028278
0.028278
0.028278
0.028307
0.028347
0.028347
0.028388
0.028388
0.028388
0.028379
0.028422
0.028422
0.028422
0.028422
0.028422
0.028465
0.028495
0.028495
0.028539
0.028525
0.028525
0.028485
0.028485
0.028488
0.028488
0.028488
0.028488
0.028488
0.028531
0.028531
0.028531
0.028564
0.028608
0.028608
0.028608
0.028572
0.028617
0.028617
0.028578
0.028612
0.028612
0.028612
0.028656
0.028656
0.028656
0.028656
0.028666
0.028666
0.028701
0.028701
0.028701
0.028701
0.028747
0.028747
0.028747
0.028675
0.028693
0.028693
0.028774
0.028737
0.028737
0.028737
0.028782
0.028782
0.028749
0.028749
0.028749
0.028749
0.028749
0.028786
0.028832
0.028895
0.028863
0.028863
0.028827
0.028872
0.028854
0.028854
0.028854
0.028854
0.028823
0.028823
0.028869
0.028907
0.028926
0.028926
0.028926
0.028926
0.028942
0.028942
0.028942
0.028942
0.028960
0.028925
0.028925
0.028896
0.028941
0.028941
0.028941
0.028941
0.028941
0.028913
0.028960
0.029005
0.029045
0.029045
0.029045
0.029045
0.029019
0.029019
0.029019
0.029019
0.029039
0.029083
0.029050
0.029024
0.029024
0.029024
0.029044
0.029044
0.029044
0.029019
0.029064
0.029064
0.029064
0.029064
0.029064
0.029060
0.029060
0.029060
0.029060
0.029105
0.029105
0.029103
0.029103
0.029103
0.029071
0.029071
0.029040
0.029018
0.029018
0.029040
0.029040
0.029040
0.029084
0.029084
0.029062
0.029085
0.029085
0.029085
0.029085
0.029085
0.029065
0.029065
0.029065
0.029088
0.029088
0.029131
0.029075
0.029075
0.029075
0.029098
0.029098
0.029069
0.029050
0.029050
0.029050
0.029050
0.029050
0.029075
0.029058
0.029058
0.029101
0.029082
0.029082
0.029107
0.029107
0.029091
0.029091
0.029091
0.029091
0.029091
0.029091
0.029101
0.029101
0.029101
0.029101
0.029101
0.029101
0.029113
0.029155
0.029155
0.029233
0.029233
0.029206
0.029193
0.029193
0.029219
0.029219
0.029219
0.029219
0.029208
0.029208
0.029235
0.029235
0.029235
0.029235
0.029177
0.029177
0.029175
0.029175
0.029175
0.029202
0.029193
0.029235
0.029235
0.029235
0.029235
0.029235
0.029227
0.029255
0.029255
0.029255
0.029255
0.029255
0.029248
0.029248
0.029248
0.029276
0.029276
0.029276
0.029271
0.029271
0.029271
0.029247
0.029247
0.029247
0.029272
0.029272
0.029272
0.029272
0.029272
0.029272
0.029313
0.029302
0.029330
0.029330
0.029330
0.029330
0.029330
0.029330
0.029330
0.029330
0.029330
0.029330
0.029330
0.029323
0.029323
0.029323
0.029323
0.029323
0.029325
0.029325
0.029325
0.029325
0.029325
0.029325
0.029328
0.029358
0.029358
0.029358
0.029342
0.029342
0.029347
0.029347
0.029347
0.029347
0.029347
0.029347
0.029383
0.029383
0.029383
0.029383
0.029372
0.029372
0.029380
0.029380
0.029380
0.029380
0.029380
0.029389
0.029389
0.029389
0.029419
0.029419
0.029419
0.029408
0.029408
0.029447
0.029447
0.029447
0.029420
0.029431
0.029431
0.029392
0.029392
0.029392
0.029405
0.029436
0.029463
0.029502
0.029502
0.029502
0.029516
0.029516
0.029488
0.029488
0.029488
0.029503
0.029503
0.029503
0.029510
0.029510
0.029510
0.029526
0.029557
0.029585
0.029585
0.029557
0.029575
0.029575
0.029575
0.029575
0.029575
0.029594
0.029594
0.029594
0.029594
0.029594
0.029613
0.029613
0.029613
0.029613
0.029645
0.029666
0.029666
0.029666
0.029666
0.029666
0.029687
0.029687
0.029687
0.029687
0.029687
0.029687
0.029710
0.029669
0.029669
0.029669
0.029669
0.029692
0.029692
0.029692
0.029692
0.029692
0.029717
0.029717
0.029717
0.029717
0.029749
0.029749
0.029775
0.029775
0.029775
0.029775
0.029775
0.029801
0.029801
0.029847
0.029847
0.029847
0.029847
0.029885
0.029885
0.029885
0.029885
0.029885
0.029885
0.029913
0.029873
0.029873
0.029873
0.029873
0.029861
0.029890
0.029854
0.029854
0.029854
0.029854
0.029854
0.029854
0.029884
0.029884
0.029884
0.029884
0.029884
0.029884
0.029915
0.029877
0.029877
0.029877
0.029910
0.029910
0.029910
0.029910
0.029942
0.029942
0.029909
0.029942
0.029942
0.029942
0.029942
0.029974
0.029938
0.029938
0.029938
0.029938
0.029938
0.029938
0.029938
0.029972
0.029972
0.029972
0.029972
0.029972
0.029937
0.029937
0.029937
0.029937
0.029972
0.029972
0.029961
0.029961
0.029961
0.029961
0.029961
0.029928
0.029928
0.029964
0.029964
0.029964
0.029964
0.029964
0.029964
0.029964
0.029964
0.029931
0.029931
0.029931
0.029968
0.029968
0.029968
0.029968
0.029968
0.029968
0.029937
0.029937
0.029937
0.029937
0.029937
0.029895
0.029895
0.029933
0.029933
0.029903
0.029903
0.029903
0.029903
0.029903
0.029903
0.029903
0.029903
0.029873
0.029873
0.029873
0.029873
0.029873
0.029873
0.029913
0.029885
0.029885
0.029885
0.029885
0.029895
0.029895
0.029895
0.029868
0.029868
0.029868
0.029868
0.029868
0.029868
0.029868
0.029841
0.029841
0.029841
0.029841
0.029841
0.029841
0.029841
0.029815
0.029815
0.029815
0.029815
0.029788
0.029788
0.029804
0.029822
0.029822
0.029822
0.029822
0.029822
0.029822
0.029798
0.029798
0.029798
0.029798
0.029770
0.029770
0.029748
0.029748
0.029748
0.029748
0.029775
0.029775
0.029775
0.029753
0.029753
0.029753
0.029753
0.029753
0.029726
0.029705
0.029705
0.029705
0.029705
0.029705
0.029664
0.029644
0.029644
0.029672
0.029672
0.029672
0.029672
0.029653
0.029653
0.029625
0.029625
0.029625
0.029625
0.029636
0.029618
0.029618
0.029618
0.029655
0.029655
0.029683
0.029667
0.029667
0.029629
0.029629
0.029601
0.029590
0.029575
0.029575
0.029575
0.029575
0.029575
0.029612
0.029598
0.029598
0.029598
0.029626
0.029588
0.029588
0.029588
0.029575
0.029528
0.029500
0.029500
0.029500
0.029538
0.029571
0.029571
0.029571
0.029571
0.029571
0.029571
0.029510
0.029510
0.029510
0.029510
0.029510
0.029510
0.029472
0.029509
0.029509
0.029509
0.029509
0.029509
0.029501
0.029501
0.029463
0.029463
0.029491
0.029491
0.029484
0.029484
0.029521
0.029521
0.029521
0.029493
0.029487
0.029487
0.029487
0.029487
0.029487
0.029450
0.029445
0.029473
0.029473
0.029473
0.029511
0.029511
0.029507
0.029507
0.029507
0.029507
0.029507
0.029479
0.029477
0.029477
0.029391
0.029429
0.029416
0.029416
0.029416
0.029416
0.029416
0.029416
0.029416
0.029416
0.029416
0.029416
0.029416
0.029416
0.029416
0.029416
0.029418
0.029418
0.029418
0.029418
0.029418
0.029418
0.029461
0.029461
0.029461
0.029422
0.029422
0.029427
0.029427
0.029427
0.029427
0.029427
0.029427
0.029433
0.029433
0.029433
0.029392
0.029392
0.029432
0.029439
0.029439
0.029400
0.029400
0.029400
0.029400
0.029409
0.029409
0.029339
0.029330
0.029330
0.029340
0.029340
0.029340
0.029380
0.029380
0.029380
0.029391
0.029391
0.029352
0.029352
0.029399
0.029411
0.029411
0.029411
0.029379
0.029379
0.029379
0.029393
0.029393
0.029392
0.029392
0.029392
0.029407
0.029407
0.029367
0.029367
0.029367
0.029383
0.029383
0.029383
0.029383
0.029383
0.029383
0.029401
0.029401
0.029440
0.029440
0.029440
0.029458
0.029458
0.029419
0.029419
0.029419
0.029438
0.029438
0.029438
0.029438
0.029438
0.029458
0.029458
0.029488
0.029488
0.029488
0.029509
0.029509
0.029509
0.029469
0.029440
0.029462
0.029462
0.029462
0.029462
0.029462
0.029485
0.029485
0.029515
0.029515
0.029555
0.029555
0.029579
0.029579
0.029579
0.029539
0.029539
0.029564
0.029564
0.029564
0.029564
0.029564
0.029564
0.029549
0.029549
0.029510
0.029549
0.029549
0.029577
0.029577
0.029577
0.029537
0.029537
0.029537
0.029565
0.029565
0.029565
0.029565
0.029565
0.029565
0.029594
0.029633
0.029633
0.029633
0.029633
0.029633
0.029663
0.029585
0.029585
0.029585
0.029585
0.029585
0.029585
0.029616
0.029616
0.029616
0.029576
0.029627
0.029627
0.029627
0.029658
0.029658
0.029658
0.029582
0.029582
0.029582
0.029571
0.029603
0.029603
0.029603
0.029603
0.029603
0.029603
0.029643
0.029674
0.029707
0.029672
0.029672
0.029672
0.029601
0.029601
0.029601
0.029601
0.029601
0.029636
0.029636
0.029636
0.029562
0.029593
0.029633
0.029633
0.029633
0.029633
0.029669
0.029669
0.029669
0.029629
0.029596
0.029596
0.029596
0.029596
0.029596
0.029596
0.029632
0.029632
0.029672
0.029640
0.029640
0.029640
0.029601
0.029601
0.029612
0.029611
0.029611
0.029611
0.029617
0.029579
0.029579
0.029568
0.029568
0.029568
0.029608
0.029608
0.029578
0.029578
0.029578
0.029578
0.029578
0.029538
0.029538
0.029548
0.029548
0.029548
0.029548
0.029548
0.029548
0.029548
0.029588
0.029521
0.029521
0.029521
0.029521
0.029521
0.029521
0.029481
0.029454
0.029454
0.029454
0.029454
0.029454
0.029454
0.029427
0.029427
0.029508
0.029540
0.029540
0.029540
0.029540
0.029515
0.029515
0.029443
0.029443
0.029443
0.029454
0.029429
0.029429
0.029429
0.029429
0.029461
0.029501
0.029440
0.029429
0.029429
0.029429
0.029429
0.029429
0.029390
0.029367
0.029367
0.029367
0.029367
0.029367
0.029367
0.029345
0.029345
0.029385
0.029385
0.029385
0.029385
0.029364
0.029364
0.029335
0.029295
0.029295
0.029295
0.029275
0.029275
0.029275
0.029275
0.029275
0.029315
0.029296
0.029259
0.029259
0.029259
0.029259
0.029259
0.029241
0.029202
0.029202
0.029202
0.029202
0.029202
0.029185
0.029185
0.029185
0.029235
0.029235
0.029235
0.029220
0.029220
0.029220
0.029220
0.029220
0.029180
0.029169
0.029155
0.029155
0.029155
0.029155
0.029155
0.029155
0.029181
0.029181
0.029178
0.029178
0.029178
0.029166
0.029166
0.029132
0.029092
0.029082
0.029082
0.029071
0.029034
0.029034
0.029034
0.029034
0.029107
0.029097
0.029097
0.029097
0.029097
0.029097
0.029097
0.029089
0.029049
0.029049
0.029049
0.029049
0.029016
0.029008
0.029008
0.029042
0.029081
0.029081
0.029081
0.029075
0.029086
0.029086
0.029086
0.029086
0.029086
0.029042
0.029042
0.029042
0.029042
0.029042
0.029031
0.028991
0.029031
0.029031
0.029031
0.029031
0.029031
0.029029
0.029029
0.029029
0.029029
0.028989
0.028989
0.028989
0.028989
0.028989
0.028989
0.028940
0.028980
0.028981
0.028981
0.028981
0.028981
0.028981
0.028983
0.028983
0.028983
0.028943
0.028943
0.028943
0.028946
0.028946
0.028946
0.028946
0.028986
0.028986
0.028955
0.028955
0.028955
0.028955
0.028955
0.028955
0.028961
0.028922
0.028957
0.028922
0.028922
0.028922
0.028929
0.028929
0.028969
0.028969
0.028969
0.028978
0.028978
0.028978
0.028978
0.028978
0.028978
0.028948
0.028948
0.028918
0.028918
0.028918
0.028960
0.029007
0.029046
0.029046
0.029046
0.029046
0.029059
0.029059
0.029059
0.029059
0.029059
0.029033
0.029003
0.029003
0.029003
0.029003
0.029047
0.029047
0.029087
0.029086
0.029086
0.029086
0.029102
0.029102
0.029102
0.029067
0.029067
0.029045
0.029015
0.029015
0.029015
0.029015
0.029033
0.029103
0.029103
0.029138
0.029138
0.029157
0.029157
0.029157
0.029157
0.029157
0.029177
0.029103
0.029073
0.029073
0.029073
0.029094
0.029094
0.029164
0.029199
0.029199
0.029221
0.029221
0.029221
0.029221
0.029221
0.029221
0.029244
0.029204
0.029175
0.029140
0.029140
0.029164
0.029164
0.029268
0.029268
0.029268
0.029258
0.029258
0.029258
0.029258
0.029217
0.029217
0.029278
0.029278
0.029209
0.029209
0.029209
0.029209
0.029236
0.029271
0.029271
0.029271
0.029271
0.029299
0.029299
0.029299
0.029299
0.029299
0.029299
0.029327
0.029258
0.029258
0.029258
0.029258
0.029219
0.029288
0.029318
0.029318
0.029318
0.029318
0.029318
0.029318
0.029349
0.029349
0.029349
0.029320
0.029280
0.029280
0.029280
0.029311
0.029274
0.029344
0.029312
0.029344
0.029344
0.029344
0.029344
0.029376
0.029376
0.029376
0.029376
0.029347
0.029307
0.029239
0.029239
0.029273
0.029273
0.029374
0.029374
0.029340
0.029340
0.029340
0.029340
0.029374
0.029340
0.029340
0.029308
0.029313
0.029273
0.029273
0.029273
0.029305
0.029270
0.029346
0.029342
0.029342
0.029342
0.029342
0.029342
0.029342
0.029310
0.029310
0.029310
0.029317
0.029245
0.029245
0.029277
0.029277
0.029317
0.029317
0.029346
0.029346
0.029315
0.029283
0.029283
0.029283
0.029321
0.029321
0.029321
0.029291
0.029293
0.029253
0.029291
0.029291
0.029331
0.029331
0.029322
0.029290
0.029261
0.029261
0.029261
0.029261
0.029300
0.029300
0.029332
0.029313
0.029313
0.029313
0.029313
0.029313
0.029275
0.029243
0.029245
0.029245
0.029210
0.029210
0.029210
0.029210
0.029242
0.029254
0.029288
0.029258
0.029258
0.029258
0.029220
0.029162
0.029162
0.029162
0.029158
0.029158
0.029158
0.029200
0.029175
0.029245
0.029245
0.029245
0.029245
0.029215
0.029122
0.029122
0.029122
0.029122
0.029122
0.029122
0.029129
0.029129
0.029167
0.029198
0.029198
0.029198
0.029177
0.029177
0.029145
0.029077
0.029077
0.029077
0.029056
0.029056
0.029056
0.029056
0.029124
0.029156
0.029156
0.029136
0.029136
0.029136
0.029104
0.029066
0.029036
0.029018
0.029018
0.029018
0.029018
0.029018
0.029056
0.029038
0.029067
0.029067
0.029067
0.029067
0.029067
0.029013
0.029013
0.029013
0.028983
0.028983
0.028983
0.028968
0.029006
0.029006
0.029006
0.029006
