2.445285
2.331021
2.235361
2.178477
2.153208
2.145185
2.144088
2.144744
2.145212
2.145204
2.144954
2.144604
2.146624
2.145659
2.143192
2.140290
2.139022
2.139119
2.140911
2.142909
2.144488
2.145109
2.145509
2.145235
2.144129
2.143154
2.143617
2.143951
2.144647
2.146189
2.147330
2.148908
2.150759
2.152294
2.153365
2.154887
2.156030
2.157607
2.158015
2.159473
2.160416
2.160966
2.161996
2.163257
2.163369
2.164522
2.165771
2.166092
2.166700
2.167467
2.167698
2.168497
2.169664
2.169953
2.171322
2.172474
2.173256
2.174517
2.176034
2.176687
2.178108
2.179244
2.179607
2.180491
2.181824
2.181952
2.183234
2.183393
2.184530
2.185149
2.185315
2.186290
2.187534
2.188057
2.188996
2.190380
2.191012
2.192798
2.194315
2.196006
2.196670
2.198370
2.200082
2.201025
2.202286
2.204039
2.204491
2.207383
2.209805
2.213143
2.216690
2.219283
2.223023
2.225465
2.228660
2.231475
2.232784
2.235156
2.236945
2.237803
2.239271
2.240718
2.240828
2.241914
2.242228
2.243144
2.244299
2.244676
2.246004
2.246280
2.247795
2.249681
2.250574
2.252471
2.253694
2.255574
2.257016
2.258963
2.260351
2.262550
2.263575
2.265650
2.266466
2.268192
2.268863
2.269279
2.270153
2.271680
2.272461
2.273398
2.274242
2.275069
2.276319
2.277850
2.279426
2.280889
2.282753
2.284497
2.286180
2.287952
2.289477
2.291020
2.292391
2.293854
2.294253
2.295572
2.296968
2.297984
2.299309
2.300195
2.301939
2.303735
2.305518
2.306685
2.308343
2.309846
2.311663
2.311987
2.313484
2.314317
2.314629
2.315392
2.315937
2.315943
2.316977
2.317263
2.318208
2.318575
2.319522
2.319874
2.320770
2.320550
2.320988
2.321059
2.320728
2.321498
2.321250
2.320948
2.320710
2.321417
2.321674
2.322202
2.322763
2.324374
2.324740
2.325320
2.326195
2.326424
2.327438
2.328150
2.328415
2.328297
2.328197
2.327884
2.327389
2.327099
2.326595
2.326025
2.325639
2.325154
2.324258
2.323730
2.323554
2.323168
2.322826
2.322598
2.322679
2.323196
2.323713
2.324284
2.324429
2.324673
2.325124
2.325681
2.325783
2.325991
2.326505
2.326591
2.325804
2.325872
2.326220
2.325992
2.325622
2.325656
2.324995
2.324922
2.324647
2.324575
2.324168
2.324271
2.324252
2.324260
2.323924
2.324989
2.325808
2.326517
2.326455
2.327421
2.328381
2.329190
2.328914
2.329087
2.329437
2.329271
2.329755
2.329891
2.329131
2.329099
2.329013
2.328624
2.328792
2.328506
2.327477
2.327309
2.327015
2.327503
2.327605
2.326487
2.326010
2.325009
2.325094
2.325266
2.324405
2.324331
2.323579
2.323950
2.323985
2.324897
2.324893
2.324824
2.325613
2.325728
2.326975
2.327394
2.328006
2.327901
2.328947
2.328953
2.328943
2.329514
2.328989
2.329621
2.329240
2.329291
2.328782
2.328398
2.328622
2.328166
2.327758
2.328159
2.327933
2.328577
2.328453
2.328259
2.328845
2.328676
2.328389
2.329182
2.329082
2.328973
2.329592
2.329720
2.329591
2.330309
2.330335
2.330184
2.330930
2.330968
2.330707
2.331418
2.331405
2.331175
2.331072
2.331708
2.331815
2.331740
2.332501
2.332624
2.332599
2.332546
2.333282
2.333287
2.333145
2.333247
2.333865
2.333592
2.333859
2.333700
2.334369
2.334265
2.334220
2.334168
2.335009
2.335120
2.335028
2.334888
2.334925
2.335687
2.335767
2.335666
2.335598
2.336395
2.336422
2.336478
2.336564
2.337427
2.337482
2.337400
2.337492
2.337620
2.338400
2.338463
2.338582
2.338639
2.338683
2.339489
2.339530
2.339683
2.339680
2.340522
2.340633
2.340774
2.340751
2.340824
2.341796
2.341833
2.341953
2.341986
2.342840
2.342880
2.342999
2.343263
2.343336
2.344305
2.344251
2.344339
2.344551
2.345243
2.345382
2.345490
2.345539
2.345556
2.346377
2.346522
2.346501
2.346572
2.347440
2.347450
2.347397
2.347354
2.348271
2.348254
2.348439
2.348332
2.349270
2.349254
2.349276
2.349267
2.349915
2.349881
2.349761
2.349729
2.349699
2.349845
2.350649
2.350764
2.350727
2.350830
2.350922
2.351104
2.351884
2.352093
2.352313
2.352618
2.352763
2.353021
2.353915
2.354095
2.354365
2.354623
2.354792
2.355035
2.355116
2.356103
2.356276
2.356328
2.356586
2.356765
2.356858
2.356972
2.357169
2.357994
2.358226
2.358371
2.358564
2.358793
2.358953
2.359196
2.359326
2.360392
2.360617
2.360849
2.361052
2.361219
2.361278
2.361403
2.361631
2.361871
2.362030
2.362860
2.363020
2.363120
2.363324
2.363407
2.363455
2.363685
2.363767
2.363844
2.363931
2.364691
2.364879
2.364953
2.365088
2.365159
2.365291
2.365326
2.365330
2.365534
2.365558
2.365524
2.366336
2.366345
2.366454
2.366520
2.366567
2.366695
2.366642
2.366750
2.366786
2.366882
2.366837
2.367007
2.366943
2.367671
2.367715
2.367863
2.367931
2.368054
2.368092
2.368055
2.368094
2.368055
2.368147
2.368093
2.368131
2.368052
2.368056
2.367917
2.368630
2.368580
2.368556
2.368607
2.368553
2.368540
2.368484
2.368427
2.368549
2.368548
2.368338
2.368434
2.368287
2.368323
2.368324
2.368337
2.368292
2.368150
2.368174
2.368848
2.368782
2.368690
2.368625
2.368567
2.368564
2.368391
2.368467
2.368298
2.368256
2.368191
2.368023
2.368005
2.367887
2.367790
2.367716
2.367647
2.367589
2.367498
2.367452
2.367356
2.367225
2.367176
2.366962
2.367600
2.367812
2.367745
2.367512
2.367486
2.367399
2.367336
2.367203
2.367169
2.367025
2.366848
2.366726
2.366537
2.366494
2.366333
2.366243
2.366098
2.365945
2.365869
2.365726
2.365634
2.365529
2.365369
2.365204
2.365088
2.364896
2.364788
2.364726
2.364679
2.364581
2.364345
2.364219
2.364061
2.364571
2.364436
2.364198
2.364110
2.363962
2.363782
2.363575
2.363454
2.363268
2.363163
2.362934
2.362916
2.362604
2.362495
2.362398
2.362273
2.362127
2.362019
2.361834
2.361656
2.361495
2.361350
2.361102
2.360944
2.360732
2.360601
2.360468
2.360259
2.360055
2.359795
2.359752
2.359577
2.359401
2.359309
2.359126
2.359016
2.358933
2.358775
2.358590
2.358428
2.358239
2.358100
2.357945
2.357771
2.357642
2.357564
2.357397
2.357279
2.357297
2.357137
2.357053
2.356951
2.356772
2.356696
2.356667
2.356654
2.356498
2.356440
2.356286
2.356199
2.356133
2.356720
2.356758
2.356670
2.356648
2.356495
2.356283
2.356218
2.356139
2.356067
2.355972
2.355895
2.355755
2.355655
2.355596
2.355473
2.355358
2.355300
2.355205
2.355195
2.355168
2.355122
2.355129
2.355083
2.355027
2.354951
2.354831
2.354710
2.354630
2.354575
2.354314
2.354258
2.354266
2.354226
2.354248
2.354281
2.354263
2.354091
2.354049
2.353974
2.353967
2.353947
2.353875
2.353853
2.353776
2.353678
2.353640
2.353535
2.353461
2.353469
2.353467
2.353416
2.353341
2.353303
2.353251
2.353175
2.353136
2.353118
2.353055
2.353060
2.352985
2.352959
2.352919
2.352830
2.352852
2.352852
2.352765
2.352759
2.352756
2.352674
2.352561
2.352547
2.352577
2.352540
2.352574
2.352493
2.352488
2.352450
2.352433
2.352397
2.352314
2.352275
2.352259
2.352186
2.352256
2.352254
2.352217
2.352178
2.352147
2.352133
2.352089
2.352111
2.352121
2.352072
2.351987
2.351949
2.351922
2.351916
2.351950
2.351899
2.351862
2.351897
2.351851
2.351836
2.351799
2.351763
2.351713
2.351678
2.351652
2.351662
2.351625
2.351647
2.351649
2.351612
2.351647
2.351619
2.351652
2.351652
2.351637
2.351566
2.351566
2.351548
2.351533
2.351489
2.351438
2.351402
2.351492
2.351444
2.351412
2.351412
2.351411
2.351411
2.351411
2.351373
2.351431
2.351465
2.351415
2.351378
2.351363
2.351363
2.351348
2.351348
2.351323
2.351323
2.351356
2.351356
2.351320
2.351319
2.351317
2.351317
2.351317
2.351340
2.351291
2.351254
2.351324
2.351310
2.351320
2.351318
2.351384
2.351385
2.351335
2.351383
2.351346
2.351473
2.351421
2.351457
2.351493
2.351456
2.351456
2.351438
2.351422
2.351422
2.351432
2.351383
2.351418
2.351381
2.351381
2.351404
2.351365
2.351434
2.351374
2.351374
2.351374
2.351419
2.351382
2.351405
2.351369
2.351370
2.351355
2.351320
2.351319
2.351327
2.351350
2.351351
2.351350
2.351419
2.351413
2.351412
2.351378
2.351378
2.351375
2.351406
2.351405
2.351390
2.351355
2.351341
2.351376
2.351421
2.351457
2.351394
2.351359
2.351428
2.351428
2.351464
2.351464
2.351509
2.351459
2.351423
2.351444
2.351492
2.351457
2.351431
2.351454
2.351489
2.351489
2.351476
2.351440
2.351396
2.351474
2.351510
2.351482
2.351482
2.351447
2.351447
2.351455
2.351419
2.351442
2.351442
2.351452
2.351402
2.351412
2.351363
2.351354
2.351319
2.351402
2.351437
2.351401
2.351481
2.351481
2.351481
2.351469
2.351470
2.351434
2.351428
2.351422
2.351422
2.351421
2.351444
2.351358
2.351402
2.351402
2.351437
2.351438
2.351388
2.351400
2.351365
2.351432
2.351432
2.351431
2.351431
2.351396
2.351396
2.351425
2.351375
2.351424
2.351411
2.351376
2.351327
2.351327
2.351371
2.351336
2.351300
2.351250
2.351250
2.351273
2.351281
2.351211
2.351176
2.351176
2.351259
2.351329
2.351279
2.351244
2.351252
2.351262
2.351262
2.351284
2.351285
2.351236
2.351200
2.351089
2.351089
2.351038
2.351038
2.351073
2.351037
2.351037
2.351108
2.351103
2.351125
2.351089
2.351089
2.351004
2.351025
2.351025
2.351003
2.350962
2.350962
2.350961
2.350960
2.350924
2.350924
2.350902
2.350925
2.350911
2.350945
2.350990
2.350990
2.350919
2.350954
2.350919
2.350883
2.350833
2.350782
2.350783
2.350827
2.350827
2.350827
2.350792
2.350706
2.350741
2.350800
2.350800
2.350800
2.350764
2.350764
2.350773
2.350723
2.350735
2.350651
2.350651
2.350687
2.350687
2.350687
2.350641
2.350603
2.350603
2.350603
2.350647
2.350647
2.350576
2.350611
2.350611
2.350558
2.350557
2.350522
2.350487
2.350461
2.350461
2.350481
2.350472
2.350502
2.350502
2.350466
2.350466
2.350431
2.350431
2.350440
2.350440
2.350355
2.350355
2.350355
2.350355
2.350356
2.350321
2.350333
2.350333
2.350362
2.350362
2.350362
2.350398
2.350398
2.350384
2.350384
2.350384
2.350334
2.350264
2.350264
2.350228
2.350193
2.350214
2.350214
2.350164
2.350199
2.350199
2.350243
2.350208
2.350194
2.350230
2.350230
2.350137
2.350137
2.350067
2.350099
2.350027
2.350027
2.350027
2.350063
2.350049
2.350049
2.350034
2.349976
2.349976
2.349976
2.349941
2.349941
2.349974
2.349940
2.349984
2.349913
2.349913
2.349913
2.349913
2.349863
2.349863
2.349899
2.349934
2.349898
2.349921
2.349906
2.349906
2.349856
2.349856
2.349871
2.349907
2.349835
2.349835
2.349765
2.349715
2.349715
2.349751
2.349751
2.349751
2.349856
2.349821
2.349855
2.349805
2.349818
2.349818
2.349748
2.349748
2.349712
2.349721
2.349671
2.349659
2.349659
2.349742
2.349673
2.349673
2.349707
2.349708
2.349657
2.349693
2.349657
2.349658
2.349623
2.349623
2.349588
2.349467
2.349505
2.349540
2.349563
2.349598
2.349563
2.349528
2.349562
2.349512
2.349497
2.349498
2.349498
2.349498
2.349449
2.349413
2.349399
2.349327
2.349327
2.349327
2.349363
2.349377
2.349377
2.349326
2.349312
2.349311
2.349347
2.349347
2.349347
2.349312
2.349262
2.349227
2.349227
2.349226
2.349274
2.349239
2.349226
2.349211
2.349212
2.349292
2.349326
2.349326
2.349291
2.349291
2.349241
2.349277
2.349206
2.349242
2.349242
2.349242
2.349191
2.349191
2.349191
2.349191
2.349191
2.349156
2.349191
2.349105
2.349141
2.349113
2.349148
2.349148
2.349114
2.349063
2.349028
2.349028
2.349028
2.348992
2.348992
2.348977
2.348977
2.348977
2.349048
2.349047
2.349062
2.349012
2.349012
2.348977
2.348942
2.348942
2.348906
2.348892
2.348892
2.348892
2.348892
2.348903
2.348903
2.348902
2.348887
2.348923
2.348888
2.348888
2.348923
2.348887
2.348802
2.348802
2.348802
2.348802
2.348766
2.348716
2.348716
2.348716
2.348760
2.348830
2.348888
2.348838
2.348838
2.348838
2.348838
2.348802
2.348767
2.348682
2.348682
2.348682
2.348716
2.348716
2.348716
2.348666
2.348701
2.348737
2.348663
2.348593
2.348593
2.348588
2.348588
2.348588
2.348539
2.348504
2.348504
2.348454
2.348454
2.348454
2.348468
2.348515
2.348586
2.348536
2.348572
2.348572
2.348523
2.348475
2.348475
2.348390
2.348390
2.348318
2.348284
2.348284
2.348331
2.348367
2.348317
2.348317
2.348388
2.348388
2.348388
2.348388
2.348388
2.348317
2.348282
2.348235
2.348270
2.348317
2.348247
2.348247
2.348197
2.348197
2.348162
2.348197
2.348197
2.348197
2.348233
2.348183
2.348148
2.348148
2.348148
2.348147
2.348148
2.348148
2.348077
2.348027
2.348042
2.348042
2.348042
2.348078
2.348113
2.348113
2.348163
2.348078
2.348078
2.348043
2.348079
2.348079
2.348079
2.348079
2.348008
2.348008
2.347958
2.347957
2.347957
2.347958
2.347958
2.347958
2.347958
2.347958
2.347973
2.347923
2.347923
2.347887
2.347887
2.347816
2.347780
2.347816
2.347816
2.347816
2.347788
2.347788
2.347859
2.347859
2.347859
2.347833
2.347833
2.347881
2.347881
2.347848
2.347871
2.347750
2.347749
2.347749
2.347714
2.347714
2.347678
2.347678
2.347749
2.347831
2.347831
2.347831
2.347831
2.347745
2.347745
2.347745
2.347753
2.347717
2.347670
2.347685
2.347733
2.347733
2.347733
2.347697
2.347697
2.347732
2.347767
2.347717
2.347751
2.347751
2.347751
2.347717
2.347645
2.347609
2.347609
2.347559
2.347574
2.347574
2.347574
2.347574
2.347574
2.347610
2.347575
2.347645
2.347594
2.347594
2.347560
2.347560
2.347524
2.347488
2.347488
2.347503
2.347515
2.347515
2.347550
2.347550
2.347550
2.347537
2.347573
2.347573
2.347573
2.347574
2.347609
2.347537
2.347549
2.347549
2.347549
2.347564
2.347564
2.347599
2.347599
2.347549
2.347549
2.347548
2.347548
2.347584
2.347583
2.347548
2.347548
2.347512
2.347512
2.347512
2.347547
2.347512
2.347512
2.347512
2.347498
2.347548
2.347548
2.347547
2.347547
2.347597
2.347561
2.347561
2.347596
2.347644
2.347644
2.347644
2.347562
2.347548
2.347512
2.347512
2.347512
2.347512
2.347562
2.347597
2.347659
2.347659
2.347659
2.347659
2.347659
2.347694
2.347645
2.347610
2.347610
2.347610
2.347574
2.347609
2.347574
2.347589
2.347624
2.347659
2.347658
2.347694
2.347694
2.347694
2.347694
2.347694
2.347659
2.347659
2.347623
2.347623
2.347623
2.347624
2.347625
2.347724
2.347760
2.347711
2.347746
2.347710
2.347711
2.347711
2.347698
2.347664
2.347664
2.347664
2.347628
2.347676
2.347677
2.347677
2.347677
2.347678
2.347694
2.347695
2.347730
2.347730
2.347731
2.347741
2.347741
2.347741
2.347741
2.347741
2.347741
2.347741
2.347791
2.347790
2.347755
2.347890
2.348840
2.351362
2.356621
2.364651
2.371828
2.380249
2.390339
2.403606
2.415679
2.425234
2.431153
2.433474
2.435269
2.436821
2.437684
2.438786
2.440030
2.439357
2.438472
2.436646
2.434428
2.432240
2.430272
2.427647
2.425848
2.423996
2.422208
2.420389
2.418479
2.416673
2.414896
2.413344
2.412436
2.411463
2.410586
2.409651
2.408662
2.407702
2.406683
2.404826
2.403571
2.402159
2.400682
2.399265
2.397831
2.396367
2.394908
2.393447
2.391944
2.390570
2.388912
2.386505
2.382583
2.376377
2.368359
2.358660
2.348312
2.337460
2.326672
2.316041
2.305805
2.295675
2.285337
2.278007
2.269224
2.256056
2.242476
2.229117
2.217270
2.206079
2.195950
2.186295
2.177387
2.168738
2.160224
2.153174
2.147489
2.143154
2.139862
2.136733
2.134839
2.133219
2.131682
2.130373
2.129369
2.127719
2.125896
2.123878
2.121596
2.119150
2.116781
2.114553
2.112572
2.110596
2.108989
2.107446
2.106020
2.104502
2.102810
2.101369
2.099411
2.097724
2.095908
2.093815
2.091712
2.089723
2.087704
2.085596
2.083557
2.081351
2.079203
2.077140
2.075033
2.072987
2.070807
2.068854
2.066930
2.064710
2.062711
2.060492
2.058422
2.056252
2.054127
2.052266
2.050090
2.048002
2.046107
2.044031
2.042592
2.040558
2.038302
2.036086
2.033919
2.031618
2.029562
2.027257
2.025336
2.023102
2.021030
2.019220
2.017041
2.014968
2.012731
2.010727
2.008478
2.006439
2.004217
2.002058
2.000176
1.998163
1.996014
1.994003
1.991791
1.989676
1.987465
1.985516
1.983401
1.981276
1.979194
1.977324
1.975344
1.973162
1.971594
1.969589
1.967771
1.965889
1.963932
1.962038
1.960263
1.958496
1.957258
1.955395
1.953639
1.951907
1.950339
1.948867
1.946982
1.945377
1.943795
1.942150
1.940447
1.938846
1.937285
1.935840
1.934410
1.932974
1.931282
1.929748
1.928446
1.927751
1.926258
1.925024
1.923636
1.922474
1.921353
1.920420
1.919942
1.918870
1.917691
1.916750
1.915492
1.914782
1.913411
1.912362
1.911112
1.909814
1.909089
1.907902
1.906516
1.905062
1.903386
1.902008
1.901110
1.899832
1.898496
1.897214
1.895744
1.894591
1.893244
1.892567
1.891479
1.890100
1.888779
1.887538
1.886413
1.885262
1.883868
1.882529
1.881253
1.880051
1.879501
1.878195
1.876994
1.875732
1.874522
1.873243
1.872024
1.870976
1.869623
1.868497
1.867363
1.866114
1.864794
1.863839
1.862733
1.861324
1.859975
1.858803
1.857518
1.856192
1.854851
1.853761
1.852346
1.851150
1.849986
1.848640
1.847377
1.846231
1.844254
1.843033
1.841769
1.840479
1.839306
1.838033
1.836442
1.834801
1.832598
1.830754
1.829233
1.827883
1.826623
1.825800
1.824466
1.823011
1.821688
1.820114
1.818832
1.817455
1.816098
1.814830
1.813507
1.811940
1.810708
1.809424
1.807944
1.807267
1.806966
1.806679
1.806217
1.804940
1.804486
1.803931
1.803519
1.802869
1.802185
1.801411
1.800701
1.799933
1.799293
1.798588
1.797904
1.797187
1.795843
1.795117
1.794452
1.793869
1.793062
1.791966
1.790822
1.789670
1.788811
1.787991
1.787317
1.786449
1.785870
1.785149
1.784554
1.783799
1.783298
1.781987
1.781130
1.780166
1.779464
1.778468
1.777491
1.776222
1.775049
1.773879
1.772745
1.771600
1.770093
1.768613
1.766994
1.765431
1.763628
1.762499
1.761354
1.760226
1.759109
1.757316
1.756357
1.755280
1.754595
1.753425
1.752372
1.750987
1.749530
1.747756
1.746000
1.744122
1.741918
1.740261
1.738393
1.736908
1.735531
1.734130
1.732949
1.731791
1.731052
1.730339
1.729223
1.728306
1.727108
1.725695
1.724386
1.722755
1.720829
1.718932
1.717413
1.715740
1.714020
1.713207
1.712409
1.711504
1.710625
1.709417
1.708727
1.707604
1.706218
1.705465
1.703997
1.702531
1.701417
1.700309
1.699310
1.698516
1.697578
1.696511
1.695662
1.694841
1.693612
1.692302
1.691384
1.690258
1.688858
1.687648
1.686221
1.684525
1.683128
1.681911
1.681019
1.679957
1.680158
1.680645
1.681757
1.682771
1.684427
1.685917
1.686789
1.686694
1.686305
1.685788
1.684911
1.683991
1.681881
1.680273
1.678067
1.676286
1.674247
1.672908
1.671703
1.669788
1.667363
1.665115
1.663383
1.661664
1.659644
1.657018
1.653966
1.651578
1.649501
1.647934
1.646203
1.644299
1.643107
1.642466
1.642034
1.641920
1.641609
1.640670
1.639677
1.638867
1.637474
1.635766
1.634353
1.632662
1.631032
1.629463
1.628713
1.627947
1.626944
1.625932
1.624646
1.623662
1.622290
1.620669
1.618354
1.615772
1.613613
1.611109
1.608251
1.605525
1.602959
1.600620
1.598576
1.596559
1.594690
1.592688
1.590458
1.588095
1.585594
1.583200
1.580670
1.578073
1.575177
1.572132
1.569299
1.566822
1.564118
1.561429
1.558592
1.556314
1.553893
1.551340
1.548717
1.545587
1.542652
1.539702
1.536755
1.533778
1.530734
1.528027
1.525002
1.521714
1.518351
1.515544
1.512933
1.510876
1.509385
1.507792
1.506547
1.505337
1.504090
1.502609
1.499883
1.497153
1.493879
1.490605
1.486787
1.482992
1.479086
1.474837
1.470899
1.467032
1.463243
1.459208
1.455623
1.451706
1.447888
1.444234
1.440375
1.436521
1.433111
1.429306
1.425562
1.422608
1.419222
1.415912
1.412744
1.410382
1.408007
1.405626
1.403209
1.400957
1.398521
1.395831
1.392937
1.389576
1.386233
1.382509
1.378553
1.374366
1.370502
1.366704
1.362539
1.358577
1.354837
1.350858
1.346976
1.343238
1.339293
1.335587
1.331897
1.328486
1.325819
1.322923
1.319859
1.317091
1.314113
1.311045
1.308022
1.304814
1.301711
1.298687
1.295348
1.292499
1.289626
1.286856
1.283986
1.281151
1.278213
1.275446
1.272657
1.269712
1.267020
1.264374
1.261862
1.259316
1.256811
1.254236
1.251617
1.249113
1.246487
1.243738
1.240830
1.238097
1.235378
1.232502
1.229901
1.227119
1.224299
1.221589
1.218799
1.216083
1.213294
1.210585
1.207953
1.205225
1.202624
1.199952
1.197358
1.194918
1.192081
1.189173
1.186340
1.183200
1.180461
1.177949
1.175265
1.173350
1.171852
1.170292
1.168358
1.165787
1.163254
1.160884
1.158118
1.155286
1.152330
1.148926
1.145382
1.141951
1.138872
1.135838
1.132813
1.129859
1.127319
1.124777
1.122247
1.120016
1.117583
1.114932
1.112524
1.109936
1.107361
1.104697
1.101949
1.099105
1.096164
1.093349
1.090672
1.087759
1.085185
1.082409
1.079773
1.077166
1.074777
1.072564
1.070397
1.067912
1.065548
1.063249
1.060576
1.058079
1.055397
1.052642
1.049933
1.047182
1.044324
1.041482
1.039046
1.036541
1.033921
1.031293
1.028950
1.026781
1.024365
1.021962
1.019568
1.017243
1.014537
1.012130
1.009427
1.006801
1.004066
1.001366
0.998788
0.995893
0.993194
0.990604
0.988028
0.985445
0.983104
0.980567
0.978349
0.975821
0.973573
0.971128
0.968751
0.966293
0.964012
0.961352
0.958933
0.956475
0.953832
0.951135
0.948330
0.945729
0.943092
0.940611
0.937832
0.935413
0.933089
0.930720
0.928307
0.926028
0.923796
0.921614
0.919533
0.917567
0.915522
0.913401
0.911221
0.909024
0.906758
0.904457
0.902264
0.900029
0.897685
0.895830
0.894008
0.892017
0.890429
0.888652
0.887104
0.885324
0.883709
0.881910
0.879940
0.878147
0.876192
0.874283
0.872202
0.870311
0.868160
0.866266
0.864489
0.862570
0.860719
0.858963
0.857232
0.855693
0.854026
0.852366
0.850651
0.849121
0.847393
0.845806
0.844053
0.842386
0.840679
0.838984
0.837440
0.835653
0.834008
0.832573
0.831066
0.829549
0.828143
0.826952
0.825568
0.824248
0.823136
0.821806
0.820580
0.819394
0.818007
0.816738
0.815497
0.814101
0.812912
0.811706
0.810344
0.809153
0.807918
0.806883
0.805782
0.804472
0.803364
0.802347
0.801059
0.799883
0.798847
0.797561
0.796492
0.795528
0.794367
0.793215
0.792150
0.791114
0.790007
0.789075
0.787782
0.786481
0.785062
0.783829
0.782534
0.781074
0.779785
0.778567
0.777251
0.776235
0.775189
0.774194
0.773257
0.772386
0.771499
0.770657
0.769875
0.769099
0.768026
0.766970
0.765961
0.765043
0.764097
0.762981
0.762141
0.761199
0.760361
0.759512
0.758629
0.757858
0.756955
0.756119
0.755343
0.754493
0.753673
0.752920
0.752268
0.751475
0.750619
0.749863
0.749071
0.748153
0.747543
0.746721
0.745942
0.745045
0.744309
0.743426
0.742651
0.741765
0.740733
0.739797
0.738577
0.737671
0.736900
0.736146
0.735451
0.734558
0.733734
0.732923
0.732110
0.731180
0.730431
0.729530
0.728369
0.727487
0.726491
0.725395
0.724303
0.723395
0.722330
0.721291
0.720324
0.719312
0.718366
0.717221
0.716118
0.715084
0.713942
0.712824
0.711678
0.710631
0.709430
0.708481
0.707460
0.706334
0.705277
0.704348
0.703390
0.702263
0.701407
0.700309
0.699229
0.698156
0.697090
0.695962
0.694835
0.693541
0.692347
0.691117
0.690020
0.688891
0.687748
0.686687
0.685613
0.684776
0.683802
0.682873
0.682079
0.681106
0.680383
0.679475
0.678591
0.677641
0.676783
0.675857
0.674926
0.673945
0.673130
0.672356
0.671593
0.670761
0.669960
0.669249
0.668379
0.667559
0.666793
0.666042
0.665252
0.664507
0.663792
0.663038
0.662352
0.661663
0.660910
0.660195
0.659389
0.658532
0.657599
0.656768
0.656049
0.655207
0.654341
0.653792
0.653038
0.652466
0.651880
0.651398
0.650963
0.650454
0.649835
0.649361
0.648731
0.648159
0.647661
0.647122
0.646550
0.646107
0.645760
0.645157
0.644577
0.644141
0.643673
0.643156
0.642706
0.642153
0.641733
0.641128
0.640682
0.640290
0.639740
0.639372
0.638957
0.638433
0.637926
0.637600
0.637157
0.636687
0.636257
0.635624
0.634989
0.634345
0.633587
0.633051
0.632546
0.631940
0.631494
0.631272
0.630815
0.630462
0.630121
0.629881
0.629559
0.629131
0.628712
0.628271
0.627865
0.627430
0.627015
0.626663
0.626419
0.626021
0.625688
0.625257
0.624856
0.624556
0.624169
0.623723
0.623461
0.623063
0.622706
0.622366
0.621996
0.621569
0.621300
0.620832
0.620429
0.619962
0.619478
0.618999
0.618400
0.617679
0.617235
0.616667
0.616155
0.615791
0.615541
0.615274
0.615128
0.614645
0.614386
0.614026
0.613651
0.613427
0.613078
0.612736
0.612460
0.612061
0.611728
0.611359
0.611025
0.610628
0.610330
0.610077
0.609763
0.609535
0.609023
0.608591
0.608207
0.607696
0.607306
0.606802
0.606424
0.605985
0.605561
0.605100
0.604565
0.603956
0.603349
0.602755
0.602113
0.601343
0.600792
0.600186
0.599607
0.599013
0.598588
0.598258
0.597894
0.597494
0.597285
0.596975
0.596611
0.596248
0.595877
0.595449
0.594905
0.594614
0.594149
0.593808
0.593340
0.593030
0.592620
0.592298
0.591964
0.591505
0.591167
0.590916
0.590447
0.590139
0.589736
0.589455
0.589044
0.588660
0.588393
0.588085
0.587670
0.587365
0.586839
0.586283
0.585722
0.585270
0.584766
0.584329
0.583800
0.583355
0.583150
0.582878
0.582555
0.582523
0.582342
0.582068
0.581956
0.581689
0.581428
0.581292
0.581037
0.580785
0.580513
0.580298
0.580062
0.579890
0.579695
0.579527
0.579121
0.579026
0.578810
0.578596
0.578469
0.578303
0.578161
0.578010
0.577912
0.577682
0.577484
0.577270
0.577089
0.576915
0.576730
0.576393
0.575938
0.575624
0.575248
0.574878
0.574567
0.574272
0.574058
0.573914
0.573885
0.573806
0.573775
0.573763
0.573717
0.573591
0.573496
0.573392
0.573283
0.573174
0.572955
0.573006
0.572990
0.572930
0.572878
0.572824
0.572730
0.572675
0.572622
0.572594
0.572627
0.572602
0.572569
0.572586
0.572559
0.572545
0.572490
0.572599
0.572476
0.572419
0.572231
0.571990
0.571781
0.571566
0.571291
0.571017
0.570932
0.570787
0.570767
0.570950
0.571011
0.571144
0.571271
0.571363
0.571433
0.571402
0.571359
0.571380
0.571356
0.571323
0.571356
0.571317
0.571567
0.571529
0.571604
0.571600
0.571655
0.571698
0.571676
0.571728
0.571653
0.571539
0.571389
0.571191
0.570968
0.570842
0.570614
0.570454
0.570385
0.570362
0.570317
0.570382
0.570419
0.570486
0.570635
0.570697
0.570690
0.570710
0.570720
0.570690
0.570615
0.570661
0.570651
0.570671
0.570734
0.570783
0.570823
0.570825
0.570833
0.570917
0.570896
0.570804
0.570599
0.570406
0.570206
0.569928
0.569721
0.569526
0.569480
0.569410
0.569354
0.569420
0.569491
0.569530
0.569557
0.569591
0.569666
0.569694
0.569587
0.569513
0.569451
0.569358
0.569121
0.568901
0.568648
0.568399
0.568203
0.568142
0.568157
0.568164
0.568307
0.568363
0.568332
0.568344
0.568449
0.568393
0.568301
0.568188
0.568046
0.567891
0.567692
0.567517
0.567406
0.567207
0.567119
0.566935
0.566919
0.566782
0.566779
0.566760
0.566768
0.566738
0.566831
0.566759
0.566686
0.566522
0.566455
0.566256
0.566231
0.565955
0.565733
0.565562
0.565414
0.565303
0.565213
0.565177
0.565045
0.565015
0.564940
0.564890
0.564844
0.564717
0.564528
0.564434
0.564287
0.564153
0.564028
0.563775
0.563612
0.563424
0.563254
0.563184
0.563026
0.562888
0.562696
0.562513
0.562374
0.562366
0.562190
0.562075
0.561990
0.561883
0.561748
0.561646
0.561507
0.561302
0.561070
0.560864
0.560663
0.560464
0.560260
0.559988
0.559637
0.559291
0.558988
0.558585
0.558328
0.558017
0.557719
0.557466
0.557221
0.556875
0.556652
0.556338
0.556116
0.555789
0.555500
0.555218
0.555011
0.554796
0.554577
0.554290
0.554154
0.553882
0.553746
0.553585
0.553347
0.553229
0.553029
0.552846
0.552695
0.552397
0.552151
0.551866
0.551716
0.551447
0.551241
0.550989
0.550770
0.550518
0.550346
0.550179
0.549977
0.549767
0.549536
0.549268
0.549011
0.548692
0.548462
0.548331
0.548085
0.547805
0.547621
0.547379
0.547063
0.546774
0.546490
0.546313
0.546096
0.545872
0.545688
0.545417
0.545133
0.544853
0.544493
0.544225
0.544039
0.543761
0.543364
0.543101
0.542875
0.542517
0.542367
0.542108
0.541851
0.541547
0.541201
0.540866
0.540608
0.540207
0.539919
0.539580
0.539341
0.539186
0.538913
0.538398
0.537903
0.537240
0.536951
0.536671
0.536416
0.536044
0.535253
0.534358
0.533353
0.532775
0.532443
0.532082
0.531823
0.531531
0.531182
0.531012
0.530694
0.530352
0.530097
0.529769
0.529475
0.529035
0.528796
0.528411
0.528213
0.527925
0.527640
0.527467
0.527308
0.526981
0.526931
0.526711
0.526521
0.526285
0.526036
0.525587
0.525385
0.525070
0.524733
0.524554
0.524212
0.523760
0.523344
0.523097
0.522728
0.522452
0.521745
0.520905
0.520003
0.519264
0.518369
0.517457
0.516568
0.515769
0.515071
0.514403
0.513631
0.512792
0.511943
0.510983
0.510431
0.509533
0.508631
0.507739
0.506809
0.505843
0.504846
0.503904
0.502827
0.501878
0.500806
0.499721
0.498898
0.497948
0.497186
0.496187
0.495145
0.494062
0.493010
0.491923
0.490881
0.489895
0.488871
0.487873
0.486775
0.485941
0.484966
0.483959
0.483009
0.482126
0.481113
0.480281
0.479425
0.478541
0.477590
0.476873
0.476423
0.475778
0.475281
0.474554
0.474059
0.473387
0.472669
0.471924
0.471079
0.470258
0.469129
0.467926
0.466944
0.465921
0.464921
0.463892
0.462694
0.461472
0.460447
0.459265
0.458101
0.456841
0.455546
0.454400
0.453214
0.452079
0.450839
0.449705
0.448475
0.447312
0.446409
0.445391
0.444318
0.443315
0.442139
0.441083
0.439866
0.438715
0.437526
0.436361
0.435268
0.434424
0.433368
0.432132
0.431244
0.430400
0.429659
0.429079
0.428678
0.428430
0.428067
0.427715
0.427257
0.426768
0.426269
0.425785
0.424969
0.424009
0.423073
0.422019
0.420993
0.420015
0.419050
0.418194
0.417316
0.416567
0.415958
0.415422
0.415086
0.414670
0.414299
0.413736
0.413323
0.412681
0.412019
0.411418
0.410901
0.410421
0.410000
0.409196
0.408303
0.407223
0.406471
0.405791
0.405266
0.404803
0.404251
0.403894
0.403414
0.402801
0.402334
0.401526
0.400535
0.399767
0.398782
0.397829
0.396810
0.395849
0.395169
0.394116
0.393379
0.392776
0.392058
0.391444
0.390877
0.390241
0.389597
0.389315
0.388840
0.388548
0.388002
0.387368
0.386680
0.386099
0.385616
0.385199
0.384779
0.384476
0.383886
0.383141
0.382538
0.381795
0.380759
0.379767
0.378768
0.377877
0.376907
0.375961
0.375100
0.374214
0.373250
0.372345
0.371256
0.370293
0.369418
0.368429
0.367479
0.366529
0.365711
0.364943
0.364076
0.363326
0.362544
0.361833
0.361126
0.360371
0.359539
0.358818
0.357948
0.357307
0.356535
0.355880
0.355133
0.354357
0.353540
0.352847
0.351934
0.351172
0.350339
0.349482
0.348669
0.347844
0.347088
0.346216
0.345509
0.344765
0.343900
0.343155
0.342263
0.341487
0.340628
0.339891
0.338986
0.338231
0.337401
0.336597
0.335648
0.334630
0.333612
0.332510
0.331539
0.330568
0.329669
0.328677
0.327639
0.326506
0.325587
0.324522
0.323556
0.322384
0.321401
0.320261
0.319352
0.318281
0.317319
0.316357
0.315525
0.314429
0.313351
0.312364
0.311341
0.310226
0.309211
0.308101
0.307296
0.306225
0.305519
0.304530
0.303426
0.302353
0.301423
0.300478
0.299530
0.298641
0.297657
0.296660
0.295623
0.294699
0.293604
0.292693
0.291728
0.290827
0.289833
0.288772
0.287618
0.286462
0.285296
0.284163
0.282922
0.281841
0.280693
0.279662
0.278773
0.277860
0.276761
0.276013
0.275112
0.274208
0.273318
0.272477
0.271658
0.270807
0.270101
0.269275
0.268539
0.267710
0.267014
0.266234
0.265406
0.264788
0.264010
0.263305
0.262478
0.261848
0.261119
0.260398
0.259844
0.259048
0.258383
0.257713
0.257127
0.256349
0.255754
0.255164
0.254475
0.254054
0.253299
0.252719
0.252168
0.251598
0.250805
0.250182
0.249387
0.248659
0.247902
0.247179
0.246427
0.245747
0.244939
0.244263
0.243540
0.242992
0.242324
0.241626
0.240992
0.240171
0.239655
0.238883
0.238204
0.237647
0.236894
0.236421
0.235724
0.235128
0.234580
0.233913
0.233238
0.232543
0.231935
0.231281
0.230696
0.230014
0.229405
0.228989
0.228477
0.228107
0.227696
0.227242
0.226880
0.226436
0.226010
0.225708
0.225289
0.224779
0.224351
0.223991
0.223652
0.223228
0.222594
0.221921
0.221105
0.220397
0.219606
0.218693
0.217862
0.217070
0.216207
0.215357
0.214561
0.213846
0.212950
0.212060
0.211491
0.210582
0.209774
0.209135
0.208345
0.207560
0.206832
0.205983
0.205358
0.204691
0.203944
0.203307
0.202562
0.202100
0.201944
0.201858
0.201830
0.201863
0.201855
0.201837
0.201926
0.201878
0.201851
0.201847
0.201552
0.201070
0.200537
0.199955
0.199401
0.198759
0.198193
0.197532
0.197214
0.196961
0.196897
0.196837
0.196872
0.196889
0.196867
0.196849
0.196762
0.196578
0.196242
0.195870
0.195276
0.194885
0.194397
0.193781
0.193207
0.192716
0.192444
0.192258
0.192022
0.191923
0.191833
0.191771
0.191655
0.191669
0.191436
0.191302
0.190987
0.190560
0.190083
0.189611
0.189122
0.188734
0.188358
0.187887
0.187708
0.187554
0.187311
0.187262
0.187242
0.187094
0.187104
0.186911
0.186623
0.186367
0.186106
0.185679
0.185332
0.184950
0.184622
0.184258
0.183978
0.183486
0.183309
0.182932
0.182527
0.182214
0.181871
0.181595
0.181190
0.180720
0.180482
0.180055
0.179766
0.179597
0.179504
0.179388
0.179178
0.179030
0.178952
0.178884
0.178812
0.178676
0.178498
0.178357
0.178234
0.178232
0.178395
0.178284
0.177965
0.177686
0.177402
0.176988
0.176624
0.176189
0.175731
0.175314
0.174968
0.174527
0.174169
0.173719
0.173280
0.172816
0.172422
0.172160
0.171691
0.171237
0.170725
0.170383
0.169883
0.169371
0.169018
0.168534
0.168083
0.167671
0.167180
0.166785
0.166402
0.165850
0.165468
0.164948
0.164522
0.163995
0.163577
0.163112
0.162676
0.162220
0.161733
0.161102
0.160617
0.160101
0.159577
