2.289384
2.163750
2.056096
1.991255
1.962786
1.953862
1.952543
1.952762
1.952939
1.952620
1.951581
1.950113
1.948371
1.946405
1.943947
1.941375
1.938878
1.936139
1.932042
1.926937
1.921932
1.917235
1.912045
1.906819
1.901875
1.897647
1.893060
1.887515
1.881789
1.875852
1.870204
1.864570
1.859302
1.854360
1.849738
1.844888
1.840206
1.835681
1.830733
1.826060
1.821045
1.815917
1.810969
1.805778
1.800414
1.795096
1.790033
1.784474
1.779156
1.773892
1.768153
1.762205
1.756630
1.751382
1.745797
1.740294
1.734483
1.728517
1.722483
1.716571
1.710574
1.704264
1.699021
1.694584
1.690668
1.687199
1.683911
1.680840
1.678618
1.676040
1.673133
1.670082
1.666847
1.662670
1.657399
1.650708
1.644146
1.637561
1.630506
1.623843
1.616873
1.610772
1.605430
1.600923
1.596376
1.592157
1.587898
1.583866
1.579326
1.575115
1.570911
1.566567
1.562345
1.557769
1.553450
1.548937
1.544359
1.539785
1.534766
1.528686
1.521752
1.514695
1.507274
1.500035
1.493057
1.485718
1.478681
1.471453
1.464240
1.457832
1.452378
1.447183
1.442426
1.437930
1.433395
1.429117
1.424936
1.420902
1.416857
1.412446
1.407819
1.402331
1.396669
1.390666
1.384502
1.377988
1.371566
1.364835
1.358917
1.353226
1.347925
1.342945
1.338098
1.333392
1.328819
1.324273
1.319493
1.314444
1.308900
1.303114
1.297014
1.290877
1.284284
1.278234
1.272541
1.266639
1.260843
1.254935
1.249498
1.244245
1.238930
1.233935
1.229043
1.224443
1.219570
1.214341
1.209198
1.203779
1.198617
1.193701
1.188266
1.182707
1.177812
1.173127
1.167795
1.162889
1.158018
1.153489
1.148713
1.143673
1.138501
1.133579
1.128947
1.124294
1.119429
1.114184
1.108856
1.103687
1.098799
1.094279
1.089366
1.084227
1.079624
1.075073
1.070796
1.066031
1.061368
1.056961
1.052825
1.048121
1.043569
1.039129
1.034824
1.030405
1.025781
1.021449
1.017027
1.012410
1.007904
1.003553
0.999025
0.994395
0.989889
0.985280
0.980639
0.976029
0.971315
0.966675
0.962184
0.957531
0.952856
0.948250
0.943731
0.939190
0.934400
0.929658
0.924892
0.920421
0.915735
0.910949
0.906254
0.901711
0.896742
0.892265
0.887515
0.882906
0.878181
0.873317
0.868439
0.863885
0.859064
0.854307
0.849486
0.844741
0.839872
0.835025
0.830283
0.825497
0.820844
0.816237
0.811660
0.807026
0.802058
0.797539
0.792798
0.788427
0.783722
0.779149
0.774548
0.769994
0.765660
0.761274
0.756923
0.752529
0.748208
0.743842
0.739525
0.735388
0.731205
0.726943
0.723631
0.721330
0.719574
0.717981
0.716860
0.715636
0.714462
0.713346
0.712215
0.710298
0.707617
0.704507
0.701250
0.697819
0.694276
0.690542
0.686900
0.683417
0.679902
0.676517
0.673741
0.671905
0.670687
0.669800
0.668839
0.668124
0.667423
0.666682
0.665370
0.663273
0.660693
0.657685
0.654958
0.651735
0.648994
0.645612
0.643097
0.639960
0.637097
0.634367
0.631205
0.628371
0.625977
0.623777
0.622352
0.621384
0.620847
0.620561
0.620285
0.620015
0.619598
0.618652
0.616801
0.614607
0.611847
0.609230
0.606415
0.603977
0.601141
0.598770
0.595888
0.593916
0.592850
0.592224
0.591879
0.591516
0.591197
0.590530
0.588729
0.586568
0.584134
0.581579
0.578970
0.576357
0.573838
0.571553
0.569180
0.567577
0.566745
0.566320
0.565981
0.566089
0.566103
0.565397
0.563921
0.561840
0.559714
0.557436
0.554839
0.552521
0.550014
0.547776
0.545549
0.543498
0.541997
0.541458
0.540498
0.539695
0.539228
0.539234
0.538702
0.537187
0.535406
0.533215
0.531137
0.528795
0.526677
0.524278
0.522074
0.519895
0.518523
0.518208
0.518291
0.518637
0.519030
0.519625
0.520065
0.519979
0.518466
0.516616
0.514709
0.512848
0.510748
0.508731
0.506678
0.504611
0.502599
0.500622
0.498873
0.496794
0.494809
0.492795
0.490760
0.488779
0.486890
0.485426
0.485136
0.485150
0.485537
0.486152
0.486698
0.487223
0.487212
0.486243
0.484645
0.482860
0.480959
0.479060
0.477181
0.475274
0.473359
0.471481
0.469629
0.467672
0.465906
0.463871
0.462158
0.460211
0.458339
0.456385
0.454837
0.454240
0.454373
0.454564
0.455334
0.455677
0.456068
0.455920
0.455054
0.453689
0.451900
0.449396
0.446201
0.443442
0.441238
0.439285
0.437460
0.436156
0.435610
0.435824
0.436092
0.436527
0.436957
0.436865
0.435878
0.434547
0.433218
0.431348
0.429429
0.427610
0.425867
0.424161
0.422566
0.421095
0.419433
0.417894
0.416222
0.414654
0.413006
0.411382
0.409703
0.408127
0.406514
0.404888
0.403598
0.402572
0.402124
0.401536
0.401307
0.401094
0.400933
0.400198
0.398977
0.397664
0.396194
0.394503
0.392859
0.391091
0.389267
0.387531
0.386066
0.384610
0.383204
0.382037
0.381216
0.380637
0.380240
0.379843
0.379424
0.378508
0.377299
0.375986
0.374606
0.373295
0.372039
0.370665
0.369416
0.368152
0.366836
0.365436
0.364139
0.362687
0.361317
0.359988
0.358646
0.357401
0.356009
0.354617
0.353209
0.351871
0.350662
0.349376
0.347932
0.346591
0.345266
0.343811
0.342439
0.341089
0.339736
0.338318
0.336858
0.335638
0.334322
0.332917
0.331493
0.330173
0.328882
0.327509
0.326151
0.324789
0.323364
0.321908
0.320568
0.319220
0.317677
0.316223
0.314863
0.313379
0.311613
0.309727
0.307843
0.305841
0.304030
0.302112
0.300396
0.298945
0.297699
0.296297
0.294814
0.293477
0.292190
0.290893
0.289620
0.288326
0.287252
0.286076
0.284767
0.283523
0.282319
0.280866
0.279732
0.278464
0.277204
0.275967
0.274713
0.273512
0.272311
0.271037
0.269793
0.268636
0.267280
0.266140
0.264952
0.263747
0.262616
0.261479
0.260253
0.259139
0.257854
0.256604
0.255566
0.254262
0.253108
0.252002
0.250870
0.249732
0.248701
0.247650
0.246392
0.245307
0.244189
0.243107
0.241997
0.240902
0.239866
0.238644
0.237554
0.236504
0.235454
0.234326
0.233313
0.232240
0.231243
0.230330
0.229215
0.228136
0.227044
0.226058
0.225007
0.224128
0.223056
0.222033
0.221036
0.220034
0.219149
0.218219
0.217192
0.216287
0.215204
0.214330
0.213335
0.212335
0.211472
0.210594
0.209573
0.208551
0.207506
0.206711
0.205928
0.204902
0.203904
0.203166
0.202256
0.201396
0.200401
0.199474
0.198552
0.197705
0.196736
0.195696
0.194793
0.193843
0.192991
0.192011
0.191181
0.190280
0.189313
0.188416
0.187428
0.186502
0.185398
0.184301
0.183137
0.181953
0.180717
0.179534
0.178267
0.177074
0.175978
0.174682
0.173482
0.172264
0.171135
0.169906
0.168555
0.167403
0.166117
0.164833
0.163557
0.162044
0.160730
0.159318
0.157983
0.156554
0.155205
0.154019
0.152695
0.151473
0.150123
0.148810
0.147388
0.145863
0.144593
0.143220
0.141954
0.140529
0.139101
0.137802
0.136452
0.135060
0.133690
0.132440
0.131077
0.129706
0.128313
0.127097
0.125807
0.124526
0.123253
0.122095
0.120887
0.119701
0.118469
0.117384
0.116476
0.115326
0.114157
0.113150
0.112234
0.111337
0.110223
0.109420
0.108384
0.107667
0.106696
0.105705
0.104912
0.104029
0.103344
0.102570
0.101795
0.100978
0.100278
0.099421
0.098807
0.098054
0.097379
0.096530
0.096002
0.095268
0.094645
0.093967
0.093346
0.092672
0.092042
0.091503
0.090975
0.090408
0.089792
0.089230
0.088567
0.087880
0.087453
0.086834
0.086326
0.085856
0.085325
0.084853
0.084290
0.083846
0.083454
0.082890
0.082437
0.082008
0.081507
0.081014
0.080714
0.080084
0.079712
0.079351
0.078894
0.078449
0.078147
0.077686
0.077281
0.076944
0.076530
0.076186
0.075805
0.075446
0.075135
0.074846
0.074425
0.074135
0.073730
0.073379
0.073129
0.072828
0.072536
0.072330
0.071971
0.071635
0.071239
0.071074
0.070723
0.070492
0.070191
0.069906
0.069627
0.069384
0.069226
0.068892
0.068811
0.068402
0.068253
0.068064
0.067783
0.067616
0.067415
0.067144
0.066971
0.066707
0.066396
0.066260
0.066018
0.065765
0.065659
0.065526
0.065232
0.065068
0.064880
0.064706
0.064542
0.064289
0.064089
0.063855
0.063621
0.063501
0.063454
0.063157
0.063079
0.062943
0.062724
0.062560
0.062505
0.062252
0.062092
0.061858
0.061796
0.061573
0.061365
0.061149
0.060992
0.060826
0.060696
0.060550
0.060347
0.060156
0.060119
0.059808
0.059582
0.059647
0.059354
0.059155
0.058984
0.058732
0.058711
0.058558
0.058479
0.058288
0.058297
0.058070
0.057913
0.057708
0.057596
0.057312
0.057387
0.057175
0.057058
0.056915
0.056748
0.056598
0.056524
0.056250
0.056146
0.056014
0.055966
0.055717
0.055617
0.055510
0.055451
0.055225
0.055077
0.054956
0.054760
0.054702
0.054591
0.054463
0.054354
0.054189
0.054127
0.053954
0.053853
0.053760
0.053687
0.053487
0.053343
0.053184
0.053104
0.052962
0.052806
0.052737
0.052857
0.052701
0.052537
0.052392
0.052207
0.052203
0.052075
0.051907
0.051873
0.051770
0.051570
0.051448
0.051240
0.051183
0.051111
0.050973
0.050999
0.050805
0.050714
0.050578
0.050537
0.050438
0.050310
0.050171
0.050085
0.049944
0.049877
0.049821
0.049594
0.049522
0.049370
0.049352
0.049308
0.048977
0.048901
0.048715
0.048636
0.048539
0.048417
0.048374
0.048271
0.048124
0.048027
0.047903
0.047745
0.047675
0.047611
0.047504
0.047296
0.047273
0.047143
0.047000
0.046894
0.046842
0.046791
0.046818
0.046632
0.046565
0.046389
0.046348
0.046366
0.046143
0.046044
0.045851
0.045805
0.045625
0.045573
0.045657
0.045556
0.045465
0.045386
0.045313
0.045258
0.045181
0.045103
0.045034
0.044916
0.044966
0.044869
0.044762
0.044683
0.044616
0.044520
0.044435
0.044466
0.044474
0.044325
0.044320
0.044256
0.044290
0.044208
0.044084
0.044020
0.044029
0.043920
0.043923
0.044006
0.043957
0.043845
0.043712
0.043744
0.043732
0.043714
0.043644
0.043471
0.043500
0.043432
0.043402
0.043426
0.043263
0.043204
0.043231
0.043176
0.043167
0.043107
0.043043
0.042972
0.043003
0.043003
0.042800
0.042752
0.042665
0.042787
0.042732
0.042465
0.042367
0.042274
0.042213
0.042103
0.042044
0.041928
0.041898
0.041888
0.041792
0.041727
0.041730
0.041668
0.041509
0.041533
0.041452
0.041473
0.041359
0.041339
0.041266
0.041256
0.041213
0.041216
0.041272
0.041176
0.041140
0.041142
0.041122
0.041034
0.040982
0.040868
0.040876
0.040903
0.040819
0.040835
0.040749
0.040654
0.040680
0.040601
0.040551
0.040608
0.040644
0.040628
0.040555
0.040541
0.040446
0.040397
0.040309
0.040369
0.040398
0.040448
0.040445
0.040440
0.040471
0.040422
0.040486
0.040533
0.040438
0.040469
0.040421
0.040441
0.040434
0.040397
0.040435
0.040454
0.040440
0.040461
0.040530
0.040522
0.040383
0.040343
0.040451
0.040407
0.040359
0.040316
0.040298
0.040316
0.040330
0.040328
0.040352
0.040401
0.040288
0.040246
0.040271
0.040315
0.040291
0.040303
0.040294
0.040247
0.040196
0.040270
0.039963
0.039866
0.039611
0.039447
0.039386
0.039415
0.039339
0.039297
0.039284
0.039238
0.039149
0.039103
0.039108
0.039108
0.039105
0.039087
0.039041
0.039004
0.039004
0.039016
0.038952
0.038854
0.038891
0.038891
0.038842
0.038809
0.038891
0.038859
0.038825
0.038803
0.038797
0.038794
0.038796
0.038713
0.038724
0.038715
0.038638
0.038663
0.038665
0.038708
0.038756
0.038672
0.038649
0.038666
0.038617
0.038627
0.038632
0.038599
0.038606
0.038752
0.038756
0.038884
0.038933
0.038855
0.038902
0.038929
0.038908
0.039009
0.039009
0.039065
0.039068
0.039057
0.038969
0.038969
0.039024
0.039071
0.039025
0.038998
0.038973
0.038990
0.038966
0.038965
0.039006
0.038947
0.038940
0.038979
0.038979
0.038962
0.038986
0.038869
0.038930
0.038989
0.038932
0.038908
0.038871
0.038858
0.038858
0.038797
0.038797
0.038797
0.038752
0.038731
0.038404
0.038378
0.038280
0.038184
0.038142
0.038221
0.038186
0.038139
0.038141
0.038091
0.038011
0.037965
0.037923
0.037935
0.037887
0.037864
0.037830
0.037784
0.037756
0.037679
0.037679
0.037679
0.037646
0.037675
0.037648
0.037684
0.037730
0.037639
0.037568
0.037514
0.037514
0.037529
0.037529
0.037556
0.037545
0.037460
0.037339
0.037339
0.037380
0.037385
0.037446
0.037446
0.037364
0.037364
0.037339
0.037328
0.037328
0.037328
0.037497
0.037380
0.037532
0.037576
0.037664
0.037621
0.037670
0.037755
0.037788
0.037768
0.037818
0.037770
0.037706
0.037809
0.037721
0.037727
0.037658
0.037707
0.037757
0.037751
0.037710
0.037710
0.037710
0.037696
0.037669
0.037692
0.037693
0.037693
0.037630
0.037587
0.037587
0.037591
0.037637
0.037593
0.037555
0.037538
0.037534
0.037505
0.037503
0.037483
0.037483
0.037441
0.037440
0.037123
0.036989
0.036921
0.036872
0.036764
0.036777
0.036728
0.036604
0.036648
0.036560
0.036517
0.036562
0.036475
0.036484
0.036443
0.036369
0.036331
0.036290
0.036290
0.036289
0.036268
0.036234
0.036195
0.036159
0.036120
0.036147
0.036169
0.036177
0.036139
0.036058
0.036080
0.036087
0.036087
0.036031
0.035993
0.035987
0.035914
0.035886
0.035886
0.035883
0.035900
0.035934
0.035896
0.035850
0.035819
0.035819
0.035783
0.035783
0.035914
0.035984
0.036086
0.036062
0.036076
0.036043
0.036088
0.036173
0.036222
0.036222
0.036309
0.036232
0.036329
0.036329
0.036299
0.036309
0.036317
0.036285
0.036296
0.036255
0.036264
0.036301
0.036301
0.036387
0.036372
0.036372
0.036372
0.036331
0.036288
0.036282
0.036259
0.036248
0.036298
0.036295
0.036333
0.036306
0.036275
0.036206
0.036200
0.036161
0.036199
0.036228
0.036260
0.035963
0.035818
0.035720
0.035672
0.035629
0.035669
0.035556
0.035549
0.035523
0.035519
0.035425
0.035462
0.035376
0.035374
0.035337
0.035235
0.035228
0.035186
0.035270
0.035217
0.035217
0.035217
0.035217
0.035195
0.035184
0.035203
0.035203
0.035269
0.035192
0.035192
0.035206
0.035186
0.035164
0.035164
0.035267
0.035289
0.035244
0.035244
0.035244
0.035234
0.035232
0.035197
0.035271
0.035315
0.035332
0.035254
0.035242
0.035242
0.035242
0.035370
0.035400
0.035541
0.035592
0.035661
0.035734
0.035778
0.035827
0.035802
0.035762
0.035833
0.035884
0.035945
0.036045
0.035964
0.036014
0.036057
0.036057
0.036107
0.036183
0.036165
0.036137
0.036173
0.036228
0.036228
0.036228
0.036228
0.036236
0.036257
0.036216
0.036206
0.036241
0.036272
0.036371
0.036359
0.036382
0.036382
0.036405
0.036397
0.036397
0.036397
0.036374
0.036328
0.036079
0.036030
0.035960
0.036007
0.036041
0.036003
0.035977
0.035835
0.035835
0.035831
0.035757
0.035734
0.035682
0.035686
0.035724
0.035681
0.035729
0.035729
0.035739
0.035747
0.035742
0.035696
0.035691
0.035691
0.035720
0.035697
0.035746
0.035668
0.035665
0.035665
0.035661
0.035661
0.035664
0.035770
0.035770
0.035764
0.035762
0.035759
0.035759
0.035736
0.035736
0.035692
0.035668
0.035715
0.035744
0.035742
0.035786
0.035959
0.036054
0.036124
0.036133
0.036182
0.036228
0.036284
0.036334
0.036338
0.036338
0.036388
0.036388
0.036437
0.036519
0.036521
0.036620
0.036620
0.036624
0.036722
0.036722
0.036751
0.036753
0.036709
0.036775
0.036825
0.036866
0.036866
0.036910
0.036910
0.036872
0.036898
0.036898
0.036936
0.036969
0.036908
0.036955
0.036955
0.036911
0.036915
0.036915
0.037008
0.037026
0.037031
0.037073
0.036735
0.036685
0.036552
0.036502
0.036453
0.036542
0.036521
0.036497
0.036497
0.036467
0.036462
0.036417
0.036369
0.036348
0.036348
0.036352
0.036352
0.036372
0.036387
0.036343
0.036343
0.036343
0.036419
0.036419
0.036407
0.036407
0.036343
0.036343
0.036383
0.036405
0.036448
0.036448
0.036415
0.036435
0.036428
0.036457
0.036461
0.036461
0.036446
0.036446
0.036387
0.036387
0.036422
0.036390
0.036348
0.036392
0.036392
0.036617
0.036726
0.036825
0.036866
0.036915
0.036915
0.036965
0.037015
0.037091
0.037063
0.037113
0.037126
0.037220
0.037212
0.037212
0.037222
0.037222
0.037236
0.037286
0.037327
0.037288
0.037288
0.037262
0.037312
0.037272
0.037332
0.037307
0.037307
0.037307
0.037378
0.037378
0.037378
0.037350
0.037343
0.037375
0.037375
0.037375
0.037334
0.037328
0.037328
0.037328
0.037328
0.037362
0.037403
0.037068
0.037018
0.036913
0.036863
0.036801
0.036801
0.036715
0.036650
0.036650
0.036601
0.036552
0.036552
0.036539
0.036506
0.036520
0.036470
0.036536
0.036536
0.036495
0.036378
0.036337
0.036374
0.036330
0.036329
0.036329
0.036249
0.036268
0.036314
0.036355
0.036333
0.036333
0.036333
0.036325
0.036345
0.036305
0.036262
0.036262
0.036286
0.036325
0.036297
0.036297
0.036255
0.036318
0.036318
0.036274
0.036208
0.036249
0.036438
0.036423
0.036522
0.036603
0.036610
0.036584
0.036617
0.036709
0.036799
0.036799
0.036846
0.036883
0.036896
0.036896
0.036896
0.036940
0.036857
0.036818
0.036894
0.036918
0.036918
0.036912
0.036911
0.036923
0.037035
0.037035
0.036965
0.036925
0.036896
0.036934
0.036897
0.036928
0.037022
0.036962
0.036962
0.036926
0.036918
0.036947
0.036947
0.036993
0.037067
0.037014
0.037014
0.036948
0.036609
0.036473
0.036339
0.036289
0.036258
0.036312
0.036373
0.036316
0.036282
0.036186
0.036138
0.036123
0.036112
0.036047
0.035985
0.035975
0.036069
0.036069
0.035986
0.035901
0.035948
0.035977
0.035977
0.035944
0.035978
0.035922
0.035832
0.035832
0.035846
0.035894
0.035894
0.035861
0.035789
0.035888
0.035910
0.035910
0.035951
0.035918
0.035918
0.035857
0.035857
0.035883
0.035820
0.035830
0.035830
0.035805
0.035761
0.035934
0.036014
0.036111
0.036153
0.036270
0.036285
0.036335
0.036384
0.036397
0.036372
0.036422
0.036361
0.036454
0.036410
0.036410
0.036491
0.036512
0.036492
0.036542
0.036572
0.036616
0.036616
0.036562
0.036615
0.036557
0.036557
0.036576
0.036574
0.036549
0.036525
0.036532
0.036572
0.036622
0.036622
0.036622
0.036636
0.036640
0.036626
0.036626
0.036623
0.036590
0.036545
0.036519
0.036645
0.036322
0.036313
0.036173
0.036092
0.036067
0.036006
0.035925
0.035952
0.035952
0.035904
0.035903
0.035792
0.035746
0.035727
0.035715
0.035743
0.035792
0.035792
0.035757
0.035757
0.035739
0.035776
0.035734
0.035718
0.035764
0.035764
0.035736
0.035748
0.035739
0.035739
0.035739
0.035739
0.035739
0.035816
0.035793
0.035814
0.035822
0.035822
0.035822
0.035850
0.035834
0.035818
0.035818
0.035818
0.035865
0.035781
0.035965
0.035985
0.036084
0.036121
0.036134
0.036140
0.036189
0.036238
0.036288
0.036283
0.036328
0.036361
0.036345
0.036345
0.036345
0.036394
0.036391
0.036389
0.036439
0.036410
0.036410
0.036410
0.036439
0.036462
0.036461
0.036438
0.036406
0.036429
0.036429
0.036429
0.036425
0.036393
0.036491
0.036513
0.036464
0.036464
0.036464
0.036483
0.036513
0.036518
0.036518
0.036518
0.036491
0.036483
0.036451
0.036153
0.036065
0.035942
0.035893
0.035844
0.035822
0.035777
0.035730
0.035819
0.035784
0.035744
0.035782
0.035699
0.035675
0.035675
0.035638
0.035594
0.035583
0.035533
0.035533
0.035533
0.035533
0.035535
0.035569
0.035567
0.035583
0.035583
0.035535
0.035513
0.035569
0.035523
0.035529
0.035529
0.035539
0.035512
0.035552
0.035552
0.035459
0.035474
0.035457
0.035502
0.035502
0.035502
0.035457
0.035476
0.035582
0.035686
0.035775
0.035826
0.035856
0.035914
0.035914
0.035972
0.036021
0.036091
0.036021
0.036070
0.036070
0.036143
0.036153
0.036153
0.036126
0.036130
0.036084
0.036205
0.036183
0.036183
0.036152
0.036152
0.036319
0.036319
0.036336
0.036201
0.036226
0.036198
0.036154
0.036154
0.036160
0.036168
0.036168
0.036166
0.036180
0.036221
0.036266
0.036229
0.036229
0.036229
0.036229
0.036139
0.036154
0.036159
0.035853
0.035789
0.035710
0.035643
0.035557
0.035573
0.035482
0.035490
0.035520
0.035520
0.035441
0.035314
0.035275
0.035312
0.035312
0.035283
0.035279
0.035279
0.035255
0.035300
0.035255
0.035216
0.035247
0.035238
0.035251
0.035170
0.035170
0.035067
0.035148
0.035148
0.035161
0.035181
0.035225
0.035151
0.035107
0.035112
0.035112
0.035112
0.035171
0.035133
0.035111
0.035111
0.035059
0.035059
0.035059
0.035120
0.035136
0.035368
0.035460
0.035508
0.035532
0.035580
0.035519
0.035473
0.035477
0.035582
0.035628
0.035678
0.035637
0.035663
0.035666
0.035666
0.035751
0.035722
0.035715
0.035748
0.035748
0.035703
0.035735
0.035695
0.035767
0.035845
0.035845
0.035799
0.035783
0.035807
0.035795
0.035773
0.035866
0.035821
0.035783
0.035783
0.035815
0.035770
0.035840
0.035874
0.035851
0.035847
0.035847
0.035892
0.035863
0.035463
0.035365
0.035300
0.035319
0.035352
0.035345
0.035271
0.035157
0.035079
0.035113
0.035068
0.035116
0.035040
0.035049
0.035049
0.034943
0.035026
0.035020
0.034960
0.035029
0.035014
0.035061
0.035087
0.034974
0.034974
0.035011
0.035001
0.034989
0.035030
0.034959
0.034988
0.034988
0.035037
0.035084
0.035034
0.035053
0.035053
0.035053
0.035053
0.035054
0.035046
0.035058
0.035058
0.035058
0.035058
0.035209
0.035218
0.035351
0.035400
0.035448
0.035448
0.035531
0.035544
0.035550
0.035592
0.035709
0.035709
0.035759
0.035699
0.035699
0.035725
0.035719
0.035762
0.035846
0.035813
0.035813
0.035831
0.035806
0.035851
0.035851
0.035899
0.035899
0.035879
0.035879
0.035879
0.035850
0.035819
0.035868
0.035992
0.035966
0.035917
0.035958
0.035935
0.035904
0.035901
0.035923
0.035969
0.035969
0.035969
0.035941
0.035685
0.035684
0.035570
0.035561
0.035552
0.035525
0.035477
0.035411
0.035397
0.035350
0.035305
0.035346
0.035321
0.035321
0.035367
0.035318
0.035312
0.035312
0.035307
0.035330
0.035330
0.035330
0.035292
0.035324
0.035324
0.035302
0.035350
0.035393
0.035410
0.035415
0.035415
0.035451
0.035380
0.035401
0.035445
0.035529
0.035551
0.035557
0.035538
0.035535
0.035512
0.035512
0.035504
0.035504
0.035556
0.035583
0.035804
0.035853
0.035946
0.035993
0.036017
0.036008
0.036041
0.036091
0.036164
0.036158
0.036208
0.036208
0.036267
0.036298
0.036298
0.036347
0.036343
0.036343
0.036505
0.036516
0.036453
0.036453
0.036387
0.036437
0.036434
0.036434
0.036462
0.036462
0.036508
0.036508
0.036479
0.036501
0.036546
0.036550
0.036550
0.036550
0.036483
0.036483
0.036577
0.036563
0.036596
0.036596
0.036551
0.036551
0.036522
0.036290
0.036241
0.036188
0.036145
0.036096
0.036029
0.035890
0.035841
0.035843
0.035824
0.035834
0.035834
0.035834
0.035843
0.035887
0.035827
0.035827
0.035821
0.035757
0.035691
0.035691
0.035738
0.035742
0.035707
0.035715
0.035777
0.035777
0.035752
0.035797
0.035812
0.035787
0.035787
0.035799
0.035742
0.035718
0.035718
0.035725
0.035754
0.035754
0.035705
0.035752
0.035709
0.035740
0.035806
0.035814
0.035987
0.036035
0.035999
0.036048
0.036098
0.036174
0.036232
0.036319
0.036277
0.036325
0.036329
0.036300
0.036350
0.036360
0.036367
0.036407
0.036469
0.036484
0.036489
0.036518
0.036488
0.036488
0.036488
0.036541
0.036541
0.036539
0.036455
0.036484
0.036484
0.036487
0.036539
0.036500
0.036500
0.036608
0.036577
0.036577
0.036577
0.036564
0.036564
0.036535
0.036535
0.036549
0.036544
0.036445
0.036456
0.036456
0.036158
0.036130
0.036025
0.035991
0.035976
0.035984
0.035865
0.035817
0.035735
0.035689
0.035643
0.035699
0.035722
0.035689
0.035689
0.035610
0.035638
0.035638
0.035563
0.035596
0.035567
0.035567
0.035567
0.035508
0.035533
0.035463
0.035418
0.035467
0.035487
0.035479
0.035450
0.035450
0.035462
0.035417
0.035469
0.035497
0.035384
0.035405
0.035405
0.035330
0.035330
0.035330
0.035358
0.035358
0.035358
0.035426
0.035473
0.035585
0.035608
0.035699
0.035709
0.035715
0.035764
0.035719
0.035745
0.035794
0.035818
0.035847
0.035849
0.035863
0.035845
0.035867
0.035826
0.035875
0.035870
0.035940
0.035920
0.035875
0.035867
0.035867
0.035845
0.035845
0.035923
0.035827
0.035816
0.035816
0.035834
0.035834
0.035904
0.035805
0.035851
0.035851
0.035880
0.035859
0.035876
0.035794
0.035778
0.035799
0.035814
0.035898
0.035590
0.035526
0.035414
0.035325
0.035277
0.035228
0.035175
0.035181
0.035170
0.035111
0.035066
0.035026
0.034949
0.034949
0.034994
0.035031
0.035003
0.034963
0.034903
0.034941
0.034919
0.034874
0.034905
0.034804
0.034840
0.034888
0.034888
0.034889
