1.502789
1.332680
1.172379
1.058799
0.994903
0.967644
0.959707
0.960135
0.960345
0.959353
0.957777
0.956212
0.955160
0.954495
0.954261
0.954313
0.954505
0.954432
0.954319
0.953934
0.953077
0.951950
0.950501
0.948889
0.947290
0.945853
0.944451
0.942910
0.941651
0.940347
0.939113
0.937819
0.936572
0.935209
0.934026
0.932815
0.931481
0.930238
0.929022
0.927766
0.926468
0.925188
0.923971
0.922952
0.921864
0.920512
0.919405
0.918077
0.916497
0.915223
0.913754
0.912278
0.910901
0.909674
0.908363
0.907133
0.905868
0.904596
0.903184
0.902016
0.900736
0.899460
0.898386
0.897240
0.896149
0.894872
0.893778
0.892437
0.891240
0.889849
0.888174
0.886812
0.885216
0.883737
0.882297
0.880845
0.879503
0.878063
0.876858
0.875446
0.874019
0.872619
0.870969
0.869441
0.867765
0.866030
0.864453
0.862655
0.861098
0.859286
0.857430
0.855654
0.853878
0.852029
0.850131
0.848199
0.846273
0.844582
0.842585
0.840295
0.838122
0.836217
0.834055
0.832030
0.829737
0.827558
0.825427
0.823056
0.820802
0.818225
0.815991
0.813641
0.811123
0.808746
0.806546
0.804269
0.802123
0.800254
0.798500
0.797041
0.795517
0.793995
0.792631
0.790932
0.789171
0.787164
0.784715
0.782341
0.779714
0.777212
0.774577
0.772232
0.769883
0.767614
0.765630
0.764107
0.762445
0.760929
0.759442
0.757945
0.756482
0.755003
0.753406
0.751292
0.749369
0.747324
0.745188
0.743365
0.741383
0.739491
0.737836
0.736168
0.734812
0.733353
0.732036
0.730558
0.728742
0.727069
0.725320
0.723497
0.721665
0.719572
0.717360
0.715088
0.712875
0.710696
0.708256
0.706072
0.703966
0.701809
0.700142
0.698648
0.697144
0.695975
0.694615
0.693172
0.691660
0.690103
0.687983
0.686009
0.683818
0.681712
0.679548
0.677684
0.675814
0.674224
0.672775
0.671535
0.670618
0.669653
0.668609
0.667799
0.666877
0.665720
0.664516
0.662986
0.661141
0.659118
0.657217
0.655030
0.652927
0.650864
0.648911
0.646860
0.645285
0.643754
0.642652
0.641585
0.640630
0.639758
0.638999
0.637950
0.636907
0.635415
0.633624
0.631879
0.630084
0.628052
0.625843
0.623961
0.621931
0.620162
0.618437
0.617260
0.616384
0.615493
0.614909
0.614357
0.613694
0.612877
0.611853
0.610709
0.609111
0.607091
0.605008
0.602856
0.600717
0.598636
0.596515
0.594738
0.592736
0.591299
0.589922
0.588668
0.587774
0.586988
0.586335
0.585545
0.584733
0.583611
0.582169
0.580351
0.578376
0.576217
0.573972
0.571778
0.569744
0.567711
0.565744
0.564465
0.563539
0.562888
0.562579
0.562397
0.562126
0.561704
0.561297
0.560937
0.560009
0.558718
0.556837
0.554817
0.552616
0.550650
0.548592
0.546771
0.545196
0.543987
0.542901
0.541905
0.541095
0.540378
0.539856
0.539172
0.538761
0.537853
0.536313
0.534546
0.532635
0.530490
0.528374
0.526240
0.524381
0.522559
0.520795
0.519288
0.518223
0.517126
0.516392
0.515631
0.514807
0.514061
0.513139
0.512391
0.511264
0.509742
0.507931
0.505898
0.504128
0.502348
0.500449
0.498473
0.496433
0.494836
0.493635
0.492828
0.492043
0.491459
0.490794
0.490104
0.489232
0.488207
0.487361
0.485863
0.484053
0.482376
0.480705
0.478974
0.476932
0.474860
0.472791
0.470833
0.469402
0.468334
0.467352
0.466537
0.465866
0.465229
0.464420
0.463345
0.462180
0.461094
0.459475
0.457743
0.455664
0.453581
0.451374
0.449284
0.447140
0.445056
0.443004
0.441231
0.439743
0.438639
0.437993
0.437629
0.437176
0.436877
0.436046
0.435012
0.433817
0.432379
0.430801
0.429293
0.427666
0.426277
0.425135
0.423804
0.422591
0.421180
0.419973
0.418827
0.417539
0.416268
0.415166
0.413741
0.412316
0.411448
0.410700
0.410023
0.409111
0.408460
0.407676
0.406937
0.406072
0.404597
0.403175
0.401690
0.400198
0.398480
0.397092
0.395420
0.394062
0.392615
0.391189
0.389649
0.388208
0.386700
0.385262
0.383787
0.382346
0.380951
0.379304
0.377938
0.376661
0.375001
0.373502
0.372123
0.370558
0.369116
0.367875
0.366373
0.364885
0.363636
0.362236
0.360760
0.360110
0.359427
0.358431
0.357478
0.356761
0.355463
0.354113
0.352724
0.351317
0.349901
0.348453
0.347285
0.345868
0.344583
0.343327
0.341889
0.340392
0.339062
0.337733
0.336245
0.334884
0.333531
0.332141
0.330852
0.329383
0.327964
0.326520
0.325262
0.323729
0.322209
0.320911
0.319435
0.317916
0.316472
0.314936
0.313558
0.311987
0.310502
0.309058
0.307523
0.305934
0.304390
0.302851
0.301375
0.299687
0.298152
0.296646
0.295076
0.293379
0.291779
0.290237
0.288512
0.286753
0.284918
0.283095
0.281245
0.279350
0.277442
0.275655
0.273956
0.272356
0.270652
0.269126
0.267550
0.265918
0.264300
0.262443
0.260723
0.259046
0.257282
0.255514
0.253899
0.252191
0.250709
0.249236
0.247660
0.246030
0.244583
0.242923
0.241393
0.239889
0.238442
0.236848
0.235424
0.233961
0.232718
0.231338
0.229857
0.228567
0.227263
0.226036
0.224707
0.223398
0.222180
0.220888
0.219755
0.218605
0.217350
0.216178
0.215081
0.213958
0.212907
0.211838
0.210911
0.209757
0.208685
0.207797
0.206716
0.205743
0.204858
0.203861
0.202957
0.201971
0.201068
0.200156
0.199289
0.198421
0.197599
0.196659
0.195749
0.194919
0.194046
0.193216
0.192306
0.191530
0.190714
0.189891
0.189179
0.188382
0.187617
0.186711
0.186026
0.185140
0.184418
0.183682
0.182801
0.182070
0.181126
0.180515
0.179698
0.178922
0.178180
0.177343
0.176662
0.175893
0.174970
0.174226
0.173405
0.172509
0.171638
0.170785
0.169996
0.169211
0.168395
0.167441
0.166641
0.165823
0.164852
0.164056
0.163201
0.162243
0.161350
0.160493
0.159411
0.158443
0.157539
0.156513
0.155576
0.154489
0.153527
0.152593
0.151478
0.150435
0.149475
0.148405
0.147381
0.146367
0.145218
0.144172
0.142998
0.142042
0.140926
0.139796
0.138687
0.137586
0.136272
0.135283
0.134100
0.133010
0.132007
0.130778
0.129721
0.128680
0.127559
0.126400
0.125297
0.124293
0.123181
0.122043
0.121014
0.119912
0.118928
0.117915
0.116781
0.115738
0.114701
0.113803
0.112750
0.111804
0.110877
0.109877
0.109065
0.108147
0.107167
0.106257
0.105354
0.104383
0.103592
0.102761
0.101817
0.100992
0.100133
0.099345
0.098670
0.097875
0.097145
0.096381
0.095602
0.094875
0.094226
0.093566
0.092663
0.092015
0.091375
0.090667
0.089909
0.089297
0.088827
0.088111
0.087529
0.086959
0.086293
0.085616
0.085190
0.084673
0.083991
0.083365
0.082786
0.082272
0.081635
0.081082
0.080524
0.080124
0.079575
0.079026
0.078451
0.077998
0.077410
0.077015
0.076502
0.075987
0.075501
0.075079
0.074454
0.073985
0.073412
0.073077
0.072620
0.072056
0.071728
0.071136
0.070815
0.070351
0.069969
0.069528
0.068945
0.068494
0.068151
0.067761
0.067338
0.066809
0.066440
0.066096
0.065668
0.065215
0.064705
0.064333
0.063863
0.063480
0.063118
0.062779
0.062261
0.061848
0.061448
0.061002
0.060583
0.060095
0.059715
0.059361
0.058973
0.058616
0.058109
0.057685
0.057300
0.056896
0.056484
0.056040
0.055592
0.055230
0.054799
0.054426
0.053974
0.053451
0.053033
0.052645
0.052184
0.051815
0.051359
0.051037
0.050596
0.050135
0.049753
0.049314
0.048958
0.048601
0.048137
0.047697
0.047300
0.046882
0.046474
0.046024
0.045562
0.045193
0.044781
0.044377
0.044053
0.043614
0.043254
0.042801
0.042553
0.042061
0.041678
0.041329
0.040981
0.040559
0.040252
0.039852
0.039490
0.039096
0.038739
0.038376
0.038018
0.037781
0.037450
0.037095
0.036695
0.036393
0.035995
0.035707
0.035403
0.035044
0.034797
0.034460
0.034143
0.033764
0.033511
0.033230
0.032982
0.032623
0.032388
0.032106
0.031783
0.031539
0.031335
0.031044
0.030770
0.030490
0.030312
0.030005
0.029763
0.029521
0.029416
0.029137
0.028952
0.028650
0.028456
0.028265
0.028074
0.027820
0.027590
0.027398
0.027210
0.027081
0.026824
0.026754
0.026631
0.026468
0.026293
0.026029
0.025942
0.025788
0.025701
0.025519
0.025398
0.025269
0.025139
0.025108
0.025012
0.024892
0.024828
0.024631
0.024552
0.024507
0.024342
0.024322
0.024232
0.024173
0.024047
0.023952
0.023924
0.023790
0.023731
0.023728
0.023687
0.023593
0.023542
0.023459
0.023489
0.023457
0.023473
0.023373
0.023428
0.023319
0.023224
0.023185
0.023177
0.023129
0.023104
0.023101
0.023007
0.022974
0.022892
0.022961
0.022975
0.022895
0.022901
0.022858
0.022736
0.022772
0.022777
0.022688
0.022733
0.022692
0.022746
0.022742
0.022668
0.022583
0.022669
0.022698
0.022673
0.022636
0.022636
0.022644
0.022686
0.022571
0.022616
0.022656
0.022619
0.022562
0.022562
0.022619
0.022580
0.022585
0.022566
0.022566
0.022523
0.022537
0.022607
0.022612
0.022658
0.022603
0.022645
0.022673
0.022631
0.022657
0.022608
0.022608
0.022608
0.022628
0.022652
0.022647
0.022634
0.022672
0.022594
0.022665
0.022726
0.022784
0.022793
0.022719
0.022764
0.022729
0.022805
0.022820
0.022833
0.022825
0.022867
0.022836
0.022891
0.022961
0.023014
0.023014
0.023005
0.023051
0.023051
0.023049
0.023082
0.023153
0.023113
0.023113
0.023089
0.023084
0.023117
0.023190
0.023197
0.023216
0.023311
0.023342
0.023320
0.023386
0.023386
0.023422
0.023422
0.023403
0.023438
0.023449
0.023493
0.023530
0.023567
0.023552
0.023585
0.023622
0.023622
0.023681
0.023669
0.023752
0.023751
0.023752
0.023782
0.023782
0.023782
0.023820
0.023899
0.023899
0.023894
0.023935
0.023888
0.023884
0.023963
0.023963
0.024006
0.024039
0.024085
0.024092
0.024092
0.024094
0.024145
0.024190
0.024193
0.024237
0.024242
0.024308
0.024372
0.024391
0.024391
0.024391
0.024475
0.024484
0.024529
0.024506
0.024491
0.024548
0.024548
0.024523
0.024523
0.024605
0.024605
0.024605
0.024646
0.024764
0.024782
0.024782
0.024829
0.024817
0.024817
0.024884
0.024918
0.024952
0.025021
0.025011
0.025034
0.025028
0.025052
0.025100
0.025072
0.025058
0.025080
0.025128
0.025148
0.025184
0.025169
0.025169
0.025204
0.025227
0.025275
0.025305
0.025303
0.025331
0.025379
0.025443
0.025443
0.025439
0.025503
0.025518
0.025487
0.025485
0.025534
0.025617
0.025617
0.025653
0.025622
0.025679
0.025728
0.025766
0.025713
0.025788
0.025789
0.025878
0.025878
0.025787
0.025787
0.025836
0.025877
0.025918
0.025918
0.025894
0.025972
0.026021
0.026041
0.026047
0.026149
0.026173
0.026173
0.026197
0.026276
0.026226
0.026233
0.026233
0.026282
0.026290
0.026350
0.026350
0.026335
0.026348
0.026348
0.026443
0.026486
0.026455
0.026455
0.026490
0.026501
0.026549
0.026607
0.026650
0.026639
0.026687
0.026700
0.026700
0.026738
0.026786
0.026840
0.026878
0.026889
0.026903
0.026903
0.026946
0.026981
0.027075
0.027075
0.027075
0.027133
0.027129
0.027178
0.027178
0.027192
0.027241
0.027254
0.027347
0.027370
0.027370
0.027394
0.027444
0.027444
0.027444
0.027444
0.027462
0.027464
0.027560
0.027560
0.027550
0.027521
0.027570
0.027570
0.027682
0.027682
0.027718
0.027787
0.027787
0.027837
0.027837
0.027837
0.027858
0.027858
0.027858
0.027826
0.027902
0.027868
0.027868
0.027923
0.027977
0.027984
0.028033
0.028065
0.028132
0.028132
0.028167
0.028167
0.028167
0.028151
0.028151
0.028161
0.028209
0.028209
0.028309
0.028309
0.028357
0.028368
0.028369
0.028470
0.028470
0.028470
0.028470
0.028439
0.028502
0.028502
0.028502
0.028502
0.028546
0.028571
0.028619
0.028654
0.028654
0.028654
0.028740
0.028740
0.028740
0.028709
0.028709
0.028709
0.028734
0.028734
0.028780
0.028780
0.028780
0.028754
0.028842
0.028842
0.028842
0.028857
0.028857
0.028899
0.028899
0.028899
0.028899
0.028899
0.028931
0.028931
0.028971
0.028995
0.028995
0.029038
0.029038
0.029101
0.029087
0.029083
0.029100
0.029068
0.029068
0.029068
0.029100
0.029100
0.029138
0.029145
0.029173
0.029217
0.029217
0.029206
0.029223
0.029233
0.029233
0.029320
0.029320
0.029320
0.029352
0.029398
0.029436
0.029349
0.029349
0.029349
0.029395
0.029386
0.029386
0.029373
0.029413
0.029413
0.029432
0.029432
0.029493
0.029539
0.029577
0.029577
0.029577
0.029577
0.029577
0.029577
0.029507
0.029507
0.029507
0.029526
0.029556
0.029556
0.029587
0.029646
0.029646
0.029646
0.029646
0.029646
0.029646
0.029646
0.029576
0.029606
0.029583
0.029631
0.029675
0.029675
0.029675
0.029765
0.029765
0.029765
0.029765
0.029765
0.029795
0.029837
0.029767
0.029767
0.029767
0.029767
0.029767
0.029767
0.029767
0.029858
0.029858
0.029903
0.029903
0.029903
0.029924
0.029955
0.029945
0.029945
0.029945
0.029945
0.029945
0.029945
0.029945
0.029979
0.029979
0.029936
0.029936
0.029936
0.029907
0.029964
0.029895
0.029895
0.029895
0.029887
0.029887
0.029887
0.029926
0.029957
0.029957
0.029957
0.029957
0.029957
0.029957
0.030002
0.029971
0.029954
0.029954
0.029954
0.029954
0.029954
0.029993
0.030024
0.030024
0.030024
0.030066
0.030066
0.030109
0.030066
0.030067
0.030028
0.030072
0.030094
0.030139
0.030139
0.030178
0.030209
0.030209
0.030209
0.030209
0.030209
0.030209
0.030209
0.030178
0.030139
0.030139
0.030139
0.030139
0.030139
0.030225
0.030257
0.030257
0.030257
0.030264
0.030241
0.030241
0.030241
0.030187
0.030187
0.030187
0.030192
0.030192
0.030192
0.030225
0.030256
0.030256
0.030256
0.030256
0.030256
0.030256
0.030225
0.030225
0.030225
0.030225
0.030225
0.030225
0.030225
0.030225
0.030225
0.030280
0.030280
0.030280
0.030323
0.030323
0.030291
0.030291
0.030291
0.030291
0.030291
0.030291
0.030291
0.030291
0.030291
0.030307
0.030307
0.030307
0.030307
0.030307
0.030234
0.030234
0.030234
0.030234
0.030234
0.030234
0.030234
0.030234
0.030234
0.030265
0.030284
0.030284
0.030284
0.030284
0.030276
0.030276
0.030276
0.030276
0.030233
0.030233
0.030233
0.030233
0.030209
0.030240
0.030263
0.030263
0.030263
0.030287
0.030256
0.030256
0.030256
0.030215
0.030215
0.030215
0.030215
0.030215
0.030215
0.030247
0.030247
0.030247
0.030247
0.030247
0.030215
0.030215
0.030215
0.030215
0.030215
0.030215
0.030215
0.030215
0.030215
0.030215
0.030215
0.030215
0.030215
0.030260
0.030260
0.030220
0.030220
0.030196
0.030153
0.030153
0.030178
0.030178
0.030178
0.030178
0.030178
0.030178
0.030153
0.030153
0.030153
0.030153
0.030153
0.030153
0.030153
0.030153
0.030178
0.030178
0.030178
0.030171
0.030171
0.030171
0.030171
0.030171
0.030171
0.030171
0.030127
0.030186
0.030186
0.030186
0.030186
0.030186
0.030143
0.030143
0.030143
0.030143
0.030143
0.030143
0.136861
0.136822
0.136822
0.136856
0.136856
0.136856
0.136856
0.136856
0.136856
0.136856
0.136788
0.136653
0.136484
0.136303
0.136135
0.135967
0.135799
0.135632
0.135465
0.135299
0.135095
0.134942
0.134734
0.134569
0.134452
0.134288
0.134123
0.133959
0.133796
0.133678
0.133541
0.133353
0.133166
0.133004
0.132804
0.132643
0.132482
0.132321
0.132161
0.131963
0.131804
0.131644
0.131485
0.131353
0.131153
0.130995
0.130838
0.130806
0.130743
0.130618
0.130461
0.130336
0.130154
0.129999
0.129804
0.129649
0.129458
0.129287
0.129133
0.128980
0.128827
0.128674
0.128522
0.128370
0.128179
0.128028
0.127877
0.127817
0.127727
0.127565
0.127445
0.127322
0.127133
0.126985
0.126801
0.126653
0.126506
0.126359
0.126201
0.126088
0.125942
0.125796
0.125651
0.125506
0.125350
0.125235
0.125091
0.124948
0.124805
0.124650
0.124466
0.124289
0.124176
0.124035
0.123853
0.123741
0.123601
0.123462
0.123309
0.123171
0.123032
0.122880
0.122743
0.122606
0.122497
0.122319
0.122183
0.122075
0.121898
0.121757
0.121609
0.121450
0.121317
0.121183
0.121008
0.120876
0.120771
0.120597
0.120467
0.120294
0.120190
0.120060
0.119889
0.119813
0.119642
0.119515
0.119344
0.119185
0.119058
0.118914
0.118789
0.118620
0.118478
0.118311
0.118146
0.118004
0.117881
0.117715
0.117618
0.117453
0.117332
0.117192
0.117072
0.116935
0.116839
0.116677
0.116528
0.116389
0.116228
0.116134
0.115974
0.115858
0.115721
0.115606
0.115407
0.115271
0.115158
0.115000
0.114910
0.114754
0.114597
0.114508
0.114353
0.114218
0.114130
0.113976
0.113794
0.113708
0.113555
0.113469
0.113318
0.113199
0.113115
0.112924
0.112774
0.112691
0.112542
0.112367
0.112285
0.112138
0.111991
0.111910
0.111764
0.111597
0.111498
0.111353
0.111229
0.111048
0.110953
0.110830
0.110687
0.110611
0.110470
0.110329
0.110254
0.110085
0.109983
0.109909
0.109734
0.109597
0.109484
0.109400
0.109281
0.109193
0.109058
0.108941
0.108854
0.108721
0.108605
0.108520
0.108405
0.108249
0.108192
0.108079
0.107949
0.107868
0.107756
0.107628
0.107548
0.107437
0.107271
0.107209
0.107044
0.106920
0.106859
0.106735
0.106661
0.106553
0.106540
0.106434
0.106376
0.106285
0.106227
0.106137
0.106054
0.105964
0.105908
0.105844
0.105741
0.105700
0.105597
0.105557
0.105455
0.105415
0.105314
0.105227
0.105175
0.105088
0.104949
0.104911
0.104812
0.104714
0.104677
0.104579
0.104455
0.104358
0.104274
0.104178
0.104142
0.104070
0.104047
0.103975
0.103903
0.103880
0.103809
0.103737
0.103666
0.103625
0.103572
0.103463
0.103392
0.103321
0.103250
0.103120
0.103049
0.102979
0.102898
0.102779
0.102698
0.102580
0.102462
0.102370
0.102290
0.102172
0.102044
0.101915
0.101797
0.101670
0.101542
0.101424
0.101248
0.101121
0.100945
0.100827
0.100652
0.100476
0.100359
0.100184
0.099985
0.099781
0.099606
0.099391
0.099217
0.099043
0.098775
0.098610
0.098387
0.098222
0.098008
0.097786
0.097571
0.097358
0.097144
0.096930
0.096716
0.096502
0.096297
0.096034
0.095820
0.095615
0.095352
0.095146
0.094892
0.094686
0.094423
0.094169
0.093936
0.093681
0.093475
0.093221
0.092974
0.092728
0.092513
0.092267
0.092012
0.091814
0.091568
0.091321
0.091124
0.090888
0.090641
0.090444
0.090206
0.090008
0.089734
0.089530
0.089333
0.089061
0.088872
0.088635
0.088475
0.088275
0.088038
0.087822
0.087635
0.087447
0.087269
0.087033
0.086887
0.086709
0.086522
0.086345
0.086159
0.085982
0.085796
0.085628
0.085442
0.085233
0.085058
0.084925
0.084729
0.084544
0.084419
0.084245
0.084071
0.083936
0.083763
0.083639
0.083456
0.083332
0.083209
0.083038
0.082904
0.082782
0.082611
0.082490
0.082356
0.082154
0.082033
0.081913
0.081780
0.081612
0.081493
0.081374
0.081242
0.081075
0.080956
0.080825
0.080740
0.080575
0.080444
0.080327
0.080178
0.080000
0.079884
0.079754
0.079639
0.079417
0.079288
0.079206
0.079030
0.078916
0.078788
0.078590
0.078463
0.078303
0.078175
0.078000
0.077882
0.077707
0.077609
0.077451
0.077325
0.077151
0.076978
0.076869
0.076697
0.076495
0.076370
0.076198
0.076027
0.075855
0.075684
0.075514
0.075390
0.075203
0.075033
0.074863
0.074693
0.074506
0.074337
0.074104
0.073935
0.073749
0.073581
0.073359
0.073173
0.072959
0.072745
0.072596
0.072364
0.072179
0.071994
0.071808
0.071577
0.071373
0.071143
0.070958
0.070672
0.070493
0.070289
0.070041
0.069837
0.069588
0.069384
0.069154
0.068951
0.068702
0.068498
0.068249
0.068012
0.067742
0.067539
0.067290
0.067087
0.066818
0.066615
0.066310
0.066107
0.065883
0.065650
0.065447
0.065178
0.064955
0.064731
0.064462
0.064259
0.064036
0.063746
0.063487
0.063264
0.062995
0.062800
0.062576
0.062343
0.062120
0.061897
0.061608
0.061384
0.061161
0.060918
0.060694
0.060451
0.060208
0.059985
0.059742
0.059519
0.059276
0.059079
0.058856
0.058613
0.058371
0.058148
0.057952
0.057681
0.057439
0.057243
0.057020
0.056779
0.056562
0.056320
0.056079
0.055884
0.055662
0.055494
0.055253
0.055100
0.054859
0.054666
0.054426
0.054250
0.054011
0.053818
0.053538
0.053345
0.053154
0.052915
0.052764
0.052590
0.052352
0.052196
0.051958
0.051768
0.051578
0.051357
0.051133
0.050944
0.050690
0.050501
0.050281
0.050093
0.049906
0.049671
0.049534
0.049348
0.049148
0.048941
0.048708
0.048523
0.048352
0.048117
0.047933
0.047715
0.047532
0.047313
0.047131
0.046913
0.046731
0.046513
0.046297
0.046115
0.045897
0.045690
0.045473
0.045246
0.045107
0.044926
0.044710
0.044484
0.044267
0.044052
0.043886
0.043671
0.043505
0.043299
0.043169
0.042955
0.042790
0.042576
0.042420
0.042207
0.042043
0.041838
0.041682
0.041469
0.041314
0.041123
0.040960
0.040805
0.040650
0.040494
0.040361
0.040205
0.040050
0.039895
0.039691
0.039536
0.039381
0.039226
0.039077
0.038972
0.038817
0.038668
0.038514
0.038414
0.038260
0.038111
0.037945
0.037796
0.037647
0.037542
0.037393
0.037294
0.037139
0.037040
0.036927
0.036862
0.036749
0.036600
0.036501
0.036352
0.036253
0.036154
0.036005
0.035906
0.035807
0.035708
0.035533
0.035484
0.035385
0.035286
0.035193
0.035094
0.034995
0.034896
0.034805
0.034706
0.034607
0.034516
0.034454
0.034355
0.034314
0.034216
0.034166
0.034042
0.033992
0.033903
0.033840
0.033791
0.033703
0.033654
0.033595
0.033546
0.033459
0.033403
0.033316
0.033308
0.033208
0.033188
0.033139
0.033054
0.033006
0.032970
0.032935
0.032875
0.032876
0.032828
0.032794
0.032746
0.032713
0.032630
0.032582
0.032550
0.032502
0.032470
0.032423
0.032392
0.032345
0.032314
0.032267
0.032285
0.032238
0.032209
0.032162
0.032134
0.032134
0.032106
0.032060
0.032079
0.032033
0.032044
0.031998
0.031998
0.031973
0.031927
0.031948
0.031903
0.031879
0.031879
0.031834
0.031834
0.031822
0.031845
0.031767
0.031767
0.031745
0.031701
0.031725
0.031681
0.031714
0.031694
0.031694
0.031694
0.031675
0.031675
0.031632
0.031657
0.031611
0.031611
0.031673
0.031631
0.031631
0.031614
0.031614
0.031572
0.031598
0.031598
0.031598
0.031556
0.031583
0.031583
0.031542
0.031542
0.031528
0.031528
0.031528
0.031515
0.031515
0.031515
0.031515
0.031502
0.031502
0.031502
0.031502
0.031462
0.031491
0.031491
0.031450
0.031479
0.031509
0.031509
0.031506
0.031506
0.031506
0.031502
0.031462
0.031462
0.031462
0.031462
0.031462
0.031488
0.031488
0.031488
0.031488
0.031449
0.031480
0.031480
0.031480
0.031445
0.031407
0.031407
0.031407
0.031438
0.031438
0.031400
0.031433
0.031433
0.031465
0.031465
0.031427
0.031427
0.031427
0.031427
0.031467
0.031467
0.031430
0.031462
0.031499
0.031459
0.031459
0.031422
0.031422
0.031455
0.031455
0.031437
0.031477
0.031440
0.031440
0.031440
0.031440
0.031440
0.031440
0.031474
0.031437
0.031437
0.031437
0.031437
0.031437
0.031401
0.031401
0.031435
0.031435
0.031435
0.031435
0.031435
0.031435
0.031399
0.031399
0.031399
0.031436
0.031436
0.031401
0.031401
0.031401
0.031401
0.031401
0.031401
0.031401
0.031401
0.031401
0.031401
0.031401
0.031401
0.031438
0.031438
0.031403
0.031403
0.031403
0.031403
0.031403
0.031436
0.031436
0.031472
0.031472
0.031437
0.031437
0.031437
0.031437
0.031466
0.031466
0.031432
0.031432
0.031403
0.031405
0.031405
0.031439
0.031439
0.031439
0.031468
0.031435
0.031435
0.031435
0.031435
0.031435
0.031471
0.031404
0.031404
0.031404
0.031404
0.031404
0.031404
0.031404
0.031404
0.031405
0.031405
0.031405
0.031405
0.031405
0.031442
0.031408
0.031408
0.031408
0.031375
0.031375
0.031375
0.031375
0.031375
0.031375
0.031343
0.031343
0.031343
0.031343
0.031343
0.031343
0.031343
0.031381
0.031381
0.031381
0.031387
0.031387
0.031387
0.031387
0.031387
0.031355
0.031355
0.031355
0.031355
0.031355
0.031355
0.031355
0.031355
0.031355
0.031355
0.031355
0.031323
0.031362
0.031362
0.031362
0.031362
0.031364
0.031364
0.031364
0.031364
0.031364
0.031405
0.031405
0.031405
0.031405
0.031364
0.031333
0.031333
0.031333
0.031333
0.031333
0.031333
0.031333
0.031374
0.031343
0.031343
0.031343
0.031343
0.031343
0.031343
0.031343
0.031313
0.031313
0.031313
0.031313
0.031313
0.031313
0.031313
0.031313
0.031313
0.031300
0.031300
0.031300
0.031270
0.031299
0.031299
0.031299
0.031270
0.031270
0.031270
0.031230
0.031230
0.031230
0.031230
0.031230
0.031230
0.031230
0.031230
0.031230
0.031200
0.031200
0.031200
0.031200
0.031200
0.031166
0.031166
0.031166
0.031175
0.031175
0.031175
0.031105
0.031139
0.031139
0.031139
0.031110
0.031110
