2.038719
1.896719
1.768893
1.684605
1.642095
1.626865
1.624022
1.623942
1.623798
1.623364
1.622536
1.621736
1.621467
1.621556
1.621562
1.621540
1.621433
1.621158
1.620911
1.620485
1.619980
1.619430
1.618835
1.618253
1.617843
1.617208
1.616869
1.616255
1.615773
1.615328
1.614726
1.614089
1.613603
1.613065
1.612611
1.612151
1.611712
1.611267
1.610978
1.610483
1.610160
1.609698
1.609462
1.609081
1.608863
1.608402
1.607971
1.607413
1.606947
1.606481
1.605799
1.604991
1.604349
1.604301
1.603804
1.603257
1.602856
1.602272
1.601635
1.601051
1.600458
1.600091
1.599603
1.598959
1.598319
1.597534
1.596819
1.596330
1.595511
1.594772
1.594193
1.593580
1.592849
1.592100
1.591544
1.590820
1.590096
1.589398
1.588783
1.588701
1.588105
1.587540
1.586662
1.586173
1.585674
1.584834
1.584134
1.583795
1.583164
1.582482
1.582035
1.581367
1.580663
1.580196
1.579789
1.579162
1.578508
1.577946
1.577437
1.576703
1.575976
1.575419
1.574871
1.574606
1.574349
1.574004
1.573868
1.573605
1.573392
1.572664
1.572439
1.572244
1.572307
1.572297
1.572419
1.572267
1.572002
1.571962
1.571933
1.571895
1.571803
1.571101
1.570625
1.570600
1.570252
1.570529
1.570735
1.570828
1.571001
1.571110
1.571282
1.571755
1.572241
1.572340
1.572838
1.573277
1.573153
1.573612
1.574221
1.574411
1.574867
1.575497
1.575822
1.576170
1.576708
1.577368
1.577803
1.578212
1.578679
1.579224
1.579673
1.580299
1.580986
1.581439
1.581957
1.582411
1.583071
1.583340
1.583705
1.584328
1.584908
1.585376
1.585791
1.586348
1.586609
1.586835
1.587298
1.587735
1.588186
1.588717
1.589260
1.589970
1.590675
1.591208
1.591622
1.592124
1.592721
1.593282
1.593824
1.594403
1.594877
1.595531
1.596461
1.597269
1.598161
1.598986
1.599934
1.600829
1.601738
1.602426
1.603324
1.604276
1.605026
1.605892
1.606612
1.607459
1.608287
1.609268
1.609811
1.610745
1.611436
1.612136
1.612790
1.613420
1.614186
1.614975
1.615594
1.616254
1.616879
1.617385
1.617809
1.618298
1.618561
1.618959
1.619389
1.619670
1.620063
1.620870
1.621063
1.621498
1.621573
1.621703
1.622017
1.622354
1.622584
1.622758
1.622957
1.623186
1.623387
1.623486
1.624042
1.624219
1.624334
1.624403
1.624471
1.624531
1.624661
1.624739
1.624892
1.625054
1.625054
1.625144
1.625236
1.625195
1.625024
1.625045
1.624877
1.624690
1.624568
1.624323
1.624054
1.623785
1.623591
1.623127
1.622706
1.622344
1.621913
1.621774
1.621348
1.620983
1.620599
1.620373
1.619962
1.619536
1.619150
1.618935
1.618465
1.618034
1.617839
1.617452
1.617054
1.616756
1.616308
1.615969
1.615567
1.615117
1.614593
1.614240
1.613870
1.613346
1.612908
1.612460
1.611996
1.611326
1.610998
1.610448
1.609450
1.608621
1.608388
1.607829
1.607186
1.606474
1.605985
1.605339
1.604760
1.604547
1.604130
1.603662
1.603503
1.603778
1.603652
1.603386
1.603382
1.603210
1.603222
1.603040
1.602493
1.602321
1.602027
1.601693
1.601407
1.600976
1.600701
1.600094
1.599590
1.599103
1.598631
1.598193
1.597717
1.597249
1.596801
1.596382
1.595996
1.595768
1.595517
1.595316
1.595081
1.594858
1.594624
1.594442
1.594119
1.593909
1.593625
1.593561
1.593335
1.593013
1.592735
1.592551
1.592260
1.591825
1.591615
1.591414
1.591180
1.590916
1.590711
1.590540
1.590235
1.590110
1.589862
1.589689
1.589359
1.589196
1.588902
1.588594
1.588426
1.588216
1.587882
1.587769
1.587536
1.587335
1.586978
1.586795
1.586572
1.586368
1.586129
1.586040
1.585664
1.585512
1.585173
1.585001
1.584728
1.584566
1.584289
1.584250
1.584039
1.583798
1.583630
1.583410
1.583115
1.582934
1.582603
1.582378
1.582199
1.581979
1.581686
1.581627
1.581281
1.581041
1.580744
1.580559
1.580312
1.580077
1.579702
1.579444
1.579196
1.578993
1.578450
1.578091
1.577983
1.577710
1.577411
1.577258
1.577102
1.577060
1.576715
1.576533
1.576321
1.576057
1.575931
1.575534
1.575372
1.575129
1.574814
1.574526
1.574376
1.574104
1.573866
1.573647
1.573264
1.573111
1.572876
1.572647
1.572329
1.572188
1.571849
1.571710
1.571396
1.571252
1.571009
1.570756
1.570400
1.570219
1.569998
1.569672
1.569655
1.569471
1.569249
1.568883
1.568633
1.568315
1.568052
1.567818
1.567522
1.567210
1.566814
1.566517
1.566359
1.566035
1.565737
1.565486
1.565158
1.564893
1.564622
1.564226
1.563901
1.563636
1.563384
1.563124
1.562607
1.562440
1.562089
1.561710
1.561337
1.561019
1.560637
1.560377
1.560138
1.559770
1.559394
1.559068
1.558677
1.558436
1.558261
1.558027
1.557792
1.557365
1.557013
1.556554
1.556311
1.555886
1.555511
1.555222
1.554848
1.554435
1.554068
1.553634
1.553341
1.552900
1.552564
1.552180
1.551868
1.551493
1.551078
1.550706
1.550238
1.549880
1.549522
1.549097
1.548773
1.548362
1.548077
1.547646
1.547131
1.546793
1.546337
1.545995
1.545559
1.545192
1.544586
1.544205
1.543840
1.543464
1.543031
1.542678
1.542406
1.542028
1.541443
1.541110
1.540616
1.540255
1.539722
1.539331
1.538862
1.538418
1.537970
1.537542
1.537124
1.536713
1.536246
1.535906
1.535340
1.534992
1.534578
1.533986
1.533568
1.533193
1.532794
1.532351
1.531851
1.531438
1.531093
1.530676
1.530288
1.529895
1.529481
1.529140
1.528762
1.528346
1.527939
1.527472
1.527159
1.526841
1.526469
1.526207
1.525941
1.525709
1.525337
1.525052
1.524691
1.524280
1.523946
1.523689
1.523332
1.522998
1.522785
1.522441
1.521943
1.521771
1.521493
1.521241
1.520906
1.520571
1.520291
1.520110
1.519765
1.519504
1.519183
1.519007
1.518646
1.518359
1.518147
1.517884
1.517722
1.517434
1.517235
1.516919
1.516756
1.516494
1.516183
1.516032
1.515864
1.515645
1.515537
1.515291
1.515013
1.514856
1.514696
1.514443
1.514193
1.513939
1.513779
1.513541
1.513373
1.513180
1.512992
1.512691
1.512514
1.512343
1.512106
1.511908
1.511795
1.511517
1.511350
1.511135
1.511063
1.510869
1.510649
1.510390
1.510240
1.510074
1.509987
1.509811
1.509646
1.509431
1.509415
1.509297
1.509045
1.508885
1.508787
1.508550
1.508396
1.508232
1.508086
1.508015
1.507852
1.507648
1.507510
1.507394
1.507322
1.507108
1.506879
1.506812
1.506671
1.506484
1.506374
1.506309
1.506260
1.506095
1.505884
1.505821
1.505802
1.505703
1.505490
1.505446
1.505351
1.505188
1.505221
1.505024
1.504869
1.504777
1.504599
1.504614
1.504385
1.504431
1.504231
1.504197
1.504117
1.503911
1.503846
1.503722
1.503684
1.503557
1.503432
1.503336
1.503222
1.503209
1.503117
1.502970
1.502965
1.502848
1.502744
1.502674
1.502617
1.502521
1.502287
1.502194
1.502227
1.502178
1.502110
1.502004
1.501956
1.501831
1.501763
1.501666
1.501584
1.501544
1.501408
1.501453
1.501350
1.501279
1.501236
1.501151
1.501058
1.501001
1.500835
1.500871
1.500684
1.500683
1.500617
1.500614
1.500519
1.500513
1.500471
1.500405
1.500303
1.500175
1.500176
1.500027
1.500006
1.499958
1.499861
1.499905
1.499840
1.499720
1.499623
1.499576
1.499495
1.499500
1.499343
1.499224
1.499178
1.499130
1.499080
1.498975
1.498975
1.498825
1.498825
1.498826
1.498828
1.498735
1.498707
1.498659
1.498534
1.498484
1.498484
1.498440
1.498341
1.498338
1.498291
1.498275
1.498189
1.498189
1.498096
1.498046
1.498095
1.498046
1.497924
1.497854
1.497804
1.497710
1.497668
1.497718
1.497620
1.497575
1.497575
1.497456
1.497505
1.497417
1.497350
1.497301
1.497301
1.497256
1.497156
1.497207
1.497166
1.497094
1.497095
1.497095
1.497082
1.497082
1.497082
1.496939
1.496939
1.496902
1.496903
1.496882
1.496736
1.496786
1.496739
1.496689
1.496689
1.496546
1.496546
1.496500
1.496512
1.496512
1.496419
1.496398
1.496398
1.496398
1.496350
1.496300
1.496234
1.496235
1.496249
1.496149
1.496126
1.496170
1.496170
1.496129
1.496147
1.496124
1.496102
1.496117
1.496068
1.496018
1.495953
1.495954
1.495954
1.495956
1.495957
1.495973
1.495950
1.495855
1.495856
1.495806
1.495806
1.495740
1.495722
1.495691
1.495692
1.495597
1.495598
1.495597
1.495647
1.495659
1.495573
1.495595
1.495595
1.495595
1.495541
1.495489
1.495489
1.495490
1.495510
1.495510
1.495463
1.495353
1.495354
1.495353
1.495330
1.495330
1.495230
1.495324
1.495327
1.495368
1.495368
1.495391
1.495341
1.495341
1.495341
1.495297
1.495300
1.495324
1.495181
1.495179
1.495180
1.495179
1.495159
1.495159
1.495091
1.495040
1.495016
1.495016
1.494923
1.494923
1.494950
1.494853
1.494852
1.494852
1.494852
1.494852
1.494852
1.494879
1.494779
1.494832
1.494792
1.494793
1.494750
1.494745
1.494774
1.494723
1.494727
1.494727
1.494677
1.494677
1.494627
1.494656
1.494606
1.494606
1.494609
1.494571
1.494622
1.494547
1.494547
1.494576
1.494483
1.494486
1.494486
1.494486
1.494487
1.494487
1.494488
1.494400
1.494386
1.494386
1.494387
1.494387
1.494338
1.494339
1.494338
1.494339
1.494293
1.494293
1.494375
1.494392
1.494342
1.494322
1.494322
1.494286
1.494285
1.494235
1.494235
1.494235
1.494270
1.494235
1.494235
1.494239
1.494240
1.494292
1.494242
1.494243
1.494193
1.494192
1.494164
1.494134
1.494134
1.494169
1.494169
1.494169
1.494119
1.494118
1.494124
1.494092
1.494092
1.494092
1.494090
1.494090
1.494089
1.494051
1.494001
1.494013
1.493983
1.494021
1.494071
1.494071
1.494005
1.493997
1.493996
1.493996
1.493966
1.493961
1.493938
1.493950
1.493954
1.493954
1.493954
1.493976
1.493976
1.493947
1.493947
1.493992
1.493973
1.493923
1.493923
1.493923
1.493894
1.493894
1.493894
1.493934
1.493939
1.493939
1.493939
1.493939
1.493862
1.493816
1.493816
1.493816
1.493821
1.493821
1.493801
1.493802
1.493776
1.493777
1.493747
1.493706
1.493710
1.493710
1.493710
1.493686
1.493636
1.493637
1.493637
1.493637
1.493637
1.493641
1.493618
1.493617
1.493617
1.493617
1.493617
1.493617
1.493617
1.493621
1.493599
1.493599
1.493599
1.493599
1.493548
1.493548
1.493548
1.493532
1.493532
1.493532
1.493532
1.493532
1.493532
1.493632
1.493632
1.493612
1.493616
1.493616
1.493616
1.493616
1.493616
1.493616
1.493614
1.493595
1.493594
1.493549
1.493548
1.493548
1.493548
1.493547
1.493545
1.493528
1.493528
1.493528
1.493533
1.493533
1.493533
1.493533
1.493517
1.493517
1.493517
1.493516
1.493516
1.493521
1.493520
1.493520
1.493505
1.493505
1.493505
1.493455
1.493455
1.493455
1.493460
1.493445
1.493445
1.493495
1.493495
1.493495
1.493445
1.493444
1.493444
1.493432
1.493437
1.493417
1.493417
1.493417
1.493417
1.493417
1.493407
1.493407
1.493407
1.493382
1.493382
1.493382
1.493333
1.493331
1.493322
1.493322
1.493285
1.493285
1.493286
1.493291
1.493245
1.493237
1.493286
1.493286
1.493286
1.493285
1.493285
1.493285
1.493248
1.493247
1.493247
1.493247
1.493247
1.493247
1.493295
1.493295
1.493328
1.493278
1.493279
1.493284
1.493296
1.493296
1.493296
1.493243
1.493243
1.493292
1.493291
1.493291
1.493291
1.493297
1.493297
1.493292
1.493292
1.493291
1.493290
1.493290
1.493290
1.493290
1.493289
1.493295
1.493295
1.493245
1.493245
1.493245
1.493244
1.493245
1.493244
1.493243
1.493243
1.493193
1.493199
1.493199
1.493201
1.493201
1.493201
1.493201
1.493201
1.493201
1.493201
1.493204
1.493210
1.493210
1.493210
1.493209
1.493209
1.493209
1.493165
1.493165
1.493215
1.493171
1.493221
1.493226
1.493226
1.493213
1.493213
1.493213
1.493213
1.493261
1.493261
1.493262
1.493270
1.493270
1.493276
1.493276
1.493275
1.493275
1.493285
1.493285
1.493285
1.493285
1.493285
1.493286
1.493286
1.493252
1.493253
1.493253
1.493253
1.493252
1.493252
1.493265
1.493264
1.493264
1.493264
1.493264
1.493270
1.493284
1.493284
1.493284
1.493284
1.493284
1.493283
1.493298
1.493298
1.493297
1.493299
1.493305
1.493305
1.493276
1.493322
1.493272
1.493270
1.493270
1.493269
1.493236
1.493235
1.493284
1.493291
1.493291
1.493290
1.493308
1.493308
1.493308
1.493308
1.493308
1.493281
1.493300
1.493300
1.493302
1.493302
1.493302
1.493322
1.493322
1.493322
1.493322
1.493322
1.493322
1.493343
1.493343
1.493357
1.493357
1.493357
1.493357
1.493380
1.493379
1.493379
1.493367
1.493367
1.493390
1.493390
1.493323
1.493300
1.493312
1.493312
1.493336
1.493336
1.493359
1.493359
1.493359
1.493385
1.493385
1.493387
1.493414
1.493414
1.493415
1.493441
1.493391
1.493391
1.493392
1.493392
1.493392
1.493421
1.493473
1.493423
1.493423
1.493423
1.493451
1.493451
1.493451
1.493450
1.493450
1.493451
1.493479
1.493479
1.493481
1.493481
1.493481
1.493481
1.493481
1.493510
1.493510
1.493472
1.493472
1.493472
1.493472
1.493505
1.493455
1.493455
1.493455
1.493455
1.493455
1.493455
1.493487
1.493485
1.493484
1.493484
1.493489
1.493537
1.493488
1.493520
1.493520
1.493520
1.493520
1.493520
1.493483
1.493483
1.493558
1.493559
1.493564
1.493564
1.493564
1.493564
1.493564
1.493513
1.493547
1.493547
1.493547
1.493547
1.493527
1.493577
1.493547
1.493597
1.493632
1.493582
1.493582
1.493582
1.493582
1.493582
1.493582
1.493582
1.493617
1.493617
1.493622
1.493611
1.493611
1.493611
1.493589
1.493589
1.493589
1.493589
1.493626
1.493626
1.493576
1.493598
1.493566
1.493571
1.493571
1.493571
1.493571
1.493572
1.493609
1.493609
1.493609
1.493587
1.493556
1.493556
1.493556
1.493556
1.493583
1.493583
1.493583
1.493533
1.493572
1.493572
1.493542
1.493520
1.493520
1.493520
1.493520
1.493520
1.493520
1.493520
1.493491
1.493496
1.493446
1.493446
1.493485
1.493485
1.493485
1.493485
1.493457
1.493457
1.493457
1.493457
1.493467
1.493466
1.493516
1.493488
1.493488
1.493481
1.493481
1.493480
1.493480
1.493530
1.493530
1.493484
1.493475
1.493487
1.493487
1.493487
1.493487
1.493487
1.493461
1.493511
1.493511
1.493511
1.493461
1.493461
1.493436
1.493436
1.493441
1.493441
1.493441
1.493441
1.493441
1.493439
1.493439
1.493439
1.493439
1.493441
1.493441
1.493418
1.493418
1.493418
1.493368
1.493366
1.493366
1.493345
1.493345
1.493345
1.493345
1.493347
1.493347
1.493326
1.493326
1.493344
1.493344
1.493344
1.493344
1.493325
1.493325
1.493325
1.493325
1.493325
1.493375
1.493306
1.493306
1.493307
1.493307
1.493307
1.493307
1.493307
1.493289
1.493289
1.493327
1.493327
1.493327
1.493327
1.493310
1.493310
1.493260
1.493260
1.493260
1.493260
1.493222
1.493222
1.493272
1.493222
1.493222
1.493222
1.493207
1.493229
1.493229
1.493229
1.493229
1.493372
1.494337
1.506700
1.500979
1.515214
1.515085
1.532496
1.534660
1.544560
1.553785
1.563202
1.570117
1.576525
1.582127
1.586303
1.588804
1.590206
1.590181
1.589328
1.587175
1.585149
1.583046
1.580704
1.579081
1.576986
1.575278
1.573397
1.571313
1.569576
1.567333
1.565076
1.563210
1.561299
1.559420
1.557704
1.556377
1.554826
1.553583
1.552174
1.550849
1.549452
1.547897
1.546341
1.544875
1.543272
1.541676
1.540008
1.538436
1.536955
1.535251
1.533659
1.531806
1.529229
1.525014
1.518581
1.510301
1.500617
1.490017
1.479026
1.468136
1.457511
1.447030
1.436571
1.426253
1.415643
1.405254
1.395158
1.385043
1.375345
1.365407
1.355498
1.346047
1.337178
1.329074
1.322135
1.316230
1.312238
1.309599
1.308679
1.308636
1.308765
1.308608
1.308630
1.308285
1.307830
1.307214
1.305886
1.304098
1.302306
1.299915
1.297160
1.294381
1.291693
1.289422
1.287244
1.285045
1.283240
1.281482
1.279854
1.277901
1.275914
1.273828
1.271837
1.269571
1.267287
1.265079
1.263033
1.261036
1.258866
1.256624
1.254350
1.251843
1.249833
1.247757
1.245776
1.243650
1.241301
1.238944
1.236600
1.234577
1.232732
1.230773
1.228507
1.226138
1.223730
1.221662
1.219570
1.217565
1.215598
1.213381
1.211101
1.208970
1.206771
1.204885
1.202965
1.201188
1.199304
1.197001
1.194867
1.192791
1.190753
1.189163
1.187474
1.186162
1.184459
1.182218
1.180241
1.178566
1.176946
1.175220
1.173762
1.172224
1.170611
1.168934
1.167136
1.165428
1.163875
1.162860
1.161673
1.159977
1.158070
1.156119
1.154844
1.153808
1.152740
1.151134
1.149377
1.147568
1.146317
1.145101
1.144140
1.142716
1.141049
1.139389
1.138041
1.136886
1.135784
1.134393
1.132887
1.131305
1.129937
1.128846
1.127589
1.126203
1.124556
1.123042
1.121783
1.120575
1.119086
1.117489
1.116108
1.114945
1.113506
1.111953
1.110372
1.108986
1.107594
1.105956
1.104377
1.103156
1.101609
1.100097
1.098603
1.097122
1.095607
1.094382
1.093145
1.091600
1.090214
1.088683
1.087176
1.085505
1.084122
1.082460
1.080911
1.079443
1.078166
1.076752
1.075310
1.073634
1.072212
1.070561
1.068709
1.067008
1.065494
1.063652
1.061949
1.060149
1.058426
1.056614
1.054915
1.053050
1.051101
1.049277
1.047255
1.045287
1.043384
1.041441
1.039497
1.037430
1.035563
1.033522
1.031571
1.029647
1.027413
1.025185
1.023021
1.020848
1.018615
1.016264
1.014199
1.012000
1.009784
1.007708
1.005565
1.003538
1.001571
0.999584
0.997613
0.995471
0.993457
0.991428
0.989255
0.987245
0.985040
0.983123
0.981165
0.979119
0.977130
0.975056
0.973183
0.971009
0.968819
0.966676
0.964585
0.962444
0.960162
0.958158
0.955801
0.953884
0.951814
0.949777
0.947619
0.945516
0.943298
0.941197
0.939072
0.936973
0.935058
0.933096
0.931085
0.929032
0.927001
0.924735
0.922811
0.920774
0.918707
0.916645
0.914648
0.912714
0.910772
0.908977
0.907026
0.905119
0.903257
0.901387
0.899417
0.897478
0.895477
0.893479
0.891565
0.889678
0.887881
0.886051
0.884246
0.882333
0.880378
0.878544
0.876926
0.875517
0.874189
0.872614
0.871306
0.869945
0.868456
0.867131
0.865707
0.863974
0.862341
0.860838
0.859126
0.857384
0.855767
0.854347
0.853059
0.851822
0.850824
0.849767
0.848998
0.848052
0.847178
0.846235
0.845326
0.844460
0.843711
0.842587
0.841223
0.839871
0.838679
0.837243
0.835754
0.834296
0.833109
0.832086
0.831126
0.830270
0.829381
0.828557
0.827726
0.827001
0.826271
0.825532
0.824636
0.823847
0.822783
0.821700
0.820704
0.819761
0.818817
0.818046
0.817402
0.816723
0.816164
0.815741
0.815536
0.815202
0.815017
0.814699
0.814495
0.814251
0.813830
0.813497
0.813154
0.812722
0.812352
0.812000
0.811593
0.811323
0.811076
0.810733
0.810376
0.810079
0.809854
0.809449
0.809129
0.808660
0.808371
0.807885
0.807228
0.806251
0.805290
0.804341
0.803691
0.802922
0.802148
0.801181
0.800571
0.799411
0.798070
0.796895
0.795701
0.794481
0.793158
0.792148
0.791136
0.790237
0.789374
0.788434
0.787685
0.786822
0.785748
0.784780
0.783801
0.782992
0.782108
0.781299
0.780420
0.779746
0.778918
0.777867
0.776892
0.775799
0.774759
0.773943
0.772789
0.771494
0.770293
0.768841
0.767210
0.765567
0.763961
0.762415
0.760811
0.759481
0.758305
0.757131
0.755869
0.754681
0.753467
0.752167
0.750687
0.748979
0.747047
0.745117
0.743021
0.740935
0.738984
0.737484
0.736079
0.734581
0.733242
0.732117
0.730707
0.729335
0.727924
0.726596
0.725038
0.723749
0.722245
0.720878
0.719233
0.717648
0.716003
0.714344
0.712516
0.711000
0.709695
0.708535
0.707455
0.706309
0.705085
0.704011
0.702738
0.701585
0.700424
0.699217
0.698075
0.697029
0.695806
0.694791
0.693538
0.692389
0.691168
0.689931
0.688429
0.687074
0.685470
0.683971
0.682482
0.681088
0.679589
0.678131
0.676516
0.675079
0.673634
0.672096
0.670416
0.668731
0.666956
0.665047
0.663340
0.661522
0.659623
0.657640
0.655921
0.653981
0.652070
0.650034
0.648074
0.645841
0.643692
0.641299
0.639291
0.636909
0.634655
0.632463
0.630052
0.627681
0.625666
0.623244
0.620600
0.618275
0.615998
0.613737
0.611168
0.608776
0.606556
0.604310
0.601711
0.599169
0.596678
0.594483
0.591948
0.589273
0.586492
0.584119
0.581865
0.579340
0.576504
0.573943
0.571627
0.569010
0.566415
0.564046
0.561497
0.558846
0.556269
0.553698
0.551288
0.548748
0.546174
0.544085
0.542285
0.540470
0.538649
0.536720
0.534514
0.532145
0.529600
0.527169
0.524905
0.522478
0.520078
0.517654
0.515117
0.512490
0.510184
0.507634
0.505237
0.502652
0.500134
0.497594
0.495354
0.492762
0.490229
0.487487
0.484938
0.482509
0.480029
0.477475
0.474906
0.472196
0.469322
0.466501
0.463624
0.460679
0.457807
0.454919
0.452114
0.449198
0.446457
0.443587
0.440986
0.438093
0.435423
0.432495
0.429789
0.426823
0.424069
0.421181
0.418307
0.415548
0.412658
0.409836
0.407044
0.404018
0.401258
0.398493
0.395921
0.393352
0.390804
0.388283
0.385800
0.383287
0.380686
0.378403
0.375784
0.373399
0.370987
0.368506
0.366118
0.363656
0.361197
0.358764
0.356390
0.353978
0.351597
0.349294
0.346880
0.344751
0.342639
0.340168
0.337906
0.335549
0.333087
0.330409
0.327896
0.325529
0.322914
0.320440
0.317905
0.315330
0.312773
0.310340
0.307873
0.305559
0.303029
0.300838
0.298424
0.296276
0.293729
0.291233
0.288681
0.286012
0.283580
0.280903
0.278430
0.275986
0.273353
0.271012
0.268627
0.266111
0.263730
0.261423
0.258972
0.256625
0.254268
0.251797
0.249360
0.247057
0.244865
0.242555
0.240266
0.238048
0.235840
0.233613
0.231485
0.229536
0.227390
0.225315
0.223139
0.220990
0.218844
0.216644
0.214593
0.212520
0.210473
0.208445
0.206491
0.204469
0.202500
0.200650
0.198757
0.196806
0.195009
0.193169
0.191368
0.189498
0.187705
0.185826
0.184027
0.182398
0.180624
0.178888
0.177142
0.175563
0.173738
0.171969
0.170399
0.168704
0.167250
0.165598
0.164038
0.162619
0.160992
0.159446
0.157879
0.156384
0.154811
0.153454
0.151882
0.150455
0.148993
0.147698
0.146150
0.144865
0.143484
0.142072
0.140635
0.139352
0.137954
0.136601
0.135302
0.133835
0.132652
0.131399
0.130075
0.128863
0.127560
0.126234
0.125105
0.123849
0.122671
0.121479
0.120250
0.119041
0.117893
0.116818
0.115681
0.114576
0.113341
0.112393
0.111347
0.110095
0.109085
0.108078
0.106921
0.105904
0.104961
0.103855
0.102936
0.101965
0.100822
0.099951
0.099096
0.098126
0.097145
0.096167
0.095435
0.094553
0.093636
0.092722
0.092002
0.091166
0.090319
0.089493
0.088773
0.087946
0.087194
0.086364
0.085740
0.084978
0.084162
0.083559
0.082757
0.082043
0.081305
0.080688
0.079938
0.079209
0.078578
0.077974
0.077330
0.076586
0.076035
0.075399
0.074789
0.074193
0.073637
0.072995
0.072404
0.071824
0.071209
0.070726
0.070052
0.069595
0.068974
0.068430
0.067942
0.067386
0.066776
0.066317
0.065860
0.065342
0.064893
0.064420
0.063853
0.063424
0.062967
0.062527
0.061971
0.061505
0.061066
0.060570
0.060095
0.059626
0.059193
0.058680
0.058316
0.057907
0.057377
0.057064
0.056647
0.056219
0.055732
0.055338
0.055009
0.054574
0.054255
0.053765
0.053549
0.053091
0.052816
0.052281
0.051984
0.051584
0.051281
0.050919
0.050623
0.050275
0.049936
0.049555
0.049240
0.048952
0.048542
0.048310
0.048048
0.047822
0.047503
0.047139
0.046797
0.046614
0.046283
0.045987
0.045706
0.045526
0.045257
0.045035
0.044651
0.044472
0.044256
0.043978
0.043820
0.043508
0.043285
0.043162
0.042886
0.042687
0.042576
0.042268
0.042157
0.041939
0.041705
0.041565
0.041496
0.041301
0.041076
0.040983
0.040923
0.040732
0.040608
0.040450
0.040315
0.040136
0.040105
0.040010
0.039793
0.039698
0.039588
0.039513
0.039291
0.039266
0.039193
0.039096
0.039069
0.038916
0.038865
0.038640
0.038601
0.038483
0.038409
0.038384
0.038168
0.038120
0.038022
0.037941
0.037875
0.037806
0.037705
0.037710
0.037589
0.037552
0.037425
0.037314
0.037219
0.037228
0.037154
0.037092
0.036970
0.036912
0.036834
0.036731
0.036798
0.036667
0.036617
0.036611
0.036428
0.036367
0.036312
0.036313
0.036215
0.036177
0.036220
0.036133
0.036038
0.035898
0.035773
0.035775
0.035788
0.035702
0.035645
0.035626
0.035446
0.035397
0.035464
0.035378
0.035331
0.035345
0.035247
0.035174
0.035055
0.035023
0.034975
0.034976
0.035018
0.034986
0.034814
0.034780
0.034731
0.034808
0.034739
0.034771
0.034739
0.034667
0.034617
0.034618
0.034531
0.034534
0.034534
0.034423
0.034379
0.034286
0.034242
0.034223
0.034212
0.034214
0.034227
0.034201
0.034105
0.034088
0.034063
0.034081
0.033991
0.033999
0.033872
0.033892
0.033850
0.033783
0.033818
0.033930
0.033904
0.033874
0.033822
0.033850
0.033856
0.033781
0.033753
0.033673
0.033685
0.033625
0.033565
0.033562
0.033523
0.033461
0.033465
0.033394
0.033463
0.033438
0.033485
0.033342
0.033342
0.033357
0.033309
0.033383
0.033359
0.033375
0.033303
0.033303
0.033226
0.033215
0.033185
0.033229
0.033203
0.033262
0.033235
0.033162
0.033186
0.033177
0.033196
0.033130
0.033130
0.033007
0.033049
0.033000
0.033022
0.033041
0.033043
0.033086
0.033035
0.033102
0.033102
0.033063
0.033094
0.033033
0.033055
0.033015
0.033017
0.032965
0.032955
0.033012
0.032934
0.032934
0.032975
0.033003
0.033006
0.033006
0.033058
0.033091
0.033091
0.033042
0.033048
0.033092
0.033036
0.033000
0.033017
0.032935
0.033001
0.033098
0.033020
0.033065
0.033067
0.033085
0.033115
0.033103
0.033096
0.033127
0.033164
0.033209
0.033264
0.033196
0.033196
0.033116
0.033132
0.033155
0.033114
0.033114
0.033198
0.033235
0.033289
0.033197
0.033181
0.033219
0.033244
0.033165
0.033224
0.033304
0.033304
0.033233
0.033237
0.033314
0.033255
0.033280
0.033311
0.033380
0.033400
0.033391
0.033419
0.033332
0.033332
0.033332
0.033262
0.033304
0.033346
0.033421
0.033488
0.033423
0.033465
0.033465
0.033454
0.033417
0.033411
0.033459
0.033429
0.033345
0.033380
0.033378
0.033388
0.033388
0.033353
0.033348
0.033429
0.033428
0.033430
0.033430
0.033440
0.033466
0.033466
0.033493
0.033456
0.033538
0.033538
0.033507
0.033470
0.033422
0.033457
0.033457
0.033453
0.033398
0.033398
0.033351
0.033391
0.033391
0.033436
0.033395
0.033395
0.033401
0.033401
0.033401
0.033430
0.033364
0.033364
0.033364
0.033459
0.033421
0.033374
0.033402
0.033448
0.033414
0.033398
0.033398
0.033398
0.033398
0.033436
0.033436
0.033389
0.033320
0.033288
0.033281
0.033287
0.033287
0.033285
0.033330
0.033330
0.033376
0.033251
0.033225
0.033225
0.033225
0.033307
0.033341
0.033348
0.033313
0.033265
0.033299
0.033223
0.033180
0.033180
0.033145
0.033121
0.033113
0.033148
0.033123
0.033075
0.033075
0.033113
0.033037
0.032998
0.032974
0.032943
0.032869
0.032867
0.032862
0.032897
0.032849
0.032820
0.032820
0.032775
0.032814
0.032844
0.032797
0.032797
0.032797
0.032765
0.032692
0.032696
0.032685
0.032685
0.032618
0.032695
0.032663
0.032663
0.032674
0.032670
0.032670
0.032724
0.032754
0.032754
0.032683
0.032650
0.032559
0.032596
0.032551
0.032551
0.032520
0.032461
0.032447
0.032447
0.032446
0.032432
0.032363
0.032332
0.032300
0.032266
0.032211
0.032176
0.032091
0.031998
0.032031
0.031940
0.031873
0.031873
0.031847
0.031801
0.031695
0.031710
0.031679
0.031679
0.031657
0.031596
0.031511
0.031511
0.031481
0.031454
0.031454
0.031434
0.031434
0.031404
0.031348
0.031307
0.031313
0.031269
0.031234
0.031185
0.031232
0.031159
0.031104
0.031055
0.031093
0.031029
0.031037
0.031067
0.031018
0.030995
0.030906
0.030918
0.030864
0.030864
0.030803
0.030743
0.030753
0.030716
0.030651
0.030651
0.030651
0.030651
0.030651
0.030570
0.030487
0.030523
0.030443
0.030428
0.030428
0.030428
0.030428
0.030428
0.030410
0.030383
0.030347
0.030270
0.030224
0.030173
0.030179
0.030179
0.030176
0.030176
0.030191
0.030181
0.030118
0.030036
0.029990
0.029914
0.029929
0.029936
0.029936
0.029889
0.029889
0.029891
0.029772
0.029763
0.029800
0.029754
0.029735
0.029692
0.029655
0.029654
0.029627
0.029657
0.029603
0.029540
0.029540
0.029534
0.029489
0.029395
0.029351
0.029382
0.029382
0.029382
0.029387
0.029336
0.029262
0.029292
0.029214
0.029216
0.029158
0.029179
0.029193
0.029228
0.029228
0.029228
0.029093
0.029093
0.029040
0.029040
0.029040
0.029088
0.029043
0.029043
0.028986
0.028944
0.028944
0.028939
0.028861
0.028861
0.028867
0.028901
0.028790
0.028790
0.028713
0.028743
0.028743
0.028756
0.028754
0.028754
0.028713
0.028705
0.028705
0.028652
0.028609
0.028609
0.028578
0.028578
0.028578
0.028571
0.028555
0.028594
0.028623
0.028589
0.028593
0.028592
0.028548
0.028453
0.028416
0.028416
0.028422
0.028392
0.028422
0.028459
0.028480
0.028480
0.028485
0.028450
0.028461
0.028461
0.028439
0.028408
0.028370
0.028365
0.028365
0.028357
0.028357
0.028295
0.028359
0.028359
0.028365
0.028379
0.028388
0.028388
0.028388
0.028388
0.028349
0.028346
0.028323
0.028288
0.028288
0.028326
0.028293
0.028304
0.028348
0.028428
0.028428
0.028428
0.028428
0.028373
0.028410
0.028418
0.028379
0.028315
0.028368
0.028368
0.028387
0.028387
0.028392
0.028407
0.028403
0.028403
0.028373
0.028411
0.028393
0.028393
0.028393
0.028393
0.028414
0.028431
0.028431
0.028431
0.028408
0.028408
0.028408
0.028427
0.028410
0.028413
0.028445
0.028468
0.028499
0.028505
0.028505
0.028505
0.028505
0.028526
0.028526
0.028526
0.028526
0.028563
0.028585
0.028625
0.028632
0.028612
0.028636
0.028673
0.028730
0.028773
0.028710
0.028710
0.028710
0.028733
0.028697
0.028697
0.028663
0.028737
0.028772
0.028796
0.028754
0.028754
0.028731
0.028731
0.028757
0.028737
0.028774
0.028774
0.028741
0.028739
0.028766
0.028808
0.028780
0.028769
0.028769
0.028769
0.028769
0.028796
0.028842
0.028842
0.028842
0.028768
0.028768
0.028813
0.028731
0.028811
0.028811
0.028811
0.028811
0.028811
0.028841
0.028841
0.028841
0.028854
0.028854
0.028854
0.028793
0.028824
0.028798
0.028842
0.028842
0.028881
0.028852
0.028852
0.028852
0.028913
0.028879
0.028879
0.028879
0.028842
0.028842
0.028823
0.028823
0.028904
0.028901
0.028831
0.028831
0.028849
0.028849
0.028912
0.028876
0.028876
0.028876
0.028910
0.028944
0.028944
0.028989
0.028989
0.028959
0.028959
0.028902
0.028902
0.028943
0.028979
0.029030
0.028996
0.028996
0.028996
0.028996
0.029007
0.029007
0.028993
0.028963
0.028963
0.028963
0.028964
0.028964
0.028989
0.028987
0.028987
0.028987
0.029032
0.029032
0.029032
0.029032
0.029003
0.029008
0.029008
0.029008
0.029018
0.029018
0.029099
0.029099
0.029174
0.029144
0.029144
0.029144
0.029144
0.029115
0.029115
0.029128
0.029042
0.029042
0.029042
0.029132
0.029096
0.029157
0.029157
0.029158
0.029128
0.029128
0.029175
0.029129
0.029129
0.029170
0.029238
0.029255
0.029241
0.029281
0.029281
0.029281
0.029281
0.029254
0.029254
0.029254
0.029301
0.029301
0.029346
0.029346
0.029320
0.029320
0.029320
0.029320
0.029360
0.029360
0.029407
0.029383
0.029347
0.029347
0.029392
0.029392
0.029392
0.029368
0.029368
0.029368
0.029416
0.029416
0.029416
0.029435
0.029458
0.029458
0.029458
0.029458
0.029458
0.029491
0.029517
0.029517
0.029512
0.029512
0.029512
0.029558
0.029558
0.029529
0.029489
0.029489
0.029537
0.029515
0.029494
0.029494
0.029474
0.029520
0.029520
0.029520
0.029520
0.029568
0.029550
0.029550
0.029550
0.029579
0.029544
0.029595
0.029566
0.029548
0.029584
0.029584
0.029622
0.029595
0.029560
0.029566
0.029612
0.029612
0.029642
0.029626
0.029626
0.029674
0.029662
0.029662
0.029633
0.029633
0.029713
0.029713
0.029699
0.029699
0.029699
0.029729
0.029801
0.029801
0.029801
0.029742
0.029789
0.029804
0.029726
0.029748
0.029702
0.029691
0.029691
0.029779
0.029737
0.029920
0.029920
0.029920
0.029911
0.029911
0.029911
0.029911
0.029880
0.029811
0.029803
0.029803
0.029899
0.029899
0.029922
0.029916
0.029952
0.029910
0.029910
0.029910
0.029864
0.029899
0.029947
0.029970
0.029931
0.029965
0.029965
0.029956
0.029969
0.029935
0.029930
0.029908
0.029908
0.029919
0.029919
0.029967
0.029964
0.029964
0.029950
0.029950
0.029950
0.029934
0.029964
0.030011
0.030011
0.030026
0.030026
0.030026
0.030026
0.030018
0.030018
0.030018
0.029969
0.029969
0.029926
0.029926
0.029927
0.029927
0.029975
0.029975
0.029968
0.029968
0.029971
0.029971
0.029971
0.030005
0.030005
0.030005
0.030005
0.030010
0.030010
0.030010
0.029997
0.029997
0.029997
0.030037
0.030076
0.030076
0.030076
0.030076
0.030076
0.030084
0.030084
0.030084
0.030077
0.030077
0.030077
0.030079
0.030079
0.030031
0.030031
0.030031
0.030031
0.030040
0.030040
0.030079
0.030079
0.030079
0.030079
0.030085
0.030046
0.030046
0.030003
0.030003
0.030003
0.029994
0.029994
0.029982
0.029982
0.029976
0.029976
0.029990
0.029986
0.030032
0.030032
0.030032
0.030032
0.030047
0.030047
0.030001
0.030001
0.030001
0.030007
0.030007
0.029999
0.030045
0.030045
0.030087
0.030104
0.030104
0.030104
0.030104
0.030055
0.030074
0.030072
0.030072
0.030072
0.030068
0.030109
0.030109
0.030117
0.030082
0.030082
0.030082
0.030037
0.030037
0.030037
0.030058
0.030009
0.030033
0.030033
0.030033
0.030033
0.030055
0.030089
0.030098
0.030098
0.030098
0.030121
0.030121
0.030120
0.030071
0.030022
0.030022
0.030047
0.030047
0.030047
0.030047
0.030047
0.030073
0.030073
0.030024
0.030024
0.030026
0.030026
0.030052
0.030052
0.030052
0.030003
0.030003
0.030015
0.029993
0.029998
0.029998
0.029998
0.029998
0.029998
0.030026
0.030026
0.030026
0.029928
0.029970
0.029931
0.029960
0.029956
0.029956
0.029956
0.030002
0.030002
0.029984
0.029984
0.029945
0.029963
0.029963
0.029917
0.029917
0.029989
0.029941
0.029941
0.029941
0.029893
0.029906
0.029906
0.029937
0.029900
0.029852
0.029852
0.029891
0.029891
0.029843
0.029864
0.029905
0.029905
0.029857
0.029887
0.029852
0.029852
0.029805
0.029805
0.029838
0.029811
0.029822
0.029790
0.029833
0.029804
0.029804
0.029756
0.029795
0.029859
0.029869
0.029788
0.029788
