2.357097
2.236147
2.133101
2.070853
2.043104
2.034480
2.033316
2.033539
2.033819
2.033759
2.033217
2.032151
2.031049
2.030160
2.029266
2.028504
2.027456
2.025020
2.021834
2.018151
2.014611
2.010777
2.006893
2.003331
1.999692
1.996218
1.992538
1.988908
1.985396
1.981867
1.978096
1.974380
1.970443
1.966512
1.962521
1.958499
1.954625
1.950687
1.947037
1.943382
1.939481
1.935880
1.932127
1.928121
1.923911
1.919781
1.915430
1.911413
1.907567
1.903858
1.899838
1.895951
1.892093
1.887823
1.883588
1.879421
1.875193
1.871040
1.866690
1.862631
1.858431
1.854149
1.849853
1.845395
1.841135
1.837069
1.832511
1.827696
1.823167
1.818922
1.814886
1.810350
1.805620
1.800702
1.795875
1.791047
1.786466
1.781970
1.777192
1.772101
1.767158
1.762216
1.757111
1.752255
1.747043
1.741542
1.736168
1.731004
1.726101
1.721036
1.715667
1.710316
1.704785
1.699227
1.693089
1.687520
1.681968
1.675898
1.670037
1.664651
1.658803
1.653367
1.648140
1.642589
1.637065
1.631833
1.626290
1.621194
1.615999
1.610742
1.605647
1.600497
1.595340
1.590355
1.585507
1.580523
1.575436
1.570695
1.565745
1.560936
1.555941
1.551398
1.546293
1.541884
1.537382
1.533381
1.528532
1.523568
1.519038
1.514558
1.510110
1.505473
1.500758
1.495945
1.491434
1.487522
1.483810
1.480437
1.477211
1.473914
1.470767
1.467523
1.464322
1.461023
1.457275
1.452924
1.448767
1.444609
1.440290
1.435682
1.432136
1.428414
1.424621
1.420936
1.416918
1.413083
1.409397
1.405077
1.401493
1.397941
1.394651
1.391586
1.388393
1.385479
1.382415
1.379485
1.376472
1.372565
1.368861
1.365507
1.361943
1.358608
1.355088
1.351835
1.348145
1.344383
1.340864
1.337018
1.332776
1.328485
1.324454
1.320269
1.316028
1.311844
1.308139
1.304804
1.300340
1.295409
1.289876
1.284065
1.278160
1.271781
1.266357
1.261479
1.257242
1.253586
1.250642
1.248021
1.246405
1.244672
1.241976
1.239792
1.237107
1.234229
1.230386
1.227035
1.223195
1.219446
1.216216
1.212588
1.208936
1.205646
1.201968
1.198549
1.195404
1.192542
1.189791
1.186531
1.183270
1.180403
1.177363
1.173804
1.170032
1.166096
1.162455
1.159432
1.156107
1.152129
1.148016
1.144399
1.141057
1.137376
1.133533
1.129753
1.126361
1.122475
1.118923
1.114909
1.111067
1.107461
1.104246
1.100392
1.096188
1.092078
1.088331
1.085045
1.081354
1.077078
1.072975
1.068823
1.065103
1.061597
1.057978
1.054293
1.050105
1.046139
1.041965
1.038199
1.034663
1.030919
1.027571
1.023425
1.019273
1.014824
1.010547
1.006657
1.003037
0.999377
0.995772
0.991606
0.987212
0.983093
0.978804
0.975052
0.971176
0.967341
0.963665
0.959447
0.955181
0.951013
0.946874
0.942893
0.939044
0.935112
0.930998
0.926660
0.922603
0.918659
0.915071
0.911123
0.907015
0.902858
0.899044
0.895280
0.891573
0.887627
0.883744
0.879754
0.875783
0.871812
0.867972
0.864403
0.860430
0.856652
0.852872
0.849166
0.845116
0.841660
0.837793
0.834045
0.829961
0.826547
0.822622
0.818803
0.815193
0.811327
0.807974
0.804156
0.800509
0.796893
0.793132
0.789482
0.785999
0.782333
0.778574
0.775270
0.771858
0.768263
0.764459
0.761009
0.757729
0.754195
0.750293
0.746905
0.743676
0.740185
0.736552
0.732817
0.729594
0.726435
0.722877
0.719310
0.715638
0.712360
0.709077
0.705783
0.702223
0.698513
0.694913
0.691505
0.688467
0.684831
0.681101
0.677265
0.673886
0.670559
0.667355
0.663920
0.660156
0.656309
0.652478
0.649176
0.645952
0.642691
0.639166
0.635299
0.631348
0.627689
0.624447
0.621449
0.618398
0.615023
0.611622
0.608077
0.604518
0.601418
0.598612
0.595560
0.592494
0.589143
0.585385
0.581644
0.577791
0.574593
0.571396
0.568381
0.565406
0.562169
0.558451
0.554576
0.550876
0.547412
0.544187
0.541189
0.538383
0.535504
0.531978
0.528417
0.524905
0.521453
0.518247
0.515299
0.512463
0.509679
0.506546
0.503287
0.499854
0.496332
0.493168
0.490032
0.487365
0.484400
0.481594
0.478541
0.475194
0.472150
0.469149
0.466337
0.463731
0.460682
0.457634
0.454504
0.451456
0.448706
0.445991
0.442951
0.439989
0.437032
0.434080
0.431589
0.428848
0.425893
0.423237
0.420445
0.417727
0.415031
0.412492
0.409705
0.407071
0.404298
0.401801
0.399129
0.396439
0.393865
0.391237
0.388766
0.386163
0.383602
0.381126
0.378688
0.376297
0.373815
0.371317
0.368812
0.366343
0.363893
0.361379
0.359009
0.356703
0.354245
0.351832
0.349620
0.347391
0.345135
0.342953
0.340551
0.338225
0.335981
0.333660
0.331617
0.329306
0.327251
0.324981
0.322885
0.320779
0.318683
0.316544
0.314430
0.312538
0.310449
0.308571
0.306677
0.304761
0.302966
0.301015
0.299246
0.297421
0.295645
0.293841
0.292249
0.290524
0.288725
0.287197
0.285597
0.283963
0.282303
0.280847
0.279277
0.277906
0.276327
0.274966
0.273470
0.272102
0.270839
0.269593
0.268226
0.266956
0.265669
0.264345
0.263120
0.261931
0.260629
0.259488
0.258509
0.257264
0.256123
0.255023
0.254032
0.252933
0.251946
0.250969
0.249904
0.248961
0.248041
0.247020
0.246017
0.245155
0.244069
0.243174
0.242409
0.241482
0.240603
0.239870
0.239038
0.238247
0.237441
0.236603
0.235848
0.235001
0.234173
0.233527
0.232895
0.232081
0.231450
0.230691
0.230081
0.229474
0.228628
0.228002
0.227419
0.226738
0.226005
0.225517
0.224898
0.224227
0.223644
0.223066
0.222419
0.221865
0.221277
0.220732
0.220131
0.219651
0.219062
0.218569
0.218052
0.217506
0.216882
0.216315
0.215854
0.215404
0.214879
0.214371
0.213785
0.213360
0.212874
0.212455
0.211924
0.211473
0.211065
0.210579
0.210192
0.209684
0.209293
0.208937
0.208467
0.208098
0.207612
0.207105
0.206552
0.206274
0.205768
0.205308
0.204970
0.204521
0.204282
0.203833
0.203510
0.203115
0.202839
0.202342
0.201927
0.201634
0.201185
0.200907
0.200537
0.200096
0.199770
0.199433
0.199170
0.198858
0.198498
0.198265
0.197897
0.197521
0.197274
0.196970
0.196662
0.196330
0.195988
0.195774
0.195470
0.195251
0.194978
0.194590
0.194445
0.194081
0.193792
0.193602
0.193326
0.193051
0.193018
0.192779
0.192517
0.192267
0.192087
0.191762
0.191641
0.191426
0.191133
0.190986
0.190741
0.190532
0.190239
0.190062
0.189874
0.189683
0.189595
0.189362
0.189152
0.189021
0.188702
0.188552
0.188376
0.188165
0.187893
0.187790
0.187592
0.187370
0.187143
0.187052
0.187002
0.186720
0.186625
0.186419
0.186143
0.185944
0.185918
0.185754
0.185601
0.185402
0.185311
0.185202
0.184962
0.184798
0.184721
0.184581
0.184379
0.184282
0.184148
0.184034
0.183898
0.183771
0.183612
0.183503
0.183343
0.183203
0.183160
0.183127
0.182908
0.182841
0.182660
0.182563
0.182448
0.182333
0.182241
0.182081
0.182103
0.182044
0.181772
0.181744
0.181567
0.181370
0.181379
0.181247
0.181183
0.181047
0.180910
0.180813
0.180797
0.180696
0.180615
0.180478
0.180291
0.180160
0.180063
0.179994
0.179850
0.179923
0.179827
0.179614
0.179609
0.179561
0.179469
0.179417
0.179317
0.179121
0.179085
0.178816
0.178905
0.178722
0.178749
0.178720
0.178546
0.178584
0.178396
0.178355
0.178259
0.178119
0.178095
0.177994
0.177921
0.177837
0.177808
0.177686
0.177540
0.177589
0.177544
0.177201
0.177201
0.177123
0.177049
0.177027
0.177015
0.176955
0.176837
0.176827
0.176711
0.176662
0.176562
0.176561
0.176543
0.176477
0.176360
0.176289
0.176192
0.176011
0.175977
0.175909
0.175898
0.175801
0.175634
0.175599
0.175653
0.175577
0.175493
0.175377
0.175327
0.175294
0.175226
0.175096
0.175096
0.175096
0.175018
0.175039
0.174985
0.174897
0.174819
0.174719
0.174571
0.174600
0.174633
0.174560
0.174447
0.174438
0.174428
0.174422
0.174343
0.174217
0.174191
0.174226
0.174136
0.174060
0.174042
0.174050
0.173962
0.173900
0.173900
0.173912
0.174016
0.173908
0.173777
0.173735
0.173762
0.173750
0.173684
0.173603
0.173591
0.173549
0.173433
0.173385
0.173451
0.173467
0.173399
0.173430
0.173397
0.173451
0.173344
0.173392
0.173361
0.173335
0.173218
0.173211
0.173143
0.173150
0.173184
0.173168
0.173180
0.173045
0.173110
0.173110
0.173084
0.173049
0.173118
0.173019
0.172940
0.172963
0.172999
0.173000
0.172967
0.172953
0.173022
0.172952
0.172827
0.172787
0.172891
0.172901
0.172892
0.172824
0.172819
0.172789
0.172792
0.172720
0.172730
0.172640
0.172597
0.172645
0.172685
0.172678
0.172685
0.172670
0.172644
0.172684
0.172693
0.172615
0.172566
0.172554
0.172564
0.172602
0.172562
0.172513
0.172624
0.172586
0.172569
0.172598
0.172583
0.172606
0.172606
0.172567
0.172602
0.172509
0.172521
0.172521
0.172466
0.172344
0.172392
0.172346
0.172419
0.172419
0.172313
0.172449
0.172465
0.172448
0.172359
0.172357
0.172393
0.172412
0.172339
0.172324
0.172359
0.172319
0.172304
0.172260
0.172324
0.172339
0.172308
0.172296
0.172321
0.172384
0.172361
0.172361
0.172401
0.172393
0.172324
0.172315
0.172347
0.172304
0.172296
0.172331
0.172346
0.172273
0.172273
0.172306
0.172372
0.172372
0.172360
0.172331
0.172301
0.172331
0.172366
0.172333
0.172366
0.172366
0.172382
0.172378
0.172362
0.172362
0.172362
0.172362
0.172325
0.172375
0.172375
0.172375
0.172444
0.172409
0.172410
0.172483
0.172537
0.172537
0.172503
0.172503
0.172470
0.172485
0.172522
0.172490
0.172490
0.172547
0.172577
0.172659
0.172704
0.172722
0.172739
0.172683
0.172683
0.172586
0.172586
0.172657
0.172619
0.172597
0.172636
0.172627
0.172648
0.172690
0.172620
0.172626
0.172654
0.172654
0.172624
0.172624
0.172708
0.172748
0.172743
0.172839
0.172804
0.172816
0.172835
0.172890
0.172854
0.172898
0.172843
0.172884
0.172849
0.172862
0.172862
0.172941
0.172916
0.172928
0.172928
0.172908
0.172802
0.172879
0.172926
0.172970
0.172964
0.172981
0.172981
0.172937
0.172938
0.172974
0.172998
0.173008
0.173046
0.173081
0.173155
0.173106
0.173071
0.173106
0.173124
0.173098
0.173153
0.173144
0.173144
0.173144
0.173074
0.173123
0.173123
0.173147
0.173111
0.173190
0.173190
0.173182
0.173166
0.173170
0.173170
0.173170
0.173168
0.173193
0.173216
0.173216
0.173181
0.173258
0.173258
0.173211
0.173143
0.173178
0.173133
0.173197
0.173197
0.173216
0.173245
0.173288
0.173222
0.173222
0.173248
0.173331
0.173399
0.173307
0.173307
0.173242
0.173277
0.173242
0.173216
0.173216
0.173247
0.173211
0.173247
0.173247
0.173244
0.173208
0.173208
0.173208
0.173196
0.173160
0.173160
0.173197
0.173255
0.173287
0.173243
0.173197
0.173230
0.173222
0.173222
0.173222
0.173207
0.173232
0.173169
0.173169
0.173174
0.173174
0.173132
0.173182
0.173217
0.173173
0.173186
0.173173
0.173238
0.173238
0.173203
0.173203
0.173238
0.173169
0.173134
0.173132
0.173167
0.173167
0.173132
0.173091
0.173177
0.173206
0.173210
0.173281
0.173296
0.173296
0.173261
0.173261
0.173296
0.173296
0.173205
0.173242
0.173315
0.173315
0.173279
0.173179
0.173265
0.173253
0.173217
0.173257
0.173329
0.173337
0.173302
0.173302
0.173337
0.173345
0.173309
0.173310
0.173346
0.173346
0.173347
0.173347
0.173349
0.173349
0.173381
0.173389
0.173460
0.173460
0.173391
0.173416
0.173364
0.173364
0.173334
0.173343
0.173348
0.173348
0.173299
0.173299
0.173334
0.173434
0.173369
0.173380
0.173419
0.173334
0.173286
0.173286
0.173325
0.173295
0.173211
0.173222
0.173273
0.173273
0.173210
0.173233
0.173310
0.173310
0.173275
0.173206
0.173216
0.173216
0.173110
0.173090
0.173239
0.173206
0.173186
0.173201
0.173270
0.173270
0.173234
0.173230
0.173193
0.173193
0.173124
0.173067
0.173140
0.173140
0.173137
0.173162
0.173197
0.173231
0.173193
0.173193
0.173195
0.173176
0.173098
0.173144
0.173146
0.173113
0.173031
0.173031
0.173037
0.173050
0.172965
0.173012
0.173081
0.173081
0.173029
0.173029
0.173025
0.172945
0.172947
0.172917
0.173000
0.172980
0.172942
0.172942
0.172978
0.172932
0.172897
0.172833
0.172891
0.172872
0.172857
0.172822
0.172777
0.172789
0.172692
0.172692
0.172683
0.172683
0.172648
0.172603
0.172628
0.172578
0.172542
0.172568
0.172604
0.172560
0.172489
0.172529
0.172499
0.172499
0.172467
0.172376
0.172411
0.172383
0.172347
0.172297
0.172333
0.172263
0.172227
0.172227
0.172282
0.172248
0.172163
0.172080
0.172115
0.172115
0.172080
0.172055
0.172091
0.172050
0.171988
0.172023
0.172023
0.172023
0.171942
0.171958
0.171887
0.171887
0.171865
0.171900
0.171860
0.171809
0.171774
0.171809
0.171763
0.171778
0.171726
0.171772
0.171711
0.171711
0.171676
0.171678
0.171695
0.171657
0.171622
0.171611
0.171610
0.171610
0.171575
0.171573
0.171627
0.171594
0.171563
0.171599
0.171599
0.171563
0.171528
0.171531
0.171515
0.171471
0.171413
0.171485
0.171450
0.171450
0.171413
0.171413
0.171433
0.171436
0.171415
0.171415
0.171415
0.171453
0.171453
0.171411
0.171432
0.171401
0.171434
0.171401
0.171401
0.171434
0.171391
0.171396
0.171397
0.171397
0.171361
0.171323
0.171342
0.171342
0.171355
0.171294
0.171373
0.171369
0.171337
0.171337
0.171337
0.171337
0.171353
0.171345
0.171325
0.171361
0.171439
0.171404
0.171404
0.171388
0.171423
0.171423
0.171388
0.171354
0.171390
0.171434
0.171377
0.171315
0.171351
0.171351
0.171315
0.171274
0.171318
0.171329
0.171318
0.171354
0.171389
0.171389
0.171354
0.171354
0.171364
0.171405
0.171322
0.171369
0.171404
0.171404
0.171369
0.171351
0.171386
0.171338
0.171327
0.171373
0.171456
0.171391
0.171371
0.171371
0.171369
0.171369
0.171377
0.171402
0.171397
0.171444
0.171384
0.171384
0.171372
0.171350
0.171315
0.171346
0.171381
0.171367
0.171332
0.171421
0.171419
0.171419
0.171337
0.171382
0.171472
0.171379
0.171329
0.171289
0.171406
0.171406
0.171292
0.171325
0.171410
0.171435
0.171424
0.171380
0.171449
0.171393
0.171341
0.171350
0.171385
0.171432
0.171354
0.171345
0.171336
0.171336
0.171341
0.171341
0.171339
0.171420
0.171378
0.171333
0.171373
0.171397
0.171281
0.171281
0.171273
0.171287
0.171252
0.171246
0.171282
0.171238
0.171262
0.171262
0.171260
0.171260
0.171310
0.171219
0.171250
0.171250
0.171215
0.171241
0.171277
0.171172
0.171213
0.171293
0.171324
0.171324
0.171248
0.171248
0.171312
0.171312
0.171229
0.171278
0.171196
0.171194
0.171159
0.171159
0.171225
0.171225
0.171151
0.171200
0.171235
0.171235
0.171200
0.171161
0.171196
0.171229
0.171187
0.171187
0.171305
0.171234
0.171199
0.171199
0.171194
0.171195
0.171197
0.171124
0.171192
0.171242
0.171173
0.171173
0.171251
0.171246
0.171179
0.171229
0.171298
0.171298
0.171205
0.171238
0.171278
0.171278
0.171210
0.171243
0.171213
0.171175
0.171144
0.171177
0.171214
0.171260
0.171232
0.171195
0.171230
0.171284
0.171249
0.171289
0.171296
0.171296
0.171260
0.171296
0.171296
0.171346
0.171282
0.171366
0.171363
0.171363
0.171365
0.171414
0.171414
0.171414
0.171383
0.171451
0.171451
0.171458
0.171390
0.171462
0.171495
0.171538
0.171465
0.171465
0.171536
0.171502
0.171473
0.171522
0.171555
0.171559
0.171559
0.171529
0.171619
0.171619
0.171586
0.171633
0.171666
0.171659
0.171596
0.171596
0.171656
0.171622
0.171665
0.171665
0.171709
0.171709
0.171761
0.171761
0.171795
0.171795
0.171761
0.171838
0.171864
0.171875
0.171782
0.171841
0.171841
0.171841
0.171849
0.171929
0.171960
0.171912
0.171912
0.171895
0.171895
0.171895
0.171895
0.171883
0.171926
0.171887
0.171924
0.171926
0.171959
0.171959
0.171934
0.171885
0.171911
0.171951
0.171951
0.171951
0.171984
0.171951
0.171988
0.171988
0.172021
0.172025
0.171952
0.171979
0.171979
0.171979
0.172020
0.172049
0.172011
0.172011
0.172048
0.172048
0.172048
0.172053
0.172047
0.172047
0.172018
0.172012
0.172012
0.172012
0.172045
0.172045
0.172041
0.172112
0.172025
0.172069
0.172069
0.172069
0.172069
0.172040
0.172051
0.172002
0.172002
0.171953
0.171977
0.171977
0.172006
0.172014
0.172087
0.172052
0.172085
0.172085
0.172039
0.171979
0.171979
0.171979
0.171945
0.171909
0.171918
0.171869
0.171923
0.171887
0.171887
0.171887
0.171923
0.171887
0.171921
0.171905
0.171908
0.171868
0.171868
0.171868
0.171855
0.171857
0.171808
0.171801
0.171864
0.171781
0.171781
0.171781
0.171817
0.171773
0.171771
0.171709
0.171745
0.171745
0.171651
0.171651
0.171724
0.171753
0.171717
0.171717
0.171767
0.171719
0.171670
0.171641
0.171677
0.171677
0.171641
0.171641
0.171714
0.171714
0.171679
0.171630
0.171660
0.171660
0.171682
0.171682
0.171694
0.171665
0.171629
0.171629
0.171572
0.171550
0.171566
0.171533
0.171605
0.171668
0.171632
0.171632
0.171629
0.171537
0.171524
0.171494
0.171550
0.171550
0.171548
0.171548
0.171588
0.171576
0.171540
0.171525
0.171560
0.171560
0.171480
0.171502
0.171538
0.171509
0.171462
0.171418
0.171515
0.171471
0.171436
0.171436
0.171448
0.171517
0.171497
0.171497
0.171499
0.171513
0.171437
0.171408
0.171400
0.171394
0.171276
0.171271
0.171306
0.171333
0.171401
0.171428
0.171463
0.171463
0.171428
0.171384
0.171336
0.171304
0.171264
0.171302
0.171337
0.171366
0.171331
0.171372
0.171392
0.171353
0.171351
0.171351
0.171349
0.171382
0.171376
0.171348
0.171414
0.171340
0.171266
0.171266
0.171277
0.171310
0.171292
0.171267
0.171340
0.171296
0.171182
0.171182
0.171202
0.171206
0.171171
0.171171
0.171163
0.171201
0.171128
0.171149
0.171213
0.171213
0.171175
0.171132
0.171166
0.171166
0.171130
0.171130
0.171174
0.171207
0.171130
0.171130
0.171165
0.171160
0.171124
0.171124
0.171155
0.171226
0.171153
0.171225
0.171294
0.171258
0.171153
0.171153
0.171188
0.171189
0.171120
0.171184
0.171214
0.171214
0.171252
0.171287
0.171254
0.171287
0.171211
0.171246
0.171246
0.171226
0.171186
0.171223
0.171154
0.171182
0.171147
0.171260
0.171260
0.171260
0.171218
0.171248
0.171285
0.171285
0.171250
0.171285
0.171246
0.171279
0.171216
0.171251
0.171251
0.171251
0.171219
0.171254
0.171259
0.171292
0.171292
0.171292
0.171254
0.171254
0.171287
0.171326
0.171326
0.171288
0.171288
0.171288
0.171331
0.171295
0.171184
0.171184
0.171151
0.171150
0.171144
0.171146
0.171146
0.171146
0.171146
0.171111
0.171080
0.171080
0.171113
0.171157
0.171123
0.171123
0.171123
0.171123
0.171200
0.171166
0.171163
0.171175
0.171118
0.171152
0.171119
0.171081
0.171126
0.171126
0.171126
0.171057
0.171056
0.171056
0.170977
0.170945
0.170982
0.170945
0.170978
0.170950
0.171002
0.170962
0.170925
0.170925
0.170962
0.170932
0.170930
0.170895
0.170913
0.170876
0.170882
0.170847
0.170899
0.170899
0.170934
0.170871
0.170871
0.170871
0.170898
0.170829
0.170829
0.170803
0.170872
0.170918
0.170883
0.170883
0.170894
0.170862
0.170827
0.170827
0.170825
0.170825
0.170801
0.170743
0.170858
0.170807
0.170723
0.170723
0.170835
0.170816
0.170781
0.170781
0.170816
0.170816
0.170821
0.170869
0.170852
0.170852
0.170776
0.170776
0.170844
0.170844
0.170776
0.170798
0.170833
0.170881
0.170845
0.170886
0.170838
0.170838
0.170840
0.170796
0.170865
0.170824
0.170755
0.170789
0.170872
0.170872
0.170822
0.170819
0.170896
0.170896
0.170836
0.170836
0.170879
0.170927
0.170929
0.170929
0.170886
0.170851
0.170815
0.170815
0.170884
0.170891
0.170856
0.170904
0.170973
0.170973
0.170904
0.170938
0.170973
0.170973
0.170945
0.170945
0.170943
0.170991
0.170993
0.170956
0.170991
0.170991
0.170956
0.170956
0.170991
0.170991
0.171004
0.171004
0.171039
0.171039
0.171003
0.171003
0.171038
0.171038
0.171003
0.171003
0.171084
0.171087
0.171052
0.171052
0.171084
0.171084
0.171052
0.171015
0.171084
0.171084
0.171063
0.171097
0.171132
0.171132
0.171112
0.171112
0.171147
0.171147
0.171112
0.171161
0.171196
0.171196
0.171161
0.171161
0.171175
0.171175
0.171139
0.171139
0.171196
0.171245
0.171209
0.171209
0.171208
0.171198
0.171162
0.171187
0.171186
0.171186
0.171187
0.171187
0.171235
0.171235
0.171236
0.171255
0.171254
0.171254
0.171255
0.171218
0.171254
0.171254
0.171218
0.171218
0.171254
0.171254
0.171218
0.171268
0.171303
0.171303
0.171268
0.171268
0.171303
0.171303
0.171268
0.171268
0.171303
0.171303
0.171259
0.171259
0.171294
0.171279
0.171235
0.171235
0.171270
0.171270
0.171235
0.171235
0.171270
0.171270
0.171235
0.171235
0.171270
0.171270
0.171235
0.171235
0.171270
0.171270
0.171235
0.171235
0.171270
0.171225
0.171189
0.171189
0.171225
0.171189
0.171154
0.171116
0.171152
0.171152
0.171116
0.171144
0.171144
0.171144
0.171109
0.171144
0.171144
0.171144
0.171109
0.171144
0.171144
0.171115
0.171080
0.171115
0.171115
0.171115
0.171080
0.171115
0.171115
0.171109
0.171073
0.171109
0.171109
0.171109
0.171109
0.171109
0.171109
0.171064
0.171064
0.171064
0.171027
0.170977
0.171013
0.170977
0.170977
0.170977
0.171013
0.170977
0.170977
0.170977
0.171013
0.170977
0.170977
0.170973
0.171009
0.170973
0.170973
0.170973
0.171009
0.170973
0.170973
0.170973
0.171009
0.170921
0.170921
0.170876
0.170878
0.170876
0.170876
0.170876
0.170878
0.170876
0.170842
0.170840
0.170842
0.170842
0.170840
0.170840
0.170842
0.170842
0.170840
0.170840
0.170792
0.170792
0.170790
0.170769
0.170771
0.170771
0.170725
0.170725
0.170727
0.170727
0.170726
0.170692
0.170727
0.170678
0.170676
0.170677
0.170713
0.170714
0.170679
0.170644
0.170679
0.170679
0.170644
0.170594
0.170629
0.170629
0.170597
0.170554
0.170624
0.170624
0.170589
0.170589
0.170574
0.170574
0.170508
0.170508
0.170544
0.170544
0.170508
0.170508
0.170544
0.170529
0.170500
0.170500
0.170535
0.170535
0.170457
0.170457
0.170443
0.170407
0.170379
0.170379
0.170415
0.170415
0.170379
0.170414
0.170401
0.170409
0.170374
0.170374
0.170409
0.170409
0.170337
0.170209
0.170245
0.170255
0.170220
0.170220
0.170291
0.170291
0.170255
0.170206
0.170242
0.170254
0.170219
0.170219
0.170254
0.170254
0.170135
0.170135
0.170128
0.170177
0.170141
0.170141
0.170143
0.170129
0.170094
0.170094
0.170095
0.170095
0.170109
0.170109
0.170064
0.170064
0.170062
0.170062
0.170064
0.170022
0.170037
0.169991
0.169993
0.169993
0.169951
0.169951
0.169953
0.169953
0.169970
0.169924
0.169926
0.169926
0.169924
0.169864
0.169900
0.169857
0.169810
0.169798
0.169833
0.169833
0.169798
0.169798
0.169833
0.169833
0.169753
0.169753
0.169812
0.169812
0.169777
0.169777
0.169812
0.169771
0.169692
0.169692
0.169727
0.169753
0.169718
0.169718
0.169753
0.169753
0.169675
0.169711
0.169711
0.169711
0.169703
0.169738
0.169738
0.169738
0.169662
0.169657
0.169657
0.169657
0.169621
0.169727
0.169727
0.169727
0.169692
0.169727
0.169646
0.169618
0.169582
0.169618
0.169618
0.169649
0.169573
0.169608
0.169608
0.169649
0.169576
0.169611
0.169611
0.169611
0.169644
0.169603
0.169603
0.169603
0.169603
0.169603
0.169603
0.169566
0.169607
0.169607
0.169603
0.169603
0.169603
0.169603
0.169640
0.169562
0.169562
0.169562
0.169564
0.169527
0.169563
0.169563
0.169641
0.169604
0.169604
0.169604
0.169641
0.169604
0.169566
0.169604
0.169567
0.169530
0.169530
0.169530
0.169567
0.169571
0.169571
0.169539
0.169543
0.169578
0.169578
0.169578
0.169582
0.169578
0.169507
0.169507
0.169510
0.169470
0.169472
0.169513
0.169517
0.169480
0.169513
0.169513
0.169517
0.169517
0.169513
0.169513
0.169557
0.169530
0.169526
0.169526
0.169530
0.169530
0.169526
0.169526
0.169530
0.169548
0.169544
0.169508
0.169511
0.169511
0.169508
0.169508
0.169511
0.169485
0.169525
0.169525
0.169528
0.169528
0.169525
0.169525
0.169528
0.169528
0.169525
0.169569
0.169572
0.169572
0.169569
0.169569
0.169572
0.169572
0.169545
0.169511
0.169523
0.169523
0.169519
0.169486
0.169523
0.169523
0.169519
0.169486
0.169523
0.169568
0.169564
0.169531
0.169568
0.169568
0.169564
0.169531
0.169568
0.169546
0.169555
0.169555
0.169592
0.169592
0.169555
0.169555
0.169592
0.169592
0.169567
0.169567
0.169604
0.169604
0.169567
0.169567
0.169604
0.169604
0.169567
