1.538109
1.373775
1.222969
1.121137
1.067488
1.045614
1.039305
1.040510
1.041727
1.041936
1.041872
1.041530
1.041091
1.040570
1.040031
1.039581
1.038998
1.038562
1.038811
1.038373
1.037096
1.035180
1.033195
1.031178
1.028944
1.026420
1.023294
1.019916
1.016785
1.013669
1.010608
1.007642
1.004712
1.001776
0.998813
0.995995
0.992977
0.990395
0.987770
0.985187
0.982384
0.979756
0.977185
0.974691
0.971954
0.969219
0.966466
0.963407
0.960545
0.957466
0.954489
0.951532
0.948735
0.945847
0.942747
0.939764
0.936763
0.934170
0.931425
0.928603
0.925677
0.922711
0.919850
0.917013
0.914028
0.911116
0.907987
0.905382
0.902630
0.899662
0.896443
0.893515
0.890356
0.887115
0.883858
0.880476
0.877114
0.874059
0.870993
0.867737
0.864416
0.860875
0.857708
0.854398
0.851220
0.847873
0.844552
0.841370
0.837922
0.834397
0.830752
0.827121
0.823510
0.819817
0.816231
0.813074
0.809169
0.805545
0.802274
0.798839
0.795083
0.791295
0.787626
0.784300
0.780493
0.776586
0.772974
0.769566
0.765971
0.762254
0.758556
0.755119
0.751347
0.747306
0.743565
0.739875
0.736053
0.732052
0.728263
0.724415
0.720600
0.716815
0.712804
0.709048
0.705251
0.701339
0.697551
0.693730
0.689998
0.686218
0.682512
0.678741
0.674973
0.671230
0.667658
0.664078
0.660416
0.656778
0.653104
0.649362
0.645748
0.642515
0.639045
0.635512
0.631884
0.628311
0.624748
0.621774
0.618424
0.615044
0.611748
0.608311
0.604940
0.601734
0.598586
0.595391
0.592227
0.589063
0.585955
0.582887
0.580065
0.577035
0.573915
0.571046
0.568235
0.565300
0.562329
0.559437
0.556576
0.553888
0.551239
0.548431
0.545682
0.543001
0.540367
0.537763
0.535158
0.532543
0.530157
0.527867
0.525226
0.522882
0.520512
0.517938
0.515520
0.513239
0.510928
0.508485
0.506046
0.503670
0.501299
0.499274
0.497193
0.495140
0.493088
0.490894
0.488919
0.486710
0.484511
0.482360
0.480264
0.478071
0.475917
0.473884
0.471809
0.469765
0.467848
0.465573
0.463716
0.461620
0.459587
0.457708
0.455604
0.453633
0.451723
0.449751
0.447876
0.446075
0.444327
0.442283
0.440481
0.438478
0.436692
0.434540
0.432621
0.430614
0.428753
0.426846
0.424978
0.423229
0.421199
0.419440
0.417341
0.415687
0.413832
0.411902
0.409947
0.408040
0.406211
0.404441
0.402578
0.400640
0.398758
0.396930
0.395065
0.393130
0.391439
0.389540
0.387583
0.385791
0.383986
0.382134
0.380211
0.378446
0.376686
0.374777
0.372972
0.371156
0.369307
0.367531
0.365731
0.363960
0.362094
0.360242
0.358550
0.356773
0.354984
0.353241
0.351575
0.349845
0.348043
0.346442
0.344808
0.343155
0.341425
0.339747
0.338078
0.336553
0.334983
0.333365
0.331718
0.330146
0.328496
0.326975
0.325411
0.323975
0.322377
0.320777
0.319252
0.317858
0.316362
0.314908
0.313294
0.311715
0.310434
0.309018
0.307573
0.306337
0.304796
0.303525
0.302150
0.300845
0.299483
0.298273
0.297044
0.295806
0.294570
0.293503
0.292254
0.291065
0.289885
0.288695
0.287544
0.286432
0.285178
0.284216
0.283098
0.281959
0.280967
0.280001
0.278806
0.277732
0.276659
0.275616
0.274536
0.273488
0.272380
0.271307
0.270279
0.269221
0.268173
0.267230
0.266103
0.265121
0.264101
0.263181
0.262069
0.260999
0.260043
0.258989
0.257844
0.256886
0.255894
0.254839
0.253699
0.252638
0.251503
0.250505
0.249292
0.248284
0.247245
0.246189
0.245127
0.243844
0.242666
0.241533
0.240394
0.239203
0.237996
0.236830
0.235645
0.234372
0.233334
0.232133
0.230911
0.229715
0.228429
0.227347
0.225953
0.224756
0.223454
0.222173
0.221045
0.219749
0.218509
0.217134
0.215992
0.214796
0.213762
0.212487
0.211283
0.210021
0.208901
0.207886
0.206766
0.205596
0.204388
0.203343
0.202174
0.201003
0.199875
0.198745
0.197633
0.196581
0.195535
0.194414
0.193568
0.192494
0.191485
0.190339
0.189459
0.188353
0.187506
0.186422
0.185421
0.184439
0.183453
0.182546
0.181654
0.180697
0.179744
0.178916
0.178004
0.177091
0.176190
0.175265
0.174377
0.173539
0.172519
0.171841
0.170950
0.170097
0.169205
0.168379
0.167624
0.166766
0.165945
0.165054
0.164185
0.163462
0.162690
0.161742
0.160968
0.160188
0.159419
0.158652
0.157890
0.157061
0.156112
0.155304
0.154508
0.153827
0.152924
0.152205
0.151309
0.150508
0.149574
0.148869
0.148059
0.147257
0.146444
0.145592
0.144749
0.143937
0.143141
0.142357
0.141503
0.140546
0.139778
0.138973
0.138150
0.137410
0.136477
0.135580
0.134905
0.133951
0.133084
0.132226
0.131568
0.130631
0.129834
0.128893
0.128094
0.127262
0.126336
0.125457
0.124584
0.123799
0.122863
0.121942
0.121094
0.120191
0.119329
0.118485
0.117593
0.116798
0.115831
0.114869
0.113998
0.113186
0.112236
0.111417
0.110667
0.109837
0.109001
0.108172
0.107271
0.106428
0.105604
0.104729
0.103977
0.103108
0.102400
0.101560
0.100721
0.099922
0.099244
0.098599
0.097809
0.097063
0.096383
0.095684
0.095013
0.094263
0.093556
0.092821
0.092213
0.091547
0.090875
0.090301
0.089545
0.088927
0.088332
0.087618
0.086979
0.086442
0.085885
0.085224
0.084583
0.084041
0.083366
0.082832
0.082345
0.081783
0.081163
0.080538
0.079963
0.079523
0.079020
0.078454
0.077947
0.077441
0.076894
0.076396
0.075902
0.075323
0.074777
0.074194
0.073691
0.073209
0.072648
0.072142
0.071619
0.071122
0.070647
0.070171
0.069578
0.069069
0.068659
0.068083
0.067629
0.067044
0.066658
0.066180
0.065628
0.065165
0.064865
0.064370
0.063846
0.063457
0.063049
0.062619
0.062189
0.061747
0.061380
0.060900
0.060396
0.060022
0.059664
0.059267
0.058761
0.058347
0.057995
0.057607
0.057096
0.056672
0.056310
0.055845
0.055394
0.055004
0.054539
0.054245
0.053858
0.053423
0.052999
0.052630
0.052262
0.051811
0.051447
0.051031
0.050614
0.050123
0.049761
0.049405
0.048985
0.048708
0.048256
0.047901
0.047514
0.047066
0.046672
0.046324
0.045906
0.045571
0.045149
0.044698
0.044409
0.043942
0.043605
0.043196
0.042947
0.042560
0.042223
0.041900
0.041442
0.041204
0.040775
0.040416
0.040161
0.039697
0.039422
0.039068
0.038761
0.038443
0.038162
0.037887
0.037580
0.037212
0.036895
0.036627
0.036271
0.035947
0.035680
0.035380
0.035115
0.034823
0.034522
0.034283
0.033993
0.033819
0.033544
0.033263
0.032955
0.032695
0.032420
0.032229
0.032086
0.031866
0.031550
0.031283
0.031072
0.030765
0.030603
0.030375
0.030153
0.029992
0.029729
0.029597
0.029426
0.029294
0.028988
0.028820
0.028633
0.028528
0.028412
0.028196
0.027994
0.027738
0.027585
0.027554
0.027400
0.027234
0.027082
0.026945
0.026777
0.026651
0.026581
0.026458
0.026257
0.026181
0.025999
0.025924
0.025884
0.025785
0.025722
0.025605
0.025529
0.025454
0.025387
0.025370
0.025261
0.025241
0.025162
0.025038
0.025007
0.024920
0.024879
0.024808
0.024868
0.024841
0.024896
0.024781
0.024754
0.024752
0.024732
0.024674
0.024697
0.024646
0.024617
0.024563
0.024583
0.024522
0.024454
0.024493
0.024434
0.024420
0.024420
0.024375
0.024374
0.024312
0.024378
0.024417
0.024405
0.024399
0.024413
0.024397
0.024343
0.024338
0.024415
0.024329
0.024336
0.024289
0.024331
0.024332
0.024342
0.024419
0.024377
0.024377
0.024438
0.024353
0.024334
0.024403
0.024443
0.024443
0.024424
0.024441
0.024441
0.024427
0.024399
0.024341
0.024433
0.024368
0.024324
0.024324
0.024396
0.024396
0.024436
0.024465
0.024481
0.024473
0.024488
0.024523
0.024482
0.024542
0.024542
0.024557
0.024532
0.024570
0.024547
0.024578
0.024593
0.024615
0.024535
0.024567
0.024605
0.024597
0.024490
0.024504
0.024532
0.024473
0.024519
0.024613
0.024654
0.024654
0.024627
0.024668
0.024668
0.024657
0.024694
0.024767
0.024778
0.024736
0.024769
0.024664
0.024628
0.024682
0.024719
0.024658
0.024691
0.024777
0.024777
0.024777
0.024759
0.024796
0.024847
0.024801
0.024801
0.024743
0.024740
0.024740
0.024763
0.024783
0.024767
0.024821
0.024821
0.024885
0.024894
0.024928
0.024916
0.024902
0.024867
0.024877
0.024825
0.024851
0.024885
0.024896
0.024894
0.024829
0.024872
0.024864
0.024838
0.024838
0.024873
0.024861
0.024873
0.024834
0.024834
0.024863
0.024861
0.024880
0.024870
0.024925
0.024889
0.024951
0.024972
0.024923
0.024910
0.024912
0.024947
0.024976
0.025005
0.025033
0.025057
0.025021
0.025007
0.025014
0.025013
0.025013
0.025006
0.025006
0.024996
0.025001
0.025036
0.025014
0.024989
0.025014
0.025028
0.025028
0.025088
0.025123
0.025123
0.025110
0.025145
0.025141
0.025141
0.025204
0.025204
0.025201
0.025276
0.025248
0.025303
0.025302
0.025339
0.025339
0.025357
0.025357
0.025355
0.025355
0.025398
0.025342
0.025429
0.025505
0.025505
0.025526
0.025551
0.025551
0.025555
0.025583
0.025625
0.025636
0.025707
0.025707
0.025734
0.025821
0.025853
0.025886
0.025866
0.025866
0.025946
0.025946
0.025935
0.025970
0.026044
0.026044
0.025994
0.026080
0.026154
0.026115
0.026155
0.026202
0.026187
0.026258
0.026258
0.026301
0.026353
0.026400
0.026400
0.026436
0.026436
0.026436
0.026483
0.026527
0.026478
0.026478
0.026522
0.026547
0.026640
0.026640
0.026604
0.026643
0.026611
0.026705
0.026660
0.026731
0.026856
0.026856
0.026856
0.026905
0.026905
0.026905
0.027032
0.027032
0.027067
0.027104
0.027156
0.027205
0.027239
0.027239
0.027286
0.027335
0.027335
0.027351
0.027351
0.027381
0.027428
0.027474
0.027474
0.027482
0.027529
0.027576
0.027541
0.027626
0.027672
0.027701
0.027710
0.027710
0.027757
0.027757
0.027807
0.027807
0.027864
0.027912
0.027912
0.027912
0.027962
0.028009
0.028009
0.028020
0.028098
0.028098
0.028098
0.028098
0.028158
0.028130
0.028143
0.028206
0.028206
0.028208
0.028255
0.028290
0.028351
0.028364
0.028411
0.028407
0.028445
0.028445
0.028445
0.028574
0.028590
0.028552
0.028552
0.028626
0.028644
0.028644
0.028644
0.028682
0.028728
0.028739
0.028739
0.028788
0.028788
0.028758
0.028717
0.028732
0.028796
0.028796
0.028790
0.028795
0.028795
0.028841
0.028836
0.028886
0.028886
0.028901
0.028947
0.028952
0.028952
0.029001
0.029042
0.029042
0.029042
0.029089
0.029089
0.029105
0.029136
0.029136
0.029186
0.029232
0.029232
0.029232
0.029232
0.029238
0.029287
0.029287
0.029350
0.029350
0.029321
0.029314
0.029314
0.029314
0.029314
0.029314
0.029361
0.029417
0.029417
0.029417
0.029460
0.029516
0.029516
0.029562
0.029531
0.029580
0.029554
0.029554
0.029563
0.029563
0.029563
0.029595
0.029609
0.029609
0.029617
0.029666
0.029683
0.029715
0.029715
0.029715
0.029761
0.029761
0.029761
0.029761
0.029761
0.029761
0.029734
0.029734
0.029734
0.029829
0.029829
0.029839
0.029839
0.029839
0.029841
0.029832
0.029832
0.029841
0.029841
0.029888
0.029904
0.029904
0.029904
0.029914
0.029914
0.029914
0.029914
0.029914
0.029963
0.030047
0.030047
0.030047
0.030047
0.030079
0.030047
0.030019
0.030019
0.030019
0.030019
0.030066
0.030035
0.030067
0.030105
0.030105
0.030105
0.030105
0.030080
0.030080
0.030080
0.030080
0.030127
0.030177
0.030177
0.030177
0.030183
0.030183
0.030183
0.030183
0.030183
0.030183
0.030183
0.030183
0.030229
0.030258
0.030258
0.030258
0.030258
0.030258
0.030258
0.030258
0.030302
0.030302
0.030302
0.030288
0.030334
0.030334
0.030334
0.030334
0.030334
0.030348
0.030348
0.030348
0.030348
0.030348
0.030348
0.030348
0.030394
0.030394
0.030394
0.030394
0.030372
0.030352
0.030352
0.030352
0.030320
0.030320
0.030320
0.030320
0.030399
0.030399
0.030399
0.030434
0.030402
0.030402
0.030402
0.030402
0.030402
0.030442
0.030458
0.030504
0.030504
0.030504
0.030504
0.030504
0.030504
0.030504
0.030504
0.030504
0.030504
0.030504
0.030555
0.030555
0.030602
0.030576
0.030576
0.030576
0.030576
0.030576
0.030576
0.030576
0.030529
0.030529
0.030546
0.030546
0.030546
0.030593
0.030593
0.030593
0.030593
0.030593
0.030593
0.030593
0.030593
0.030559
0.030576
0.030576
0.030576
0.030545
0.030592
0.030592
0.030592
0.030592
0.030545
0.030545
0.030545
0.030564
0.030549
0.030549
0.030549
0.030590
0.030605
0.030605
0.030652
0.030652
0.030652
0.030671
0.030671
0.030671
0.030671
0.030612
0.030620
0.030620
0.030620
0.030620
0.030620
0.030636
0.030654
0.030654
0.030674
0.030674
0.030674
0.030674
0.030692
0.030692
0.030692
0.030692
0.030692
0.030692
0.030692
0.030740
0.030721
0.030721
0.030721
0.030741
0.030774
0.030774
0.030760
0.030760
0.030715
0.030715
0.030715
0.030684
0.030732
0.030732
0.030746
0.030711
0.030711
0.030711
0.030711
0.030753
0.030739
0.030739
0.030739
0.030739
0.030760
0.030760
0.030807
0.030807
0.030821
0.030776
0.030776
0.030776
0.030776
0.030776
0.030744
0.030744
0.030781
0.030781
0.030781
0.030781
0.030781
0.030864
0.030864
0.030864
0.030864
0.030864
0.030864
0.030864
0.030864
0.030864
0.030850
0.030829
0.030829
0.030829
0.030843
0.030799
0.030799
0.030846
0.030869
0.030885
0.030885
0.030885
0.030885
0.030885
0.030885
0.030885
0.030885
0.030885
0.030928
0.030928
0.030898
0.030898
0.030898
0.030898
0.030898
0.030946
0.030946
0.030946
0.030946
0.030946
0.030946
0.030946
0.030902
0.030902
0.030939
0.030939
0.030939
0.030939
0.030939
0.030960
0.030960
0.030925
0.030925
0.030925
0.030902
0.030902
0.030902
0.030902
0.030950
0.030950
0.030950
0.030950
0.030950
0.030950
0.030950
0.030950
0.030950
0.030950
0.030950
0.030907
0.030907
0.030907
0.030878
0.030902
0.030902
0.030902
0.030902
0.030902
0.030902
0.030902
0.030946
0.030946
0.030946
0.030946
0.030946
0.030946
0.030946
0.030946
0.030961
0.030961
0.030961
0.030961
0.030961
0.030994
0.030979
0.030979
0.030984
0.030984
0.031031
0.030998
0.030998
0.030998
0.030998
0.030998
0.030998
0.031036
0.031070
0.031070
0.031070
0.031070
0.031070
0.031070
0.031042
0.031042
0.031033
0.031033
0.031033
0.031033
0.031033
0.031067
0.031067
0.031067
0.031067
0.031067
0.031067
0.031067
0.031067
0.031036
0.031036
0.031000
0.031000
0.031000
0.030958
0.030995
0.030995
0.030995
0.030995
0.030995
0.030995
0.030995
0.030995
0.031011
0.030975
0.030975
0.030940
0.030940
0.031006
0.031042
0.031042
0.031042
0.031042
0.031042
0.031042
0.031042
0.031042
0.030963
0.030980
0.030980
0.030980
0.030980
0.030980
0.030980
0.031017
0.031017
0.031017
0.031017
0.031017
0.031017
0.031017
0.030980
0.031006
0.031024
0.031024
0.031024
0.031024
0.097859
0.097831
0.097806
0.097766
0.097742
0.097742
0.097696
0.097696
0.097696
0.097720
0.097671
0.097592
0.097471
0.097350
0.097254
0.097134
0.097016
0.096897
0.096780
0.096663
0.096610
0.096495
0.096380
0.096266
0.096153
0.096040
0.095951
0.095839
0.095729
0.095619
0.095510
0.095360
0.095319
0.095212
0.095125
0.095020
0.094915
0.094812
0.094708
0.094627
0.094487
0.094386
0.094332
0.094233
0.094134
0.094011
0.093914
0.093817
0.093787
0.093736
0.093650
0.093537
0.093415
0.093259
0.093158
0.092994
0.092892
0.092809
0.092744
0.092655
0.092538
0.092522
0.092440
0.092351
0.092254
0.092159
0.092046
0.092018
0.091948
0.091798
0.091791
0.091713
0.091625
0.091548
0.091462
0.091369
0.091301
0.091214
0.091059
0.090950
0.090841
0.090778
0.090671
0.090584
0.090514
0.090442
0.090369
0.090247
0.090121
0.090078
0.089974
0.089870
0.089887
0.089786
0.089691
0.089508
0.089517
0.089419
0.089271
0.089241
0.089141
0.089005
0.088933
0.088891
0.088782
0.088791
0.088691
0.088601
0.088426
0.088331
0.088259
0.088188
0.088115
0.088048
0.087930
0.087859
0.087827
0.087768
0.087674
0.087557
0.087546
0.087501
0.087411
0.087367
0.087240
0.087205
0.087154
0.087077
0.087044
0.086918
0.086862
0.086676
0.086639
0.086577
0.086489
0.086384
0.086329
0.086248
0.086116
0.086052
0.085885
0.085837
0.085690
0.085534
0.085412
0.085341
0.085169
0.085064
0.084885
0.084808
0.084701
0.084578
0.084379
0.084252
0.084156
0.084049
0.083871
0.083628
0.083531
0.083340
0.083180
0.082984
0.082883
0.082705
0.082472
0.082466
0.082247
0.082119
0.081904
0.081745
0.081579
0.081405
0.081248
0.081042
0.080893
0.080765
0.080534
0.080389
0.080301
0.080074
0.079873
0.079771
0.079521
0.079360
0.079168
0.078993
0.078799
0.078622
0.078443
0.078210
0.077994
0.077807
0.077639
0.077481
0.077342
0.077122
0.076930
0.076760
0.076590
0.076467
0.076207
0.076061
0.075850
0.075729
0.075583
0.075399
0.075168
0.075003
0.074859
0.074719
0.074575
0.074385
0.074271
0.074066
0.073888
0.073742
0.073541
0.073366
0.073272
0.073107
0.072906
0.072732
0.072641
0.072451
0.072374
0.072250
0.072060
0.071928
0.071711
0.071541
0.071395
0.071219
0.071123
0.070990
0.070820
0.070711
0.070495
0.070341
0.070179
0.069996
0.069825
0.069648
0.069534
0.069340
0.069213
0.069047
0.068927
0.068787
0.068562
0.068396
0.068315
0.068127
0.067933
0.067800
0.067627
0.067453
0.067282
0.067124
0.066986
0.066804
0.066693
0.066522
0.066298
0.066111
0.065950
0.065768
0.065686
0.065469
0.065309
0.065072
0.064913
0.064720
0.064520
0.064370
0.064174
0.063887
0.063716
0.063548
0.063369
0.063236
0.063106
0.062900
0.062737
0.062559
0.062338
0.062173
0.061902
0.061709
0.061603
0.061395
0.061195
0.061019
0.060789
0.060567
0.060392
0.060193
0.059915
0.059748
0.059589
0.059422
0.059203
0.059025
0.058784
0.058597
0.058427
0.058186
0.058064
0.057850
0.057610
0.057429
0.057189
0.056911
0.056698
0.056505
0.056308
0.056122
0.055823
0.055621
0.055425
0.055131
0.054953
0.054718
0.054480
0.054228
0.054006
0.053830
0.053565
0.053393
0.053162
0.052939
0.052740
0.052517
0.052287
0.052036
0.051787
0.051496
0.051168
0.050774
0.050381
0.049992
0.049570
0.049174
0.048815
0.048463
0.048135
0.047697
0.047265
0.046868
0.046516
0.046128
0.045792
0.045337
0.044949
0.044607
0.044214
0.043830
0.043539
0.043152
0.042807
0.042420
0.042039
0.041656
0.041313
0.040970
0.040707
0.040403
0.040061
0.039706
0.039441
0.039117
0.038781
0.038542
0.038270
0.037937
0.037698
0.037445
0.037132
0.036861
0.036611
0.036347
0.036196
0.035959
0.035673
0.035463
0.035291
0.035096
0.034880
0.034698
0.034492
0.034299
0.034115
0.033865
0.033696
0.033578
0.033367
0.033245
0.033116
0.033062
0.032922
0.032828
0.032665
0.032563
0.032454
0.032323
0.032259
0.032126
0.032068
0.032015
0.031948
0.031880
0.031830
0.031783
0.031742
0.031629
0.031599
0.031524
0.031465
0.031425
0.031318
0.031245
0.031178
0.031076
0.031093
0.030995
0.030980
0.030919
0.030874
0.030865
0.030833
0.030794
0.030706
0.030706
0.030650
0.030583
0.030584
0.030615
0.030596
0.030556
0.030550
0.030529
0.030429
0.030430
0.030403
0.030445
0.030406
0.030383
0.030268
0.030221
0.030175
0.030156
0.030144
0.030148
0.030088
0.030065
0.030038
0.030042
0.029946
0.029929
0.029889
0.029839
0.029816
0.029796
0.029764
0.029806
0.029765
0.029780
0.029793
0.029756
0.029764
0.029667
0.029684
0.029653
0.029638
0.029571
0.029597
0.029608
0.029618
0.029546
0.029569
0.029565
0.029486
0.029474
0.029429
0.029402
0.029429
0.029392
0.029425
0.029387
0.029353
0.029497
0.029396
0.029434
0.029372
0.029397
0.029403
0.029479
0.029453
0.029391
0.029440
0.029410
0.029431
0.029473
0.029497
0.029482
0.029498
0.029430
0.029403
0.029506
0.029482
0.029440
0.029434
0.029508
0.029463
0.029395
0.029474
0.029510
0.029467
0.029516
0.029476
0.029502
0.029464
0.029486
0.029608
0.029572
0.029538
0.029585
0.029552
0.029567
0.029584
0.029639
0.029611
0.029681
0.029655
0.029689
0.029713
0.029690
0.029690
0.029703
0.029703
0.029732
0.029748
0.029748
0.029730
0.029714
0.029754
0.029748
0.029715
0.029737
0.029730
0.029775
0.029804
0.029776
0.029770
0.029768
0.029760
0.029796
0.029795
0.029848
0.029894
0.029851
0.029848
0.029882
0.029883
0.029881
0.029884
0.029882
0.029885
0.029838
0.029838
0.029876
0.029876
0.029898
0.029903
0.029904
0.029912
0.029947
0.029906
0.029906
0.029914
0.029948
0.029948
0.029959
0.029959
0.030003
0.029941
0.029941
0.029955
0.029971
0.029971
0.029927
0.029973
0.029925
0.029943
0.029943
0.029943
0.029950
0.029934
0.029934
0.029984
0.029984
0.030028
0.029992
0.029924
0.029938
0.029938
0.029971
0.029937
0.029937
0.029948
0.030013
0.030013
0.029993
0.029945
0.029945
0.029973
0.029955
0.029924
0.029848
0.029848
0.029848
0.029935
0.029935
0.029887
0.029887
0.029901
0.029874
0.029874
0.029826
0.029840
0.029848
0.029781
0.029749
0.029769
0.029805
0.029805
0.029820
0.029775
0.029728
0.029728
0.029766
0.029766
0.029720
0.029675
0.029715
0.029715
0.029715
0.029703
0.029677
0.029718
0.029731
0.029754
0.029754
0.029708
0.029727
0.029644
0.029644
0.029633
0.029669
0.029626
0.029626
0.029586
0.029586
0.029541
0.029586
0.029586
0.029579
0.029579
0.029540
0.029495
0.029540
0.029497
0.029523
0.029523
0.029563
0.029518
0.029498
0.029498
0.029498
0.029498
0.029498
0.029415
0.029415
0.029373
0.029459
0.029459
0.029459
0.029415
0.029366
0.029406
0.029406
0.029429
0.029429
0.029429
0.029347
0.029336
0.029303
0.029303
0.029303
0.029303
0.029328
0.029245
0.029245
0.029245
0.029245
0.029284
0.029314
0.029274
0.029274
0.029205
0.029205
0.029231
0.029231
0.029231
0.029266
0.029227
0.029227
0.029185
0.029185
0.029185
0.029185
0.029185
0.029185
0.029173
0.029173
0.029165
0.029201
0.029160
0.029160
0.029160
0.029160
0.029200
0.029162
0.029162
0.029126
0.029126
0.029126
0.029154
0.029113
0.029149
0.029149
0.029180
0.029143
0.029143
0.029143
0.029143
0.029178
0.029178
0.029141
0.029100
0.029100
0.029100
0.029100
0.029129
0.029092
0.029092
0.029092
0.029092
0.029092
0.029092
0.029092
0.029092
0.029092
0.029052
0.029052
0.029052
0.029015
0.029002
0.029002
0.029035
0.029035
0.029000
0.029000
0.029000
0.029029
0.029029
0.029029
0.029026
0.029026
0.029026
0.028990
0.028951
0.028951
0.028951
0.028951
0.028951
0.028951
0.028951
0.028951
0.028951
0.028975
0.028975
0.028941
0.028941
0.028941
0.028941
0.028905
0.028905
0.028892
0.028927
0.028957
0.028957
0.028957
0.028957
0.028957
0.028855
0.028855
0.028890
0.028890
0.028890
0.028890
0.028890
0.028890
0.028821
0.028821
0.028821
0.028821
0.028821
0.028821
0.028821
0.028821
0.028821
0.028821
0.028853
0.028853
0.028853
0.028853
0.028821
0.028821
0.028821
0.028821
0.028821
0.028821
0.028820
0.028820
0.028851
0.028851
0.028851
0.028851
0.028851
0.028817
0.028817
0.028817
0.028817
0.028817
0.028817
0.028786
0.028817
0.028817
0.028817
0.028817
0.028817
0.028817
0.028778
0.028748
0.028784
0.028819
0.028819
0.028819
0.028783
0.028754
0.028754
0.028754
0.028754
0.028754
0.028754
0.028754
0.028822
0.028822
0.028822
0.028822
0.028822
0.028822
0.028822
0.028792
0.028792
0.028792
0.028792
0.028792
0.028792
0.028792
0.028759
0.028759
0.028759
0.028759
0.028759
0.028759
0.028759
0.028759
0.028759
0.028759
0.028759
0.028759
0.028759
0.028759
0.028731
0.028731
0.028731
0.028731
0.028731
0.028770
0.028770
0.028770
0.028770
0.028728
0.028728
0.028763
0.028763
0.028763
0.028763
0.028763
0.028802
0.028802
0.028773
0.028773
0.028773
0.028737
0.028737
0.028711
0.028711
0.028711
0.028711
0.028747
0.028747
0.028747
0.028747
0.028747
0.028747
0.028747
0.028711
0.028711
0.028711
0.028711
0.028711
0.028746
0.028746
0.028746
0.028781
0.028781
0.028781
0.028781
0.028758
0.028722
0.028722
0.028722
0.028755
0.028755
0.028755
0.028755
0.028755
0.028755
0.028755
0.028722
0.028722
0.028722
0.028722
0.028722
0.028722
0.028755
0.028755
0.028755
0.028755
0.028755
0.028755
0.028722
0.028722
0.028722
0.028701
0.028672
0.028672
0.028672
0.028672
0.028672
0.028672
0.028672
0.028672
0.028672
0.028672
0.028672
0.028672
0.028672
0.028672
0.028672
0.028672
0.028672
0.028672
0.028672
0.028672
0.028672
0.028672
0.028672
0.028672
0.028703
0.028703
0.028703
0.028653
0.028653
0.028686
0.028686
0.028725
