1.447588
1.275337
1.112604
0.997057
0.932072
0.904427
0.896625
0.897379
0.897905
0.897180
0.895865
0.894488
0.893637
0.893027
0.892823
0.892605
0.892308
0.892033
0.891543
0.891069
0.890472
0.889722
0.889137
0.888442
0.887718
0.886949
0.886350
0.885186
0.884572
0.884111
0.883643
0.883300
0.882967
0.882411
0.881727
0.881007
0.879983
0.878851
0.877597
0.876418
0.875046
0.873799
0.872602
0.871520
0.870276
0.869157
0.867998
0.866734
0.865565
0.864305
0.862957
0.861639
0.860398
0.859244
0.858088
0.856954
0.855737
0.854359
0.853198
0.851846
0.850564
0.849182
0.847967
0.846728
0.845435
0.843973
0.842741
0.841383
0.840117
0.838652
0.837478
0.836158
0.834761
0.833348
0.831990
0.830644
0.828907
0.827619
0.826265
0.824554
0.823412
0.821930
0.820301
0.818830
0.817370
0.815556
0.814136
0.812695
0.810957
0.809236
0.807956
0.806425
0.804623
0.803309
0.801661
0.799834
0.798321
0.796462
0.794859
0.793081
0.791514
0.789679
0.788305
0.786649
0.785122
0.783556
0.781765
0.779950
0.778146
0.776634
0.774893
0.773267
0.771598
0.769808
0.768301
0.766776
0.765078
0.763295
0.761201
0.759091
0.756990
0.754872
0.752633
0.750402
0.748131
0.745785
0.743594
0.741266
0.738949
0.736794
0.734986
0.732902
0.731089
0.729160
0.727249
0.725489
0.723730
0.722102
0.720441
0.718833
0.717093
0.715419
0.713754
0.712233
0.710680
0.708999
0.707319
0.705689
0.704151
0.702505
0.700780
0.699103
0.697477
0.695687
0.694050
0.692411
0.690438
0.688149
0.685918
0.683899
0.682056
0.679814
0.677966
0.675747
0.673780
0.671689
0.670000
0.668732
0.667122
0.665513
0.663917
0.662388
0.660834
0.659371
0.657600
0.655853
0.653900
0.652247
0.650299
0.648289
0.646552
0.644699
0.642813
0.641087
0.639526
0.638062
0.636457
0.635103
0.633710
0.632118
0.630544
0.629042
0.627301
0.625849
0.624095
0.622412
0.620856
0.619189
0.617651
0.615943
0.614478
0.612824
0.611021
0.609625
0.608085
0.606371
0.604793
0.603489
0.601845
0.600169
0.598989
0.597433
0.595800
0.594195
0.593013
0.591621
0.590113
0.588579
0.587208
0.585818
0.584174
0.582500
0.581029
0.579774
0.578469
0.576721
0.575013
0.573583
0.572426
0.570956
0.569292
0.567477
0.565954
0.564597
0.563429
0.561545
0.559572
0.557961
0.556511
0.555222
0.553984
0.552347
0.550701
0.549342
0.548136
0.546917
0.545280
0.543310
0.541646
0.539744
0.538275
0.536573
0.534568
0.532553
0.530888
0.529030
0.526952
0.524961
0.522997
0.521087
0.518962
0.516938
0.514992
0.512898
0.510830
0.508768
0.506565
0.504756
0.502815
0.500640
0.498489
0.496494
0.494430
0.492153
0.490172
0.487959
0.485909
0.483639
0.481597
0.479164
0.476887
0.474741
0.472586
0.470200
0.467984
0.465684
0.463674
0.461377
0.459201
0.457389
0.455591
0.453462
0.451315
0.449190
0.447117
0.445249
0.443205
0.441261
0.439366
0.437635
0.435785
0.433981
0.432001
0.430060
0.428083
0.426052
0.424107
0.422052
0.420113
0.418222
0.416359
0.414241
0.412416
0.410439
0.408445
0.406340
0.404578
0.402666
0.400890
0.398823
0.397052
0.395334
0.393545
0.391722
0.389901
0.388127
0.386427
0.384599
0.382671
0.381043
0.379157
0.377494
0.375858
0.374230
0.372333
0.370884
0.369180
0.367391
0.365734
0.364029
0.362416
0.360868
0.359150
0.357538
0.355951
0.354279
0.353030
0.351396
0.349894
0.348453
0.346911
0.345329
0.343860
0.342386
0.341081
0.339597
0.338220
0.336808
0.335341
0.333864
0.332506
0.331130
0.329742
0.328287
0.327044
0.325646
0.324263
0.322871
0.321577
0.320212
0.318894
0.317468
0.316179
0.314844
0.313473
0.312235
0.310946
0.309675
0.308483
0.307084
0.305862
0.304549
0.303338
0.302045
0.300946
0.299536
0.298370
0.297075
0.295819
0.294652
0.293491
0.292205
0.291046
0.289902
0.288669
0.287542
0.286460
0.285276
0.284146
0.282949
0.281778
0.280694
0.279495
0.278322
0.277188
0.276050
0.274896
0.273736
0.272590
0.271531
0.270326
0.269224
0.268047
0.266955
0.265837
0.264760
0.263432
0.262457
0.261289
0.260112
0.258953
0.257908
0.256792
0.255611
0.254599
0.253482
0.252402
0.251306
0.250128
0.249136
0.247962
0.246854
0.245948
0.244803
0.243664
0.242679
0.241681
0.240614
0.239587
0.238554
0.237508
0.236421
0.235587
0.234617
0.233557
0.232564
0.231695
0.230661
0.229829
0.228806
0.227874
0.226951
0.225963
0.225130
0.224208
0.223448
0.222433
0.221747
0.221008
0.220102
0.219314
0.218412
0.217601
0.216741
0.215828
0.215017
0.214269
0.213398
0.212657
0.211986
0.211394
0.210639
0.209984
0.209240
0.208556
0.207695
0.207096
0.206524
0.205780
0.205159
0.204535
0.203835
0.203268
0.202491
0.201950
0.201385
0.200692
0.200085
0.199650
0.198953
0.198382
0.197809
0.197204
0.196731
0.196160
0.195584
0.195023
0.194605
0.193961
0.193481
0.193020
0.192684
0.192379
0.192029
0.191773
0.191510
0.191213
0.190957
0.190489
0.190222
0.190059
0.189840
0.189612
0.189445
0.189150
0.188934
0.188790
0.188508
0.188252
0.188024
0.187875
0.187588
0.187483
0.187300
0.187120
0.186879
0.186757
0.186563
0.186329
0.186195
0.186065
0.185993
0.185718
0.185528
0.185361
0.185182
0.185025
0.184883
0.184793
0.184624
0.184302
0.184249
0.184112
0.183978
0.183916
0.183711
0.183611
0.183315
0.182908
0.182575
0.182307
0.181914
0.181573
0.181178
0.180920
0.180578
0.180283
0.179935
0.179697
0.179358
0.179099
0.178792
0.178425
0.178021
0.177793
0.177528
0.177254
0.176879
0.176467
0.176217
0.175810
0.175500
0.175240
0.174992
0.174578
0.174335
0.174000
0.173818
0.173478
0.173176
0.172872
0.172589
0.172199
0.171972
0.171564
0.171169
0.170950
0.170597
0.170201
0.170092
0.169808
0.169523
0.169134
0.168834
0.168525
0.168318
0.167935
0.167618
0.167223
0.166936
0.166503
0.166164
0.165943
0.165544
0.165344
0.165170
0.164834
0.164521
0.164256
0.164014
0.163727
0.163430
0.163146
0.162826
0.162451
0.162131
0.161858
0.161499
0.161210
0.160916
0.160674
0.160446
0.160220
0.159888
0.159599
0.159312
0.159031
0.158700
0.158417
0.158143
0.157869
0.157511
0.157269
0.156949
0.156743
0.156400
0.156199
0.155940
0.155592
0.155369
0.155113
0.154825
0.154616
0.154322
0.154125
0.153746
0.153427
0.153151
0.152823
0.152610
0.152175
0.152021
0.151773
0.151497
0.151225
0.150988
0.150820
0.150461
0.150218
0.149847
0.149586
0.149334
0.149049
0.148848
0.148524
0.148218
0.147983
0.147710
0.147438
0.147189
0.146951
0.146811
0.146516
0.146196
0.146043
0.145786
0.145560
0.145304
0.145137
0.144817
0.144590
0.144257
0.143986
0.143824
0.143583
0.143399
0.143274
0.143126
0.142947
0.142755
0.142610
0.142305
0.142173
0.141941
0.141667
0.141496
0.141319
0.141228
0.141029
0.140974
0.140762
0.140585
0.140401
0.140218
0.140039
0.139966
0.139738
0.139530
0.139447
0.139246
0.139074
0.138878
0.138808
0.138594
0.138462
0.138348
0.138149
0.138010
0.137917
0.137746
0.137667
0.137527
0.137385
0.137217
0.137106
0.136894
0.136772
0.136662
0.136606
0.136494
0.136335
0.136215
0.136041
0.136021
0.135949
0.135781
0.135672
0.135538
0.135394
0.135331
0.135213
0.135126
0.134975
0.134825
0.134697
0.134695
0.134608
0.134456
0.134423
0.134336
0.134177
0.134047
0.133932
0.133867
0.133781
0.133532
0.133448
0.133379
0.133286
0.133288
0.133078
0.133117
0.132961
0.132880
0.132768
0.132703
0.132608
0.132539
0.132382
0.132369
0.132331
0.132262
0.132213
0.132112
0.131937
0.131823
0.131829
0.131760
0.131656
0.131613
0.131572
0.131417
0.131347
0.131307
0.131215
0.131174
0.131071
0.130965
0.130943
0.130881
0.130771
0.130751
0.130687
0.130578
0.130530
0.130431
0.130395
0.130319
0.130199
0.130220
0.130148
0.130001
0.129961
0.129927
0.129945
0.129906
0.129767
0.129700
0.129614
0.129545
0.129528
0.129553
0.129514
0.129382
0.129414
0.129357
0.129273
0.129281
0.129242
0.129251
0.129152
0.129129
0.129066
0.128985
0.128896
0.128827
0.128863
0.128793
0.128843
0.128733
0.128767
0.128724
0.128696
0.128691
0.128621
0.128552
0.128565
0.128562
0.128521
0.128415
0.128337
0.128337
0.128275
0.128246
0.128195
0.128209
0.128166
0.128134
0.128146
0.128163
0.128097
0.128070
0.127957
0.127913
0.127896
0.127833
0.127833
0.127855
0.127787
0.127751
0.127751
0.127676
0.127655
0.127644
0.127678
0.127570
0.127587
0.127543
0.127503
0.127571
0.127571
0.127571
0.127464
0.127436
0.127436
0.127435
0.127318
0.127337
0.127355
0.127355
0.127311
0.127296
0.127229
0.127228
0.127323
0.127239
0.127217
0.127217
0.127217
0.127217
0.127125
0.127107
0.127101
0.127060
0.127110
0.127110
0.127127
0.127147
0.127102
0.127135
0.127135
0.126952
0.126952
0.126952
0.126909
0.126844
0.126844
0.126863
0.126823
0.126872
0.126943
0.126943
0.126964
0.126898
0.126877
0.126838
0.126838
0.126794
0.126838
0.126790
0.126790
0.126784
0.126763
0.126717
0.126717
0.126679
0.126757
0.126756
0.126756
0.126668
0.126645
0.126689
0.126650
0.126613
0.126571
0.126571
0.126573
0.126572
0.126572
0.126551
0.126535
0.126542
0.126462
0.126462
0.126547
0.126547
0.126591
0.126635
0.126634
0.126607
0.126535
0.126558
0.126592
0.126495
0.126495
0.126432
0.126432
0.126466
0.126438
0.126438
0.126473
0.126473
0.126497
0.126482
0.126488
0.126545
0.126489
0.126480
0.126480
0.126426
0.126426
0.126461
0.126416
0.126416
0.126451
0.126410
0.126410
0.126422
0.126431
0.126431
0.126395
0.126440
0.126440
0.126440
0.126398
0.126398
0.126398
0.126398
0.126370
0.126412
0.126412
0.126462
0.126487
0.126487
0.126521
0.126492
0.126458
0.126423
0.126423
0.126339
0.126339
0.126339
0.126339
0.126298
0.126298
0.126298
0.126333
0.126333
0.126333
0.126333
0.126335
0.126335
0.126301
0.126260
0.126260
0.126260
0.126222
0.126186
0.126186
0.126186
0.126186
0.126186
0.126186
0.126186
0.126129
0.126129
0.126129
0.126165
0.126165
0.126136
0.126136
0.126136
0.126136
0.126095
0.126095
0.126023
0.126048
0.126038
0.126038
0.126073
0.126071
0.126071
0.126080
0.126080
0.126071
0.126071
0.126071
0.126071
0.126013
0.126013
0.126013
0.126013
0.126048
0.126048
0.126048
0.126064
0.126064
0.126054
0.126027
0.126027
0.126077
0.126077
0.126077
0.125992
0.125992
0.125987
0.125987
0.125941
0.125935
0.125948
0.125948
0.125948
0.125948
0.125948
0.125990
0.125990
0.125970
0.126005
0.126005
0.125962
0.125949
0.125949
0.125949
0.125958
0.125958
0.125958
0.125917
0.125917
0.125943
0.125978
0.125978
0.125977
0.125977
0.125977
0.125908
0.125908
0.125891
0.125891
0.125891
0.125891
0.125891
0.125864
0.125864
0.125864
0.125899
0.125899
0.125899
0.125899
0.125899
0.125853
0.125818
0.125818
0.125818
0.125818
0.125818
0.125808
0.125727
0.125777
0.125820
0.125820
0.125897
0.125897
0.125897
0.125897
0.125884
0.125882
0.125847
0.125847
0.125847
0.125847
0.125847
0.125847
0.125872
0.125872
0.125907
0.125881
0.125863
0.125863
0.125827
0.125827
0.125827
0.125827
0.125827
0.125827
0.125827
0.125827
0.125827
0.125830
0.125830
0.125830
0.125830
0.125830
0.125835
0.125789
0.125789
0.125885
0.125877
0.125851
0.125851
0.125809
0.125809
0.125803
0.125803
0.125799
0.125799
0.125799
0.125799
0.125771
0.125771
0.125839
0.125797
0.125797
0.125797
0.125797
0.125799
0.125799
0.125757
0.125781
0.125781
0.125823
0.125823
0.125823
0.125823
0.125823
0.125823
0.125823
0.125823
0.125823
0.125823
0.125823
0.125823
0.125823
0.125823
0.125823
0.125823
0.125823
0.125823
0.125820
0.125820
0.125799
0.125835
0.125847
0.125847
0.125882
0.125882
0.125882
0.125846
0.125846
0.125846
0.125800
0.125800
0.125846
0.125846
0.125846
0.125882
0.125882
0.125916
0.125916
0.125916
0.125952
0.125952
0.125906
0.125871
0.125836
0.125836
0.125800
0.125800
0.125797
0.125797
0.125905
0.125905
0.125940
0.126023
0.125977
0.125977
0.125977
0.125977
0.125977
0.125977
0.125887
0.125819
0.125819
0.125869
0.125869
0.125911
0.125911
0.125946
0.125946
0.125959
0.125959
0.125959
0.125959
0.125959
0.125959
0.125959
0.125959
0.125924
0.125924
0.125924
0.125924
0.125924
0.125977
0.125977
0.125977
0.125977
0.125977
0.125977
0.125977
0.125977
0.125977
0.125980
0.125980
0.125980
0.125980
0.125980
0.125980
0.125950
0.125950
0.125950
0.125950
0.125950
0.125950
0.125950
0.125950
0.125950
0.125950
0.125950
0.125950
0.125950
0.125950
0.125950
0.125950
0.125950
0.125977
0.125977
0.125977
0.125977
0.126007
0.126007
0.126007
0.126007
0.126007
0.126007
0.126007
0.126007
0.126007
0.126007
0.126024
0.126024
0.126024
0.126024
0.126024
0.126024
0.126065
0.126065
0.126065
0.126065
0.126024
0.126017
0.125971
0.125971
0.125971
0.125971
0.125971
0.125992
0.125992
0.126079
0.126079
0.126079
0.126079
0.126079
0.126079
0.126034
0.126034
0.126034
0.126034
0.126034
0.126034
0.126034
0.126034
0.126034
0.126034
0.126034
0.126079
0.126034
0.126034
0.126034
0.126055
0.126055
0.126055
0.126055
0.126055
0.126055
0.126038
0.126038
0.126012
0.126012
0.126012
0.126012
0.126038
0.126065
0.126065
0.126034
0.126034
0.126034
0.126034
0.126008
0.126030
0.126003
0.126053
0.126053
0.126053
0.126080
0.126080
0.126080
0.126106
0.126106
0.126080
0.126095
0.126095
0.126095
0.126095
0.126095
0.126095
0.126095
0.126095
0.126117
0.126117
0.126117
0.126073
0.126073
0.126073
0.126073
0.126073
0.126073
0.126073
0.126073
0.126117
0.126117
0.126117
0.126117
0.126073
0.126096
0.126096
0.126096
0.126096
0.126096
0.126096
0.126096
0.126096
0.126096
0.126096
0.126096
0.126096
0.126096
0.126096
0.126096
0.126120
0.126120
0.126120
0.126120
0.126120
0.126120
0.126120
0.126162
0.126197
0.126197
0.126197
0.126162
0.126162
0.126120
0.126077
0.126102
0.126102
0.126102
0.126102
0.126102
0.126144
0.126187
0.126187
0.126222
0.126222
0.126222
0.126180
0.126180
0.126144
0.126144
0.126170
0.126170
0.126170
0.126170
0.126170
0.126170
0.126170
0.126170
0.126197
0.126232
0.126232
0.126232
0.126232
0.126232
0.126197
0.126197
0.126197
0.126223
0.126244
0.126244
0.126244
0.126244
0.126244
0.126244
0.126244
0.126280
0.126238
0.126238
0.126238
0.126238
0.126203
0.126203
0.126203
0.126203
0.126244
0.126271
0.126271
0.126230
0.126230
0.126230
0.126308
0.126326
0.126326
0.126326
0.126326
0.126284
0.126248
0.126248
0.126248
0.126248
0.126248
0.126276
0.126276
0.126331
0.127070
0.129700
0.134574
0.141418
0.149928
0.159354
0.169013
0.178720
0.188341
0.197551
0.206704
0.215811
0.225107
0.234592
0.244288
0.254083
0.264045
0.273940
0.283834
0.293733
0.303673
0.313569
0.323500
0.333410
0.343256
0.352704
0.361303
0.368502
0.373982
0.377632
0.379722
0.380522
0.380571
0.380204
0.379839
0.379639
0.379589
0.379665
0.379765
0.379789
0.379639
0.379289
0.378889
0.378262
0.377672
0.377202
0.376892
0.376735
0.376712
0.376712
0.376662
0.375763
0.373270
0.368754
0.362388
0.354608
0.346052
0.337270
0.328659
0.320297
0.312301
0.304433
0.296620
0.288986
0.281852
0.275656
0.270691
0.267107
0.264879
0.263655
0.263268
0.263386
0.263850
0.264431
0.264986
0.265482
0.265726
0.265824
0.265810
0.265721
0.265678
0.265708
0.265920
0.266198
0.266509
0.266818
0.267054
0.267196
0.267180
0.267076
0.266820
0.266645
0.266407
0.266280
0.266217
0.266201
0.266244
0.266308
0.266360
0.266450
0.266403
0.266355
0.266245
0.266086
0.265865
0.265690
0.265433
0.265232
0.265058
0.264931
0.264773
0.264657
0.264534
0.264360
0.264186
0.263980
0.263806
0.263632
0.263458
0.263236
0.263062
0.262904
0.262730
0.262556
0.262381
0.262176
0.262002
0.261790
0.261616
0.261395
0.261274
0.261100
0.260926
0.260752
0.260546
0.260372
0.260198
0.260024
0.259845
0.259640
0.259513
0.259355
0.259197
0.259023
0.258865
0.258659
0.258543
0.258338
0.258132
0.258003
0.257797
0.257639
0.257481
0.257275
0.257101
0.256896
0.256738
0.256532
0.256374
0.256171
0.255997
0.255792
0.255633
0.255428
0.255270
0.255097
0.254923
0.254765
0.254560
0.254402
0.254196
0.254038
0.253817
0.253659
0.253341
0.253051
0.252714
0.252346
0.251934
0.251610
0.251240
0.250838
0.250435
0.250077
0.249665
0.249307
0.248943
0.248578
0.248213
0.247896
0.247486
0.247155
0.246829
0.246514
0.246224
0.245864
0.245587
0.245165
0.244855
0.244615
0.244421
0.244216
0.244103
0.244001
0.243853
0.243716
0.243607
0.243469
0.243371
0.243150
0.243082
0.242877
0.242733
0.242563
0.242472
0.242244
0.242086
0.241889
0.241852
0.241741
0.241568
0.241395
0.241250
0.241220
0.241015
0.240857
0.240686
0.240561
0.240410
0.240264
0.240070
0.239928
0.239713
0.239591
0.239440
0.239392
0.239275
0.239081
0.238904
0.238782
0.238596
0.238437
0.238232
0.238074
0.237925
0.237719
0.237715
0.237543
0.237385
0.237179
0.237057
0.236876
0.236738
0.236585
0.236453
0.236247
0.236123
0.235917
0.235765
0.235595
0.235508
0.235336
0.235218
0.235013
0.234787
0.234459
0.234108
0.233699
0.233386
0.233013
0.232701
0.232349
0.231979
0.231669
0.231336
0.231027
0.230786
0.230645
0.230440
0.230341
0.230220
0.230097
0.229891
0.229752
0.229591
0.229408
0.229202
0.229128
0.229003
0.228865
0.228727
0.228546
0.228353
0.228291
0.228168
0.227994
0.227836
0.227664
0.227541
0.227324
0.227201
0.227096
0.226938
0.226733
0.226693
0.226522
0.226364
0.226143
0.226009
0.225852
0.225708
0.225606
0.225483
0.225253
0.225079
0.224874
0.224821
0.224735
0.224577
0.224405
0.224267
0.224027
0.223928
0.223770
0.223615
0.223432
0.223211
0.223100
0.222928
0.222806
0.222636
0.222528
0.222341
0.222183
0.222013
0.221902
0.221732
0.221574
0.221353
0.221230
0.221060
0.220936
0.220746
0.220588
0.220367
0.220314
0.220155
0.219997
0.219874
0.219685
0.219511
0.219305
0.219147
0.218942
0.218819
0.218614
0.218490
0.218304
0.218205
0.217999
0.217893
0.217687
0.217529
0.217308
0.217185
0.216980
0.216821
0.216616
0.216493
0.216271
0.216113
0.215943
0.215866
0.215678
0.215520
0.215368
0.215198
0.215040
0.214835
0.214677
0.214506
0.214332
0.214162
0.214004
0.213798
0.213675
0.213487
0.213359
0.213154
0.213031
0.212861
0.212703
0.212497
0.212339
0.212153
0.212031
0.211826
0.211631
0.211426
0.211267
0.211128
0.210976
0.210818
0.210612
0.210537
0.210367
0.210193
0.209987
0.209829
0.209624
0.209465
0.209295
0.209121
0.208916
0.208793
0.208622
0.208482
0.208277
0.208103
0.207940
0.207782
0.207577
0.207419
0.207213
0.207039
0.206894
0.206645
0.206533
0.206363
0.206205
0.205984
0.205861
0.205721
0.205582
0.205376
0.205218
0.204997
0.204839
0.204633
0.204475
0.204269
0.204111
0.203976
0.203802
0.203596
0.203438
0.203279
0.203120
0.202950
0.202776
0.202571
0.202413
0.202207
0.202049
0.201891
0.201670
0.201531
0.201325
0.201238
0.201033
0.200875
0.200653
0.200495
0.200290
0.200131
0.199926
0.199768
0.199546
0.199388
0.199183
0.199059
0.198899
0.198741
0.198539
0.198381
0.198175
0.198017
0.197859
0.197653
0.197480
0.197274
0.197116
0.196910
0.196824
0.196618
0.196460
0.196239
0.196081
0.195875
0.195717
0.195548
0.195390
0.195169
0.195010
0.194805
0.194682
0.194440
0.194282
0.194060
0.193968
0.193796
0.193638
0.193469
0.193311
0.193137
0.192865
0.192707
0.192534
0.192376
0.192170
0.192066
0.191861
0.191703
0.191497
0.191339
0.191133
0.190975
0.190754
0.190563
0.190357
0.190199
0.189994
0.189836
0.189647
0.189489
0.189284
0.189146
0.188940
0.188782
0.188608
0.188448
0.188290
0.188051
0.187893
0.187688
0.187549
0.187344
0.187219
0.187013
0.186855
0.186649
0.186512
0.186306
0.186148
0.185943
0.185752
0.185546
0.185372
0.185167
0.185008
0.184803
0.184678
0.184472
0.184298
0.184161
0.183989
0.183831
0.183625
0.183467
0.183213
0.183055
0.182884
0.182726
0.182521
0.182363
0.182174
0.182016
0.181811
0.181652
0.181447
0.181289
0.181083
0.180909
0.180671
0.180513
0.180307
0.180149
0.179944
0.179815
0.179642
0.179484
0.179326
0.179141
0.178983
0.178762
0.178604
0.178398
0.178207
0.178002
0.177844
0.177622
0.177441
0.177236
0.177111
0.176905
0.176747
0.176526
0.176404
0.176198
0.176040
0.175835
0.175644
0.175422
0.175228
0.175070
0.174864
0.174706
0.174534
0.174360
0.174190
0.174032
0.173827
0.173690
0.173484
0.173310
0.173105
0.172914
0.172746
0.172588
0.172361
0.172203
0.171932
0.171795
0.171590
0.171432
0.171226
0.171068
0.170869
0.170711
0.170543
0.170396
0.170190
0.170032
0.169858
0.169652
0.169483
0.169278
0.169083
0.168877
0.168774
0.168569
0.168410
0.168205
0.168090
0.167852
0.167678
0.167439
0.167313
0.167108
0.166950
0.166744
0.166561
0.166355
0.166197
0.166013
0.165899
0.165693
0.165519
0.165339
0.165133
0.164975
0.164747
0.164545
0.164323
0.164165
0.163982
0.163824
0.163618
0.163460
0.163255
0.163081
0.162875
0.162717
0.162512
0.162154
0.161600
0.160976
0.160371
0.159764
0.159109
0.158502
0.157848
0.157224
0.156570
0.156063
0.155542
0.154910
0.154304
0.153588
0.153032
0.152343
0.151786
0.151133
0.150575
0.150006
0.149500
0.148955
0.148399
0.147794
0.147238
0.146619
0.146064
0.145459
0.144931
0.144428
0.143907
0.143350
0.142820
0.142222
0.141667
0.141162
0.140545
0.140037
0.139535
0.139081
0.138576
0.138057
0.137505
0.136948
0.136348
0.135795
0.135141
0.134573
0.134025
0.133519
0.132952
0.132399
0.131833
0.131231
0.130732
0.130086
0.129582
0.129036
0.128517
0.127972
0.127521
0.126927
0.126448
0.125834
0.125338
0.124791
0.124253
0.123655
0.123211
0.122747
0.122273
0.121756
0.121209
0.120710
0.120195
0.119685
0.119190
0.118692
0.118155
0.117761
0.117251
0.116761
0.116226
0.115784
0.115242
0.114797
0.114245
0.113800
0.113309
0.112922
0.112437
0.112019
0.111464
0.111028
0.110543
0.110019
0.109602
0.109169
0.108778
0.108261
0.107828
0.107341
0.106942
0.106536
0.106132
0.105695
0.105413
0.104933
0.104546
0.104171
0.103735
0.103303
0.102975
0.102540
0.102219
0.101883
0.101604
0.101290
0.100955
0.100571
0.100209
0.099874
0.099568
0.099255
0.098985
0.098640
0.098402
0.098069
0.097772
0.097499
0.097260
0.096943
0.096708
0.096478
0.096260
0.096015
0.095768
0.095444
0.095099
0.094865
0.094619
0.094446
0.094297
0.094017
0.093772
0.093556
0.093269
0.092989
0.092798
0.092623
0.092363
0.092181
0.092033
0.091896
0.091640
0.091410
0.091231
0.091034
0.090855
0.090646
0.090420
0.090288
0.090238
0.090026
0.089832
0.089625
0.089446
0.089207
0.089076
0.088885
0.088763
0.088524
0.088489
0.088272
0.088141
0.087944
0.087814
0.087639
0.087509
0.087334
0.087157
0.087063
0.086934
0.086869
0.086680
0.086600
0.086410
0.086276
0.086097
0.085951
0.085838
0.085699
0.085583
0.085520
0.085359
0.085249
0.085158
0.085000
0.084830
0.084708
0.084586
0.084436
0.084294
0.084173
0.084127
0.083989
0.083912
0.083806
0.083687
0.083580
0.083492
0.083386
0.083268
0.083164
0.083014
0.082870
0.082768
0.082663
0.082547
0.082498
0.082341
0.082246
0.082096
0.081988
0.081932
0.081821
0.081719
0.081575
0.081541
0.081354
0.081230
0.081128
0.080993
0.080896
0.080782
0.080706
0.080553
0.080482
0.080369
0.080194
0.080050
0.079983
0.079843
0.079727
0.079550
0.079508
0.079316
0.079225
0.079068
0.078884
0.078780
0.078693
0.078495
0.078362
0.078223
0.078042
0.078032
0.077901
0.077766
0.077683
0.077466
0.077340
0.077135
0.076995
0.076819
0.076671
0.076545
0.076325
0.076158
0.075941
0.075839
0.075646
0.075478
0.075288
0.075080
0.074890
0.074775
0.074646
0.074536
0.074436
0.074276
0.074086
0.073901
0.073692
0.073419
0.073285
0.073059
0.072831
0.072695
0.072442
0.072278
0.072048
0.071843
0.071680
0.071418
0.071256
0.070999
0.070796
0.070635
0.070388
0.070155
0.070115
0.069934
0.069774
0.069584
0.069339
0.069101
0.068832
0.068675
0.068486
0.068213
0.068040
0.067804
0.067531
0.067344
0.067196
0.066970
0.066738
0.066557
0.066290
0.066058
0.065834
0.065601
0.065379
0.065194
0.065008
0.064965
0.064765
0.064547
0.064363
0.064145
0.063917
0.063743
0.063526
0.063328
0.063061
0.062831
0.062615
0.062469
0.062209
0.062030
0.061827
0.061645
0.061383
0.061168
0.060892
0.060674
0.060381
0.060166
0.059966
0.059715
0.059458
0.059278
0.058945
0.058725
0.058655
0.058533
0.058353
0.058113
0.057900
0.057616
0.057441
0.057194
0.056940
0.056694
0.056447
0.056197
0.055950
0.055686
0.055496
0.055268
0.055021
0.054810
0.054559
0.054350
0.054140
0.053859
0.053650
0.053364
0.053155
0.052909
0.052591
0.052445
0.052162
0.051922
0.051747
0.051665
0.051524
0.051235
0.051027
0.050782
0.050538
0.050258
0.050047
0.049823
0.049543
0.049290
0.049008
0.048796
0.048552
0.048308
0.048135
0.047819
0.047576
0.047364
0.047083
0.046829
0.046580
0.046358
0.046116
0.045834
0.045619
0.045340
0.045091
0.044880
0.044598
0.044358
0.044109
0.043898
0.043687
0.043437
0.043320
0.043320
0.043154
0.042904
0.042693
0.042514
0.042303
0.042123
0.041905
0.041694
0.041515
0.041328
0.041117
0.040922
0.040742
0.040587
0.040454
0.040274
0.040095
0.039916
0.039775
0.039628
0.039449
0.039320
0.039212
0.039033
0.038874
0.038728
0.038549
0.038441
0.038244
0.038136
0.038028
0.037814
0.037700
0.037593
0.037415
0.037351
0.037230
0.037160
0.037160
0.037052
0.036945
0.036838
0.036731
0.036607
0.036500
0.036394
0.036288
0.036216
0.036154
0.036083
0.035942
0.035836
0.035731
0.035625
0.035520
0.035450
0.035342
0.035281
0.035246
0.035141
0.035037
0.034994
0.034919
0.034849
0.034745
0.034713
0.034610
0.034540
0.034437
0.034405
0.034303
0.034194
0.034195
0.034195
0.034164
0.034094
0.033991
0.033961
0.033860
0.033830
0.033790
0.033720
0.033696
0.033597
0.033578
0.033541
0.033512
0.033408
0.033339
0.033311
0.033214
0.033155
0.033086
0.033094
0.033019
0.032993
0.032925
0.032899
0.032863
0.032804
0.032804
0.032736
0.032736
0.032711
0.032668
0.032641
0.032629
0.032562
0.032539
0.032472
0.032472
0.032405
0.032415
0.032393
0.032290
0.032290
0.032224
0.032203
0.032137
0.032140
0.032088
0.032023
0.032023
0.031958
0.031940
0.031972
0.031985
0.031967
0.031921
0.031903
0.031903
0.031840
0.031823
0.031776
0.031728
0.031712
0.031665
0.031650
0.031682
0.031620
0.031620
0.031559
0.031551
0.031515
0.031467
0.031518
0.031518
0.031470
0.031470
0.031458
0.031409
0.031430
0.031424
0.031365
0.031365
0.031355
0.031306
0.031297
0.031297
0.031248
0.031239
0.031239
0.031239
0.031239
0.031257
0.031200
0.031200
0.031157
0.031108
0.031102
0.031102
0.031055
0.031049
0.031049
0.031000
0.030995
0.031038
0.031002
0.031036
0.030982
0.030982
0.030949
0.030965
0.030881
0.030895
0.030893
0.030844
0.030844
0.030866
0.030865
0.030829
0.030780
0.030780
0.030743
0.030659
0.030659
0.030660
0.030709
0.030709
0.030709
0.030661
0.030681
0.030704
0.030655
0.030663
0.030663
0.030628
0.030628
0.030583
0.030583
0.030583
0.030596
0.030552
0.030552
0.030546
0.030546
0.030540
0.030492
0.030492
0.030492
0.030456
0.030485
0.030437
0.030437
0.030445
0.030423
0.030467
0.030419
0.030419
0.030419
0.030441
0.030451
0.030451
0.030416
0.030368
0.030368
0.030379
0.030382
0.030359
0.030359
0.030394
0.030407
0.030383
0.030350
0.030372
0.030372
0.030386
0.030351
0.030316
0.030316
0.030316
0.030331
0.030309
0.030309
0.030298
0.030298
0.030314
0.030314
0.030314
0.030337
0.030337
0.030319
0.030327
0.030327
0.030327
0.030312
0.030290
0.030308
0.030308
0.030344
0.030344
0.030344
0.030358
0.030380
0.030380
0.030349
0.030305
0.030305
0.030326
0.030289
0.030266
0.030266
0.030266
0.030301
0.030301
0.030281
0.030281
0.030303
0.030305
0.030305
0.030305
0.030329
0.030329
0.030249
0.030253
0.030253
0.030253
0.030255
0.030290
0.030315
0.030281
0.030341
0.030307
0.030307
0.030307
0.030307
0.030307
0.030267
0.030229
0.030189
0.030122
0.030158
0.030192
0.030158
0.030158
0.030262
0.030215
0.030215
0.030249
0.030249
0.030249
0.030232
0.030150
0.030117
0.030078
0.030113
0.030113
0.030143
0.030142
0.030209
0.030171
0.030136
0.030136
0.030136
0.030130
0.030108
0.030108
0.030026
0.030061
0.030061
0.030061
0.030093
0.030166
0.030188
0.030152
0.030117
0.030117
0.030117
0.030083
0.030060
0.029992
0.029992
0.030027
0.030027
0.030027
0.030027
0.030027
0.029993
0.030015
0.030015
0.029980
0.029980
0.029980
0.029922
0.029922
0.029957
0.029957
0.029957
0.029934
0.029934
0.029902
0.029902
0.029924
0.029924
0.029947
0.029911
0.029858
0.029858
0.029858
0.029893
0.029893
0.029893
0.029893
0.029862
0.029868
0.029868
0.029890
0.029890
0.029868
0.029838
0.029809
0.029809
0.029809
0.029809
0.029809
0.029809
0.029746
0.029714
0.029676
0.029676
0.029699
0.029699
0.029671
0.029643
0.029643
0.029643
0.029643
0.029643
0.029643
0.029643
0.029616
0.029616
0.029616
0.029616
0.029616
0.029616
0.029616
0.029590
0.029590
0.029590
0.029590
0.029590
0.029590
0.029590
0.029566
0.029566
0.029566
0.029566
0.029566
0.029566
0.029566
0.029566
0.029506
0.029483
0.029483
0.029483
0.029483
0.029483
0.029483
0.029461
0.029461
0.029461
0.029484
0.029484
0.029484
0.029484
0.029450
0.029430
0.029430
0.029430
0.029430
0.029435
0.029435
0.029435
0.029403
0.029384
0.029384
0.029384
0.029340
0.029340
0.029340
0.029340
0.029322
0.029322
0.029322
0.029322
0.029292
0.029292
0.029292
0.029292
0.029270
0.029270
0.029270
0.029270
0.029270
0.029270
0.029233
0.029233
0.029218
0.029218
0.029218
0.029218
0.029218
0.029218
0.029218
0.029218
0.029205
0.029205
0.029205
0.029205
0.029205
0.029205
0.029205
0.029205
0.029205
0.029193
0.029193
0.029193
0.029193
0.029193
0.029159
0.029137
0.029137
0.029127
0.029127
0.029127
0.029127
0.029141
0.029141
0.029141
0.029141
0.029141
0.029133
0.029133
0.029125
0.029125
0.029125
0.029131
0.029131
0.029131
0.029124
0.029091
0.029091
0.029091
0.029091
0.029059
0.029092
0.029057
0.029057
0.029022
0.029022
0.029022
0.029022
0.029022
0.028983
0.028983
0.028983
0.028983
0.028980
0.028980
0.028980
0.029014
0.029014
0.029014
0.029014
0.029014
0.029013
0.029013
0.028980
0.028980
0.028980
0.028980
0.028980
0.028980
0.028980
0.028980
0.029014
0.029014
0.029014
0.029014
0.029014
0.028947
0.028947
0.028947
0.028950
0.028950
0.028950
0.028950
0.028950
0.028950
0.028950
0.028950
0.028955
0.028955
0.028955
0.028955
0.028955
0.028955
0.028955
0.028955
0.029008
0.029008
0.029014
0.029014
0.029014
0.029014
0.029014
0.028979
0.028979
0.028987
0.028987
0.028987
0.028958
0.028958
0.028958
0.028958
0.028952
0.028962
0.028962
0.028962
0.028962
0.028962
0.028962
0.028962
0.028962
0.028973
0.028973
0.028973
0.028973
0.028973
0.028973
0.028973
0.028973
0.029000
0.029000
0.028963
0.028963
0.029000
0.029000
0.029000
0.029000
0.029014
0.029014
0.029014
0.029014
0.029014
0.029014
0.028977
0.028993
0.028993
0.028993
0.029030
0.029030
0.029030
0.028997
0.028997
0.029015
0.029015
0.029015
0.029059
0.029022
0.029022
0.029022
0.028996
0.029002
0.029002
0.029039
0.029039
0.029039
0.029039
0.029039
0.029059
0.029104
0.029104
0.029067
0.029067
0.029067
0.029022
0.029016
0.029016
0.029018
0.029012
0.029012
0.029012
0.029012
0.029079
0.029079
0.029042
0.029042
0.029042
0.029042
0.029042
0.028997
0.029021
0.029058
0.029100
0.029100
0.029100
0.029144
0.029144
0.029169
0.029132
0.029132
0.029132
0.029132
0.029132
0.029132
0.029113
0.029113
0.029150
0.029150
0.029150
0.029194
0.029194
0.029198
0.029161
0.029161
0.029161
0.029184
0.029184
0.029184
0.029212
0.029173
0.029210
0.029210
0.029210
0.029210
0.029210
0.029202
0.029208
0.029208
0.029208
0.029208
0.029208
0.029176
0.029206
0.029206
0.029243
0.029243
0.029243
0.029243
0.029243
0.029237
0.029237
0.029205
0.029205
0.029199
0.029199
0.029199
0.029199
0.029204
0.029204
0.029241
0.029241
0.029204
0.029204
0.029204
0.029204
0.029237
0.029237
0.029237
0.029237
0.029237
0.029237
0.029237
0.029237
0.029201
0.029235
0.029235
0.029235
0.029235
0.029235
0.029235
0.029243
0.029243
0.029243
0.029277
0.029243
0.029220
0.029220
0.029220
0.029253
0.029220
0.029212
0.029212
0.029212
0.029248
0.029270
0.029270
0.029270
0.029270
0.029270
0.029270
0.029302
0.029302
0.029302
0.029276
0.029312
0.029312
0.029312
0.029312
0.029312
0.029312
0.029312
0.029280
0.029312
0.029312
0.029312
0.029349
0.029349
0.029317
0.029317
0.029317
0.029317
0.029311
0.029311
0.029311
0.029311
0.029311
0.029343
0.029381
0.029381
0.029381
0.029381
0.029351
0.029319
0.029327
0.029327
0.029327
0.029327
0.029327
0.029327
0.029359
0.029398
0.029398
0.029372
0.029372
0.029372
0.029372
0.029311
0.029311
0.029311
0.029311
0.029311
0.029311
0.029311
0.029329
0.029329
0.029329
0.029368
0.029368
0.029368
0.029391
0.029359
0.029331
0.029331
0.029331
0.029331
0.029331
0.029331
0.029364
0.029364
0.029364
0.029369
0.029369
0.029369
0.029343
0.029311
0.029311
0.029390
0.029355
0.029355
0.029355
0.029254
0.029286
0.029286
0.029286
0.029286
0.029222
0.029222
0.029222
0.029222
0.029261
0.029261
0.029261
0.029261
0.029261
0.029255
0.029231
0.029231
0.029231
0.029198
0.029198
0.029198
0.029198
0.029241
0.029279
0.029279
0.029256
0.029256
0.029256
0.029251
0.029251
0.029251
0.029251
0.029218
0.029218
0.029196
0.029196
0.029234
0.029202
0.029235
0.029235
0.029212
0.029212
0.029267
0.029208
0.029208
0.029175
0.029175
0.029175
