2.360929
2.239640
2.135876
2.072639
2.044044
2.034736
2.032880
2.032412
2.032031
2.031282
2.030414
2.029079
2.027537
2.025538
2.023488
2.021276
2.018301
2.014887
2.010812
2.006804
2.002700
1.998265
1.993687
1.989767
1.985081
1.980654
1.976487
1.972677
1.968332
1.964075
1.960317
1.956040
1.951709
1.947327
1.942696
1.938199
1.934158
1.930012
1.925459
1.921329
1.917669
1.914510
1.910918
1.907130
1.903015
1.899295
1.895381
1.890989
1.886295
1.881838
1.877664
1.873311
1.868959
1.864852
1.860849
1.856067
1.851788
1.847391
1.843065
1.838733
1.834154
1.829633
1.824812
1.820291
1.815469
1.811124
1.806245
1.801405
1.796448
1.791504
1.786408
1.781510
1.776345
1.771466
1.766587
1.761669
1.756576
1.751306
1.745857
1.740726
1.735568
1.730521
1.725665
1.720451
1.715423
1.709723
1.704657
1.699158
1.693681
1.687833
1.682013
1.676785
1.671634
1.666533
1.661417
1.656400
1.651564
1.646610
1.641786
1.636797
1.632130
1.627317
1.622289
1.617110
1.611958
1.606895
1.601776
1.596705
1.591859
1.586810
1.581788
1.576852
1.571446
1.566178
1.561174
1.556357
1.551588
1.546829
1.542087
1.537371
1.533005
1.528124
1.523026
1.518071
1.513213
1.508814
1.504591
1.500422
1.496230
1.492055
1.487949
1.483742
1.479652
1.475389
1.471517
1.467655
1.463506
1.459440
1.455088
1.450860
1.446708
1.442717
1.438537
1.434347
1.430192
1.426052
1.421972
1.417734
1.413839
1.409889
1.406013
1.402258
1.398335
1.394297
1.390612
1.386696
1.383192
1.379188
1.376072
1.372891
1.369031
1.365978
1.362452
1.358790
1.355001
1.351159
1.346987
1.343302
1.339592
1.335745
1.331772
1.328052
1.324382
1.320488
1.316663
1.312948
1.309184
1.305185
1.300887
1.297004
1.293716
1.289882
1.285985
1.282250
1.278510
1.275120
1.271226
1.267210
1.263261
1.259510
1.255494
1.251211
1.246874
1.242752
1.239040
1.235517
1.230971
1.226551
1.222089
1.217959
1.213630
1.208550
1.203763
1.199217
1.194539
1.189459
1.184579
1.179629
1.174933
1.170117
1.165235
1.160341
1.155441
1.150627
1.145715
1.140704
1.135661
1.130267
1.124704
1.119564
1.114920
1.109992
1.104947
1.099829
1.095221
1.090322
1.085382
1.079866
1.074442
1.068966
1.063451
1.057855
1.051984
1.045917
1.039835
1.034168
1.028536
1.022719
1.016773
1.010565
1.004882
0.998940
0.993155
0.987101
0.981115
0.975280
0.969578
0.963938
0.958379
0.952939
0.947907
0.943077
0.938147
0.933193
0.927759
0.922028
0.916240
0.910866
0.905248
0.899506
0.893649
0.887976
0.882530
0.876689
0.871191
0.865562
0.860017
0.854348
0.848749
0.843268
0.837624
0.831966
0.826441
0.821084
0.815688
0.810529
0.805489
0.800593
0.795643
0.790709
0.785636
0.780781
0.775762
0.770741
0.765399
0.760153
0.755085
0.749861
0.744753
0.739788
0.734804
0.729809
0.725075
0.720222
0.715454
0.710604
0.706019
0.701253
0.696727
0.692085
0.687639
0.683309
0.678981
0.674654
0.670395
0.666257
0.662288
0.658589
0.654636
0.650667
0.646633
0.642822
0.638720
0.634743
0.630932
0.627118
0.623372
0.619600
0.615752
0.611958
0.608070
0.604335
0.600722
0.597284
0.593758
0.590140
0.586567
0.583150
0.579917
0.576508
0.572923
0.569211
0.565543
0.561826
0.558554
0.555349
0.552224
0.549398
0.546668
0.543988
0.541203
0.538497
0.535604
0.532758
0.530056
0.527428
0.524889
0.522384
0.519943
0.517832
0.516044
0.513786
0.512207
0.510263
0.507947
0.505733
0.503260
0.500587
0.498012
0.495289
0.492692
0.490025
0.487461
0.484952
0.482420
0.480193
0.477606
0.474904
0.472152
0.470256
0.468442
0.466453
0.464419
0.462321
0.460202
0.458264
0.456043
0.453802
0.451550
0.449270
0.447106
0.445046
0.443039
0.441249
0.439258
0.437078
0.434979
0.433201
0.431453
0.429428
0.427479
0.425519
0.423418
0.421395
0.419611
0.417885
0.416229
0.414761
0.412924
0.411203
0.409747
0.407959
0.406215
0.404469
0.402454
0.400668
0.399169
0.397468
0.395716
0.394073
0.392529
0.390968
0.389350
0.387796
0.386147
0.384326
0.382759
0.381036
0.379467
0.377834
0.376361
0.374633
0.373217
0.371697
0.370111
0.368621
0.367047
0.365456
0.364044
0.362628
0.361150
0.359752
0.358376
0.356844
0.355642
0.354143
0.352645
0.351065
0.349580
0.348274
0.346633
0.345232
0.343819
0.342470
0.340854
0.339353
0.337782
0.336412
0.334929
0.333545
0.331961
0.330465
0.329117
0.327647
0.326271
0.324943
0.323353
0.322092
0.320549
0.319156
0.317711
0.316076
0.314407
0.312972
0.311525
0.310003
0.308551
0.307361
0.305924
0.304650
0.303154
0.301768
0.300329
0.299102
0.297607
0.296233
0.294961
0.293613
0.292241
0.290919
0.289582
0.288327
0.286900
0.285611
0.284231
0.282968
0.281826
0.280513
0.279129
0.277804
0.276467
0.275383
0.274095
0.272603
0.271492
0.270161
0.268931
0.267680
0.266484
0.265126
0.263874
0.262518
0.261291
0.260006
0.258836
0.257382
0.256252
0.254907
0.253519
0.252322
0.251084
0.249764
0.248542
0.247096
0.245858
0.244653
0.243222
0.241962
0.240649
0.239315
0.238022
0.236706
0.235400
0.233960
0.232775
0.231411
0.230130
0.228733
0.227301
0.226024
0.224571
0.223295
0.221884
0.220404
0.219146
0.217871
0.216488
0.215087
0.213835
0.212401
0.211073
0.209755
0.208484
0.207032
0.205779
0.204414
0.203140
0.201903
0.200584
0.199366
0.198111
0.196880
0.195603
0.194342
0.193127
0.191949
0.190874
0.189523
0.188408
0.187266
0.186155
0.184904
0.183782
0.182870
0.181658
0.180453
0.179539
0.178600
0.177371
0.176394
0.175336
0.174362
0.173425
0.172402
0.171405
0.170409
0.169541
0.168546
0.167570
0.166701
0.165822
0.164940
0.163969
0.163122
0.162252
0.161454
0.160562
0.159653
0.158857
0.157905
0.157109
0.156330
0.155518
0.154668
0.153910
0.153162
0.152316
0.151525
0.150683
0.149900
0.149059
0.148425
0.147580
0.146794
0.146085
0.145256
0.144452
0.143718
0.142908
0.142179
0.141434
0.140591
0.139827
0.139205
0.138352
0.137573
0.136860
0.136040
0.135185
0.134408
0.133629
0.132887
0.132017
0.131289
0.130569
0.129645
0.128856
0.128002
0.127214
0.126506
0.125561
0.124727
0.123910
0.123031
0.122107
0.121322
0.120528
0.119652
0.118674
0.117926
0.117051
0.116089
0.115298
0.114425
0.113458
0.112489
0.111620
0.110644
0.109814
0.108925
0.107852
0.106928
0.106012
0.105080
0.104077
0.103089
0.102271
0.101391
0.100393
0.099462
0.098535
0.097495
0.096682
0.095765
0.094758
0.093928
0.093095
0.092051
0.091221
0.090277
0.089466
0.088569
0.087711
0.086929
0.085982
0.085166
0.084369
0.083557
0.082860
0.081943
0.081243
0.080339
0.079640
0.078930
0.078223
0.077567
0.076903
0.076186
0.075520
0.074914
0.074257
0.073664
0.072986
0.072437
0.071909
0.071215
0.070735
0.070133
0.069752
0.069258
0.068669
0.068114
0.067726
0.067262
0.066800
0.066299
0.065992
0.065578
0.065178
0.064660
0.064351
0.064026
0.063765
0.063319
0.062879
0.062531
0.062267
0.061880
0.061526
0.061236
0.061060
0.060590
0.060264
0.060055
0.059775
0.059523
0.059237
0.059063
0.058841
0.058563
0.058387
0.058014
0.057918
0.057744
0.057460
0.057258
0.057008
0.056738
0.056532
0.056374
0.056230
0.056075
0.055919
0.055612
0.055445
0.055317
0.055061
0.054900
0.054755
0.054566
0.054270
0.054145
0.054104
0.053891
0.053791
0.053542
0.053448
0.053244
0.053180
0.052940
0.052751
0.052626
0.052558
0.052275
0.052132
0.052063
0.051829
0.051680
0.051595
0.051357
0.051255
0.051030
0.050903
0.050721
0.050669
0.050456
0.050245
0.050080
0.049921
0.049811
0.049689
0.049543
0.049390
0.049251
0.049062
0.049007
0.048832
0.048641
0.048473
0.048380
0.048198
0.048049
0.047894
0.047706
0.047644
0.047438
0.047319
0.047170
0.047072
0.046893
0.046782
0.046556
0.046514
0.046241
0.046159
0.045984
0.045754
0.045646
0.045579
0.045385
0.045183
0.044981
0.044835
0.044668
0.044510
0.044455
0.044256
0.044077
0.043937
0.043792
0.043696
0.043471
0.043314
0.043219
0.043058
0.042914
0.042740
0.042574
0.042367
0.042259
0.042081
0.042004
0.041965
0.041739
0.041560
0.041509
0.041401
0.041214
0.041096
0.040873
0.040770
0.040618
0.040547
0.040431
0.040277
0.040064
0.040066
0.039902
0.039649
0.039583
0.039416
0.039312
0.039213
0.039137
0.039029
0.038827
0.038746
0.038581
0.038442
0.038372
0.038204
0.038085
0.037926
0.037843
0.037722
0.037598
0.037482
0.037346
0.037242
0.037130
0.037018
0.036863
0.036819
0.036740
0.036498
0.036465
0.036392
0.036279
0.036172
0.036144
0.035972
0.035858
0.035815
0.035611
0.035479
0.035400
0.035326
0.035217
0.035149
0.035010
0.034944
0.034836
0.034734
0.034612
0.034522
0.034531
0.034387
0.034321
0.034257
0.034151
0.034041
0.033951
0.033960
0.033773
0.033664
0.033673
0.033581
0.033432
0.033389
0.033402
0.033348
0.033251
0.033162
0.033063
0.032913
0.032920
0.032885
0.032772
0.032698
0.032678
0.032713
0.032622
0.032535
0.032465
0.032405
0.032314
0.032257
0.032259
0.032169
0.032110
0.032102
0.031942
0.031989
0.031890
0.031807
0.031759
0.031832
0.031734
0.031685
0.031557
0.031564
0.031497
0.031446
0.031431
0.031421
0.031379
0.031331
0.031331
0.031327
0.031233
0.031245
0.031248
0.031159
0.031110
0.031085
0.031065
0.031123
0.031073
0.031020
0.031052
0.030903
0.030854
0.030897
0.030825
0.030880
0.030831
0.030903
0.030815
0.030811
0.030779
0.030730
0.030747
0.030654
0.030669
0.030666
0.030666
0.030638
0.030615
0.030601
0.030601
0.030665
0.030592
0.030592
0.030543
0.030577
0.030495
0.030495
0.030466
0.030512
0.030554
0.030544
0.030613
0.030560
0.030512
0.030526
0.030477
0.030499
0.030531
0.030485
0.030447
0.030447
0.030399
0.030399
0.030422
0.030373
0.030411
0.030456
0.030437
0.030418
0.030395
0.030433
0.030353
0.030419
0.030419
0.030403
0.030385
0.030385
0.030346
0.030303
0.030303
0.030303
0.030308
0.030252
0.030314
0.030354
0.030354
0.030320
0.030340
0.030340
0.030340
0.030359
0.030343
0.030343
0.030367
0.030367
0.030338
0.030334
0.030358
0.030324
0.030324
0.030364
0.030364
0.030317
0.030316
0.030301
0.030301
0.030301
0.030333
0.030322
0.030388
0.030324
0.030366
0.030366
0.030360
0.030360
0.030314
0.030314
0.030314
0.030355
0.030355
0.030381
0.030381
0.030381
0.030334
0.030345
0.030370
0.030344
0.030344
0.030344
0.030313
0.030313
0.030313
0.030294
0.030294
0.030339
0.030375
0.030375
0.030416
0.030486
0.030486
0.030517
0.030517
0.030517
0.030447
0.030443
0.030443
0.030424
0.030458
0.030458
0.030448
0.030491
0.030558
0.030503
0.030503
0.030503
0.030457
0.030457
0.030457
0.030457
0.030530
0.030507
0.030507
0.030507
0.030545
0.030545
0.030545
0.030575
0.030579
0.030618
0.030534
0.030495
0.030495
0.030519
0.030519
0.030519
0.030519
0.030544
0.030544
0.030582
0.030621
0.030621
0.030621
0.030621
0.030621
0.030688
0.030688
0.030688
0.030649
0.030649
0.030649
0.030656
0.030646
0.030646
0.030706
0.030737
0.030737
0.030737
0.030693
0.030693
0.030693
0.030693
0.030693
0.030693
0.030693
0.030643
0.030643
0.030643
0.030674
0.030749
0.030729
0.030729
0.030729
0.030687
0.030687
0.030687
0.030696
0.030741
0.030741
0.030741
0.030741
0.030741
0.030773
0.030773
0.030773
0.030773
0.030754
0.030754
0.030713
0.030713
0.030713
0.030713
0.030713
0.030713
0.030750
0.030750
0.030750
0.030782
0.030782
0.030782
0.030782
0.030815
0.030815
0.030800
0.030800
0.030783
0.030783
0.030783
0.030796
0.030751
0.030751
0.030751
0.030751
0.030751
0.030718
0.030718
0.030718
0.030716
0.030659
0.030659
0.030693
0.030693
0.030705
0.030705
0.030705
0.030705
0.030705
0.030705
0.030705
0.030705
0.030736
0.030736
0.030736
0.030705
0.030716
0.030679
0.030633
0.030633
0.030655
0.030655
0.030676
0.030676
0.030676
0.030676
0.030638
0.030670
0.030670
0.030707
0.030707
0.030707
0.030668
0.030668
0.030665
0.030703
0.030657
0.030676
0.030660
0.030660
0.030660
0.030623
0.030623
0.030654
0.030654
0.030654
0.030654
0.030654
0.030660
0.030660
0.030614
0.030614
0.030645
0.030612
0.030612
0.030612
0.030574
0.030574
0.030606
0.030606
0.030644
0.030681
0.030635
0.030635
0.030667
0.030635
0.030621
0.030621
0.030621
0.030621
0.030621
0.030621
0.030621
0.030575
0.030575
0.030575
0.030575
0.030568
0.030568
0.030555
0.030555
0.030555
0.030524
0.030477
0.030477
0.030477
0.030477
0.030477
0.030508
0.030508
0.030508
0.030508
0.030449
0.030449
0.030449
0.030421
0.030459
0.030459
0.030435
0.030435
0.030435
0.030388
0.030388
0.030388
0.030377
0.030377
0.030377
0.030394
0.030394
0.030348
0.030348
0.030348
0.030348
0.030348
0.030348
0.030348
0.030338
0.030338
0.030291
0.030323
0.030323
0.030254
0.030254
0.030254
0.030221
0.030221
0.030175
0.030175
0.030175
0.030191
0.030191
0.030191
0.030191
0.030224
0.030177
0.030177
0.030177
0.030177
0.030145
0.030183
0.030183
0.030183
0.030168
0.030160
0.030160
0.030160
0.030160
0.030193
0.030193
0.030193
0.030193
0.030146
0.030091
0.030091
0.030091
0.030091
0.030091
0.030084
0.030084
0.030037
0.030037
0.030070
0.030090
0.030090
0.030048
0.030048
0.030015
0.030015
0.029968
0.029968
0.029968
0.029968
0.029968
0.029963
0.029963
0.029963
0.029917
0.029917
0.029917
0.029917
0.029917
0.029917
0.029917
0.029917
0.029917
0.029917
0.029871
0.029871
0.029871
0.029871
0.029871
0.029868
0.029868
0.029868
0.029849
0.029803
0.029803
0.029803
0.029761
0.029761
0.029799
0.029799
0.029799
0.029774
0.029774
0.029729
0.029729
0.029729
0.029729
0.029729
0.029729
0.029729
0.029728
0.029728
0.029728
0.029728
0.029683
0.029683
0.029683
0.029683
0.029683
0.029683
0.029683
0.029683
0.029642
0.029642
0.029673
0.029629
0.029629
0.029629
0.029629
0.029675
0.029675
0.029675
0.029675
0.029675
0.029675
0.029675
0.029675
0.029633
0.029633
0.029633
0.029633
0.029633
0.029633
0.029633
0.029633
0.029630
0.029590
0.029590
0.029590
0.029590
0.029590
0.029547
0.029547
0.029547
0.029547
0.029547
0.029547
0.029547
0.029547
0.029547
0.029547
0.029547
0.029576
0.029576
0.029576
0.029576
0.029494
0.029494
0.029494
0.029494
0.029494
0.029494
0.029531
0.029531
0.029536
0.029536
0.029498
0.029498
0.029498
0.029498
0.029498
0.029498
0.029498
0.029498
0.029495
0.029456
0.029456
0.029456
0.029456
0.029456
0.029456
0.029418
0.029418
0.029394
0.029394
0.029394
0.029394
0.029432
0.029432
0.029432
0.029432
0.029432
0.029432
0.029393
0.029393
0.029353
0.029353
0.029353
0.029353
0.029353
0.029353
0.029391
0.029391
0.029391
0.029391
0.029391
0.029391
0.029391
0.029391
0.029391
0.029391
0.029353
0.029353
0.029353
0.029353
0.029353
0.029353
0.029353
0.029353
0.029353
0.029353
0.029353
0.029314
0.029314
0.029314
0.029314
0.029314
0.029314
0.029278
0.029309
0.029318
0.029318
0.029318
0.029293
0.029293
0.029293
0.029325
0.029325
0.029293
0.029293
0.029293
0.029293
0.029293
0.029293
0.029293
0.029257
0.029257
0.029257
0.029257
0.029257
0.029257
0.029289
0.029289
0.029289
0.029289
0.029289
0.029257
0.029257
0.029257
0.029257
0.029220
0.029220
0.029220
0.029185
0.029185
0.029185
0.029217
0.029185
0.029185
0.029185
0.029185
0.029185
0.029217
0.029185
0.029185
0.029185
0.029185
0.029185
0.029185
0.029153
0.029094
0.029125
0.029125
0.029125
0.029125
0.029125
0.029125
0.029157
0.029157
0.029157
0.029126
0.029126
0.029094
0.029094
0.029094
0.029094
0.029094
0.029125
0.029125
0.029092
0.029092
0.029092
0.029092
0.029092
0.029092
0.029092
0.029092
0.029038
0.029082
0.029082
0.029082
0.029082
0.029114
0.029114
0.029114
0.029114
0.029114
0.029114
0.029067
0.029067
0.029067
0.029067
0.029067
0.029067
0.029067
0.029067
0.029067
0.029067
0.029067
0.029067
0.029042
0.029042
0.029042
0.029042
0.029042
0.029042
0.029042
0.029042
0.029012
0.029012
0.029012
0.029012
0.029012
0.029012
0.029012
0.028977
0.028977
0.028977
0.028977
0.028977
0.028977
0.028977
0.028977
0.028977
0.028977
0.028977
0.028977
0.028977
0.028977
0.028977
0.028977
0.028949
0.028949
0.028949
0.028949
0.028949
0.028949
0.028949
0.028949
0.028949
0.028949
0.028949
0.028987
0.028987
0.028987
0.028987
0.028949
0.028949
0.028949
0.028981
0.028981
0.029028
0.029063
0.029063
0.029063
0.029076
0.029050
0.029015
0.029015
0.029015
0.029015
0.028977
0.028977
0.028977
0.028977
0.028977
0.029012
0.029012
0.029050
0.029050
0.029050
0.029050
0.029050
0.029050
0.029050
0.029050
0.028977
0.028977
0.028977
0.028977
0.029012
0.029050
0.029050
0.029028
0.029028
0.029060
0.029060
0.029060
0.029060
0.029060
0.029060
0.029060
0.029060
0.029073
0.029073
0.029073
0.029073
0.029073
0.029073
0.029073
0.029073
0.029073
0.029073
0.029073
0.029036
0.029036
0.029073
0.029073
0.029073
0.029073
0.029073
0.029073
0.029073
0.029106
0.029106
0.029106
0.029086
0.029086
0.029054
0.029017
0.028992
0.028992
0.028992
0.028992
0.028992
0.028992
0.028992
0.028992
0.029025
0.029025
0.029025
0.029025
0.029025
0.029025
0.029025
0.028992
0.028992
0.028992
0.028992
0.028992
0.028992
0.028992
0.028992
0.029025
0.029025
0.029025
0.029025
0.029025
0.028989
0.028989
0.028989
0.028989
0.028957
0.028957
0.028957
0.028957
0.028957
0.028941
0.028941
0.028973
0.028973
0.028973
0.028973
0.028973
0.028973
0.028973
0.028973
0.028973
0.028973
0.028941
0.028941
0.028941
0.028941
0.028941
0.028939
0.028939
0.028939
0.028901
0.028901
0.028901
0.028901
0.028901
0.028939
0.028939
0.028939
0.028939
0.028939
0.028939
0.028939
0.028939
0.028939
0.028939
0.028918
0.028880
0.028880
0.028880
0.028880
0.028880
0.028918
0.028918
0.028918
0.028918
0.028918
0.028918
0.028918
0.028886
0.028886
0.028918
0.028880
0.028880
0.028880
0.028880
0.028880
0.028868
0.028905
0.028905
0.028874
0.028876
0.028876
0.028876
0.028876
0.028876
0.028907
0.028907
0.028870
0.028870
0.028870
0.028870
0.028870
0.028838
0.028838
0.028876
0.028876
0.028876
0.028876
0.028876
0.028876
0.028907
0.028907
0.028907
0.028870
0.028870
0.028870
0.028838
0.028838
0.028838
0.028838
0.028876
0.028876
0.028876
0.028876
0.028876
0.028907
0.028907
0.028907
0.028907
0.028838
0.028838
0.028838
0.028838
0.028838
0.028838
0.028838
0.028876
0.028876
0.028876
0.028876
0.028876
0.028876
0.028876
0.028876
0.028838
0.028838
0.028838
0.028838
0.028838
0.028838
0.028838
0.028838
0.028876
0.028876
0.028876
0.028858
0.028858
0.028858
0.028858
0.028858
0.028821
0.028821
0.028821
0.028821
0.028821
0.028821
0.028821
0.028821
0.028858
0.028858
0.028858
0.028858
0.028858
0.028858
0.028858
0.028858
0.028821
0.028821
0.028821
0.028821
0.028821
0.028859
0.028859
0.028852
0.028889
0.028850
0.028850
0.028850
0.028850
0.028850
0.028850
0.028850
0.028813
0.028813
0.028852
0.028852
0.028852
0.028852
0.028852
0.028852
0.028850
0.028850
0.028850
0.028850
0.028850
0.028850
0.028850
0.028889
0.028852
0.028852
0.028852
0.028852
0.028852
0.028852
0.028813
0.028813
0.028850
0.028850
0.028850
0.028850
0.028889
0.028889
0.028889
0.028889
0.028852
0.028852
0.028852
0.028852
0.028852
0.028852
0.028813
0.028813
0.028850
0.028850
0.028889
0.028889
0.028889
0.028889
0.028889
0.028889
0.028852
0.028852
0.028852
0.028852
0.028852
0.028852
0.028852
0.028852
0.028889
0.028889
0.028889
0.028889
0.028889
0.028889
0.028889
0.028889
0.028852
0.028896
0.028896
0.028896
0.028896
0.028896
0.028896
0.028896
0.028933
0.028933
0.028933
0.028933
0.028933
0.028933
0.028933
0.028933
0.028896
0.028896
0.028896
0.028896
0.028896
0.028896
0.028896
0.028896
0.028933
0.028933
0.028933
0.028933
0.028933
0.028933
0.028933
0.028933
0.028933
0.028896
0.028929
0.028929
0.028929
0.028929
0.028929
0.028896
0.028933
0.028912
0.028912
0.028912
0.028912
0.028912
0.028912
0.028912
0.028912
0.028874
0.028907
0.028907
0.028907
0.028907
0.028907
0.028874
0.028912
0.028912
0.028899
0.028899
0.028899
0.028899
0.028899
0.028899
0.028899
0.028894
0.028894
0.028894
0.028894
0.028894
0.028894
0.028861
0.028899
0.028899
0.028899
0.028899
0.028899
0.028899
0.028899
0.028899
0.028899
0.028894
0.028894
0.028894
0.028894
0.028894
0.028894
0.028894
0.028899
0.028899
0.028899
0.028899
0.028899
0.028899
0.028899
0.028899
0.028899
0.028894
0.028894
0.028894
0.028894
0.028894
0.028894
0.028931
0.028899
0.028899
0.028899
0.028899
0.028899
0.028899
0.028899
0.028899
0.028899
0.028894
0.028894
0.028894
0.028894
0.028894
0.028894
0.028906
0.028874
0.028874
0.028874
0.028874
0.028874
0.028874
0.028874
0.028874
0.028906
0.028906
0.028869
0.028869
0.028869
0.028869
0.028869
0.028906
0.028874
0.028874
0.028874
0.028874
0.028874
0.028874
0.028874
0.028874
0.028906
0.028906
0.028869
0.028869
0.028869
0.028869
0.028869
0.028906
0.028906
0.028874
0.028874
0.028874
0.028874
0.028874
0.028874
0.028874
0.028906
0.028906
0.028869
0.028869
0.028869
0.028869
0.028869
0.028906
0.028906
0.028874
0.028874
0.028874
0.028874
0.028874
0.028874
0.028874
0.028906
0.028906
0.028869
0.028869
0.028869
0.028869
0.028906
0.028906
0.028906
0.028874
0.028874
0.028874
0.028874
0.028874
0.028874
0.028874
0.028906
0.028906
0.028906
0.028906
0.028906
0.028906
0.028876
0.028876
0.028876
0.028843
0.028874
0.028874
0.028874
0.028874
0.028874
0.028906
0.028906
0.028906
0.028906
0.028876
0.028876
0.028876
0.028876
0.028876
0.028876
0.028906
0.028874
0.028874
0.028874
0.028874
0.028874
0.028906
0.028876
0.028876
0.028876
0.028876
0.028876
0.028876
0.028876
0.028906
0.028906
0.028906
0.028874
0.028874
0.028874
0.028874
0.028843
0.028876
0.028876
0.028876
0.028876
0.028876
0.028876
0.028876
0.028906
0.028906
0.028906
0.028906
0.028874
0.028843
0.028843
0.028843
0.028843
0.028876
0.028876
0.028876
0.028876
0.028876
0.028876
0.028906
0.028906
0.028906
0.028876
0.028876
0.028876
0.028843
0.028843
0.028843
0.028876
0.028876
0.028876
0.028876
0.028876
0.028876
0.028876
0.028876
0.028876
0.028876
0.028876
0.028876
0.028876
0.028876
0.028876
0.028876
0.028876
0.028876
0.028876
0.028876
0.028876
0.028876
0.028876
0.028876
0.028876
0.028876
0.028876
0.028876
0.028876
0.028876
0.028876
0.028876
0.028876
0.028876
0.028864
0.028864
0.028864
0.028864
0.028864
0.028864
0.028864
0.028864
0.028864
0.028864
0.028864
0.028864
0.028864
0.028864
0.028864
0.028864
0.028864
0.028864
0.028864
0.028864
0.028864
0.028864
0.028864
0.028864
0.028864
0.028864
0.028864
0.028864
0.028864
0.028864
0.028819
0.028864
0.028864
0.028864
0.028864
0.028864
0.028864
0.028864
0.028864
0.028864
0.028859
0.028859
0.028859
0.028859
0.028859
0.028819
0.028819
0.028819
0.028819
0.028819
0.028819
0.028819
0.028819
0.028819
0.028859
0.028859
0.028859
0.028859
0.028859
0.028859
0.028819
0.028819
0.028819
0.028819
0.028819
0.028819
0.028819
0.028859
0.028859
0.028859
0.028859
0.028859
0.028859
0.028859
0.028819
0.028819
0.028819
0.028819
0.028819
0.028819
0.028819
0.028859
0.028859
0.028859
0.028859
0.028859
0.028859
0.028859
0.028819
0.028819
0.028819
0.028819
0.028819
0.028819
0.028819
0.028859
0.028859
0.028859
0.028859
0.028859
0.028859
0.028859
0.028838
0.028798
0.028798
0.028798
0.028798
0.028798
0.028838
0.028838
0.028838
0.028838
0.028838
0.028838
0.028838
0.028838
0.028838
0.028798
0.028798
0.028798
0.028798
0.028798
0.028838
0.028838
0.028838
0.028838
0.028838
0.028838
0.028838
0.028838
0.028838
0.028838
0.028838
0.028838
0.028838
0.028838
0.028838
0.028838
0.028838
0.028838
0.028838
0.028838
0.028838
0.028838
0.028838
0.028838
0.028838
0.028838
0.028838
0.028838
0.028838
0.028838
0.028838
0.028838
0.028838
0.028838
0.028838
0.028838
0.028816
0.028816
0.028816
0.028816
0.028816
0.028816
0.028816
0.028816
0.028816
0.028816
0.028816
0.028816
0.028816
0.028816
0.028816
0.028816
