1.994011
1.848906
1.716983
1.629110
1.584837
1.569408
1.566292
1.566133
1.565732
1.565033
1.564333
1.563713
1.562610
1.561523
1.560574
1.559557
1.558449
1.557159
1.556090
1.554748
1.553184
1.551902
1.550391
1.548815
1.547254
1.545816
1.543842
1.541557
1.539156
1.536752
1.534591
1.532631
1.530594
1.528998
1.526984
1.524832
1.522775
1.520446
1.518019
1.516012
1.513583
1.511188
1.509065
1.507136
1.504902
1.502595
1.500330
1.498481
1.496473
1.494205
1.491523
1.488461
1.485195
1.482203
1.479383
1.475795
1.472299
1.468607
1.465037
1.462211
1.459728
1.457407
1.454885
1.452895
1.450854
1.448947
1.446312
1.443277
1.440095
1.437223
1.433890
1.430438
1.427510
1.424637
1.421333
1.418200
1.415648
1.412969
1.410134
1.406600
1.402962
1.399553
1.396454
1.393601
1.389960
1.386615
1.383142
1.379860
1.376995
1.373409
1.369750
1.366478
1.363352
1.360361
1.357169
1.353893
1.351201
1.349093
1.347166
1.345381
1.343660
1.341988
1.340179
1.338022
1.335323
1.332183
1.328991
1.325385
1.321859
1.318110
1.314130
1.310553
1.307352
1.304786
1.302725
1.301009
1.299334
1.298151
1.296754
1.294468
1.291640
1.288325
1.284522
1.280605
1.276438
1.272367
1.268016
1.263453
1.259899
1.257159
1.255328
1.254156
1.253617
1.253794
1.254465
1.255805
1.257378
1.258885
1.260150
1.260399
1.260038
1.258508
1.255803
1.252601
1.249222
1.246027
1.243247
1.241291
1.239772
1.238688
1.237684
1.236914
1.235953
1.235527
1.234488
1.232458
1.229627
1.226003
1.222211
1.218167
1.213344
1.208464
1.203206
1.198672
1.195084
1.192400
1.190654
1.190246
1.190515
1.191487
1.191889
1.191995
1.192265
1.191882
1.190174
1.187653
1.184747
1.181426
1.177777
1.173975
1.170386
1.167087
1.163874
1.161536
1.158604
1.155486
1.152219
1.148335
1.144227
1.140264
1.136482
1.132812
1.130186
1.127593
1.126339
1.124407
1.123328
1.122659
1.122530
1.122248
1.121719
1.120638
1.119349
1.117577
1.114944
1.112251
1.109567
1.106724
1.104089
1.102232
1.100481
1.098693
1.096564
1.093921
1.091163
1.087883
1.085363
1.083027
1.081152
1.078900
1.077235
1.075416
1.073482
1.071683
1.069417
1.066557
1.063112
1.059693
1.056306
1.052837
1.049172
1.045754
1.042813
1.040153
1.037741
1.035540
1.033118
1.031364
1.029488
1.026917
1.024490
1.022159
1.019750
1.016733
1.013550
1.010945
1.008720
1.007034
1.005652
1.003846
1.002184
1.001050
0.999972
0.998337
0.996042
0.993127
0.990243
0.987081
0.984042
0.981149
0.978345
0.975594
0.972491
0.969271
0.966024
0.963140
0.960646
0.957916
0.955003
0.951807
0.948520
0.945595
0.943100
0.940494
0.938006
0.935107
0.932185
0.929564
0.926712
0.924653
0.923120
0.921564
0.919713
0.917290
0.914431
0.911695
0.909232
0.906948
0.904338
0.901621
0.898213
0.894731
0.891367
0.888312
0.885167
0.882229
0.879039
0.875743
0.872538
0.869542
0.866577
0.863595
0.860229
0.857299
0.854333
0.851494
0.848502
0.845463
0.842311
0.839385
0.836235
0.833099
0.829808
0.826658
0.823243
0.819671
0.816478
0.813301
0.810057
0.807359
0.804213
0.801118
0.798258
0.795511
0.792841
0.790107
0.787317
0.784310
0.781495
0.778768
0.775997
0.773178
0.770427
0.767693
0.764993
0.762304
0.759796
0.757195
0.754639
0.752091
0.749574
0.746744
0.744014
0.741375
0.738747
0.735934
0.733236
0.730562
0.727732
0.725145
0.722315
0.719671
0.716842
0.714030
0.711151
0.708294
0.705502
0.702571
0.700151
0.697770
0.695505
0.693225
0.690750
0.688472
0.685794
0.682886
0.679645
0.676357
0.673244
0.669892
0.666765
0.663713
0.660876
0.657944
0.655038
0.652266
0.649437
0.646933
0.644144
0.641208
0.638289
0.635446
0.632462
0.629574
0.626453
0.623471
0.620551
0.617728
0.614677
0.611782
0.608904
0.606088
0.603303
0.600398
0.597531
0.594553
0.591377
0.588014
0.584540
0.580709
0.576808
0.573132
0.569172
0.565532
0.562148
0.559017
0.555914
0.552837
0.549808
0.546539
0.543497
0.540496
0.537261
0.534069
0.530987
0.528081
0.525234
0.522150
0.519073
0.516024
0.513040
0.509924
0.506917
0.503982
0.500968
0.497968
0.495119
0.492242
0.489158
0.486099
0.483234
0.480124
0.477380
0.474565
0.471614
0.468728
0.465872
0.462976
0.460206
0.457405
0.454595
0.451744
0.449044
0.446411
0.443590
0.440696
0.437995
0.435176
0.432370
0.429706
0.427103
0.424160
0.421544
0.418937
0.416247
0.413688
0.411053
0.408516
0.405846
0.403190
0.400595
0.398046
0.395450
0.392793
0.390393
0.387801
0.385383
0.382846
0.380567
0.377907
0.375528
0.373085
0.370553
0.368307
0.365707
0.363287
0.361088
0.358566
0.356001
0.353758
0.351185
0.348552
0.346203
0.343944
0.341396
0.338811
0.336599
0.334174
0.331508
0.329017
0.326789
0.324460
0.321964
0.319351
0.316877
0.314761
0.312546
0.309943
0.307217
0.304978
0.302722
0.300726
0.298176
0.295615
0.293197
0.290938
0.288841
0.286695
0.284353
0.281827
0.279653
0.277555
0.275679
0.273493
0.271041
0.268541
0.266091
0.264029
0.262109
0.260268
0.257941
0.255634
0.253089
0.250890
0.249005
0.247180
0.245131
0.242895
0.240458
0.238456
0.236503
0.234701
0.232902
0.230850
0.228745
0.226432
0.224557
0.222705
0.220960
0.219072
0.217029
0.214880
0.212820
0.210868
0.209185
0.207350
0.205474
0.203370
0.201320
0.199565
0.198009
0.196245
0.194403
0.192373
0.190507
0.188811
0.187004
0.185371
0.183447
0.181576
0.180050
0.178499
0.176664
0.174863
0.173232
0.171623
0.169878
0.168311
0.166576
0.164998
0.163424
0.161866
0.160359
0.158940
0.157463
0.156087
0.154409
0.153165
0.151587
0.150150
0.148833
0.147502
0.146241
0.144806
0.143439
0.142088
0.140770
0.139318
0.138154
0.136828
0.135634
0.134400
0.133126
0.131838
0.130688
0.129434
0.128293
0.127095
0.125733
0.124582
0.123448
0.122274
0.121217
0.120030
0.119016
0.117848
0.116829
0.115596
0.114514
0.113431
0.112381
0.111299
0.110156
0.109233
0.108106
0.107083
0.106041
0.105205
0.104214
0.103083
0.102217
0.101165
0.100325
0.099296
0.098286
0.097358
0.096451
0.095445
0.094605
0.093743
0.092794
0.091980
0.091157
0.090326
0.089327
0.088586
0.087671
0.086853
0.086007
0.085278
0.084544
0.083717
0.083009
0.082240
0.081541
0.080879
0.080198
0.079523
0.078756
0.078138
0.077479
0.076773
0.076113
0.075398
0.074773
0.074202
0.073611
0.072971
0.072381
0.071699
0.071213
0.070648
0.070073
0.069638
0.069017
0.068451
0.067902
0.067517
0.066793
0.066370
0.065812
0.065399
0.065056
0.064629
0.064097
0.063670
0.063222
0.062676
0.062322
0.061931
0.061440
0.061056
0.060671
0.060144
0.059825
0.059438
0.058945
0.058600
0.058397
0.057999
0.057579
0.057175
0.056880
0.056527
0.056120
0.055728
0.055480
0.055069
0.054806
0.054570
0.054304
0.053961
0.053638
0.053329
0.053098
0.052739
0.052437
0.052090
0.052063
0.051721
0.051325
0.051271
0.050913
0.050636
0.050406
0.050169
0.049826
0.049545
0.049380
0.049075
0.048885
0.048642
0.048388
0.048153
0.047959
0.047763
0.047518
0.047357
0.047155
0.046847
0.046675
0.046544
0.046265
0.046054
0.045918
0.045583
0.045320
0.045085
0.044940
0.044778
0.044414
0.044296
0.044125
0.043985
0.043693
0.043491
0.043298
0.043194
0.043151
0.042772
0.042594
0.042575
0.042381
0.042235
0.041940
0.041878
0.041681
0.041504
0.041378
0.041222
0.040948
0.040951
0.040843
0.040696
0.040548
0.040383
0.040231
0.040070
0.039917
0.039907
0.039774
0.039638
0.039467
0.039427
0.039349
0.039243
0.039078
0.038882
0.038764
0.038703
0.038622
0.038466
0.038418
0.038305
0.038188
0.037982
0.037920
0.037820
0.037695
0.037684
0.037467
0.037487
0.037409
0.037408
0.037374
0.037337
0.037272
0.037261
0.037157
0.037110
0.036885
0.036926
0.036878
0.036773
0.036744
0.036703
0.036625
0.036535
0.036409
0.036422
0.036493
0.036306
0.036253
0.036221
0.036164
0.036092
0.036036
0.035892
0.035832
0.035710
0.035684
0.035715
0.035613
0.035523
0.035452
0.035440
0.035358
0.035296
0.035166
0.034992
0.034804
0.034661
0.034517
0.034364
0.034311
0.034229
0.034191
0.034105
0.034096
0.033992
0.033615
0.033569
0.033425
0.033248
0.033223
0.033124
0.032995
0.032822
0.032813
0.032864
0.032752
0.032657
0.032582
0.032552
0.032300
0.032382
0.032313
0.032281
0.032165
0.032102
0.032033
0.032066
0.031951
0.031850
0.031754
0.031698
0.031657
0.031589
0.031573
0.031532
0.031480
0.031379
0.031229
0.031149
0.031121
0.031174
0.031210
0.031169
0.031084
0.030899
0.030872
0.030866
0.030825
0.030976
0.030942
0.030973
0.030996
0.030999
0.031007
0.031047
0.031149
0.031116
0.031198
0.031275
0.031303
0.031311
0.031243
0.031192
0.031224
0.031224
0.031205
0.031292
0.031227
0.031158
0.031237
0.031268
0.031211
0.031155
0.031132
0.031138
0.031170
0.031144
0.031079
0.031075
0.031161
0.031121
0.031121
0.031035
0.031033
0.031051
0.031051
0.031012
0.030988
0.030984
0.030672
0.030623
0.030525
0.030477
0.030393
0.030362
0.030236
0.029846
0.029790
0.029638
0.029552
0.029548
0.029548
0.029383
0.029378
0.029305
0.029270
0.029212
0.029212
0.029165
0.029107
0.029143
0.029110
0.029119
0.029043
0.028955
0.028955
0.028997
0.028970
0.028915
0.028864
0.028876
0.028900
0.028900
0.028837
0.028761
0.028717
0.028717
0.028717
0.028642
0.028648
0.028648
0.028648
0.028588
0.028631
0.028601
0.028585
0.028540
0.028484
0.028517
0.028480
0.028452
0.028816
0.028954
0.029105
0.029201
0.029297
0.029297
0.029369
0.029374
0.029424
0.029436
0.029535
0.029535
0.029604
0.029604
0.029564
0.029640
0.029640
0.029640
0.029807
0.029763
0.029744
0.029784
0.029748
0.029850
0.029850
0.029829
0.029829
0.029829
0.029829
0.029829
0.029792
0.029859
0.029859
0.029864
0.029864
0.029864
0.029864
0.029864
0.029864
0.029846
0.029846
0.029802
0.029502
0.029479
0.029379
0.029371
0.029109
0.029010
0.028862
0.028720
0.028706
0.028583
0.028521
0.028455
0.028360
0.028360
0.028271
0.028196
0.028153
0.028139
0.028160
0.028071
0.028071
0.028040
0.027984
0.027984
0.027923
0.027923
0.027923
0.027911
0.027911
0.027902
0.027902
0.027858
0.027858
0.027900
0.027950
0.027950
0.027962
0.027945
0.027945
0.027945
0.027945
0.027964
0.027878
0.027878
0.027878
0.027878
0.027878
0.027878
0.027867
0.028252
0.028351
0.028550
0.028650
0.028749
0.028749
0.028849
0.028949
0.028999
0.029026
0.029126
0.029126
0.029182
0.029182
0.029165
0.029264
0.029264
0.029238
0.029337
0.029306
0.029306
0.029333
0.029368
0.029424
0.029424
0.029424
0.029466
0.029489
0.029525
0.029525
0.029525
0.029518
0.029540
0.029590
0.029590
0.029545
0.029545
0.029529
0.029529
0.029497
0.029497
0.029497
0.029497
0.029197
0.029147
0.028748
0.028649
0.028455
0.028377
0.028278
0.028228
0.028143
0.028045
0.027995
0.027946
0.027849
0.027833
0.027787
0.027692
0.027662
0.027619
0.027619
0.027620
0.027585
0.027585
0.027585
0.027614
0.027591
0.027565
0.027565
0.027565
0.027565
0.027565
0.027565
0.027565
0.027601
0.027613
0.027613
0.027629
0.027585
0.027585
0.027599
0.027599
0.027599
0.027577
0.027577
0.027514
0.027514
0.027514
0.027514
0.027470
0.027843
0.027942
0.028140
0.028239
0.028339
0.028339
0.028438
0.028538
0.028637
0.028624
0.028679
0.028679
0.028728
0.028728
0.028728
0.028828
0.028828
0.028881
0.028981
0.028981
0.028937
0.028937
0.028937
0.029037
0.029037
0.029074
0.029074
0.029031
0.029031
0.029031
0.029018
0.028974
0.029074
0.029074
0.029074
0.029074
0.029050
0.029050
0.029050
0.029050
0.029050
0.029050
0.029007
0.028707
0.028657
0.028285
0.028186
0.028037
0.027987
0.027888
0.027838
0.027789
0.027661
0.027611
0.027500
0.027403
0.027403
0.027356
0.027348
0.027348
0.027293
0.027293
0.027243
0.027185
0.027185
0.027152
0.027152
0.027060
0.027044
0.027044
0.027044
0.027044
0.027044
0.027044
0.027079
0.027079
0.027129
0.027129
0.027145
0.027104
0.027104
0.027104
0.027104
0.027141
0.027141
0.027141
0.027133
0.027096
0.027078
0.027078
0.027251
0.027500
0.027659
0.027749
0.027848
0.027933
0.027982
0.028082
0.028132
0.028231
0.028281
0.028331
0.028381
0.028431
0.028431
0.028481
0.028531
0.028531
0.028541
0.028591
0.028591
0.028591
0.028563
0.028613
0.028663
0.028663
0.028663
0.028663
0.028663
0.028663
0.028663
0.028663
0.028663
0.028798
0.028798
0.028798
0.028760
0.028760
0.028745
0.028771
0.028771
0.028813
0.028813
0.028838
0.028836
0.028536
0.028145
0.027996
0.027834
0.027734
0.027685
0.027635
0.027577
0.027527
0.027391
0.027332
0.027283
0.027233
0.027185
0.027185
0.027135
0.027089
0.027056
0.027006
0.026965
0.026965
0.026965
0.026965
0.026948
0.026927
0.026927
0.026927
0.026895
0.026933
0.026933
0.026933
0.026933
0.026897
0.026967
0.026967
0.026967
0.026956
0.026956
0.026956
0.026956
0.026956
0.026956
0.026956
0.026956
0.026931
0.026888
0.027272
0.027372
0.027571
0.027670
0.027770
0.027770
0.027870
0.027970
0.028020
0.028069
0.028162
0.028162
0.028262
0.028262
0.028262
0.028362
0.028328
0.028328
0.028428
0.028428
0.028428
0.028428
0.028406
0.028506
0.028506
0.028506
0.028506
0.028506
0.028506
0.028506
0.028506
0.028506
0.028556
0.028605
0.028605
0.028605
0.028605
0.028605
0.028605
0.028605
0.028605
0.028640
0.028640
0.028640
0.028640
0.028041
0.027934
0.027776
0.027676
0.027576
0.027576
0.027514
0.027415
0.027415
0.027315
0.027175
0.027175
0.027119
0.027119
0.027119
0.027049
0.027011
0.027011
0.026920
0.026920
0.026920
0.026920
0.026920
0.026888
0.026888
0.026888
0.026888
0.026888
0.026888
0.026888
0.026888
0.026865
0.026865
0.026936
0.026936
0.026936
0.026936
0.026933
0.026933
0.026933
0.026933
0.026933
0.026933
0.026933
0.026933
0.027133
0.027368
0.027517
0.027666
0.027766
0.027815
0.027865
0.027947
0.027997
0.028097
0.028147
0.028196
0.028246
0.028322
0.028322
0.028372
0.028422
0.028422
0.028472
0.028522
0.028522
0.028489
0.028489
0.028539
0.028620
0.028620
0.028620
0.028620
0.028620
0.028620
0.028620
0.028620
0.028620
0.028689
0.028689
0.028689
0.028689
0.028724
0.028724
0.028724
0.028724
0.028722
0.028722
0.028722
0.028722
0.028722
0.028122
0.028022
0.027822
0.027722
0.027622
0.027622
0.027522
0.027422
0.027414
0.027364
0.027264
0.027264
0.027164
0.027164
0.027164
0.027022
0.027022
0.027022
0.026922
0.026922
0.026922
0.026922
0.026922
0.026822
0.026822
0.026822
0.026822
0.026822
0.026861
0.026861
0.026861
0.026861
0.026911
0.026961
0.026961
0.026961
0.026961
0.026961
0.026961
0.026961
0.026961
0.026961
0.026961
0.026961
0.026961
0.027361
0.027443
0.027643
0.027729
0.027829
0.027829
0.027956
0.028056
0.028025
0.028125
0.028225
0.028225
0.028298
0.028298
0.028295
0.028395
0.028395
0.028395
0.028522
0.028522
0.028522
0.028522
0.028522
0.028622
0.028622
0.028622
0.028622
0.028622
0.028622
0.028622
0.028622
0.028622
0.028622
0.028722
0.028722
0.028722
0.028722
0.028722
0.028722
0.028722
0.028722
0.028722
0.028722
0.028722
0.028722
0.028722
0.028122
0.028022
0.027822
0.027722
0.027664
0.027664
0.027564
0.027422
0.027322
0.027322
0.027222
0.027222
0.027122
0.027122
0.027164
0.027064
0.027090
0.027090
0.026990
0.026990
0.026990
0.026990
0.026990
0.026890
0.026890
0.026890
0.026890
0.026890
0.026890
0.026890
0.026890
0.026890
0.026990
0.026990
0.026990
0.027029
0.027029
0.027029
0.027029
0.027029
0.027029
0.027029
0.027029
0.027029
0.027229
0.027479
0.027629
0.027779
0.027879
0.027929
0.027979
0.028079
0.028129
0.028179
0.028279
0.028329
0.028379
0.028429
0.028429
0.028479
0.028529
0.028529
0.028579
0.028629
0.028629
0.028629
0.028629
0.028629
0.028729
0.028729
0.028729
0.028729
0.028729
0.028729
0.028729
0.028729
0.028729
0.028779
0.028829
0.028829
0.028799
0.028799
0.028799
0.028799
0.028829
0.028829
0.028829
0.028829
0.028788
0.028788
0.028488
0.028108
0.027958
0.027808
0.027708
0.027658
0.027608
0.027508
0.027458
0.027358
0.027350
0.027300
0.027250
0.027200
0.027200
0.027150
0.027100
0.027100
0.027050
0.027000
0.027002
0.027002
0.027002
0.026952
0.026894
0.026894
0.026894
0.026894
0.026894
0.026894
0.026894
0.026894
0.026894
0.026994
0.026994
0.026994
0.026994
0.026994
0.027021
0.027021
0.027021
0.027021
0.027021
0.026994
0.026994
0.027234
0.027484
0.027634
0.027784
0.027884
0.027934
0.028011
0.028111
0.028161
0.028261
0.028311
0.028361
0.028412
0.028462
0.028490
0.028540
0.028598
0.028598
0.028673
0.028723
0.028723
0.028723
0.028723
0.028773
0.028823
0.028823
0.028823
0.028823
0.028823
0.028823
0.028823
0.028823
0.028823
0.028923
0.028923
0.028923
0.028923
0.028923
0.028923
0.028923
0.028923
0.028923
0.028923
0.028923
0.028923
0.028923
0.028623
0.028273
0.028123
0.027973
0.027915
0.027865
0.027815
0.027715
0.027665
0.027565
0.027473
0.027423
0.027373
0.027365
0.027365
0.027315
0.027265
0.027265
0.027215
0.027165
0.027152
0.027152
0.027172
0.027152
0.027102
0.027102
0.027052
0.027052
0.027052
0.027052
0.027052
0.027052
0.027052
0.027152
0.027152
0.027152
0.027152
0.027152
0.027152
0.027152
0.027152
0.027152
0.027152
0.027152
0.027152
0.027352
0.027602
0.027752
0.027902
0.028002
0.028052
0.028102
0.028202
0.028252
0.028352
0.028402
0.028452
0.028502
0.028552
0.028552
0.028602
0.028652
0.028652
0.028702
0.028752
0.028752
0.028752
0.028752
0.028842
0.028892
0.028892
0.028892
0.028892
0.028852
0.028852
0.028892
0.028892
0.028892
0.028992
0.028992
0.028992
0.028992
0.028992
0.028992
0.029027
0.029027
0.029027
0.028992
0.028992
0.028992
0.028692
0.028642
0.028242
0.028142
0.027992
0.027977
0.027877
0.027827
0.027777
0.027677
0.027577
0.027619
0.027519
0.027478
0.027428
0.027378
0.027378
0.027328
0.027278
0.027278
0.027228
0.027228
0.027228
0.027228
0.027178
0.027128
0.027128
0.027128
0.027128
0.027128
0.027157
0.027157
0.027157
0.027207
0.027257
0.027257
0.027257
0.027257
0.027257
0.027257
0.027257
0.027257
0.027257
0.027257
0.027257
0.027257
0.027457
0.027707
0.027857
0.028007
0.028107
0.028157
0.028207
0.028307
0.028357
0.028457
0.028507
0.028557
0.028607
0.028657
0.028657
0.028707
0.028757
0.028757
0.028807
0.028857
0.028857
0.028857
0.028857
0.028907
0.028957
0.028957
0.028957
0.028957
0.028928
0.028928
0.028928
0.028928
0.028928
0.029028
0.029028
0.029057
0.029057
0.029057
0.029057
0.029028
0.029028
0.029028
0.029028
0.029028
0.029028
0.028728
0.028378
0.028228
0.028078
0.027978
0.027928
0.027878
0.027778
0.027728
0.027628
0.027578
0.027528
0.027478
0.027428
0.027428
0.027378
0.027328
0.027328
0.027278
0.027228
0.027228
0.027228
0.027228
0.027178
0.027128
0.027128
0.027203
0.027203
0.027203
0.027203
0.027203
0.027203
0.027272
0.027372
0.027372
0.027372
0.027372
0.027372
0.027345
0.027345
0.027345
0.027345
0.027345
0.027345
0.027345
0.027372
0.027572
0.027822
0.027972
0.028122
0.028222
0.028272
0.028322
0.028422
0.028472
0.028572
0.028622
0.028672
0.028722
0.028772
0.028772
0.028822
0.028872
0.028872
0.028922
0.028972
0.028972
0.028972
0.028972
0.029022
0.029072
0.029072
0.029072
0.029072
0.029072
0.029072
0.029072
0.029072
0.029072
0.029172
0.029172
0.029172
0.029172
0.029172
0.029172
0.029172
0.029172
0.029172
0.029172
0.029172
0.029172
0.028872
0.028522
0.028372
0.028222
0.028122
0.028072
0.028022
0.027922
0.027872
0.027772
0.027722
0.027672
0.027622
0.027572
0.027572
0.027522
0.027472
0.027472
0.027422
0.027372
0.027372
0.027372
0.027372
0.027322
0.027272
0.027272
0.027272
0.027272
0.027272
0.027272
0.027272
0.027272
0.027272
0.027372
0.027372
0.027372
0.027372
0.027372
0.027372
0.027372
0.027372
0.027372
0.027401
0.027401
0.027401
0.027601
0.027651
0.027951
0.028051
0.028201
0.028251
0.028322
0.028372
0.028451
0.028551
0.028651
0.028651
0.028751
0.028751
0.028801
0.028851
0.028851
0.028901
0.028951
0.028951
0.029001
0.029001
0.029001
0.029001
0.029051
0.029101
0.029101
0.029101
0.029101
0.029101
0.029101
0.029101
0.029101
0.029151
0.029201
0.029201
0.029201
0.029201
0.029201
0.029202
0.029202
0.029202
0.029201
0.029201
0.029201
0.029201
0.028901
0.028551
0.028401
0.028251
0.028151
0.028101
0.028051
0.027951
0.027901
0.027801
0.027751
0.027701
0.027651
0.027601
0.027601
0.027551
0.027501
0.027501
0.027451
0.027401
0.027401
0.027401
0.027401
0.027351
0.027301
0.027301
0.027301
0.027301
0.027301
0.027301
0.027301
0.027301
0.027301
0.027401
0.027401
0.027401
0.027401
0.027401
0.027401
0.027401
0.027401
0.027401
0.027401
0.027401
0.027401
0.027601
0.027851
0.028001
0.028151
0.028251
0.028301
0.028351
0.028451
0.028503
0.028601
0.028651
0.028701
0.028751
0.028801
0.028801
0.028851
0.028901
0.028901
0.028951
0.029001
0.029001
0.029001
0.029001
0.029001
0.029101
0.029101
0.029101
0.029101
0.029101
0.029101
0.029101
0.029101
0.029101
0.029201
0.029201
0.029201
0.029201
0.029201
0.029201
0.029201
0.029201
0.029201
0.029201
0.029201
0.029201
0.029201
0.028901
0.028551
0.028401
0.028251
0.028151
0.028072
0.028022
0.027922
0.027872
0.027772
0.027751
0.027701
0.027651
0.027601
0.027601
0.027551
0.027472
0.027472
0.027422
0.027372
0.027372
0.027393
0.027372
0.027357
0.027272
0.027272
0.027272
0.027272
0.027272
0.027272
0.027272
0.027272
0.027272
0.027407
0.027407
0.027448
0.027407
0.027407
0.027434
0.027434
0.027434
0.027434
0.027434
0.027434
0.027475
0.027675
0.027925
0.028075
0.028225
0.028325
0.028375
0.028467
0.028567
0.028617
0.028717
0.028767
0.028817
0.028867
0.028917
0.028917
0.028967
0.029017
0.029017
0.029067
0.029117
0.029117
0.029117
0.029117
0.029167
0.029217
0.029217
0.029217
0.029217
0.029217
0.029217
0.029217
0.029217
0.029217
0.029317
0.029317
0.029318
0.029317
0.029317
0.029317
0.029317
0.029317
0.029317
0.029317
0.029317
0.029317
0.029017
0.028967
0.028567
0.028467
0.028317
0.028267
0.028167
0.028117
0.028067
0.027967
0.027867
0.027867
0.027767
0.027767
0.027717
0.027667
0.027667
0.027617
0.027567
0.027567
0.027517
0.027517
0.027517
0.027517
0.027467
0.027417
0.027417
0.027417
0.027417
0.027417
0.027417
0.027417
0.027417
0.027467
0.027517
0.027517
0.027517
0.027517
0.027517
0.027517
0.027517
0.027517
0.027517
0.027517
0.027517
0.027517
0.027717
0.027967
0.028117
0.028267
0.028367
0.028417
0.028467
0.028567
0.028617
0.028717
0.028767
0.028817
0.028867
0.028917
0.028917
0.028967
0.029017
0.029017
0.029067
0.029117
0.029117
0.029117
0.029117
0.029167
0.029217
0.029217
0.029217
0.029217
0.029217
0.029217
0.029217
0.029217
0.029217
0.029317
0.029317
0.029317
0.029317
0.029317
0.029317
0.029317
0.029317
0.029317
0.029317
0.029317
0.029317
0.029017
0.028667
0.028517
0.028367
0.028267
0.028217
0.028167
0.028067
0.028017
0.027917
0.027867
0.027817
0.027767
0.027717
0.027717
0.027667
0.027617
0.027617
0.027567
0.027517
0.027517
0.027517
0.027517
0.027517
0.027417
0.027417
0.027417
0.027417
0.027417
0.027417
0.027417
0.027417
0.027417
0.027517
0.027517
0.027517
0.027517
0.027517
0.027517
0.027517
0.027517
0.027517
0.027517
0.027517
0.027517
0.027517
0.027717
0.027967
0.028117
0.028267
0.028367
0.028417
0.028467
0.028567
0.028617
0.028717
0.028767
0.028817
0.028867
0.028917
0.028917
0.028967
0.029017
0.029017
0.029067
0.029117
0.029117
0.029117
0.029117
0.029167
0.029217
0.029217
0.029217
0.029217
0.029217
0.029217
0.029217
0.029217
0.029217
0.029317
0.029317
0.029317
0.029317
0.029317
0.029317
0.029317
0.029317
0.029317
0.029317
0.029317
0.029317
0.029017
0.028667
0.028517
0.028367
0.028267
0.028217
0.028167
0.028067
0.028017
0.027917
0.027867
0.027817
0.027767
0.027717
0.027717
0.027667
0.027617
0.027617
0.027567
0.027517
0.027517
0.027517
0.027517
0.027467
0.027417
0.027417
0.027417
