2.344372
2.222987
2.118149
2.053637
2.024467
2.015496
2.014316
2.014816
2.015461
2.015603
2.015220
2.014497
2.013582
2.012426
2.011187
2.009596
2.007720
2.005334
2.003353
2.001560
2.000230
1.998178
1.995691
1.992723
1.989019
1.985093
1.981439
1.977712
1.974360
1.971141
1.968362
1.965711
1.963075
1.960487
1.957787
1.954954
1.952009
1.949251
1.946479
1.943784
1.941117
1.938232
1.935336
1.932991
1.930306
1.927815
1.925467
1.923123
1.920694
1.918382
1.915797
1.913190
1.910724
1.908124
1.905337
1.902437
1.899698
1.896714
1.893924
1.891147
1.888435
1.885478
1.882483
1.879380
1.876497
1.873373
1.870365
1.867419
1.864354
1.861284
1.858276
1.855232
1.851933
1.848848
1.845573
1.842502
1.839344
1.836178
1.833186
1.829990
1.826792
1.823444
1.820292
1.817197
1.813852
1.810490
1.807229
1.803788
1.800266
1.797065
1.793916
1.790411
1.787116
1.783512
1.780114
1.776710
1.773327
1.769656
1.766295
1.762664
1.759031
1.755479
1.752118
1.748613
1.745031
1.741347
1.737759
1.734130
1.730471
1.726863
1.723337
1.719775
1.716173
1.712708
1.709068
1.705684
1.701963
1.698391
1.694749
1.690983
1.686989
1.683220
1.679457
1.675737
1.672105
1.668313
1.664701
1.660714
1.657001
1.653346
1.649497
1.645774
1.641959
1.638243
1.634285
1.630558
1.626810
1.623012
1.619176
1.615454
1.611581
1.607903
1.603988
1.600304
1.596306
1.592605
1.588917
1.585128
1.581291
1.578068
1.576599
1.576756
1.577974
1.579771
1.581916
1.584254
1.586579
1.588854
1.590207
1.589933
1.587914
1.584902
1.581439
1.577649
1.573686
1.569826
1.565932
1.562750
1.561165
1.560961
1.561611
1.563107
1.564947
1.567070
1.569043
1.570457
1.570067
1.568098
1.564837
1.561632
1.558336
1.555113
1.551566
1.548187
1.544573
1.541201
1.537475
1.534118
1.530357
1.526678
1.522953
1.519213
1.516256
1.514587
1.514552
1.515515
1.517306
1.519845
1.522342
1.524697
1.527145
1.529150
1.529429
1.527761
1.525185
1.521975
1.518281
1.514790
1.511639
1.508260
1.505741
1.504562
1.504723
1.506223
1.508021
1.510349
1.512924
1.515257
1.516869
1.516931
1.515479
1.512772
1.509365
1.505901
1.502474
1.499098
1.496047
1.493203
1.490071
1.487151
1.484120
1.481069
1.477860
1.474482
1.471152
1.468440
1.467211
1.467515
1.469054
1.471439
1.474366
1.477602
1.480741
1.483839
1.486283
1.486788
1.485921
1.483837
1.480937
1.477777
1.474464
1.471066
1.467879
1.464996
1.462852
1.461712
1.461934
1.462115
1.462592
1.464287
1.466466
1.468741
1.471121
1.473034
1.473487
1.472135
1.470046
1.467387
1.464325
1.461128
1.457750
1.454547
1.451413
1.448143
1.445219
1.442168
1.438866
1.435634
1.432458
1.429774
1.428630
1.429541
1.431367
1.434005
1.437531
1.441006
1.444431
1.447850
1.450301
1.451219
1.449935
1.447612
1.444671
1.441656
1.438439
1.434840
1.431274
1.427711
1.424304
1.421504
1.419673
1.418113
1.416219
1.415478
1.416829
1.418984
1.421629
1.424595
1.427435
1.430302
1.432655
1.433654
1.432282
1.429723
1.426491
1.422739
1.418914
1.414985
1.411165
1.407276
1.403613
1.399584
1.395562
1.391843
1.387712
1.383702
1.380159
1.378662
1.379480
1.381869
1.384755
1.388222
1.391923
1.395198
1.398379
1.400852
1.401121
1.399174
1.396082
1.392330
1.388314
1.384047
1.379650
1.375625
1.371346
1.367290
1.363277
1.359325
1.355076
1.350949
1.347282
1.345724
1.346590
1.348748
1.351396
1.354784
1.358087
1.361205
1.363778
1.364085
1.361718
1.358288
1.354038
1.349820
1.345291
1.341250
1.337093
1.332971
1.328671
1.324702
1.320473
1.316904
1.315218
1.315812
1.317854
1.320679
1.323839
1.327224
1.330249
1.332714
1.332354
1.329946
1.326316
1.322377
1.318164
1.314022
1.309457
1.305315
1.301220
1.297093
1.292971
1.289030
1.284902
1.280731
1.276449
1.273148
1.271694
1.272070
1.273696
1.275620
1.278316
1.280956
1.284208
1.285785
1.285739
1.283746
1.280376
1.276731
1.272627
1.268500
1.264543
1.260510
1.256964
1.253130
1.249461
1.245975
1.242211
1.238493
1.234705
1.231505
1.230027
1.230564
1.232281
1.233921
1.236082
1.238503
1.240620
1.242151
1.242201
1.240223
1.237272
1.233703
1.230002
1.226347
1.222709
1.219033
1.215394
1.211743
1.208201
1.204968
1.201702
1.198132
1.194464
1.191062
1.187390
1.184439
1.182965
1.183334
1.184641
1.186379
1.188418
1.189647
1.191940
1.193443
1.192873
1.190542
1.187558
1.184413
1.180896
1.177323
1.173771
1.170164
1.166783
1.163543
1.160232
1.157021
1.153832
1.150527
1.147277
1.144016
1.140837
1.137905
1.134706
1.131912
1.130431
1.130627
1.131799
1.133218
1.134893
1.136276
1.137280
1.136712
1.134684
1.131898
1.128857
1.125508
1.122189
1.118651
1.115042
1.111613
1.108116
1.104786
1.101321
1.097822
1.094498
1.090996
1.087917
1.084699
1.081339
1.077893
1.074493
1.071234
1.067669
1.064449
1.062974
1.062669
1.063069
1.063605
1.064256
1.064802
1.065044
1.064528
1.062408
1.059427
1.056093
1.052717
1.049119
1.045349
1.041946
1.038214
1.034868
1.031345
1.028133
1.025065
1.021839
1.018262
1.015002
1.011519
1.007920
1.004450
1.000989
0.997530
0.993865
0.990602
0.987266
0.983672
0.980147
0.976781
0.972957
0.969285
0.965662
0.962097
0.958549
0.954569
0.950922
0.947350
0.943976
0.941075
0.939003
0.937113
0.935580
0.933899
0.931995
0.929712
0.926160
0.921041
0.914989
0.908688
0.902761
0.897622
0.892954
0.888915
0.885377
0.881742
0.878067
0.874499
0.870788
0.867295
0.863779
0.860095
0.856372
0.852723
0.849602
0.846068
0.842496
0.838692
0.835193
0.831928
0.828672
0.825321
0.821940
0.818294
0.814795
0.811466
0.808319
0.805115
0.801927
0.798447
0.795199
0.791832
0.788586
0.785430
0.782262
0.778973
0.775675
0.772563
0.769532
0.766716
0.763812
0.760587
0.757491
0.754475
0.751608
0.748873
0.746024
0.742901
0.739922
0.737011
0.734259
0.731404
0.728558
0.725528
0.722591
0.719976
0.717191
0.714483
0.711480
0.708576
0.705912
0.703095
0.700200
0.697453
0.694851
0.692150
0.689545
0.686942
0.684274
0.681459
0.678565
0.675846
0.673191
0.670402
0.667694
0.664797
0.662173
0.659554
0.656919
0.654470
0.651615
0.649096
0.646285
0.643720
0.641017
0.638336
0.635670
0.633049
0.630415
0.627606
0.625129
0.622349
0.619615
0.616873
0.614182
0.611501
0.608766
0.605822
0.603001
0.600323
0.597425
0.594640
0.591730
0.588892
0.586006
0.583247
0.580189
0.577321
0.574365
0.571518
0.568440
0.565532
0.562501
0.559374
0.556333
0.553151
0.549986
0.546794
0.543702
0.540407
0.537385
0.534177
0.530915
0.527539
0.524396
0.521220
0.517981
0.514710
0.511186
0.508028
0.504571
0.501277
0.497879
0.494335
0.490937
0.487630
0.484121
0.480851
0.477338
0.473851
0.470464
0.467013
0.463486
0.459885
0.456359
0.452883
0.449183
0.445765
0.442041
0.438522
0.434884
0.431321
0.427800
0.424297
0.420751
0.417316
0.413789
0.410074
0.406647
0.403147
0.399817
0.396531
0.392861
0.389417
0.385798
0.382172
0.378507
0.374951
0.371259
0.367630
0.364199
0.360889
0.357465
0.353885
0.350401
0.347090
0.343716
0.340535
0.337262
0.334139
0.331001
0.328004
0.324961
0.322051
0.319038
0.316269
0.313245
0.310501
0.307774
0.304997
0.302247
0.299556
0.296819
0.294072
0.291508
0.288831
0.286332
0.283736
0.281253
0.278696
0.276214
0.273811
0.271382
0.269057
0.266631
0.264391
0.262302
0.260075
0.257838
0.255733
0.253485
0.251389
0.249274
0.247172
0.245104
0.243038
0.241074
0.239006
0.237220
0.235118
0.233203
0.231377
0.229434
0.227564
0.225602
0.223843
0.222042
0.220220
0.218498
0.216691
0.214962
0.213325
0.211572
0.209783
0.208158
0.206282
0.204964
0.203307
0.201707
0.200134
0.198678
0.197070
0.195620
0.194067
0.192499
0.190999
0.189521
0.188225
0.186582
0.185321
0.183753
0.182426
0.180841
0.179606
0.178147
0.176756
0.175506
0.174103
0.172901
0.171494
0.170288
0.168816
0.167676
0.166244
0.165191
0.164021
0.162768
0.161496
0.160288
0.158988
0.157851
0.156626
0.155591
0.154403
0.153271
0.152151
0.151082
0.149889
0.148769
0.147682
0.146547
0.145469
0.144380
0.143425
0.142417
0.141429
0.140513
0.139384
0.138373
0.137454
0.136493
0.135537
0.134555
0.133572
0.132690
0.131698
0.130789
0.129922
0.128910
0.128023
0.127274
0.126333
0.125506
0.124902
0.123992
0.123071
0.122330
0.121463
0.120582
0.119892
0.119091
0.118314
0.117493
0.116739
0.116006
0.115256
0.114446
0.113630
0.113059
0.112237
0.111582
0.110989
0.110104
0.109413
0.108595
0.108008
0.107385
0.106687
0.105983
0.105382
0.104675
0.104090
0.103379
0.102740
0.102154
0.101566
0.100917
0.100325
0.099599
0.099042
0.098348
0.097793
0.097171
0.096629
0.095928
0.095392
0.094930
0.094321
0.093844
0.093222
0.092683
0.092097
0.091715
0.091142
0.090590
0.090092
0.089464
0.088890
0.088454
0.087883
0.087398
0.086892
0.086266
0.085879
0.085542
0.085107
0.084654
0.084158
0.083811
0.083286
0.082738
0.082244
0.081785
0.081244
0.080894
0.080466
0.079873
0.079494
0.079100
0.078769
0.078341
0.078090
0.077592
0.077162
0.076783
0.076419
0.075862
0.075581
0.075258
0.074725
0.074341
0.074003
0.073733
0.073260
0.073072
0.072640
0.072156
0.071899
0.071485
0.071216
0.070833
0.070533
0.070210
0.069796
0.069527
0.069214
0.068894
0.068564
0.068158
0.067835
0.067387
0.067355
0.066918
0.066664
0.066375
0.066118
0.065887
0.065485
0.065204
0.064960
0.064735
0.064466
0.064147
0.063927
0.063699
0.063306
0.063148
0.062779
0.062663
0.062388
0.062144
0.061912
0.061728
0.061373
0.061270
0.061122
0.060743
0.060555
0.060166
0.060027
0.059932
0.059537
0.059438
0.059220
0.058993
0.058812
0.058642
0.058465
0.058303
0.058151
0.057914
0.057610
0.057451
0.057301
0.057162
0.057014
0.056743
0.056547
0.056366
0.056262
0.056161
0.055984
0.055824
0.055631
0.055509
0.055333
0.055088
0.054887
0.054719
0.054546
0.054379
0.054230
0.054061
0.054029
0.053898
0.053724
0.053581
0.053420
0.053256
0.053115
0.052907
0.052782
0.052671
0.052411
0.052273
0.052186
0.052103
0.051848
0.051713
0.051600
0.051422
0.051368
0.051260
0.051116
0.050908
0.050867
0.050699
0.050560
0.050315
0.050183
0.050106
0.049947
0.049843
0.049794
0.049677
0.049452
0.049402
0.049275
0.049134
0.049051
0.048979
0.048727
0.048643
0.048525
0.048371
0.048294
0.048110
0.048068
0.047844
0.047789
0.047700
0.047552
0.047399
0.047284
0.047283
0.047136
0.047093
0.046922
0.046732
0.046641
0.046448
0.046370
0.046203
0.046082
0.045991
0.045879
0.045770
0.045616
0.045616
0.045512
0.045341
0.045264
0.045236
0.045165
0.045063
0.044962
0.044831
0.044718
0.044611
0.044379
0.044296
0.044187
0.044098
0.043967
0.043934
0.043852
0.043728
0.043698
0.043548
0.043511
0.043458
0.043370
0.043263
0.043185
0.043035
0.042951
0.042812
0.042753
0.042624
0.042538
0.042472
0.042426
0.042332
0.042231
0.042151
0.042124
0.042052
0.042038
0.041982
0.041862
0.041738
0.041541
0.041505
0.041426
0.041347
0.041327
0.041263
0.041204
0.041173
0.041005
0.041005
0.040951
0.040850
0.040739
0.040691
0.040588
0.040533
0.040488
0.040459
0.040328
0.040305
0.040350
0.040287
0.040221
0.040104
0.040040
0.040001
0.039895
0.039903
0.039873
0.039803
0.039708
0.039705
0.039481
0.039478
0.039446
0.039398
0.039276
0.039197
0.039166
0.039154
0.039161
0.039128
0.039128
0.039069
0.038899
0.038864
0.038878
0.038780
0.038739
0.038591
0.038618
0.038661
0.038546
0.038560
0.038530
0.038451
0.038380
0.038380
0.038380
0.038356
0.038275
0.038128
0.038106
0.038137
0.038084
0.037973
0.037934
0.037884
0.037884
0.037884
0.037912
0.037878
0.037834
0.037784
0.037734
0.037734
0.037730
0.037691
0.037691
0.037643
0.037561
0.037491
0.037466
0.037408
0.037408
0.037440
0.037440
0.037447
0.037282
0.037246
0.037223
0.037223
0.037206
0.037205
0.037124
0.037103
0.037136
0.037090
0.037090
0.036991
0.036991
0.036991
0.036991
0.037030
0.036967
0.036958
0.036917
0.036902
0.036902
0.036852
0.036851
0.036849
0.036810
0.036777
0.036731
0.036731
0.036648
0.036598
0.036625
0.036606
0.036565
0.036565
0.036533
0.036533
0.036533
0.036526
0.036560
0.036521
0.036523
0.036478
0.036455
0.036443
0.036364
0.036364
0.036393
0.036407
0.036340
0.036366
0.036366
0.036305
0.036305
0.036342
0.036342
0.036261
0.036293
0.036210
0.036185
0.036215
0.036215
0.036147
0.036148
0.036148
0.036148
0.036112
0.036094
0.036094
0.036128
0.036069
0.036041
0.036032
0.036032
0.036076
0.036006
0.035942
0.035942
0.035938
0.035973
0.035973
0.035947
0.035947
0.035947
0.035911
0.035902
0.035930
0.035930
0.035862
0.035862
0.035862
0.035823
0.035799
0.035803
0.035803
0.035795
0.035795
0.035795
0.035795
0.035827
0.035827
0.035758
0.035724
0.035700
0.035665
0.035665
0.035665
0.035665
0.035665
0.035635
0.035637
0.035622
0.035644
0.035640
0.035678
0.035701
0.035645
0.035608
0.035608
0.035644
0.035600
0.035600
0.035600
0.035600
0.035572
0.035572
0.035572
0.035607
0.035641
0.035613
0.035555
0.035520
0.035493
0.035493
0.035493
0.035493
0.035529
0.035494
0.035508
0.035472
0.035507
0.035507
0.035427
0.035461
0.035460
0.035494
0.035378
0.035378
0.035378
0.035402
0.035402
0.035359
0.035359
0.035431
0.035371
0.035371
0.035379
0.035358
0.035358
0.035393
0.035394
0.035371
0.035336
0.035317
0.035272
0.035308
0.035308
0.035308
0.035308
0.035251
0.035217
0.035254
0.035265
0.035258
0.035258
0.035292
0.035292
0.035272
0.035272
0.035272
0.035253
0.035219
0.035175
0.035142
0.035135
0.035116
0.035116
0.035116
0.035099
0.035099
0.035099
0.035099
0.035099
0.035081
0.035106
0.035106
0.035062
0.035099
0.035065
0.035046
0.035069
0.035053
0.035053
0.035053
0.035056
0.035020
0.035020
0.035053
0.035053
0.034994
0.035030
0.035030
0.035030
0.034963
0.034963
0.035001
0.035001
0.034969
0.034969
0.034969
0.034982
0.034938
0.034938
0.034938
0.034938
0.034926
0.034913
0.034913
0.034949
0.034949
0.034915
0.034910
0.034892
0.034882
0.034809
0.034863
0.034867
0.034867
0.034834
0.034866
0.034910
0.034901
0.034937
0.034893
0.034860
0.034860
0.034860
0.034860
0.034860
0.034853
0.034853
0.034853
0.034853
0.034853
0.034793
0.034793
0.034760
0.034754
0.034754
0.034754
0.034754
0.034754
0.034754
0.034792
0.034792
0.034715
0.034715
0.034747
0.034747
0.034747
0.034747
0.034747
0.034747
0.034744
0.034744
0.034685
0.034677
0.034677
0.034677
0.034677
0.034677
0.034636
0.034635
0.034641
0.034641
0.034641
0.034598
0.034598
0.034639
0.034639
0.034640
0.034640
0.034640
0.034640
0.034598
0.034598
0.034598
0.034509
0.034535
0.034535
0.034535
0.034535
0.034600
0.034539
0.034539
0.034543
0.034581
0.034581
0.034541
0.034541
0.034564
0.034564
0.034571
0.034577
0.034612
0.034612
0.034612
0.034612
0.034612
0.034612
0.034570
0.034578
0.034578
0.034578
0.034578
0.034563
0.034563
0.034607
0.034616
0.034585
0.034585
0.034541
0.034546
0.034546
0.034574
0.034574
0.034584
0.034584
0.034628
0.034628
0.034628
0.034628
0.034667
0.034679
0.034679
0.034638
0.034638
0.034638
0.034638
0.034638
0.034651
0.034651
0.034651
0.034620
0.034658
0.034658
0.034658
0.034673
0.034673
0.034633
0.034548
0.034548
0.034548
0.034594
0.034609
0.034638
0.034638
0.034638
0.034638
0.034638
0.034655
0.034695
0.034695
0.034655
0.034694
0.034655
0.034655
0.034673
0.034673
0.034673
0.034673
0.034673
0.034673
0.034693
0.034693
0.034693
0.034693
0.034693
0.034693
0.034693
0.034713
0.034706
0.034635
0.034635
0.034635
0.034664
0.034686
0.034686
0.034655
0.034655
0.034655
0.034686
0.034686
0.034709
0.034709
0.034709
0.034709
0.034749
0.034718
0.034742
0.034730
0.034692
0.034691
0.034691
0.034691
0.034716
0.034716
0.034716
0.034716
0.034716
0.034716
0.034742
0.034742
0.034766
0.034736
0.034736
0.034766
0.034766
0.034792
0.034792
0.034792
0.034832
0.034832
0.034832
0.034824
0.034824
0.034868
0.034868
0.034868
0.034868
0.034857
0.034857
0.034897
0.034897
0.034897
0.034897
0.034897
0.034926
0.034926
0.034966
0.034966
0.034966
0.034966
0.034996
0.034957
0.034957
0.034927
0.034927
0.034958
0.034958
0.034989
0.034989
0.034967
0.034967
0.034933
0.034933
0.034933
0.034933
0.034965
0.034965
0.034965
0.034965
0.034965
0.034965
0.034965
0.034998
0.034998
0.034998
0.034998
0.034958
0.034958
0.034958
0.034922
0.034956
0.034956
0.034956
0.034956
0.034956
0.034968
0.034958
0.034958
0.034989
0.035023
0.035023
0.035023
0.035023
0.035023
0.035020
0.035020
0.035020
0.035020
0.035055
0.035055
0.035055
0.035022
0.035022
0.035022
0.034990
0.034990
0.034959
0.034995
0.035026
0.035026
0.035026
0.035026
0.035025
0.035025
0.035025
0.035025
0.034996
0.034996
0.034962
0.034932
0.034932
0.034932
0.034932
0.034962
0.034962
0.034962
0.035001
0.035001
0.035032
0.035070
0.035070
0.035032
0.035001
0.035014
0.035014
0.035014
0.035014
0.035045
0.035045
0.035001
0.035001
0.035039
0.035080
0.035039
0.035069
0.035069
0.035069
0.035069
0.035039
0.035039
0.035030
0.035030
0.035030
0.035030
0.035030
0.035001
0.035041
0.035041
0.035041
0.035041
0.035041
0.035041
0.035041
0.035041
0.035074
0.035046
0.035018
0.035018
0.035018
0.035018
0.035018
0.035018
0.035018
0.035018
0.034992
0.035033
0.035033
0.035033
0.035033
0.035033
0.035033
0.035033
0.035033
0.035008
0.035008
0.035008
0.035008
0.034980
0.034980
0.034980
0.034980
0.034956
0.034956
0.034949
0.034949
0.034949
0.034949
0.034912
0.034912
0.034888
0.034888
0.034849
0.034849
0.034849
0.034849
0.034849
0.034827
0.034870
0.034870
0.034870
0.034876
0.034876
0.034876
0.034876
0.034855
0.034855
0.034855
0.034855
0.034855
0.034855
0.034857
0.034837
0.034837
0.034837
0.034837
0.034837
0.034837
0.034837
0.034817
0.034790
0.034790
0.034790
0.034797
0.034797
0.034779
0.034779
0.034779
0.034779
0.034779
0.034740
0.034711
0.034694
0.034694
0.034694
0.034694
0.034694
0.034694
0.034694
0.034651
0.034651
0.034651
0.034651
0.034651
0.034651
0.034651
0.034636
0.034636
0.034636
0.034599
0.034599
0.034633
0.034633
0.034619
0.034619
0.034619
0.034619
0.034619
0.034619
0.034619
0.034567
0.034567
0.034567
0.034567
0.034567
0.034567
0.034556
0.034559
0.034559
0.034559
0.034559
0.034559
0.034559
0.034548
0.034548
0.034548
0.034522
0.034522
0.034522
0.034465
0.034465
0.034465
0.034465
0.034465
0.034465
0.034429
0.034421
0.034383
0.034383
0.034383
0.034383
0.034383
0.034375
0.034375
0.034375
0.034375
0.034375
0.034375
0.034370
0.034344
0.034344
0.034344
0.034344
0.034344
0.034344
0.034339
0.034339
0.034339
0.034301
0.034301
0.034301
0.034298
0.034298
0.034298
0.034298
0.034298
0.034298
0.034296
0.034296
0.034296
0.034296
0.034260
0.034260
0.034260
0.034260
0.034260
0.034260
0.034260
0.034260
0.034260
0.034235
0.034235
0.034197
0.034197
0.034197
0.034199
0.034199
0.034199
0.034199
0.034199
0.034199
0.034203
0.034203
0.034203
0.034203
0.034203
0.034203
0.034207
0.034207
0.034207
0.034207
0.034147
0.034109
0.034115
0.034115
0.034115
0.034115
0.034115
0.034115
0.034122
0.034122
0.034122
0.034122
0.034122
0.034122
0.034131
0.034166
0.034166
0.034131
0.034107
0.034117
0.034092
0.034092
0.034092
0.034079
0.034079
0.034089
0.034056
0.034056
0.034056
0.034021
0.034046
0.034079
0.034079
0.034079
0.034043
0.034043
0.034057
0.034057
0.033999
0.033999
0.033999
0.033976
0.033976
0.033976
0.033976
0.033976
0.034028
0.034028
0.034028
0.033992
0.033992
0.034009
0.034009
0.033984
0.033984
0.033984
0.033984
0.034002
0.034002
0.033968
0.033968
0.033968
0.033987
0.033950
0.033950
0.033950
0.033950
0.033946
0.033946
0.033946
0.033946
0.033946
0.033967
0.033967
0.033967
0.033967
0.033967
0.033989
0.033989
0.033989
0.033989
0.033928
0.033951
0.033951
0.033951
0.033951
0.033951
0.033975
0.033941
0.033941
0.033941
0.033941
0.033966
0.033966
0.033966
0.033942
0.033942
0.033942
0.033968
0.033968
0.033968
0.033968
0.033968
0.033994
0.033958
0.033958
0.033958
0.033958
0.033958
0.033962
0.033962
0.033928
0.033928
0.033928
0.033990
0.033950
0.033950
0.033916
0.033916
0.033916
0.033945
0.033945
0.033911
0.033853
0.033853
0.033853
0.033808
0.033838
0.033838
0.033838
0.033838
0.033838
0.033838
0.033875
0.033875
0.033853
0.033853
0.033853
0.033808
0.033808
0.033840
0.033840
0.033840
0.033840
0.033840
0.033840
0.033803
0.033814
0.033814
0.033744
0.033744
0.033744
0.033744
0.033744
0.033744
0.033778
0.033778
0.033778
0.033742
0.033721
0.033721
0.033721
0.033721
0.033755
0.033755
0.033755
0.033755
0.033755
0.033721
0.033721
0.033721
0.033721
0.033712
0.033712
0.033677
0.033677
0.033677
0.033666
0.033666
0.033666
0.033666
0.033666
0.033666
0.033703
0.033680
0.033626
0.033594
0.033594
0.033594
0.033594
0.033594
0.033594
0.033559
0.033528
0.033528
0.033566
0.033545
0.033545
0.033545
0.033510
0.033510
0.033479
0.033479
0.033479
0.033479
0.033479
0.033479
0.033459
0.033429
0.033429
0.033469
0.033469
0.033469
0.033469
0.033432
0.033403
0.033403
0.033403
0.033403
0.033384
0.033384
0.033356
0.033356
0.033356
0.033323
0.033323
0.033323
0.033296
0.033277
0.033277
0.033277
0.033277
0.033242
0.033215
0.033215
0.033215
0.033215
0.033215
0.033197
0.033213
0.033213
0.033213
0.033213
0.033213
0.033213
0.033189
0.033189
0.033189
0.033189
0.033171
0.033171
0.033148
0.033148
0.033148
0.033148
0.033148
0.033148
0.033063
0.033107
0.033107
0.033107
0.033107
0.033072
0.033051
0.033051
0.033016
0.032998
0.032998
0.032978
0.032978
0.032934
0.032934
0.032934
0.032916
0.032941
0.032909
0.032909
0.032909
0.032909
0.032909
0.032874
0.032874
0.032874
0.032830
0.032830
0.032830
0.032796
0.032796
0.032796
0.032840
0.032840
0.032824
0.032808
0.032808
0.032808
0.032808
0.032808
0.032702
0.032687
0.032687
0.032687
0.032687
0.032687
0.032672
0.032702
0.032702
0.032702
0.032702
0.032688
0.032674
0.032630
0.032630
0.032630
0.032630
0.032603
0.032569
0.032569
0.032569
0.032569
0.032599
0.032588
0.032588
0.032588
0.032588
0.032531
0.032499
0.032499
0.032499
0.032499
0.032486
0.032486
0.032478
0.032442
0.032442
0.032430
0.032475
0.032467
0.032423
0.032435
0.032375
0.032375
0.032375
0.032369
0.032358
0.032358
0.032358
0.032358
0.032353
0.032310
0.032310
0.032310
0.032310
0.032300
0.032297
0.032297
0.032297
0.032297
0.032287
0.032249
0.032247
0.032247
0.032238
0.032238
0.032238
0.032237
0.032188
0.032179
0.032179
0.032179
0.032179
0.032180
0.032171
0.032171
0.032136
0.032136
0.032131
0.032131
0.032131
0.032131
0.032131
0.032131
0.032077
0.032077
0.032077
0.032077
0.032077
0.032075
0.032075
0.032075
0.032075
0.032068
0.032019
0.032025
0.032025
0.032025
0.032025
0.032019
0.032026
0.032026
0.032026
0.032026
0.031977
0.031971
0.031945
0.031945
0.031945
0.031945
0.031940
0.031900
0.031900
0.031900
0.031900
0.031900
0.031900
0.031907
0.031907
0.031857
0.031857
0.031857
0.031869
0.031865
0.031865
0.031816
0.031816
0.031829
0.031829
0.031829
0.031826
0.031776
0.031791
0.031791
0.031791
0.031791
0.031791
0.031757
0.031754
0.031754
0.031754
0.031704
0.031722
0.031722
0.031722
0.031722
0.031672
0.031672
0.031688
0.031688
0.031688
0.031688
0.031638
0.031657
0.031657
0.031657
0.031607
0.031607
0.031628
0.031626
0.031576
0.031541
0.031541
0.031562
0.031562
0.031513
0.031513
0.031513
0.031513
0.031463
0.031463
0.031463
0.031463
0.031437
0.031437
0.031437
0.031409
0.031409
0.031434
0.031434
0.031392
0.031320
0.031320
0.031320
0.031345
0.031296
0.031296
0.031296
0.031246
0.031272
0.031237
0.031188
0.031188
0.031188
0.031188
0.031215
0.031165
0.031165
0.031165
0.031165
0.031165
0.031144
0.031144
0.031094
0.031054
0.031054
0.031005
0.031034
0.031034
0.031034
0.031034
0.030985
0.030985
0.031015
