1.613950
1.451654
1.303776
1.205524
1.155359
1.135534
1.129616
1.130692
1.131653
1.131519
1.131014
1.130169
1.129496
1.128561
1.127697
1.126821
1.125826
1.124864
1.123891
1.122676
1.121520
1.120178
1.119092
1.117913
1.116856
1.115799
1.114944
1.113653
1.112521
1.111408
1.110148
1.109020
1.107580
1.106214
1.104627
1.103126
1.101604
1.100047
1.098559
1.096986
1.095358
1.093987
1.092833
1.091640
1.090544
1.089105
1.087714
1.086536
1.085258
1.083885
1.082739
1.081353
1.080046
1.078857
1.077428
1.076192
1.074821
1.073562
1.072165
1.070858
1.069453
1.068135
1.066763
1.065635
1.064629
1.063559
1.062217
1.060874
1.059517
1.058066
1.056803
1.055408
1.054148
1.052776
1.051577
1.050374
1.049097
1.047664
1.046354
1.045083
1.043957
1.042584
1.041438
1.040180
1.038885
1.037655
1.036312
1.035326
1.034058
1.032841
1.031816
1.030663
1.029562
1.028234
1.027188
1.025987
1.024857
1.023674
1.022325
1.020872
1.019693
1.018457
1.017421
1.016373
1.015219
1.014140
1.012975
1.011774
1.011024
1.009913
1.009119
1.008192
1.007443
1.006689
1.005859
1.005063
1.004296
1.003436
1.002504
1.001874
1.001168
1.000647
1.000056
0.999382
0.999066
0.998651
0.998028
0.997602
0.997147
0.996631
0.996145
0.995356
0.994820
0.993971
0.993380
0.992599
0.991839
0.991006
0.990121
0.989516
0.988720
0.987886
0.987014
0.986219
0.985568
0.984820
0.984333
0.983479
0.983043
0.982656
0.982205
0.981764
0.981290
0.980719
0.980067
0.979364
0.978773
0.978090
0.977351
0.976836
0.976257
0.975841
0.975354
0.974654
0.973949
0.973413
0.972944
0.972376
0.971883
0.971457
0.971283
0.970855
0.970578
0.970094
0.969681
0.969065
0.968230
0.967715
0.966915
0.966126
0.965425
0.964819
0.964097
0.963420
0.962744
0.962290
0.961813
0.961416
0.961002
0.960426
0.959685
0.959186
0.958842
0.958717
0.958529
0.958458
0.958479
0.958521
0.958747
0.958800
0.958929
0.958820
0.958638
0.958506
0.958455
0.958441
0.958385
0.958194
0.957918
0.957461
0.957056
0.956701
0.956341
0.955942
0.955706
0.955540
0.955339
0.955200
0.954803
0.954282
0.953386
0.952661
0.951772
0.951052
0.950381
0.949621
0.949020
0.948310
0.948047
0.947776
0.947171
0.946297
0.945808
0.945059
0.944362
0.943858
0.943404
0.943072
0.942814
0.942482
0.942173
0.941662
0.940977
0.940664
0.939765
0.938966
0.938167
0.937820
0.937324
0.936493
0.935908
0.935403
0.934844
0.934403
0.933835
0.933241
0.932883
0.932628
0.932313
0.932173
0.932339
0.932751
0.932996
0.933223
0.933237
0.933165
0.933186
0.933158
0.933139
0.933074
0.933087
0.933190
0.933017
0.932809
0.932630
0.932081
0.931750
0.931206
0.930819
0.930292
0.929875
0.929200
0.928843
0.928279
0.927768
0.927136
0.926808
0.926180
0.925674
0.925171
0.924538
0.924041
0.923543
0.922862
0.921960
0.921195
0.920608
0.920025
0.919666
0.919116
0.918744
0.918163
0.917817
0.917246
0.916846
0.916252
0.915885
0.915414
0.914774
0.914213
0.913618
0.913085
0.912758
0.912165
0.911749
0.911198
0.910777
0.910373
0.910099
0.909731
0.909285
0.908897
0.908340
0.907831
0.907113
0.906395
0.905400
0.904415
0.903390
0.902592
0.901978
0.901129
0.900287
0.899454
0.898727
0.898062
0.897596
0.897106
0.896548
0.896012
0.895473
0.894604
0.893895
0.892983
0.891779
0.890449
0.889031
0.887521
0.886169
0.885067
0.883799
0.882712
0.881951
0.881101
0.880636
0.880003
0.879398
0.878643
0.877914
0.877180
0.876213
0.875510
0.874823
0.873934
0.873169
0.872410
0.871879
0.871273
0.870287
0.869440
0.868814
0.868382
0.868259
0.868126
0.868021
0.867910
0.867915
0.868131
0.868135
0.867948
0.867430
0.866538
0.865265
0.864009
0.862782
0.861671
0.860387
0.859315
0.857739
0.856490
0.855681
0.854869
0.854327
0.853999
0.853524
0.853006
0.852527
0.851897
0.851646
0.851364
0.850883
0.850488
0.850114
0.849624
0.849148
0.848468
0.847661
0.846557
0.845257
0.844282
0.843548
0.842757
0.841715
0.840779
0.839728
0.838660
0.837592
0.836484
0.835357
0.834138
0.833025
0.831597
0.830075
0.828536
0.826919
0.825673
0.824337
0.822845
0.821318
0.819901
0.818656
0.817469
0.816493
0.815204
0.814345
0.813491
0.812761
0.812173
0.811429
0.810837
0.810026
0.809279
0.808358
0.807720
0.806764
0.805455
0.803935
0.802336
0.800787
0.799187
0.797987
0.796727
0.795431
0.794161
0.793281
0.792156
0.791143
0.790181
0.789113
0.787959
0.786811
0.785561
0.784207
0.782900
0.781027
0.778736
0.776383
0.774162
0.771974
0.769822
0.767616
0.765663
0.764034
0.762625
0.761273
0.760344
0.759823
0.759533
0.758958
0.758351
0.757724
0.756330
0.754419
0.752153
0.749820
0.747222
0.744861
0.742274
0.739735
0.736907
0.734123
0.731293
0.728422
0.725725
0.722806
0.719764
0.716934
0.714205
0.711347
0.708352
0.705326
0.702617
0.700478
0.698770
0.696996
0.695216
0.693376
0.691595
0.689856
0.687971
0.686047
0.684011
0.681941
0.680105
0.678232
0.676503
0.674770
0.672892
0.671036
0.669426
0.667681
0.665967
0.664389
0.662778
0.661318
0.660004
0.658459
0.657000
0.655483
0.653854
0.652363
0.650652
0.649242
0.647653
0.645753
0.643930
0.642018
0.640089
0.638606
0.637144
0.635804
0.634568
0.633557
0.632574
0.631490
0.630182
0.629036
0.627703
0.626546
0.624707
0.622402
0.620286
0.618240
0.616579
0.614870
0.613195
0.611417
0.609913
0.608163
0.606806
0.605134
0.603729
0.602279
0.600792
0.599133
0.597607
0.595949
0.594470
0.592938
0.591510
0.590017
0.588381
0.586972
0.585497
0.584024
0.582688
0.581283
0.579921
0.578507
0.576968
0.575637
0.574156
0.572902
0.571678
0.570243
0.568861
0.567451
0.565983
0.564616
0.563240
0.561893
0.560611
0.559543
0.558387
0.556998
0.555725
0.554262
0.552893
0.551586
0.550037
0.548709
0.547191
0.545852
0.544421
0.543014
0.541533
0.540163
0.538850
0.537464
0.536013
0.534584
0.533040
0.531491
0.529826
0.528267
0.526667
0.525065
0.523328
0.521742
0.520103
0.518323
0.516640
0.514846
0.513111
0.511328
0.509691
0.507949
0.506396
0.504852
0.503215
0.501337
0.499563
0.497789
0.495994
0.494250
0.492600
0.490910
0.489156
0.487380
0.485592
0.483842
0.481896
0.480283
0.478629
0.476841
0.475045
0.473264
0.471442
0.469786
0.468023
0.466246
0.464577
0.462818
0.460922
0.459224
0.457462
0.455601
0.453849
0.452162
0.450450
0.448797
0.447109
0.445483
0.443845
0.442176
0.440775
0.439181
0.437560
0.435819
0.434243
0.432535
0.430963
0.429283
0.427846
0.426428
0.424849
0.423366
0.421806
0.420265
0.418681
0.417161
0.415421
0.413717
0.412210
0.410679
0.409110
0.407526
0.406055
0.404664
0.403108
0.401550
0.400071
0.398846
0.397174
0.395750
0.394530
0.393169
0.391836
0.390270
0.388873
0.387530
0.386302
0.385155
0.383868
0.382417
0.381134
0.379923
0.378607
0.377431
0.376176
0.374840
0.373522
0.372308
0.371018
0.369793
0.368513
0.367287
0.366246
0.365166
0.364182
0.362910
0.361895
0.360665
0.359413
0.358163
0.357036
0.355825
0.354592
0.353404
0.352179
0.350895
0.349717
0.348485
0.347257
0.346197
0.344957
0.343639
0.342524
0.341210
0.339746
0.338580
0.337248
0.336049
0.334739
0.333496
0.332209
0.330872
0.329587
0.328420
0.327129
0.325852
0.324501
0.323188
0.321823
0.320510
0.319163
0.317920
0.316529
0.315247
0.313937
0.312607
0.311363
0.309854
0.308605
0.307216
0.305922
0.304559
0.303176
0.301857
0.300488
0.299147
0.297884
0.296465
0.295126
0.293753
0.292473
0.291081
0.289691
0.288425
0.287087
0.285902
0.284614
0.283352
0.281963
0.280627
0.279337
0.278059
0.276835
0.275475
0.274181
0.273021
0.271863
0.270493
0.269306
0.268240
0.267042
0.265798
0.264709
0.263736
0.262534
0.261385
0.260351
0.259423
0.258377
0.257360
0.256281
0.255150
0.254047
0.253119
0.252100
0.251148
0.250115
0.249141
0.248252
0.247313
0.246300
0.245421
0.244628
0.243752
0.242844
0.241852
0.240995
0.240207
0.239354
0.238551
0.237766
0.236948
0.236291
0.235409
0.234746
0.233952
0.233178
0.232375
0.231605
0.230893
0.230285
0.229514
0.228783
0.228088
0.227330
0.226759
0.226158
0.225345
0.224742
0.224081
0.223594
0.222996
0.222290
0.221659
0.220945
0.220316
0.219722
0.218965
0.218456
0.218078
0.217398
0.216837
0.216271
0.215647
0.214987
0.214374
0.213637
0.213140
0.212523
0.211892
0.211234
0.210651
0.210028
0.209457
0.208899
0.208290
0.207730
0.207111
0.206474
0.205913
0.205327
0.204813
0.204140
0.203495
0.202916
0.202288
0.201643
0.201174
0.200594
0.200032
0.199463
0.198857
0.198238
0.197738
0.197252
0.196732
0.196165
0.195645
0.195063
0.194490
0.193973
0.193472
0.192886
0.192298
0.191772
0.191196
0.190762
0.190125
0.189697
0.189171
0.188666
0.188209
0.187726
0.187207
0.186804
0.186375
0.185896
0.185492
0.184922
0.184502
0.184071
0.183655
0.183222
0.182833
0.182430
0.181985
0.181603
0.181190
0.180789
0.180371
0.180017
0.179672
0.179266
0.178881
0.178642
0.178284
0.177776
0.177487
0.177220
0.176992
0.176599
0.176388
0.176186
0.175904
0.175522
0.175268
0.174982
0.174726
0.174569
0.174330
0.174111
0.173763
0.173580
0.173387
0.173234
0.173118
0.172878
0.172727
0.172624
0.172456
0.172214
0.172028
0.171906
0.171706
0.171599
0.171505
0.171305
0.171215
0.171103
0.170923
0.170840
0.170799
0.170678
0.170536
0.170385
0.170223
0.170123
0.170048
0.169901
0.169825
0.169775
0.169616
0.169539
0.169555
0.169459
0.169315
0.169248
0.169120
0.169108
0.169154
0.169049
0.168899
0.168829
0.168782
0.168672
0.168602
0.168611
0.168510
0.168382
0.168288
0.168371
0.168281
0.168150
0.168026
0.168013
0.167955
0.167888
0.167852
0.167795
0.167737
0.167618
0.167577
0.167588
0.167429
0.167386
0.167338
0.167270
0.167200
0.167209
0.167136
0.167056
0.166976
0.166957
0.166915
0.166879
0.166899
0.166822
0.166781
0.166759
0.166662
0.166583
0.166580
0.166528
0.166483
0.166438
0.166320
0.166276
0.166248
0.166242
0.166212
0.166192
0.166118
0.166044
0.165974
0.165957
0.165927
0.165897
0.165815
0.165758
0.165764
0.165779
0.165699
0.165648
0.165698
0.165647
0.165529
0.165469
0.165490
0.165442
0.165509
0.165428
0.165283
0.165210
0.165170
0.165144
0.165188
0.165062
0.165082
0.165121
0.165007
0.164982
0.165028
0.164937
0.164911
0.164876
0.164788
0.164811
0.164777
0.164757
0.164721
0.164610
0.164590
0.164562
0.164575
0.164591
0.164593
0.164576
0.164512
0.164451
0.164387
0.164372
0.164323
0.164261
0.164305
0.164288
0.164230
0.164182
0.164136
0.164108
0.164096
0.164078
0.164018
0.164057
0.164015
0.163998
0.163940
0.163882
0.163915
0.163895
0.163886
0.163838
0.163830
0.163732
0.163776
0.163746
0.163782
0.163769
0.163756
0.163778
0.163749
0.163741
0.163692
0.163688
0.163621
0.163622
0.163469
0.163504
0.163489
0.163451
0.163451
0.163402
0.163389
0.163376
0.163376
0.163376
0.163327
0.163328
0.163296
0.163296
0.163350
0.163301
0.163321
0.163310
0.163310
0.163310
0.163265
0.163265
0.163226
0.163142
0.163223
0.163253
0.163206
0.163241
0.163318
0.163269
0.163269
0.163269
0.163190
0.163228
0.163228
0.163228
0.163179
0.163188
0.163233
0.163216
0.163179
0.163146
0.163155
0.163107
0.163142
0.163142
0.163142
0.163142
0.163072
0.163108
0.163084
0.163084
0.162994
0.163035
0.163040
0.163060
0.163060
0.163013
0.162968
0.162968
0.162968
0.162968
0.162982
0.162968
0.163003
0.163003
0.163003
0.163040
0.163085
0.162971
0.162971
0.163021
0.163021
0.163021
0.163021
0.163021
0.162975
0.162975
0.162975
0.162975
0.162975
0.163050
0.163067
0.163067
0.163067
0.163078
0.163032
0.163032
0.162990
0.163060
0.163030
0.163030
0.163030
0.163048
0.163013
0.163013
0.163013
0.162917
0.162917
0.162917
0.162953
0.162953
0.162965
0.162998
0.162998
0.162998
0.162998
0.163018
0.163018
0.162984
0.163021
0.162993
0.162949
0.162949
0.162949
0.162927
0.162886
0.162886
0.162863
0.162945
0.162945
0.162945
0.162966
0.162966
0.162934
0.163001
0.163001
0.163001
0.163001
0.163001
0.163036
0.163051
0.163024
0.162988
0.162988
0.162988
0.163029
0.162985
0.163053
0.163012
0.163012
0.162968
0.162968
0.162968
0.162968
0.162968
0.162968
0.162968
0.162968
0.162968
0.162970
0.162970
0.162970
0.163008
0.163031
0.163006
0.163052
0.163014
0.163014
0.162973
0.162973
0.162973
0.162973
0.162973
0.162973
0.162973
0.162980
0.162980
0.162957
0.162957
0.162981
0.162981
0.162981
0.163027
0.163027
0.163027
0.163027
0.162986
0.162986
0.162986
0.162980
0.162962
0.162962
0.162962
0.162962
0.162997
0.163022
0.163022
0.163040
0.163040
0.163068
0.163068
0.163068
0.163068
0.162986
0.162986
0.162953
0.162953
0.162953
0.162953
0.162986
0.162956
0.162982
0.162982
0.162982
0.163013
0.163013
0.163032
0.163045
0.163082
0.163042
0.163021
0.163021
0.163021
0.162990
0.162953
0.163026
0.163007
0.163035
0.163035
0.163001
0.163001
0.162999
0.162999
0.162999
0.162999
0.163006
0.163006
0.163006
0.163006
0.163008
0.163008
0.163008
0.163008
0.163008
0.163073
0.163073
0.163073
0.163073
0.163073
0.163017
0.163025
0.163025
0.163043
0.163078
0.163117
0.163117
0.163117
0.163117
0.163082
0.163063
0.163047
0.163037
0.163037
0.163037
0.163037
0.163081
0.163097
0.163097
0.163097
0.163097
0.163097
0.163081
0.163081
0.163081
0.163081
0.163081
0.163081
0.163081
0.163111
0.163111
0.163120
0.163120
0.163120
0.163120
0.163120
0.163120
0.163120
0.163120
0.163091
0.163091
0.163068
0.163068
0.163068
0.163068
0.163068
0.163145
0.163138
0.163138
0.163122
0.163122
0.163122
0.163122
0.163122
0.163093
0.163093
0.163093
0.163109
0.163109
0.163109
0.163157
0.163119
0.163119
0.163083
0.163083
0.163083
0.163083
0.163115
0.163115
0.163100
0.163100
0.163100
0.163115
0.163115
0.163162
0.163162
0.163162
0.163162
0.163162
0.163128
0.163113
0.163113
0.163113
0.163100
0.163076
0.163076
0.163076
0.163076
0.163124
0.163124
0.163124
0.163124
0.163156
0.163156
0.163156
0.163140
0.163123
0.163123
0.163123
0.163123
0.163123
0.163170
0.163157
0.163157
0.163157
0.163157
0.163157
0.163121
0.163121
0.163121
0.163121
0.163121
0.163155
0.163155
0.163155
0.163159
0.163159
0.163159
0.163159
0.163159
0.163159
0.163159
0.163159
0.163159
0.163159
0.163159
0.163159
0.163159
0.163202
0.163250
0.163250
0.163250
0.163250
0.163250
0.163227
0.163196
0.163196
0.163196
0.163196
0.163196
0.163208
0.163804
0.166035
0.170734
0.177763
0.186292
0.195735
0.205407
0.215074
0.224504
0.233617
0.242625
0.251743
0.261043
0.270603
0.280366
0.290033
0.299104
0.307088
0.313426
0.317837
0.320446
0.321568
0.321647
0.321239
0.320622
0.320211
0.320005
0.320068
0.320273
0.320387
0.320417
0.320244
0.319848
0.319263
0.318669
0.318100
0.317678
0.317377
0.317266
0.317282
0.317330
0.317367
0.317462
0.317434
0.317370
0.317323
0.317244
0.317152
0.317133
0.317133
0.317086
0.316194
0.313846
0.309539
0.303398
0.295899
0.287705
0.279287
0.271030
0.263191
0.255763
0.248872
0.242641
0.237174
0.232604
0.228947
0.226128
0.224279
0.223342
0.223191
0.223593
0.224279
0.224944
0.225499
0.225760
0.225802
0.225789
0.225666
0.225580
0.225540
0.225625
0.225714
0.225749
0.225832
0.225917
0.226012
0.226123
0.226276
0.226388
0.226473
0.226722
0.226908
0.227077
0.227164
0.227088
0.226967
0.226722
0.226473
0.226226
0.225953
0.225771
0.225696
0.225668
0.225531
0.225348
0.225098
0.224899
0.224606
0.224279
0.223985
0.223739
0.223450
0.223085
0.222902
0.222694
0.222456
0.222206
0.221997
0.221757
0.221548
0.221384
0.221132
0.220867
0.220700
0.220464
0.220207
0.219996
0.219760
0.219524
0.219247
0.219013
0.218777
0.218511
0.218248
0.217986
0.217710
0.217419
0.217035
0.216773
0.216443
0.216139
0.215836
0.215533
0.215242
0.214926
0.214597
0.214324
0.213970
0.213599
0.213271
0.212901
0.212490
0.212091
0.211721
0.211337
0.210968
0.210556
0.210187
0.209734
0.209323
0.208895
0.208454
0.208027
0.207630
0.207219
0.206724
0.206296
0.205885
0.205403
0.204931
0.204478
0.204049
0.203583
0.203111
0.202683
0.202211
0.201740
0.201268
0.200879
0.200395
0.199948
0.199477
0.199058
0.198611
0.198135
0.197688
0.197201
0.196736
0.196289
0.195842
0.195421
0.194985
0.194564
0.194101
0.193681
0.193325
0.192930
0.192510
0.192115
0.191692
0.191231
0.190909
0.190516
0.190123
0.189779
0.189387
0.189022
0.188589
0.188198
0.187876
0.187531
0.187239
0.186874
0.186554
0.186165
0.185859
0.185540
0.185222
0.184904
0.184615
0.184315
0.183999
0.183683
0.183367
0.183035
0.182761
0.182488
0.182214
0.181901
0.181657
0.181406
0.181135
0.180863
0.180592
0.180322
0.179970
0.179701
0.179422
0.179182
0.178953
0.178685
0.178417
0.178109
0.177842
0.177548
0.177290
0.177024
0.176758
0.176522
0.176257
0.175951
0.175687
0.175424
0.175160
0.174859
0.174584
0.174249
0.174016
0.173717
0.173456
0.173124
0.172864
0.172571
0.172314
0.172014
0.171723
0.171394
0.171129
0.170838
0.170544
0.170218
0.169831
0.169505
0.169180
0.168815
0.168491
0.168208
0.167914
0.167550
0.167192
0.166794
0.166511
0.166119
0.165764
0.165408
0.164977
0.164617
0.164228
0.163839
0.163492
0.163062
0.162675
0.162211
0.161824
0.161402
0.160979
0.160621
0.160239
0.159780
0.159319
0.158861
0.158440
0.157983
0.157525
0.157068
0.156545
0.156041
0.155617
0.155161
0.154666
0.154205
0.153757
0.153295
0.152794
0.152339
0.151878
0.151447
0.150947
0.150485
0.150056
0.149440
0.149005
0.148522
0.148089
0.147553
0.147154
0.146684
0.146177
0.145746
0.145274
0.144845
0.144409
0.143942
0.143543
0.143101
0.142669
0.142233
0.141837
0.141410
0.141066
0.140631
0.140270
0.139797
0.139366
0.139004
0.138639
0.138280
0.137843
0.137484
0.137086
0.136763
0.136446
0.136053
0.135697
0.135407
0.135087
0.134693
0.134338
0.133985
0.133701
0.133349
0.132996
0.132715
0.132291
0.132078
0.131726
0.131483
0.131131
0.130854
0.130576
0.130192
0.129916
0.129605
0.129347
0.129006
0.128694
0.128421
0.128112
0.127802
0.127531
0.127226
0.126917
0.126676
0.126368
0.126064
0.125787
0.125516
0.125146
0.124913
0.124573
0.124342
0.123964
0.123738
0.123407
0.123155
0.122896
0.122623
0.122323
0.122138
0.121804
0.121553
0.121291
0.120996
0.120737
0.120478
0.120185
0.119929
0.119673
0.119385
0.119129
0.118799
0.118617
0.118293
0.118055
0.117769
0.117602
0.117348
0.117019
0.116842
0.116543
0.116329
0.116066
0.115697
0.115477
0.115231
0.114941
0.114621
0.114431
0.114181
0.113895
0.113582
0.113335
0.113164
0.112879
0.112566
0.112302
0.112051
0.111825
0.111586
0.111302
0.111099
0.110827
0.110587
0.110313
0.110028
0.109792
0.109516
0.109248
0.108941
0.108774
0.108507
0.108312
0.108121
0.107842
0.107638
0.107386
0.107137
0.106882
0.106708
0.106517
0.106294
0.106044
0.105772
0.105544
0.105333
0.105151
0.104843
0.104633
0.104510
0.104263
0.104022
0.103923
0.103754
0.103532
0.103364
0.103096
0.102889
0.102742
0.102551
0.102422
0.102272
0.101996
0.101808
0.101678
0.101469
0.101314
0.101190
0.101018
0.100881
0.100791
0.100561
0.100437
0.100344
0.100183
0.100024
0.099845
0.099617
0.099510
0.099352
0.099296
0.099136
0.099003
0.098855
0.098784
0.098655
0.098457
0.098364
0.098236
0.098157
0.097953
0.097877
0.097682
0.097610
0.097382
0.097313
0.097252
0.097146
0.097042
0.096872
0.096812
0.096645
0.096511
0.096366
0.096242
0.096071
0.095948
0.095859
0.095701
0.095615
0.095412
0.095336
0.095174
0.095042
0.094899
0.094758
0.094656
0.094515
0.094306
0.094209
0.094056
0.093867
0.093732
0.093547
0.093421
0.093287
0.093062
0.092928
0.092810
0.092664
0.092424
0.092272
0.092154
0.091990
0.091768
0.091647
0.091475
0.091310
0.091148
0.090889
0.090774
0.090565
0.090424
0.090224
0.089998
0.089812
0.089588
0.089397
0.089233
0.089051
0.088853
0.088695
0.088463
0.088340
0.088090
0.087912
0.087779
0.087560
0.087352
0.087228
0.087052
0.086856
0.086576
0.086381
0.086218
0.085982
0.085863
0.085646
0.085470
0.085265
0.085108
0.084892
0.084694
0.084538
0.084351
0.084184
0.084009
0.083757
0.083599
0.083419
0.083214
0.082994
0.082767
0.082599
0.082419
0.082221
0.082090
0.081878
0.081600
0.081387
0.081193
0.080945
0.080744
0.080573
0.080234
0.080004
0.079723
0.079469
0.079270
0.079080
0.078830
0.078583
0.078287
0.078103
0.077900
0.077613
0.077366
0.077069
0.076872
0.076648
0.076421
0.076184
0.075957
0.075710
0.075509
0.075241
0.074994
0.074766
0.074518
0.074318
0.074095
0.073846
0.073646
0.073354
0.073160
0.072913
0.072642
0.072462
0.072239
0.072062
0.071815
0.071591
0.071301
0.070993
0.070770
0.070523
0.070305
0.070083
0.069900
0.069679
0.069456
0.069239
0.068920
0.068654
0.068407
0.068118
0.067923
0.067676
0.067456
0.067259
0.067016
0.066792
0.066577
0.066284
0.066024
0.065787
0.065606
0.065360
0.065101
0.064899
0.064680
0.064417
0.064171
0.063924
0.063707
0.063461
0.063293
0.063006
0.062795
0.062526
0.062288
0.062064
0.061818
0.061580
0.061335
0.061093
0.060855
0.060660
0.060414
0.060199
0.059954
0.059708
0.059454
0.059208
0.058972
0.058703
0.058448
0.058167
0.057954
0.057761
0.057508
0.057263
0.057028
0.056766
0.056571
0.056371
0.056148
0.055879
0.055640
0.055429
0.055180
0.054956
0.054771
0.054527
0.054286
0.054063
0.053841
0.053597
0.053392
0.053106
0.052882
0.052681
0.052437
0.052125
0.051928
0.051704
0.051476
0.051233
0.051014
0.050739
0.050481
0.050194
0.050019
0.049755
0.049512
0.049242
0.049077
0.048809
0.048567
0.048337
0.048014
0.047809
0.047567
0.047344
0.047075
0.046806
0.046564
0.046344
0.046112
0.045854
0.045612
0.045389
0.045225
0.044911
0.044656
0.044433
0.044214
0.043946
0.043771
0.043632
0.043365
0.043143
0.042996
0.042795
0.042576
0.042377
0.042236
0.042052
0.041796
0.041578
0.041377
0.041129
0.040994
0.040755
0.040580
0.040463
0.040328
0.040155
0.039977
0.039805
0.039664
0.039496
0.039361
0.039160
0.038940
0.038826
0.038641
0.038555
0.038340
0.038206
0.038096
0.037895
0.037838
0.037728
0.037528
0.037418
0.037266
0.037108
0.036913
0.036802
0.036693
0.036541
0.036384
0.036275
0.036166
0.036015
0.035944
0.035830
0.035725
0.035637
0.035540
0.035480
0.035313
0.035232
0.035134
0.035012
0.034925
0.034876
0.034768
0.034618
0.034604
0.034496
0.034386
0.034355
0.034247
0.034198
0.034047
0.033957
0.033849
0.033800
0.033652
0.033603
0.033525
0.033437
0.033378
0.033280
0.033231
0.033133
0.033035
0.032977
0.032928
0.032870
0.032692
0.032642
0.032584
0.032527
0.032478
0.032371
0.032322
0.032234
0.032177
0.032128
0.032079
0.032021
0.031933
0.031884
0.031856
0.031791
0.031704
0.031649
0.031625
0.031568
0.031518
0.031424
0.031375
0.031375
0.031326
0.031231
0.031182
0.031133
0.031084
0.031084
0.031007
0.030960
0.030925
0.030838
0.030789
0.030703
0.030632
0.030582
0.030582
0.030527
0.030441
0.030401
0.030351
0.030273
0.030273
0.030258
0.030238
0.030201
0.030186
0.030186
0.030137
0.030082
0.030011
0.029962
0.029962
0.029912
0.029912
0.029863
0.029822
0.029727
0.029745
0.029696
0.029696
0.029647
0.029601
0.029517
0.029538
0.029489
0.029518
0.029440
0.029405
0.029356
0.029356
0.029322
0.029273
0.029299
0.029250
0.029286
0.029252
0.029203
0.029162
0.029153
0.029153
0.029129
0.029029
0.028991
0.029032
0.028983
0.028983
0.028983
0.028934
0.028917
0.028917
0.028868
0.028834
0.028863
0.028840
0.028874
0.028874
0.028794
0.028794
0.028732
0.028803
0.028754
0.028718
0.028718
0.028718
0.028669
0.028667
0.028667
0.028695
0.028613
0.028613
0.028613
0.028613
0.028559
0.028586
0.028576
0.028576
0.028499
0.028448
0.028448
0.028410
0.028410
0.028393
0.028383
0.028388
0.028388
0.028373
0.028325
0.028362
0.028330
0.028330
0.028302
0.028253
0.028288
0.028288
0.028288
0.028288
0.028230
0.028182
0.028182
0.028221
0.028181
0.028149
0.028179
0.028217
0.028159
0.028159
0.028159
0.028168
0.028176
0.028176
0.028176
0.028090
0.028120
0.028122
0.028051
0.028051
0.028051
0.028051
0.028003
0.028003
0.028003
0.028029
0.028029
0.028029
0.028037
0.027999
0.027999
0.027951
0.027951
0.027899
0.027899
0.027899
0.027899
0.027933
0.027943
0.027971
0.027923
0.027923
0.027923
0.027878
0.027878
0.027874
0.027849
0.027849
0.027849
0.027849
0.027849
0.027771
0.027806
0.027806
0.027844
0.027844
0.027806
0.027806
0.027806
0.027812
0.027812
0.027812
0.027812
0.027812
0.027764
0.027764
0.027764
0.027764
0.027795
0.027795
0.027795
0.027795
0.027764
0.027764
0.027735
0.027775
0.027775
0.027770
0.027723
0.027723
0.027723
0.027723
0.027761
0.027730
0.027730
0.027730
0.027730
0.027689
0.027689
0.027689
0.027689
0.027689
0.027689
0.027689
0.027689
0.027689
0.027639
0.027639
0.027639
0.027639
0.027639
0.027639
0.027620
0.027590
0.027618
0.027618
0.027618
0.027587
0.027587
0.027586
0.027586
0.027586
0.027586
0.027586
0.027617
0.027617
0.027617
0.027647
0.027647
0.027601
0.027601
0.027571
0.027571
0.027571
0.027571
0.027571
0.027571
0.027571
0.027571
0.027571
0.027571
0.027571
0.027601
0.027601
0.027601
0.027601
0.027601
0.027601
0.027583
0.027580
0.027580
0.027580
0.027580
0.027580
0.027580
0.027580
0.027568
0.027568
0.027629
0.027629
0.027629
0.027629
0.027629
0.027629
0.027629
0.027599
0.027599
0.027568
0.027554
0.027554
0.027554
0.027554
0.027554
0.027588
0.027588
0.027588
0.027588
0.027588
0.027588
0.027616
0.027631
0.027601
0.027601
0.027601
0.027572
0.027606
0.027606
0.027606
0.027606
0.027636
0.027636
0.027636
0.027665
0.027665
0.027643
0.027643
0.027643
0.027613
0.027613
0.027613
0.027613
0.027613
0.027613
0.027613
0.027613
0.027643
0.027665
0.027659
0.027697
0.027659
0.027659
0.027659
0.027697
0.027665
0.027635
0.027635
0.027652
0.027652
0.027652
0.027652
0.027684
0.027714
0.027675
0.027713
0.027713
0.027713
0.027713
0.027675
0.027673
0.027673
0.027684
0.027684
0.027684
0.027684
0.027684
0.027684
0.027684
0.027714
0.027675
0.027713
0.027748
0.027748
0.027673
0.027635
0.027635
0.027673
0.027644
0.027644
0.027684
0.027684
0.027684
0.027684
0.027684
0.027749
0.027711
0.027748
0.027748
0.027708
0.027726
0.027726
0.027683
0.027721
0.027691
0.027661
0.027675
0.027675
0.027715
0.027715
0.027750
0.027742
0.027742
0.027779
0.027771
0.027801
0.027801
0.027844
0.027774
0.027813
0.027731
0.027731
0.027731
0.027731
0.027731
0.027767
0.027806
0.027831
0.027868
0.027828
0.027828
0.027828
0.027828
0.027828
0.027791
0.027791
0.027799
0.027799
0.027799
0.027799
0.027799
0.027799
0.027799
0.027791
0.027828
0.027828
0.027828
0.027828
0.027828
0.027828
0.027791
0.027791
0.027799
0.027818
0.027818
0.027818
0.027818
0.027818
0.027818
0.027810
0.027847
0.027847
0.027847
0.027847
0.027847
0.027847
0.027847
0.027810
0.027818
0.027818
0.027818
0.027818
0.027818
0.027818
0.027810
0.027810
0.027847
0.027847
0.027847
0.027847
0.027847
0.027847
0.027847
0.027810
0.027779
0.027818
0.027818
0.027818
0.027818
0.027818
0.027810
0.027810
0.027847
0.027880
0.027880
0.027880
0.027910
0.027910
0.027910
0.027840
0.027840
0.027848
0.027848
0.027806
0.027806
0.027768
0.027798
0.027868
0.027868
0.027868
0.027898
0.027898
0.027898
0.027898
0.027898
0.027898
0.027861
0.027830
0.027830
0.027830
0.027830
0.027830
0.027861
0.027934
0.027934
0.027934
0.027934
0.027934
0.027934
0.027934
0.027934
0.027954
0.027917
0.027882
0.027852
0.027882
0.027882
0.027917
0.027917
0.027954
0.027954
0.027954
0.027954
0.027954
0.027954
0.027954
0.027954
0.027954
0.027919
0.027882
0.027882
0.027882
0.027882
0.027882
0.027954
0.027954
0.027954
0.027954
0.027954
0.027954
0.027954
0.027951
0.027951
0.027916
0.027916
0.027879
0.027879
0.027879
0.027879
0.027879
0.027916
0.027951
0.027951
0.027984
0.027984
0.027984
0.027984
0.027984
0.027916
0.027916
0.027916
0.027916
0.027916
0.027916
0.027879
0.027916
0.027916
0.027949
0.027984
0.027984
0.027984
0.027996
0.028026
0.027991
0.028026
0.027991
0.027991
0.027958
0.027958
0.027927
0.027927
0.027960
0.027960
0.027960
0.027960
0.027960
0.027996
0.028026
0.028026
0.028026
0.028026
0.028026
0.028026
0.028026
0.028026
0.028026
0.027991
0.027991
0.027991
0.028026
0.028026
0.028026
0.028026
0.028026
0.028061
0.028061
0.028061
0.028061
0.028061
0.028061
0.028061
0.028061
0.028061
0.028061
0.028061
0.028061
0.028061
0.028057
0.028057
0.028057
0.028057
0.028057
0.028057
0.028057
0.028057
0.028057
0.028057
0.028057
0.028057
0.028057
0.028057
0.028057
0.028057
0.028057
0.028057
0.028057
0.028057
0.028057
0.028057
0.028027
0.028027
0.028027
0.028027
0.028027
0.028057
0.028057
0.028057
0.028057
0.028057
0.028057
0.028090
0.028090
0.028090
0.028061
0.028027
0.028027
0.028027
0.028027
0.028027
0.028027
0.028027
0.028027
0.028027
0.028027
0.028061
0.028061
0.028061
0.028061
0.028061
0.028061
0.028061
0.028061
0.028027
0.028027
0.028027
0.028027
0.028027
0.028027
0.028098
0.028098
0.028098
0.028098
0.028098
0.028098
0.028129
0.028129
0.028129
0.028129
0.028129
0.028129
0.028129
0.028129
0.028098
0.028098
0.028098
0.028098
0.028098
0.028098
0.028129
0.028129
0.028087
0.028087
0.028087
0.028087
0.028087
0.028087
0.028087
0.028087
0.028087
0.028087
0.028087
0.028087
0.028087
0.028087
0.028087
0.028087
0.028087
0.028087
0.028087
0.028087
0.028087
0.028087
0.028087
0.028087
0.028087
0.028087
0.028087
0.028087
0.028087
0.028087
0.028087
0.028087
0.028087
0.028087
0.028087
0.028087
0.028087
0.028087
0.028087
0.028087
0.028087
0.028087
0.028087
0.028087
0.028087
0.028087
0.028087
0.028087
0.028087
0.028087
0.028087
0.028087
0.028087
0.028109
0.028109
0.028109
0.028109
0.028109
0.028109
0.028109
0.028109
0.028109
0.028109
0.028109
0.028109
0.028109
0.028109
0.028109
0.028109
0.028109
0.028109
0.028109
0.028109
0.028109
0.028109
0.028109
0.028148
0.028109
0.028109
0.028109
0.028109
0.028109
0.028109
0.028109
0.028109
0.028109
0.028109
0.028109
0.028109
0.028109
0.028148
0.028148
0.028182
0.028182
0.028143
0.028143
0.028174
0.028174
0.028174
0.028140
0.028140
0.028140
0.028140
0.028109
0.028109
0.028148
0.028148
0.028182
0.028182
0.028182
0.028106
0.028137
0.028137
0.028174
0.028174
0.028174
0.028140
0.028140
0.028140
0.028140
0.028143
0.028148
0.028182
0.028182
0.028182
0.028144
0.028175
0.028137
0.028137
0.028137
0.028174
0.028174
0.028174
0.028179
0.028143
0.028182
0.028182
0.028216
0.028252
0.028252
0.028252
0.028214
0.028214
0.028176
0.028176
0.028176
0.028213
0.028213
0.028213
0.028177
0.028177
0.028216
0.028216
0.028216
0.028252
0.028252
0.028252
0.028214
0.028214
0.028214
0.028176
0.028176
0.028213
0.028213
0.028213
0.028177
0.028216
0.028216
0.028216
0.028216
0.028252
0.028252
0.028252
0.028214
0.028214
0.028214
0.028214
0.028176
0.028213
0.028213
0.028177
0.028177
0.028216
0.028216
0.028216
0.028216
0.028216
0.028252
0.028214
0.028214
0.028214
0.028214
0.028214
0.028176
0.028213
0.028252
0.028216
0.028216
0.028216
0.028216
0.028216
0.028216
0.028216
0.028252
0.028214
0.028214
0.028214
0.028214
0.028214
0.028214
0.028214
0.028252
0.028216
0.028216
0.028216
0.028216
0.028216
0.028216
0.028216
0.028252
0.028214
0.028214
0.028214
0.028214
0.028214
0.028246
0.028246
0.028283
0.028247
0.028247
0.028216
0.028216
0.028216
0.028216
0.028216
0.028252
0.028214
0.028214
0.028214
0.028246
0.028246
0.028246
0.028246
0.028247
0.028247
0.028247
0.028247
0.028247
0.028216
0.028216
0.028216
0.028216
0.028214
0.028214
0.028246
0.028246
0.028246
0.028246
0.028246
0.028247
0.028247
0.028247
0.028247
0.028247
0.028247
0.028247
0.028247
0.028250
0.028286
0.028320
0.028320
0.028320
0.028320
0.028320
0.028286
0.028287
0.028287
0.028287
0.028287
0.028287
0.028287
0.028287
0.028287
0.028250
0.028320
0.028320
0.028320
0.028320
0.028320
0.028320
0.028320
0.028287
0.028287
0.028287
0.028287
0.028287
0.028287
0.028287
0.028327
0.028290
0.028360
0.028360
0.028360
0.028360
0.028360
0.028360
0.028324
0.028290
0.028327
0.028327
0.028327
0.028327
0.028327
0.028327
0.028327
0.028324
0.028324
0.028360
0.028360
0.028360
0.028360
0.028360
0.028324
0.028324
0.028327
0.028327
0.028327
0.028327
0.028327
0.028327
0.028362
0.028324
0.028324
0.028360
0.028360
0.028360
0.028360
0.028360
0.028324
0.028324
0.028362
0.028327
0.028327
0.028327
0.028327
0.028327
0.028362
0.028324
0.028324
0.028360
0.028360
0.028360
0.028360
0.028324
0.028324
0.028324
0.028362
0.028362
0.028362
0.028362
0.028362
0.028362
0.028362
0.028324
0.028324
0.028324
0.028324
0.028324
0.028356
0.028356
0.028356
0.028356
0.028394
0.028394
0.028394
0.028362
0.028362
0.028362
0.028324
0.028324
0.028324
0.028324
0.028366
0.028397
0.028397
0.028397
0.028397
0.028397
0.028435
0.028435
0.028435
0.028435
0.028403
0.028403
0.028366
0.028366
0.028366
0.028366
0.028397
0.028397
0.028397
0.028397
0.028397
0.028397
0.028435
0.028435
0.028435
0.028435
0.028435
0.028435
0.028397
0.028397
0.028436
0.028397
0.028397
0.028397
0.028397
0.028397
0.028397
0.028397
0.028397
0.028435
0.028435
0.028435
0.028435
0.028473
0.028436
0.028436
0.028436
0.028436
0.028397
0.028397
0.028397
0.028397
0.028397
0.028397
0.028397
0.028435
0.028435
0.028435
0.028473
