2.111804
1.976472
1.858617
1.784955
1.750103
1.738153
1.735978
1.736076
1.736087
1.735716
1.734964
1.734252
1.734032
1.733581
1.733128
1.732715
1.732479
1.732345
1.731992
1.731285
1.730504
1.729505
1.728601
1.727438
1.726472
1.725371
1.724204
1.722945
1.721421
1.719704
1.718277
1.717011
1.715401
1.713802
1.712150
1.710452
1.708872
1.707230
1.705696
1.704068
1.702514
1.701081
1.700034
1.698674
1.697341
1.695771
1.694086
1.692484
1.690835
1.689175
1.687605
1.685838
1.684730
1.683092
1.681508
1.679933
1.678123
1.676582
1.674898
1.673377
1.671841
1.670283
1.668576
1.667046
1.665678
1.664144
1.662372
1.660732
1.658965
1.657561
1.656080
1.654517
1.652932
1.651201
1.649483
1.647766
1.645975
1.644258
1.642590
1.641147
1.639832
1.638263
1.636327
1.634876
1.633311
1.631983
1.630586
1.629289
1.627814
1.626485
1.625340
1.623963
1.622102
1.620722
1.619480
1.618383
1.617218
1.615956
1.614828
1.613524
1.612591
1.611768
1.610870
1.609348
1.608410
1.607412
1.606275
1.605092
1.604295
1.603154
1.602332
1.601342
1.600705
1.600005
1.599356
1.598248
1.597629
1.596859
1.595973
1.595353
1.594834
1.594161
1.593442
1.592867
1.592219
1.591751
1.591035
1.590523
1.589816
1.589329
1.588326
1.587299
1.586319
1.585235
1.584468
1.583002
1.582125
1.581460
1.580639
1.579976
1.579241
1.578550
1.577752
1.576783
1.576119
1.575426
1.575035
1.574367
1.573889
1.573529
1.573131
1.572798
1.571811
1.571317
1.570604
1.569867
1.569014
1.568351
1.567603
1.566860
1.566224
1.565679
1.565320
1.564804
1.564254
1.564024
1.563487
1.563093
1.562874
1.562753
1.562291
1.562271
1.561871
1.561669
1.561307
1.560702
1.560097
1.559293
1.558923
1.558329
1.557911
1.557308
1.556823
1.556575
1.556387
1.556787
1.556577
1.556451
1.556310
1.556059
1.555857
1.555567
1.555082
1.554566
1.554213
1.553714
1.553397
1.553196
1.552881
1.552594
1.552342
1.552019
1.551680
1.551457
1.551251
1.550916
1.550676
1.550232
1.550010
1.549457
1.548629
1.548110
1.547214
1.546459
1.545700
1.545128
1.545172
1.544744
1.544214
1.544021
1.544059
1.543858
1.543588
1.543527
1.543010
1.543025
1.542769
1.542369
1.541990
1.541501
1.540940
1.540122
1.539602
1.539274
1.538894
1.538462
1.538043
1.537674
1.537120
1.536571
1.536208
1.535651
1.535065
1.534144
1.532787
1.531487
1.530186
1.528993
1.527448
1.526248
1.525211
1.524083
1.522990
1.521837
1.520925
1.520268
1.519502
1.518577
1.518276
1.517267
1.516236
1.515246
1.514114
1.513364
1.512586
1.511744
1.510927
1.510322
1.510035
1.509401
1.508777
1.508492
1.507784
1.507206
1.506620
1.505989
1.505452
1.504689
1.503801
1.502526
1.501302
1.500215
1.499300
1.498369
1.497318
1.496490
1.495877
1.495322
1.495015
1.494651
1.494296
1.493879
1.493612
1.493193
1.492938
1.492667
1.492046
1.490854
1.490041
1.489278
1.488397
1.487048
1.486228
1.485891
1.485315
1.484643
1.484246
1.484047
1.483750
1.483423
1.482651
1.481885
1.481426
1.480942
1.480130
1.478528
1.477240
1.476263
1.475870
1.474863
1.473566
1.472445
1.472032
1.471980
1.471542
1.470947
1.470394
1.470194
1.470166
1.469980
1.469453
1.468761
1.468052
1.467279
1.466869
1.466022
1.464923
1.463692
1.462883
1.461997
1.461522
1.461469
1.460979
1.460405
1.459937
1.459676
1.459826
1.460048
1.459797
1.459321
1.458843
1.458197
1.457684
1.457180
1.456747
1.455870
1.455018
1.453759
1.452806
1.452420
1.452221
1.452215
1.452212
1.451933
1.451628
1.451408
1.451245
1.451493
1.451274
1.450871
1.450054
1.449016
1.448226
1.447270
1.446725
1.446468
1.446275
1.446004
1.446075
1.445876
1.446692
1.448254
1.450379
1.452308
1.453540
1.454023
1.453826
1.453049
1.452326
1.451770
1.451391
1.450791
1.450200
1.449929
1.449829
1.449565
1.449414
1.448769
1.448018
1.447434
1.446757
1.446258
1.446275
1.446099
1.445437
1.445310
1.445548
1.446081
1.446862
1.447417
1.448172
1.449135
1.449796
1.450306
1.450714
1.451038
1.451263
1.451412
1.451518
1.451843
1.451753
1.451859
1.451768
1.451556
1.451725
1.451957
1.452334
1.452890
1.453331
1.453511
1.453905
1.454213
1.454400
1.455092
1.455224
1.455326
1.455608
1.455762
1.455829
1.456019
1.456339
1.456623
1.457109
1.457842
1.458306
1.458528
1.458784
1.458827
1.458621
1.458795
1.458815
1.458816
1.458918
1.458974
1.459140
1.459220
1.459350
1.459509
1.459582
1.459698
1.459837
1.459848
1.459916
1.459814
1.459949
1.459964
1.460131
1.459960
1.459845
1.459597
1.459763
1.460041
1.460398
1.461506
1.463598
1.465593
1.467186
1.468073
1.468461
1.468040
1.467437
1.466218
1.465195
1.464204
1.463205
1.462458
1.461499
1.460772
1.459814
1.459523
1.460174
1.461325
1.463112
1.464780
1.466640
1.468189
1.469561
1.470021
1.469921
1.469126
1.468120
1.467005
1.465517
1.464176
1.462806
1.461186
1.459674
1.458129
1.456601
1.455180
1.453882
1.452367
1.451215
1.450022
1.449170
1.448428
1.447792
1.447551
1.447374
1.447341
1.447331
1.447600
1.447739
1.447899
1.447824
1.447504
1.446803
1.445920
1.444327
1.442624
1.440741
1.438773
1.436895
1.435100
1.433511
1.432102
1.430877
1.429941
1.429248
1.428674
1.428217
1.427910
1.427492
1.427111
1.426637
1.426081
1.425150
1.423901
1.422396
1.421087
1.419545
1.417968
1.416480
1.414584
1.412522
1.410888
1.409443
1.408121
1.406712
1.405327
1.404175
1.403049
1.401517
1.399839
1.397766
1.395767
1.393663
1.391655
1.389792
1.387724
1.385683
1.383888
1.381842
1.379703
1.377838
1.375520
1.373537
1.371384
1.369247
1.366907
1.364752
1.362624
1.360653
1.358691
1.357027
1.355493
1.353709
1.351956
1.350401
1.348411
1.346294
1.344057
1.342002
1.339737
1.337539
1.335392
1.333082
1.330967
1.328798
1.326601
1.324441
1.322269
1.320052
1.317912
1.315816
1.313732
1.311528
1.309346
1.307303
1.305365
1.303284
1.301220
1.299096
1.296901
1.294670
1.292492
1.290354
1.288204
1.286090
1.283771
1.281594
1.279413
1.277226
1.274980
1.272861
1.270653
1.268520
1.266336
1.264234
1.262128
1.260164
1.258087
1.255876
1.253614
1.251331
1.249334
1.247137
1.244923
1.242744
1.240625
1.238553
1.236410
1.234237
1.232174
1.230058
1.227928
1.226096
1.224045
1.221956
1.219967
1.217977
1.215896
1.214030
1.212120
1.210094
1.208112
1.206049
1.204163
1.202243
1.200307
1.198498
1.196568
1.194652
1.192704
1.190888
1.189135
1.187309
1.185723
1.184229
1.182563
1.180884
1.179159
1.177392
1.175684
1.174028
1.172474
1.170762
1.169138
1.167612
1.166077
1.164708
1.163004
1.161641
1.160162
1.158616
1.157270
1.155891
1.154558
1.153278
1.151942
1.150705
1.149370
1.148097
1.146941
1.145694
1.144462
1.143130
1.142060
1.140781
1.139653
1.138638
1.137510
1.136614
1.135608
1.134756
1.133852
1.132913
1.131971
1.131088
1.130208
1.129314
1.128468
1.127619
1.126830
1.126037
1.125224
1.124529
1.123862
1.123229
1.122524
1.121876
1.121256
1.120592
1.120043
1.119446
1.118894
1.118477
1.117873
1.117319
1.116830
1.116275
1.115741
1.115364
1.114835
1.114440
1.114100
1.113656
1.113293
1.112869
1.112589
1.112298
1.111928
1.111638
1.111302
1.110999
1.110705
1.110305
1.110078
1.109784
1.109462
1.109234
1.109021
1.108769
1.108515
1.108342
1.108142
1.107944
1.107784
1.107745
1.107534
1.107312
1.107139
1.107091
1.106958
1.106727
1.106696
1.106653
1.106289
1.106313
1.106228
1.106033
1.106065
1.106038
1.105971
1.105761
1.105924
1.105933
1.105811
1.105728
1.105801
1.105776
1.105760
1.105776
1.105792
1.105734
1.105765
1.105783
1.105763
1.105782
1.105865
1.105921
1.105892
1.106037
1.106140
1.106215
1.106246
1.106279
1.106340
1.106465
1.106476
1.106631
1.106735
1.106784
1.106798
1.106945
1.107060
1.107168
1.107331
1.107407
1.107491
1.107711
1.107844
1.107939
1.108107
1.108158
1.108254
1.108425
1.108564
1.108604
1.108793
1.108866
1.108945
1.109199
1.109374
1.109424
1.109611
1.109721
1.109897
1.110082
1.110106
1.110257
1.110422
1.110451
1.110551
1.110656
1.110761
1.110965
1.111001
1.111099
1.111287
1.111299
1.111440
1.111555
1.111636
1.111712
1.111822
1.111981
1.112038
1.112017
1.112103
1.112129
1.112276
1.112413
1.112428
1.112496
1.112679
1.112829
1.112933
1.112849
1.112892
1.113091
1.113072
1.113170
1.113274
1.113322
1.113449
1.113522
1.113501
1.113596
1.113647
1.113701
1.113911
1.113801
1.113940
1.114146
1.114124
1.114188
1.114326
1.114281
1.114390
1.114502
1.114479
1.114502
1.114611
1.114605
1.114784
1.114856
1.114915
1.115075
1.114976
1.115132
1.115209
1.115326
1.115410
1.115295
1.115453
1.115547
1.115529
1.115632
1.115748
1.115719
1.115826
1.115853
1.115923
1.115969
1.116010
1.116147
1.116129
1.116168
1.116242
1.116236
1.116290
1.116416
1.116385
1.116432
1.116514
1.116603
1.116682
1.116631
1.116695
1.116735
1.116853
1.116948
1.116914
1.116863
1.117000
1.117052
1.117092
1.117104
1.117055
1.117143
1.117184
1.117277
1.117254
1.117318
1.117218
1.117309
1.117388
1.117391
1.117389
1.117361
1.117398
1.117397
1.117428
1.117529
1.117479
1.117495
1.117442
1.117589
1.117635
1.117599
1.117656
1.117673
1.117722
1.117635
1.117633
1.117712
1.117692
1.117643
1.117790
1.117835
1.117791
1.117800
1.117756
1.117723
1.117690
1.117759
1.117792
1.117801
1.117881
1.117838
1.117799
1.117848
1.117737
1.117742
1.117740
1.117837
1.117839
1.117838
1.117928
1.117939
1.117967
1.117994
1.117954
1.117963
1.118006
1.117976
1.117980
1.117964
1.118065
1.118015
1.117899
1.117940
1.117979
1.118028
1.117982
1.118072
1.118065
1.118076
1.117981
1.117990
1.117986
1.118005
1.117987
1.117986
1.117993
1.118023
1.118013
1.118102
1.118153
1.118156
1.118156
1.118111
1.118132
1.118143
1.118194
1.118243
1.118251
1.118203
1.118265
1.118266
1.118317
1.118362
1.118312
1.118315
1.118329
1.118381
1.118309
1.118393
1.118395
1.118418
1.118485
1.118443
1.118493
1.118496
1.118563
1.118564
1.118529
1.118540
1.118514
1.118633
1.118638
1.118664
1.118713
1.118677
1.118695
1.118795
1.118847
1.118897
1.118866
1.118967
1.118931
1.118936
1.118986
1.119036
1.118989
1.119008
1.119010
1.119023
1.119115
1.119192
1.119167
1.119137
1.119240
1.119240
1.119301
1.119269
1.119356
1.119402
1.119424
1.119374
1.119341
1.119395
1.119495
1.119515
1.119515
1.119571
1.119590
1.119567
1.119720
1.119711
1.119714
1.119746
1.119765
1.119838
1.119869
1.119919
1.119968
1.119922
1.119971
1.119972
1.120026
1.120049
1.120072
1.120071
1.120125
1.120131
1.120156
1.120254
1.120258
1.120269
1.120240
1.120247
1.120272
1.120272
1.120333
1.120385
1.120385
1.120480
1.120512
1.120532
1.120554
1.120606
1.120661
1.120711
1.120740
1.120720
1.120718
1.120769
1.120772
1.120746
1.120801
1.120850
1.120850
1.120906
1.120915
1.120915
1.120969
1.121020
1.121002
1.121102
1.121179
1.121229
1.121231
1.121181
1.121301
1.121275
1.121277
1.121328
1.121328
1.121377
1.121381
1.121386
1.121436
1.121423
1.121511
1.121518
1.121566
1.121566
1.121567
1.121617
1.121617
1.121617
1.121594
1.121646
1.121679
1.121687
1.121687
1.121737
1.121736
1.121835
1.121887
1.121887
1.121887
1.121936
1.121856
1.121829
1.121779
1.121792
1.121842
1.121843
1.121893
1.121892
1.121941
1.121941
1.122043
1.121993
1.122000
1.121951
1.121951
1.121955
1.121955
1.121958
1.121960
1.122010
1.122058
1.122108
1.122108
1.122158
1.122160
1.122187
1.122142
1.122192
1.122182
1.122232
1.122205
1.122205
1.122207
1.122255
1.122255
1.122258
1.122266
1.122268
1.122291
1.122291
1.122296
1.122296
1.122327
1.122377
1.122377
1.122425
1.122427
1.122435
1.122463
1.122509
1.122509
1.122509
1.122511
1.122511
1.122561
1.122603
1.122553
1.122559
1.122555
1.122555
1.122605
1.122583
1.122633
1.122633
1.122633
1.122633
1.122590
1.122524
1.122526
1.122607
1.122607
1.122609
1.122657
1.122653
1.122653
1.122703
1.122753
1.122712
1.122764
1.122814
1.122810
1.122810
1.122810
1.122810
1.122790
1.122797
1.122797
1.122793
1.122752
1.122750
1.122750
1.122732
1.122778
1.122757
1.122757
1.122757
1.122753
1.122803
1.122803
1.122759
1.122714
1.122714
1.122693
1.122693
1.122694
1.122741
1.122741
1.122791
1.122890
1.122890
1.122847
1.122829
1.122879
1.122879
1.122834
1.122836
1.122836
1.122833
1.122831
1.122879
1.122879
1.122890
1.122867
1.122917
1.122967
1.122967
1.122924
1.122874
1.122919
1.122884
1.122934
1.122984
1.122986
1.122947
1.122947
1.122943
1.122942
1.122947
1.122999
1.122999
1.122996
1.122996
1.122968
1.122918
1.122968
1.122968
1.122911
1.122860
1.122815
1.122915
1.122918
1.122918
1.122968
1.122968
1.122964
1.122964
1.122964
1.122964
1.123064
1.123019
1.122982
1.122977
1.122977
1.122927
1.122912
1.122915
1.122915
1.122899
1.122949
1.122951
1.122951
1.122951
1.122951
1.122951
1.122948
1.122912
1.123008
1.123040
1.123040
1.122996
1.123046
1.122996
1.122984
1.122984
1.123034
1.123031
1.123081
1.123079
1.123079
1.123035
1.123035
1.123035
1.122999
1.122999
1.122996
1.123046
1.123046
1.123096
1.123096
1.123052
1.123052
1.123088
1.123088
1.123091
1.123091
1.123088
1.123088
1.123086
1.123086
1.123080
1.123078
1.123095
1.123095
1.123095
1.123095
1.123093
1.123143
1.123141
1.123141
1.123124
1.123080
1.123130
1.123117
1.123167
1.123167
1.123167
1.123167
1.123167
1.123167
1.123167
1.123176
1.123173
1.123173
1.123173
1.123091
1.123091
1.123091
1.123091
1.123091
1.123091
1.123191
1.123191
1.123148
1.123148
1.123148
1.123146
1.123146
1.123185
1.123185
1.123232
1.123232
1.123232
1.123232
1.123139
1.123139
1.123139
1.123133
1.123133
1.123133
1.123183
1.123229
1.123229
1.123229
1.123199
1.123249
1.123249
1.123207
1.123181
1.123183
1.123233
1.123233
1.123233
1.123233
1.123231
1.123231
1.123231
1.123216
1.123216
1.123216
1.123215
1.123215
1.123215
1.123215
1.123215
1.123215
1.123215
1.123214
1.123214
1.123214
1.123214
1.123264
1.123313
1.123313
1.123272
1.123272
1.123272
1.123272
1.123272
1.123223
1.123223
1.123173
1.123272
1.123272
1.123272
1.123295
1.123295
1.123292
1.123292
1.123292
1.123252
1.123252
1.123250
1.123300
1.123300
1.123300
1.123300
1.123300
1.123300
1.123300
1.123300
1.123300
1.123300
1.123300
1.123300
1.123342
1.123342
1.123342
1.123342
1.123353
1.123353
1.123351
1.123390
1.123390
1.123432
1.123432
1.123532
1.124532
1.137021
1.131509
1.144995
1.145275
1.161977
1.165016
1.174743
1.182675
1.191830
1.198981
1.206200
1.211503
1.215651
1.218405
1.219996
1.221011
1.220618
1.219239
1.217626
1.215146
1.212927
1.210252
1.207952
1.205736
1.203263
1.200803
1.198327
1.195842
1.193439
1.191172
1.189158
1.187066
1.185113
1.183321
1.181467
1.179862
1.178099
1.176327
1.174530
1.172672
1.170894
1.168977
1.167070
1.165350
1.163519
1.161670
1.159702
1.157944
1.155938
1.154102
1.151040
1.146619
1.140088
1.131717
1.121706
1.111006
1.100105
1.089198
1.078479
1.068167
1.057908
1.047626
1.037228
1.027179
1.017362
1.007533
0.998035
0.988606
0.979684
0.971419
0.963890
0.957370
0.951776
0.947470
0.944504
0.942717
0.942466
0.943098
0.944391
0.945760
0.946635
0.946651
0.945521
0.943441
0.940786
0.937725
0.934216
0.931220
0.928265
0.925171
0.922186
0.919414
0.916945
0.914747
0.913044
0.911589
0.910121
0.908609
0.906954
0.905115
0.903420
0.901551
0.899439
0.897316
0.895410
0.893649
0.892223
0.891092
0.890399
0.889877
0.888918
0.887642
0.886132
0.884517
0.882927
0.881188
0.879178
0.876828
0.874492
0.871564
0.868407
0.865219
0.862026
0.859221
0.856631
0.854106
0.851774
0.849393
0.847227
0.844854
0.842646
0.840688
0.838638
0.836782
0.834785
0.832876
0.830804
0.828239
0.825738
0.822861
0.820408
0.817828
0.815635
0.813373
0.811293
0.809405
0.807505
0.805477
0.803525
0.801612
0.799582
0.797623
0.795808
0.794062
0.792215
0.790011
0.787874
0.785599
0.783374
0.781058
0.778947
0.776805
0.774770
0.772968
0.771153
0.769291
0.767585
0.765847
0.763934
0.762023
0.759884
0.757619
0.755217
0.752963
0.751004
0.748856
0.747029
0.745255
0.743290
0.741477
0.739419
0.737583
0.735792
0.733832
0.732018
0.729974
0.728191
0.726421
0.724539
0.722668
0.721187
0.719405
0.717477
0.715582
0.713753
0.712038
0.709991
0.708070
0.706355
0.704528
0.702667
0.701136
0.699133
0.697352
0.695540
0.693699
0.691865
0.689864
0.687932
0.686054
0.684215
0.682185
0.680550
0.678591
0.676717
0.674970
0.673148
0.671190
0.669508
0.667512
0.665440
0.663709
0.661663
0.659450
0.657626
0.655955
0.653954
0.652125
0.650170
0.648103
0.646231
0.644386
0.642520
0.640779
0.639066
0.637034
0.634792
0.632956
0.631097
0.628999
0.627120
0.625323
0.623250
0.621189
0.619282
0.617499
0.615480
0.613497
0.611659
0.609908
0.607948
0.606148
0.604290
0.602385
0.600465
0.598734
0.596831
0.594995
0.593127
0.591277
0.589401
0.587616
0.585900
0.584071
0.582318
0.580543
0.578788
0.576976
0.575193
0.573368
0.571557
0.569878
0.568125
0.566384
0.564626
0.563076
0.561245
0.559520
0.557637
0.555995
0.554392
0.552837
0.551044
0.549347
0.547531
0.545865
0.544018
0.542348
0.540540
0.538802
0.537060
0.535432
0.533651
0.531867
0.530268
0.528630
0.526773
0.525044
0.523498
0.521966
0.520383
0.518790
0.516981
0.515337
0.513714
0.511972
0.510360
0.508591
0.507005
0.505344
0.503679
0.502081
0.500474
0.498839
0.497231
0.495691
0.494117
0.492489
0.490897
0.489267
0.487737
0.486119
0.484539
0.483164
0.481704
0.480334
0.479030
0.477476
0.476165
0.474762
0.473324
0.471876
0.470458
0.469022
0.467644
0.466360
0.464979
0.463712
0.462503
0.461274
0.460159
0.459002
0.457800
0.456907
0.455910
0.454761
0.453778
0.452700
0.451576
0.450526
0.449517
0.448479
0.447451
0.446494
0.445498
0.444447
0.443601
0.442655
0.441752
0.440906
0.440010
0.439001
0.438238
0.437400
0.436382
0.435458
0.434397
0.433360
0.432314
0.431291
0.430098
0.429115
0.428052
0.426835
0.426002
0.424988
0.424084
0.423118
0.422101
0.420973
0.420057
0.419060
0.418066
0.417055
0.416039
0.415119
0.414108
0.413254
0.412127
0.411190
0.410142
0.409121
0.408230
0.407453
0.406495
0.405529
0.404598
0.403763
0.402793
0.401783
0.400798
0.399933
0.398866
0.397892
0.396813
0.395938
0.395046
0.393962
0.393032
0.392120
0.390998
0.390196
0.389345
0.388485
0.387551
0.386635
0.385671
0.384631
0.383741
0.382807
0.381847
0.380861
0.379963
0.379045
0.378050
0.377043
0.376085
0.375007
0.374058
0.373227
0.372274
0.371345
0.370351
0.369409
0.368463
0.367595
0.366793
0.365815
0.364942
0.364106
0.362804
0.361804
0.360778
0.359911
0.358967
0.357999
0.356989
0.355878
0.354870
0.353813
0.352809
0.351734
0.350651
0.349539
0.348508
0.347413
0.346225
0.345231
0.344070
0.343002
0.341905
0.340936
0.339868
0.338922
0.338015
0.336817
0.335828
0.334786
0.333723
0.332734
0.331660
0.330600
0.329593
0.328630
0.327583
0.326653
0.325669
0.324544
0.323584
0.322606
0.321512
0.320556
0.319680
0.318599
0.317555
0.316509
0.315577
0.314570
0.313502
0.312403
0.311490
0.310528
0.309989
0.309177
0.308266
0.307260
0.306258
0.305131
0.304176
0.303221
0.302234
0.301307
0.300270
0.299417
0.298325
0.297385
0.296303
0.295214
0.294030
0.292937
0.291773
0.290654
0.289476
0.288574
0.287480
0.286241
0.285212
0.284173
0.282969
0.281890
0.280826
0.279840
0.278605
0.277597
0.276404
0.275308
0.274216
0.273008
0.271991
0.270890
0.269817
0.268692
0.267598
0.266499
0.265425
0.264169
0.263073
0.262068
0.260926
0.259819
0.258659
0.257524
0.256408
0.255306
0.254100
0.252953
0.251795
0.251014
0.250130
0.248870
0.247771
0.246666
0.245479
0.244471
0.243222
0.242201
0.240980
0.239757
0.238686
0.237435
0.236368
0.235227
0.234090
0.232927
0.231793
0.230682
0.229586
0.228625
0.227597
0.226592
0.225487
0.224432
0.223348
0.222218
0.221170
0.220002
0.218765
0.217661
0.216654
0.215611
0.214601
0.213476
0.212417
0.211401
0.210390
0.209320
0.208269
0.207168
0.206147
0.205125
0.204041
0.202999
0.201980
0.200911
0.199966
0.198864
0.197936
0.196866
0.195939
0.194812
0.193843
0.192897
0.191864
0.190875
0.189994
0.188894
0.187931
0.186919
0.185909
0.184931
0.183853
0.182861
0.181922
0.181109
0.180142
0.179458
0.178596
0.177942
0.177208
0.176553
0.175731
0.175091
0.174268
0.173689
0.173004
0.172349
0.171715
0.170797
0.169950
0.169009
0.168106
0.167073
0.166101
0.165310
0.164417
0.163459
0.162635
0.161745
0.160955
0.160122
0.159185
0.158379
0.157535
0.156671
0.155848
0.155099
0.154166
0.153368
0.152619
0.151910
0.151057
0.150350
0.149627
0.148762
0.147977
0.147240
0.146378
0.145671
0.144876
0.144266
0.143428
0.142775
0.142042
0.141275
0.140505
0.139664
0.139038
0.138272
0.137448
0.136773
0.136100
0.135318
0.134630
0.133921
0.133052
0.132360
0.131609
0.130864
0.130188
0.129464
0.128736
0.128073
0.127333
0.126497
0.125813
0.125098
0.124459
0.123544
0.122889
0.122184
0.121528
0.120785
0.120091
0.119265
0.118430
0.117839
0.117081
0.116363
0.115687
0.114924
0.114176
0.113570
0.112864
0.112151
0.111487
0.110748
0.109968
0.109293
0.108667
0.108029
0.107153
0.106463
0.105759
0.105045
0.104357
0.103655
0.102923
0.102191
0.101603
0.100763
0.100040
0.099457
0.098793
0.098026
0.097343
0.096697
0.095872
0.095251
0.094518
0.093846
0.093084
0.092397
0.091725
0.090973
0.090346
0.089745
0.089090
0.088373
0.087672
0.087039
0.086321
0.085727
0.085094
0.084414
0.083809
0.083125
0.082425
0.081836
0.081160
0.080567
0.079917
0.079287
0.078669
0.078069
0.077424
0.076830
0.076235
0.075610
0.074978
0.074490
0.073932
0.073361
0.072800
0.072223
0.071677
0.071180
0.070675
0.070101
0.069592
0.069130
0.068649
0.068138
0.067723
0.067209
0.066677
0.066345
0.065863
0.065362
0.064904
0.064519
0.064068
0.063670
0.063218
0.062801
0.062372
0.062007
0.061598
0.061308
0.060961
0.060512
0.060196
0.059835
0.059423
0.059085
0.058751
0.058347
0.058108
0.057645
0.057336
0.056961
0.056673
0.056310
0.056039
0.055692
0.055384
0.055094
0.054813
0.054485
0.054249
0.053944
0.053682
0.053353
0.053101
0.052777
0.052499
0.052340
0.052085
0.051829
0.051649
0.051372
0.051096
0.050862
0.050634
0.050401
0.050126
0.049893
0.049610
0.049412
0.049179
0.048906
0.048786
0.048474
0.048290
0.048115
0.047940
0.047708
0.047504
0.047350
0.047154
0.046994
0.046685
0.046582
0.046408
0.046179
0.046035
0.045729
0.045574
0.045510
0.045324
0.045245
0.045018
0.044811
0.044634
0.044504
0.044434
0.044222
0.044009
0.043843
0.043716
0.043554
0.043398
0.043215
0.043108
0.042946
0.042828
0.042684
0.042530
0.042368
0.042263
0.042114
0.041980
0.041912
0.041797
0.041712
0.041609
0.041493
0.041434
0.041284
0.041246
0.041110
0.040922
0.040829
0.040749
0.040629
0.040586
0.040492
0.040376
0.040324
0.040165
0.039955
0.039949
0.039882
0.039808
0.039691
0.039588
0.039496
0.039383
0.039335
0.039311
0.039150
0.039167
0.038973
0.038839
0.038795
0.038674
0.038629
0.038548
0.038456
0.038494
0.038439
0.038427
0.038267
0.038144
0.038087
0.037962
0.037913
0.037852
0.037777
0.037758
0.037685
0.037630
0.037588
0.037477
0.037475
0.037325
0.037325
0.037229
0.037219
0.037122
0.037107
0.036956
0.036994
0.036937
0.036895
0.036883
0.036771
0.036782
0.036691
0.036754
0.036662
0.036615
0.036438
0.036417
0.036417
0.036332
0.036269
0.036208
0.036162
0.036165
0.036113
0.036140
0.036077
0.036034
0.036004
0.035862
0.035846
0.035862
0.035803
0.035827
0.035890
0.035842
0.035751
0.035795
0.035780
0.035682
0.035651
0.035651
0.035567
0.035567
0.035491
0.035553
0.035506
0.035447
0.035404
0.035319
0.035354
0.035386
0.035302
0.035302
0.035292
0.035299
0.035257
0.035217
0.035267
0.035193
0.035141
0.035066
0.035080
0.035000
0.035030
0.035058
0.035032
0.035032
0.034950
0.034950
0.034925
0.034886
0.034888
0.034888
0.034838
0.034838
0.034838
0.034824
0.034824
0.034815
0.034830
0.034742
0.034772
0.034734
0.034701
0.034712
0.034712
0.034669
0.034669
0.034644
0.034677
0.034677
0.034599
0.034631
0.034649
0.034612
0.034585
0.034585
0.034583
0.034595
0.034579
0.034605
0.034582
0.034623
0.034560
0.034485
0.034509
0.034541
0.034499
0.034499
0.034499
0.034465
0.034487
0.034452
0.034502
0.034467
0.034450
0.034528
0.034530
0.034424
0.034363
0.034329
0.034293
0.034251
0.034251
0.034217
0.034277
0.034282
0.034282
0.034249
0.034343
0.034380
0.034348
0.034314
0.034276
0.034246
0.034246
0.034167
0.034115
0.034153
0.034109
0.034109
0.034170
0.034206
0.034286
0.034226
0.034210
0.034210
0.034210
0.034210
0.034210
0.034172
0.034104
0.034104
0.034104
0.034104
0.034095
0.034101
0.034182
0.034107
0.034103
0.034103
0.034103
0.034083
0.034106
0.034104
0.034104
0.034104
0.034051
0.034085
0.034085
0.034050
0.034130
0.034130
0.034130
0.034130
0.034041
0.034074
0.034074
0.034074
0.034040
0.034081
0.034060
0.034082
0.034054
0.034081
0.034123
0.034095
0.034095
0.034095
0.034136
0.034060
0.034060
0.034060
0.033986
0.033986
0.033964
0.033964
0.033898
0.033939
0.033912
0.033912
0.033912
0.033985
0.033985
0.033945
0.033970
0.033970
0.033973
0.033973
0.033973
0.033973
0.033973
0.033936
0.033910
0.033910
0.033910
0.033910
0.033854
0.033889
0.033890
0.033926
0.033847
0.033847
0.033847
0.033847
0.033847
0.033888
0.033793
0.033755
0.033755
0.033755
0.033755
0.033784
0.033853
0.033853
0.033812
0.033781
0.033756
0.033756
0.033756
0.033720
0.033724
0.033680
0.033645
0.033645
0.033645
0.033677
0.033715
0.033685
0.033644
0.033608
0.033608
0.033608
0.033584
0.033584
0.033590
0.033552
0.033580
0.033580
0.033593
0.033597
0.033570
0.033528
0.033528
0.033520
0.033520
0.033520
0.033520
0.033520
0.033529
0.033560
0.033528
0.033528
0.033528
0.033566
0.033541
0.033541
0.033587
0.033579
0.033556
0.033556
0.033556
0.033497
0.033497
0.033496
0.033468
0.033468
0.033468
0.033506
0.033506
0.033478
0.033478
0.033449
0.033449
0.033448
0.033426
0.033426
0.033510
0.033470
0.033470
0.033470
0.033470
0.033508
0.033508
0.033427
0.033427
0.033427
0.033427
0.033427
0.033393
0.033393
0.033355
0.033362
0.033362
0.033362
0.033336
0.033336
0.033391
0.033391
0.033391
0.033391
0.033365
0.033312
0.033312
0.033312
0.033274
0.033302
0.033277
0.033257
0.033257
0.033291
0.033301
0.033301
0.033301
0.033341
0.033341
0.033341
0.033341
0.033307
0.033269
0.033264
0.033292
0.033338
0.033338
0.033338
0.033310
0.033329
0.033288
0.033288
0.033288
0.033288
0.033268
0.033309
0.033272
0.033281
0.033281
0.033281
0.033281
0.033247
0.033284
0.033284
0.033257
0.033215
0.033215
0.033198
0.033239
0.033242
0.033278
0.033278
0.033260
0.033301
0.033301
0.033284
0.033284
0.033307
0.033307
0.033345
0.033345
0.033365
0.033327
0.033363
0.033363
0.033381
0.033381
0.033381
0.033381
0.033419
0.033419
0.033387
0.033387
0.033387
0.033417
0.033400
0.033369
0.033369
0.033397
0.033438
0.033438
0.033437
0.033432
0.033464
0.033448
0.033445
0.033483
0.033500
0.033508
0.033508
0.033508
0.033549
0.033549
0.033502
0.033486
0.033486
0.033486
0.033486
0.033486
0.033484
0.033517
0.033495
0.033495
0.033495
0.033450
0.033450
0.033370
0.033368
0.033396
0.033396
0.033396
0.033429
0.033420
0.033457
0.033442
0.033430
0.033430
0.033430
0.033430
0.033423
0.033451
0.033490
0.033486
0.033471
0.033472
0.033472
0.033472
0.033481
0.033481
0.033433
0.033455
0.033416
0.033416
0.033364
0.033317
0.033315
0.033283
0.033283
0.033283
0.033283
0.033235
0.033192
0.033152
0.033152
0.033152
0.033152
0.033129
0.033129
0.033121
0.033122
0.033108
0.033089
0.033089
0.033089
0.033061
0.033021
0.033021
0.033007
0.032993
0.033028
0.033028
0.033002
0.033003
0.032955
0.032996
0.032963
0.032991
0.032978
0.032894
0.032894
0.032927
0.032927
0.032891
0.032891
0.032843
0.032866
0.032861
0.032930
0.032930
0.032930
0.032882
0.032916
0.032876
0.032897
0.032941
0.032857
0.032865
0.032865
0.032865
0.032922
0.032888
0.032868
0.032868
0.032868
0.032868
0.032868
0.032820
0.032851
0.032803
0.032774
0.032774
0.032774
0.032726
0.032753
0.032784
0.032750
0.032739
0.032691
0.032691
0.032691
0.032691
0.032762
0.032638
0.032638
0.032638
0.032638
0.032645
0.032607
0.032624
0.032624
0.032613
0.032613
0.032613
0.032579
0.032531
0.032494
0.032493
0.032493
0.032493
0.032445
0.032407
0.032418
0.032445
0.032482
0.032473
0.032473
0.032456
0.032456
0.032420
0.032425
0.032416
0.032336
0.032378
0.032406
0.032406
0.032369
0.032369
0.032405
0.032329
0.032321
0.032289
0.032289
0.032204
0.032241
0.032241
0.032234
0.032234
0.032234
0.032185
0.032181
0.032181
0.032181
0.032181
0.032208
0.032201
0.032107
0.032107
0.032145
0.032087
0.032042
0.032042
0.031983
0.031976
0.031938
0.031967
0.031967
0.031927
0.031878
0.031878
0.031844
0.031844
0.031803
0.031829
0.031872
0.031872
0.031872
0.031880
0.031871
0.031798
0.031786
0.031762
0.031796
0.031796
0.031796
0.031747
0.031785
0.031756
0.031756
0.031756
0.031741
0.031741
0.031704
0.031732
0.031702
0.031702
0.031702
0.031653
0.031653
0.031653
0.031662
0.031600
0.031541
0.031541
0.031584
0.031584
0.031547
0.031616
0.031616
0.031616
0.031533
0.031527
0.031457
0.031425
0.031463
0.031414
0.031382
0.031382
0.031382
0.031382
0.031345
0.031316
0.031316
0.031309
0.031262
0.031262
0.031256
0.031290
0.031279
0.031279
0.031311
0.031311
0.031310
0.031314
0.031314
0.031276
0.031255
0.031180
0.031180
0.031180
0.031157
0.031144
0.031127
0.031127
0.031091
0.031091
0.031091
0.031091
0.031122
0.031090
0.031119
0.031067
0.031067
0.031067
0.031099
0.031070
0.030918
0.030918
0.030918
0.030918
0.030906
0.030906
0.030958
0.030987
0.030987
0.030938
0.030933
0.030933
0.030933
0.030852
0.030806
0.030772
0.030772
0.030738
0.030677
0.030707
0.030744
0.030780
0.030780
0.030758
0.030758
0.030718
0.030718
0.030718
0.030669
0.030670
0.030670
0.030670
0.030670
0.030670
0.030619
0.030655
0.030649
0.030573
0.030611
0.030614
0.030614
0.030577
0.030530
0.030558
0.030558
0.030558
0.030558
0.030512
0.030480
0.030507
0.030542
0.030542
0.030459
0.030459
0.030535
0.030535
0.030526
0.030400
0.030400
0.030402
0.030402
0.030374
0.030414
0.030375
0.030380
0.030372
0.030284
0.030284
0.030286
0.030319
0.030283
0.030274
0.030310
0.030317
0.030317
0.030267
0.030232
0.030232
0.030268
0.030268
0.030264
0.030205
0.030213
0.030177
0.030144
0.030098
0.030141
0.030141
0.030141
0.030141
0.030148
0.030148
0.030148
0.030142
0.030110
0.030110
0.030062
0.030026
0.030036
0.030070
0.030023
0.030023
0.029982
0.029982
0.029958
0.029958
0.029958
0.029958
0.029958
0.029976
0.029929
0.029890
0.029945
0.030030
0.029984
0.029962
0.029961
0.029894
0.029860
0.029860
0.029822
0.029822
0.029822
0.029822
0.029837
0.029792
0.029830
0.029864
0.029900
0.029820
0.029820
0.029820
0.029782
0.029748
0.029748
0.029748
0.029748
0.029767
0.029767
0.029775
0.029769
0.029856
0.029856
0.029847
0.029847
0.029815
0.029815
0.029772
0.029739
0.029759
0.029782
0.029740
0.029740
0.029777
0.029772
0.029813
0.029813
0.029820
0.029790
0.029790
0.029833
0.029761
0.029787
0.029787
0.029787
0.029787
0.029787
0.029786
0.029853
0.029835
0.029835
0.029826
0.029826
0.029826
0.029831
0.029759
0.029759
0.029735
0.029742
0.029742
0.029773
0.029810
0.029877
0.029873
0.029873
0.029890
0.029890
0.029890
0.029838
0.029789
0.029715
0.029715
0.029732
0.029732
0.029733
0.029737
0.029806
0.029839
0.029839
0.029822
0.029822
0.029790
0.029825
0.029788
0.029788
0.029793
0.029793
0.029793
0.029762
0.029833
0.029871
0.029782
0.029747
0.029783
0.029769
0.029769
0.029767
0.029767
0.029767
0.029767
0.029767
0.029767
0.029777
0.029803
0.029803
0.029805
0.029845
0.029818
0.029818
0.029780
0.029816
0.029852
0.029852
0.029852
0.029852
0.029887
0.029887
0.029883
0.029848
0.029841
0.029882
0.029857
0.029857
0.029857
0.029882
0.029882
0.029882
0.029917
0.029946
0.029964
0.029936
0.029900
0.029900
0.029862
0.029910
0.029910
0.029910
0.029910
0.029910
0.029950
0.029950
0.029950
0.029950
0.029950
0.029974
0.029934
0.029934
0.029934
0.029934
0.029934
0.029978
0.029983
0.029983
0.029974
0.029974
0.029974
0.029974
0.029974
0.029974
0.029953
0.029998
0.029998
0.029998
0.029998
0.029998
0.029998
0.029952
0.029952
0.029964
0.029964
0.029929
0.029966
0.029966
0.029976
0.029968
0.029949
0.029949
0.029922
0.029922
0.029967
0.029967
0.029967
0.029967
0.029985
0.029967
0.029967
0.029967
0.029967
0.029967
0.029950
0.029989
0.029989
0.029989
0.029989
0.029989
0.029989
0.029989
0.029989
0.029989
0.029976
0.029976
0.029976
0.029960
0.029960
0.030006
0.030006
0.030006
0.030006
0.030006
0.030006
0.030002
0.030002
0.030015
0.030015
0.030015
0.030015
0.030015
0.029971
0.029935
0.029935
0.029935
0.029935
0.029971
0.029971
0.029971
0.029971
0.029971
0.029971
0.029971
0.030017
0.030017
0.029967
0.029967
0.029967
0.029986
0.030000
0.030034
0.030063
0.030063
0.030097
0.030097
0.030097
0.030097
0.030083
0.030083
0.030063
0.030063
0.030063
0.030063
0.030063
0.030063
0.030116
0.030116
0.030116
0.030116
0.030116
0.030073
0.030070
0.030082
0.030082
0.030082
0.030048
0.030048
0.030056
0.030056
0.030056
0.030091
0.030091
0.030091
0.030091
