2.276700
2.149070
2.037397
1.967404
1.935103
1.924508
1.922125
1.921466
1.920727
1.919549
1.918570
1.917652
1.916584
1.915153
1.913570
1.911935
1.910795
1.909580
1.908227
1.907008
1.905217
1.902725
1.900385
1.897652
1.894597
1.891589
1.888406
1.884920
1.881783
1.878401
1.875043
1.871868
1.868506
1.865216
1.862234
1.858595
1.855126
1.851562
1.847873
1.844587
1.841522
1.838045
1.834654
1.831635
1.827999
1.824274
1.820459
1.816624
1.812619
1.808963
1.804973
1.801073
1.797268
1.793168
1.789179
1.785158
1.781220
1.776941
1.772523
1.768333
1.764256
1.759979
1.755669
1.751193
1.747239
1.742769
1.738473
1.733884
1.729547
1.725217
1.720766
1.716303
1.711878
1.708271
1.703959
1.699530
1.695086
1.690881
1.686894
1.682790
1.678574
1.674220
1.669730
1.665277
1.661022
1.656715
1.652505
1.648405
1.644478
1.640624
1.636523
1.632356
1.628049
1.623867
1.619661
1.615461
1.610748
1.605845
1.601468
1.597043
1.593008
1.588948
1.585210
1.581589
1.578017
1.574552
1.571124
1.567627
1.563749
1.559725
1.555730
1.551447
1.547395
1.543334
1.539356
1.535551
1.531521
1.527782
1.523854
1.519969
1.516213
1.512627
1.508987
1.505395
1.501719
1.498291
1.494843
1.491476
1.488260
1.485137
1.481444
1.478142
1.475190
1.471884
1.468184
1.464882
1.461389
1.457547
1.453722
1.450189
1.446548
1.443094
1.439426
1.435921
1.432547
1.428939
1.425284
1.421715
1.418448
1.415120
1.411233
1.407669
1.403701
1.400137
1.396515
1.392805
1.389151
1.385302
1.381612
1.378178
1.374610
1.370824
1.367457
1.364050
1.360445
1.357070
1.353555
1.349332
1.345762
1.341991
1.338098
1.334014
1.330344
1.327576
1.325211
1.322172
1.319313
1.316676
1.314155
1.311551
1.308702
1.304908
1.301162
1.297343
1.293029
1.288581
1.284095
1.279636
1.275439
1.271303
1.266835
1.262285
1.257633
1.253073
1.248757
1.244508
1.240360
1.235866
1.231202
1.226700
1.222190
1.217604
1.212893
1.208017
1.203309
1.199111
1.195437
1.191931
1.188357
1.185237
1.182119
1.178776
1.175521
1.171760
1.167200
1.162586
1.157798
1.152962
1.148426
1.143721
1.138937
1.134298
1.129579
1.125017
1.120452
1.115941
1.111316
1.106620
1.102057
1.097338
1.092701
1.088231
1.083731
1.079319
1.074845
1.070125
1.065807
1.061553
1.056921
1.052484
1.047959
1.043810
1.039607
1.035921
1.032754
1.029732
1.026841
1.024095
1.021581
1.019069
1.016494
1.013214
1.009421
1.005328
1.001510
0.997448
0.993562
0.989734
0.985802
0.981857
0.977962
0.974124
0.970421
0.966501
0.962804
0.959185
0.955431
0.951781
0.947894
0.944284
0.940462
0.936786
0.933303
0.929918
0.926544
0.923423
0.919922
0.916477
0.912877
0.909217
0.905762
0.902137
0.898523
0.894876
0.891370
0.887869
0.884620
0.881523
0.878329
0.875011
0.871783
0.868410
0.864882
0.861186
0.857429
0.853857
0.850381
0.846771
0.843205
0.839742
0.836431
0.833035
0.829816
0.826613
0.823407
0.820154
0.817203
0.814008
0.811037
0.808235
0.805067
0.802100
0.798745
0.795615
0.792557
0.789431
0.786207
0.782969
0.779845
0.776708
0.773502
0.770531
0.767345
0.764413
0.761460
0.758556
0.755656
0.752706
0.749588
0.746533
0.743386
0.740555
0.737558
0.734626
0.731563
0.728735
0.725693
0.722656
0.719494
0.716287
0.713121
0.709910
0.706640
0.703593
0.700187
0.696851
0.693141
0.689578
0.686359
0.682910
0.679296
0.675743
0.672103
0.668558
0.665032
0.661329
0.657897
0.654396
0.650644
0.647244
0.643671
0.640057
0.636656
0.633143
0.629534
0.625997
0.622410
0.619001
0.615377
0.611838
0.608300
0.604697
0.601401
0.598056
0.594651
0.591161
0.587789
0.584428
0.580972
0.577684
0.574343
0.571081
0.567925
0.564515
0.561402
0.558097
0.554950
0.551871
0.548838
0.545878
0.542861
0.539819
0.536765
0.533657
0.530607
0.527635
0.524778
0.521983
0.519065
0.516179
0.513390
0.510579
0.507994
0.505308
0.502578
0.499912
0.497169
0.494401
0.491785
0.489187
0.486550
0.483979
0.481345
0.478939
0.476265
0.473723
0.471241
0.468424
0.465734
0.463034
0.460234
0.457512
0.454960
0.452241
0.449588
0.446904
0.444511
0.441779
0.439280
0.436611
0.434064
0.431375
0.428883
0.426322
0.423728
0.421378
0.418841
0.416482
0.414109
0.411669
0.409290
0.406901
0.404663
0.402333
0.400044
0.397782
0.395596
0.393266
0.391095
0.388899
0.386684
0.384435
0.382321
0.380216
0.378019
0.375672
0.373655
0.371419
0.369239
0.367123
0.365117
0.362937
0.360937
0.358832
0.356766
0.354825
0.352554
0.350508
0.348585
0.346514
0.344686
0.342732
0.340704
0.338734
0.336715
0.334892
0.333004
0.330942
0.329071
0.327205
0.325299
0.323307
0.321514
0.319852
0.318033
0.316131
0.314220
0.312279
0.310594
0.308651
0.306845
0.305303
0.303456
0.301741
0.299975
0.298299
0.296747
0.294983
0.293373
0.291773
0.290036
0.288354
0.286616
0.285185
0.283563
0.281817
0.280324
0.278750
0.277087
0.275628
0.273953
0.272656
0.270977
0.269596
0.268130
0.266618
0.265025
0.263568
0.262045
0.260584
0.259164
0.257751
0.256324
0.254865
0.253395
0.251988
0.250647
0.249285
0.247915
0.246617
0.245250
0.243684
0.242496
0.241038
0.239654
0.238235
0.236916
0.235745
0.234374
0.233054
0.231818
0.230573
0.229299
0.228135
0.226693
0.225513
0.224270
0.223054
0.221812
0.220693
0.219460
0.218238
0.217015
0.215838
0.214801
0.213718
0.212426
0.211205
0.210027
0.209008
0.207853
0.206765
0.205633
0.204505
0.203372
0.202276
0.201322
0.200279
0.199238
0.198140
0.197272
0.196141
0.195078
0.194122
0.193044
0.192049
0.190957
0.189963
0.189067
0.188102
0.187033
0.186214
0.185188
0.184274
0.183485
0.182528
0.181752
0.180790
0.179912
0.179056
0.178064
0.177299
0.176473
0.175653
0.174759
0.174042
0.173154
0.172415
0.171524
0.170761
0.169928
0.169241
0.168400
0.167786
0.166993
0.166057
0.165415
0.164671
0.163816
0.163083
0.162218
0.161549
0.160713
0.160130
0.159458
0.158694
0.157950
0.157084
0.156438
0.155708
0.155040
0.154313
0.153541
0.152850
0.152160
0.151323
0.150682
0.149951
0.149232
0.148568
0.147926
0.147296
0.146486
0.145806
0.145103
0.144274
0.143581
0.142934
0.142338
0.141526
0.140798
0.140225
0.139436
0.138936
0.138170
0.137404
0.136898
0.136229
0.135451
0.134814
0.134051
0.133353
0.132676
0.132083
0.131415
0.130802
0.130125
0.129405
0.128741
0.128029
0.127370
0.126655
0.125962
0.125406
0.124685
0.124045
0.123410
0.122776
0.122138
0.121519
0.120841
0.120089
0.119576
0.118930
0.118288
0.117584
0.117018
0.116470
0.115779
0.115061
0.114400
0.113835
0.113224
0.112573
0.112028
0.111221
0.110748
0.110205
0.109490
0.108798
0.108253
0.107612
0.106952
0.106356
0.105764
0.105134
0.104505
0.103898
0.103279
0.102656
0.101995
0.101496
0.100696
0.100152
0.099558
0.099002
0.098361
0.097699
0.097150
0.096558
0.095882
0.095270
0.094685
0.094115
0.093458
0.092868
0.092298
0.091685
0.091010
0.090459
0.089905
0.089161
0.088625
0.088074
0.087305
0.086793
0.086153
0.085665
0.085035
0.084384
0.083752
0.083267
0.082613
0.082076
0.081367
0.080816
0.080293
0.079713
0.079110
0.078377
0.077702
0.077146
0.076570
0.075930
0.075360
0.074702
0.074174
0.073663
0.072958
0.072488
0.071966
0.071454
0.070973
0.070359
0.069847
0.069384
0.068806
0.068299
0.067654
0.067130
0.066566
0.066081
0.065505
0.065025
0.064450
0.063978
0.063618
0.063014
0.062637
0.062239
0.061637
0.061224
0.060807
0.060366
0.059986
0.059477
0.059063
0.058664
0.058299
0.057853
0.057546
0.057059
0.056741
0.056333
0.056002
0.055579
0.055264
0.054912
0.054534
0.054173
0.053745
0.053365
0.053212
0.052870
0.052552
0.052241
0.051904
0.051618
0.051279
0.050984
0.050694
0.050398
0.050042
0.049783
0.049558
0.049341
0.049068
0.048850
0.048577
0.048398
0.048142
0.047806
0.047675
0.047445
0.047221
0.046940
0.046757
0.046564
0.046308
0.046159
0.045961
0.045759
0.045590
0.045381
0.045227
0.044999
0.044641
0.044535
0.044232
0.044116
0.043877
0.043690
0.043565
0.043360
0.043296
0.043140
0.043059
0.042846
0.042724
0.042594
0.042478
0.042360
0.042133
0.041929
0.041852
0.041762
0.041688
0.041504
0.041349
0.041296
0.041128
0.040972
0.040874
0.040741
0.040625
0.040465
0.040407
0.040241
0.040115
0.040085
0.040093
0.039901
0.039825
0.039761
0.039614
0.039508
0.039488
0.039365
0.039321
0.039214
0.039035
0.039069
0.038913
0.038832
0.038819
0.038702
0.038689
0.038598
0.038553
0.038447
0.038386
0.038276
0.038196
0.038157
0.038065
0.037972
0.037891
0.037837
0.037780
0.037696
0.037600
0.037474
0.037426
0.037383
0.037293
0.037278
0.037164
0.037143
0.037083
0.037050
0.036965
0.036936
0.036879
0.036879
0.036790
0.036698
0.036693
0.036617
0.036644
0.036591
0.036495
0.036442
0.036430
0.036382
0.036343
0.036289
0.036210
0.036217
0.036203
0.036199
0.036110
0.036073
0.036031
0.035979
0.035858
0.035858
0.035865
0.035838
0.035799
0.035767
0.035709
0.035661
0.035669
0.035703
0.035629
0.035675
0.035510
0.035419
0.035385
0.035350
0.035253
0.035297
0.035201
0.035201
0.035138
0.035128
0.035095
0.035094
0.035062
0.035062
0.035066
0.035003
0.035024
0.035053
0.035017
0.035001
0.034930
0.034899
0.034864
0.034864
0.034834
0.034800
0.034770
0.034764
0.034778
0.034710
0.034710
0.034706
0.034657
0.034543
0.034550
0.034550
0.034493
0.034451
0.034440
0.034440
0.034440
0.034356
0.034323
0.034286
0.034286
0.034312
0.034249
0.034200
0.034218
0.034190
0.034144
0.034172
0.034182
0.034150
0.034125
0.034086
0.034086
0.034082
0.034053
0.034055
0.033943
0.033894
0.033903
0.033857
0.033857
0.033822
0.033822
0.033737
0.033691
0.033691
0.033691
0.033625
0.033646
0.033602
0.033598
0.033578
0.033578
0.033556
0.033571
0.033451
0.033451
0.033430
0.033424
0.033424
0.033297
0.033363
0.033363
0.033343
0.033383
0.033288
0.033243
0.033214
0.033175
0.033182
0.033183
0.033099
0.033080
0.033102
0.033084
0.032997
0.032997
0.033023
0.033023
0.033043
0.032940
0.032863
0.032838
0.032808
0.032831
0.032768
0.032768
0.032768
0.032768
0.032706
0.032667
0.032693
0.032653
0.032681
0.032629
0.032584
0.032538
0.032485
0.032491
0.032446
0.032446
0.032446
0.032395
0.032348
0.032348
0.032348
0.032360
0.032360
0.032250
0.032222
0.032185
0.032222
0.032174
0.032211
0.032173
0.032171
0.032160
0.032138
0.032131
0.032110
0.031997
0.031987
0.031939
0.031952
0.031952
0.031952
0.031904
0.031895
0.031920
0.031920
0.031873
0.031858
0.031858
0.031801
0.031801
0.031843
0.031795
0.031795
0.031797
0.031789
0.031751
0.031668
0.031632
0.031632
0.031620
0.031591
0.031543
0.031543
0.031532
0.031431
0.031431
0.031402
0.031349
0.031372
0.031336
0.031336
0.031336
0.031232
0.031232
0.031228
0.031184
0.031211
0.031260
0.031236
0.031223
0.031260
0.031167
0.031214
0.031180
0.031132
0.031094
0.031069
0.031035
0.031002
0.030981
0.030896
0.030905
0.030861
0.030886
0.030886
0.030886
0.030839
0.030789
0.030789
0.030789
0.030790
0.030790
0.030742
0.030670
0.030670
0.030622
0.030622
0.030662
0.030688
0.030638
0.030557
0.030557
0.030557
0.030522
0.030533
0.030561
0.030561
0.030561
0.030514
0.030432
0.030390
0.030395
0.030364
0.030401
0.030401
0.030401
0.030355
0.030387
0.030387
0.030416
0.030390
0.030347
0.030311
0.030350
0.030343
0.030264
0.030264
0.030222
0.030250
0.030250
0.030250
0.030222
0.030206
0.030181
0.030172
0.030172
0.030146
0.030119
0.030081
0.030074
0.030088
0.030052
0.030020
0.030020
0.029980
0.029935
0.030009
0.030009
0.030009
0.030024
0.030054
0.030013
0.029940
0.029913
0.029953
0.029953
0.029953
0.029926
0.029885
0.029885
0.029818
0.029818
0.029790
0.029790
0.029795
0.029841
0.029797
0.029781
0.029752
0.029711
0.029668
0.029668
0.029668
0.029684
0.029702
0.029702
0.029677
0.029643
0.029643
0.029582
0.029582
0.029600
0.029544
0.029544
0.029544
0.029502
0.029537
0.029537
0.029537
0.029537
0.029567
0.029605
0.029605
0.029548
0.029533
0.029507
0.029467
0.029467
0.029467
0.029427
0.029427
0.029427
0.029283
0.029283
0.029319
0.029319
0.029303
0.029363
0.029363
0.029394
0.029319
0.029252
0.029252
0.029252
0.029252
0.029252
0.029283
0.029271
0.029271
0.029292
0.029213
0.029182
0.029182
0.029143
0.029104
0.029104
0.029128
0.029128
0.029096
0.029096
0.029114
0.029114
0.029114
0.029114
0.029114
0.029114
0.029138
0.029170
0.029170
0.029131
0.029089
0.029089
0.029089
0.029089
0.029089
0.029089
0.029029
0.029037
0.029037
0.029073
0.029073
0.029073
0.029085
0.029085
0.029054
0.029054
0.029054
0.029054
0.029030
0.029056
0.029056
0.029056
0.029018
0.028973
0.028973
0.028945
0.028977
0.028918
0.028918
0.028918
0.028918
0.028945
0.028945
0.028945
0.028904
0.028875
0.028839
0.028803
0.028831
0.028794
0.028794
0.028794
0.028767
0.028767
0.028767
0.028795
0.028795
0.028795
0.028795
0.028795
0.028822
0.028822
0.028822
0.028822
0.028791
0.028824
0.028824
0.028824
0.028824
0.028824
0.028820
0.028794
0.028832
0.028820
0.028820
0.028783
0.028814
0.028779
0.028779
0.028779
0.028750
0.028750
0.028779
0.028747
0.028747
0.028747
0.028747
0.028747
0.028776
0.028776
0.028776
0.028776
0.028754
0.028717
0.028717
0.028717
0.028717
0.028695
0.028695
0.028695
0.028695
0.028695
0.028695
0.028695
0.028695
0.028695
0.028673
0.028673
0.028682
0.028682
0.028682
0.028682
0.028647
0.028680
0.028680
0.028659
0.028659
0.028659
0.028699
0.028731
0.028731
0.028731
0.028730
0.028730
0.028730
0.028730
0.028722
0.028789
0.028759
0.028730
0.028730
0.028730
0.028694
0.028725
0.028725
0.028652
0.028630
0.028652
0.028652
0.028652
0.028616
0.028599
0.028635
0.028635
0.028635
0.028635
0.028635
0.028635
0.028633
0.028633
0.028633
0.028603
0.028568
0.028568
0.028568
0.028534
0.028534
0.028534
0.028534
0.028568
0.028643
0.028643
0.028608
0.028608
0.028608
0.028639
0.028639
0.028639
0.028639
0.028639
0.028639
0.028625
0.028625
0.028625
0.028625
0.028625
0.028625
0.028625
0.028625
0.028607
0.028584
0.028584
0.028584
0.028584
0.028582
0.028555
0.028555
0.028555
0.028555
0.028555
0.028555
0.028555
0.028555
0.028555
0.028555
0.028555
0.028555
0.028555
0.028527
0.028527
0.028530
0.028572
0.028572
0.028542
0.028542
0.028542
0.028539
0.028528
0.028494
0.028494
0.028526
0.028526
0.028526
0.028526
0.028563
0.028563
0.028563
0.028564
0.028564
0.028564
0.028581
0.028581
0.028581
0.028581
0.028581
0.028618
0.028618
0.028618
0.028618
0.028618
0.028618
0.028618
0.028618
0.028618
0.028618
0.028618
0.028618
0.028618
0.028618
0.028618
0.028618
0.028650
0.028671
0.028709
0.028709
0.028709
0.028709
0.028709
0.028683
0.028683
0.028683
0.028683
0.028683
0.028660
0.028660
0.028653
0.028653
0.028653
0.028653
0.028653
0.028653
0.028601
0.028601
0.028601
0.028601
0.028601
0.028601
0.028601
0.028551
0.028551
0.028551
0.028551
0.028551
0.028551
0.028551
0.028551
0.028551
0.028551
0.028548
0.028548
0.028548
0.028548
0.028546
0.028583
0.028583
0.028583
0.028583
0.028589
0.028589
0.028553
0.028629
0.028629
0.028629
0.028629
0.028629
0.028629
0.028621
0.028621
0.028608
0.028608
0.028608
0.028608
0.028608
0.028608
0.028586
0.028586
0.028586
0.028586
0.028586
0.028586
0.028586
0.028586
0.028586
0.028586
0.028607
0.028607
0.028643
0.028643
0.028643
0.028643
0.028643
0.028607
0.028575
0.028575
0.028575
0.028575
0.028575
0.028575
0.028575
0.028608
0.028608
0.028608
0.028649
0.028649
0.028649
0.028649
0.028649
0.028649
0.028649
0.028649
0.028629
0.028629
0.028629
0.028629
0.028629
0.028629
0.028629
0.028629
0.028629
0.028629
0.028629
0.028629
0.028629
0.028629
0.028629
0.028629
0.028629
0.028629
0.028629
0.028629
0.028629
0.028629
0.028629
0.028629
0.028629
0.028629
0.028629
0.028629
0.028629
0.028629
0.028629
0.028629
0.028629
0.028629
0.028629
0.028629
0.028611
0.028611
0.028653
0.028653
0.028653
0.028653
0.028653
0.028653
0.028653
0.028653
0.028653
0.028653
0.028653
0.028653
0.028653
0.028653
0.028622
0.028622
0.028622
0.028622
0.028622
0.028622
0.028622
0.028622
0.028622
0.028579
0.028579
0.028579
0.028579
0.028579
0.028579
0.028579
0.028579
0.028579
0.028579
0.028579
0.028579
0.028579
0.028582
0.028582
0.028582
0.028582
0.028582
0.028582
0.028582
0.028582
0.028582
0.028582
0.028582
0.028582
0.028582
0.028624
0.028624
0.028591
0.028610
0.028610
0.028610
0.028644
0.028644
0.028644
0.028644
0.028644
0.028615
0.028615
0.028615
0.028615
0.028581
0.028539
0.028539
0.028539
0.028572
0.028572
0.028606
0.028606
0.028606
0.028606
0.028606
0.028606
0.028606
0.028572
0.028572
0.028572
0.028572
0.028572
0.028572
0.028572
0.028606
0.028606
0.028606
0.028606
0.028606
0.028606
0.028572
0.028572
0.028606
0.028606
0.028606
0.028606
0.028564
0.028564
0.028564
0.028598
0.028641
0.028641
0.028611
0.028611
0.028577
0.028577
0.028577
0.028577
0.028577
0.028562
0.028562
0.028562
0.028562
0.028562
0.028562
0.028562
0.028562
0.028562
0.028562
0.028562
0.028562
0.028520
0.028520
0.028520
0.028520
0.028520
0.028520
0.028520
0.028520
0.028520
0.028520
0.028553
0.028553
0.028553
0.028553
0.028536
0.028523
0.028523
0.028523
0.028523
0.028544
0.028544
0.028544
0.028504
0.028504
0.028504
0.028504
0.028504
0.028504
0.028504
0.028504
0.028504
0.028504
0.028504
0.028504
0.028504
0.028504
0.028504
0.028504
0.028504
0.028504
0.028504
0.028464
0.028508
0.028508
0.028508
0.028508
0.028508
0.028508
0.028508
0.028508
0.028508
0.028508
0.028508
0.028508
0.028508
0.028508
0.028508
0.028508
0.028508
0.028470
0.028470
0.028470
0.028470
0.028470
0.028470
0.028470
0.028446
0.028446
0.028446
0.028446
0.028446
0.028446
0.028446
0.028446
0.028446
0.028446
0.028407
0.028407
0.028407
0.028407
0.028407
0.028407
0.028407
0.028407
0.028407
0.028407
0.028407
0.028407
0.028407
0.028407
0.028407
0.028407
0.028407
0.028369
0.028369
0.028369
0.028369
0.028369
0.028369
0.028341
0.028341
0.028341
0.028341
0.028341
0.028341
0.028341
0.028341
0.028341
0.028341
0.028305
0.028305
0.028305
0.028251
0.028251
0.028251
0.028251
0.028251
0.028251
0.028251
0.028251
0.028251
0.028251
0.028251
0.028251
0.028251
0.028215
0.028215
0.028215
0.028215
0.028215
0.028215
0.028215
0.028215
0.028215
0.028215
0.028215
0.028215
0.028215
0.028215
0.028230
0.028230
0.028195
0.028195
0.028195
0.028195
0.028195
0.028195
0.028195
0.028195
0.028195
0.028195
0.028195
0.028195
0.028195
0.028195
0.028151
0.028151
0.028151
0.028092
0.028092
0.028092
0.028092
0.028092
0.028092
0.028092
0.028092
0.028095
0.028095
0.028095
0.028095
0.028095
0.028095
0.028095
0.028095
0.028095
0.028062
0.028062
0.028062
0.028062
0.028062
0.028062
0.028062
0.028062
0.028062
0.028062
0.028062
0.028062
0.028062
0.028062
0.028062
0.028062
0.028062
0.028062
0.028031
0.028031
0.028031
0.028031
0.028031
0.028031
0.027995
0.027995
0.028031
0.028031
0.028048
0.028048
0.028048
0.028048
0.028023
0.028023
0.028023
0.028023
0.028023
0.027957
0.027957
0.027957
0.027957
0.027957
0.027993
0.027951
0.027951
0.027951
0.027951
0.027951
0.027951
0.027951
0.027951
0.027915
0.027915
0.027915
0.027915
0.027915
0.027915
0.027887
0.027923
0.027923
0.027923
0.027923
0.027923
0.027923
0.027887
0.027887
0.027887
0.027887
0.027837
0.027837
0.027837
0.027837
0.027857
0.027857
0.027857
0.027857
0.027893
0.027857
0.027857
0.027857
0.027832
0.027832
0.027832
0.027832
0.027832
0.027832
0.027832
0.027832
0.027791
0.027791
0.027739
0.027739
0.027739
0.027739
0.027773
0.027773
0.027773
0.027773
0.027773
0.027773
0.027739
0.027739
0.027739
0.027739
0.027739
0.027716
0.027716
0.027716
0.027716
0.027716
0.027716
0.027739
0.027739
0.027739
0.027739
0.027739
0.027739
0.027739
0.027739
0.027739
0.027739
0.027739
0.027739
0.027739
0.027699
0.027699
0.027699
0.027699
0.027699
0.027699
0.027699
0.027699
0.027699
0.027699
0.027699
0.027680
0.027680
0.027680
0.027680
0.027680
0.027680
0.027680
0.027680
0.027680
0.027680
0.027680
0.027680
0.027680
0.027680
0.027680
0.027680
0.027680
0.027680
0.027641
0.027641
0.027641
0.027641
0.027617
0.027617
0.027617
0.027617
0.027617
0.027617
0.027617
0.027617
0.027617
0.027617
0.027617
0.027617
0.027617
0.027617
0.027617
0.027617
0.027601
0.027601
0.027601
0.027601
0.027601
0.027563
0.027563
0.027563
0.027563
0.027563
0.027563
0.027563
0.027563
0.027563
0.027563
0.027563
0.027563
0.027563
0.027563
0.027563
0.027563
0.027563
0.027563
0.027563
0.027563
0.027563
0.027563
0.027563
0.027526
0.027526
0.027526
0.027526
0.027500
0.027500
0.027500
0.027500
0.027500
0.027500
0.027500
0.027473
0.027473
0.027473
0.027473
0.027473
0.027473
0.027473
0.027473
0.027473
0.027473
0.027436
0.027424
0.027424
0.027424
0.027424
0.027424
0.027424
0.027424
0.027424
0.027424
0.027424
0.027402
0.027402
0.027402
0.027402
0.027402
0.027402
0.027402
0.027402
0.027402
0.027367
0.027367
0.027367
0.027367
0.027367
0.027367
0.027367
0.027367
0.027367
0.027367
0.027367
0.027367
0.027367
0.027367
0.027367
0.027367
0.027367
0.027367
0.027367
0.027333
0.027333
0.027333
0.027333
0.027333
0.027306
0.027306
0.027306
0.027306
0.027306
0.027306
0.027306
0.027306
0.027306
0.027306
0.027306
0.027306
0.027306
0.027306
0.027306
0.027273
0.027273
0.027273
0.027273
0.027273
0.027273
0.027273
0.027273
0.027273
0.027273
0.027273
0.027273
0.027273
0.027273
0.027273
0.027273
0.027273
0.027273
0.027273
0.027241
0.027241
0.027241
0.027241
0.027241
0.027241
0.027241
0.027241
0.027241
0.027241
0.027233
0.027233
0.027233
0.027233
0.027233
0.027233
0.027233
0.027233
0.027233
0.027207
0.027176
0.027176
0.027176
0.027176
0.027176
0.027176
0.027176
0.027176
0.027176
0.027176
0.027176
0.027176
0.027176
0.027158
0.027158
0.027158
0.027158
0.027158
0.027158
0.027158
0.027129
0.027129
0.027129
0.027129
0.027129
0.027129
0.027129
0.027129
0.027129
0.027127
0.027127
0.027127
0.027103
0.027103
0.027103
0.027103
0.027103
0.027103
0.027103
0.027103
0.027103
0.027076
0.027076
0.027076
0.027076
0.027076
0.027076
0.027076
0.027076
0.027076
0.027076
0.027076
0.027049
0.027049
0.027049
0.027049
0.027049
0.027049
0.027049
0.027049
0.027049
0.027049
0.027049
0.027049
0.027024
0.027024
0.027024
0.027024
0.027024
0.027024
0.027024
0.027024
0.027024
0.027024
0.027024
0.027024
0.027024
0.027024
0.027024
0.027024
0.027024
0.027024
0.027024
0.027024
0.027024
0.027024
0.027024
0.027024
0.027024
0.027002
0.027002
0.027002
0.027002
0.027002
0.027002
0.027002
0.027002
0.027002
0.027002
0.027002
0.027002
0.027002
0.027002
0.027002
0.027002
0.027002
0.027002
0.027002
0.027002
0.026976
0.026976
0.026976
0.026976
0.026976
0.026976
0.026976
0.026956
0.026956
0.026956
0.026956
0.026956
0.026956
0.026956
0.026956
0.026956
0.026956
0.026956
0.026956
0.026956
0.026956
0.026956
0.026956
0.026956
0.026956
0.026956
0.026956
0.026956
0.026956
0.026956
0.026956
0.026956
0.026956
0.026956
0.026956
0.026956
0.026956
0.026941
0.026941
0.026941
0.026941
0.026941
0.026941
0.026941
0.026941
0.026941
0.026941
0.026941
0.026941
0.026941
0.026941
0.026941
0.026941
0.026941
0.026941
0.026941
0.026941
0.026941
0.026941
0.026941
0.026941
0.026941
0.026916
0.026916
0.026916
0.026916
0.026916
0.026916
0.026916
0.026916
0.026916
0.026916
0.026916
0.026916
0.026904
0.026904
0.026904
0.026904
0.026904
0.026904
0.026904
0.026904
0.026904
0.026904
0.026904
0.026904
0.026904
0.026904
0.026904
0.026904
0.026904
0.026904
0.026904
0.026904
0.026904
0.026904
0.026904
0.026904
0.026904
0.026904
0.026904
0.026904
0.026904
0.026904
0.026904
0.026904
0.026904
0.026904
0.026904
0.026904
0.026904
0.026904
