1.010250
0.770250
0.519000
0.309000
0.157500
0.060000
0.005268
0.016523
0.025653
0.024998
0.020523
0.014642
0.009161
0.004602
0.004666
0.005312
0.005280
0.006156
0.006047
0.006816
0.006962
0.006824
0.006816
0.007668
0.007580
0.007534
0.007651
0.003238
0.002556
0.001802
0.001368
0.000998
0.001493
0.001082
0.001914
0.002553
0.002678
0.003465
0.003236
0.004068
0.004190
0.004190
0.004808
0.004875
0.004875
0.005000
0.005795
0.005576
0.005701
0.005851
0.005851
0.005701
0.006534
0.006534
0.006659
0.006608
0.006534
0.006659
0.006853
0.006608
0.006659
0.006853
0.006853
0.006917
0.006853
0.006853
0.006978
0.007236
0.007610
0.007645
0.007871
0.007871
0.007735
0.007871
0.007871
0.007996
0.007982
0.007871
0.007996
0.008275
0.007982
0.007996
0.007996
0.008275
0.007982
0.007996
0.008275
0.008275
0.008107
0.008405
0.008340
0.008400
0.008405
0.008405
0.008400
0.008725
0.008645
0.008770
0.008725
0.008850
0.008850
0.009214
0.008725
0.008850
0.009214
0.009129
0.008850
0.009214
0.009214
0.008996
0.009214
0.009214
0.009339
0.009374
0.009214
0.009339
0.009737
0.009374
0.009339
0.009737
0.009737
0.009499
0.009823
0.009823
0.009862
0.009909
0.009909
0.009862
0.009862
0.009909
0.010034
0.009862
0.010193
0.010318
0.010034
0.010288
0.010413
0.010413
0.010470
0.010288
0.010413
0.010470
0.010470
0.010413
0.010863
0.010470
0.010413
0.010863
0.010863
0.010595
0.011053
0.011053
0.010988
0.011053
0.011053
0.010988
0.011053
0.011053
0.011178
0.011459
0.011357
0.011178
0.011656
0.011459
0.011584
0.011660
0.011463
0.011588
0.012076
0.011660
0.011785
0.012076
0.011660
0.011785
0.011785
0.012076
0.011660
0.011785
0.012278
0.012076
0.012097
0.012278
0.012076
0.012201
0.012278
0.012278
0.012403
0.012703
0.012278
0.012403
0.012911
0.012703
0.012403
0.012911
0.012703
0.012726
0.012915
0.012915
0.013040
0.013239
0.012915
0.013040
0.013347
0.012915
0.013040
0.013559
0.013347
0.013040
0.013559
0.013559
0.013470
0.013559
0.013559
0.013684
0.014106
0.013559
0.013684
0.014214
0.014104
0.013559
0.014214
0.014214
0.014214
0.013684
0.014214
0.014214
0.014229
0.014433
0.014433
0.014339
0.014878
0.014655
0.014558
0.015100
0.015100
0.015003
0.015100
0.015100
0.015225
0.015661
0.015661
0.015786
0.016114
0.015774
0.015899
0.016454
0.016341
0.016466
0.016912
0.016454
0.016579
0.017141
0.017027
0.017152
0.017717
0.017256
0.017266
0.017833
0.017833
0.017842
0.018413
0.018181
0.017833
0.018529
0.018529
0.018413
0.019112
0.018996
0.018529
0.018654
0.019229
0.019112
0.019237
0.019698
0.019229
0.019354
0.019933
0.019815
0.019940
0.020286
0.019933
0.020058
0.020640
0.020522
0.020647
0.020995
0.020640
0.020765
0.021350
0.021231
0.021356
0.021469
0.021350
0.021475
0.021944
0.021944
0.022066
0.022060
0.022060
0.022185
0.022656
0.022656
0.022418
0.022775
0.022775
0.022775
0.023373
0.023373
0.022775
0.023493
0.023493
0.023373
0.024092
0.023972
0.023493
0.023618
0.024212
0.024092
0.024097
0.024212
0.024218
0.024343
0.024818
0.024818
0.024463
0.024939
0.024944
0.024949
0.025546
0.025428
0.025071
0.025669
0.025669
0.025673
0.026151
0.025669
0.025794
0.026392
0.026272
0.026151
0.026392
0.026392
0.026392
0.026997
0.026997
0.026392
0.027118
0.027118
0.026997
0.027723
0.027118
0.027118
0.027844
0.027723
0.027723
0.027966
0.027844
0.027844
0.028451
0.028453
0.027967
0.027971
0.028574
0.028453
0.028578
0.028574
0.028574
0.028699
0.029181
0.029181
0.028699
0.029303
0.029303
0.029314
0.029797
0.029311
0.029436
0.030041
0.029919
0.029936
0.030055
0.030055
0.030055
0.030668
0.030546
0.030059
0.030790
0.030790
0.030668
0.031033
0.030790
0.030790
0.031399
0.031399
0.030790
0.031521
0.031521
0.031399
0.032013
0.031525
0.031525
0.032257
0.032135
0.031769
0.032257
0.032257
0.032135
0.032868
0.032257
0.032257
0.032382
0.032868
0.032746
0.032382
0.032990
0.032990
0.032993
0.032990
0.032990
0.033115
0.033601
0.033489
0.033132
0.033754
0.033754
0.033757
0.033761
0.033761
0.033761
0.034372
0.034250
0.033761
0.034495
0.034495
0.034372
0.034495
0.034495
0.034501
0.035113
0.034991
0.034501
0.035235
0.035235
0.034991
0.035235
0.035235
0.035235
0.035848
0.035235
0.035235
0.035970
0.035848
0.035725
0.035970
0.035970
0.035970
0.035973
0.035970
0.035970
0.036095
0.036583
0.035970
0.036095
0.036705
0.036583
0.036585
0.036705
0.036705
0.036830
0.037196
0.036705
0.036839
0.037467
0.037345
0.036857
0.037476
0.037476
0.037354
0.037476
0.037476
0.037476
0.038089
0.037844
0.037476
0.038212
0.038232
0.037986
0.038232
0.038232
0.038232
0.038722
0.038232
0.038232
0.038968
0.038845
0.038232
0.038968
0.038968
0.038845
0.038968
0.038968
0.038968
0.038970
0.038968
0.038968
0.039093
0.039581
0.039090
0.039093
0.039704
0.039704
0.039461
0.039704
0.039704
0.039829
0.040073
0.039704
0.039829
0.040441
0.040073
0.039829
0.040441
0.040441
0.040198
0.040441
0.040441
0.040441
0.040810
0.040441
0.040441
0.041178
0.040810
0.040441
0.041178
0.041178
0.040810
0.041178
0.041178
0.041178
0.041547
0.041178
0.041178
0.041916
0.041547
0.041178
0.041916
0.041916
0.041547
0.041303
0.041916
0.041916
0.041672
0.041916
0.041916
0.042041
0.042285
0.041916
0.042041
0.042684
0.042069
0.042071
0.042684
0.042694
0.042081
0.042694
0.042694
0.042696
0.042694
0.042694
0.042819
0.043309
0.042694
0.042819
0.043432
0.043309
0.042694
0.043432
0.043432
0.043063
0.043432
0.043432
0.043432
0.043801
0.043432
0.043432
0.044170
0.043801
0.043432
0.044170
0.044170
0.043555
0.044170
0.044170
0.044047
0.043557
0.044170
0.044170
0.044172
0.044170
0.044170
0.044295
0.044540
0.044170
0.044295
0.044909
0.044540
0.044295
0.044909
0.044909
0.044295
0.044909
0.044909
0.044911
0.044909
0.044909
0.045034
0.045525
0.044909
0.044909
0.045658
0.045288
0.044919
0.045658
0.045658
0.045042
0.045658
0.045658
0.045535
0.045658
0.045658
0.045658
0.046151
0.045658
0.045658
0.046397
0.046027
0.045669
0.046408
0.046408
0.045669
0.046408
0.046408
0.046285
0.045794
0.046408
0.046408
0.046164
0.046408
0.046408
0.046533
0.046408
0.046408
0.046533
0.047024
0.046408
0.046533
0.047148
0.046778
0.046533
0.047148
0.047148
0.046408
0.047148
0.047148
0.047024
0.047148
0.047148
0.047148
0.047518
0.047148
0.047148
0.047888
0.047148
0.047148
0.047888
0.047764
0.047148
0.047888
0.047888
0.047518
0.047888
0.047888
0.047888
0.047888
0.047920
0.047920
0.048413
0.047920
0.047931
0.048056
0.047931
0.047931
0.048056
0.048547
0.047931
0.048056
0.048670
0.048300
0.048056
0.048670
0.048670
0.048056
0.048670
0.048670
0.048424
0.048670
0.048670
0.048670
0.048670
0.048670
0.048670
0.049287
0.048670
0.048670
0.049410
0.048804
0.048681
0.049420
0.049420
0.048681
0.049420
0.049420
0.049051
0.049420
0.049420
0.049420
0.049420
0.049420
0.049420
0.049790
0.049420
0.049420
0.050160
0.049433
0.049433
0.049558
0.049803
0.049433
0.049558
0.050173
0.049433
0.049558
0.050173
0.049926
0.049558
0.050173
0.050173
0.049558
0.050173
0.050173
0.049926
0.050173
0.050173
0.050173
0.050173
0.050173
0.050173
0.050789
0.050173
0.050173
0.050913
0.050173
0.050173
0.050913
0.050666
0.050173
0.050913
0.050913
0.050173
0.050913
0.050913
0.050666
0.050913
0.050913
0.050913
0.050913
0.050913
0.050913
0.051283
0.050925
0.050948
0.051073
0.050948
0.050960
0.051085
0.051330
0.050960
0.051085
0.051700
0.050960
0.051085
0.051700
0.051330
0.051085
0.051700
0.051700
0.050960
0.051700
0.051700
0.050960
0.051700
0.051700
0.051700
0.051700
0.051700
0.051700
0.051712
0.051712
0.051712
0.052082
0.051712
0.051712
0.052452
0.051712
0.051712
0.052452
0.052082
0.051712
0.052452
0.052452
0.051712
0.052452
0.052452
0.051712
0.052452
0.052452
0.052452
0.052452
0.052452
0.052452
0.051837
0.052452
0.052452
0.052207
0.052452
0.052452
0.052577
0.052452
0.052452
0.052577
0.052452
0.052452
0.052452
0.053192
0.052452
0.052452
0.053192
0.052452
0.052452
0.053192
0.052822
0.052452
0.053192
0.053192
0.052452
0.053192
0.053192
0.052452
0.053192
0.053192
0.052945
0.053192
0.053192
0.053192
0.053192
0.053192
0.053192
0.053315
0.053192
0.053192
0.053932
0.053192
0.053192
0.053932
0.053192
0.053192
0.053317
0.053562
0.053192
0.053317
0.053932
0.053192
0.053317
0.053932
0.053192
0.053317
0.053932
0.053562
0.053192
0.053932
0.053932
0.053205
0.053945
0.053945
0.053205
0.053945
0.053945
0.053575
0.053945
0.053945
0.053945
0.053945
0.053945
0.053945
0.053945
0.053945
0.053945
0.054316
0.053945
0.053945
0.054686
0.053945
0.053945
0.054686
0.053945
0.053945
0.054686
0.054316
0.053945
0.054686
0.054686
0.053945
0.054070
0.054686
0.053945
0.054070
0.054686
0.054316
0.054070
0.054686
0.054686
0.054070
0.054686
0.054686
0.053945
0.054686
0.054686
0.054316
0.054686
0.054686
0.054686
0.054686
0.054686
0.054686
0.054724
0.054724
0.054724
0.054737
0.054737
0.054737
0.055477
0.054737
0.054737
0.055477
0.054737
0.054737
0.055477
0.054737
0.054737
0.055477
0.055107
0.054737
0.055477
0.055477
0.054737
0.055477
0.055477
0.054737
0.054862
0.055477
0.055107
0.054862
0.055477
0.055477
0.054862
0.055477
0.055477
0.054862
0.055477
0.055477
0.054737
0.055477
0.055477
0.055107
0.055477
0.055477
0.055477
0.055477
0.055477
0.055490
0.055490
0.055490
0.055490
0.055490
0.055490
0.055490
0.056107
0.055490
0.055490
0.056230
0.055490
0.055490
0.056230
0.055490
0.055490
0.056230
0.055860
0.055490
0.056230
0.056230
0.055490
0.056230
0.056230
0.055490
0.056230
0.056230
0.055490
0.055615
0.056230
0.055860
0.055615
0.056230
0.056230
0.055490
0.056230
0.056230
0.055490
0.056230
0.056230
0.055490
0.056230
0.056230
0.055860
0.056230
0.056230
0.056230
0.056230
0.056230
0.056230
0.056230
0.056230
0.056230
0.056230
0.056230
0.056230
0.056600
0.056230
0.056230
0.056970
0.056230
0.056230
0.056970
0.056230
0.056230
0.056970
0.056230
0.056230
0.056970
0.056230
0.056230
0.056970
0.056847
0.056230
0.056355
0.056970
0.056230
0.056355
0.056970
0.056230
0.056230
0.056970
0.056230
0.056230
0.056970
0.056600
0.056230
0.056970
0.056970
0.056230
0.056970
0.056970
0.056230
0.056970
0.056970
0.056230
0.056970
0.056970
0.056600
0.056970
0.056970
0.056970
0.056970
0.056970
0.056970
0.056970
0.056970
0.056970
0.056970
0.056970
0.056970
0.056970
0.056970
0.056970
0.057341
0.056970
0.056970
0.057711
0.056970
0.056970
0.057095
0.056970
0.056970
0.057109
0.056984
0.056984
0.056984
0.056984
0.056984
0.056984
0.057355
0.056984
0.056984
0.057725
0.056984
0.056984
0.057725
0.056984
0.056984
0.057725
0.056984
0.056984
0.057725
0.056984
0.056984
0.057725
0.057355
0.056984
0.057725
0.057725
0.056984
0.057725
0.057725
0.056984
0.057725
0.057725
0.056984
0.057725
0.057725
0.056984
0.057725
0.057725
0.057355
0.057725
0.057725
0.057725
0.057109
0.057725
0.057725
0.057109
0.057725
0.057739
0.057151
0.057766
0.057766
0.057040
0.057780
0.057780
0.057410
0.057780
0.057780
0.057780
0.057780
0.057780
0.057780
0.057780
0.057780
0.057780
0.057780
0.057780
0.057780
0.057780
0.057780
0.057780
0.057780
0.057780
0.057780
0.058397
0.057780
0.057780
0.058520
0.057780
0.057780
0.058520
0.057780
0.057780
0.058520
0.057780
0.057780
0.058520
0.057780
0.057780
0.058520
0.058150
0.057780
0.057905
0.058520
0.057794
0.057919
0.058534
0.057794
0.057794
0.058534
0.057794
0.057794
0.058534
0.057794
0.057794
0.058534
0.057794
0.057794
0.058534
0.058164
0.057794
0.058534
0.058534
0.057794
0.058534
0.058534
0.057794
0.058534
0.058534
0.057794
0.058534
0.058534
0.057794
0.058534
0.058534
0.057794
0.058534
0.058534
0.058164
0.058534
0.058534
0.058534
0.058534
0.058534
0.058534
0.058534
0.058534
0.058534
0.057919
0.058534
0.058534
0.057919
0.058534
0.058534
0.057794
0.058534
0.058534
0.057917
0.058534
0.058534
0.058410
0.058534
0.058534
0.058534
0.058534
0.058534
0.058534
0.058534
0.058534
0.058534
0.058534
0.058534
0.058534
0.058534
0.058534
0.058534
0.058534
0.058534
0.058534
0.058904
0.058534
0.058534
0.059274
0.058534
0.058534
0.059274
0.058534
0.058534
0.059274
0.058534
0.058534
0.059274
0.058534
0.058534
0.058659
0.058534
0.058534
0.058659
0.058534
0.058534
0.058534
0.059150
0.058534
0.058534
0.059274
0.058534
0.058534
0.059274
0.058534
0.058534
0.059274
0.058534
0.058534
0.059274
0.058534
0.058534
0.059274
0.058534
0.058534
0.059274
0.058534
0.058534
0.059274
0.059150
0.058534
0.059274
0.059274
0.058534
0.059274
0.059274
0.058534
0.059274
0.059274
0.058534
0.059274
0.059274
0.058534
0.059274
0.059274
0.058534
0.058659
0.059274
0.058534
0.058659
0.059274
0.059027
0.058534
0.059274
0.059274
0.058534
0.059274
0.059274
0.058534
0.059274
0.059274
0.058534
0.059274
0.059274
0.058534
0.059274
0.059274
0.058534
0.059274
0.059274
0.058534
0.059274
0.059274
0.058904
0.059274
0.059274
0.059150
0.059274
0.059274
0.059274
0.059274
0.059274
0.059274
0.059274
0.059274
0.059274
0.059274
0.059274
0.059274
0.059274
0.059274
0.059274
0.059274
0.059274
0.059274
0.058659
0.059274
0.059274
0.058904
0.059274
0.059274
0.059274
0.059274
0.059274
0.059274
0.059274
0.059274
0.059274
0.059274
0.059274
0.059274
0.059274
0.059274
0.059274
0.059274
0.059274
0.059274
0.059274
0.059274
0.059274
0.059274
0.059274
0.059274
0.059644
0.059274
0.059274
0.060014
0.059274
0.059274
0.060014
0.059274
0.059274
0.060014
0.059274
0.059274
0.060014
0.059274
0.059274
0.060014
0.059274
0.059274
0.059399
0.059274
0.059274
0.059274
0.059274
0.059274
0.059274
0.059644
0.059274
0.059274
0.059891
0.059274
0.059274
0.060014
0.059274
0.059274
0.060014
0.059274
0.059274
0.060014
0.059274
0.059274
0.060014
0.059274
0.059274
0.060014
0.059274
0.059274
0.060014
0.059274
0.059274
0.060014
0.059274
0.059274
0.060014
0.059767
0.059274
0.060014
0.059891
0.059274
0.059891
0.059644
0.059274
0.059767
0.059767
0.059150
0.059152
0.059767
0.059150
0.059027
0.059767
0.059027
0.059027
0.059767
0.059027
0.059027
0.059767
0.059027
0.059027
0.059644
0.059027
0.059027
0.059644
0.059397
0.058904
0.059644
0.059521
0.058904
0.059644
0.059644
0.058904
0.059644
0.059521
0.058904
0.059644
0.059521
0.058904
0.059644
0.059521
0.058904
0.059521
0.059521
0.058904
0.059521
0.059521
0.058904
0.059521
0.059521
0.058904
0.059521
0.059521
0.059027
0.058905
0.059397
0.059274
0.058780
0.059397
0.059274
0.058657
0.059397
0.059397
0.058657
0.059397
0.059397
0.058657
0.059397
0.059274
0.058657
0.059397
0.059274
0.058781
0.059397
0.059274
0.058781
0.059274
0.059274
0.058781
0.059274
0.059260
0.058766
0.059260
0.059260
0.059013
0.059260
0.059260
0.059013
0.059260
0.059260
0.059137
0.059260
0.059137
0.059137
0.059260
0.059137
0.059137
0.059383
0.059137
0.059137
0.059260
0.059137
0.059137
0.058520
0.059137
0.059137
0.058520
0.059137
0.059013
0.058520
0.059137
0.059000
0.058630
0.059124
0.059000
0.058877
0.059000
0.059000
0.058877
0.059000
0.059000
0.059000
0.059124
0.059000
0.058877
0.059124
0.059000
0.058877
0.059124
0.059000
0.058877
0.059124
0.059000
0.058866
0.059113
0.058866
0.058866
0.059113
0.058866
0.058866
0.059113
0.058866
0.058866
0.058989
0.058866
0.058866
0.059359
0.058989
0.058866
0.058619
0.058989
0.058866
0.058742
0.058980
0.058732
0.058732
0.058980
0.058732
0.058732
0.058980
0.058732
0.058732
0.058980
0.058732
0.058732
0.058856
0.058732
0.058732
0.058856
0.058732
0.058732
0.058848
0.058725
0.058725
0.058848
0.058848
0.058601
0.059095
0.058848
0.058601
0.059218
0.058848
0.058601
0.059342
0.058848
0.058601
0.059342
0.058724
0.058601
0.059335
0.058718
0.058594
0.059335
0.058718
0.058594
0.058719
0.058718
0.058594
0.058594
0.058718
0.058594
0.058471
0.058718
0.058718
0.058471
0.058718
0.058718
0.058471
0.058718
0.058718
0.058466
0.059084
0.058589
0.058466
0.059084
0.058589
0.058466
0.059207
0.058589
0.058466
0.059207
0.058589
0.058466
0.059207
0.058589
0.058466
0.059083
0.058589
0.058466
0.059083
0.058589
0.058466
0.059083
0.058589
0.058587
0.059080
0.058587
0.058587
0.059080
0.058587
0.058463
0.058464
0.058587
0.058463
0.058339
0.058834
0.058463
0.058339
0.058957
0.058463
0.058339
0.059080
0.058463
0.058339
0.059080
0.058463
0.058339
0.058957
0.058463
0.058339
0.058957
0.058463
0.058463
0.058957
0.058463
0.058463
0.058957
0.058463
0.058462
0.058956
0.058462
0.058338
0.058956
0.058462
0.058338
0.058956
0.058462
0.058338
0.058956
0.058585
0.058338
0.058956
0.058832
0.058338
0.058956
0.058956
0.058461
0.058463
0.058955
0.058585
0.058462
0.059079
0.058708
0.058708
0.059202
0.058832
0.058832
0.059326
0.058956
0.058956
0.059449
0.059079
0.059079
0.059573
0.059203
0.059079
0.059697
0.059326
0.059203
0.059809
0.059438
0.059314
0.059932
0.059450
0.059326
0.059932
0.059809
0.059438
0.060056
0.060057
0.059686
0.060304
0.060304
0.059686
0.060428
0.060180
0.059810
0.060551
0.060304
0.059934
0.060675
0.060428
0.060058
0.060811
0.060563
0.060182
0.060182
0.060676
0.060306
0.060306
0.060801
0.060431
0.060442
0.060936
0.060566
0.060431
0.061049
0.060679
0.060566
0.061184
0.060814
0.060690
0.061308
0.061174
0.060814
0.061432
0.061432
0.060938
0.061679
0.061556
0.061062
0.061804
0.061680
0.061186
0.061928
0.061928
0.061434
0.062052
0.061816
0.061445
0.062176
0.062053
0.061682
0.062424
0.062177
0.061817
0.062435
0.062312
0.061942
0.062672
0.062425
0.062066
0.062066
0.062560
0.062190
0.062190
0.062684
0.062438
0.062438
0.062808
0.062685
0.062314
0.063180
0.063057
0.062563
0.063304
0.063068
0.062687
0.063428
0.063305
0.062811
0.063553
0.063440
0.062946
0.063677
0.063553
0.063059
0.063812
0.063688
0.063194
0.063936
0.063812
0.063308
0.064049
0.063937
0.063443
0.064184
0.063937
0.063567
0.064422
0.064175
0.063691
0.064436
0.064188
0.063818
0.064560
0.064426
0.064180
0.064181
0.064550
0.064303
0.064067
0.064685
0.064561
0.064191
0.064799
0.064675
0.064305
0.064923
0.064800
0.064429
0.065057
0.064924
0.064554
0.065172
0.065048
0.064554
0.065296
0.065173
0.064679
0.065421
0.065297
0.064803
0.065545
0.065297
0.064803
0.065545
0.065546
0.065043
0.065794
0.065669
0.065052
0.065794
0.065794
0.065176
0.065910
0.065910
0.065424
0.066043
0.065919
0.065795
0.066035
0.066035
0.065912
0.065551
0.066044
0.065797
0.065542
0.066289
0.066042
0.065672
0.066289
0.066042
0.065672
0.066167
0.066291
0.065796
0.066291
0.066291
0.065921
0.066416
0.066416
0.065922
0.066533
0.066540
0.066047
0.066540
0.066541
0.066171
0.066789
0.066659
0.066289
0.066783
0.066783
0.066296
0.066915
0.066908
0.066661
0.067033
0.067033
0.066909
0.067157
0.067040
0.066909
0.067157
0.067159
0.067159
0.067407
0.067283
0.067283
0.067413
0.067290
0.067283
0.066666
0.067532
0.067532
0.066915
0.067657
0.067657
0.066922
0.067664
0.067417
0.067165
0.067906
0.067667
0.067296
0.067915
0.067791
0.067303
0.067921
0.067923
0.067552
0.068171
0.068041
0.067547
0.068289
0.068172
0.067802
0.068420
0.068296
0.068050
0.068530
0.068284
0.068284
0.068655
0.068408
0.068408
0.068656
0.068533
0.068533
0.068906
0.068658
0.068658
0.068906
0.068782
0.068783
0.069155
0.069032
0.068908
0.068420
0.069163
0.069040
0.068663
0.069157
0.069157
0.068787
0.069289
0.069289
0.068919
0.069401
0.069401
0.068907
0.069526
0.069644
0.069155
0.069650
0.069650
0.069156
0.069775
0.069776
0.069529
0.070024
0.069777
0.069777
0.070031
0.069902
0.069902
0.070150
0.070027
0.069903
0.070140
0.070147
0.069900
0.070265
0.070265
0.070018
0.070389
0.070396
0.070026
0.070521
0.070391
0.070144
0.070639
0.070515
0.070278
0.070039
0.070656
0.070402
0.070157
0.070641
0.070394
0.070154
0.070772
0.070526
0.070272
0.071015
0.070643
0.070273
0.070898
0.070775
0.070528
0.071016
0.070893
0.070522
0.071141
0.071018
0.070654
0.071258
0.071011
0.070764
0.071382
0.071012
0.071012
0.071507
0.071137
0.071137
0.071508
0.071261
0.071261
0.071509
0.071386
0.071386
0.071634
0.071511
0.071388
0.071759
0.071505
0.071381
0.071753
0.071506
0.071507
0.071379
0.071625
0.071507
0.071371
0.071742
0.071618
0.071373
0.071861
0.071737
0.071491
0.071991
0.071867
0.071745
0.071992
0.071863
0.071860
0.072107
0.071983
0.071735
0.072112
0.071989
0.071860
0.072108
0.072108
0.071985
0.072233
0.072233
0.071985
0.072357
0.072357
0.071987
0.072470
0.072465
0.072099
0.072594
0.072471
0.072224
0.072719
0.072472
0.072348
0.072841
0.072594
0.072589
0.072966
0.072719
0.072719
0.072967
0.072843
0.072843
0.072475
0.072968
0.072968
0.072476
0.073082
0.072958
0.072713
0.073207
0.073083
0.072838
0.073343
0.073219
0.072974
0.073344
0.073469
0.073224
0.073594
0.073470
0.073229
0.073599
0.073475
0.073230
0.073839
0.073715
0.073345
0.073959
0.073835
0.073469
0.074088
0.073964
0.073594
0.074089
0.073965
0.073718
0.074338
0.074214
0.073968
0.074338
0.074214
0.074216
0.074580
0.074456
0.074333
0.074581
0.074581
0.074458
0.074088
0.074706
0.074459
0.074337
0.074831
0.074584
0.074467
0.074961
0.074590
0.074586
0.075080
0.074834
0.074836
0.075199
0.074834
0.074710
0.075448
0.075078
0.074954
0.075325
0.075203
0.075084
0.075450
0.075327
0.075204
0.075575
0.075452
0.075452
0.075700
0.075577
0.075453
0.075825
0.075702
0.075573
0.075945
0.075822
0.075574
0.076070
0.075947
0.075699
0.076195
0.075948
0.075824
0.076195
0.075948
0.075824
0.075946
0.076068
0.075944
0.075946
0.076193
0.076074
0.075826
0.076322
0.076198
0.075951
0.076319
0.076319
0.076070
0.076455
0.076460
0.076211
0.076585
0.076580
0.076456
0.076705
0.076456
0.076456
0.076710
0.076586
0.076586
0.076830
0.076706
0.076706
0.076955
0.076831
0.076582
0.076955
0.076956
0.076832
0.077080
0.076956
0.076832
0.077080
0.077080
0.076957
0.077205
0.077205
0.077077
0.077579
0.077330
0.077206
0.076836
0.077455
0.077207
0.077084
0.077579
0.077327
0.077205
0.077576
0.077452
0.077329
0.077576
0.077456
0.077333
0.077705
0.077581
0.077458
0.077706
0.077706
0.077583
0.077831
0.077831
0.077704
0.077952
0.077952
0.077829
0.078076
0.078076
0.077954
0.078201
0.078201
0.077830
0.078201
0.078201
0.077831
0.078330
0.078330
0.077960
0.078703
0.078455
0.078085
0.078828
0.078455
0.078085
0.078955
0.078583
0.078212
0.079080
0.078583
0.078212
0.078212
0.078584
0.078337
0.078212
0.078584
0.078342
0.078342
0.078588
0.078342
0.078337
0.078585
0.078337
0.078337
0.078585
0.078337
0.078337
0.078585
0.078337
0.078213
0.078581
0.078333
0.078210
0.078581
0.078333
0.078206
0.078453
0.078330
0.078206
0.078450
0.078327
0.078078
0.078572
0.078326
0.078075
0.078695
0.078075
0.078073
0.078817
0.078072
0.078072
0.078690
0.078194
0.077947
0.078690
0.078194
0.077823
0.077823
0.078195
0.077830
0.077830
0.078202
0.077833
0.077833
0.078207
0.077836
0.077715
0.078213
0.077967
0.077722
0.078222
0.077975
0.077856
0.078226
0.077985
0.077867
0.078362
0.078122
0.077998
0.078499
0.078135
0.078012
0.078514
0.078268
0.078152
0.078655
0.078285
0.078294
0.078912
0.078427
0.078427
0.078931
0.078562
0.078572
0.079189
0.078707
0.078707
0.079460
0.078842
0.078853
0.079596
0.078989
0.078989
0.078878
0.079014
0.079054
0.078960
0.079238
0.079270
0.079164
0.079411
0.079411
0.079164
0.079552
0.079552
0.079312
0.079700
0.079718
0.079369
0.079777
0.079817
0.079467
0.079858
0.079880
0.079408
0.080046
0.079823
0.079476
0.080115
0.079917
0.079547
0.080188
0.080040
0.079915
0.080262
0.080161
0.079867
0.080408
0.080336
0.079990
0.080829
0.080291
0.080014
0.080951
0.080537
0.080136
0.081147
0.080681
0.080358
0.080283
0.080704
0.080681
0.080160
0.080774
0.080950
0.080681
0.080652
0.080774
0.080804
0.081073
0.080553
0.080454
0.081341
0.080873
0.080505
0.080751
0.081142
0.080797
0.080900
0.080776
0.080944
0.081093
0.080712
0.080657
0.081343
0.081124
0.080850
0.081686
0.081025
0.080876
0.081615
0.081051
0.080901
0.081544
0.081174
0.080805
0.081447
0.081078
0.080832
0.081352
0.080983
0.080736
0.081600
0.080983
0.080641
0.081383
0.081040
0.080548
0.080426
0.080824
0.080333
0.080211
0.080703
0.080343
0.080127
0.080374
0.080238
0.079871
0.080117
0.080117
0.079902
0.080025
0.079781
0.079659
0.079906
0.079538
0.079417
0.079787
0.079296
0.079132
0.079378
0.079134
0.078889
0.079259
0.079015
0.078616
0.078987
0.078742
0.078502
0.078842
0.078597
0.078353
0.078570
0.078325
0.078068
0.078653
0.078038
0.077917
0.078506
0.077766
0.077615
0.078355
0.077833
0.077465
0.077068
0.077553
0.077268
0.076899
0.077365
0.077243
0.076722
0.077216
0.076944
0.076573
0.077041
0.076660
0.076634
0.076881
0.076486
0.076486
0.076708
0.076338
0.076313
0.076684
0.076166
0.076166
0.076513
0.076020
0.075987
0.076458
0.076211
0.075840
0.076581
0.076211
0.075831
0.076571
0.076201
0.076077
0.076694
0.076324
0.076200
0.076795
0.076177
0.076177
0.077043
0.076300
0.076300
0.077166
0.076424
0.076294
0.076046
0.076664
0.076286
0.076038
0.076656
0.076409
0.076139
0.076634
0.076510
0.076139
0.076750
0.076503
0.076256
0.076750
0.076503
0.076380
0.076750
0.076503
0.076503
0.076874
0.076622
0.076492
0.076986
0.076616
0.076616
0.076986
0.076739
0.076616
0.077109
0.076841
0.076717
0.077212
0.076841
0.076594
0.077212
0.076841
0.076717
0.077460
0.076965
0.076717
0.077460
0.076982
0.076735
0.077470
0.077098
0.076727
0.076604
0.076974
0.076974
0.076604
0.076974
0.076974
0.076604
0.077098
0.076974
0.076851
0.077222
0.076974
0.076728
0.077222
0.076997
0.076750
0.077491
0.076997
0.076750
0.077491
0.077017
0.076769
0.077388
0.077265
0.076893
0.077410
0.077160
0.076913
0.077408
0.077184
0.077184
0.077680
0.077208
0.077208
0.077704
0.077232
0.077109
0.077753
0.077257
0.077134
0.077902
0.077406
0.077185
0.077928
0.077581
0.077212
0.077980
0.077855
0.077266
0.077142
0.077910
0.077663
0.077191
0.077931
0.077713
0.077248
0.077988
0.077769
0.077645
0.078046
0.077799
0.077705
0.078107
0.077859
0.077891
0.078383
0.078044
0.077955
0.078447
0.078108
0.078141
0.078761
0.078297
0.078174
0.078948
0.078451
0.078361
0.079016
0.078643
0.078554
0.079171
0.078952
0.078581
0.079236
0.079111
0.078652
0.079516
0.079303
0.078968
0.079708
0.079377
0.079129
0.079869
0.079781
0.079410
0.079323
0.080186
0.079728
0.079610
0.080138
0.080015
0.079930
0.080420
0.080296
0.080211
0.080826
0.080499
0.080372
0.081026
0.080778
0.080819
0.081308
0.081061
0.080983
0.081473
0.081266
0.081142
0.082046
0.081674
0.081349
0.082226
0.081854
0.081648
0.082510
0.082186
0.081814
0.082718
0.082470
0.082148
0.082886
0.082637
0.082433
0.083052
0.082847
0.082725
0.083265
0.083016
0.082937
0.083674
0.083229
0.083106
0.083035
0.083401
0.083324
0.083324
0.083571
0.083448
0.083448
0.083936
0.083618
0.083618
0.084230
0.083859
0.083743
0.084400
0.084029
0.083789
0.084571
0.084324
0.083960
0.084696
0.084504
0.084133
0.084752
0.084629
0.084189
0.084924
0.084685
0.084370
0.084981
0.084742
0.084503
0.084990
0.084800
0.084561
0.085172
0.084685
0.084570
0.085191
0.084580
0.084580
0.085201
0.084590
0.084475
0.085220
0.084609
0.084435
0.084321
0.084569
0.084330
0.084042
0.084405
0.084291
0.084127
0.084375
0.084211
0.084087
0.084411
0.084172
0.083999
0.084495
0.084250
0.084003
0.084574
0.084327
0.084203
0.084814
0.084520
0.084281
0.084891
0.084771
0.084476
0.085087
0.084964
0.084600
0.085336
0.085089
0.084794
0.085530
0.085282
0.085205
0.085817
0.085523
0.085400
0.086016
0.085893
0.085529
0.086095
0.085848
0.085723
0.086335
0.086213
0.085848
0.085849
0.086330
0.086330
0.086214
0.086409
0.086533
0.086285
0.086534
0.086534
0.086365
0.086614
0.086614
0.086614
0.086694
0.086694
0.086577
0.086943
0.086775
0.086658
0.087133
0.086848
0.086724
0.086973
0.086849
0.086688
0.087061
0.086937
0.086697
0.087193
0.086784
0.086419
0.086920
0.086679
0.086439
0.087176
0.086811
0.086439
0.087059
0.086818
0.086374
0.086993
0.086753
0.086514
0.087054
0.086814
0.086450
0.086867
0.086627
0.086310
0.086195
0.086738
0.086498
0.086307
0.086679
0.086603
0.086294
0.086666
0.086476
0.086537
0.086834
0.086596
0.086648
0.086946
0.086636
0.086699
0.086813
0.086752
0.086930
0.087105
0.087046
0.086922
0.087284
0.087213
0.086977
0.087462
0.087338
0.087393
0.087878
0.087754
0.087573
0.088058
0.087740
0.087740
0.088225
0.087920
0.087976
0.088530
0.088469
0.088345
0.088705
0.088582
0.088347
0.088831
0.088707
0.088583
0.088461
0.089066
0.088818
0.088696
0.089427
0.089179
0.089180
0.089663
0.089427
0.089182
0.089662
0.089594
0.089472
0.090080
0.089968
0.089722
0.090204
0.090081
0.089834
0.090262
0.090137
0.090014
0.090622
0.090387
0.090444
0.090803
0.090569
0.090569
0.090861
0.090752
0.090752
0.091000
0.090934
0.090823
0.091182
0.090947
0.090947
0.091378
0.091020
0.091028
0.091400
0.091152
0.091043
0.091598
0.091116
0.091116
0.091008
0.091255
0.091131
0.091023
0.091270
0.090977
0.091102
0.091226
0.090992
0.091007
0.091071
0.091072
0.091087
0.091151
0.090905
0.090920
0.091108
0.090750
0.090691
0.090940
0.090645
0.090645
0.090835
0.090601
0.090543
0.090791
0.090501
0.090501
0.090701
0.090519
0.090408
0.090835
0.090600
0.090419
0.090735
0.090611
0.090320
0.090804
0.090752
0.090516
0.090945
0.090529
0.090282
0.090959
0.090599
0.090298
0.090423
0.090740
0.090315
0.090565
0.090883
0.090636
0.090584
0.090955
0.090656
0.090532
0.090976
0.090606
0.090431
0.091028
0.090741
0.090617
0.091176
0.090939
0.090641
0.091251
0.091178
0.090930
0.091491
0.091244
0.090832
0.091566
0.091270
0.090908
0.091470
0.091108
0.091060
0.091547
0.091137
0.091089
0.091337
0.091167
0.091051
0.091369
0.091129
0.090962
0.091334
0.091165
0.090756
0.091493
0.090959
0.090835
0.091535
0.091040
0.090879
0.090763
0.090960
0.090843
0.090676
0.090925
0.090639
0.090392
0.090846
0.090729
0.090439
0.090811
0.090404
0.090284
0.090898
0.090367
0.090249
0.090821
0.090332
0.090218
0.090301
0.090183
0.090065
0.090396
0.090031
0.090031
0.090403
0.090120
0.089632
0.090251
0.090009
0.089763
0.090383
0.089855
0.089613
0.090235
0.089744
0.089620
0.090490
0.089876
0.089634
0.090255
0.090006
0.089641
0.090138
0.089896
0.089525
0.089284
0.089914
0.089549
0.089302
0.089921
0.089557
0.089192
0.089805
0.089564
0.089322
0.089812
0.089618
0.089377
0.089866
0.089626
0.089261
0.089874
0.089633
0.089313
0.089925
0.089685
0.089551
0.089921
0.089681
0.089557
0.089974
0.089851
0.089735
0.090107
0.089984
0.089744
0.090278
0.090162
0.089922
0.090287
0.090170
0.090047
0.090420
0.090218
0.090095
0.090468
0.090348
0.090109
0.090730
0.090357
0.090289
0.090042
0.090414
0.090299
0.090052
0.090423
0.090290
0.090051
0.090546
0.090299
0.090109
0.090720
0.090358
0.090119
0.090854
0.090368
0.090368
0.090864
0.090502
0.090378
0.090874
0.090627
0.090389
0.090885
0.090638
0.090399
0.090895
0.090648
0.090410
0.091020
0.090777
0.090538
0.091148
0.090737
0.090490
0.091100
0.090738
0.090614
0.091110
0.090749
0.090625
0.091071
0.090709
0.090585
0.091082
0.090834
0.090720
0.090308
0.090795
0.090680
0.090433
0.090929
0.090641
0.090393
0.090889
0.090761
0.090404
0.090974
0.090601
0.090239
0.091099
0.090683
0.090435
0.090943
0.090581
0.090409
0.090904
0.090657
0.090370
0.090866
0.090618
0.090380
0.090942
0.090820
0.090449
0.090897
0.090897
0.090411
0.090859
0.090859
0.090372
0.091108
0.090821
0.090450
0.091066
0.090896
0.090533
0.091145
0.090737
0.090490
0.090982
0.090692
0.090569
0.090941
0.090649
0.090533
0.090285
0.090613
0.090613
0.090248
0.090814
0.090573
0.090449
0.090822
0.090654
0.090421
0.090794
0.090626
0.090385
0.090875
0.090591
0.090591
0.090840
0.090716
0.090556
0.091046
0.090681
0.090639
0.091140
0.090899
0.090733
0.091106
0.090982
0.090742
0.091192
0.090950
0.090826
0.091075
0.091035
0.090668
0.091164
0.091001
0.090639
0.091130
0.090888
0.090600
0.091097
0.090855
0.090568
0.091189
0.090941
0.090698
0.090170
0.090908
0.090790
0.090262
0.090877
0.090758
0.090265
0.091010
0.090730
0.090487
0.090982
0.090744
0.090497
0.090955
0.090588
0.090465
0.090961
0.090713
0.090471
0.091049
0.090805
0.090439
0.090930
0.090816
0.090569
0.090904
0.090904
0.090414
0.091033
0.090787
0.090415
0.091123
0.090757
0.090513
0.091129
0.090638
0.090638
0.091134
0.090727
0.090608
0.091099
0.090728
0.090609
0.091225
0.090858
0.090614
0.090490
0.090827
0.090579
0.090335
0.090828
0.090460
0.090341
0.090830
0.090462
0.090462
0.090832
0.090708
0.090465
0.090802
0.090551
0.090307
0.090800
0.090554
0.090440
0.090812
0.090569
0.090195
0.090691
0.090567
0.090199
0.090815
0.090660
0.090043
0.090659
0.090416
0.090291
0.090539
0.090415
0.090172
0.090665
0.090421
0.090068
0.090444
0.090325
0.090325
0.090325
0.090326
0.090207
0.090451
0.090171
0.089929
0.089682
0.090178
0.089929
0.089563
0.090180
0.089811
0.089565
0.089936
0.089938
0.089572
0.089938
0.089819
0.089452
0.089822
0.089702
0.089456
0.089702
0.089666
0.089304
0.089670
0.089550
0.089304
0.089923
0.089550
0.089188
0.089807
0.089310
0.089068
0.089807
0.089191
0.089072
0.089691
0.089320
0.088953
0.089532
0.089164
0.088917
0.089416
0.089293
0.088927
0.089416
0.089297
0.088927
0.089302
0.089302
0.088688
0.089302
0.089182
0.088569
0.088533
0.089032
0.088414
0.088539
0.088908
0.088537
0.088420
0.088910
0.088539
0.088420
0.088910
0.088419
0.088426
0.088796
0.088514
0.088022
0.088761
0.088520
0.088029
0.088767
0.088401
0.088153
0.088655
0.088407
0.088040
0.088620
0.088256
0.088013
0.088503
0.088136
0.088020
0.088391
0.088144
0.087901
0.088399
0.088118
0.087874
0.088365
0.088007
0.087882
0.088253
0.087882
0.087889
0.088260
0.087855
0.087744
0.087497
0.087744
0.087754
0.087507
0.087754
0.087516
0.087397
0.087608
0.087374
0.087375
0.087633
0.087385
0.087386
0.087645
0.087272
0.087257
0.087376
0.087144
0.087144
0.087389
0.087157
0.087033
0.087293
0.087014
0.087028
0.087275
0.087042
0.086798
0.087179
0.087059
0.086579
0.087164
0.086935
0.086687
0.087198
0.086843
0.086598
0.087107
0.086860
0.086602
0.087218
0.086744
0.086514
0.087129
0.086779
0.086533
0.086403
0.086665
0.086420
0.086442
0.086706
0.086460
0.086483
0.086739
0.086485
0.086508
0.086630
0.086528
0.086430
0.086796
0.086451
0.086227
0.086815
0.086470
0.086124
0.086740
0.086518
0.086148
0.086789
0.086568
0.086050
0.086814
0.086472
0.086224
0.086744
0.086525
0.086277
0.086798
0.086430
0.086185
0.086705
0.086489
0.086122
0.086765
0.086548
0.086209
0.086823
0.086462
0.086245
0.086738
0.086523
0.086186
0.086066
0.086465
0.086251
0.086008
0.086506
0.086172
0.085925
0.086191
0.086225
0.085977
0.086348
0.086259
0.085889
0.086382
0.086271
0.085777
0.086429
0.086306
0.085692
0.086464
0.086222
0.085886
0.086258
0.086010
0.085927
0.086272
0.085942
0.085819
0.086313
0.085860
0.085737
0.086223
0.085648
0.085529
0.086017
0.085652
0.085448
0.085682
0.085424
0.085182
0.085429
0.085187
0.084821
0.085191
0.084988
0.084623
0.085119
0.084629
0.084386
0.084104
0.084352
0.084110
0.083725
0.083972
0.083853
0.083448
0.083818
0.083454
0.083172
0.083542
0.083166
0.082997
0.083244
0.083126
0.082715
0.083086
0.082844
0.082558
0.083052
0.082766
0.082382
0.082995
0.082467
0.082344
0.082961
0.082306
0.082187
0.082924
0.082149
0.082149
0.082644
0.082103
0.082103
0.082598
0.082190
0.081824
0.082437
0.082186
0.081783
0.082398
0.082012
0.081864
0.082236
0.081988
0.081709
0.081338
0.081833
0.081674
0.081183
0.081797
0.081395
0.081021
0.081636
0.081110
0.080867
0.081485
0.080990
0.080712
0.081330
0.080716
0.080472
0.080967
0.080682
0.080315
0.080686
0.080302
0.079934
0.080429
0.080185
0.079818
0.080224
0.079980
0.079609
0.079980
0.079613
0.079286
0.079657
0.079327
0.078960
0.079455
0.079126
0.078759
0.079254
0.079045
0.078679
0.079417
0.079089
0.078594
0.079337
0.079127
0.078498
0.078498
0.078908
0.078661
0.078414
0.078825
0.078825
0.078333
0.078863
0.078863
0.078250
0.078904
0.078904
0.078415
0.078946
0.078946
0.078333
0.078987
0.078864
0.078375
0.079154
0.078906
0.078418
0.079139
0.078935
0.078564
0.079058
0.078985
0.078614
0.079109
0.079152
0.078657
0.079152
0.079073
0.078586
0.079197
0.079118
0.078630
0.079241
0.078922
0.078799
0.079170
0.078799
0.078728
0.079340
0.078714
0.078761
0.078521
0.078761
0.078645
0.078568
0.078691
0.078576
0.078205
0.078623
0.078508
0.078021
0.078632
0.078392
0.077906
0.078401
0.078202
0.077839
0.078334
0.077971
0.077720
0.078207
0.077968
0.077482
0.077853
0.077730
0.077243
0.077739
0.077500
0.077252
0.077451
0.077212
0.077098
0.077098
0.077098
0.076810
0.077057
0.076819
0.076399
0.076893
0.076519
0.076108
0.076842
0.076479
0.075945
0.076439
0.076192
0.075657
0.076401
0.075980
0.075617
0.075208
0.075818
0.075407
0.074920
0.075655
0.075244
0.074881
0.075454
0.074833
0.074786
0.075157
0.074864
0.074624
0.074941
0.074702
0.074292
0.074904
0.074495
0.074247
0.074697
0.074326
0.074042
0.074529
0.074245
0.073998
0.074442
0.074078
0.073787
0.074273
0.073860
0.073742
0.074313
0.073700
0.073658
0.073906
0.073617
0.073499
0.073824
0.073577
0.073294
0.073908
0.073254
0.073131
0.073712
0.073339
0.072934
0.072687
0.073267
0.072896
0.072484
0.073098
0.072570
0.072446
0.072781
0.072644
0.072241
0.072732
0.072576
0.071838
0.072541
0.072421
0.071802
0.072386
0.072138
0.071736
0.072231
0.071949
0.071706
0.072073
0.071795
0.071552
0.071919
0.071642
0.071274
0.071759
0.071358
0.071233
0.071729
0.071204
0.071080
0.071452
0.071175
0.070683
0.071310
0.071054
0.070439
0.071146
0.070902
0.070286
0.071151
0.070657
0.070258
0.070013
0.070505
0.070139
0.069770
0.070266
0.070018
0.069526
0.070113
0.069742
0.069498
0.069992
0.069624
0.069377
0.069742
0.069489
0.069241
0.069737
0.069245
0.068876
0.069616
0.069125
0.068756
0.069495
0.069004
0.068880
0.069251
0.069007
0.068759
0.069130
0.068887
0.068638
0.069010
0.068887
0.068518
0.068914
0.068791
0.068423
0.069038
0.068671
0.068303
0.068918
0.068551
0.068303
0.068957
0.068584
0.068219
0.068099
0.068343
0.068099
0.068099
0.068347
0.068130
0.068010
0.068378
0.068004
0.068004
0.068376
0.067885
0.067761
0.068297
0.067925
0.067681
0.068297
0.067929
0.067681
0.068177
0.068053
0.067562
0.068214
0.067847
0.067476
0.068095
0.067847
0.067357
0.067971
0.067723
0.067357
0.068009
0.067642
0.067523
0.067894
0.067646
0.067404
0.067770
0.067527
0.067404
0.067776
0.067527
0.067286
0.067782
0.067409
0.067167
0.067906
0.067290
0.067043
0.066925
0.067414
0.066922
0.066920
0.067290
0.066801
0.066801
0.067172
0.066801
0.066683
0.067172
0.066683
0.066683
0.067053
0.066688
0.066564
0.066935
0.066694
0.066452
0.066941
0.066536
0.066412
0.066783
0.066536
0.066417
0.066664
0.066417
0.066175
0.066664
0.066384
0.066136
0.066507
0.066384
0.066017
0.066388
0.066264
0.065911
0.066486
0.066120
0.065872
0.066492
0.065996
0.065754
0.066453
0.065845
0.065845
0.065478
0.065845
0.065687
0.065320
0.065811
0.065568
0.065320
0.065692
0.065531
0.065163
0.065654
0.065412
0.065039
0.065498
0.065498
0.065007
0.065498
0.065379
0.064970
0.065342
0.065342
0.064851
0.065429
0.065187
0.064938
0.065309
0.065309
0.064907
0.065274
0.065154
0.064907
0.065243
0.065119
0.064999
0.065367
0.064999
0.064965
0.065335
0.064965
0.064845
0.065459
0.064935
0.064811
0.065430
0.065065
0.064664
0.064540
0.064911
0.064911
0.064421
0.065003
0.064879
0.064510
0.065003
0.064759
0.064602
0.064974
0.064726
0.064482
0.065097
0.064574
0.064450
0.064945
0.064697
0.064329
0.065038
0.064545
0.064298
0.064917
0.064793
0.064300
0.064887
0.064766
0.064270
0.064766
0.064766
0.064270
0.064859
0.064736
0.064119
0.064859
0.064738
0.064367
0.064834
0.064709
0.064216
0.064834
0.064587
0.064463
0.064823
0.064574
0.064300
0.063929
0.064424
0.064300
0.063931
0.064548
0.064181
0.064057
0.064524
0.064153
0.063907
0.064524
0.064031
0.063907
0.064524
0.064279
0.064031
0.064403
0.064279
0.063882
0.064375
0.064129
0.064129
0.064378
0.064129
0.064008
0.064378
0.064008
0.064008
0.064504
0.064008
0.063886
0.064628
0.063887
0.063887
0.064726
0.064107
0.063849
0.064594
0.064345
0.063851
0.064594
0.064223
0.063851
0.064472
0.064223
0.063729
0.063729
0.064101
0.063853
0.063736
0.064108
0.063860
0.063615
0.064232
0.063862
0.063615
0.064234
0.063862
0.063617
0.064234
0.063864
0.063617
0.064229
0.063862
0.063615
0.064234
0.063844
0.063598
0.064216
0.063722
0.063722
0.064219
0.063722
0.063722
0.064343
0.063846
0.063600
0.064343
0.063848
0.063600
0.064221
0.063972
0.063600
0.064221
0.063965
0.063596
0.064338
0.063844
0.063720
0.064217
0.063844
0.063720
0.064217
0.063844
0.063602
0.063479
0.063726
0.063602
0.063481
0.063726
0.063726
0.063481
0.063850
0.063605
0.063481
0.063852
0.063600
0.063476
0.063972
0.063600
0.063355
0.064105
0.063611
0.063364
0.063983
0.063611
0.063364
0.063983
0.063735
0.063366
0.063983
0.063614
0.063490
0.064108
0.063737
0.063490
0.064110
0.063737
0.063368
0.064108
0.063741
0.063495
0.064114
0.063743
0.063501
0.063997
0.063748
0.063501
0.063997
0.063748
0.063503
0.063132
0.063627
0.063627
0.063255
0.063627
0.063627
0.063258
0.063627
0.063506
0.063354
0.063599
0.063477
0.063354
0.063477
0.063477
0.063232
0.063600
0.063477
0.063231
0.063724
0.063355
0.063355
0.063603
0.063355
0.063355
0.063603
0.063479
0.063233
0.063727
0.063613
0.063244
0.063737
0.063492
0.063244
0.063615
0.063464
0.063340
0.063588
0.063464
0.063218
0.063836
0.063342
0.063342
0.063836
0.063342
0.063342
0.063097
0.063342
0.063342
0.063097
0.063342
0.063221
0.063097
0.063221
0.063194
0.063195
0.063442
0.063195
0.063073
0.063566
0.063195
0.063073
0.063566
0.063197
0.063073
0.063444
0.063197
0.063073
0.063444
0.063170
0.062925
0.063542
0.063170
0.063049
0.063542
0.063049
0.063055
0.063549
0.063055
0.063055
0.063427
0.063303
0.063055
0.063525
0.063401
0.062908
0.063525
0.063279
0.062908
0.063536
0.063290
0.062918
0.062797
0.063414
0.062918
0.062797
0.063389
0.062771
0.062772
0.063389
0.062895
0.062647
0.063267
0.063143
0.062771
0.063267
0.063143
0.062649
0.063267
0.063243
0.062625
0.063243
0.063120
0.062749
0.063243
0.063120
0.062873
0.063120
0.063120
0.062873
0.063120
0.063120
0.062851
0.063097
0.063097
0.062603
0.063097
0.062727
0.062479
0.063097
0.062727
0.062479
0.062851
0.062727
0.062479
0.062851
0.062705
0.062458
0.062829
0.062705
0.062210
0.062212
0.062582
0.062210
0.062212
0.062582
0.062334
0.062212
0.062458
0.062334
0.061964
0.062458
0.062313
0.061698
0.062440
0.062193
0.061698
0.062440
0.062069
0.061822
0.062317
0.061945
0.061822
0.062317
0.062069
0.061822
0.062193
0.062069
0.061822
0.062193
0.062049
0.061678
0.062173
0.061915
0.061543
0.062162
0.061791
0.061543
0.062046
0.061922
0.061675
0.062058
0.061810
0.061686
0.061934
0.061810
0.061564
0.061317
0.061810
0.061440
0.061194
0.061688
0.061544
0.061049
0.061668
0.061544
0.061173
0.061544
0.061420
0.061173
0.061544
0.061420
0.061173
0.061544
0.061297
0.061173
0.061420
0.061297
0.061173
0.061420
0.061173
0.061173
0.061421
0.061173
0.061050
0.061545
0.061173
0.060927
0.061421
0.061173
0.060927
0.061421
0.061050
0.060784
0.061402
0.060900
0.060767
0.061509
0.061015
0.060767
0.061385
0.061015
0.060767
0.060645
0.061015
0.060767
0.060520
0.061015
0.060767
0.060396
0.061015
0.060644
0.060396
0.061015
0.060644
0.060396
0.061019
0.060648
0.060400
0.060772
0.060648
0.060409
0.060781
0.060657
0.060525
0.060643
0.060643
0.060396
0.060767
0.060643
0.060272
0.060767
0.060643
0.060149
0.060767
0.060520
0.060272
0.060891
0.060502
0.060254
0.060873
0.060378
0.060254
0.060749
0.060254
0.060254
0.060749
0.060248
0.060248
0.060122
0.060368
0.060120
0.059749
0.060368
0.060120
0.059873
0.060368
0.060120
0.059873
0.060244
0.059996
0.059873
0.060368
0.059997
0.059873
0.060368
0.059997
0.059873
0.060368
0.059992
0.059745
0.060240
0.059995
0.059748
0.060119
0.059995
0.059748
0.060243
0.059995
0.059872
0.060243
0.059872
0.059748
0.060243
0.059872
0.059748
0.060243
0.059872
0.059624
0.060119
0.059872
0.059624
0.060226
0.059728
0.059604
0.060223
0.059974
0.059603
0.059480
0.059850
0.059490
0.059490
0.059861
0.059490
0.059366
0.059861
0.059490
0.059366
0.059985
0.059490
0.059366
0.059861
0.059490
0.059242
0.059861
0.059366
0.059242
0.059861
0.059490
0.059242
0.059860
0.059489
0.059118
0.059860
0.059613
0.059118
0.059861
0.059490
0.059119
0.059737
0.059613
0.059119
0.059737
0.059490
0.059126
0.059745
0.059497
0.059126
0.059745
0.059481
0.059110
0.059728
0.059481
0.059233
0.058987
0.059481
0.059233
0.058739
0.059481
0.059233
0.058739
0.059481
0.059233
0.058739
0.059357
0.059233
0.058862
0.059357
0.059111
0.058863
0.059358
0.058987
0.058863
0.059358
0.058987
0.058863
0.059358
0.059111
0.058863
0.059358
0.059111
0.058863
0.059358
0.059111
0.058863
0.059358
0.059124
0.058879
0.059250
0.059127
0.058879
0.059235
0.058987
0.058864
0.059235
0.058987
0.058740
0.059235
0.058987
0.058740
0.058618
0.059111
0.058740
0.058741
0.059111
0.058616
0.058493
0.059111
0.058616
0.058493
0.059111
0.058740
0.058493
0.058987
0.058740
0.058493
0.058987
0.058740
0.058493
0.058987
0.058864
0.058493
0.058987
0.058740
0.058493
0.058864
0.058740
0.058493
0.059111
0.058864
0.058617
0.059235
0.058973
0.058726
0.059345
0.059097
0.058850
0.059469
0.059221
0.058974
0.059469
0.059345
0.059098
0.059472
0.059224
0.058977
0.058853
0.059465
0.059095
0.058971
0.059590
0.059342
0.059095
0.059714
0.059590
0.059343
0.059838
0.059590
0.059343
0.059962
0.059715
0.059467
0.060211
0.059839
0.059468
0.060336
0.059963
0.059716
0.060212
0.060087
0.059840
0.060460
0.060212
0.059964
0.060708
0.060461
0.059971
0.060585
0.060585
0.060200
0.060820
0.060696
0.060324
0.060826
0.060754
0.060631
0.061120
0.060997
0.060873
0.061251
0.061127
0.061002
0.061251
0.061251
0.061127
0.060705
0.061375
0.061128
0.061009
0.061504
0.061257
0.061134
0.061629
0.061381
0.061146
0.061895
0.061524
0.061270
0.062115
0.061766
0.061394
0.062246
0.061896
0.061643
0.062489
0.062145
0.061774
0.062495
0.062269
0.061898
0.062496
0.062490
0.062146
0.062621
0.062621
0.062271
0.062745
0.062745
0.062643
0.062994
0.062746
0.062643
0.063125
0.062877
0.062892
0.063367
0.063119
0.063119
0.063491
0.063251
0.063251
0.062777
0.063368
0.063368
0.062895
0.063623
0.063376
0.063026
0.063747
0.063513
0.063144
0.063866
0.063502
0.063275
0.063997
0.063626
0.063269
0.064115
0.063744
0.063394
0.064246
0.063875
0.063525
0.064370
0.063999
0.063643
0.064488
0.064124
0.063898
0.064619
0.064249
0.064029
0.064750
0.064373
0.064147
0.064745
0.064498
0.064271
0.064870
0.064629
0.064396
0.064994
0.064747
0.064535
0.065009
0.064886
0.064535
0.064164
0.064762
0.064659
0.064289
0.064909
0.064903
0.064413
0.064909
0.064909
0.064415
0.065033
0.065033
0.064534
0.065153
0.065153
0.064664
0.065282
0.065282
0.064783
0.065402
0.065402
0.065031
0.065407
0.065283
0.064913
0.065651
0.065404
0.065105
0.065651
0.065281
0.065229
0.065652
0.065406
0.065354
0.065901
0.065479
0.065354
0.065974
0.065727
0.065231
0.066098
0.065852
0.065231
0.066107
0.065862
0.065613
0.065485
0.065983
0.065734
0.065366
0.065986
0.065738
0.065614
0.065982
0.065858
0.065736
0.066355
0.065860
0.065736
0.066355
0.065984
0.065861
0.066357
0.066233
0.065863
0.066481
0.066358
0.065987
0.066606
0.066482
0.066112
0.066731
0.066607
0.066360
0.066979
0.066608
0.066485
0.067229
0.066733
0.066595
0.067339
0.066967
0.066845
0.067341
0.067095
0.066845
0.067465
0.067217
0.066970
0.067590
0.067466
0.067220
0.067591
0.067470
0.067223
0.067099
0.067457
0.067455
0.067331
0.067703
0.067583
0.067335
0.067955
0.067708
0.067461
0.068205
0.067833
0.067582
0.068453
0.067958
0.067710
0.068578
0.068083
0.067835
0.068703
0.068207
0.068084
0.068704
0.068581
0.068208
0.068830
0.068817
0.068445
0.068945
0.068821
0.068325
0.069070
0.069071
0.068575
0.069303
0.069231
0.068948
0.069496
0.069372
0.069125
0.069621
0.069497
0.069250
0.069745
0.069622
0.069498
0.068952
0.069747
0.069634
0.069212
0.070007
0.069884
0.069585
0.070007
0.069760
0.069585
0.070246
0.069999
0.069875
0.070371
0.070123
0.070005
0.070617
0.070245
0.070122
0.070618
0.070370
0.070251
0.070871
0.070619
0.070372
0.070991
0.070744
0.070377
0.071116
0.070868
0.070612
0.071231
0.070984
0.070737
0.071360
0.070985
0.070862
0.071357
0.071110
0.070986
0.071606
0.071234
0.071111
0.071730
0.071359
0.071235
0.070936
0.071607
0.071352
0.071053
0.071724
0.071477
0.071178
0.071849
0.071601
0.071178
0.071849
0.071727
0.071304
0.072098
0.071727
0.071304
0.072047
0.071800
0.071427
0.072168
0.071921
0.071546
0.072043
0.072044
0.071672
0.072293
0.072165
0.071793
0.072414
0.072165
0.071921
0.072418
0.072045
0.071919
0.072664
0.072415
0.072044
0.072664
0.072419
0.072044
0.072789
0.072536
0.072288
0.072909
0.072537
0.072416
0.072166
0.072661
0.072540
0.072293
0.072789
0.072662
0.072542
0.072789
0.072665
0.072667
0.073039
0.072912
0.072542
0.073039
0.072915
0.072544
0.073287
0.073040
0.072669
0.073407
0.073159
0.072789
0.073657
0.073533
0.073040
0.073659
0.073412
0.073165
0.073784
0.073536
0.073290
0.073909
0.073786
0.073663
0.074159
0.073911
0.073788
0.074160
0.073911
0.073788
0.074284
0.074148
0.074039
0.074658
0.074286
0.074163
0.074907
0.074411
0.074288
0.074178
0.074556
0.074310
0.074310
0.074680
0.074431
0.074556
0.075174
0.074680
0.074680
0.075299
0.074808
0.074808
0.075552
0.074933
0.074933
0.075674
0.075302
0.075058
0.075678
0.075430
0.075183
0.075803
0.075555
0.075430
0.076053
0.075805
0.075680
0.076053
0.076055
0.075930
0.076302
0.076180
0.075931
0.076427
0.076304
0.076056
0.076800
0.076429
0.076305
0.076924
0.076554
0.076430
0.077049
0.076679
0.076555
0.076306
0.076925
0.076680
0.076431
0.077052
0.076805
0.076556
0.077177
0.076979
0.076806
0.077354
0.077106
0.076983
0.077479
0.077229
0.077105
0.077601
0.077477
0.077178
0.077677
0.077553
0.077179
0.077799
0.077675
0.077304
0.077924
0.077800
0.077553
0.078049
0.077925
0.077678
0.078050
0.078051
0.077678
0.078299
0.078051
0.077678
0.078299
0.078176
0.077803
0.078425
0.078177
0.077928
0.078550
0.078302
0.078053
0.077807
0.078427
0.078054
0.077930
0.078424
0.078069
0.077946
0.078565
0.078194
0.078071
0.078688
0.078317
0.078194
0.078692
0.078319
0.078322
0.078822
0.078575
0.078451
0.078945
0.078821
0.078330
0.078947
0.078823
0.078453
0.079070
0.078946
0.078578
0.079195
0.079071
0.078828
0.079197
0.079323
0.078953
0.079445
0.079322
0.079076
0.079570
0.079324
0.079201
0.079694
0.079449
0.079326
0.079835
0.079589
0.079467
0.079342
0.079713
0.079574
0.079452
0.079823
0.079699
0.079577
0.079948
0.079824
0.079702
0.080073
0.079949
0.079703
0.080322
0.080074
0.079704
0.080322
0.080074
0.079829
0.080447
0.080075
0.079957
0.080452
0.080080
0.079959
0.080577
0.080330
0.080084
0.080453
0.080454
0.080084
0.080578
0.080454
0.079961
0.080630
0.080609
0.079990
0.080733
0.080609
0.079990
0.080733
0.080360
0.080112
0.080730
0.080360
0.080214
0.079967
0.080219
0.080213
0.079965
0.080219
0.080088
0.079839
0.080218
0.080088
0.079839
0.080210
0.079963
0.079962
0.080210
0.079963
0.079963
0.080086
0.079957
0.079829
0.080081
0.079959
0.079832
0.080085
0.079702
0.079824
0.080075
0.079707
0.079704
0.080081
0.079720
0.079716
0.080095
0.079844
0.079721
0.080100
0.079979
0.079731
0.080111
0.079991
0.079619
0.080124
0.080129
0.079630
0.080128
0.080134
0.079771
0.080279
0.080152
0.079790
0.079798
0.080182
0.079935
0.079819
0.080205
0.079957
0.079967
0.080353
0.080229
0.079992
0.080374
0.080251
0.080129
0.080503
0.080393
0.080145
0.080504
0.080504
0.080379
0.080752
0.080628
0.080504
0.080876
0.080642
0.080642
0.080889
0.080752
0.080752
0.081000
0.080890
0.080890
0.081154
0.081006
0.081006
0.081243
0.081241
0.081124
0.081374
0.081386
0.081262
0.081512
0.081496
0.081496
0.081734
0.081500
0.081621
0.081247
0.081622
0.081742
0.081371
0.081746
0.081746
0.081606
0.081982
0.081970
0.081843
0.082094
0.082088
0.081961
0.082213
0.082213
0.081866
0.082362
0.082003
0.081879
0.082513
0.082141
0.082128
0.082619
0.082598
0.082338
0.082955
0.082812
0.082575
0.082967
0.082731
0.082599
0.082979
0.082744
0.082736
0.082991
0.082757
0.082749
0.083142
0.082770
0.082646
0.083156
0.082784
0.082550
0.083067
0.082937
0.082536
0.082289
0.082923
0.082551
0.082320
0.082689
0.082459
0.082336
0.082598
0.082350
0.082105
0.082491
0.082243
0.081873
0.082385
0.082137
0.081767
0.082280
0.082032
0.081538
0.081907
0.081785
0.081434
0.081802
0.081555
0.081310
0.081680
0.081317
0.081070
0.081423
0.081175
0.080804
0.081176
0.080931
0.080683
0.081161
0.080912
0.080547
0.081043
0.080777
0.080158
0.080760
0.080760
0.080016
0.080619
0.080495
0.079859
0.079611
0.080478
0.079983
0.079720
0.080461
0.079966
0.079844
0.080461
0.080077
0.079831
0.080449
0.080077
0.079962
0.080440
0.080069
0.079946
0.080813
0.080211
0.079949
0.080815
0.080319
0.079949
0.080815
0.080304
0.079940
0.080806
0.080310
0.079948
0.080675
0.080304
0.080058
0.080675
0.080166
0.080044
0.080413
0.080289
0.079906
0.080399
0.080152
0.079789
0.080292
0.080031
0.079413
0.080279
0.079907
0.079288
0.080030
0.079646
0.079151
0.078903
0.079024
0.078530
0.078406
0.078787
0.078677
0.078440
0.079058
0.078934
0.078812
0.079058
0.078935
0.078936
0.079182
0.078950
0.078950
0.079194
0.078950
0.078839
0.079208
0.079152
0.078892
0.079289
0.079399
0.078918
0.079413
0.079181
0.079051
0.079211
0.079098
0.078846
0.079253
0.078901
0.078881
0.079165
0.079039
0.078793
0.079079
0.079077
0.078850
0.079014
0.079138
0.078768
0.079056
0.079057
0.078844
0.078736
0.078989
0.078989
0.078635
0.079258
0.079135
0.078850
0.079373
0.079356
0.078862
0.079485
0.079377
0.079132
0.079508
0.079500
0.079377
0.079778
0.079647
0.079524
0.079653
0.079769
0.079547
0.080039
0.079916
0.079793
0.080161
0.080161
0.079780
0.080296
0.080172
0.079927
0.080295
0.080295
0.080172
0.080779
0.080531
0.080433
0.080925
0.080678
0.080432
0.081047
0.080801
0.080543
0.081159
0.081035
0.080666
0.080662
0.081034
0.080813
0.080686
0.081420
0.081173
0.081047
0.081528
0.081281
0.081158
0.081642
0.081271
0.081296
0.081789
0.081418
0.081418
0.082034
0.081566
0.081566
0.082182
0.081683
0.081559
0.082324
0.081946
0.081823
0.082323
0.082218
0.081847
0.082471
0.082367
0.082241
0.082742
0.082722
0.082377
0.083001
0.082631
0.082645
0.083022
0.082776
0.082788
0.083165
0.083042
0.082937
0.083314
0.083191
0.082848
0.082841
0.083218
0.083122
0.083114
0.083614
0.083395
0.083271
0.083877
0.083644
0.083518
0.084176
0.083928
0.083928
0.084347
0.084198
0.084104
0.084741
0.084472
0.084348
0.084985
0.084870
0.084622
0.085260
0.085000
0.084856
0.085399
0.085153
0.085218
0.085462
0.085368
0.085368
0.085615
0.085491
0.085398
0.085768
0.085676
0.085553
0.085923
0.085831
0.085587
0.085957
0.085989
0.085746
0.086024
0.085900
0.085656
0.085936
0.085809
0.085689
0.085354
0.085726
0.085726
0.085114
0.085892
0.085275
0.085031
0.085776
0.085531
0.085039
0.085779
0.085412
0.085292
0.085660
0.085415
0.085137
0.086125
0.085385
0.085265
0.086003
0.085352
0.085352
0.085849
0.085725
0.085480
0.086067
0.085952
0.085580
0.086191
0.086021
0.085773
0.086145
0.086021
0.085997
0.086614
0.086245
0.086116
0.086733
0.086204
0.086337
0.087079
0.086585
0.086466
0.087288
0.086667
0.086543
0.086428
0.087293
0.086921
0.086771
0.087512
0.087140
0.086883
0.087632
0.087261
0.087147
0.087888
0.087640
0.087268
0.087876
0.087759
0.087520
0.088385
0.088261
0.088013
0.088385
0.088394
0.087859
0.088484
0.088484
0.088239
0.088856
0.088617
0.088124
0.088989
0.088578
0.088217
0.088968
0.088844
0.088474
0.089216
0.088969
0.088474
0.089208
0.088858
0.088579
0.089200
0.088951
0.088706
0.089336
0.088841
0.088834
0.088349
0.088966
0.088844
0.088351
0.089093
0.088725
0.088343
0.088965
0.088728
0.088358
0.088855
0.088620
0.088499
0.088996
0.088502
0.088409
0.089029
0.088412
0.088168
0.089033
0.088571
0.088327
0.088822
0.088486
0.088238
0.088766
0.088522
0.088187
0.088559
0.088731
0.088522
0.088769
0.088683
0.088348
0.088754
0.088634
0.088305
0.088955
0.089049
0.088597
0.089196
0.089006
0.088796
0.089154
0.089003
0.088918
0.088717
0.089247
0.089170
0.089054
0.089364
0.089281
0.089137
0.089448
0.089491
0.089390
0.090031
0.089704
0.089727
0.090287
0.089915
0.089939
0.090493
0.090370
0.090278
0.090840
0.090696
0.090472
0.090981
0.090788
0.090938
0.091323
0.091254
0.091225
0.091396
0.091444
0.091423
0.091932
0.091768
0.091863
0.092194
0.091946
0.091913
0.092375
0.092128
0.092301
0.092687
0.092439
0.092673
0.093014
0.092749
0.092625
0.093114
0.092866
0.092866
0.092976
0.093362
0.093111
0.093135
0.093390
0.093195
0.093219
0.093853
0.093411
0.093428
0.093894
0.093575
0.093508
0.094291
0.093976
0.093597
0.094380
0.094132
0.093884
0.094496
0.094372
0.094188
0.094675
0.094676
0.094479
0.094835
0.094712
0.094597
0.095132
0.094645
0.094894
0.095316
0.095192
0.094830
0.095359
0.095114
0.094758
0.095543
0.095181
0.095192
0.095564
0.095129
0.095009
0.095745
0.095128
0.095021
0.094962
0.095460
0.095098
0.094974
0.095595
0.094984
0.094741
0.095363
0.095125
0.094752
0.095380
0.095090
0.094853
0.095225
0.095113
0.094936
0.095184
0.094941
0.094657
0.095273
0.094734
0.094486
0.095231
0.094942
0.094403
0.095138
0.095008
0.094527
0.095240
0.094951
0.094661
0.095024
0.094984
0.094695
0.094883
0.094762
0.094598
0.094793
0.094678
0.094629
0.094944
0.094655
0.094655
0.095384
0.095020
0.094732
0.094430
0.094879
0.094761
0.094637
0.095288
0.095006
0.094835
0.095444
0.095371
0.095085
0.095813
0.095689
0.095325
0.096039
0.095684
0.095729
0.096176
0.096061
0.095937
0.096542
0.096147
0.095977
0.096576
0.096174
0.095926
0.096734
0.096339
0.096215
0.096900
0.096544
0.096251
0.096989
0.096620
0.096328
0.096826
0.096835
0.096840
0.097155
0.097039
0.096921
0.097287
0.097121
0.096844
0.097210
0.097169
0.097061
0.096686
0.097275
0.097033
0.096743
0.097240
0.096992
0.096827
0.097449
0.096911
0.096793
0.097125
0.096606
0.096341
0.096719
0.096477
0.096071
0.096574
0.096297
0.095564
0.096309
0.095948
0.095463
0.095961
0.095475
0.095234
0.095731
0.095246
0.095000
0.095392
0.095073
0.094832
0.095445
0.095074
0.094999
0.095738
0.095607
0.095418
0.095752
0.095795
0.095481
0.095969
0.095846
0.095526
0.096211
0.096139
0.095768
0.096497
0.096351
0.096045
0.095666
0.096280
0.096033
0.095910
0.096398
0.096201
0.095956
0.096362
0.096362
0.095977
0.096603
0.096603
0.096334
0.096849
0.096724
0.096496
0.097005
0.096881
0.096861
0.097176
0.097052
0.097031
0.097463
0.097209
0.097188
0.097698
0.097496
0.097381
0.097745
0.097621
0.097668
0.097916
0.097798
0.097840
0.098336
0.097965
0.097965
0.098509
0.098138
0.098007
0.098623
0.098427
0.098179
0.098796
0.098719
0.098344
0.098275
0.098778
0.098531
0.098466
0.099025
0.098590
0.098640
0.098960
0.098713
0.098475
0.099021
0.098763
0.098650
0.099021
0.098825
0.098717
0.099089
0.098965
0.098603
0.099260
0.098775
0.098656
0.099402
0.099039
0.098555
0.099301
0.099052
0.098638
0.099136
0.099022
0.098536
0.099386
0.099025
0.098486
0.099114
0.098877
0.098628
0.099072
0.098953
0.098598
0.098918
0.098918
0.098504
0.099002
0.098631
0.098455
0.098093
0.098538
0.098414
0.098125
0.098623
0.098322
0.098163
0.098407
0.098231
0.097993
0.098431
0.098322
0.098033
0.098521
0.098233
0.097810
0.098432
0.098260
0.097895
0.098460
0.098221
0.097923
0.098497
0.098250
0.097838
0.098575
0.098040
0.098034
0.098607
0.098243
0.098072
0.098524
0.098270
0.098100
0.098473
0.098305
0.098064
0.098677
0.098385
0.098144
0.098590
0.098344
0.098176
0.098672
0.098387
0.098134
0.097725
0.098464
0.098181
0.097808
0.098388
0.098140
0.097850
0.098466
0.098178
0.097819
0.098559
0.098028
0.097785
0.098361
0.098118
0.097972
0.098346
0.098182
0.097939
0.098274
0.098149
0.097783
0.098356
0.098113
0.097584
0.098324
0.098080
0.097676
0.098168
0.098011
0.097520
0.098141
0.097980
0.097623
0.098119
0.097716
0.097592
0.098099
0.097695
0.097452
0.098068
0.097541
0.097421
0.097917
0.097670
0.097266
0.097635
0.097391
0.097267
0.096900
0.097486
0.097237
0.096869
0.097491
0.097122
0.096963
0.097461
0.097104
0.096736
0.097352
0.096985
0.096741
0.097249
0.097006
0.096759
0.097219
0.096976
0.096608
0.097228
0.096860
0.096617
0.097362
0.097150
0.096783
0.097403
0.096912
0.096789
0.097285
0.096918
0.096675
0.097414
0.096923
0.096680
0.097296
0.096970
0.096851
0.097219
0.096976
0.096857
0.097225
0.096982
0.096863
0.097230
0.097154
0.096912
0.096592
0.097160
0.096794
0.096722
0.097171
0.097087
0.096773
0.097217
0.096970
0.096785
0.097229
0.097022
0.096832
0.097282
0.097034
0.096968
0.097407
0.097047
0.097022
0.097337
0.097219
0.097024
0.097447
0.097201
0.097129
0.097496
0.097265
0.097198
0.097507
0.097266
0.097147
0.097519
0.097146
0.096911
0.097283
0.097166
0.096788
0.097285
0.097174
0.096927
0.097298
0.097108
0.096860
0.097364
0.097079
0.096831
0.096474
0.096970
0.096854
0.096490
0.096986
0.096746
0.096382
0.096763
0.096763
0.096284
0.096780
0.096656
0.096426
0.096552
0.096562
0.096322
0.096687
0.096456
0.096217
0.096581
0.096351
0.096066
0.096556
0.096067
0.095943
0.096452
0.095963
0.095839
0.096426
0.095930
0.095565
0.096315
0.096075
0.095462
0.096167
0.095792
0.095420
0.096040
0.095806
0.095148
0.095769
0.095535
0.095046
0.095739
0.095374
0.095016
0.094775
0.095097
0.094980
0.094490
0.095119
0.094711
0.094338
0.094835
0.094726
0.094193
0.094683
0.094566
0.094193
0.094539
0.094416
0.094049
0.094497
0.094132
0.094024
0.094149
0.094107
0.093864
0.094107
0.094006
0.093716
0.093965
0.093841
0.093559
0.093818
0.093700
0.093577
0.093784
0.093660
0.093313
0.093763
0.093273
0.093273
0.093663
0.093253
0.093011
0.093748
0.092973
0.092991
0.093363
0.092991
0.092711
0.092358
0.092730
0.092694
0.092202
0.092713
0.092347
0.092186
0.092454
0.092320
0.091952
0.092408
0.092062
0.091937
0.092186
0.092048
0.091680
0.092172
0.091827
0.091544
0.091916
0.091815
0.091323
0.091928
0.091684
0.091312
0.091828
0.091551
0.091203
0.091698
0.091328
0.090984
0.091691
0.091101
0.090976
0.091497
0.091138
0.090762
0.091255
0.091037
0.090666
0.091065
0.090910
0.090569
0.091078
0.090712
0.090379
0.090967
0.090626
0.090256
0.090040
0.090565
0.090193
0.089856
0.090689
0.089856
0.089887
0.090384
0.090042
0.089674
0.090293
0.089832
0.089587
0.090237
0.089777
0.089532
0.090183
0.089723
0.089471
0.090217
0.089635
0.089390
0.090167
0.089585
0.089342
0.090118
0.089502
0.089293
0.090072
0.089426
0.089344
0.089960
0.089587
0.089380
0.089998
0.089504
0.089418
0.090034
0.089542
0.089347
0.090078
0.089583
0.089380
0.089995
0.089718
0.089389
0.089146
0.089758
0.089310
0.089186
0.089676
0.089351
0.089105
0.089716
0.089270
0.089282
0.089570
0.089323
0.089083
0.089618
0.089121
0.089003
0.089492
0.089169
0.088806
0.089417
0.089094
0.088732
0.089225
0.088980
0.088615
0.089030
0.088789
0.088303
0.088796
0.088550
0.088157
0.088528
0.088288
0.087802
0.088419
0.088054
0.087566
0.088183
0.087697
0.087786
0.087666
0.088282
0.088150
0.087711
0.087372
0.087118
0.086871
0.086650
0.086354
0.086139
0.086205
0.085986
0.085704
0.085682
0.085509
0.085326
0.085185
0.084902
0.084662
0.084538
0.084394
0.084295
0.084054
0.084010
0.083988
0.083867
0.083626
0.083502
0.083502
0.083335
0.083214
0.083097
0.083097
0.082973
0.082852
0.082852
0.082852
0.082808
0.082439
0.082293
0.082169
0.082045
0.082044
0.081923
0.081923
0.081923
0.081880
0.081884
0.081884
0.081643
0.081396
0.081396
0.081275
0.081219
0.081095
0.081095
0.080857
0.080857
0.080734
0.080691
0.080691
0.080176
0.080176
0.080176
0.080133
0.080016
0.079895
0.079771
0.079654
0.079611
0.079490
0.079373
0.079249
0.079008
0.078842
0.078603
0.078450
0.078333
0.078333
0.078215
0.077977
0.077934
0.077817
0.077817
0.077699
0.077214
0.077096
0.076973
0.076856
0.076753
0.076515
0.076515
0.076274
0.076274
0.076158
0.075958
0.075841
0.075718
0.075718
0.075601
0.075478
0.075374
0.075258
0.075258
0.075258
0.075018
0.074944
0.074944
0.074828
0.074705
0.074705
0.074705
0.074507
0.074240
0.074240
0.074117
0.074117
0.074001
0.073928
0.073928
0.073928
0.073928
0.073805
0.073568
0.073589
0.073589
0.073466
0.073343
0.073343
0.073106
0.073106
0.073156
0.073156
0.073156
0.073132
0.072763
0.072648
0.072698
0.072575
0.072575
0.072575
0.072330
0.072330
0.072267
0.072267
0.072241
0.072241
0.072119
0.072005
0.071882
0.071810
0.071810
0.071810
0.071575
0.071575
0.071575
0.071478
0.071478
0.071365
0.071241
0.071119
0.071006
0.071059
0.070936
0.070813
0.070704
0.070582
0.070557
0.070445
0.070445
0.070386
0.070263
0.070141
0.070028
0.070028
0.070028
0.069793
0.069793
0.069681
0.069412
0.069300
0.069300
0.069188
0.069244
0.069133
0.068887
0.068652
0.068652
0.068541
0.068541
0.068307
0.068284
0.068051
0.067940
0.067940
0.067829
0.067649
0.067538
0.067415
0.067319
0.067319
0.067208
0.066975
0.066953
0.066785
0.066539
0.066429
0.066429
0.066318
0.066150
0.066150
0.066039
0.065917
0.065625
0.065508
0.065397
0.065377
0.065208
0.065208
0.064852
0.064671
0.064561
0.064561
0.064392
0.064397
0.064286
0.064105
0.063995
0.063995
0.063975
0.063807
0.063684
0.063573
0.063392
0.063392
0.063224
0.062979
0.062979
0.062825
0.062825
0.062714
0.062534
0.062534
0.062423
0.062348
0.062224
0.062224
0.062056
0.061933
0.061933
0.061643
0.061643
0.061521
0.061465
0.061230
0.061230
0.061052
0.061052
0.060950
0.060950
0.060752
0.060752
0.060640
0.060585
0.060462
0.060462
0.060295
0.060295
0.060173
0.059996
0.059884
0.059884
0.059761
0.059584
0.059472
0.059472
0.059418
0.059402
0.059289
0.059112
0.058989
0.058989
0.058989
0.058823
0.058823
0.058701
0.058649
0.058536
0.058413
0.058361
0.058238
0.058125
0.058002
0.057951
0.057951
0.057935
0.057771
0.057647
0.057647
0.057647
0.057495
0.057495
0.057495
0.057324
0.057210
0.057210
0.057086
0.057037
0.056922
0.056922
0.056873
0.056873
0.056636
0.056513
0.056465
0.056341
0.056212
0.056089
0.056040
0.056040
0.055925
0.055804
0.055756
0.055756
0.055517
0.055470
0.055470
0.055470
0.055354
0.055307
0.055307
0.055307
0.055191
0.055191
0.055021
0.054899
0.054661
0.054661
0.054615
0.054486
0.054365
0.054372
0.054326
0.054210
0.054086
0.054103
0.054103
0.053941
0.053941
0.053941
0.053825
0.053825
0.053780
0.053780
0.053664
0.053540
0.053540
0.053496
0.053379
0.053133
0.053013
0.052774
0.052774
0.052730
0.052718
0.052601
0.052478
0.052478
0.052361
0.052317
0.052317
0.052317
0.052200
0.052200
0.052200
0.052200
0.052040
0.051916
0.051916
0.051800
0.051800
0.051679
0.051679
0.051563
0.051563
0.051519
0.051397
0.051280
0.051158
0.051034
0.051034
0.050652
0.050447
0.050128
0.050078
0.050555
0.050714
0.050869
0.051066
0.050922
0.050695
0.051114
0.050572
0.050536
0.050536
0.050922
0.050464
0.050607
0.051072
0.050851
0.050467
0.051072
0.050806
0.050814
0.051032
0.050933
0.050814
0.051277
0.050909
0.050793
0.051277
0.051031
0.050910
0.051153
0.051153
0.051039
0.051273
0.051153
0.051119
0.051477
0.051114
0.051119
0.051605
0.051359
0.051001
0.051605
0.051364
0.051245
0.051605
0.051492
0.051269
0.051758
0.051473
0.051355
0.051358
0.051479
0.051355
0.051381
0.051739
0.051379
0.051381
0.051861
0.051501
0.051504
0.051867
0.051621
0.051387
0.051991
0.051584
0.051587
0.051832
0.051708
0.051709
0.051954
0.051832
0.051715
0.052074
0.051836
0.051715
0.052199
0.051834
0.051713
0.052199
0.052199
0.051676
0.052159
0.052041
0.051923
0.052163
0.052041
0.052048
0.052287
0.052163
0.052048
0.052409
0.052045
0.052048
0.052411
0.052128
0.052012
0.052495
0.052251
0.052135
0.052012
0.052253
0.052258
0.052018
0.052253
0.052260
0.052018
0.052583
0.052220
0.052100
0.052465
0.052466
0.052102
0.052465
0.052348
0.052102
0.052587
0.052347
0.052308
0.052430
0.052430
0.052190
0.052796
0.052311
0.052190
0.052796
0.052435
0.052436
0.052758
0.052634
0.052398
0.052758
0.052516
0.052398
0.053004
0.052516
0.052641
0.053004
0.052622
0.052627
0.052957
0.052586
0.052589
0.052954
0.052710
0.052711
0.052470
0.052833
0.052593
0.052347
0.052917
0.052679
0.052432
0.052917
0.052782
0.052411
0.052900
0.052903
0.052518
0.052848
0.052850
0.052606
0.052848
0.052973
0.052606
0.052971
0.052848
0.052607
0.052971
0.052813
0.052695
0.053060
0.052936
0.052695
0.053181
0.052936
0.052695
0.053304
0.052816
0.052784
0.053270
0.053029
0.052784
0.053393
0.053150
0.052784
0.053393
0.053031
0.052878
0.053365
0.053121
0.053123
0.052635
0.053121
0.053123
0.052758
0.053244
0.053246
0.052758
0.053213
0.053089
0.052847
0.053336
0.052969
0.053094
0.053336
0.053091
0.053094
0.053457
0.053060
0.053062
0.053549
0.053060
0.053185
0.053549
0.053060
0.053185
0.053552
0.053305
0.053185
0.053675
0.053275
0.053156
0.053645
0.053275
0.053279
0.053645
0.053398
0.053275
0.053645
0.053522
0.053154
0.053645
0.053645
0.053248
0.053740
0.053617
0.053248
0.053250
0.053617
0.053248
0.053373
0.053740
0.053372
0.053373
0.053740
0.053372
0.053373
0.053863
0.053467
0.053345
0.053835
0.053467
0.053345
0.053831
0.053586
0.053588
0.053831
0.053707
0.053463
0.053831
0.053707
0.053464
0.053831
0.053707
0.053464
0.053954
0.053707
0.053559
0.054175
0.053681
0.053559
0.054175
0.053804
0.053559
0.054175
0.054051
0.053559
0.054288
0.054042
0.053674
0.054288
0.054153
0.054029
0.054398
0.054153
0.054029
0.053908
0.054274
0.054026
0.054028
0.054396
0.054001
0.054126
0.054370
0.054370
0.053879
0.054370
0.054370
0.054124
0.054739
0.054370
0.054124
0.054739
0.054492
0.054248
0.054862
0.054739
0.054370
0.054862
0.054862
0.054370
0.054984
0.054862
0.054493
0.054984
0.054984
0.054734
0.055102
0.054856
0.054844
0.055199
0.054829
0.054829
0.055420
0.054928
0.054804
0.055558
0.055065
0.054819
0.055558
0.055065
0.055065
0.054944
0.055312
0.055065
0.055190
0.055437
0.055066
0.055066
0.055559
0.055066
0.054944
0.055683
0.055312
0.054944
0.055683
0.055683
0.055067
0.055683
0.055683
0.055067
0.055806
0.055683
0.055314
0.055806
0.055806
0.055437
0.055806
0.055806
0.055684
0.055930
0.055782
0.055650
0.056142
0.055899
0.055653
0.056145
0.055900
0.055653
0.056269
0.055900
0.055900
0.056269
0.056023
0.055900
0.056393
0.056023
0.055900
0.056025
0.056134
0.055887
0.056012
0.056257
0.056011
0.056012
0.056381
0.056133
0.056012
0.056505
0.056133
0.056135
0.056505
0.056381
0.056133
0.056628
0.056359
0.056235
0.056606
0.056482
0.056112
0.056606
0.056482
0.056112
0.056857
0.056610
0.056363
0.056857
0.056610
0.056354
0.056971
0.056724
0.056354
0.056971
0.056848
0.056354
0.056971
0.056971
0.056601
0.057094
0.056971
0.056725
0.057094
0.056971
0.056725
0.056726
0.056971
0.056827
0.056705
0.057073
0.056827
0.056705
0.057320
0.056943
0.056697
0.057191
0.056943
0.056821
0.057191
0.057067
0.057068
0.057191
0.057191
0.057068
0.057314
0.057191
0.057068
0.057314
0.057191
0.057067
0.057320
0.057320
0.057073
0.057443
0.057320
0.057300
0.057666
0.057294
0.057294
0.057789
0.057294
0.057294
0.057789
0.057542
0.057294
0.057789
0.057665
0.057294
0.057913
0.057665
0.057542
0.057913
0.057799
0.057551
0.057306
0.057799
0.057675
0.057554
0.057799
0.057552
0.057554
0.057919
0.057549
0.057531
0.058148
0.057530
0.057531
0.058148
0.057653
0.057662
0.058155
0.057908
0.057537
0.058155
0.058032
0.057660
0.058155
0.058032
0.057660
0.058279
0.058032
0.057784
0.058402
0.058032
0.057908
0.058402
0.058156
0.057908
0.058525
0.058155
0.058031
0.058525
0.058155
0.058137
0.058507
0.058261
0.058137
0.058631
0.058384
0.058137
0.058138
0.058384
0.058137
0.058138
0.058508
0.058261
0.058149
0.058519
0.058272
0.058149
0.058642
0.058519
0.058397
0.058642
0.058519
0.058272
0.058642
0.058519
0.058396
0.058642
0.058519
0.058396
0.058766
0.058642
0.058396
0.058890
0.058652
0.058512
0.058883
0.058759
0.058388
0.059007
0.058883
0.058388
0.059007
0.058883
0.058388
0.059013
0.058889
0.058765
0.059136
0.058889
0.058765
0.059136
0.058889
0.058765
0.058643
0.058889
0.058765
0.058767
0.058889
0.058765
0.058890
0.059137
0.058765
0.058765
0.059384
0.058765
0.058765
0.059384
0.058889
0.058765
0.059384
0.058889
0.058765
0.059507
0.059013
0.058889
0.059507
0.059013
0.058889
0.059507
0.059121
0.058874
0.059616
0.059245
0.058998
0.059616
0.059245
0.058998
0.059616
0.059492
0.058998
0.059616
0.059492
0.058998
0.059616
0.059492
0.059122
0.059740
0.059492
0.059245
0.059123
0.059492
0.059245
0.059247
0.059492
0.059492
0.059122
0.059616
0.059495
0.059124
0.059619
0.059495
0.059131
0.059750
0.059502
0.059255
0.059750
0.059626
0.059255
0.059750
0.059750
0.059378
0.059750
0.059750
0.059378
0.059750
0.059750
0.059626
0.059750
0.059750
0.059750
0.059873
0.059750
0.059750
0.059873
0.059750
0.059750
0.059997
0.059750
0.059750
0.060245
0.059750
0.059750
0.060245
0.059750
0.059750
0.060245
0.059874
0.059750
0.059628
0.060107
0.059736
0.059737
0.060107
0.059860
0.059612
0.060231
0.059860
0.059612
0.060231
0.059860
0.059612
0.060231
0.059984
0.059736
0.060231
0.059984
0.059736
0.060231
0.060107
0.059736
0.060231
0.060107
0.059736
0.060479
0.060231
0.059860
0.060479
0.060231
0.059869
0.060487
0.060363
0.059869
0.060487
0.060363
0.059869
0.060487
0.060363
0.059992
0.060611
0.060363
0.060116
0.060611
0.060363
0.060116
0.059994
0.060363
0.060244
0.059998
0.060492
0.060244
0.059997
0.060616
0.060244
0.059997
0.060616
0.060244
0.060120
0.060616
0.060244
0.060120
0.060739
0.060244
0.060120
0.060739
0.060368
0.060244
0.060739
0.060368
0.060244
0.060739
0.060492
0.060244
0.060739
0.060492
0.060244
0.060739
0.060616
0.060368
0.060863
0.060616
0.060492
0.060863
0.060616
0.060492
0.060863
0.060616
0.060492
0.060987
0.060616
0.060492
0.060369
0.060616
0.060492
0.060617
0.060616
0.060492
0.060617
0.060739
0.060492
0.060492
0.060739
0.060628
0.060504
0.060875
0.060628
0.060510
0.061005
0.060634
0.060510
0.061138
0.060643
0.060520
0.061138
0.060767
0.060520
0.061262
0.060767
0.060520
0.061262
0.060891
0.060520
0.061262
0.061015
0.060520
0.061262
0.061015
0.060643
0.061262
0.061015
0.060643
0.061262
0.061138
0.060767
0.061262
0.061138
0.060891
0.060768
0.061138
0.060891
0.060768
0.061138
0.060891
0.060768
0.061138
0.061015
0.060643
0.061138
0.061015
0.060643
0.061262
0.061015
0.060767
0.061262
0.061138
0.060767
0.061262
0.061138
0.060767
0.061262
0.061138
0.060891
0.061262
0.061262
0.060891
0.061262
0.061262
0.061015
0.061386
0.061138
0.061022
0.061270
0.061146
0.061146
0.061280
0.061156
0.061033
0.061156
0.061156
0.060909
0.061156
0.061156
0.060785
0.061156
0.061033
0.060785
0.060416
0.061033
0.060785
0.060414
0.060785
0.060662
0.060414
0.060662
0.060662
0.060414
0.060662
0.060662
0.060291
0.060662
0.060662
0.060291
0.060785
0.060414
0.060291
0.060785
0.060291
0.060291
0.060662
0.060291
0.060291
0.060538
0.060291
0.060167
0.060415
0.060415
0.060167
0.060415
0.060415
0.059920
0.060538
0.060291
0.059920
0.060662
0.060044
0.059920
0.060662
0.060044
0.059920
0.060538
0.060044
0.059920
0.059798
0.060044
0.059920
0.059673
0.060044
0.059920
0.059426
0.059920
0.059673
0.059426
0.059920
0.059673
0.059426
0.060043
0.059549
0.059302
0.060043
0.059549
0.059289
0.059907
0.059537
0.059289
0.059784
0.059413
0.059289
0.059770
0.059523
0.059029
0.059770
0.059523
0.059029
0.059647
0.059399
0.059152
0.059647
0.059276
0.059152
0.059647
0.059276
0.059152
0.059523
0.059262
0.059138
0.059386
0.059262
0.059015
0.058893
0.059386
0.058891
0.058768
0.059262
0.058891
0.058768
0.059138
0.058891
0.058768
0.059015
0.058891
0.058644
0.059139
0.058891
0.058644
0.059128
0.058881
0.058510
0.059128
0.058633
0.058510
0.059128
0.058633
0.058510
0.059128
0.058748
0.058500
0.059119
0.058748
0.058500
0.058871
0.058748
0.058500
0.058871
0.058736
0.058364
0.058859
0.058736
0.058130
0.058872
0.058748
0.058254
0.058872
0.058748
0.058246
0.058247
0.058617
0.058246
0.058122
0.058493
0.058246
0.057998
0.058493
0.058370
0.058122
0.058493
0.058370
0.057991
0.058485
0.058238
0.057867
0.058485
0.058351
0.057856
0.058474
0.058228
0.057856
0.058342
0.058219
0.057847
0.058466
0.058095
0.057847
0.058343
0.058095
0.057718
0.058337
0.058089
0.057842
0.058337
0.058089
0.057842
0.058206
0.058083
0.057826
0.058197
0.058074
0.057826
0.058197
0.057950
0.057826
0.057703
0.057950
0.057950
0.057578
0.058073
0.057950
0.057578
0.058073
0.057950
0.057703
0.058073
0.057950
0.057703
0.058069
0.058069
0.057693
0.058064
0.058056
0.057685
0.058180
0.057933
0.057685
0.058180
0.057933
0.057685
0.058180
0.057933
0.057808
0.058180
0.058057
0.057795
0.058291
0.057919
0.057795
0.058291
0.057919
0.057795
0.058291
0.057919
0.057796
0.058415
0.057915
0.057792
0.058287
0.057915
0.057786
0.058278
0.057906
0.057783
0.057659
0.057907
0.057783
0.057659
0.058030
0.057659
0.057659
0.058163
0.057668
0.057668
0.058163
0.057668
0.057544
0.058287
0.057668
0.057544
0.058163
0.057791
0.057544
0.058163
0.057915
0.057544
0.058163
0.057913
0.057542
0.058284
0.058160
0.057665
0.058408
0.058283
0.057911
0.058531
0.058407
0.057911
0.058520
0.058396
0.058147
0.058767
0.058643
0.058519
0.058767
0.058643
0.058519
0.059014
0.058767
0.058642
0.058518
0.058890
0.058766
0.058518
0.059014
0.058890
0.058642
0.059138
0.059014
0.058766
0.059395
0.059148
0.059147
0.059643
0.059271
0.059147
0.059767
0.059395
0.059281
0.059901
0.059405
0.059529
0.060025
0.059529
0.059529
0.060149
0.059900
0.059652
0.060272
0.060272
0.059776
0.060272
0.060274
0.059903
0.060398
0.060398
0.060026
0.060522
0.060522
0.060274
0.060646
0.060646
0.060398
0.060770
0.060776
0.060404
0.060158
0.060653
0.060528
0.060281
0.060901
0.060652
0.060529
0.060901
0.060777
0.060653
0.061149
0.061025
0.060777
0.061149
0.061149
0.060777
0.061149
0.061149
0.061025
0.061525
0.061278
0.061154
0.061411
0.061278
0.061278
0.061773
0.061526
0.061402
0.061898
0.061783
0.061278
0.062022
0.061898
0.061534
0.062154
0.062039
0.061668
0.062278
0.062031
0.061783
0.062402
0.062288
0.062040
0.062527
0.062279
0.062280
0.061909
0.062403
0.062288
0.061923
0.062542
0.062286
0.062038
0.062782
0.062411
0.062411
0.062790
0.062667
0.062544
0.062797
0.062797
0.062550
0.062930
0.062930
0.062683
0.063035
0.063035
0.062664
0.063283
0.063168
0.062797
0.063408
0.063408
0.063036
0.063532
0.063293
0.063168
0.063664
0.063418
0.063418
0.063914
0.063542
0.063426
0.064046
0.063674
0.063675
0.064171
0.063798
0.063682
0.064179
0.063931
0.063799
0.064543
0.064047
0.063924
0.063808
0.064162
0.064039
0.063915
0.064411
0.064163
0.063923
0.064295
0.064295
0.064040
0.064537
0.064412
0.064288
0.064668
0.064544
0.064413
0.065033
0.064537
0.064414
0.065040
0.064669
0.064545
0.065157
0.064786
0.064779
0.065523
0.064903
0.064789
0.065408
0.064913
0.064913
0.065526
0.065279
0.065031
0.065650
0.065410
0.065038
0.065775
0.065527
0.065280
0.065783
0.065783
0.065411
0.065901
0.065770
0.065647
0.065524
0.065902
0.065654
0.065530
0.066026
0.065772
0.065649
0.066268
0.065903
0.065656
0.066399
0.066027
0.065774
0.066517
0.066270
0.066023
0.066518
0.066272
0.066025
0.066645
0.066397
0.066143
0.066763
0.066515
0.066398
0.066894
0.066770
0.066646
0.067012
0.066888
0.066640
0.067143
0.067019
0.066771
0.067137
0.067137
0.066889
0.067393
0.067145
0.067021
0.067509
0.067385
0.067131
0.067627
0.067379
0.067255
0.067386
0.067509
0.067386
0.067262
0.067759
0.067505
0.067380
0.067877
0.067629
0.067511
0.067883
0.067635
0.067512
0.068132
0.068126
0.067631
0.068250
0.068250
0.067760
0.068256
0.068256
0.067885
0.068629
0.068381
0.068004
0.068748
0.068376
0.068258
0.068878
0.068507
0.068377
0.068997
0.068626
0.068507
0.069127
0.068756
0.068626
0.069246
0.068875
0.068757
0.069377
0.069129
0.068876
0.069372
0.069248
0.069006
0.068883
0.069378
0.069249
0.068877
0.069497
0.069379
0.069008
0.069628
0.069499
0.069128
0.069871
0.069506
0.069258
0.070002
0.069631
0.069382
0.070121
0.069873
0.069507
0.070251
0.070003
0.069632
0.070381
0.070257
0.069882
0.070631
0.070382
0.069887
0.070631
0.070507
0.070260
0.070880
0.070756
0.070385
0.071005
0.070756
0.070385
0.071254
0.071006
0.070882
0.071378
0.071130
0.071130
0.071385
0.071379
0.071255
0.071504
0.071504
0.071380
0.070885
0.071634
0.071510
0.071133
0.071753
0.071753
0.071258
0.071884
0.071884
0.071388
0.072003
0.072003
0.071631
0.072136
0.072142
0.071894
0.072267
0.072261
0.072013
0.072634
0.072262
0.072138
0.072773
0.072401
0.072396
0.073017
0.072521
0.072526
0.073022
0.072775
0.072645
0.073266
0.073019
0.072895
0.073266
0.073148
0.072900
0.073397
0.073273
0.073144
0.073764
0.073392
0.073268
0.073770
0.073522
0.073393
0.073394
0.073642
0.073518
0.073274
0.073771
0.073766
0.073394
0.073890
0.073890
0.073519
0.074144
0.074015
0.073767
0.074264
0.074140
0.073892
0.074394
0.074394
0.074017
0.074637
0.074513
0.074266
0.074762
0.074519
0.074390
0.074886
0.074763
0.074639
0.075011
0.074888
0.074771
0.075019
0.074895
0.074896
0.075268
0.075021
0.075021
0.075641
0.075021
0.075022
0.075642
0.075147
0.075147
0.075891
0.075396
0.075407
0.075408
0.075654
0.075407
0.075407
0.075904
0.075657
0.075657
0.076029
0.075781
0.075657
0.076277
0.076030
0.075906
0.076402
0.076155
0.075906
0.076402
0.076280
0.076280
0.076652
0.076405
0.076405
0.076776
0.076547
0.076542
0.076914
0.076667
0.076667
0.077163
0.077039
0.076797
0.077293
0.077169
0.076798
0.077413
0.077289
0.076918
0.077666
0.077542
0.077047
0.077791
0.077667
0.077297
0.078036
0.077917
0.077421
0.077422
0.077917
0.077669
0.077547
0.078166
0.077919
0.077671
0.078291
0.078044
0.077801
0.078420
0.078296
0.078049
0.078545
0.078421
0.078174
0.078670
0.078546
0.078423
0.078795
0.078671
0.078552
0.078924
0.078796
0.078672
0.079168
0.079045
0.078797
0.079417
0.079050
0.078927
0.079542
0.079304
0.079181
0.079801
0.079428
0.079186
0.079806
0.079678
0.079554
0.080174
0.079808
0.079559
0.080180
0.079928
0.079928
0.080300
0.080053
0.079933
0.079682
0.080177
0.080177
0.079806
0.080302
0.080177
0.079811
0.080302
0.080433
0.080186
0.080681
0.080433
0.080186
0.080681
0.080558
0.080311
0.081055
0.080683
0.080436
0.081055
0.080807
0.080684
0.081304
0.080932
0.080809
0.081429
0.081057
0.080813
0.081433
0.081062
0.081063
0.081431
0.081307
0.081183
0.081551
0.081549
0.081178
0.081801
0.081552
0.081185
0.081685
0.081441
0.081070
0.081815
0.081691
0.081315
0.081191
0.081563
0.081560
0.081433
0.081804
0.081560
0.081565
0.081813
0.081689
0.081442
0.082182
0.081935
0.081562
0.082187
0.081815
0.081687
0.082307
0.081936
0.081937
0.082553
0.082062
0.081937
0.082437
0.082066
0.082066
0.082558
0.082311
0.082311
0.082559
0.082191
0.082067
0.082688
0.082441
0.082317
0.082809
0.082561
0.082438
0.083190
0.082696
0.082572
0.083315
0.082821
0.082576
0.083195
0.082825
0.082701
0.082579
0.082826
0.082826
0.082694
0.083065
0.083065
0.082698
0.083197
0.082946
0.082822
0.083318
0.083071
0.082944
0.083564
0.083317
0.082948
0.083444
0.083321
0.083194
0.083690
0.083578
0.083206
0.083708
0.083342
0.083095
0.083833
0.083462
0.083215
0.083958
0.083707
0.083457
0.084200
0.083705
0.083582
0.084201
0.083713
0.083594
0.084209
0.083838
0.083840
0.084454
0.084084
0.083957
0.084448
0.084197
0.083950
0.083955
0.084332
0.083965
0.083842
0.084457
0.083963
0.084087
0.084703
0.084208
0.084205
0.084947
0.084329
0.084326
0.084945
0.084448
0.084448
0.084944
0.084571
0.084451
0.084954
0.084583
0.084583
0.085200
0.084826
0.084703
0.085316
0.084943
0.084696
0.085312
0.084941
0.084693
0.085435
0.085064
0.084816
0.085559
0.085065
0.084941
0.085684
0.085190
0.085066
0.085808
0.085191
0.085191
0.085808
0.085315
0.085191
0.085812
0.085440
0.085194
0.085071
0.085443
0.085196
0.085074
0.085444
0.085200
0.084828
0.085450
0.084958
0.084834
0.085333
0.084837
0.084593
0.085212
0.084717
0.084473
0.084967
0.084597
0.084353
0.084724
0.084352
0.084228
0.084600
0.084104
0.084109
0.084481
0.083985
0.083985
0.084481
0.084109
0.083861
0.084481
0.084234
0.084112
0.084731
0.084482
0.084112
0.084606
0.084477
0.083981
0.084601
0.084352
0.083981
0.084352
0.084224
0.083863
0.083616
0.084235
0.083863
0.083616
0.084230
0.083858
0.083486
0.084105
0.083729
0.083482
0.084101
0.083854
0.083359
0.084101
0.083730
0.083484
0.084101
0.083730
0.083484
0.084226
0.083730
0.083486
0.084229
0.083856
0.083486
0.084225
0.083729
0.083482
0.084225
0.083729
0.083482
0.084100
0.083853
0.083358
0.083976
0.083728
0.083233
0.083726
0.083353
0.082733
0.083229
0.083104
0.082608
0.082979
0.082854
0.082359
0.081991
0.082733
0.082374
0.082003
0.082498
0.082374
0.082127
0.082498
0.082251
0.082127
0.082625
0.082130
0.082007
0.082624
0.082259
0.081887
0.082380
0.082015
0.081891
0.082267
0.082142
0.081654
0.082148
0.082031
0.081552
0.082053
0.081812
0.081565
0.081944
0.081705
0.081342
0.081961
0.081599
0.081238
0.081866
0.081630
0.081135
0.081764
0.081529
0.081171
0.081678
0.081568
0.081197
0.081829
0.081471
0.081240
0.081133
0.081502
0.081271
0.081040
0.081674
0.081554
0.081061
0.081819
0.081448
0.081202
0.081943
0.081696
0.081325
0.082084
0.081961
0.081590
0.082084
0.082084
0.081837
0.082102
0.082102
0.081979
0.082349
0.082226
0.081998
0.082615
0.082368
0.082140
0.082881
0.082387
0.082140
0.082900
0.082529
0.082303
0.083043
0.082796
0.082323
0.083063
0.082940
0.082466
0.083084
0.082969
0.082845
0.082995
0.082995
0.082872
0.083017
0.083017
0.082916
0.082669
0.082939
0.082815
0.082569
0.082839
0.082592
0.082369
0.082617
0.082493
0.082271
0.082641
0.082272
0.082162
0.082533
0.082164
0.081794
0.082288
0.081795
0.081451
0.082069
0.081700
0.081329
0.081947
0.081700
0.081207
0.081823
0.081577
0.081207
0.081700
0.081454
0.081304
0.081674
0.081428
0.081305
0.081674
0.081428
0.081305
0.081674
0.081427
0.081305
0.081648
0.081402
0.081278
0.081648
0.081392
0.081269
0.081147
0.081515
0.081391
0.081144
0.081638
0.081268
0.081144
0.081760
0.081365
0.081242
0.081723
0.081477
0.081353
0.081723
0.081600
0.081353
0.081846
0.081723
0.081353
0.081969
0.081845
0.081475
0.082092
0.081968
0.081721
0.082214
0.081967
0.081720
0.082337
0.082214
0.081842
0.082336
0.082336
0.081965
0.082574
0.082451
0.082080
0.082697
0.082574
0.082079
0.082820
0.082554
0.082183
0.082924
0.082677
0.082430
0.082407
0.082776
0.082529
0.082530
0.082899
0.082652
0.082653
0.083022
0.082775
0.082529
0.083021
0.082898
0.082529
0.083021
0.083021
0.082652
0.083144
0.083020
0.082773
0.083244
0.083121
0.082874
0.083244
0.083108
0.082984
0.083231
0.083231
0.083107
0.083354
0.083107
0.083107
0.083344
0.083221
0.083097
0.083715
0.083221
0.083097
0.083715
0.083344
0.083097
0.083838
0.083468
0.083468
0.083962
0.083457
0.083457
0.083458
0.083704
0.083704
0.083582
0.084075
0.083828
0.083582
0.084097
0.083850
0.083728
0.084345
0.084098
0.083976
0.084492
0.084120
0.083875
0.084492
0.084111
0.084013
0.084753
0.084259
0.084261
0.084777
0.084407
0.084159
0.084678
0.084555
0.084555
0.084951
0.084827
0.084456
0.084976
0.084729
0.084482
0.085129
0.084875
0.084777
0.085148
0.085025
0.084799
0.085422
0.085201
0.085077
0.085599
0.085228
0.085106
0.085750
0.085255
0.085169
0.085294
0.085567
0.085446
0.085485
0.085852
0.085630
0.085508
0.085904
0.085781
0.085691
0.086182
0.086089
0.086090
0.086367
0.086244
0.086026
0.086398
0.086182
0.086306
0.086830
0.086711
0.086499
0.086991
0.086895
0.086647
0.087047
0.087052
0.086962
0.087454
0.087363
0.087119
0.087645
0.087392
0.087431
0.087679
0.087714
0.087714
0.088117
0.087993
0.087908
0.088276
0.088063
0.087940
0.088357
0.088358
0.088270
0.088065
0.088555
0.088344
0.088220
0.088750
0.088503
0.088417
0.089075
0.088827
0.088742
0.089114
0.088904
0.088781
0.089192
0.089068
0.088945
0.089599
0.089475
0.089357
0.089886
0.089515
0.089391
0.090045
0.089803
0.089432
0.090334
0.090098
0.089768
0.090505
0.090134
0.089804
0.090423
0.090423
0.089863
0.090729
0.090653
0.090159
0.090778
0.090449
0.090079
0.090822
0.090499
0.090011
0.090760
0.090636
0.090272
0.090075
0.090440
0.090076
0.089836
0.090331
0.090095
0.089732
0.090351
0.090111
0.089740
0.090230
0.089994
0.089507
0.090206
0.089965
0.089594
0.090213
0.089804
0.089435
0.090059
0.089823
0.089538
0.090027
0.089911
0.089743
0.089990
0.089626
0.089626
0.089954
0.089707
0.089714
0.090159
0.089795
0.089670
0.090111
0.089752
0.089752
0.090372
0.089833
0.089833
0.090702
0.090040
0.089798
0.090535
0.090040
0.089880
0.089756
0.090246
0.090129
0.089838
0.090087
0.090087
0.089845
0.090170
0.090294
0.090053
0.090418
0.090135
0.090011
0.090383
0.090136
0.089977
0.090597
0.090102
0.089984
0.090556
0.090067
0.089949
0.090445
0.090203
0.090085
0.090412
0.089922
0.089922
0.090536
0.090170
0.089929
0.090543
0.090177
0.089977
0.090348
0.090107
0.089995
0.090362
0.090038
0.089797
0.090294
0.090094
0.089730
0.090270
0.090027
0.089832
0.089343
0.090007
0.089766
0.089324
0.089932
0.089737
0.089297
0.089916
0.089724
0.089409
0.089903
0.089588
0.089274
0.090009
0.089761
0.089448
0.090182
0.090059
0.089697
0.090481
0.090108
0.089985
0.090595
0.090357
0.090284
0.090894
0.090770
0.090523
0.091019
0.090900
0.090697
0.091184
0.091184
0.090941
0.091359
0.091359
0.091116
0.091602
0.091648
0.091524
0.091648
0.091575
0.091452
0.092063
0.091865
0.091627
0.092238
0.091917
0.091803
0.091556
0.092093
0.091860
0.091789
0.092398
0.092156
0.091961
0.092460
0.092089
0.091905
0.092514
0.092277
0.092084
0.092579
0.092336
0.092277
0.092649
0.092402
0.092220
0.092715
0.092468
0.092228
0.092724
0.092296
0.092184
0.092556
0.092556
0.092197
0.092569
0.092461
0.092102
0.092597
0.092362
0.092252
0.092495
0.092136
0.092025
0.092464
0.092106
0.091871
0.092490
0.091831
0.091720
0.092465
0.092106
0.091427
0.091315
0.091989
0.091507
0.091272
0.091835
0.091476
0.091061
0.091685
0.091505
0.091018
0.091457
0.091222
0.091166
0.091414
0.091124
0.091000
0.091316
0.091274
0.091027
0.091595
0.091107
0.090805
0.091425
0.091000
0.090764
0.091318
0.091205
0.090906
0.091525
0.091348
0.090865
0.091424
0.091421
0.091006
0.091317
0.091189
0.091138
0.091501
0.091336
0.091212
0.091783
0.091287
0.091240
0.091857
0.091187
0.091177
0.090890
0.091500
0.091329
0.090966
0.091653
0.091290
0.091118
0.091733
0.091570
0.091195
0.091635
0.091395
0.091225
0.091838
0.091551
0.091428
0.091630
0.091630
0.091588
0.091713
0.091668
0.091428
0.091992
0.091628
0.091460
0.092197
0.091665
0.091544
0.092246
0.091742
0.091458
0.092320
0.091788
0.091540
0.092240
0.091867
0.091587
0.092085
0.091795
0.091429
0.092168
0.091884
0.091761
0.092217
0.091850
0.091603
0.091321
0.091935
0.091569
0.091408
0.091899
0.091533
0.091483
0.091612
0.091493
0.091188
0.091561
0.091442
0.091071
0.091528
0.091410
0.090914
0.091534
0.091292
0.090882
0.091502
0.091259
0.091016
0.091633
0.091142
0.091018
0.091515
0.091148
0.091028
0.091650
0.091034
0.090996
0.091493
0.091002
0.091002
0.091499
0.091008
0.090760
0.091505
0.091256
0.090767
0.091388
0.091263
0.090774
0.091428
0.091056
0.090819
0.091440
0.091067
0.090701
0.090701
0.091074
0.090832
0.090459
0.090956
0.090832
0.090466
0.090838
0.090844
0.090519
0.091009
0.090768
0.090650
0.091016
0.090775
0.090651
0.091148
0.090907
0.090658
0.090907
0.090949
0.090583
0.091073
0.091081
0.090839
0.091205
0.090963
0.090592
0.091212
0.091095
0.090848
0.091219
0.091095
0.090645
0.091395
0.091020
0.090655
0.091642
0.091152
0.090663
0.091520
0.091155
0.090790
0.091409
0.091169
0.090904
0.090540
0.091160
0.091036
0.090672
0.091049
0.091044
0.090671
0.091168
0.090920
0.090680
0.091052
0.090928
0.090688
0.091301
0.090937
0.090775
0.091140
0.090900
0.090659
0.091149
0.091032
0.090668
0.091281
0.091041
0.090676
0.091244
0.091004
0.090763
0.091253
0.090888
0.090648
0.091216
0.091100
0.090611
0.091348
0.090984
0.090620
0.091312
0.090824
0.090700
0.091320
0.090956
0.090778
0.091150
0.090909
0.090785
0.090377
0.090989
0.090749
0.090509
0.090953
0.090713
0.090590
0.090961
0.090801
0.090554
0.090926
0.090802
0.090394
0.091007
0.090890
0.090358
0.090972
0.090607
0.090483
0.091057
0.090690
0.090572
0.091186
0.090655
0.090655
0.091028
0.090621
0.090616
0.091113
0.090829
0.090587
0.091201
0.090960
0.090788
0.091160
0.090908
0.090626
0.091245
0.091004
0.090880
0.091337
0.091090
0.090719
0.091295
0.091181
0.090934
0.090816
0.091268
0.090901
0.091022
0.091108
0.090984
0.090994
0.091361
0.090957
0.091082
0.091325
0.091040
0.090798
0.091288
0.090921
0.090886
0.091257
0.091138
0.091020
0.091599
0.090984
0.090984
0.091605
0.091074
0.090954
0.091694
0.091205
0.090927
0.091544
0.091296
0.091052
0.091638
0.091267
0.091022
0.091639
0.091238
0.091238
0.091611
0.091487
0.091242
0.091703
0.091458
0.091210
0.091707
0.091583
0.091306
0.091800
0.091555
0.091311
0.091312
0.091559
0.091404
0.091284
0.091652
0.091402
0.091403
0.091655
0.091499
0.091380
0.091748
0.091503
0.091625
0.091872
0.091628
0.091384
0.091849
0.091601
0.091356
0.091974
0.091602
0.091478
0.091978
0.091854
0.091455
0.092196
0.091824
0.091576
0.092196
0.091828
0.091583
0.092204
0.091953
0.091584
0.092325
0.091957
0.091802
0.092299
0.092179
0.091806
0.092295
0.092295
0.091802
0.092420
0.092299
0.091928
0.091808
0.092430
0.092062
0.092063
0.092434
0.092189
0.091942
0.092408
0.092284
0.092039
0.092533
0.092288
0.092164
0.092537
0.092413
0.092168
0.092664
0.092417
0.092296
0.092913
0.092420
0.092420
0.092917
0.092669
0.092424
0.093042
0.092673
0.092673
0.093046
0.092794
0.092673
0.093170
0.092922
0.092677
0.093388
0.092895
0.092771
0.093392
0.093020
0.092775
0.093517
0.093148
0.092900
0.093521
0.093273
0.093028
0.092904
0.093401
0.093277
0.092908
0.093405
0.093281
0.092912
0.093530
0.093288
0.093164
0.093537
0.093382
0.093137
0.093631
0.093510
0.093386
0.093884
0.093760
0.093515
0.094009
0.093764
0.093640
0.094010
0.094010
0.093641
0.094135
0.093984
0.093736
0.094109
0.094109
0.093988
0.094357
0.094112
0.094112
0.094361
0.094237
0.094116
0.094610
0.094211
0.094090
0.094584
0.094215
0.094215
0.094713
0.094464
0.094219
0.094095
0.094592
0.094314
0.094074
0.094692
0.094446
0.094199
0.094703
0.094579
0.094209
0.094798
0.094552
0.094302
0.094923
0.094675
0.094551
0.095048
0.094923
0.094554
0.095144
0.094901
0.094654
0.095274
0.095026
0.094657
0.095399
0.095030
0.094758
0.095247
0.095245
0.094627
0.095370
0.095248
0.094879
0.095376
0.095349
0.094982
0.095476
0.095355
0.095234
0.095483
0.095483
0.095210
0.095586
0.095586
0.095464
0.095963
0.095593
0.095710
0.095206
0.095798
0.095676
0.095428
0.095926
0.095808
0.095441
0.096059
0.095789
0.095543
0.096162
0.095916
0.095671
0.096167
0.096171
0.095801
0.096272
0.096153
0.095780
0.096156
0.096156
0.095914
0.096409
0.096290
0.096021
0.096516
0.096149
0.096026
0.096419
0.096295
0.096054
0.096803
0.096184
0.096044
0.096788
0.096300
0.096053
0.096681
0.096309
0.095945
0.096688
0.096449
0.096056
0.096682
0.096435
0.095948
0.095950
0.096453
0.095957
0.095843
0.096338
0.095976
0.095709
0.096337
0.095965
0.095604
0.096347
0.095728
0.095738
0.096110
0.095873
0.095502
0.096121
0.095740
0.095493
0.095988
0.095504
0.095381
0.095876
0.095641
0.095268
0.095888
0.095516
0.095158
0.095776
0.095262
0.095014
0.095523
0.095399
0.095027
0.095523
0.095275
0.094917
0.095412
0.095041
0.094793
0.095288
0.095041
0.094930
0.095160
0.094912
0.094789
0.094418
0.094789
0.094665
0.094307
0.094679
0.094679
0.094307
0.094679
0.094431
0.094307
0.094554
0.094431
0.094206
0.094458
0.094458
0.094194
0.094565
0.094317
0.094194
0.094565
0.094194
0.094085
0.094456
0.094085
0.094085
0.094332
0.094084
0.093837
0.094332
0.093976
0.093728
0.094347
0.093852
0.093728
0.094110
0.093878
0.093630
0.094125
0.093762
0.093498
0.094133
0.093514
0.093391
0.093886
0.093391
0.093283
0.093161
0.093283
0.093177
0.093053
0.093177
0.092929
0.092823
0.093070
0.092841
0.092470
0.092717
0.092735
0.092365
0.092754
0.092384
0.092031
0.092526
0.092299
0.091804
0.092319
0.091948
0.091582
0.092077
0.091727
0.091480
0.091873
0.091523
0.091400
0.091669
0.091299
0.091198
0.091468
0.091222
0.090875
0.091392
0.091170
0.090676
0.091318
0.090974
0.090604
0.091000
0.090779
0.090559
0.091052
0.090585
0.090367
0.091136
0.090518
0.090300
0.090081
0.090481
0.090234
0.089770
0.090510
0.090263
0.089891
0.090632
0.090369
0.089906
0.090682
0.090076
0.090076
0.090599
0.090137
0.090497
0.091438
0.090937
0.090805
0.090395
0.090208
0.089951
0.089790
0.089563
0.089525
0.089595
0.089537
0.089435
0.089435
0.089290
0.088998
0.088976
0.088959
0.088835
0.088835
0.088835
0.088729
0.088504
0.088380
0.088293
0.088271
0.088148
0.088268
0.088144
0.087777
0.087811
0.087811
0.087691
0.087811
0.087687
0.087320
0.087231
0.087231
0.087110
0.086987
0.086987
0.086898
0.086654
0.086531
0.086446
0.086319
0.086315
0.086072
0.086061
0.085977
0.085610
0.085610
0.085367
0.085244
0.085124
0.085161
0.085041
0.084798
0.084551
0.084309
0.084309
0.084189
0.084070
0.083951
0.083951
0.083338
0.083219
0.083219
0.083100
0.082857
0.082738
0.082619
0.082334
0.082092
0.081973
0.081854
0.081854
0.081697
0.081455
0.081212
0.081088
0.080669
0.080550
0.080431
0.080393
0.080270
0.080151
0.079994
0.079994
0.079628
0.079628
0.079591
0.079348
0.079225
0.079101
0.078945
0.078945
0.078821
0.078579
0.078419
0.078419
0.078299
0.078299
0.078262
0.078143
0.078019
0.077773
0.077494
0.077494
0.077494
0.077370
0.077224
0.077224
0.076981
0.076981
0.076822
0.076579
0.076456
0.076336
0.076300
0.076174
0.076051
0.075931
0.075895
0.075652
0.075530
0.075410
0.075167
0.075008
0.074888
0.074645
0.074525
0.074525
0.074406
0.074040
0.073875
0.073632
0.073512
0.073393
0.073273
0.073154
0.073034
0.072915
0.072795
0.072184
0.072184
0.072102
0.071859
0.071740
0.071740
0.071621
0.071541
0.071418
0.071299
0.071299
0.070935
0.070856
0.070856
0.070614
0.070614
0.070412
0.070412
0.070294
0.070294
0.070217
0.070217
0.069853
0.069895
0.069895
0.069654
0.069531
0.069455
0.069455
0.069455
0.069214
0.069257
0.069257
0.068767
0.068767
0.068810
0.068693
0.068693
0.068693
0.068693
0.068621
0.068621
0.068489
0.068373
0.068417
0.068295
0.068173
0.067933
0.067978
0.067978
0.067862
0.067862
0.067616
0.067662
0.067546
0.067546
0.067546
0.067413
0.067215
0.067215
0.067215
0.066976
0.067024
0.066909
0.066408
0.066265
0.066115
0.065938
0.066566
0.066600
0.066920
0.067866
0.067426
0.067278
0.066994
0.066596
0.066439
0.066272
0.066325
0.066051
0.066060
0.066033
0.066077
0.065941
0.065806
0.065740
0.065587
0.065446
0.065333
0.065333
0.065237
0.065137
0.065036
0.064800
0.064679
0.064420
0.064307
0.064307
0.064194
0.064081
0.064081
0.063968
0.063968
0.063856
0.063619
0.063442
0.063329
0.063217
0.062956
0.062300
0.062153
0.062053
0.062742
0.062542
0.062529
0.063274
0.063393
0.063258
0.063008
0.062484
0.062119
0.061997
0.061796
0.061588
0.061003
0.060750
0.061631
0.061882
0.062028
0.062855
0.062659
0.062292
0.061722
0.061507
0.060564
0.060398
0.060467
0.060441
0.061331
0.061277
0.061173
0.061040
0.060915
0.060875
0.060723
0.060548
0.060147
0.059706
0.059329
0.059310
0.059431
0.060293
0.060686
0.060620
0.060230
0.059823
0.059489
0.059184
0.059097
0.059047
0.059003
0.059090
0.059070
0.058970
0.058970
0.058804
0.058587
0.058429
0.058150
0.057891
0.057619
0.058174
0.058120
0.058498
0.059571
0.059681
0.059386
0.058857
0.058428
0.058077
0.057989
0.057746
0.057215
0.057284
0.057049
0.057866
0.058335
0.058585
0.058513
0.059144
0.058811
0.057442
0.057263
0.057147
0.057182
0.057153
0.057072
0.057177
0.057220
0.057901
0.057861
0.056971
0.056741
0.056484
0.056362
0.056318
0.055973
0.056610
0.056328
0.056192
0.056182
0.056604
0.057055
0.057319
0.057246
0.057048
0.056598
0.056313
0.055914
0.055861
0.055854
0.055561
0.055214
0.055820
0.055837
0.055589
0.056662
0.056869
0.056839
0.056644
0.056359
0.055955
0.055771
0.055660
0.055314
0.054945
0.054759
0.054861
0.055472
0.055601
0.055928
0.056616
0.056439
0.056013
0.055828
0.055632
0.055436
0.055149
0.054722
0.054425
0.054359
0.054663
0.055645
0.055754
0.055578
0.055401
0.055093
0.054666
0.054486
0.054255
0.053785
0.053704
0.053733
0.054317
0.054163
0.054625
0.055498
0.055444
0.055230
0.054803
0.054371
0.054191
0.054002
0.053774
0.053535
0.053482
0.053388
0.053992
0.054375
0.054727
0.055594
0.055307
0.054980
0.054578
0.053425
0.053354
0.053266
0.052848
0.053368
0.053162
0.053303
0.053086
0.054183
0.054412
0.054478
0.054060
0.053774
0.053488
0.053206
0.053136
0.052788
0.052423
0.052352
0.053134
0.053102
0.053375
0.054341
0.054407
0.054231
0.053681
0.053372
0.053192
0.053122
0.052775
0.052670
0.052255
0.052184
0.053109
0.053390
0.053743
0.053809
0.054199
0.053910
0.052774
0.052594
0.051914
0.051615
0.052399
0.052354
0.052476
0.053397
0.053551
0.053640
0.053441
0.052992
0.052659
0.052478
0.052144
0.051728
0.051780
0.051592
0.052360
0.052674
0.053802
0.053890
0.053691
0.053361
0.053036
0.052700
0.052357
0.051740
0.051670
0.051639
0.051892
0.052928
0.053084
0.053172
0.052973
0.052643
0.052313
0.051874
0.051434
0.051259
0.051145
0.051893
0.051916
0.051894
0.052992
0.053139
0.053117
0.052752
0.052379
0.051984
0.051703
0.051421
0.051264
0.050973
0.050973
0.050973
0.050973
0.050973
0.050973
0.050973
0.050973
0.050973
0.050973
0.050973
0.050973
0.050973
0.050973
0.050973
0.050973
0.050973
0.050973
0.050973
0.050973
0.050973
0.050973
0.050973
0.050973
0.050973
0.050973
0.050973
0.050973
0.050973
0.050973
0.050973
0.050973
0.050973
0.050973
0.050973
0.050973
0.050973
0.050973
0.050973
0.050973
0.050973
0.050973
0.050973
0.050973
0.050973
0.050973
0.050973
0.050973
0.050973
0.050973
0.050973
0.050973
0.050973
0.050973
0.050973
0.050973
0.050973
0.050973
0.050973
0.050973
0.050973
0.050973
0.050973
0.050973
0.050973
0.050973
0.050973
0.050973
0.050973
0.050973
0.050973
0.050973
0.050973
0.050973
0.050973
0.050973
0.050973
0.050973
0.050973
0.050973
0.050973
0.050973
0.050973
0.050973
0.050973
0.050973
0.050973
0.050973
0.050973
0.050973
0.050973
0.050973
0.050973
0.050973
0.050973
0.050973
0.050973
0.050973
0.050973
0.050973
0.050973
0.050973
0.050973
0.050973
0.050973
0.050973
0.050973
0.050973
0.050973
0.050973
0.050973
0.050973
0.050973
0.050973
0.050973
0.050973
0.050973
0.050973
0.050973
0.050973
0.050973
0.050973
0.050973
0.050973
0.050973
0.050973
0.050973
0.050973
0.050973
0.050973
0.050973
0.050973
