2.075009
1.937875
1.817341
1.741024
1.704751
1.692595
1.690396
1.690203
1.689857
1.689406
1.688657
1.687746
1.687220
1.687016
1.686974
1.686799
1.686277
1.685428
1.684689
1.683760
1.683112
1.682647
1.682379
1.682125
1.682089
1.681714
1.681531
1.681171
1.680551
1.679875
1.678891
1.677863
1.676849
1.675663
1.674328
1.673337
1.672373
1.671337
1.670388
1.669345
1.668495
1.667565
1.666639
1.665671
1.664645
1.663511
1.662375
1.661205
1.660012
1.658679
1.657174
1.655657
1.654177
1.653295
1.651796
1.650742
1.649523
1.648227
1.646786
1.645414
1.643959
1.642721
1.641317
1.639863
1.638380
1.636826
1.635249
1.633599
1.632019
1.630143
1.628705
1.626841
1.625114
1.623266
1.621781
1.619890
1.618249
1.616405
1.614484
1.613417
1.611483
1.609647
1.607866
1.605945
1.603955
1.601915
1.600273
1.598148
1.596185
1.594368
1.592509
1.590173
1.588115
1.586376
1.584274
1.582218
1.580301
1.578528
1.576329
1.574474
1.572659
1.570563
1.568932
1.567171
1.565434
1.563516
1.561822
1.560226
1.558181
1.555985
1.553894
1.551939
1.550106
1.548382
1.546613
1.544814
1.543005
1.541254
1.539585
1.537899
1.536105
1.534063
1.532489
1.531316
1.529989
1.528823
1.527477
1.526238
1.525406
1.524334
1.523239
1.522143
1.520951
1.519754
1.518560
1.517524
1.515945
1.514550
1.513546
1.512511
1.511267
1.510267
1.509107
1.508215
1.507013
1.506104
1.505269
1.504157
1.502992
1.502083
1.501346
1.500176
1.499385
1.498406
1.497545
1.496478
1.495628
1.494826
1.493863
1.493040
1.492224
1.491412
1.490443
1.489477
1.488474
1.487589
1.486664
1.485685
1.485234
1.484552
1.484020
1.483474
1.483022
1.482945
1.482603
1.482133
1.481645
1.481273
1.480740
1.480165
1.479591
1.478755
1.477817
1.476939
1.476030
1.475058
1.474193
1.473109
1.472198
1.471180
1.470266
1.469311
1.468428
1.467651
1.466710
1.465860
1.464881
1.464014
1.462989
1.462086
1.461067
1.460190
1.459188
1.458281
1.457373
1.456661
1.455678
1.454808
1.453854
1.452838
1.451629
1.450605
1.449304
1.448119
1.447226
1.445918
1.444742
1.444168
1.442995
1.441823
1.440597
1.439463
1.438302
1.437191
1.435803
1.434627
1.433362
1.432016
1.430754
1.429323
1.428587
1.427280
1.425846
1.424460
1.423099
1.421750
1.420281
1.418884
1.417359
1.415952
1.414419
1.412867
1.411501
1.410068
1.408630
1.407123
1.405317
1.403706
1.402164
1.400343
1.398620
1.396873
1.395205
1.393346
1.391632
1.389805
1.387936
1.386324
1.384533
1.382683
1.380810
1.379044
1.377087
1.375181
1.373362
1.371535
1.369782
1.367749
1.365982
1.364061
1.362273
1.360254
1.358447
1.356503
1.354671
1.352655
1.350685
1.348775
1.346793
1.344834
1.342847
1.340904
1.339055
1.337031
1.335087
1.333115
1.330518
1.328443
1.327176
1.325355
1.323409
1.321475
1.319522
1.317583
1.315668
1.313984
1.312007
1.310130
1.308413
1.307180
1.305466
1.303582
1.301823
1.300136
1.298522
1.296815
1.294523
1.292848
1.291247
1.289559
1.287834
1.286118
1.284507
1.282865
1.281260
1.279693
1.278141
1.276543
1.275056
1.273544
1.271979
1.270586
1.269170
1.267763
1.266454
1.265284
1.263779
1.262346
1.261093
1.259764
1.258423
1.257110
1.255820
1.254714
1.253392
1.252125
1.250874
1.249665
1.248479
1.247146
1.246111
1.244844
1.243785
1.242659
1.241472
1.240449
1.239386
1.238303
1.237252
1.236187
1.235101
1.234105
1.233095
1.231922
1.230934
1.229883
1.228928
1.227976
1.226952
1.225850
1.224701
1.223683
1.222733
1.221697
1.220813
1.219892
1.218803
1.217743
1.216759
1.215832
1.214853
1.213946
1.212916
1.212061
1.211106
1.210214
1.209313
1.208381
1.207384
1.206612
1.205595
1.204790
1.203920
1.202964
1.202127
1.201196
1.200221
1.199388
1.198525
1.197660
1.196799
1.195999
1.195019
1.194290
1.193426
1.192596
1.191172
1.190246
1.189537
1.188716
1.187913
1.187185
1.186688
1.185991
1.185164
1.184440
1.183740
1.182985
1.182225
1.181443
1.180752
1.180006
1.179317
1.178677
1.177989
1.177265
1.176632
1.175873
1.175192
1.174601
1.174023
1.173303
1.172718
1.172121
1.171359
1.170952
1.170237
1.169696
1.169242
1.168483
1.167878
1.167373
1.166844
1.166198
1.165997
1.165420
1.164914
1.164404
1.163816
1.163219
1.162685
1.162242
1.161674
1.161135
1.160537
1.160018
1.159626
1.159072
1.158571
1.158109
1.157617
1.157193
1.156707
1.156166
1.155651
1.155214
1.154756
1.154311
1.153776
1.153390
1.152908
1.152402
1.151887
1.151402
1.150949
1.150496
1.150192
1.149645
1.149270
1.148912
1.148292
1.148033
1.147666
1.147389
1.147013
1.146530
1.146157
1.145565
1.145244
1.144705
1.144298
1.144003
1.143454
1.142991
1.142653
1.142146
1.141748
1.141243
1.140873
1.140464
1.140002
1.139656
1.139195
1.138745
1.138300
1.137868
1.137449
1.137031
1.136636
1.136117
1.135791
1.135349
1.134943
1.134542
1.134055
1.133682
1.133271
1.132810
1.132198
1.131734
1.131414
1.130932
1.130437
1.130153
1.129860
1.129331
1.128784
1.128432
1.127905
1.127559
1.126955
1.126609
1.126141
1.125582
1.125105
1.124702
1.124192
1.123704
1.123256
1.122849
1.122304
1.121842
1.121375
1.120815
1.120356
1.120061
1.119518
1.119015
1.118540
1.118109
1.117739
1.117195
1.116849
1.116397
1.115901
1.115527
1.115117
1.114692
1.114176
1.113622
1.113328
1.112966
1.112458
1.112185
1.111848
1.111529
1.111090
1.110744
1.110401
1.109931
1.109589
1.109237
1.108830
1.108397
1.108137
1.107747
1.107269
1.106942
1.106633
1.106291
1.105847
1.105529
1.105224
1.104953
1.104533
1.104192
1.103889
1.103626
1.103124
1.102831
1.102515
1.102287
1.101967
1.101639
1.101358
1.100998
1.100791
1.100513
1.100160
1.099922
1.099710
1.099425
1.099215
1.098899
1.098628
1.098444
1.098179
1.097895
1.097605
1.097272
1.097038
1.096833
1.096530
1.096363
1.096105
1.095764
1.095525
1.095264
1.094983
1.094797
1.094553
1.094230
1.094040
1.093744
1.093707
1.093496
1.093239
1.092906
1.092697
1.092510
1.092373
1.092126
1.091938
1.091651
1.091685
1.091519
1.091237
1.091007
1.090848
1.090622
1.090448
1.090216
1.090026
1.089893
1.089741
1.089509
1.089369
1.089236
1.089057
1.088828
1.088584
1.088503
1.088396
1.088168
1.088015
1.087882
1.087724
1.087547
1.087336
1.087259
1.087147
1.087048
1.086837
1.086731
1.086621
1.086493
1.086434
1.086285
1.086130
1.086038
1.085847
1.085799
1.085560
1.085517
1.085288
1.085195
1.085100
1.084884
1.084770
1.084691
1.084587
1.084412
1.084366
1.084261
1.084147
1.084135
1.083984
1.083857
1.083810
1.083671
1.083517
1.083448
1.083383
1.083237
1.082987
1.082894
1.082872
1.082780
1.082662
1.082551
1.082503
1.082379
1.082234
1.082179
1.082083
1.081995
1.081804
1.081802
1.081700
1.081629
1.081537
1.081475
1.081383
1.081325
1.081160
1.081145
1.080942
1.080941
1.080875
1.080779
1.080682
1.080677
1.080573
1.080460
1.080353
1.080225
1.080227
1.080080
1.080058
1.079961
1.079862
1.079864
1.079771
1.079651
1.079553
1.079505
1.079476
1.079432
1.079287
1.079167
1.079122
1.079074
1.079025
1.078832
1.078832
1.078681
1.078640
1.078592
1.078542
1.078449
1.078448
1.078400
1.078276
1.078178
1.078181
1.078138
1.078039
1.077987
1.077942
1.077881
1.077781
1.077781
1.077687
1.077638
1.077597
1.077551
1.077430
1.077361
1.077312
1.077216
1.077180
1.077183
1.077086
1.077041
1.077041
1.076919
1.076877
1.076791
1.076743
1.076695
1.076695
1.076650
1.076559
1.076563
1.076518
1.076446
1.076351
1.076352
1.076333
1.076285
1.076285
1.076141
1.076141
1.076102
1.076113
1.076092
1.075948
1.075950
1.075856
1.075806
1.075817
1.075674
1.075674
1.075624
1.075588
1.075588
1.075509
1.075486
1.075486
1.075486
1.075441
1.075391
1.075228
1.075241
1.075255
1.075159
1.075109
1.075111
1.075111
1.075066
1.075034
1.075012
1.074962
1.074930
1.074827
1.074780
1.074736
1.074752
1.074752
1.074752
1.074709
1.074726
1.074731
1.074588
1.074606
1.074561
1.074561
1.074496
1.074476
1.074444
1.074402
1.074307
1.074328
1.074278
1.074328
1.074326
1.074246
1.074265
1.074266
1.074266
1.074245
1.074104
1.074104
1.074105
1.074126
1.074126
1.074075
1.073956
1.073979
1.073929
1.073906
1.073906
1.073815
1.073814
1.073814
1.073808
1.073808
1.073805
1.073763
1.073763
1.073763
1.073720
1.073720
1.073744
1.073561
1.073556
1.073581
1.073580
1.073580
1.073579
1.073505
1.073414
1.073390
1.073342
1.073247
1.073247
1.073301
1.073212
1.073162
1.073162
1.073162
1.073162
1.073162
1.073189
1.073100
1.073047
1.073007
1.073037
1.072994
1.072990
1.073018
1.072930
1.072931
1.072931
1.072881
1.072881
1.072831
1.072861
1.072855
1.072855
1.072855
1.072817
1.072770
1.072694
1.072694
1.072675
1.072595
1.072596
1.072596
1.072596
1.072596
1.072680
1.072680
1.072544
1.072542
1.072542
1.072543
1.072544
1.072494
1.072494
1.072445
1.072395
1.072362
1.072362
1.072442
1.072493
1.072443
1.072396
1.072397
1.072357
1.072355
1.072322
1.072322
1.072323
1.072357
1.072274
1.072274
1.072274
1.072275
1.072328
1.072296
1.072333
1.072283
1.072234
1.072202
1.072172
1.072172
1.072206
1.072206
1.072206
1.072176
1.072126
1.072129
1.072097
1.072097
1.072097
1.072092
1.072091
1.072090
1.071999
1.071969
1.071967
1.071974
1.072012
1.072009
1.072009
1.071943
1.071945
1.071895
1.071895
1.071865
1.071835
1.071785
1.071782
1.071783
1.071783
1.071783
1.071783
1.071783
1.071754
1.071754
1.071756
1.071706
1.071679
1.071679
1.071679
1.071601
1.071601
1.071601
1.071642
1.071642
1.071642
1.071642
1.071642
1.071566
1.071516
1.071437
1.071437
1.071478
1.071479
1.071479
1.071480
1.071455
1.071455
1.071426
1.071386
1.071336
1.071337
1.071337
1.071313
1.071289
1.071290
1.071290
1.071291
1.071291
1.071291
1.071268
1.071218
1.071218
1.071178
1.071178
1.071178
1.071178
1.071178
1.071157
1.071157
1.071157
1.071157
1.071083
1.071083
1.071083
1.071062
1.071062
1.071063
1.071063
1.071063
1.071063
1.071111
1.071111
1.071091
1.071042
1.071042
1.071042
1.071042
1.071042
1.071042
1.071036
1.071017
1.071016
1.070993
1.070993
1.070993
1.071042
1.071042
1.070950
1.070932
1.070932
1.070882
1.070883
1.070883
1.070883
1.070882
1.070866
1.070866
1.070866
1.070916
1.070916
1.070917
1.070867
1.070867
1.070852
1.070852
1.070852
1.070830
1.070830
1.070830
1.070831
1.070775
1.070775
1.070772
1.070772
1.070772
1.070770
1.070720
1.070720
1.070707
1.070708
1.070709
1.070709
1.070709
1.070709
1.070709
1.070699
1.070699
1.070700
1.070632
1.070632
1.070632
1.070611
1.070559
1.070550
1.070550
1.070514
1.070514
1.070515
1.070516
1.070471
1.070464
1.070514
1.070514
1.070515
1.070473
1.070473
1.070473
1.070421
1.070366
1.070366
1.070366
1.070366
1.070366
1.070416
1.070416
1.070411
1.070389
1.070391
1.070350
1.070348
1.070348
1.070348
1.070294
1.070294
1.070344
1.070294
1.070294
1.070294
1.070296
1.070296
1.070289
1.070288
1.070246
1.070245
1.070245
1.070245
1.070244
1.070243
1.070245
1.070245
1.070223
1.070223
1.070223
1.070173
1.070174
1.070132
1.070132
1.070132
1.070129
1.070131
1.070131
1.070133
1.070133
1.070133
1.070133
1.070133
1.070133
1.070133
1.070097
1.070098
1.070098
1.070098
1.070048
1.070048
1.070048
1.070033
1.070033
1.070083
1.070105
1.070102
1.070063
1.070063
1.070071
1.070071
1.070071
1.070071
1.070119
1.070120
1.070120
1.070129
1.070129
1.070131
1.070082
1.070042
1.070043
1.070053
1.070053
1.070054
1.070054
1.070054
1.070055
1.070055
1.070046
1.070047
1.070047
1.070047
1.070008
1.070008
1.070021
1.070071
1.070071
1.070071
1.070071
1.070073
1.069987
1.069987
1.069987
1.069987
1.069988
1.069949
1.069964
1.069964
1.070014
1.070017
1.070019
1.070014
1.070028
1.070073
1.070076
1.070073
1.070073
1.070018
1.070013
1.069974
1.069971
1.070025
1.070025
1.069975
1.069993
1.069993
1.069993
1.069992
1.069992
1.069965
1.069985
1.069985
1.069983
1.069946
1.069946
1.069966
1.069966
1.069966
1.069966
1.069966
1.069966
1.069988
1.069988
1.069984
1.069984
1.069984
1.069984
1.070006
1.069971
1.069971
1.069924
1.069924
1.069947
1.069947
1.069925
1.069875
1.069872
1.069872
1.069897
1.069897
1.069947
1.069947
1.069947
1.069973
1.069974
1.069938
1.069886
1.069886
1.069887
1.069914
1.069916
1.069917
1.069918
1.069918
1.069918
1.069947
1.069943
1.069941
1.069941
1.069941
1.069970
1.069970
1.069920
1.069888
1.069888
1.069888
1.069917
1.069917
1.069915
1.069915
1.069915
1.069915
1.069915
1.069944
1.069944
1.069907
1.069907
1.069907
1.069907
1.069937
1.069916
1.069916
1.069916
1.069885
1.069885
1.069885
1.069917
1.069912
1.069911
1.069910
1.069911
1.069960
1.069910
1.069942
1.069942
1.069942
1.069941
1.069941
1.069905
1.069904
1.069981
1.069934
1.069935
1.069935
1.069935
1.069935
1.069935
1.069854
1.069887
1.069887
1.069887
1.069887
1.069888
1.069940
1.069907
1.069904
1.069939
1.069937
1.069937
1.069937
1.069937
1.069937
1.069937
1.069937
1.069972
1.069972
1.069974
1.069990
1.069990
1.069990
1.069940
1.069940
1.069952
1.069952
1.069989
1.069990
1.069945
1.069995
1.069963
1.069965
1.069965
1.069966
1.069966
1.069967
1.070004
1.070005
1.070005
1.069905
1.069875
1.069875
1.069875
1.069875
1.069927
1.069927
1.069927
1.069878
1.069917
1.069917
1.069887
1.069837
1.069837
1.069837
1.069837
1.069837
1.069837
1.069838
1.069809
1.069810
1.069808
1.069808
1.069848
1.069848
1.069848
1.069848
1.069820
1.069798
1.069798
1.069798
1.069790
1.069790
1.069838
1.069811
1.069810
1.069814
1.069813
1.069813
1.069813
1.069810
1.069810
1.069784
1.069828
1.069825
1.069825
1.069825
1.069825
1.069825
1.069800
1.069798
1.069798
1.069798
1.069780
1.069730
1.069705
1.069705
1.069707
1.069707
1.069707
1.069707
1.069707
1.069733
1.069733
1.069733
1.069733
1.069736
1.069736
1.069713
1.069713
1.069713
1.069710
1.069708
1.069708
1.069686
1.069686
1.069686
1.069687
1.069690
1.069691
1.069670
1.069670
1.069688
1.069689
1.069689
1.069689
1.069670
1.069670
1.069671
1.069671
1.069671
1.069722
1.069653
1.069653
1.069654
1.069654
1.069654
1.069635
1.069635
1.069618
1.069618
1.069713
1.069713
1.069713
1.069715
1.069698
1.069698
1.069648
1.069648
1.069649
1.069649
1.069534
1.069534
1.069584
1.069581
1.069581
1.069581
1.069569
1.069619
1.069619
1.069619
1.069619
1.069764
1.070648
1.081892
1.077728
1.090466
1.092067
1.108486
1.112288
1.122395
1.131233
1.139921
1.146313
1.152436
1.157926
1.162330
1.165355
1.167328
1.167547
1.166879
1.164626
1.162313
1.159712
1.156615
1.154224
1.151409
1.149176
1.146682
1.144195
1.142181
1.139559
1.136917
1.134775
1.132570
1.130499
1.128331
1.126689
1.125014
1.123425
1.122046
1.120464
1.118814
1.116950
1.115167
1.113414
1.111517
1.109696
1.107708
1.105840
1.104019
1.101934
1.100110
1.097893
1.094966
1.090399
1.083584
1.075108
1.065216
1.054389
1.043323
1.032363
1.021620
1.011062
1.000469
0.990245
0.980407
0.972161
0.965499
0.960512
0.956994
0.954434
0.952446
0.951075
0.950299
0.949987
0.949834
0.949396
0.948804
0.947483
0.945510
0.943087
0.939939
0.936439
0.932666
0.929068
0.925792
0.923052
0.921059
0.919894
0.919101
0.918206
0.917132
0.916166
0.915065
0.913559
0.912206
0.910217
0.908281
0.906045
0.903797
0.901551
0.899252
0.896706
0.894187
0.891659
0.888949
0.886525
0.884100
0.881764
0.879283
0.876957
0.874440
0.872038
0.869864
0.868009
0.866473
0.865078
0.863547
0.861614
0.859541
0.857383
0.855222
0.853023
0.850680
0.848391
0.845852
0.843484
0.840990
0.838538
0.836205
0.833776
0.831390
0.829118
0.826861
0.824623
0.822244
0.820107
0.817580
0.815261
0.813015
0.810746
0.808576
0.806480
0.804311
0.802081
0.799899
0.797744
0.795590
0.793397
0.791113
0.788941
0.786800
0.784767
0.782765
0.781007
0.778921
0.776808
0.774769
0.772854
0.770871
0.768689
0.766666
0.764801
0.762768
0.760733
0.758812
0.756897
0.754994
0.753314
0.751418
0.749662
0.747776
0.745912
0.744141
0.742228
0.740316
0.738348
0.736637
0.734737
0.732941
0.731100
0.729481
0.727810
0.726066
0.724455
0.722778
0.720875
0.719262
0.717503
0.715657
0.713997
0.712316
0.710529
0.708741
0.707080
0.705417
0.703574
0.702022
0.700233
0.698599
0.696982
0.695534
0.694043
0.692682
0.691163
0.689637
0.688181
0.686639
0.685034
0.683697
0.682183
0.680767
0.679311
0.678064
0.676841
0.675534
0.674100
0.672782
0.671456
0.670043
0.668766
0.667521
0.666207
0.664964
0.663696
0.662618
0.661492
0.660204
0.658950
0.657807
0.656638
0.655359
0.654074
0.653027
0.651770
0.650558
0.649286
0.647968
0.646781
0.645436
0.644099
0.642864
0.641635
0.640558
0.639238
0.638028
0.636800
0.635516
0.634305
0.633164
0.631971
0.630977
0.629893
0.628739
0.627570
0.626350
0.625314
0.624438
0.623382
0.622275
0.621190
0.620078
0.618964
0.617810
0.616558
0.615549
0.614374
0.613330
0.612275
0.611200
0.610099
0.609068
0.607924
0.607018
0.605955
0.605102
0.603946
0.603022
0.602079
0.600939
0.599999
0.599014
0.597973
0.597085
0.596057
0.595147
0.594097
0.593483
0.592525
0.591639
0.590800
0.590038
0.589225
0.588321
0.587535
0.586660
0.585692
0.584971
0.584125
0.583287
0.582445
0.581576
0.580779
0.580071
0.579342
0.578505
0.577762
0.577015
0.576320
0.575577
0.574813
0.573998
0.573137
0.572368
0.571648
0.570940
0.570238
0.569506
0.568917
0.568347
0.567697
0.567209
0.566526
0.565868
0.565280
0.564692
0.564105
0.563524
0.562899
0.562263
0.561633
0.561068
0.560447
0.559980
0.559334
0.558898
0.558375
0.557859
0.557401
0.556839
0.556263
0.555703
0.555250
0.554776
0.554156
0.553643
0.553208
0.552753
0.552191
0.551754
0.551345
0.551032
0.550585
0.550312
0.549985
0.549413
0.549030
0.548640
0.548143
0.547780
0.547385
0.546986
0.546632
0.546249
0.545754
0.545536
0.545132
0.544740
0.544444
0.544111
0.543823
0.543449
0.543071
0.542869
0.542561
0.542159
0.541907
0.541563
0.541233
0.540927
0.540789
0.540378
0.540085
0.539899
0.539489
0.539361
0.538988
0.538742
0.538413
0.538129
0.537940
0.537770
0.537465
0.537067
0.536816
0.536552
0.536315
0.536067
0.535826
0.535568
0.535233
0.535040
0.534896
0.534517
0.534354
0.534117
0.533806
0.533534
0.533329
0.533148
0.532799
0.532635
0.532367
0.532162
0.531970
0.531651
0.531543
0.531241
0.530934
0.530654
0.530505
0.530309
0.530036
0.529795
0.529605
0.529346
0.529241
0.529030
0.528822
0.528447
0.528281
0.528103
0.527930
0.527662
0.527428
0.527198
0.526910
0.526638
0.526500
0.526254
0.526013
0.525768
0.525591
0.525442
0.525059
0.524943
0.524738
0.524516
0.524356
0.524149
0.523909
0.523698
0.523426
0.522939
0.522624
0.522089
0.521679
0.521257
0.520808
0.520507
0.519985
0.519647
0.519207
0.518847
0.518470
0.518037
0.517610
0.517175
0.516658
0.516396
0.515974
0.515619
0.515114
0.514691
0.514330
0.513956
0.513560
0.513170
0.512709
0.512302
0.511924
0.511466
0.511124
0.510762
0.510325
0.509799
0.509376
0.508822
0.508555
0.508114
0.507566
0.507182
0.506739
0.506237
0.505810
0.505335
0.504933
0.504481
0.503946
0.503466
0.502915
0.502394
0.501962
0.501482
0.500998
0.500530
0.499999
0.499537
0.499054
0.498480
0.498006
0.497664
0.497082
0.496639
0.496042
0.495526
0.494969
0.494491
0.493948
0.493478
0.493128
0.492729
0.492353
0.491980
0.491428
0.490879
0.490136
0.489406
0.488762
0.488086
0.487429
0.486719
0.486012
0.485311
0.484514
0.483703
0.482917
0.482009
0.481294
0.480406
0.479501
0.478793
0.477816
0.476812
0.475918
0.475099
0.474264
0.473409
0.472534
0.471665
0.470857
0.469943
0.469037
0.468046
0.467182
0.466311
0.465432
0.464388
0.463584
0.462511
0.461621
0.460710
0.459827
0.459058
0.458245
0.457329
0.456403
0.455542
0.454577
0.453699
0.452817
0.451965
0.451229
0.450332
0.449447
0.448628
0.447752
0.446971
0.446250
0.445561
0.444857
0.444159
0.443548
0.442948
0.442400
0.441824
0.441136
0.440463
0.439743
0.438897
0.438093
0.437414
0.436629
0.435892
0.435123
0.434322
0.433713
0.433279
0.432910
0.432437
0.431935
0.431412
0.430683
0.429960
0.429222
0.428425
0.427942
0.427362
0.426970
0.426287
0.425406
0.424697
0.423742
0.422795
0.421904
0.420841
0.419918
0.418946
0.418027
0.417154
0.416260
0.415392
0.414538
0.413690
0.412726
0.411861
0.410889
0.409865
0.408920
0.408048
0.407177
0.406261
0.405337
0.404385
0.403464
0.402492
0.401605
0.400757
0.399914
0.399018
0.398016
0.397121
0.396170
0.395199
0.394346
0.393355
0.392421
0.391517
0.390675
0.389659
0.388870
0.387889
0.387079
0.386133
0.385117
0.384207
0.383279
0.382326
0.381358
0.380410
0.379511
0.378588
0.377630
0.376843
0.375914
0.375102
0.374117
0.373246
0.372431
0.371490
0.370698
0.369915
0.369056
0.368199
0.367437
0.366643
0.365789
0.364957
0.364167
0.363349
0.362421
0.361417
0.360427
0.359347
0.358266
0.357168
0.356058
0.354992
0.353892
0.352689
0.351661
0.350530
0.349449
0.348416
0.347349
0.346176
0.345014
0.343937
0.342856
0.341671
0.340515
0.339550
0.338626
0.337551
0.336557
0.335500
0.334421
0.333301
0.332136
0.331084
0.329992
0.328956
0.327772
0.326669
0.325644
0.324525
0.323432
0.322465
0.321407
0.320355
0.319241
0.318201
0.317115
0.316065
0.315011
0.314021
0.312986
0.312154
0.311300
0.310293
0.309347
0.308303
0.307315
0.306412
0.305365
0.304459
0.303480
0.302428
0.301511
0.300510
0.299628
0.298594
0.297661
0.296770
0.295829
0.294848
0.293959
0.293064
0.292130
0.291225
0.290339
0.289556
0.288576
0.287662
0.286810
0.285863
0.284962
0.284352
0.283563
0.282804
0.281900
0.280901
0.280110
0.279243
0.278390
0.277612
0.276931
0.276310
0.275496
0.274906
0.274377
0.273795
0.273358
0.272762
0.272317
0.271840
0.271315
0.270736
0.270284
0.269686
0.269026
0.268082
0.267215
0.266437
0.265553
0.264764
0.263810
0.262999
0.262207
0.261223
0.260404
0.259540
0.258619
0.257790
0.256910
0.256039
0.255210
0.254239
0.253364
0.252613
0.251766
0.250893
0.249930
0.249018
0.248136
0.247494
0.246833
0.246147
0.245630
0.245133
0.244620
0.244230
0.243880
0.243499
0.243174
0.242800
0.242421
0.241959
0.241506
0.240962
0.240521
0.240020
0.239549
0.239083
0.238608
0.237983
0.237218
0.236287
0.235484
0.234519
0.233599
0.232683
0.231764
0.230995
0.230409
0.229769
0.229335
0.228864
0.228448
0.227928
0.227446
0.226974
0.226437
0.225738
0.225020
0.224140
0.223258
0.222352
0.221395
0.220533
0.219637
0.218852
0.218168
0.217565
0.217041
0.216419
0.215929
0.215379
0.214823
0.214247
0.213654
0.213132
0.212756
0.211976
0.211180
0.210278
0.209427
0.208611
0.207817
0.206972
0.206167
0.205485
0.204863
0.204210
0.203616
0.202884
0.202303
0.201590
0.201024
0.200461
0.199591
0.198964
0.198321
0.197582
0.197067
0.196443
0.195789
0.195224
0.194476
0.193717
0.193048
0.192421
0.191704
0.191135
0.190480
0.189808
0.189195
0.188747
0.188266
0.187801
0.187443
0.186921
0.186426
0.185995
0.185528
0.185051
0.184566
0.184179
0.183855
0.183445
0.182967
0.182584
0.182029
0.181706
0.181259
0.180743
0.180191
0.179747
0.179254
0.178816
0.178306
0.177818
0.177285
0.176846
0.176444
0.175992
0.175553
0.175190
0.174641
0.174284
0.173807
0.173457
0.172982
0.172536
0.171999
0.171543
0.171029
0.170602
0.170159
0.169832
0.169404
0.168848
0.168463
0.167971
0.167530
0.167105
0.166699
0.166063
0.165689
0.165158
0.164689
0.164189
0.163747
0.163246
0.162808
0.162282
0.161788
0.161274
0.160786
0.160262
0.159766
0.159154
0.158663
0.158068
0.157453
0.156917
0.156364
0.155783
0.155197
0.154652
0.154121
0.153509
0.152955
0.152339
0.151745
0.151105
0.150473
0.149777
0.149223
0.148531
0.147935
0.147185
0.146590
0.145912
0.145217
0.144605
0.143866
0.143167
0.142475
0.141800
0.141085
0.140322
0.139540
0.138822
0.138128
0.137331
0.136589
0.135994
0.135412
0.134811
0.134356
0.133730
0.133150
0.132695
0.132153
0.131598
0.131128
0.130439
0.129796
0.128908
0.128186
0.127357
0.126655
0.125867
0.125088
0.124371
0.123672
0.122876
0.122206
0.121520
0.120825
0.120034
0.119441
0.118677
0.118093
0.117407
0.116711
0.116089
0.115468
0.114745
0.114162
0.113576
0.112981
0.112400
0.111831
0.111170
0.110565
0.109998
0.109479
0.108851
0.108415
0.107789
0.107359
0.106755
0.106312
0.105683
0.105299
0.104709
0.104357
0.103773
0.103330
0.102859
0.102375
0.101971
0.101444
0.100975
0.100453
0.100103
0.099585
0.099191
0.098766
0.098350
0.097895
0.097485
0.096977
0.096494
0.096043
0.095644
0.095161
0.094771
0.094297
0.093794
0.093385
0.093014
0.092411
0.092058
0.091613
0.091191
0.090729
0.090385
0.089892
0.089491
0.089059
0.088619
0.088090
0.087680
0.087160
0.086722
0.086288
0.085832
0.085334
0.084863
0.084344
0.083890
0.083405
0.083004
0.082539
0.082037
0.081536
0.081154
0.080657
0.080253
0.079691
0.079239
0.078784
0.078274
0.077813
0.077363
0.076958
0.076517
0.076126
0.075589
0.075134
0.074693
0.074210
0.073820
0.073262
0.072852
0.072428
0.071930
0.071524
0.071042
0.070603
0.070096
0.069646
0.069128
0.068702
0.068285
0.067792
0.067361
0.066986
0.066495
0.066035
0.065608
0.065182
0.064740
0.064259
0.063835
0.063404
0.063013
0.062545
0.062054
0.061647
0.061212
0.060815
0.060385
0.059913
0.059560
0.059119
0.058765
0.058336
0.057976
0.057536
0.057141
0.056817
0.056354
0.055975
0.055679
0.055254
0.054935
0.054604
0.054288
0.053895
0.053596
0.053209
0.052849
0.052508
0.052192
0.051862
0.051595
0.051265
0.050958
0.050636
0.050400
0.050099
0.049818
0.049580
0.049292
0.049077
0.048801
0.048559
0.048245
0.048093
0.047793
0.047531
0.047273
0.047105
0.046877
0.046563
0.046397
0.046132
0.045917
0.045815
0.045635
0.045424
0.045200
0.045037
0.044913
0.044755
0.044593
0.044391
0.044216
0.044106
0.043946
0.043810
0.043652
0.043479
0.043330
0.043180
0.042987
0.042848
0.042678
0.042534
0.042477
0.042356
0.042281
0.042152
0.042007
0.041926
0.041745
0.041623
0.041569
0.041459
0.041311
0.041212
0.041157
0.041067
0.040960
0.040862
0.040804
0.040703
0.040646
0.040516
0.040362
0.040261
0.040214
0.040113
0.040113
0.040012
0.039916
0.039818
0.039887
0.039738
0.039695
0.039594
0.039513
0.039510
0.039414
0.039390
0.039340
0.039204
0.039217
0.039018
0.038955
0.038922
0.038789
0.038818
0.038779
0.038749
0.038576
0.038544
0.038537
0.038491
0.038443
0.038400
0.038385
0.038251
0.038196
0.038150
0.038106
0.038035
0.038002
0.038037
0.038016
0.037891
0.037844
0.037844
0.037825
0.037717
0.037671
0.037731
0.037685
0.037550
0.037514
0.037469
0.037410
0.037362
0.037337
0.037347
0.037246
0.037220
0.037184
0.037093
0.037061
0.037037
0.036985
0.036985
0.036989
0.036995
0.036951
0.036882
0.036882
0.036825
0.036795
0.036828
0.036708
0.036663
0.036687
0.036644
0.036617
0.036642
0.036586
0.036572
0.036489
0.036399
0.036418
0.036358
0.036314
0.036273
0.036214
0.036224
0.036224
0.036210
0.036173
0.036161
0.036189
0.036189
0.036105
0.036095
0.036055
0.035958
0.035975
0.035935
0.035958
0.035948
0.035875
0.035861
0.035851
0.035886
0.035815
0.035737
0.035730
0.035730
0.035674
0.035664
0.035606
0.035466
0.035499
0.035462
0.035379
0.035376
0.035363
0.035359
0.035400
0.035412
0.035371
0.035336
0.035331
0.035296
0.035296
0.035220
0.035227
0.035113
0.035113
0.035078
0.035143
0.035070
0.035050
0.034966
0.035044
0.035040
0.035040
0.034968
0.034967
0.034864
0.034895
0.034863
0.034863
0.034766
0.034658
0.034658
0.034591
0.034591
0.034561
0.034561
0.034673
0.034608
0.034506
0.034506
0.034477
0.034445
0.034434
0.034406
0.034332
0.034255
0.034289
0.034262
0.034262
0.034236
0.034210
0.034177
0.034142
0.034148
0.034161
0.034197
0.034140
0.034115
0.034084
0.034060
0.033982
0.033929
0.033929
0.033874
0.033847
0.033780
0.033759
0.033752
0.033730
0.033771
0.033749
0.033721
0.033691
0.033576
0.033615
0.033555
0.033555
0.033536
0.033480
0.033383
0.033425
0.033407
0.033386
0.033455
0.033391
0.033363
0.033329
0.033329
0.033313
0.033266
0.033222
0.033224
0.033174
0.033103
0.033021
0.033021
0.032959
0.032945
0.032945
0.032975
0.032969
0.032935
0.032935
0.032915
0.032915
0.032853
0.032764
0.032753
0.032733
0.032644
0.032599
0.032590
0.032541
0.032541
0.032532
0.032490
0.032502
0.032467
0.032424
0.032424
0.032418
0.032369
0.032347
0.032347
0.032243
0.032237
0.032188
0.032203
0.032203
0.032151
0.032138
0.032109
0.032042
0.032080
0.032029
0.032010
0.032056
0.032006
0.032006
0.031962
0.031913
0.031864
0.031865
0.031787
0.031787
0.031761
0.031772
0.031772
0.031726
0.031684
0.031726
0.031682
0.031682
0.031687
0.031638
0.031647
0.031605
0.031605
0.031601
0.031501
0.031494
0.031523
0.031472
0.031481
0.031481
0.031433
0.031491
0.031481
0.031434
0.031434
0.031418
0.031370
0.031370
0.031383
0.031317
0.031270
0.031270
0.031284
0.031238
0.031278
0.031316
0.031286
0.031286
0.031286
0.031205
0.031180
0.031180
0.031229
0.031184
0.031184
0.031163
0.031104
0.031099
0.031137
0.031158
0.031155
0.031155
0.031108
0.031062
0.031042
0.031038
0.031038
0.030996
0.030954
0.030979
0.030939
0.030939
0.030898
0.030898
0.030896
0.030896
0.030855
0.030895
0.030895
0.030923
0.030923
0.030933
0.030933
0.030897
0.030901
0.030907
0.030907
0.030874
0.030874
0.030874
0.030829
0.030861
0.030861
0.030861
0.030855
0.030819
0.030819
0.030852
0.030852
0.030852
0.030818
0.030818
0.030795
0.030794
0.030794
0.030794
0.030761
0.030761
0.030761
0.030759
0.030759
0.030804
0.030738
0.030738
0.030738
0.030738
0.030738
0.030738
0.030771
0.030746
0.030746
0.030746
0.030743
0.030743
0.030719
0.030719
0.030817
0.030817
0.030817
0.030765
0.030750
0.030750
0.030715
0.030715
0.030688
0.030658
0.030699
0.030699
0.030699
0.030720
0.030750
0.030798
0.030804
0.030827
0.030827
0.030827
0.030766
0.030818
0.030821
0.030788
0.030788
0.030714
0.030722
0.030697
0.030697
0.030697
0.030662
0.030827
0.030800
0.030829
0.030829
0.030837
0.030837
0.030850
0.030850
0.030765
0.030765
0.030765
0.030765
0.030765
0.030765
0.030739
0.030739
0.030739
0.030723
0.030762
0.030723
0.030723
0.030731
0.030709
0.030709
0.030735
0.030735
0.030741
0.030741
0.030721
0.030721
0.030717
0.030722
0.030710
0.030697
0.030706
0.030706
0.030750
0.030725
0.030767
0.030767
0.030738
0.030678
0.030678
0.030654
0.030621
0.030621
0.030633
0.030630
0.030630
0.030670
0.030670
0.030688
0.030767
0.030767
0.030738
0.030651
0.030651
0.030651
0.030664
0.030664
0.030645
0.030645
0.030647
0.030662
0.030662
0.030662
0.030662
0.030662
0.030662
0.030683
0.030699
0.030668
0.030668
0.030683
0.030597
0.030599
0.030557
0.030562
0.030562
0.030591
0.030596
0.030617
0.030617
0.030617
0.030656
0.030667
0.030622
0.030586
0.030546
0.030517
0.030477
0.030508
0.030511
0.030511
0.030466
0.030466
0.030505
0.030503
0.030557
0.030557
0.030557
0.030557
0.030434
0.030424
0.030395
0.030357
0.030357
0.030311
0.030267
0.030267
0.030251
0.030251
0.030289
0.030289
0.030306
0.030271
0.030271
0.030301
0.030271
0.030189
0.030200
0.030177
0.030177
0.030137
0.030137
0.030118
0.030118
0.030158
0.030123
0.030123
0.030084
0.030084
0.030070
0.030031
0.030031
0.029941
0.029968
0.029931
0.029931
0.029895
0.029853
0.029853
0.029853
0.029853
0.029892
0.029892
0.029878
0.029878
0.029878
0.029878
0.029902
0.029815
0.029762
0.029808
0.029821
0.029791
0.029791
0.029780
0.029806
0.029806
0.029806
0.029806
0.029846
0.029800
0.029760
0.029760
0.029755
0.029735
0.029765
0.029765
0.029684
0.029684
0.029660
0.029660
0.029660
0.029671
0.029671
0.029632
0.029632
0.029664
0.029664
0.029664
0.029664
0.029599
0.029599
0.029569
0.029512
0.029512
0.029512
0.029512
0.029545
0.029511
0.029571
0.029571
0.029549
0.029549
0.029503
0.029503
0.029488
0.029488
0.029488
0.029459
0.029449
0.029449
0.029449
0.029402
0.029402
0.029431
0.029431
0.029462
0.029443
0.029434
0.029401
0.029390
0.029390
0.029344
0.029344
0.029344
0.029306
0.029306
0.029260
0.029296
0.029331
0.029331
0.029371
0.029406
0.029401
0.029356
0.029356
0.029394
0.029424
0.029392
0.029392
0.029358
0.029295
0.029295
0.029335
0.029335
0.029308
0.029308
0.029344
0.029317
0.029347
0.029350
0.029376
0.029376
0.029376
0.029376
0.029332
0.029261
0.029264
0.029283
0.029283
0.029272
0.029301
0.029301
0.029258
0.029237
0.029325
0.029360
0.029363
0.029367
0.029367
0.029325
0.029303
0.029298
0.029342
0.029351
0.029351
0.029351
0.029373
0.029355
0.029386
0.029431
0.029469
0.029469
0.029469
0.029465
0.029465
0.029403
0.029366
0.029411
0.029411
0.029411
0.029398
0.029398
0.029398
0.029397
0.029334
0.029374
0.029450
0.029412
0.029400
0.029470
0.029470
0.029436
0.029432
0.029392
0.029392
0.029392
0.029404
0.029390
0.029380
0.029380
0.029389
0.029389
0.029418
0.029457
0.029457
0.029457
0.029427
0.029475
0.029458
0.029458
0.029419
0.029419
0.029455
0.029455
0.029476
0.029474
0.029433
0.029433
0.029426
0.029426
0.029465
0.029518
0.029478
0.029478
0.029541
0.029541
0.029511
0.029511
0.029544
0.029538
0.029538
0.029568
0.029536
0.029505
0.029505
0.029505
0.029505
0.029498
0.029494
0.029525
0.029525
0.029525
0.029463
0.029463
0.029463
0.029435
0.029435
0.029461
0.029425
0.029396
0.029396
0.029396
0.029407
0.029407
0.029407
0.029402
