2.241161
2.105165
1.979524
1.892187
1.845089
1.827521
1.824402
1.824730
1.825295
1.823776
1.822683
1.822430
1.822568
1.823502
1.823437
1.822701
1.821169
1.818793
1.815431
1.811380
1.807136
1.803079
1.799887
1.796659
1.794624
1.792638
1.790764
1.787351
1.782983
1.777874
1.772374
1.767599
1.763261
1.759223
1.755844
1.752850
1.750099
1.746618
1.743682
1.739930
1.736021
1.731191
1.727181
1.723180
1.719119
1.715190
1.711018
1.706949
1.703096
1.700168
1.696068
1.691968
1.688581
1.685180
1.681501
1.678105
1.674225
1.670614
1.666466
1.662091
1.657975
1.654584
1.651079
1.646996
1.642840
1.638962
1.635202
1.630879
1.626213
1.621886
1.617754
1.613804
1.608845
1.604112
1.599564
1.595551
1.591922
1.588597
1.585982
1.583345
1.581068
1.578919
1.576786
1.573912
1.571284
1.567330
1.562986
1.558749
1.554128
1.548965
1.543749
1.538334
1.532583
1.527451
1.523122
1.519701
1.516399
1.513602
1.511405
1.509292
1.506950
1.504602
1.501333
1.496827
1.492475
1.487538
1.482502
1.477210
1.471678
1.466311
1.461130
1.456809
1.453073
1.449784
1.446237
1.443312
1.440368
1.437216
1.433771
1.430143
1.426084
1.421926
1.417271
1.412401
1.407652
1.402643
1.397629
1.392302
1.387392
1.382125
1.377310
1.372712
1.368276
1.363921
1.359872
1.355877
1.351771
1.347644
1.343715
1.340102
1.335799
1.330872
1.325831
1.320965
1.316537
1.312337
1.308598
1.305342
1.301788
1.297970
1.293846
1.290120
1.286179
1.282357
1.278685
1.274917
1.271249
1.267689
1.263281
1.259194
1.254757
1.250578
1.246286
1.242265
1.237872
1.233887
1.229513
1.225549
1.222063
1.219045
1.216306
1.213269
1.210046
1.206498
1.203356
1.200343
1.197141
1.194283
1.191520
1.189330
1.187043
1.184670
1.182465
1.180252
1.177863
1.175106
1.172226
1.169211
1.166108
1.162965
1.159914
1.156834
1.153468
1.150152
1.146998
1.143143
1.139145
1.134971
1.130559
1.126430
1.122238
1.118187
1.114289
1.110436
1.106462
1.103022
1.099254
1.095824
1.092771
1.089132
1.085964
1.082984
1.079237
1.076090
1.073232
1.070036
1.066271
1.062749
1.059722
1.056502
1.053011
1.049532
1.046513
1.043789
1.040619
1.037261
1.034200
1.031469
1.028166
1.025104
1.022016
1.019326
1.016786
1.014324
1.011635
1.009151
1.006518
1.003964
1.001691
0.999299
0.997024
0.994856
0.992917
0.990941
0.988997
0.986992
0.984632
0.981999
0.979283
0.976303
0.972882
0.969500
0.966116
0.962828
0.959551
0.956491
0.953260
0.949620
0.946458
0.943266
0.940063
0.937151
0.934239
0.931191
0.928372
0.925514
0.922700
0.919980
0.917169
0.914028
0.910986
0.907651
0.904240
0.900804
0.897416
0.894237
0.891163
0.887613
0.884497
0.881249
0.877921
0.875290
0.872384
0.869326
0.866499
0.863191
0.860040
0.857007
0.854334
0.851918
0.849384
0.847012
0.844656
0.842209
0.839768
0.837470
0.834704
0.831860
0.829054
0.826168
0.823107
0.820395
0.817659
0.815231
0.813191
0.811037
0.808797
0.806888
0.804924
0.802879
0.800921
0.799195
0.797351
0.795513
0.793218
0.790428
0.787717
0.785097
0.782535
0.780053
0.777808
0.775575
0.773522
0.771394
0.769622
0.767990
0.765894
0.763997
0.762133
0.760246
0.758218
0.756330
0.754481
0.752313
0.750134
0.747806
0.745457
0.743398
0.740747
0.738426
0.736117
0.733853
0.731642
0.729577
0.727931
0.726079
0.724137
0.722290
0.720613
0.718506
0.716456
0.714544
0.712683
0.710380
0.708002
0.705925
0.703447
0.700929
0.698579
0.696160
0.693676
0.691398
0.689217
0.687336
0.685389
0.683293
0.681527
0.679635
0.677814
0.676137
0.674270
0.672707
0.670924
0.669287
0.667046
0.665171
0.663185
0.660956
0.658934
0.656882
0.655124
0.653297
0.651251
0.649446
0.647512
0.645704
0.643658
0.641832
0.640071
0.638202
0.636481
0.634192
0.632471
0.630466
0.628648
0.626788
0.624631
0.622810
0.620824
0.618894
0.616720
0.614913
0.612867
0.610751
0.608604
0.606534
0.604263
0.602271
0.600086
0.597913
0.595777
0.593445
0.591269
0.589300
0.587652
0.585869
0.584165
0.582484
0.580896
0.578880
0.576862
0.574779
0.572461
0.570111
0.567679
0.565222
0.562774
0.560333
0.557913
0.555260
0.552692
0.549846
0.547039
0.544247
0.541336
0.538429
0.535641
0.532798
0.529886
0.527108
0.524180
0.521257
0.518352
0.515569
0.512667
0.509901
0.506977
0.504254
0.501479
0.498556
0.495773
0.492959
0.490241
0.487345
0.484714
0.481934
0.479191
0.476447
0.473799
0.471116
0.468503
0.465918
0.463345
0.460803
0.458059
0.455704
0.453192
0.450671
0.448019
0.445529
0.443158
0.440707
0.438313
0.436028
0.433435
0.430805
0.428723
0.426130
0.423899
0.421464
0.419299
0.417090
0.414658
0.412478
0.410338
0.408153
0.405868
0.403803
0.401721
0.399374
0.397270
0.395201
0.392905
0.390948
0.388978
0.386699
0.384636
0.382690
0.380611
0.378419
0.376595
0.374570
0.372413
0.370494
0.368705
0.366533
0.364594
0.362493
0.360534
0.358473
0.356582
0.354732
0.352652
0.350773
0.348956
0.346931
0.344979
0.343051
0.341172
0.339308
0.337338
0.335505
0.333631
0.331618
0.329817
0.328067
0.326209
0.324301
0.322366
0.320449
0.318651
0.316855
0.314866
0.313123
0.311216
0.309334
0.307528
0.305617
0.303784
0.301958
0.300191
0.298315
0.296520
0.294618
0.292708
0.290708
0.289029
0.287194
0.285317
0.283501
0.281594
0.279764
0.277916
0.276114
0.274423
0.272707
0.270823
0.269062
0.267239
0.265412
0.263743
0.262081
0.260195
0.258474
0.256827
0.254814
0.253087
0.251459
0.249788
0.247860
0.246141
0.244442
0.242792
0.240873
0.239065
0.237532
0.235996
0.234133
0.232385
0.230975
0.229443
0.227760
0.225894
0.224404
0.222926
0.221300
0.219287
0.217778
0.216251
0.214667
0.212930
0.211236
0.209868
0.208232
0.206643
0.205143
0.203536
0.201938
0.200356
0.198888
0.197156
0.195697
0.194046
0.192549
0.190954
0.189365
0.187798
0.186434
0.184911
0.183404
0.182000
0.180512
0.179012
0.177638
0.176270
0.174740
0.173305
0.171978
0.170631
0.169261
0.168039
0.166522
0.165241
0.163757
0.162494
0.161028
0.159782
0.158357
0.157144
0.155747
0.154533
0.153185
0.151837
0.150544
0.149382
0.147982
0.146876
0.145505
0.144338
0.142993
0.141832
0.140587
0.139415
0.138111
0.136919
0.135806
0.134609
0.133453
0.132264
0.131176
0.129956
0.128717
0.127695
0.126504
0.125441
0.124255
0.123176
0.122110
0.120880
0.119810
0.118788
0.117801
0.116713
0.115689
0.114605
0.113670
0.112578
0.111654
0.110648
0.109668
0.108835
0.107808
0.106923
0.106048
0.105145
0.104295
0.103369
0.102524
0.101739
0.100797
0.100006
0.099168
0.098398
0.097590
0.096788
0.095967
0.095072
0.094379
0.093710
0.092965
0.092211
0.091540
0.090845
0.090206
0.089498
0.088880
0.088184
0.087646
0.086966
0.086314
0.085719
0.085121
0.084458
0.083892
0.083409
0.082794
0.082254
0.081762
0.081253
0.080731
0.080212
0.079680
0.079163
0.078574
0.078133
0.077578
0.077136
0.076659
0.076144
0.075732
0.075219
0.074793
0.074367
0.073926
0.073518
0.073077
0.072635
0.072246
0.071859
0.071398
0.070901
0.070528
0.070170
0.069747
0.069425
0.069063
0.068751
0.068391
0.067976
0.067686
0.067256
0.066970
0.066755
0.066450
0.066053
0.065676
0.065444
0.065022
0.064785
0.064368
0.064096
0.063748
0.063486
0.063125
0.062818
0.062627
0.062424
0.062050
0.061817
0.061492
0.061326
0.060934
0.060708
0.060336
0.060049
0.059768
0.059427
0.059162
0.058973
0.058727
0.058427
0.058281
0.058076
0.057800
0.057501
0.057327
0.057009
0.056837
0.056624
0.056237
0.056091
0.055780
0.055576
0.055348
0.055133
0.054777
0.054744
0.054498
0.054188
0.054064
0.053763
0.053610
0.053300
0.053236
0.052963
0.052730
0.052583
0.052323
0.052150
0.051920
0.051777
0.051699
0.051454
0.051222
0.051026
0.050705
0.050532
0.050361
0.050184
0.049983
0.049834
0.049701
0.049418
0.049252
0.048954
0.048915
0.048745
0.048291
0.048199
0.048134
0.047875
0.047679
0.047554
0.047343
0.047152
0.047018
0.046849
0.046575
0.046478
0.046307
0.046231
0.045903
0.045694
0.045574
0.045317
0.045208
0.045080
0.044990
0.044781
0.044617
0.044396
0.044299
0.044161
0.044002
0.043849
0.043753
0.043563
0.043473
0.043311
0.043092
0.042911
0.042813
0.042597
0.042478
0.042341
0.042178
0.042042
0.041893
0.041712
0.041555
0.041414
0.041281
0.041160
0.041053
0.040994
0.040709
0.040638
0.040468
0.040385
0.040232
0.040152
0.039983
0.039795
0.039696
0.039611
0.039417
0.039278
0.039150
0.039003
0.038904
0.038763
0.038706
0.038543
0.038434
0.038332
0.038282
0.038173
0.038076
0.037979
0.037786
0.037747
0.037590
0.037509
0.037362
0.037237
0.037178
0.037006
0.036886
0.036802
0.036698
0.036635
0.036581
0.036454
0.036397
0.036170
0.036168
0.036044
0.035908
0.035851
0.035763
0.035681
0.035592
0.035503
0.035396
0.035326
0.035264
0.035219
0.035127
0.035059
0.034867
0.034831
0.034794
0.034705
0.034582
0.034496
0.034421
0.034453
0.034392
0.034305
0.034217
0.034132
0.034073
0.033967
0.033977
0.033961
0.033830
0.033850
0.033766
0.033776
0.033677
0.033677
0.033554
0.033507
0.033467
0.033218
0.033181
0.033107
0.033081
0.033045
0.033001
0.032965
0.032948
0.032900
0.032838
0.032735
0.032592
0.032561
0.032550
0.032383
0.032352
0.032238
0.032241
0.032277
0.032239
0.032169
0.032108
0.032074
0.032067
0.032000
0.032037
0.031896
0.031890
0.031726
0.031660
0.031652
0.031647
0.031601
0.031596
0.031439
0.031432
0.031352
0.031340
0.031313
0.031299
0.031213
0.031213
0.031019
0.031019
0.030972
0.030895
0.030796
0.030776
0.030794
0.030794
0.030761
0.030709
0.030708
0.030672
0.030589
0.030591
0.030504
0.030455
0.030457
0.030448
0.030400
0.030355
0.030314
0.030314
0.030315
0.030270
0.030278
0.030242
0.030135
0.030202
0.030050
0.029990
0.029928
0.029935
0.029886
0.029837
0.029834
0.029829
0.029824
0.029716
0.029750
0.029729
0.029711
0.029711
0.029692
0.029592
0.029501
0.029534
0.029485
0.029485
0.029401
0.029446
0.029433
0.029333
0.029333
0.029339
0.029346
0.029309
0.029309
0.029335
0.029281
0.029233
0.029172
0.029191
0.029144
0.029173
0.029132
0.029132
0.029042
0.029086
0.029086
0.029129
0.029082
0.029082
0.029134
0.029134
0.028992
0.029007
0.028966
0.028973
0.028982
0.029022
0.029011
0.028963
0.028820
0.028807
0.028819
0.028837
0.028837
0.028821
0.028816
0.028845
0.028798
0.028735
0.028744
0.028783
0.028742
0.028699
0.028714
0.028695
0.028649
0.028670
0.028588
0.028644
0.028639
0.028677
0.028677
0.028669
0.028692
0.028692
0.028758
0.028721
0.028696
0.028675
0.028629
0.028599
0.028599
0.028558
0.028610
0.028596
0.028563
0.028563
0.028524
0.028524
0.028524
0.028555
0.028555
0.028555
0.028516
0.028544
0.028574
0.028571
0.028546
0.028585
0.028508
0.028508
0.028476
0.028476
0.028476
0.028476
0.028460
0.028491
0.028491
0.028491
0.028447
0.028447
0.028411
0.028411
0.028377
0.028377
0.028377
0.028416
0.028407
0.028334
0.028339
0.028339
0.028341
0.028374
0.028350
0.028350
0.028360
0.028360
0.028360
0.028362
0.028362
0.028362
0.028387
0.028355
0.028355
0.028383
0.028308
0.028308
0.028340
0.028340
0.028309
0.028303
0.028303
0.028343
0.028347
0.028383
0.028383
0.028359
0.028359
0.028330
0.028315
0.028315
0.028350
0.028314
0.028277
0.028306
0.028306
0.028306
0.028278
0.028272
0.028272
0.028272
0.028279
0.028244
0.028244
0.028271
0.028250
0.028286
0.028298
0.028306
0.028306
0.028292
0.028292
0.028292
0.028292
0.028292
0.028292
0.028292
0.028320
0.028299
0.028300
0.028238
0.028198
0.028198
0.028207
0.028207
0.028207
0.028207
0.028207
0.028207
0.028173
0.028173
0.028134
0.028134
0.028163
0.028138
0.028168
0.028168
0.028168
0.028168
0.028240
0.028205
0.028205
0.028205
0.028205
0.028205
0.028222
0.028184
0.028184
0.028184
0.028165
0.028119
0.028126
0.028126
0.028161
0.028161
0.028161
0.028161
0.028149
0.028109
0.028109
0.028088
0.028088
0.028070
0.028070
0.028070
0.028070
0.028070
0.028070
0.028070
0.028070
0.028066
0.028066
0.028012
0.028047
0.028047
0.028010
0.028010
0.027982
0.027942
0.027981
0.027988
0.027946
0.027973
0.028008
0.028043
0.028008
0.027990
0.027990
0.027990
0.027990
0.027990
0.027955
0.027990
0.027988
0.027983
0.027961
0.027932
0.027966
0.027966
0.027948
0.027948
0.027914
0.027914
0.027913
0.027913
0.027913
0.027913
0.027913
0.027874
0.027874
0.027874
0.027874
0.027889
0.027889
0.027889
0.027889
0.027909
0.027871
0.027835
0.027835
0.027835
0.027835
0.027829
0.027838
0.027838
0.027877
0.027835
0.027836
0.027781
0.027781
0.027741
0.027741
0.027781
0.027781
0.027781
0.027765
0.027765
0.027765
0.027765
0.027765
0.027744
0.027744
0.027744
0.027744
0.027744
0.027718
0.027735
0.027735
0.027687
0.027687
0.027687
0.027687
0.027687
0.027687
0.027663
0.027663
0.027663
0.027663
0.027630
0.027630
0.027552
0.027552
0.027531
0.027531
0.027531
0.027565
0.027530
0.027530
0.027530
0.027530
0.027530
0.027497
0.027497
0.027461
0.027482
0.027482
0.027482
0.027482
0.027482
0.027482
0.027511
0.027505
0.027472
0.027407
0.027407
0.027373
0.027372
0.027332
0.027332
0.027332
0.027296
0.027331
0.027361
0.027361
0.027361
0.027361
0.027361
0.027361
0.027361
0.027327
0.027244
0.027259
0.027259
0.027259
0.027288
0.027288
0.027288
0.027288
0.027288
0.027288
0.027249
0.027229
0.027229
0.027264
0.027232
0.027232
0.027198
0.027198
0.027198
0.027238
0.027279
0.027256
0.027256
0.027256
0.027256
0.027256
0.027256
0.027256
0.027256
0.027237
0.027206
0.027167
0.027167
0.027167
0.027167
0.027167
0.027167
0.027167
0.027149
0.027149
0.027149
0.027149
0.027149
0.027149
0.027149
0.027149
0.027121
0.027088
0.027088
0.027088
0.027050
0.027050
0.027050
0.027050
0.027050
0.027050
0.027082
0.027082
0.027082
0.027082
0.027050
0.027050
0.027050
0.027050
0.026993
0.027029
0.027005
0.027005
0.026967
0.026967
0.026967
0.026967
0.026967
0.026967
0.026967
0.026967
0.026967
0.026933
0.026892
0.026892
0.026859
0.026859
0.026836
0.026836
0.026836
0.026799
0.026799
0.026799
0.026799
0.026799
0.026799
0.026799
0.026799
0.026799
0.026799
0.026840
0.026840
0.026840
0.026840
0.026840
0.026840
0.026840
0.026804
0.026804
0.026763
0.026743
0.026743
0.026743
0.026743
0.026743
0.026743
0.026743
0.026743
0.026743
0.026704
0.026704
0.026704
0.026704
0.026704
0.026668
0.026668
0.026668
0.026668
0.026668
0.026668
0.026668
0.026649
0.026649
0.026649
0.026649
0.026654
0.026637
0.026637
0.026637
0.026633
0.026668
0.026599
0.026599
0.026582
0.026582
0.026582
0.026619
0.026619
0.026587
0.026555
0.026555
0.026591
0.026591
0.026591
0.026591
0.026591
0.026591
0.026587
0.026587
0.026555
0.026574
0.026574
0.026542
0.026617
0.026617
0.026617
0.026592
0.026592
0.026592
0.026592
0.026592
0.026592
0.026592
0.026579
0.026579
0.026579
0.026579
0.026547
0.026547
0.026547
0.026547
0.026547
0.026547
0.026547
0.026547
0.026547
0.026547
0.026547
0.026547
0.026547
0.026547
0.026547
0.026547
0.026547
0.026581
0.026581
0.026551
0.026551
0.026551
0.026551
0.026551
0.026551
0.026551
0.026551
0.026551
0.026551
0.026551
0.026551
0.026551
0.026551
0.026540
0.026540
0.026547
0.026547
0.026547
0.026547
0.026519
0.026493
0.026493
0.026493
0.026493
0.026481
0.026481
0.026481
0.026454
0.026454
0.026454
0.026454
0.026454
0.026454
0.026454
0.026454
0.026454
0.026454
0.026454
0.026454
0.026454
0.026454
0.026427
0.026427
0.026427
0.026427
0.026427
0.026427
0.026427
0.026395
0.026395
0.026395
0.026395
0.026395
0.026395
0.026395
0.026427
0.026427
0.026427
0.026427
0.026419
0.026419
0.026419
0.026419
0.026387
0.026387
0.026363
0.026363
0.026363
0.026363
0.026363
0.026363
0.026363
0.026363
0.026395
0.026363
0.026363
0.026363
0.026308
0.026308
0.026308
0.026308
0.026293
0.026329
0.026329
0.026329
0.026293
0.026293
0.026293
0.026293
0.026293
0.026293
0.026293
0.026271
0.026347
0.026347
0.026386
0.026386
0.026386
0.026386
0.026386
0.026386
0.026386
0.026350
0.026386
0.026386
0.026386
0.026386
0.026386
0.026386
0.026386
0.026386
0.026386
0.026386
0.026386
0.026386
0.026386
0.026382
0.026382
0.026382
0.026382
0.026382
0.026382
0.026382
0.026382
0.026363
0.026363
0.026363
0.026335
0.026335
0.026335
0.026335
0.026335
0.026335
0.026330
0.026330
0.026330
0.026330
0.026330
0.026321
0.026321
0.026321
0.026321
0.026298
0.026306
0.026306
0.026306
0.026306
0.026306
0.026306
0.026306
0.026306
0.026318
0.026315
0.026315
0.026315
0.026315
0.026315
0.026315
0.026315
0.026351
0.026351
0.026319
0.026319
0.026304
0.026304
0.026304
0.026335
0.026335
0.026335
0.026335
0.026335
0.026335
0.026335
0.026335
0.026335
0.026344
0.026344
0.026316
0.026316
0.026316
0.026350
0.026350
0.026350
0.026382
0.026382
0.026382
0.026382
0.026342
0.026342
0.026342
0.026311
0.026311
0.026311
0.026311
0.026311
0.026311
0.026311
0.026311
0.026311
0.026311
0.026311
0.026350
0.026350
0.026345
0.026345
0.026380
0.026380
0.026416
0.026416
0.026361
0.026361
0.026325
0.026325
0.026325
0.026325
0.026314
0.026254
0.026241
0.026276
0.026312
0.026312
0.026312
0.026312
0.026312
0.026312
0.026312
0.026312
0.026312
0.026241
0.026277
0.026277
0.026277
0.026312
0.026312
0.026312
0.026312
0.026312
0.026312
0.026312
0.026284
0.026323
0.026323
0.026323
0.026323
0.026284
0.026284
0.026284
0.026284
0.026284
0.026324
0.026324
0.026324
0.026324
0.026324
0.026324
0.026324
0.026324
0.026365
0.026365
0.026365
0.026365
0.026365
0.026365
0.026324
0.026324
0.026324
0.026324
0.026324
0.026324
0.026324
0.026365
0.026365
0.026365
0.026365
0.026365
0.026365
0.026365
0.026365
0.026354
0.026354
0.026354
0.026354
0.026354
0.026354
0.026354
0.026354
0.026354
0.026354
0.026354
0.026354
0.026354
0.026354
0.026354
0.026354
0.026354
0.026354
0.026354
0.026354
0.026354
0.026354
0.026354
0.026354
0.026354
0.026354
0.026354
0.026346
0.026346
0.026349
0.026349
0.026349
0.026349
0.026332
0.026332
0.026293
0.026293
0.026293
0.026293
0.026332
0.026332
0.026332
0.026332
0.026332
0.026332
0.026332
0.026332
0.026332
0.026332
0.026332
0.026293
0.026293
0.026293
0.026293
0.026293
0.026293
0.026332
0.026332
0.026332
0.026332
0.026301
0.026301
0.026301
0.026301
0.026332
0.026293
0.026293
0.026290
0.026290
0.026290
0.026290
0.026290
0.026290
0.026328
0.026298
0.026298
0.026298
0.026298
0.026298
0.026298
0.026328
0.026290
0.026290
0.026290
0.026327
0.026327
0.026327
0.026290
0.026290
0.026330
0.026337
0.026337
0.026337
0.026337
0.026337
0.026337
0.026335
0.026366
0.026327
0.026327
0.026327
0.026327
0.026290
0.026290
0.026257
0.026226
0.026226
0.026226
0.026296
0.026296
0.026296
0.026296
0.026296
0.026327
0.026327
0.026327
0.026327
0.026294
0.026257
0.026294
0.026262
0.026262
0.026302
0.026335
0.026335
0.026335
0.026335
0.026335
0.026335
0.026335
0.026333
0.026333
0.026333
0.026333
0.026294
0.026294
0.026262
0.026262
0.026337
0.026337
0.026363
0.026363
0.026363
0.026289
0.026289
0.026289
0.026289
0.026320
0.026320
0.026320
0.026320
0.026289
0.026289
0.026289
0.026370
0.026370
0.026370
0.026370
0.026370
0.026370
0.026370
0.026329
0.026329
0.026329
0.026329
0.026329
0.026329
0.026322
0.026322
0.026363
0.026363
0.026324
0.026324
0.026324
0.026324
0.026324
0.026324
0.026324
0.026282
0.026282
0.026282
0.026282
0.026282
0.026282
0.026282
0.026324
0.026363
0.026363
0.026363
0.026363
0.026363
0.026363
0.026363
0.026363
0.026363
0.026363
0.026322
0.026322
0.026322
0.026322
0.026349
0.026390
0.026390
0.026390
0.026350
0.026350
0.026350
0.026350
0.026350
0.026350
0.026350
0.026350
0.026350
0.026310
0.026310
0.026310
0.026390
0.026390
0.026390
0.026362
0.026362
0.026390
0.026431
0.026431
0.026431
0.026431
0.026431
0.026403
0.026403
0.026403
0.026403
0.026403
0.026403
0.026403
0.026403
0.026390
0.026390
0.026390
0.026390
0.026378
0.026378
0.026378
0.026378
0.026378
0.026417
0.026417
0.026417
0.026417
0.026417
0.026417
0.026417
0.026417
0.026417
0.026417
0.026417
0.026417
0.026417
0.026417
0.026417
0.026417
0.026417
0.026417
0.026417
0.026417
0.026417
0.026417
0.026417
0.026417
0.026417
0.026417
0.026378
0.026378
0.026378
0.026378
0.026378
0.026379
0.026379
0.026407
0.026407
0.026445
0.026445
0.026445
0.026445
0.026445
0.026445
0.026445
0.026445
0.026445
0.026445
0.026445
0.026407
0.026407
0.026407
0.026407
0.026407
0.026407
0.026407
0.026445
0.026445
0.026445
0.026445
0.026474
0.026474
0.026474
0.026481
0.026442
0.026442
0.026442
0.026442
0.026442
0.026442
0.026442
0.026442
0.026481
0.026520
0.026520
0.026520
0.026520
0.026520
0.026520
0.026520
0.026442
0.026442
0.026442
0.026442
0.026442
0.026442
0.026442
0.026442
0.026511
0.026549
0.026549
0.026549
0.026549
0.026549
0.026549
0.026511
0.026548
0.026548
0.026511
0.026511
0.026511
0.026511
0.026511
0.026511
0.026511
0.026511
0.026511
0.026511
0.026548
0.026548
0.026578
0.026578
0.026541
0.026541
0.026508
0.026508
0.026508
0.026508
0.026508
0.026541
0.026541
0.026578
0.026578
0.026578
0.026578
0.026578
0.026578
0.026508
0.026508
0.026508
0.026508
0.026508
0.026508
0.026508
0.026545
0.026608
0.026608
0.026608
0.026647
0.026647
0.026614
0.026614
0.026577
0.026538
0.026538
0.026538
0.026511
0.026549
0.026549
0.026549
0.026575
0.026575
0.026614
0.026588
0.026618
0.026618
0.026618
0.026618
0.026618
0.026618
0.026618
0.026618
0.026618
0.026618
0.026618
0.026618
0.026618
0.026618
0.026618
0.026618
0.026618
0.026618
0.026618
0.026618
0.026618
0.026618
0.026618
0.026618
0.026618
0.026691
0.026691
0.026691
0.026691
0.026691
0.026691
0.026691
0.026691
0.026691
0.026691
0.026691
0.026691
0.026691
0.026691
0.026691
0.026691
0.026691
0.026691
0.026691
0.026691
0.026722
0.026760
0.026760
0.026760
0.026760
0.026760
0.026760
0.026760
0.026760
0.026760
0.026760
0.026760
0.026760
0.026760
0.026760
0.026760
0.026760
0.026760
0.026760
0.026791
0.026791
0.026791
0.026791
0.026791
0.026791
0.026791
0.026791
0.026791
0.026791
0.026791
0.026791
0.026791
0.026791
0.026791
0.026791
0.026791
0.026791
0.026791
0.026791
0.026791
0.026791
0.026791
0.026791
0.026791
0.026791
0.026823
0.026823
0.026823
0.026823
0.026823
0.026861
0.026861
0.026861
0.026861
0.026861
0.026861
0.026861
0.026861
0.026861
0.026861
0.026823
0.026823
0.026823
0.026861
0.026861
0.026893
0.026893
0.026893
0.026893
0.026893
0.026893
0.026893
0.026893
0.026893
0.026893
0.026893
0.026893
0.026893
0.026893
0.026893
0.026893
0.026893
0.026893
0.026893
0.026893
0.026925
0.026925
0.026900
0.026900
0.026900
0.026942
0.026942
0.026942
0.026942
0.026942
0.026942
0.026942
0.026942
0.026979
0.026979
0.026979
0.026979
0.026979
0.026979
0.026979
0.026979
0.026942
0.026904
0.026904
0.026904
0.026904
0.026904
0.026979
0.027012
0.027012
0.027012
0.027012
0.027012
0.027012
0.027012
0.027012
0.027012
0.026974
0.026974
0.026974
0.026974
0.026974
0.026974
0.026974
0.027012
0.027012
0.027012
0.027012
0.027012
0.027012
0.027012
0.027012
0.026974
0.026974
0.026974
0.026974
0.026974
0.026974
0.027007
0.027007
0.027045
0.027045
0.027045
0.027014
0.027014
0.027014
0.027045
0.027045
0.026975
0.026975
0.026975
0.026975
0.026975
0.027007
0.027007
0.027007
0.027087
0.027124
0.027093
0.027126
0.027126
0.027094
0.027094
0.027088
0.027088
0.027088
0.027088
0.027088
0.027051
0.027083
0.027120
0.027120
0.027120
0.027088
0.027094
0.027094
0.027094
0.027094
0.027056
0.027088
0.027088
0.027088
0.027088
0.027088
0.027088
0.027088
0.027088
0.027088
0.027088
0.027056
0.027090
0.027090
0.027090
0.027090
0.027090
0.027121
0.027097
0.027097
0.027097
0.027097
0.027097
0.027097
0.027097
0.027097
0.027097
0.027066
