2.073833
1.938362
1.820355
1.747521
1.714538
1.704035
1.702439
1.702779
1.703175
1.703414
1.703393
1.703344
1.703132
1.703008
1.702457
1.701788
1.700715
1.699276
1.697907
1.696014
1.694135
1.692067
1.689688
1.687467
1.685681
1.684089
1.682454
1.680924
1.679337
1.677693
1.676011
1.674340
1.672526
1.670802
1.668973
1.667026
1.665003
1.662963
1.660906
1.658885
1.656738
1.654651
1.652531
1.650580
1.648649
1.646287
1.644149
1.642138
1.640186
1.638090
1.636186
1.634230
1.632468
1.630586
1.628614
1.626785
1.625023
1.623264
1.621295
1.619420
1.617410
1.615480
1.613615
1.611578
1.609191
1.606867
1.604536
1.602538
1.600391
1.598165
1.595874
1.593724
1.591463
1.589382
1.587216
1.584577
1.582149
1.579548
1.577193
1.574613
1.572074
1.569398
1.566888
1.564157
1.561441
1.558803
1.556215
1.553398
1.550782
1.547940
1.545095
1.542194
1.539301
1.536186
1.533421
1.530358
1.527432
1.524501
1.521345
1.518703
1.515816
1.513076
1.510311
1.507660
1.505206
1.502389
1.499922
1.497204
1.494697
1.491687
1.489447
1.487006
1.484924
1.482576
1.479496
1.476570
1.473502
1.470226
1.466895
1.464394
1.461105
1.457974
1.455348
1.453017
1.450374
1.447722
1.444951
1.442771
1.440798
1.438366
1.436508
1.434498
1.431919
1.429410
1.426948
1.424390
1.421633
1.418569
1.415191
1.411862
1.408822
1.405715
1.402140
1.398558
1.395193
1.392061
1.389533
1.386861
1.383782
1.380828
1.378554
1.376397
1.373134
1.369482
1.365843
1.362358
1.358750
1.355286
1.351608
1.347745
1.344048
1.340072
1.336449
1.332833
1.329153
1.325481
1.321853
1.318437
1.314678
1.310714
1.306744
1.302872
1.299050
1.295188
1.291258
1.287601
1.283933
1.280731
1.277548
1.274687
1.271718
1.268731
1.265680
1.262665
1.259183
1.255254
1.250925
1.246806
1.242426
1.238092
1.234562
1.230990
1.227458
1.223937
1.220629
1.217005
1.213428
1.210054
1.206449
1.203126
1.200374
1.197110
1.194250
1.191432
1.188691
1.185663
1.182488
1.179434
1.176687
1.173959
1.171087
1.168294
1.165404
1.162808
1.160144
1.157472
1.154938
1.152002
1.149566
1.147058
1.144227
1.141394
1.138236
1.135065
1.132094
1.129422
1.126744
1.123988
1.121026
1.118128
1.115210
1.112449
1.109417
1.106656
1.103748
1.100664
1.097661
1.094356
1.091068
1.087716
1.084589
1.081420
1.078100
1.074997
1.071769
1.068699
1.065092
1.062035
1.058685
1.055657
1.052272
1.049115
1.045896
1.042561
1.039349
1.036002
1.032831
1.029534
1.026284
1.022997
1.019702
1.016367
1.013011
1.010204
1.007553
1.005438
1.003225
1.001217
0.999211
0.997096
0.995095
0.992936
0.991064
0.989100
0.986861
0.984484
0.982161
0.979959
0.977636
0.975701
0.973563
0.971333
0.969215
0.966804
0.965112
0.963223
0.961712
0.960271
0.959036
0.958225
0.956541
0.955111
0.954832
0.954404
0.953149
0.951548
0.949941
0.947869
0.945679
0.943427
0.940488
0.937282
0.934085
0.930620
0.927146
0.923929
0.920795
0.918234
0.915564
0.913613
0.911522
0.909562
0.907548
0.905465
0.903445
0.901363
0.899410
0.897314
0.895087
0.893378
0.892025
0.891169
0.890314
0.889525
0.889276
0.889130
0.888327
0.886834
0.885144
0.882789
0.879776
0.876575
0.873240
0.869802
0.866432
0.863477
0.860615
0.857930
0.855471
0.853571
0.851618
0.849522
0.847582
0.845599
0.843723
0.841768
0.839815
0.837732
0.836028
0.834683
0.833761
0.832714
0.831842
0.831113
0.830469
0.829048
0.826858
0.823977
0.820816
0.817341
0.814031
0.810710
0.807524
0.804337
0.801674
0.799406
0.797406
0.795387
0.793500
0.791776
0.790102
0.788426
0.786614
0.784710
0.782635
0.780639
0.778666
0.776854
0.775132
0.773519
0.772239
0.771071
0.769603
0.768171
0.766256
0.763846
0.760840
0.757899
0.754649
0.751743
0.748627
0.745697
0.743108
0.740952
0.739058
0.737250
0.735963
0.734535
0.733500
0.732235
0.730853
0.729441
0.727330
0.724738
0.722093
0.719246
0.716470
0.713635
0.710878
0.708229
0.706035
0.704265
0.702596
0.700993
0.699912
0.698884
0.697981
0.696827
0.695597
0.694151
0.692261
0.689940
0.687258
0.684522
0.681718
0.679033
0.676214
0.673589
0.671657
0.670074
0.668400
0.667170
0.666260
0.665283
0.664725
0.663641
0.662350
0.660757
0.658895
0.656480
0.653883
0.651435
0.648775
0.646194
0.643688
0.641072
0.638647
0.636615
0.634784
0.633054
0.631674
0.630249
0.628953
0.627541
0.626273
0.624831
0.622816
0.620572
0.618204
0.615692
0.613247
0.610672
0.608374
0.605887
0.603587
0.601851
0.600141
0.598794
0.597519
0.596313
0.595452
0.594572
0.593371
0.592158
0.590357
0.588199
0.586045
0.583685
0.581383
0.579101
0.576859
0.574676
0.572571
0.570302
0.569005
0.567650
0.566496
0.565496
0.564256
0.563129
0.562174
0.560848
0.559765
0.558176
0.556139
0.554184
0.552091
0.550014
0.548144
0.546155
0.544334
0.542386
0.540985
0.539243
0.537896
0.536593
0.535310
0.533971
0.532556
0.531436
0.530337
0.529747
0.528912
0.528083
0.527303
0.526521
0.526022
0.525225
0.524549
0.523025
0.521369
0.519659
0.517785
0.516135
0.514314
0.512436
0.510634
0.508829
0.507214
0.505535
0.503749
0.501957
0.500069
0.498295
0.496411
0.494561
0.493233
0.492478
0.491581
0.490908
0.490676
0.490605
0.490251
0.489507
0.488317
0.486752
0.485103
0.483290
0.481428
0.479573
0.477756
0.475888
0.474047
0.472296
0.470446
0.468751
0.467438
0.466319
0.465406
0.464423
0.463982
0.463243
0.462564
0.461759
0.460421
0.458741
0.456879
0.455120
0.453016
0.451170
0.449027
0.447140
0.445257
0.443374
0.441501
0.440085
0.439031
0.438078
0.437263
0.436497
0.435569
0.434922
0.434059
0.432723
0.430990
0.429166
0.427273
0.425353
0.423431
0.421559
0.419751
0.417831
0.415946
0.414082
0.412257
0.410321
0.408420
0.406901
0.405809
0.404881
0.404157
0.403530
0.402939
0.402475
0.401862
0.401185
0.400035
0.398584
0.396876
0.394968
0.393319
0.391445
0.389722
0.388133
0.386445
0.384834
0.383211
0.381506
0.379952
0.378375
0.376777
0.375476
0.374705
0.374211
0.373794
0.373598
0.373365
0.373223
0.372879
0.372556
0.371707
0.370389
0.369008
0.367687
0.366056
0.364617
0.363061
0.361697
0.360489
0.359242
0.357847
0.356390
0.355005
0.353602
0.352276
0.351306
0.350569
0.350013
0.349711
0.349381
0.349215
0.349008
0.348785
0.348299
0.347532
0.346343
0.345019
0.343766
0.342243
0.341050
0.339642
0.338438
0.337319
0.336117
0.334953
0.333684
0.332472
0.331127
0.329923
0.328656
0.327910
0.327261
0.326728
0.326432
0.326133
0.325943
0.325579
0.325186
0.324580
0.323592
0.322616
0.321584
0.320227
0.319116
0.318027
0.316948
0.316026
0.315056
0.313883
0.312872
0.311753
0.310741
0.309686
0.308637
0.307819
0.307287
0.306874
0.306440
0.306161
0.306110
0.305942
0.305852
0.305285
0.304460
0.303585
0.302716
0.301721
0.300758
0.299738
0.298724
0.297744
0.296900
0.295986
0.295047
0.294089
0.293056
0.292202
0.291233
0.290280
0.289452
0.288858
0.288480
0.288179
0.287950
0.287748
0.287419
0.287169
0.286676
0.285849
0.285092
0.284209
0.283374
0.282438
0.281482
0.280544
0.279607
0.278767
0.277784
0.276811
0.275880
0.274959
0.274063
0.273105
0.272139
0.271086
0.270303
0.269687
0.269059
0.268458
0.268058
0.267570
0.267147
0.266808
0.266243
0.265557
0.264885
0.263933
0.262980
0.261974
0.260995
0.260063
0.259211
0.258289
0.257437
0.256644
0.255707
0.254843
0.253909
0.253007
0.251979
0.251157
0.250271
0.249351
0.248451
0.247557
0.246622
0.245768
0.244838
0.243937
0.243196
0.242470
0.241898
0.241151
0.240611
0.239751
0.239057
0.238194
0.237302
0.236386
0.235394
0.234464
0.233354
0.232485
0.231618
0.230690
0.229786
0.228920
0.228189
0.227448
0.226513
0.225502
0.224498
0.223526
0.222651
0.221553
0.220638
0.219688
0.218693
0.217789
0.216854
0.215836
0.214948
0.213946
0.212884
0.211957
0.211117
0.210229
0.209579
0.209096
0.208501
0.207819
0.207142
0.206513
0.205562
0.204690
0.203749
0.202763
0.201737
0.200824
0.199881
0.199035
0.198061
0.197248
0.196222
0.195258
0.194299
0.193316
0.192362
0.191486
0.190614
0.189739
0.188781
0.187806
0.187007
0.186059
0.185183
0.184203
0.183378
0.182575
0.181692
0.180753
0.179894
0.179126
0.178316
0.177409
0.176639
0.175833
0.174876
0.174108
0.173310
0.172591
0.171769
0.171063
0.170402
0.169590
0.168865
0.168078
0.167342
0.166690
0.165973
0.165276
0.164634
0.163815
0.163155
0.162413
0.161699
0.161182
0.160537
0.159903
0.159285
0.158622
0.158084
0.157390
0.156670
0.156144
0.155551
0.154803
0.154128
0.153561
0.152921
0.152439
0.151799
0.151245
0.150749
0.150088
0.149504
0.148925
0.148290
0.147683
0.147214
0.146560
0.145945
0.145421
0.144809
0.144271
0.143722
0.143255
0.142648
0.142154
0.141578
0.141001
0.140468
0.139868
0.139350
0.138767
0.138219
0.137634
0.137127
0.136577
0.136014
0.135483
0.135009
0.134492
0.133990
0.133437
0.132901
0.132439
0.131927
0.131459
0.130892
0.130400
0.129775
0.129310
0.128797
0.128272
0.127816
0.127270
0.126749
0.126226
0.125755
0.125258
0.124658
0.124197
0.123605
0.123128
0.122554
0.122073
0.121473
0.120951
0.120350
0.119848
0.119320
0.118778
0.118279
0.117730
0.117189
0.116571
0.116104
0.115545
0.114974
0.114401
0.113860
0.113261
0.112753
0.112103
0.111540
0.110930
0.110298
0.109708
0.109133
0.108579
0.107927
0.107329
0.106742
0.106129
0.105487
0.104939
0.104309
0.103640
0.102977
0.102427
0.101731
0.101158
0.100511
0.099792
0.099206
0.098611
0.098024
0.097389
0.096839
0.096208
0.095568
0.094929
0.094260
0.093685
0.093133
0.092502
0.091798
0.091251
0.090720
0.090060
0.089510
0.088940
0.088373
0.087850
0.087249
0.086711
0.086117
0.085552
0.084956
0.084450
0.083890
0.083415
0.082773
0.082292
0.081768
0.081309
0.080826
0.080334
0.079895
0.079286
0.078782
0.078360
0.077970
0.077530
0.077079
0.076682
0.076208
0.075821
0.075345
0.075027
0.074537
0.074217
0.073774
0.073322
0.072972
0.072585
0.072232
0.071849
0.071453
0.071119
0.070743
0.070364
0.070026
0.069659
0.069333
0.069009
0.068722
0.068309
0.067950
0.067615
0.067331
0.067001
0.066658
0.066321
0.066074
0.065772
0.065446
0.065168
0.064823
0.064507
0.064147
0.063950
0.063524
0.063259
0.062890
0.062614
0.062269
0.061964
0.061684
0.061420
0.061132
0.060867
0.060648
0.060369
0.060108
0.059809
0.059539
0.059296
0.058978
0.058640
0.058441
0.058163
0.057898
0.057613
0.057415
0.057184
0.056913
0.056630
0.056395
0.056268
0.055931
0.055676
0.055435
0.055160
0.054993
0.054752
0.054483
0.054267
0.054034
0.053821
0.053589
0.053422
0.053165
0.052974
0.052684
0.052445
0.052220
0.052038
0.051851
0.051639
0.051372
0.051128
0.050968
0.050745
0.050556
0.050345
0.050146
0.049985
0.049784
0.049555
0.049355
0.049196
0.049002
0.048770
0.048625
0.048394
0.048277
0.048047
0.047839
0.047643
0.047499
0.047305
0.047135
0.046866
0.046692
0.046504
0.046302
0.046169
0.045979
0.045849
0.045643
0.045468
0.045355
0.045193
0.044992
0.044831
0.044721
0.044502
0.044363
0.044142
0.044014
0.043922
0.043741
0.043614
0.043451
0.043259
0.043186
0.042968
0.042846
0.042751
0.042559
0.042444
0.042281
0.042166
0.041999
0.041905
0.041744
0.041675
0.041475
0.041446
0.041240
0.041086
0.041012
0.040876
0.040817
0.040656
0.040583
0.040428
0.040342
0.040137
0.040049
0.039887
0.039798
0.039708
0.039598
0.039508
0.039419
0.039275
0.039210
0.039080
0.038995
0.038843
0.038719
0.038587
0.038516
0.038452
0.038367
0.038303
0.038140
0.038071
0.037963
0.037917
0.037814
0.037684
0.037637
0.037565
0.037497
0.037409
0.037301
0.037285
0.037247
0.037120
0.036987
0.036881
0.036860
0.036797
0.036739
0.036652
0.036550
0.036433
0.036371
0.036371
0.036202
0.036091
0.036110
0.036049
0.035970
0.035890
0.035842
0.035762
0.035714
0.035639
0.035581
0.035570
0.035486
0.035452
0.035380
0.035370
0.035286
0.035118
0.035105
0.035158
0.035125
0.035033
0.035025
0.034977
0.034871
0.034829
0.034752
0.034722
0.034757
0.034654
0.034611
0.034530
0.034477
0.034511
0.034454
0.034377
0.034343
0.034294
0.034245
0.034207
0.034167
0.034165
0.034116
0.034069
0.034011
0.034036
0.033987
0.034022
0.033991
0.033901
0.033852
0.033841
0.033879
0.033856
0.033764
0.033720
0.033688
0.033646
0.033594
0.033550
0.033461
0.033463
0.033463
0.033468
0.033384
0.033308
0.033266
0.033305
0.033312
0.033241
0.033183
0.033183
0.033148
0.033079
0.033087
0.033026
0.033042
0.033033
0.033002
0.033002
0.032895
0.032847
0.032847
0.032847
0.032847
0.032791
0.032756
0.032742
0.032628
0.032663
0.032615
0.032633
0.032633
0.032625
0.032543
0.032518
0.032518
0.032478
0.032478
0.032430
0.032407
0.032301
0.032266
0.032301
0.032267
0.032267
0.032228
0.032228
0.032088
0.032129
0.032129
0.032124
0.032124
0.032076
0.032076
0.031989
0.031989
0.031985
0.031938
0.031938
0.031938
0.031871
0.031819
0.031819
0.031819
0.031819
0.031819
0.031772
0.031707
0.031621
0.031639
0.031639
0.031592
0.031592
0.031572
0.031569
0.031522
0.031522
0.031522
0.031522
0.031478
0.031414
0.031414
0.031399
0.031399
0.031441
0.031307
0.031290
0.031311
0.031311
0.031310
0.031264
0.031221
0.031221
0.031205
0.031182
0.031162
0.031116
0.031074
0.031074
0.030964
0.030964
0.030918
0.030918
0.030876
0.030876
0.030876
0.030818
0.030818
0.030818
0.030776
0.030801
0.030802
0.030745
0.030745
0.030745
0.030705
0.030705
0.030705
0.030650
0.030650
0.030620
0.030580
0.030580
0.030580
0.030537
0.030527
0.030523
0.030523
0.030476
0.030476
0.030433
0.030433
0.030395
0.030395
0.030377
0.030377
0.030335
0.030328
0.030270
0.030305
0.030305
0.030305
0.030287
0.030240
0.030234
0.030234
0.030172
0.030137
0.030137
0.030137
0.030059
0.030059
0.030094
0.030129
0.030129
0.030129
0.030125
0.030092
0.030054
0.030054
0.029984
0.029984
0.029982
0.029955
0.029955
0.029955
0.029919
0.029989
0.029989
0.029989
0.029958
0.029958
0.029958
0.029958
0.029890
0.029854
0.029825
0.029804
0.029804
0.029804
0.029841
0.029841
0.029876
0.029795
0.029795
0.029795
0.029795
0.029764
0.029764
0.029747
0.029721
0.029721
0.029721
0.029697
0.029697
0.029697
0.029697
0.029697
0.029672
0.029665
0.029653
0.029653
0.029653
0.029653
0.029635
0.029612
0.029612
0.029612
0.029605
0.029561
0.029570
0.029570
0.029570
0.029549
0.029549
0.029549
0.029559
0.029537
0.029537
0.029537
0.029537
0.029537
0.029529
0.029529
0.029529
0.029529
0.029529
0.029542
0.029542
0.029542
0.029525
0.029507
0.029507
0.029521
0.029521
0.029521
0.029521
0.029507
0.029522
0.029522
0.029508
0.029508
0.029527
0.029527
0.029543
0.029543
0.029543
0.029543
0.029530
0.029548
0.029579
0.029579
0.029579
0.029537
0.029555
0.029555
0.029555
0.029555
0.029600
0.029600
0.029610
0.029610
0.029610
0.029610
0.029610
0.029630
0.029630
0.029630
0.029630
0.029630
0.029652
0.029637
0.029637
0.029637
0.029637
0.029629
0.029629
0.029593
0.029593
0.029593
0.029616
0.029616
0.029616
0.029616
0.029570
0.029594
0.029594
0.029594
0.029552
0.029552
0.029552
0.029577
0.029577
0.029577
0.029577
0.029577
0.029601
0.029600
0.029600
0.029600
0.029600
0.029600
0.029627
0.029627
0.029627
0.029624
0.029624
0.029624
0.029652
0.029610
0.029610
0.029610
0.029612
0.029588
0.029617
0.029617
0.029617
0.029617
0.029617
0.029578
0.029608
0.029608
0.029608
0.029608
0.029608
0.029580
0.029610
0.029639
0.029643
0.029643
0.029643
0.029602
0.029642
0.029674
0.029674
0.029633
0.029633
0.029596
0.029596
0.029568
0.029601
0.029601
0.029601
0.029601
0.029629
0.029629
0.029629
0.029676
0.029710
0.029710
0.029669
0.029593
0.029593
0.029593
0.029571
0.029542
0.029577
0.029577
0.029577
0.029577
0.029605
0.029605
0.029605
0.029611
0.029611
0.029647
0.029647
0.029647
0.029566
0.029575
0.029575
0.029547
0.029547
0.029513
0.029550
0.029550
0.029578
0.029578
0.029578
0.029619
0.029619
0.029619
0.029619
0.029587
0.029506
0.029544
0.029516
0.029516
0.029516
0.029516
0.029516
0.029485
0.029513
0.029513
0.029513
0.029554
0.029566
0.029566
0.029604
0.029574
0.029534
0.029495
0.029444
0.029469
0.029469
0.029469
0.029469
0.029399
0.029399
0.029427
0.029427
0.029468
0.029468
0.029468
0.029439
0.029480
0.029400
0.029400
0.029372
0.029372
0.029372
0.029345
0.029345
0.029345
0.029348
0.029376
0.029417
0.029417
0.029391
0.029391
0.029391
0.029391
0.029312
0.029312
0.029284
0.029259
0.029259
0.029259
0.029259
0.029259
0.029259
0.029262
0.029303
0.029303
0.029275
0.029275
0.029275
0.029252
0.029174
0.029174
0.029145
0.029145
0.029189
0.029166
0.029166
0.029166
0.029166
0.029194
0.029235
0.029235
0.029214
0.029214
0.029209
0.029209
0.029132
0.029104
0.029083
0.029083
0.029083
0.029083
0.029083
0.029083
0.029064
0.029092
0.029133
0.029120
0.029120
0.029120
0.029101
0.029101
0.029061
0.028998
0.028998
0.028998
0.028980
0.028980
0.028978
0.028978
0.028978
0.028983
0.029007
0.029007
0.029007
0.029007
0.029007
0.029007
0.028951
0.028923
0.028889
0.028843
0.028843
0.028843
0.028828
0.028828
0.028828
0.028856
0.028897
0.028897
0.028848
0.028848
0.028848
0.028848
0.028807
0.028779
0.028767
0.028767
0.028735
0.028735
0.028735
0.028735
0.028724
0.028724
0.028793
0.028793
0.028793
0.028793
0.028783
0.028749
0.028708
0.028680
0.028714
0.028714
0.028706
0.028706
0.028706
0.028706
0.028676
0.028676
0.028738
0.028703
0.028703
0.028680
0.028680
0.028680
0.028667
0.028639
0.028639
0.028639
0.028639
0.028635
0.028586
0.028586
0.028586
0.028552
0.028621
0.028617
0.028617
0.028589
0.028589
0.028623
0.028583
0.028552
0.028552
0.028552
0.028552
0.028552
0.028518
0.028517
0.028517
0.028517
0.028601
0.028601
0.028601
0.028636
0.028672
0.028672
0.028603
0.028603
0.028603
0.028569
0.028535
0.028509
0.028509
0.028502
0.028506
0.028506
0.028575
0.028575
0.028645
0.028645
0.028649
0.028649
0.028580
0.028546
0.028510
0.028510
0.028516
0.028516
0.028516
0.028516
0.028516
0.028537
0.028640
0.028640
0.028640
0.028640
0.028640
0.028615
0.028510
0.028486
0.028486
0.028486
0.028486
0.028496
0.028496
0.028532
0.028532
0.028532
0.028612
0.028612
0.028612
0.028612
0.028612
0.028589
0.028520
0.028520
0.028520
0.028520
0.028556
0.028569
0.028569
0.028569
0.028569
0.028569
0.028625
0.028653
0.028653
0.028653
0.028617
0.028633
0.028564
0.028564
0.028600
0.028580
0.028580
0.028597
0.028597
0.028597
0.028597
0.028597
0.028656
0.028684
0.028684
0.028684
0.028684
0.028703
0.028634
0.028634
0.028634
0.028612
0.028632
0.028632
0.028632
0.028632
0.028632
0.028654
0.028695
0.028723
0.028723
0.028723
0.028745
0.028724
0.028655
0.028655
0.028655
0.028679
0.028679
0.028679
0.028679
0.028679
0.028703
0.028703
0.028744
0.028772
0.028772
0.028772
0.028780
0.028780
0.028711
0.028711
0.028711
0.028737
0.028737
0.028737
0.028737
0.028737
0.028737
0.028764
0.028805
0.028833
0.028833
0.028833
0.028833
0.028860
0.028792
0.028751
0.028751
0.028751
0.028751
0.028780
0.028780
0.028780
0.028780
0.028780
0.028821
0.028851
0.028879
0.028879
0.028879
0.028851
0.028851
0.028840
0.028802
0.028802
0.028802
0.028802
0.028802
0.028802
0.028833
0.028833
0.028874
0.028874
0.028874
0.028874
0.028902
0.028874
0.028870
0.028829
0.028829
0.028829
0.028829
0.028829
0.028829
0.028862
0.028862
0.028862
0.028903
0.028903
0.028868
0.028868
0.028868
0.028868
0.028890
0.028849
0.028849
0.028831
0.028831
0.028831
0.028831
0.028797
0.028797
0.028832
0.028873
0.028873
0.028873
0.028873
0.028873
0.028873
0.028840
0.028799
0.028799
0.028835
0.028835
0.028835
0.028835
0.028835
0.028835
0.028803
0.028844
0.028844
0.028844
0.028844
0.028844
0.028882
0.028882
0.028810
0.028810
0.028810
0.028810
0.028810
0.028810
0.028810
0.028810
0.028780
0.028821
0.028821
0.028821
0.028821
0.028821
0.028860
0.028831
0.028790
0.028790
0.028790
0.028790
0.028790
0.028790
0.028761
0.028761
0.028761
0.028802
0.028802
0.028802
0.028802
0.028775
0.028775
0.028775
0.028734
0.028737
0.028737
0.028737
0.028710
0.028710
0.028751
0.028751
0.028751
0.028792
0.028767
0.028767
0.028767
0.028767
0.028767
0.028767
0.028726
0.028701
0.028701
0.028701
0.028661
0.028685
0.028685
0.028661
0.028661
0.028702
0.028702
0.028702
0.028702
0.028679
0.028644
0.028644
0.028603
0.028603
0.028603
0.028581
0.028581
0.028581
0.028581
0.028581
0.028581
0.028601
0.028601
0.028601
0.028601
0.028601
0.028601
0.028581
0.028540
0.028540
0.028540
0.028540
0.028540
0.028521
0.028521
0.028521
0.028521
0.028562
0.028562
0.028562
0.028544
0.028544
0.028544
0.028544
0.028490
0.028490
0.028474
0.028474
0.028474
0.028474
0.028474
0.028474
0.028458
0.028499
0.028499
0.028499
0.028499
0.028499
0.028485
0.028441
0.028400
0.028400
0.028400
0.028400
0.028387
0.028387
0.028387
0.028340
0.028340
0.028381
0.028369
0.028369
0.028369
0.028369
0.028369
0.028369
0.028316
0.028316
0.028319
0.028319
0.028319
0.028319
0.028309
0.028309
0.028309
0.028350
0.028350
0.028342
0.028334
0.028334
0.028334
0.028292
0.028292
0.028292
0.028285
0.028285
0.028285
0.028285
0.028285
0.028285
0.028279
0.028320
0.028320
0.028320
0.028320
0.028320
0.028316
0.028274
0.028274
0.028274
0.028274
0.028271
0.028271
0.028271
0.028271
0.028271
0.028271
0.028310
0.028310
0.028262
0.028262
0.028262
0.028262
0.028220
0.028220
0.028220
0.028220
0.028220
0.028220
0.028221
0.028221
0.028221
0.028221
0.028262
0.028262
0.028264
0.028264
0.028264
0.028264
0.028223
0.028223
0.028226
0.028226
0.028226
0.028226
0.028226
0.028226
0.028231
0.028231
0.028272
0.028272
0.028272
0.028272
0.028278
0.028278
0.028237
0.028237
0.028237
0.028245
0.028245
0.028245
0.028245
0.028245
0.028245
0.028253
0.028295
0.028295
0.028295
0.028295
0.028305
0.028305
0.028264
0.028264
0.028264
0.028264
0.028275
0.028275
0.028275
0.028322
0.028322
0.028335
0.028376
0.028376
0.028376
0.028376
0.028376
0.028389
0.028348
0.028348
0.028348
0.028348
0.028363
0.028363
0.028363
0.028363
0.028363
0.028379
0.028420
0.028420
0.028420
0.028420
0.028420
0.028437
0.028396
0.028396
0.028396
0.028396
0.028414
0.028414
0.028414
0.028414
0.028414
0.028433
0.028475
0.028475
0.028475
0.028475
0.028495
0.028495
0.028454
0.028454
0.028454
0.028475
0.028475
0.028475
0.028475
0.028475
0.028497
0.028497
0.028539
0.028539
0.028539
0.028562
0.028562
0.028562
0.028521
0.028521
0.028521
0.028545
0.028545
0.028545
0.028545
0.028545
0.028570
0.028570
0.028611
0.028569
0.028569
0.028569
0.028596
0.028596
0.028555
0.028555
0.028555
0.028555
0.028582
0.028582
0.028582
0.028582
0.028582
0.028582
0.028651
0.028651
0.028651
0.028651
0.028651
0.028651
0.028639
0.028639
0.028639
0.028600
0.028600
0.028600
0.028630
0.028630
0.028630
0.028630
0.028671
0.028671
0.028671
0.028702
0.028702
0.028702
0.028661
0.028661
0.028661
0.028623
0.028655
0.028655
0.028655
0.028655
0.028655
0.028655
0.028696
0.028696
0.028729
0.028729
0.028729
0.028765
0.028688
0.028688
0.028688
0.028652
0.028686
0.028686
0.028686
0.028686
0.028686
0.028686
0.028727
0.028727
0.028728
0.028763
0.028763
0.028763
0.028722
0.028686
0.028686
0.028686
0.028686
0.028652
0.028618
0.028654
0.028688
0.028688
0.028765
0.028765
0.028765
0.028765
0.028765
0.028733
0.028655
0.028622
0.028659
0.028659
0.028659
0.028659
0.028692
0.028729
0.028697
0.028697
0.028699
0.028699
0.028699
0.028699
0.028663
0.028667
0.028596
0.028596
0.028596
0.028596
0.028630
0.028666
0.028666
0.028636
0.028636
0.028636
0.028677
0.028677
0.028641
0.028607
0.028607
0.028558
0.028517
0.028557
0.028557
0.028627
0.028627
0.028627
0.028599
0.028599
0.028599
0.028599
0.028607
0.028570
0.028544
0.028544
0.028544
0.028544
