1.613267
1.454519
1.307982
1.207190
1.152137
1.128865
1.121934
1.122559
1.123107
1.123018
1.122461
1.121971
1.121850
1.121801
1.121909
1.121672
1.121099
1.120423
1.119528
1.118500
1.117382
1.115788
1.114275
1.112983
1.111583
1.110123
1.108799
1.107281
1.106239
1.104934
1.103532
1.102267
1.100952
1.099537
1.098258
1.096714
1.095242
1.093805
1.092249
1.090602
1.088750
1.087220
1.085413
1.083921
1.082071
1.080255
1.078509
1.076745
1.074771
1.073101
1.071276
1.069808
1.068392
1.066890
1.065325
1.063651
1.061797
1.059860
1.058004
1.056124
1.054324
1.052558
1.050980
1.049247
1.047606
1.045804
1.044226
1.042544
1.040848
1.038930
1.037308
1.035467
1.034019
1.032792
1.031302
1.029617
1.028002
1.026199
1.024733
1.023065
1.021217
1.019356
1.017790
1.015701
1.014213
1.012446
1.010645
1.009074
1.007316
1.005430
1.003542
1.001456
0.999743
0.997962
0.996242
0.994834
0.992969
0.991496
0.989757
0.988015
0.986239
0.984590
0.982956
0.981328
0.979606
0.977999
0.976441
0.974745
0.973103
0.971399
0.969579
0.967576
0.965666
0.963890
0.962097
0.960248
0.958494
0.956515
0.954678
0.952744
0.950962
0.948952
0.946983
0.944964
0.942995
0.940927
0.939131
0.937197
0.935553
0.933459
0.931606
0.929777
0.928217
0.926262
0.924210
0.922453
0.920571
0.918658
0.916892
0.915120
0.913256
0.911355
0.909614
0.907712
0.906091
0.904444
0.902616
0.900653
0.898516
0.896901
0.895302
0.893434
0.891945
0.890411
0.888772
0.886888
0.885170
0.882960
0.880768
0.878433
0.875895
0.873680
0.871315
0.868997
0.866787
0.864852
0.862784
0.860897
0.859239
0.856998
0.855221
0.853508
0.851666
0.849732
0.847693
0.845864
0.843741
0.841376
0.839127
0.837295
0.835195
0.832892
0.830365
0.828429
0.826402
0.824204
0.821670
0.819539
0.817602
0.815438
0.812970
0.810530
0.808532
0.806368
0.803969
0.801812
0.800187
0.798815
0.796675
0.794501
0.792145
0.790017
0.788068
0.785772
0.783584
0.781749
0.779963
0.777505
0.775247
0.773147
0.770892
0.768675
0.766583
0.764501
0.761967
0.759678
0.757612
0.755256
0.752853
0.750937
0.748968
0.746663
0.744216
0.742234
0.740217
0.737850
0.735320
0.733361
0.731396
0.729105
0.726675
0.724224
0.722131
0.720110
0.717813
0.715209
0.712784
0.710615
0.708633
0.706358
0.703974
0.701353
0.699134
0.697226
0.694947
0.692437
0.689856
0.687683
0.685870
0.683951
0.681646
0.679118
0.676634
0.674246
0.672368
0.670228
0.667938
0.665486
0.663114
0.661026
0.659131
0.657270
0.655105
0.652844
0.650993
0.648987
0.647040
0.644716
0.642530
0.640606
0.638655
0.636219
0.634192
0.632341
0.630223
0.627939
0.626140
0.624060
0.622239
0.620149
0.618271
0.616368
0.614309
0.612447
0.610653
0.608884
0.607046
0.605300
0.603498
0.601716
0.600016
0.598063
0.596398
0.594585
0.593044
0.591356
0.589745
0.588225
0.586605
0.584960
0.583294
0.581769
0.580212
0.578589
0.577028
0.575517
0.574021
0.572402
0.570921
0.569563
0.568214
0.566782
0.565492
0.564181
0.562853
0.561614
0.560533
0.559335
0.558291
0.557099
0.555982
0.554969
0.553560
0.552365
0.551204
0.550118
0.548979
0.547945
0.546954
0.545862
0.544816
0.543782
0.542780
0.541671
0.540780
0.540036
0.538995
0.538086
0.537093
0.536171
0.535487
0.534622
0.533664
0.532937
0.532125
0.531382
0.530432
0.529675
0.528885
0.528196
0.527337
0.526568
0.525803
0.524950
0.524129
0.523400
0.522747
0.521860
0.521060
0.520222
0.519602
0.518895
0.517900
0.517243
0.516499
0.515758
0.515022
0.514264
0.513536
0.512876
0.512087
0.511322
0.510734
0.510033
0.509303
0.508459
0.507762
0.507083
0.506486
0.505630
0.505028
0.504263
0.503493
0.502856
0.502106
0.501412
0.500708
0.500116
0.499410
0.498712
0.498088
0.497341
0.496637
0.495887
0.495200
0.494604
0.493967
0.493298
0.492646
0.491973
0.491353
0.490614
0.489908
0.489169
0.488457
0.487916
0.487295
0.486562
0.485857
0.485128
0.484472
0.483845
0.483211
0.482526
0.481886
0.481198
0.480502
0.479904
0.479303
0.478552
0.477958
0.477260
0.476632
0.476008
0.475358
0.474765
0.474178
0.473497
0.472887
0.472293
0.471711
0.471059
0.470557
0.469832
0.469138
0.468533
0.467939
0.467277
0.466724
0.465998
0.465391
0.464767
0.464195
0.463491
0.463053
0.462397
0.461683
0.461320
0.460522
0.460030
0.459455
0.458949
0.458232
0.457754
0.457201
0.456676
0.455991
0.455500
0.455020
0.454362
0.453893
0.453255
0.452842
0.452425
0.451868
0.451327
0.450881
0.450452
0.449995
0.449335
0.448982
0.448496
0.448078
0.447555
0.447052
0.446630
0.446203
0.445873
0.445456
0.445087
0.444761
0.444320
0.443933
0.443636
0.443262
0.442928
0.442479
0.442145
0.441747
0.441507
0.441250
0.440912
0.440545
0.440398
0.440016
0.439727
0.439577
0.439301
0.438997
0.438720
0.438488
0.438210
0.437908
0.437798
0.437637
0.437459
0.437183
0.437023
0.436891
0.436677
0.436572
0.436469
0.436178
0.436059
0.436046
0.435932
0.435798
0.435645
0.435500
0.435409
0.435324
0.435284
0.435178
0.435156
0.435165
0.435028
0.434971
0.434954
0.434924
0.434869
0.434882
0.434725
0.434739
0.434681
0.434712
0.434775
0.434649
0.434571
0.434626
0.434661
0.434715
0.434623
0.434797
0.434817
0.434783
0.434845
0.434864
0.434831
0.434931
0.434909
0.434967
0.435219
0.435113
0.435208
0.435236
0.435331
0.435454
0.435582
0.435511
0.435603
0.435698
0.435852
0.435928
0.436079
0.436165
0.436165
0.436308
0.436371
0.436517
0.436556
0.436669
0.436891
0.436933
0.437005
0.437142
0.437286
0.437388
0.437580
0.437734
0.437844
0.437983
0.438069
0.438183
0.438311
0.438483
0.438582
0.438721
0.438891
0.438977
0.439176
0.439242
0.439412
0.439512
0.439648
0.439895
0.439906
0.440071
0.440182
0.440300
0.440466
0.440612
0.440760
0.440861
0.441039
0.441258
0.441426
0.441577
0.441702
0.441959
0.442075
0.442188
0.442359
0.442630
0.442655
0.442891
0.443090
0.443240
0.443347
0.443490
0.443590
0.443658
0.443801
0.443848
0.444034
0.444225
0.444297
0.444457
0.444565
0.444696
0.444819
0.444993
0.445124
0.445126
0.445270
0.445443
0.445557
0.445617
0.445742
0.445863
0.445872
0.445978
0.446076
0.446230
0.446274
0.446443
0.446564
0.446678
0.446717
0.446852
0.446892
0.447017
0.447053
0.447174
0.447248
0.447316
0.447371
0.447498
0.447620
0.447702
0.447819
0.447901
0.447943
0.448115
0.448141
0.448244
0.448291
0.448412
0.448458
0.448571
0.448651
0.448741
0.448750
0.448825
0.448970
0.449011
0.449091
0.449118
0.449258
0.449349
0.449431
0.449429
0.449459
0.449410
0.449531
0.449520
0.449593
0.449721
0.449818
0.449868
0.449891
0.449928
0.450033
0.450083
0.450153
0.450190
0.450304
0.450385
0.450348
0.450460
0.450420
0.450558
0.450608
0.450705
0.450704
0.450753
0.450830
0.450961
0.450984
0.451034
0.451028
0.451100
0.451141
0.451213
0.451264
0.451277
0.451356
0.451390
0.451450
0.451592
0.451686
0.451692
0.451714
0.451809
0.451787
0.451825
0.451856
0.451914
0.452041
0.452101
0.452210
0.452217
0.452309
0.452398
0.452406
0.452451
0.452460
0.452599
0.452687
0.452653
0.452724
0.452723
0.452717
0.452755
0.452885
0.452910
0.452978
0.453028
0.453059
0.453178
0.453219
0.453259
0.453309
0.453332
0.453395
0.453444
0.453444
0.453494
0.453517
0.453570
0.453572
0.453617
0.453597
0.453621
0.453697
0.453714
0.453725
0.453796
0.453828
0.453921
0.453944
0.453988
0.453954
0.453953
0.453980
0.454081
0.453984
0.454018
0.454110
0.454115
0.454111
0.454123
0.454150
0.454220
0.454219
0.454325
0.454348
0.454348
0.454394
0.454428
0.454428
0.454464
0.454521
0.454571
0.454590
0.454590
0.454657
0.454722
0.454722
0.454815
0.454781
0.454820
0.454820
0.454870
0.454827
0.454894
0.454875
0.454839
0.454912
0.455007
0.455029
0.454990
0.454989
0.455106
0.455172
0.455128
0.455166
0.455177
0.455233
0.455238
0.455248
0.455349
0.455274
0.455307
0.455276
0.455379
0.455379
0.455369
0.455395
0.455413
0.455405
0.455474
0.455497
0.455457
0.455458
0.455502
0.455515
0.455515
0.455494
0.455587
0.455538
0.455576
0.455545
0.455610
0.455702
0.455770
0.455721
0.455721
0.455721
0.455806
0.455836
0.455850
0.455851
0.455759
0.455804
0.455802
0.455844
0.455779
0.455779
0.455865
0.455814
0.455841
0.455798
0.455817
0.455902
0.455883
0.455911
0.455855
0.455816
0.455779
0.455869
0.455867
0.455886
0.455883
0.455791
0.455708
0.455753
0.455779
0.455898
0.455898
0.455921
0.455949
0.455993
0.455911
0.455911
0.455911
0.455870
0.455870
0.455785
0.455782
0.455806
0.455806
0.455756
0.455825
0.455855
0.455854
0.455868
0.455868
0.455868
0.455942
0.455815
0.455815
0.455734
0.455734
0.455778
0.455739
0.455767
0.455767
0.455767
0.455847
0.455821
0.455834
0.455935
0.455893
0.455889
0.455897
0.455876
0.455885
0.455845
0.455855
0.455855
0.455905
0.455899
0.455899
0.455911
0.455972
0.455992
0.456004
0.455991
0.456001
0.456006
0.455961
0.455925
0.455924
0.455954
0.455989
0.455990
0.455990
0.456020
0.455976
0.455952
0.455974
0.455968
0.455967
0.455997
0.455997
0.455959
0.455959
0.455959
0.455959
0.455959
0.455909
0.455909
0.455869
0.455798
0.455759
0.455837
0.455842
0.455865
0.455815
0.455810
0.455805
0.455796
0.455792
0.455788
0.455751
0.455749
0.455749
0.455699
0.455697
0.455711
0.455672
0.455670
0.455670
0.455740
0.455763
0.455713
0.455663
0.455662
0.455662
0.455624
0.455624
0.455585
0.455585
0.455585
0.455504
0.455504
0.455501
0.455465
0.455464
0.455534
0.455512
0.455512
0.455461
0.455461
0.455430
0.455430
0.455430
0.455431
0.455401
0.455405
0.455308
0.455314
0.455349
0.455394
0.455402
0.455441
0.455441
0.455489
0.455449
0.455340
0.455320
0.455319
0.455354
0.455332
0.455332
0.455368
0.455330
0.455330
0.455330
0.455321
0.455282
0.455318
0.455362
0.455393
0.455393
0.455343
0.455262
0.455223
0.455223
0.455223
0.455223
0.455187
0.455218
0.455218
0.455168
0.455168
0.455206
0.455175
0.455219
0.455180
0.455214
0.455214
0.455214
0.455114
0.455043
0.455033
0.455000
0.454993
0.454987
0.454956
0.454950
0.454901
0.454951
0.454920
0.454955
0.454955
0.454952
0.454952
0.454952
0.454951
0.454901
0.454893
0.454842
0.454842
0.454772
0.454772
0.454811
0.454810
0.454810
0.454710
0.454710
0.454710
0.454710
0.454710
0.454699
0.454699
0.454661
0.454661
0.454611
0.454611
0.454611
0.454580
0.454638
0.454638
0.454630
0.454630
0.454690
0.454590
0.454590
0.454599
0.454604
0.454649
0.454656
0.454628
0.454628
0.454586
0.454594
0.454556
0.454566
0.454576
0.454576
0.454586
0.454622
0.454622
0.454583
0.454583
0.454583
0.454596
0.454596
0.454564
0.454564
0.454535
0.454548
0.454498
0.454497
0.454542
0.454541
0.454516
0.454516
0.454505
0.454473
0.454473
0.454386
0.454386
0.454348
0.454348
0.454348
0.454348
0.454348
0.454348
0.454348
0.454353
0.454376
0.454376
0.454305
0.454258
0.454241
0.454234
0.454224
0.454224
0.454168
0.454163
0.454163
0.454159
0.454156
0.454156
0.454153
0.454153
0.454103
0.454102
0.454070
0.454078
0.454126
0.454126
0.454126
0.454076
0.454076
0.454026
0.454026
0.454026
0.454026
0.454026
0.454026
0.454026
0.454026
0.454026
0.454045
0.454046
0.454046
0.454046
0.454046
0.454015
0.453977
0.453977
0.453927
0.453889
0.453889
0.453889
0.453806
0.453845
0.453908
0.453912
0.453873
0.453879
0.453886
0.453886
0.453894
0.453897
0.453906
0.453906
0.453867
0.453867
0.453913
0.453875
0.453875
0.453886
0.453881
0.453881
0.453843
0.453887
0.453887
0.453887
0.453887
0.453900
0.453900
0.453900
0.453805
0.453805
0.453839
0.453872
0.453872
0.453872
0.453886
0.453836
0.453886
0.453886
0.453886
0.453886
0.453886
0.453853
0.453803
0.453803
0.453766
0.453716
0.453717
0.453647
0.453637
0.453571
0.453564
0.453558
0.453558
0.453591
0.453609
0.453609
0.453605
0.453490
0.453490
0.453488
0.453488
0.453488
0.453486
0.453436
0.453436
0.453458
0.453458
0.453496
0.453496
0.453496
0.453446
0.453446
0.453446
0.453396
0.453396
0.453357
0.453357
0.453357
0.453357
0.453357
0.453357
0.453396
0.453396
0.453370
0.453321
0.453321
0.453321
0.453321
0.453321
0.453321
0.453271
0.453273
0.453282
0.453286
0.453296
0.453302
0.453310
0.453260
0.453267
0.453276
0.453276
0.453285
0.453295
0.453245
0.453256
0.453256
0.453255
0.453267
0.453267
0.453267
0.453229
0.453229
0.453229
0.453229
0.453229
0.453242
0.453192
0.453192
0.453192
0.453242
0.453242
0.453242
0.453292
0.453242
0.453287
0.453301
0.453263
0.453231
0.453231
0.453181
0.453204
0.453204
0.453204
0.453204
0.453204
0.453204
0.453154
0.453154
0.453084
0.453074
0.453058
0.453051
0.453045
0.452995
0.452989
0.452984
0.452979
0.452979
0.452975
0.453019
0.452967
0.452967
0.452923
0.452920
0.452920
0.452920
0.452919
0.452919
0.452869
0.452819
0.452819
0.452863
0.452899
0.452949
0.452949
0.452949
0.452899
0.452949
0.452949
0.452949
0.452985
0.452985
0.452984
0.452984
0.452934
0.452934
0.452934
0.452934
0.452934
0.452934
0.452934
0.452934
0.452934
0.452854
0.452859
0.452869
0.452903
0.452910
0.452910
0.452918
0.452926
0.452926
0.452885
0.452945
0.452945
0.452956
0.452956
0.452924
0.452935
0.452935
0.452935
0.452947
0.452897
0.452929
0.452929
0.452928
0.452941
0.452941
0.452941
0.452908
0.452931
0.452931
0.452881
0.452881
0.452881
0.452881
0.452895
0.452895
0.452895
0.452895
0.452895
0.452893
0.452943
0.452993
0.452943
0.452943
0.452943
0.452943
0.452873
0.452864
0.452848
0.452840
0.452834
0.452834
0.452828
0.452822
0.452772
0.452768
0.452765
0.452765
0.452762
0.452762
0.452762
0.452805
0.452843
0.452843
0.452842
0.452840
0.452790
0.452751
0.452751
0.452701
0.452751
0.452751
0.452751
0.452751
0.452751
0.452750
0.452750
0.452750
0.452789
0.452789
0.452789
0.452789
0.452789
0.452750
0.452750
0.452749
0.452749
0.452699
0.452699
0.452699
0.452699
0.452699
0.452708
0.452712
0.452760
0.452767
0.452774
0.452774
0.452781
0.452713
0.452723
0.452773
0.452783
0.452782
0.452875
0.452875
0.452875
0.452910
0.452910
0.452999
0.453011
0.453010
0.452972
0.452972
0.452972
0.452946
0.452896
0.452896
0.452895
0.452932
0.452932
0.452932
0.452932
0.452932
0.452945
0.452947
0.452946
0.452946
0.452946
0.452946
0.452946
0.452946
0.452907
0.452906
0.452906
0.452956
0.452956
0.452885
0.452876
0.452860
0.452913
0.453648
0.456183
0.460989
0.468013
0.476408
0.485727
0.495244
0.504649
0.513626
0.522595
0.531547
0.540434
0.549312
0.558296
0.567612
0.576941
0.586600
0.596098
0.605696
0.615143
0.624130
0.632179
0.638890
0.643903
0.647154
0.648800
0.649168
0.648771
0.647974
0.647076
0.646324
0.645719
0.645362
0.644968
0.644572
0.643976
0.643233
0.642238
0.641245
0.640161
0.639269
0.638387
0.637748
0.637118
0.636631
0.636199
0.635733
0.635389
0.634910
0.634422
0.633741
0.632213
0.629135
0.624234
0.617422
0.609088
0.600089
0.590925
0.581747
0.572900
0.564653
0.557340
0.551161
0.546274
0.542635
0.539967
0.538260
0.537149
0.536378
0.535334
0.534225
0.533009
0.531842
0.530643
0.529709
0.528984
0.528338
0.527772
0.527277
0.527029
0.526506
0.525890
0.525274
0.524585
0.523779
0.522897
0.521951
0.521045
0.520170
0.519289
0.518438
0.517671
0.516851
0.515967
0.515098
0.514161
0.513183
0.512041
0.511144
0.510109
0.509135
0.508038
0.506970
0.505812
0.504702
0.503523
0.502263
0.501082
0.499990
0.498684
0.497462
0.496304
0.495092
0.493779
0.492595
0.491334
0.490188
0.488983
0.487652
0.486514
0.485189
0.483949
0.482761
0.481435
0.480433
0.479092
0.477934
0.476770
0.475617
0.474353
0.473094
0.471929
0.470732
0.469526
0.468414
0.467218
0.466105
0.464916
0.463866
0.462688
0.461677
0.460526
0.459475
0.458450
0.457473
0.456424
0.455476
0.454346
0.453389
0.452367
0.451448
0.450547
0.449532
0.448608
0.447449
0.446567
0.445521
0.444629
0.443734
0.442773
0.441981
0.441153
0.440236
0.439375
0.438450
0.437763
0.437027
0.436220
0.435333
0.434525
0.433701
0.432873
0.432217
0.431556
0.430852
0.430086
0.429380
0.428572
0.427833
0.427065
0.426490
0.425822
0.425207
0.424536
0.423972
0.423273
0.422722
0.422136
0.421511
0.421029
0.420329
0.419796
0.419161
0.418681
0.418037
0.417561
0.416896
0.416427
0.415830
0.415250
0.414810
0.414424
0.413925
0.413459
0.412900
0.412436
0.411886
0.411479
0.410868
0.410330
0.409853
0.409236
0.408752
0.408309
0.407817
0.407234
0.406759
0.406283
0.405782
0.405149
0.404741
0.404243
0.403773
0.403240
0.402917
0.402539
0.402062
0.401538
0.401125
0.400606
0.400047
0.399604
0.399148
0.398649
0.398134
0.397570
0.397103
0.396663
0.396109
0.395640
0.395193
0.394647
0.394088
0.393691
0.393142
0.392579
0.391999
0.391401
0.390991
0.390294
0.389790
0.389279
0.388835
0.388324
0.387937
0.387405
0.386841
0.386352
0.385717
0.385119
0.384544
0.383948
0.383326
0.382692
0.382060
0.381369
0.380843
0.380315
0.379602
0.378769
0.378057
0.377315
0.376529
0.375836
0.375131
0.374298
0.373512
0.372724
0.371997
0.371304
0.370575
0.369830
0.369056
0.368346
0.367640
0.366778
0.366261
0.365646
0.364855
0.364163
0.363557
0.362716
0.362058
0.361295
0.360577
0.360028
0.359432
0.358656
0.358064
0.357489
0.356796
0.356304
0.355954
0.355426
0.354921
0.354464
0.353768
0.353314
0.352716
0.352193
0.351670
0.351196
0.350698
0.350298
0.349731
0.349317
0.348954
0.348540
0.348175
0.347685
0.347316
0.346825
0.346410
0.346002
0.345468
0.345020
0.344651
0.344375
0.344093
0.343733
0.343472
0.343129
0.342770
0.342586
0.342146
0.341857
0.341598
0.341284
0.340993
0.340699
0.340502
0.340345
0.340110
0.339844
0.339631
0.339400
0.339186
0.339009
0.338711
0.338449
0.338201
0.337962
0.337636
0.337455
0.337177
0.336926
0.336637
0.336288
0.336108
0.335869
0.335525
0.335283
0.334905
0.334601
0.334315
0.334072
0.333820
0.333516
0.333317
0.333022
0.332746
0.332476
0.332242
0.332001
0.331792
0.331457
0.331225
0.330935
0.330683
0.330365
0.330109
0.329971
0.329740
0.329537
0.329297
0.329061
0.328754
0.328450
0.328212
0.327914
0.327618
0.327281
0.327053
0.326685
0.326233
0.325938
0.325624
0.325262
0.324964
0.324622
0.324170
0.323871
0.323438
0.323119
0.322765
0.322409
0.322031
0.321573
0.321155
0.320801
0.320450
0.320058
0.319552
0.319180
0.318865
0.318381
0.317910
0.317474
0.317069
0.316689
0.316200
0.315843
0.315430
0.315234
0.314958
0.314600
0.314176
0.313712
0.313233
0.312816
0.312391
0.311895
0.311586
0.311323
0.311109
0.310856
0.310731
0.310514
0.310453
0.310348
0.310138
0.309767
0.309385
0.308788
0.308068
0.307471
0.306806
0.306103
0.305509
0.304838
0.304308
0.303540
0.303008
0.302330
0.301746
0.301058
0.300397
0.299823
0.299180
0.298494
0.297993
0.297369
0.296751
0.296118
0.295621
0.294939
0.294389
0.293807
0.293307
0.292866
0.292279
0.291709
0.291093
0.290607
0.290053
0.289451
0.288896
0.288269
0.287764
0.287217
0.286562
0.285967
0.285373
0.284894
0.284268
0.283754
0.283196
0.282650
0.282042
0.281487
0.280938
0.280345
0.279793
0.279248
0.278648
0.278087
0.277516
0.276985
0.276321
0.275743
0.275248
0.274677
0.274032
0.273499
0.273036
0.272479
0.271871
0.271306
0.270604
0.270057
0.269515
0.268984
0.268326
0.267818
0.267208
0.266661
0.265994
0.265481
0.264826
0.264193
0.263693
0.263026
0.262483
0.261784
0.261199
0.260753
0.260199
0.259577
0.258789
0.257931
0.257219
0.256474
0.255803
0.255144
0.254455
0.253715
0.253054
0.252303
0.251565
0.250712
0.249948
0.249147
0.248334
0.247427
0.246606
0.245778
0.244947
0.244068
0.243317
0.242608
0.241803
0.240923
0.240169
0.239288
0.238487
0.237690
0.237005
0.236196
0.235433
0.234541
0.233729
0.232808
0.232068
0.231237
0.230408
0.229584
0.228770
0.227851
0.227037
0.226212
0.225320
0.224443
0.223633
0.222636
0.221723
0.220902
0.219907
0.218971
0.218079
0.217237
0.216316
0.215436
0.214521
0.213632
0.212758
0.211789
0.210961
0.210023
0.209191
0.208284
0.207414
0.206470
0.205517
0.204692
0.203765
0.202791
0.201921
0.201084
0.200212
0.199357
0.198440
0.197577
0.196636
0.195863
0.195085
0.194294
0.193497
0.192672
0.191885
0.191258
0.190414
0.189720
0.188911
0.188130
0.187295
0.186610
0.185770
0.185001
0.184284
0.183447
0.182701
0.181872
0.181094
0.180326
0.179532
0.178798
0.178046
0.177253
0.176529
0.175753
0.174919
0.174071
0.173254
0.172426
0.171610
0.170723
0.170090
0.169325
0.168615
0.167776
0.166793
0.166057
0.165176
0.164424
0.163558
0.162700
0.161850
0.161039
0.160141
0.159300
0.158397
0.157462
0.156660
0.155873
0.155017
0.154046
0.153206
0.152350
0.151412
0.150529
0.149650
0.148787
0.147828
0.146947
0.146063
0.145174
0.144294
0.143456
0.142513
0.141622
0.140656
0.139863
0.138852
0.137857
0.137009
0.136125
0.135262
0.134322
0.133407
0.132514
0.131809
0.130913
0.129990
0.129179
0.128276
0.127359
0.126515
0.125700
0.124807
0.123976
0.123130
0.122282
0.121466
0.120627
0.119880
0.119047
0.118411
0.117661
0.116978
0.116204
0.115459
0.114761
0.113979
0.113292
0.112570
0.111835
0.111146
0.110496
0.109861
0.109153
0.108442
0.107750
0.107089
0.106577
0.105938
0.105431
0.104859
0.104241
0.103684
0.103043
0.102526
0.102019
0.101478
0.100836
0.100256
0.099707
0.099257
0.098647
0.098216
0.097785
0.097254
0.096882
0.096363
0.095942
0.095588
0.095190
0.094768
0.094315
0.093878
0.093573
0.093192
0.092891
0.092539
0.092197
0.091795
0.091522
0.091057
0.090723
0.090414
0.089992
0.089701
0.089323
0.089001
0.088742
0.088475
0.088080
0.087863
0.087650
0.087283
0.087012
0.086748
0.086450
0.086146
0.085856
0.085548
0.085330
0.085153
0.084872
0.084568
0.084305
0.084153
0.083827
0.083604
0.083496
0.083281
0.083092
0.082892
0.082721
0.082528
0.082310
0.082001
0.081758
0.081616
0.081348
0.081157
0.081011
0.080809
0.080607
0.080432
0.080235
0.080003
0.079822
0.079660
0.079478
0.079180
0.079024
0.078846
0.078701
0.078505
0.078225
0.078124
0.077928
0.077816
0.077637
0.077434
0.077273
0.077063
0.076842
0.076739
0.076565
0.076369
0.076282
0.076128
0.075922
0.075689
0.075471
0.075283
0.075088
0.074867
0.074829
0.074677
0.074515
0.074359
0.074185
0.074019
0.073891
0.073733
0.073649
0.073457
0.073300
0.073150
0.073033
0.072772
0.072668
0.072455
0.072322
0.072228
0.072124
0.071946
0.071814
0.071652
0.071482
0.071351
0.071176
0.071093
0.070903
0.070747
0.070546
0.070480
0.070300
0.070105
0.069995
0.069836
0.069720
0.069546
0.069363
0.069235
0.069116
0.068950
0.068755
0.068595
0.068460
0.068308
0.068248
0.067995
0.067926
0.067823
0.067723
0.067594
0.067463
0.067338
0.067132
0.067073
0.066872
0.066732
0.066633
0.066536
0.066361
0.066214
0.066078
0.065870
0.065787
0.065592
0.065456
0.065283
0.065145
0.064971
0.064799
0.064622
0.064482
0.064321
0.064058
0.063872
0.063719
0.063526
0.063399
0.063158
0.062942
0.062745
0.062499
0.062385
0.062185
0.061930
0.061716
0.061481
0.061306
0.061079
0.060797
0.060527
0.060315
0.060170
0.059936
0.059705
0.059459
0.059150
0.058932
0.058738
0.058476
0.058281
0.057983
0.057756
0.057522
0.057227
0.057010
0.056721
0.056488
0.056192
0.055932
0.055700
0.055352
0.055143
0.054855
0.054646
0.054380
0.053989
0.053743
0.053527
0.053268
0.053034
0.052717
0.052425
0.052204
0.051884
0.051635
0.051379
0.051143
0.050858
0.050583
0.050248
0.050074
0.049828
0.049534
0.049311
0.049138
0.048902
0.048659
0.048447
0.048274
0.048030
0.047782
0.047593
0.047341
0.047027
0.046869
0.046612
0.046415
0.046225
0.046078
0.045977
0.045830
0.045616
0.045469
0.045296
0.045100
0.044900
0.044671
0.044510
0.044365
0.044175
0.044068
0.043912
0.043762
0.043703
0.043506
0.043383
0.043247
0.043087
0.042939
0.042794
0.042702
0.042562
0.042406
0.042337
0.042165
0.042032
0.041845
0.041730
0.041604
0.041395
0.041359
0.041245
0.041136
0.041017
0.040949
0.040888
0.040738
0.040590
0.040506
0.040491
0.040371
0.040256
0.040129
0.040009
0.039928
0.039838
0.039689
0.039573
0.039499
0.039442
0.039353
0.039304
0.039134
0.039096
0.039068
0.038972
0.038820
0.038736
0.038633
0.038607
0.038547
0.038448
0.038374
0.038237
0.038222
0.038125
0.037985
0.037877
0.037853
0.037762
0.037671
0.037594
0.037466
0.037467
0.037403
0.037372
0.037235
0.037143
0.037130
0.037064
0.037006
0.036854
0.036951
0.036813
0.036807
0.036694
0.036583
0.036489
0.036506
0.036390
0.036325
0.036249
0.036203
0.036158
0.036200
0.036122
0.036026
0.035987
0.036039
0.035799
0.035735
0.035720
0.035615
0.035600
0.035467
0.035485
0.035293
0.035224
0.035229
0.035112
0.035091
0.035031
0.034974
0.034969
0.034852
0.034884
0.034825
0.034696
0.034651
0.034495
0.034464
0.034411
0.034289
0.034283
0.034210
0.034175
0.034162
0.034076
0.034020
0.033985
0.033929
0.033889
0.033821
0.033766
0.033767
0.033672
0.033595
0.033599
0.033537
0.033489
0.033401
0.033334
0.033334
0.033275
0.033271
0.033176
0.033125
0.033078
0.033040
0.032991
0.032948
0.032861
0.032858
0.032809
0.032735
0.032736
0.032608
0.032608
0.032593
0.032581
0.032584
0.032557
0.032529
0.032448
0.032507
0.032464
0.032437
0.032442
0.032361
0.032379
0.032330
0.032339
0.032306
0.032296
0.032258
0.032130
0.032144
0.032106
0.032079
0.032048
0.032060
0.032011
0.031983
0.031935
0.031902
0.031866
0.031906
0.031857
0.031857
0.031773
0.031784
0.031736
0.031700
0.031654
0.031667
0.031631
0.031598
0.031550
0.031550
0.031502
0.031492
0.031451
0.031465
0.031417
0.031356
0.031309
0.031346
0.031252
0.031253
0.031189
0.031182
0.031129
0.031098
0.031033
0.031028
0.031008
0.031015
0.030966
0.031012
0.031010
0.030963
0.030963
0.030875
0.030858
0.030812
0.030811
0.030727
0.030727
0.030763
0.030731
0.030731
0.030677
0.030656
0.030611
0.030611
0.030611
0.030552
0.030552
0.030535
0.030536
0.030572
0.030527
0.030527
0.030482
0.030424
0.030424
0.030380
0.030405
0.030405
0.030379
0.030315
0.030315
0.030270
0.030360
0.030320
0.030330
0.030343
0.030324
0.030324
0.030311
0.030238
0.030248
0.030268
0.030234
0.030234
0.030274
0.030246
0.030203
0.030214
0.030235
0.030184
0.030174
0.030174
0.030131
0.030135
0.030120
0.030163
0.030120
0.030120
0.030120
0.030078
0.030101
0.030101
0.030079
0.030008
0.030022
0.030022
0.030043
0.030032
0.029995
0.029995
0.029995
0.029959
0.029984
0.029961
0.029961
0.029919
0.029919
0.029849
0.029866
0.029881
0.029833
0.029790
0.029762
0.029756
0.029779
0.029738
0.029710
0.029710
0.029702
0.029706
0.029694
0.029724
0.029753
0.029753
0.029717
0.029640
0.029640
0.029638
0.029638
0.029638
0.029638
0.029599
0.029574
0.029576
0.029679
0.029726
0.029726
0.029692
0.029692
0.029692
0.029723
0.029723
0.029723
0.029723
0.029647
0.029647
0.029647
0.029687
0.029687
0.029687
0.029653
0.029616
0.029625
0.029629
0.029624
0.029663
0.029674
0.029674
0.029682
0.029654
0.029654
0.029663
0.029673
0.029742
0.029718
0.029718
0.029718
0.029694
0.029694
0.029658
0.029682
0.029716
0.029681
0.029717
0.029717
0.029730
0.029730
0.029731
0.029699
0.029699
0.029734
0.029734
0.029706
0.029766
0.029766
0.029779
0.029779
0.029770
0.029770
0.029805
0.029846
0.029846
0.029846
0.029814
0.029812
0.029863
0.029863
0.029863
0.029793
0.029751
0.029735
0.029728
0.029736
0.029736
0.029730
0.029733
0.029762
0.029726
0.029723
0.029693
0.029766
0.029766
0.029670
0.029668
0.029707
0.029707
0.029668
0.029668
0.029653
0.029653
0.029653
0.029653
0.029691
0.029691
0.029691
0.029691
0.029700
0.029674
0.029674
0.029644
0.029690
0.029690
0.029669
0.029669
0.029669
0.029669
0.029708
0.029708
0.029708
0.029680
0.029712
0.029712
0.029750
0.029759
0.029739
0.029723
0.029729
0.029721
0.029629
0.029636
0.029645
0.029645
0.029654
0.029705
0.029705
0.029716
0.029748
0.029722
0.029805
0.029805
0.029843
0.029864
0.029883
0.029883
0.029883
0.029819
0.029807
0.029777
0.029745
0.029745
0.029745
0.029777
0.029777
0.029791
0.029865
0.029865
0.029898
0.029898
0.029898
0.029898
0.029874
0.029874
0.029850
0.029850
0.029850
0.029850
0.029850
0.029857
0.029825
0.029855
0.029848
0.029841
0.029834
0.029834
0.029807
0.029763
0.029763
0.029722
0.029719
0.029666
0.029663
0.029682
0.029651
0.029718
0.029718
0.029776
0.029775
0.029775
0.029756
0.029756
0.029756
0.029756
0.029756
0.029756
0.029724
0.029667
0.029667
0.029667
0.029636
0.029662
0.029709
0.029714
0.029746
0.029746
0.029746
0.029746
0.029746
0.029746
0.029730
0.029730
0.029698
0.029628
0.029628
0.029628
0.029637
0.029664
0.029675
0.029745
0.029775
0.029767
0.029715
0.029709
0.029719
0.029719
0.029697
0.029704
0.029714
0.029714
0.029701
0.029713
0.029713
0.029674
0.029686
0.029718
0.029738
0.029738
0.029738
0.029741
0.029766
0.029724
0.029719
0.029677
0.029677
0.029677
0.029677
0.029677
0.029690
0.029681
0.029681
0.029665
0.029665
0.029665
0.029665
0.029656
0.029659
0.029659
0.029659
0.029627
0.029627
0.029557
0.029541
0.029523
0.029516
0.029509
0.029509
0.029535
0.029551
0.029510
0.029506
0.029503
0.029503
0.029500
0.029495
0.029464
0.029462
0.029462
0.029462
0.029461
0.029436
0.029436
0.029436
0.029468
0.029469
0.029469
0.029467
0.029467
0.029467
0.029467
0.029427
0.029396
0.029395
0.029395
0.029383
0.029383
0.029383
0.029383
0.029384
0.029384
0.029452
0.029452
0.029452
0.029452
0.029451
0.029457
0.029434
0.029402
0.029372
0.029379
0.029389
0.029389
0.029397
0.029406
0.029406
0.029452
0.029466
0.029498
0.029508
0.029508
0.029477
0.029494
0.029494
0.029455
0.029430
0.029430
0.029430
0.029446
0.029446
0.029496
0.029496
0.029496
0.029496
0.029535
0.029535
0.029567
0.029567
0.029504
0.029485
0.029459
0.029538
0.029571
0.029571
0.029538
0.029470
0.029470
0.029502
0.029502
0.029533
0.029557
0.029557
0.029596
0.029526
0.029525
0.029459
0.029427
0.029454
0.029454
0.029479
0.029435
0.029445
0.029445
0.029409
0.029409
0.029406
0.029453
0.029493
0.029491
0.029491
0.029491
0.029458
0.029490
0.029485
0.029445
0.029445
0.029445
0.029463
0.029433
0.029400
0.029400
0.029440
0.029459
0.029459
0.029459
0.029459
0.029459
0.029479
0.029479
0.029434
0.029434
0.029434
0.029455
0.029455
0.029513
0.029480
0.029480
0.029502
0.029511
0.029515
0.029525
0.029497
0.029527
0.029487
0.029495
0.029537
0.029537
0.029524
0.029574
0.029544
0.029555
0.029555
0.029546
0.029558
0.029558
0.029558
0.029570
0.029595
0.029595
0.029595
0.029628
0.029641
0.029663
0.029689
0.029689
0.029652
0.029652
0.029652
0.029646
0.029646
0.029605
0.029619
0.029619
0.029619
0.029647
0.029647
0.029680
0.029650
0.029650
0.029650
0.029679
0.029679
0.029679
0.029609
0.029600
0.029513
0.029573
0.029567
0.029567
0.029523
0.029518
0.029481
0.029548
0.029576
0.029576
0.029573
0.029573
0.029573
0.029550
0.029511
0.029579
0.029584
0.029584
0.029547
0.029518
0.029518
0.029480
0.029546
0.029546
0.029509
0.029509
0.029509
0.029509
0.029509
0.029542
0.029544
0.029544
0.029511
0.029511
0.029511
0.029511
0.029511
0.029511
0.029578
0.029578
0.029544
0.029544
0.029531
0.029531
0.029575
0.029542
0.029553
0.029565
0.029572
0.029539
0.029514
0.029522
0.029532
0.029532
0.029574
0.029574
0.029585
0.029621
0.029589
0.029600
0.029600
0.029600
0.029612
0.029612
0.029612
0.029612
0.029581
0.029594
0.029594
0.029632
0.029632
0.029632
0.029632
0.029595
0.029565
0.029536
0.029549
0.029549
0.029549
0.029549
0.029549
0.029558
0.029558
0.029558
0.029558
0.029597
0.029559
0.029559
0.029530
0.029425
0.029416
0.029399
0.029392
0.029386
0.029358
0.029353
0.029386
0.029386
0.029382
0.029379
0.029379
0.029349
0.029311
0.029311
0.029309
0.029309
0.029244
0.029216
0.029216
0.029216
0.029216
0.029216
0.029296
0.029271
0.029271
0.029271
0.029271
0.029271
0.029233
0.029248
0.029248
0.029248
0.029248
0.029248
0.029248
0.029186
0.029186
0.029186
0.029224
0.029224
0.029202
0.029241
0.029241
0.029241
0.029211
0.029215
0.029205
0.029211
0.029218
0.029218
0.029199
0.029207
0.029187
0.029196
0.029244
0.029244
0.029255
0.029218
0.029199
0.029210
0.029171
0.029171
0.029218
0.029218
0.029200
0.029200
0.029200
0.029212
0.029212
0.029251
0.029234
0.029234
0.029271
0.029271
0.029271
0.029290
0.029253
0.029227
0.029227
0.029157
0.029157
0.029142
0.029142
0.029142
0.029096
0.029134
0.029171
0.029130
0.029130
0.029166
0.029095
0.029086
0.029057
0.028977
0.028932
0.028932
0.028927
0.028922
0.028906
0.028906
0.028941
0.028978
0.028975
0.028975
0.028964
0.028962
0.028962
0.028962
0.028961
0.028952
0.028876
0.028876
0.028876
0.028839
0.028839
0.028830
0.028906
0.028906
0.028941
0.028941
0.028906
0.028899
0.028899
0.028899
0.028899
0.028899
0.028855
0.028807
0.028807
0.028807
0.028816
0.028816
0.028850
0.028850
0.028850
0.028859
0.028828
0.028838
0.028841
0.028848
0.028848
0.028856
0.028826
0.028859
0.028869
0.028879
0.028879
0.028889
0.028928
0.028927
0.028938
0.028934
0.028934
0.028915
0.028915
0.028916
0.028916
0.028990
0.029003
0.028964
0.028927
0.028958
0.028958
0.028997
0.028962
0.028962
0.028965
0.028965
0.029017
0.029017
0.029017
0.029022
0.029057
0.029057
0.029057
0.029019
0.029019
0.029025
0.028989
0.028989
0.028919
0.028949
0.028932
0.028909
0.028902
0.028902
0.028932
