1.407590
1.237764
1.079274
0.969154
0.909028
0.883983
0.876730
0.877440
0.877884
0.877039
0.875572
0.873966
0.872857
0.871775
0.871135
0.870601
0.869950
0.869431
0.868707
0.868176
0.867564
0.866894
0.866513
0.866137
0.865561
0.865055
0.864739
0.863906
0.863578
0.863372
0.863072
0.863021
0.863087
0.862812
0.862443
0.861775
0.860827
0.859721
0.858272
0.857055
0.855494
0.854104
0.852709
0.851456
0.850219
0.849104
0.847810
0.846521
0.845191
0.843855
0.842557
0.841169
0.839879
0.838826
0.837788
0.836609
0.835460
0.834178
0.833044
0.831822
0.830647
0.829349
0.828219
0.827100
0.826073
0.824835
0.823707
0.822567
0.821383
0.820295
0.819119
0.817965
0.816911
0.815630
0.814609
0.813461
0.812474
0.811426
0.810323
0.809447
0.808490
0.807615
0.806658
0.805517
0.804497
0.803393
0.802400
0.801470
0.800488
0.799738
0.798722
0.797865
0.797086
0.796111
0.795214
0.794293
0.793238
0.792415
0.791565
0.790845
0.790042
0.789047
0.788135
0.786819
0.785756
0.784461
0.783249
0.782047
0.780874
0.779697
0.778522
0.777406
0.776045
0.774952
0.773876
0.772747
0.771691
0.770514
0.769300
0.768268
0.767408
0.766471
0.765610
0.764713
0.763819
0.762883
0.761980
0.760685
0.759668
0.758820
0.757978
0.756521
0.755026
0.753649
0.752279
0.750998
0.749332
0.747705
0.746159
0.744491
0.742993
0.741471
0.739774
0.738386
0.736784
0.735266
0.733495
0.731951
0.730407
0.728914
0.727510
0.726127
0.724554
0.723147
0.722001
0.720865
0.719836
0.718995
0.718328
0.717661
0.716843
0.715940
0.714794
0.713909
0.713014
0.712063
0.711011
0.710133
0.709356
0.708427
0.707511
0.706744
0.705872
0.705147
0.704365
0.703502
0.702826
0.701999
0.701246
0.700750
0.699877
0.699406
0.698874
0.698151
0.697415
0.696848
0.696206
0.695818
0.695374
0.694893
0.694486
0.694178
0.693854
0.693531
0.693098
0.692916
0.692418
0.692227
0.692000
0.691881
0.691502
0.691201
0.691122
0.690871
0.690910
0.690946
0.690716
0.690596
0.690595
0.690561
0.690564
0.690441
0.690639
0.690776
0.690996
0.691017
0.691340
0.691431
0.691652
0.691590
0.691959
0.692247
0.692615
0.692615
0.692771
0.693329
0.693748
0.694197
0.694529
0.694705
0.695334
0.695972
0.696241
0.696701
0.696967
0.697550
0.698286
0.699078
0.699482
0.699941
0.700373
0.701122
0.701961
0.702577
0.702786
0.703300
0.703927
0.704870
0.705599
0.706122
0.706597
0.707592
0.708472
0.709171
0.709862
0.710572
0.711384
0.712328
0.713036
0.713718
0.714756
0.715525
0.716291
0.717314
0.718022
0.718881
0.719603
0.720245
0.721079
0.721719
0.722616
0.723470
0.724387
0.725169
0.726232
0.727066
0.728165
0.728941
0.729774
0.730648
0.731466
0.732186
0.732970
0.733754
0.734605
0.735565
0.736343
0.737474
0.738176
0.739095
0.739899
0.740625
0.741520
0.742389
0.743188
0.743916
0.744699
0.745434
0.746056
0.746860
0.747529
0.748449
0.749305
0.749987
0.750676
0.751609
0.752197
0.753139
0.753896
0.754773
0.755520
0.756392
0.757220
0.757923
0.758907
0.759573
0.760336
0.761215
0.762043
0.762901
0.763743
0.764594
0.765402
0.766203
0.766937
0.767715
0.768647
0.769498
0.770386
0.771125
0.771905
0.772799
0.773607
0.774404
0.775146
0.775849
0.776772
0.777533
0.778356
0.779147
0.780007
0.780888
0.781798
0.782584
0.783376
0.784291
0.785093
0.786134
0.786824
0.787672
0.788487
0.789480
0.790115
0.790901
0.791685
0.792545
0.793286
0.794165
0.794953
0.795805
0.796606
0.797306
0.798092
0.798845
0.799609
0.800451
0.801295
0.802006
0.802696
0.803307
0.804168
0.804973
0.805710
0.806361
0.807153
0.807773
0.808599
0.809257
0.809903
0.810566
0.811293
0.812042
0.812663
0.813406
0.814061
0.814786
0.815369
0.816188
0.816977
0.817622
0.818190
0.818775
0.819572
0.820328
0.821084
0.821669
0.822330
0.823118
0.823788
0.824307
0.825119
0.825704
0.826365
0.827038
0.827696
0.828334
0.828819
0.829495
0.830121
0.830725
0.831405
0.832024
0.832621
0.833191
0.833757
0.834361
0.835109
0.835646
0.836287
0.836808
0.837392
0.837788
0.838439
0.838990
0.839645
0.840022
0.840561
0.841098
0.841654
0.842219
0.842589
0.843239
0.843646
0.844228
0.844615
0.845135
0.845553
0.846031
0.846300
0.846849
0.847256
0.847611
0.848027
0.848454
0.848862
0.849187
0.849607
0.850008
0.850424
0.850662
0.851025
0.851328
0.851596
0.851999
0.852303
0.852575
0.852861
0.853114
0.853389
0.853648
0.853946
0.854143
0.854432
0.854595
0.854825
0.854955
0.855248
0.855435
0.855699
0.855978
0.856002
0.856209
0.856395
0.856658
0.856774
0.856987
0.857141
0.857286
0.857259
0.857568
0.857596
0.857621
0.857712
0.858013
0.858099
0.858186
0.858302
0.858384
0.858452
0.858545
0.858566
0.858630
0.858781
0.858798
0.858962
0.859075
0.859143
0.859154
0.859214
0.859246
0.859421
0.859497
0.859727
0.860087
0.860181
0.860317
0.860593
0.860894
0.861018
0.861257
0.861408
0.861738
0.861966
0.862109
0.862285
0.862520
0.862709
0.862851
0.863033
0.863286
0.863417
0.863743
0.863876
0.863998
0.864222
0.864408
0.864703
0.864847
0.864951
0.865006
0.865233
0.865409
0.865600
0.865756
0.865853
0.865979
0.866044
0.866164
0.866238
0.866441
0.866549
0.866761
0.866793
0.866938
0.866886
0.867087
0.866995
0.867013
0.866912
0.866891
0.866656
0.866588
0.866359
0.866293
0.866093
0.866050
0.865926
0.865858
0.865682
0.865501
0.865499
0.865334
0.865093
0.864963
0.864855
0.864659
0.864392
0.864400
0.864232
0.864126
0.863934
0.863783
0.863685
0.863484
0.863422
0.863213
0.862958
0.862873
0.862748
0.862602
0.862474
0.862240
0.862093
0.861911
0.861672
0.861516
0.861463
0.861191
0.861019
0.861003
0.860708
0.860594
0.860422
0.860251
0.860020
0.859880
0.859766
0.859516
0.859290
0.859141
0.859066
0.858773
0.858811
0.858495
0.858217
0.858025
0.857925
0.857764
0.857568
0.857326
0.857228
0.857062
0.856900
0.856720
0.856563
0.856399
0.856210
0.856034
0.855793
0.855694
0.855489
0.855293
0.855067
0.854965
0.854841
0.854684
0.854430
0.854459
0.854194
0.854029
0.853833
0.853719
0.853477
0.853252
0.853106
0.852961
0.852813
0.852554
0.852518
0.852371
0.852171
0.851972
0.851866
0.851813
0.851616
0.851468
0.851331
0.851037
0.850891
0.850781
0.850628
0.850488
0.850296
0.850200
0.849953
0.849908
0.849763
0.849576
0.849395
0.849157
0.849058
0.848905
0.848712
0.848575
0.848433
0.848390
0.848237
0.848078
0.847948
0.847852
0.847684
0.847473
0.847446
0.847204
0.847016
0.846927
0.846789
0.846702
0.846555
0.846461
0.846287
0.846235
0.846066
0.845987
0.845889
0.845694
0.845669
0.845571
0.845475
0.845367
0.845222
0.845117
0.844985
0.844941
0.844780
0.844749
0.844654
0.844636
0.844578
0.844480
0.844503
0.844326
0.844178
0.844150
0.844057
0.843966
0.843879
0.843797
0.843782
0.843634
0.843543
0.843582
0.843489
0.843498
0.843404
0.843314
0.843224
0.843085
0.842957
0.842884
0.842983
0.842799
0.842737
0.842793
0.842746
0.842693
0.842666
0.842606
0.842565
0.842453
0.842335
0.842295
0.842237
0.842247
0.842236
0.842144
0.842087
0.842048
0.841987
0.841987
0.841949
0.841887
0.841832
0.841849
0.841699
0.841705
0.841617
0.841504
0.841660
0.841573
0.841548
0.841487
0.841450
0.841393
0.841307
0.841278
0.841233
0.841188
0.841119
0.841127
0.841009
0.841050
0.840974
0.840909
0.840914
0.840854
0.840840
0.840771
0.840772
0.840776
0.840735
0.840666
0.840633
0.840635
0.840601
0.840577
0.840586
0.840517
0.840423
0.840461
0.840420
0.840462
0.840393
0.840352
0.840359
0.840318
0.840195
0.840189
0.840169
0.840165
0.840094
0.840153
0.840123
0.840008
0.840059
0.840089
0.840070
0.840080
0.839975
0.840075
0.839957
0.839987
0.839907
0.839892
0.839913
0.839873
0.839852
0.839747
0.839780
0.839710
0.839712
0.839732
0.839693
0.839658
0.839660
0.839568
0.839563
0.839583
0.839544
0.839535
0.839467
0.839445
0.839424
0.839479
0.839469
0.839400
0.839486
0.839369
0.839363
0.839319
0.839369
0.839330
0.839384
0.839396
0.839396
0.839327
0.839327
0.839281
0.839279
0.839235
0.839154
0.839154
0.839192
0.839162
0.839112
0.839112
0.839082
0.838990
0.838983
0.839004
0.839015
0.839014
0.838980
0.838936
0.838872
0.838890
0.838890
0.838865
0.838797
0.838847
0.838847
0.838805
0.838866
0.838940
0.838990
0.838921
0.838922
0.838878
0.838791
0.838812
0.838812
0.838812
0.838825
0.838797
0.838797
0.838749
0.838759
0.838782
0.838782
0.838782
0.838738
0.838674
0.838650
0.838602
0.838654
0.838650
0.838672
0.838672
0.838672
0.838672
0.838658
0.838631
0.838538
0.838536
0.838539
0.838539
0.838526
0.838526
0.838561
0.838564
0.838564
0.838421
0.838421
0.838421
0.838378
0.838410
0.838410
0.838437
0.838384
0.838389
0.838439
0.838439
0.838440
0.838511
0.838490
0.838450
0.838450
0.838361
0.838411
0.838403
0.838403
0.838453
0.838434
0.838439
0.838439
0.838401
0.838359
0.838313
0.838313
0.838305
0.838338
0.838388
0.838349
0.838311
0.838310
0.838310
0.838310
0.838265
0.838265
0.838301
0.838284
0.838270
0.838189
0.838189
0.838249
0.838249
0.838199
0.838249
0.838205
0.838255
0.838204
0.838204
0.838207
0.838189
0.838189
0.838071
0.838071
0.838121
0.838171
0.838171
0.838128
0.838128
0.838129
0.838114
0.838114
0.838176
0.838176
0.838167
0.838167
0.838113
0.838113
0.838163
0.838198
0.838198
0.838156
0.838155
0.838190
0.838178
0.838179
0.838179
0.838143
0.838093
0.838093
0.838093
0.838051
0.838051
0.838051
0.838051
0.838101
0.838109
0.838109
0.838126
0.838127
0.838127
0.838177
0.838203
0.838169
0.838119
0.838119
0.838115
0.838115
0.838115
0.838115
0.838114
0.838114
0.838114
0.838164
0.838164
0.838164
0.838164
0.838136
0.838136
0.838149
0.838108
0.838108
0.838108
0.838070
0.838111
0.838111
0.838111
0.838111
0.838111
0.838111
0.838111
0.838110
0.838110
0.838110
0.838111
0.838111
0.838082
0.838082
0.838082
0.838082
0.838081
0.838081
0.838043
0.838044
0.838080
0.838080
0.838080
0.838180
0.838180
0.838150
0.838150
0.838150
0.838150
0.838150
0.838150
0.838126
0.838126
0.838126
0.838126
0.838127
0.838127
0.838127
0.838213
0.838213
0.838179
0.838229
0.838229
0.838249
0.838249
0.838249
0.838178
0.838178
0.838178
0.838178
0.838212
0.838207
0.838235
0.838235
0.838235
0.838235
0.838235
0.838285
0.838285
0.838235
0.838237
0.838237
0.838187
0.838174
0.838174
0.838174
0.838191
0.838191
0.838191
0.838189
0.838189
0.838190
0.838240
0.838240
0.838203
0.838203
0.838203
0.838239
0.838239
0.838221
0.838221
0.838221
0.838221
0.838221
0.838271
0.838271
0.838271
0.838272
0.838272
0.838272
0.838272
0.838272
0.838306
0.838306
0.838306
0.838306
0.838306
0.838306
0.838296
0.838246
0.838270
0.838278
0.838278
0.838378
0.838378
0.838378
0.838378
0.838365
0.838363
0.838278
0.838278
0.838278
0.838278
0.838278
0.838278
0.838278
0.838278
0.838328
0.838303
0.838339
0.838339
0.838302
0.838302
0.838302
0.838302
0.838302
0.838302
0.838302
0.838302
0.838302
0.838347
0.838347
0.838347
0.838347
0.838347
0.838347
0.838382
0.838382
0.838374
0.838366
0.838416
0.838416
0.838415
0.838415
0.838415
0.838415
0.838451
0.838451
0.838451
0.838451
0.838422
0.838422
0.838473
0.838472
0.838472
0.838472
0.838439
0.838441
0.838441
0.838391
0.838330
0.838330
0.838380
0.838380
0.838380
0.838380
0.838380
0.838380
0.838380
0.838380
0.838380
0.838380
0.838380
0.838380
0.838380
0.838380
0.838380
0.838380
0.838380
0.838380
0.838377
0.838377
0.838356
0.838357
0.838369
0.838369
0.838372
0.838372
0.838372
0.838371
0.838371
0.838371
0.838405
0.838405
0.838371
0.838371
0.838371
0.838372
0.838372
0.838422
0.838422
0.838422
0.838423
0.838423
0.838457
0.838407
0.838407
0.838407
0.838405
0.838405
0.838402
0.838402
0.838369
0.838369
0.838419
0.838476
0.838511
0.838511
0.838511
0.838511
0.838511
0.838511
0.838405
0.838405
0.838405
0.838435
0.838435
0.838485
0.838485
0.838535
0.838535
0.838549
0.838549
0.838549
0.838549
0.838549
0.838549
0.838549
0.838549
0.838499
0.838469
0.838469
0.838469
0.838469
0.838483
0.838483
0.838483
0.838483
0.838483
0.838483
0.838483
0.838483
0.838483
0.838485
0.838485
0.838485
0.838485
0.838485
0.838485
0.838456
0.838456
0.838456
0.838456
0.838456
0.838456
0.838456
0.838456
0.838456
0.838456
0.838456
0.838456
0.838456
0.838456
0.838456
0.838456
0.838456
0.838457
0.838457
0.838457
0.838457
0.838431
0.838431
0.838431
0.838431
0.838431
0.838431
0.838431
0.838431
0.838431
0.838431
0.838448
0.838448
0.838448
0.838448
0.838448
0.838448
0.838498
0.838498
0.838498
0.838498
0.838448
0.838441
0.838476
0.838476
0.838476
0.838476
0.838476
0.838440
0.838440
0.838455
0.838455
0.838455
0.838455
0.838455
0.838455
0.838490
0.838490
0.838490
0.838490
0.838490
0.838490
0.838490
0.838490
0.838490
0.838490
0.838490
0.838455
0.838490
0.838490
0.838490
0.838454
0.838454
0.838454
0.838454
0.838454
0.838454
0.838437
0.838437
0.838487
0.838487
0.838487
0.838487
0.838437
0.838438
0.838438
0.838407
0.838407
0.838407
0.838407
0.838457
0.838421
0.838420
0.838453
0.838453
0.838453
0.838454
0.838454
0.838454
0.838404
0.838404
0.838454
0.838468
0.838468
0.838468
0.838468
0.838468
0.838468
0.838468
0.838468
0.838432
0.838432
0.838432
0.838467
0.838467
0.838467
0.838467
0.838467
0.838467
0.838467
0.838467
0.838406
0.838406
0.838406
0.838406
0.838440
0.838405
0.838405
0.838405
0.838405
0.838405
0.838405
0.838405
0.838405
0.838405
0.838405
0.838405
0.838405
0.838405
0.838405
0.838405
0.838369
0.838369
0.838369
0.838369
0.838369
0.838369
0.838369
0.838419
0.838420
0.838420
0.838420
0.838419
0.838419
0.838369
0.838404
0.838368
0.838368
0.838368
0.838368
0.838368
0.838418
0.838383
0.838383
0.838384
0.838384
0.838384
0.838419
0.838419
0.838418
0.838418
0.838382
0.838382
0.838382
0.838382
0.838382
0.838382
0.838382
0.838382
0.838383
0.838384
0.838384
0.838384
0.838384
0.838384
0.838383
0.838383
0.838383
0.838347
0.838369
0.838369
0.838369
0.838369
0.838369
0.838369
0.838369
0.838370
0.838405
0.838405
0.838405
0.838405
0.838404
0.838404
0.838404
0.838404
0.838369
0.838333
0.838333
0.838368
0.838368
0.838368
0.838370
0.838388
0.838388
0.838388
0.838388
0.838387
0.838386
0.838386
0.838386
0.838386
0.838386
0.838351
0.838351
0.838353
0.838354
0.838513
0.839063
0.840514
0.843563
0.848151
0.853686
0.860458
0.867879
0.875993
0.883944
0.891420
0.900327
0.909872
0.919101
0.928352
0.936815
0.943966
0.949381
0.953372
0.955812
0.956923
0.957282
0.957108
0.956614
0.956363
0.956173
0.955784
0.955346
0.954872
0.954053
0.953210
0.952193
0.951154
0.950389
0.949497
0.948722
0.948398
0.947879
0.947578
0.947371
0.947230
0.946611
0.946008
0.945383
0.944355
0.943551
0.942470
0.941153
0.939845
0.938476
0.936381
0.932338
0.926432
0.918800
0.909625
0.899996
0.890160
0.880613
0.871813
0.863312
0.855352
0.847999
0.840926
0.834333
0.828816
0.824339
0.821197
0.819346
0.818437
0.817981
0.817884
0.817476
0.816444
0.814637
0.812047
0.808398
0.804032
0.799102
0.793732
0.788474
0.784017
0.780668
0.778946
0.778664
0.779124
0.779914
0.780535
0.780356
0.779210
0.777229
0.774929
0.772157
0.769370
0.766903
0.764909
0.763145
0.761480
0.760038
0.758754
0.757093
0.755621
0.753900
0.752172
0.750416
0.748347
0.746216
0.744262
0.742499
0.740482
0.738704
0.736670
0.734647
0.732464
0.730335
0.728316
0.726343
0.724645
0.723038
0.721471
0.720301
0.719094
0.717626
0.716268
0.714669
0.713233
0.711627
0.710005
0.708511
0.707111
0.705902
0.704445
0.703135
0.701525
0.700105
0.698650
0.697250
0.695787
0.694394
0.692919
0.691498
0.690030
0.688671
0.687270
0.685794
0.684473
0.683125
0.681801
0.680496
0.679167
0.677793
0.676495
0.675277
0.673910
0.672585
0.671359
0.669988
0.668488
0.667274
0.665921
0.664882
0.663820
0.662475
0.661105
0.659873
0.658337
0.657140
0.655819
0.654303
0.653099
0.651756
0.650347
0.648917
0.647540
0.646130
0.644601
0.643267
0.641905
0.640330
0.638834
0.637221
0.635832
0.634234
0.632811
0.631313
0.630108
0.628821
0.627474
0.625884
0.624290
0.622717
0.621407
0.619975
0.618517
0.617149
0.615792
0.614239
0.612801
0.611245
0.609464
0.607738
0.606241
0.604800
0.602954
0.601197
0.599348
0.597599
0.595916
0.593974
0.592064
0.589998
0.587905
0.585500
0.582793
0.580119
0.577431
0.574686
0.571807
0.569091
0.566306
0.563484
0.560652
0.557883
0.555149
0.552296
0.549659
0.546801
0.544038
0.541444
0.538690
0.536095
0.533605
0.530944
0.528251
0.525994
0.524338
0.522969
0.521980
0.521207
0.520675
0.520142
0.519585
0.519004
0.518232
0.517334
0.516381
0.515327
0.514213
0.513062
0.511955
0.510279
0.508053
0.505858
0.503539
0.501182
0.498904
0.496511
0.494610
0.493263
0.492437
0.491830
0.491509
0.491278
0.491125
0.491058
0.490923
0.490658
0.490051
0.489139
0.487693
0.486217
0.484376
0.482323
0.480258
0.478388
0.476930
0.476123
0.475458
0.475092
0.474829
0.474791
0.474678
0.474444
0.473873
0.473146
0.472107
0.471045
0.469791
0.468610
0.467337
0.466003
0.464484
0.463202
0.462142
0.461592
0.461495
0.461522
0.461687
0.461916
0.462106
0.462291
0.462248
0.462001
0.461634
0.460779
0.459340
0.457973
0.456449
0.455000
0.453682
0.452542
0.451123
0.449836
0.448730
0.448208
0.447724
0.447451
0.447324
0.447371
0.447369
0.447376
0.447449
0.447282
0.447155
0.446269
0.445043
0.443730
0.442397
0.440959
0.439607
0.438136
0.436779
0.435854
0.434993
0.434303
0.433876
0.433677
0.433454
0.433190
0.432982
0.432648
0.432067
0.430784
0.429561
0.427888
0.426377
0.424745
0.423294
0.421732
0.420532
0.419898
0.419249
0.418638
0.418193
0.417693
0.417079
0.416745
0.416158
0.415437
0.414292
0.412978
0.411708
0.410437
0.409098
0.408046
0.406842
0.405514
0.404344
0.403301
0.402667
0.402163
0.401655
0.401348
0.400914
0.400609
0.400213
0.399259
0.398228
0.396988
0.395797
0.394456
0.393219
0.392135
0.391128
0.390239
0.389332
0.388093
0.386864
0.385493
0.384148
0.382752
0.381433
0.380035
0.378365
0.377085
0.375688
0.374055
0.372366
0.370846
0.369278
0.367595
0.366094
0.364487
0.362913
0.361671
0.360470
0.359225
0.358154
0.356916
0.355961
0.355029
0.353867
0.352723
0.351498
0.350204
0.348959
0.347922
0.346793
0.345591
0.344479
0.343133
0.341992
0.340670
0.339545
0.338315
0.337092
0.335920
0.334749
0.333674
0.332385
0.331212
0.330014
0.328843
0.327612
0.326468
0.325420
0.324135
0.323002
0.321914
0.320674
0.319524
0.318596
0.317378
0.316287
0.315319
0.314153
0.313083
0.312135
0.311006
0.310097
0.308989
0.307978
0.306852
0.305944
0.304864
0.304072
0.303056
0.302144
0.301330
0.300419
0.299436
0.298794
0.298297
0.297554
0.296754
0.296061
0.295273
0.294474
0.293818
0.293047
0.292261
0.291686
0.290912
0.290346
0.289844
0.289202
0.288536
0.288056
0.287522
0.287031
0.286468
0.286017
0.285497
0.284950
0.284455
0.284045
0.283579
0.283174
0.282772
0.282445
0.282096
0.281553
0.281236
0.280868
0.280651
0.280256
0.280000
0.279561
0.279285
0.278956
0.278684
0.278435
0.278256
0.277942
0.277732
0.277482
0.277186
0.276858
0.276501
0.276294
0.275972
0.275777
0.275460
0.275173
0.274883
0.274590
0.274243
0.273950
0.273538
0.273340
0.273009
0.272692
0.272298
0.271994
0.271661
0.271216
0.270976
0.270640
0.270165
0.269879
0.269469
0.269074
0.268696
0.268289
0.267967
0.267548
0.267094
0.267002
0.266526
0.266142
0.265814
0.265503
0.265232
0.264912
0.264675
0.264504
0.264276
0.263907
0.263578
0.263201
0.262871
0.262409
0.261980
0.261442
0.260906
0.260348
0.259774
0.258989
0.258410
0.257857
0.257274
0.256899
0.256396
0.255945
0.255519
0.255118
0.254745
0.254467
0.253962
0.253519
0.252865
0.252320
0.251727
0.251095
0.250398
0.249797
0.249223
0.248752
0.248250
0.247731
0.247353
0.247074
0.246667
0.246336
0.246030
0.245517
0.245072
0.244512
0.243860
0.243460
0.242912
0.242214
0.241560
0.240961
0.240458
0.239974
0.239499
0.239120
0.238680
0.238482
0.238164
0.237873
0.237601
0.237182
0.236742
0.236366
0.235865
0.235320
0.234990
0.234608
0.234427
0.234147
0.233798
0.233536
0.233290
0.232945
0.232880
0.232643
0.232528
0.232450
0.232243
0.232058
0.231904
0.231643
0.231617
0.231349
0.231084
0.230546
0.229895
0.229168
0.228553
0.227794
0.227162
0.226578
0.226001
0.225503
0.225062
0.224436
0.223941
0.223334
0.222570
0.222005
0.221520
0.220709
0.220058
0.219443
0.218628
0.217998
0.217241
0.216552
0.215761
0.215042
0.214347
0.213650
0.212932
0.212202
0.211432
0.210907
0.210152
0.209492
0.208757
0.208049
0.207438
0.206742
0.206135
0.205399
0.204738
0.204092
0.203433
0.202861
0.202245
0.201503
0.200928
0.200344
0.199766
0.199209
0.198662
0.198151
0.197666
0.197127
0.196500
0.195962
0.195559
0.194958
0.194420
0.193985
0.193426
0.193049
0.192518
0.192162
0.191682
0.191185
0.190777
0.190285
0.189812
0.189522
0.189081
0.188703
0.188292
0.187889
0.187549
0.187136
0.186868
0.186426
0.186094
0.185772
0.185470
0.185127
0.184845
0.184388
0.184083
0.183755
0.183480
0.183100
0.182816
0.182537
0.182158
0.181843
0.181563
0.181288
0.180988
0.180729
0.180350
0.180002
0.179808
0.179541
0.179146
0.178753
0.178250
0.177902
0.177597
0.177082
0.176764
0.176421
0.175884
0.175489
0.175027
0.174474
0.174202
0.173603
0.173109
0.172761
0.172251
0.171661
0.171288
0.170918
0.170175
0.169666
0.169318
0.168969
0.168276
0.167594
0.167091
0.166721
0.166101
0.165259
0.164559
0.164051
0.163711
0.163306
0.162557
0.162057
0.161729
0.161111
0.160350
0.159659
0.159154
0.158736
0.158100
0.157256
0.156715
0.156170
0.155518
0.154769
0.154020
0.153475
0.152888
0.152086
0.151354
0.150763
0.150089
0.149242
0.148607
0.147910
0.147015
0.146308
0.145527
0.144729
0.143968
0.143048
0.142196
0.141312
0.140482
0.139591
0.138737
0.137863
0.137081
0.136359
0.135692
0.135174
0.134485
0.133679
0.132900
0.132079
0.131283
0.130389
0.129568
0.128685
0.127812
0.126966
0.126103
0.125286
0.124396
0.123569
0.122747
0.121771
0.120957
0.120117
0.119273
0.118460
0.117514
0.116612
0.115677
0.114893
0.114019
0.113145
0.112340
0.111559
0.110864
0.110166
0.109541
0.108992
0.108447
0.107997
0.107591
0.107100
0.106700
0.106389
0.105981
0.105475
0.105141
0.104809
0.104505
0.104139
0.103908
0.103486
0.103197
0.102951
0.102694
0.102422
0.102063
0.101814
0.101532
0.101219
0.100923
0.100685
0.100474
0.100285
0.099882
0.099696
0.099467
0.099277
0.098954
0.098719
0.098555
0.098282
0.098004
0.097799
0.097565
0.097356
0.097178
0.096957
0.096688
0.096509
0.096312
0.095862
0.095353
0.094654
0.093977
0.093311
0.092769
0.092204
0.091685
0.091144
0.090571
0.089888
0.089332
0.088744
0.088079
0.087591
0.086985
0.086386
0.085815
0.085140
0.084476
0.083832
0.083176
0.082538
0.081925
0.081327
0.080775
0.080202
0.079606
0.079032
0.078412
0.077857
0.077220
0.076545
0.075985
0.075403
0.074854
0.074263
0.073683
0.073105
0.072555
0.072027
0.071586
0.070940
0.070449
0.069815
0.069245
0.068706
0.068167
0.067547
0.066991
0.066416
0.065849
0.065362
0.064887
0.064346
0.063913
0.063361
0.062795
0.062238
0.061675
0.061191
0.060658
0.060224
0.059662
0.059182
0.058624
0.058091
0.057604
0.057146
0.056552
0.056067
0.055616
0.055170
0.054733
0.054402
0.054014
0.053606
0.053219
0.052800
0.052524
0.052104
0.051719
0.051336
0.050964
0.050663
0.050329
0.049932
0.049598
0.049378
0.048978
0.048630
0.048278
0.047996
0.047675
0.047345
0.047080
0.046733
0.046537
0.046220
0.045990
0.045643
0.045414
0.045138
0.044947
0.044673
0.044446
0.044213
0.043934
0.043687
0.043489
0.043254
0.043030
0.042857
0.042548
0.042379
0.042131
0.041916
0.041676
0.041429
0.041352
0.041136
0.040934
0.040764
0.040605
0.040441
0.040209
0.039976
0.039890
0.039731
0.039546
0.039398
0.039230
0.039122
0.038954
0.038786
0.038581
0.038499
0.038391
0.038239
0.038144
0.037969
0.037826
0.037751
0.037653
0.037558
0.037423
0.037274
0.037149
0.037052
0.036971
0.036876
0.036728
0.036621
0.036547
0.036430
0.036338
0.036243
0.036152
0.036105
0.035976
0.035859
0.035827
0.035733
0.035657
0.035613
0.035478
0.035429
0.035381
0.035240
0.035162
0.035008
0.034916
0.034867
0.034813
0.034679
0.034632
0.034605
0.034557
0.034512
0.034440
0.034347
0.034323
0.034281
0.034245
0.034211
0.034151
0.034024
0.033991
0.033970
0.033951
0.033902
0.033837
0.033759
0.033681
0.033625
0.033594
0.033610
0.033566
0.033536
0.033445
0.033415
0.033386
0.033305
0.033233
0.033205
0.033155
0.033065
0.033072
0.033113
0.033094
0.033048
0.033038
0.032944
0.032944
0.032848
0.032779
0.032781
0.032686
0.032686
0.032662
0.032633
0.032629
0.032542
0.032515
0.032470
0.032492
0.032465
0.032488
0.032394
0.032394
0.032349
0.032302
0.032307
0.032262
0.032242
0.032198
0.032178
0.032209
0.032156
0.032107
0.032107
0.032088
0.032047
0.032020
0.031934
0.031934
0.031891
0.031926
0.031883
0.031834
0.031791
0.031820
0.031804
0.031846
0.031715
0.031715
0.031741
0.031741
0.031679
0.031679
0.031709
0.031667
0.031667
0.031621
0.031607
0.031607
0.031517
0.031504
0.031443
0.031443
0.031443
0.031385
0.031309
0.031309
0.031315
0.031315
0.031225
0.031255
0.031284
0.031251
0.031251
0.031202
0.031161
0.031161
0.031143
0.031133
0.031113
0.031113
0.031113
0.031124
0.031034
0.030995
0.030996
0.031026
0.030948
0.030979
0.030979
0.030939
0.030939
0.030951
0.030862
0.030893
0.030893
0.030893
0.030833
0.030833
0.030833
0.030755
0.030706
0.030752
0.030752
0.030698
0.030698
0.030649
0.030673
0.030666
0.030666
0.030698
0.030605
0.030622
0.030583
0.030583
0.030534
0.030551
0.030583
0.030583
0.030583
0.030496
0.030546
0.030546
0.030546
0.030508
0.030540
0.030511
0.030511
0.030483
0.030472
0.030443
0.030405
0.030417
0.030411
0.030411
0.030383
0.030415
0.030378
0.030378
0.030378
0.030433
0.030433
0.030384
0.030346
0.030369
0.030327
0.030278
0.030278
0.030311
0.030335
0.030244
0.030244
0.030206
0.030231
0.030256
0.030256
0.030271
0.030271
0.030220
0.030222
0.030236
0.030236
0.030194
0.030186
0.030220
0.030220
0.030220
0.030182
0.030161
0.030124
0.030124
0.030124
0.030159
0.030227
0.030174
0.030174
0.030120
0.030083
0.030048
0.030078
0.030001
0.030001
0.030035
0.030035
0.030066
0.030067
0.030067
0.030030
0.030030
0.029944
0.029975
0.029953
0.029952
0.029952
0.029895
0.029895
0.029927
0.029927
0.029926
0.029895
0.029895
0.029821
0.029840
0.029839
0.029839
0.029839
0.029804
0.029815
0.029815
0.029801
0.029801
0.029765
0.029765
0.029800
0.029812
0.029812
0.029846
0.029812
0.029764
0.029764
0.029730
0.029697
0.029697
0.029659
0.029688
0.029688
0.029677
0.029712
0.029712
0.029642
0.029657
0.029657
0.029657
0.029694
0.029694
0.029658
0.029626
0.029626
0.029601
0.029635
0.029687
0.029722
0.029688
0.029694
0.029700
0.029601
0.029601
0.029530
0.029495
0.029495
0.029465
0.029465
0.029465
0.029465
0.029483
0.029593
0.029563
0.029563
0.029518
0.029538
0.029522
0.029522
0.029487
0.029493
0.029458
0.029458
0.029458
0.029444
0.029454
0.029425
0.029457
0.029493
0.029455
0.029477
0.029450
0.029414
0.029414
0.029414
0.029437
0.029437
0.029411
0.029375
0.029375
0.029410
0.029375
0.029349
0.029346
0.029370
0.029333
0.029368
0.029333
0.029333
0.029333
0.029299
0.029314
0.029279
0.029240
0.029240
0.029275
0.029221
0.029201
0.029177
0.029177
0.029143
0.029138
0.029156
0.029134
0.029134
0.029134
0.029134
0.029162
0.029162
0.029175
0.029175
0.029175
0.029175
0.029175
0.029120
0.029120
0.029148
0.029148
0.029109
0.029145
0.029145
0.029175
0.029175
0.029175
0.029091
0.029091
0.029091
0.029091
0.029091
0.029091
0.029070
0.029070
0.029070
0.029070
0.029070
0.029085
0.029047
0.029047
0.029047
0.029040
0.029024
0.029027
0.029027
0.029027
0.029024
0.029010
0.029010
0.029010
0.029010
0.028983
0.028969
0.029002
0.029002
0.029025
0.029025
0.029025
0.029012
0.029012
0.029012
0.029012
0.029084
0.029025
0.029025
0.028990
0.028990
0.028990
0.028982
0.028981
0.028947
0.028947
0.028947
0.028937
0.028937
0.028937
0.028937
0.028937
0.028929
0.028929
0.028929
0.028963
0.028929
0.028922
0.028922
0.028922
0.028922
0.028960
0.028996
0.028990
0.028990
0.028990
0.028990
0.028990
0.028951
0.028977
0.028977
0.028928
0.028897
0.028893
0.028929
0.028929
0.028965
0.028963
0.028961
0.028995
0.028995
0.028995
0.028959
0.028923
0.028923
0.028923
0.028962
0.028962
0.029034
0.029034
0.029034
0.029034
0.029002
0.029002
0.029001
0.028969
0.029002
0.029002
0.029002
0.028971
0.028971
0.029008
0.029008
0.029008
0.029012
0.029012
0.028980
0.028980
0.028980
0.028986
0.028986
0.028986
0.028986
0.028986
0.028993
0.028993
0.028999
0.029039
0.029039
0.029047
0.029047
0.029047
0.029024
0.029024
0.029034
0.029034
0.029062
0.029062
0.029062
0.029073
0.029037
0.029037
0.029003
0.029003
0.028984
0.028984
0.029023
0.028975
0.028975
0.028989
0.028989
0.028989
0.028989
0.028989
0.029003
0.029003
0.029003
0.028982
0.028982
0.029001
0.029001
0.028970
0.028970
0.028970
0.028987
0.028987
0.029026
0.029026
0.029026
0.029043
0.029043
0.029043
0.029043
0.029043
0.029062
0.029062
0.029062
0.029062
0.029032
0.029052
0.029052
0.029092
0.029092
0.029092
0.029113
0.029113
0.029113
0.029079
0.029079
0.029101
0.029101
0.029065
0.029065
0.029036
0.029058
0.029094
0.029094
0.029094
0.029133
0.029157
0.029157
0.029157
0.029157
0.029121
0.029107
0.029065
0.029065
0.029036
0.029036
0.029062
0.029101
0.029101
0.029101
0.029101
0.029101
0.029127
0.029127
0.029127
0.029127
0.029127
0.029127
0.029126
0.029126
0.029126
0.029052
0.029052
0.029052
0.029115
0.029115
0.029115
0.029085
0.029085
0.029085
0.029115
0.029116
0.029082
0.029082
0.029044
0.029044
0.029044
0.029074
0.029041
0.029074
0.029074
0.029074
0.029045
0.029045
0.029084
0.029115
0.029050
0.029050
0.029080
0.029080
0.029080
0.029080
0.029115
0.029115
0.029115
0.029149
0.029077
0.029047
0.029047
0.029087
0.029120
0.029120
0.029093
0.029093
0.029053
0.029119
0.029050
0.029050
0.029050
0.029084
0.029119
0.029083
0.029083
0.029093
0.029059
0.029059
0.029059
0.029059
0.029067
0.029034
0.029070
0.029070
0.029027
0.028994
0.029027
0.029027
0.028991
0.028991
0.029001
0.029035
0.029003
0.029039
0.029039
0.029043
0.029016
0.029016
0.028982
0.028951
0.028985
0.029014
0.028996
0.028960
0.028960
0.028931
0.028937
0.028937
0.028937
0.028904
0.028904
0.028877
0.028877
0.028847
0.028920
0.028920
0.028884
0.028884
0.028884
0.028856
0.028856
0.028856
0.028856
0.028859
0.028859
0.028859
0.028805
0.028805
0.028839
0.028839
0.028839
0.028802
0.028776
0.028776
0.028776
0.028776
0.028776
0.028743
0.028717
0.028753
0.028753
0.028753
0.028761
0.028761
0.028736
0.028736
0.028736
0.028700
0.028700
0.028700
0.028676
0.028643
0.028643
0.028643
0.028643
0.028643
0.028689
0.028664
0.028664
0.028664
0.028676
0.028676
0.028618
0.028618
0.028618
0.028509
0.028509
0.028509
0.028509
0.028488
0.028555
0.028597
0.028608
0.028608
0.028608
0.028589
0.028589
0.028546
0.028509
0.028443
0.028443
0.028424
0.028424
0.028424
0.028457
0.028457
0.028432
0.028415
0.028494
0.028485
0.028485
0.028451
0.028451
0.028402
0.028365
0.028365
0.028365
0.028365
0.028398
0.028383
0.028358
0.028358
0.028358
0.028358
0.028395
0.028381
0.028381
0.028348
0.028348
0.028348
0.028311
0.028298
0.028332
0.028307
0.028307
0.028307
0.028307
0.028296
0.028296
0.028296
0.028332
0.028299
0.028299
0.028289
0.028289
0.028289
0.028286
0.028261
0.028261
0.028205
0.028165
0.028165
0.028165
0.028165
0.028205
0.028164
0.028201
0.028201
0.028201
0.028201
0.028210
0.028210
0.028167
0.028167
0.028127
0.028127
0.028127
0.028127
0.028122
0.028089
0.028089
0.028129
0.028166
0.028166
0.028172
0.028172
0.028172
0.028172
0.028172
0.028096
0.028094
0.028094
0.028094
0.028060
0.028048
0.028048
0.028047
0.028084
0.028117
0.028134
0.028094
0.028094
0.028095
0.028095
0.028095
0.028058
0.028058
0.028025
0.028027
0.028027
0.028027
0.028027
0.028060
0.028097
0.028078
0.028078
0.028078
0.028078
0.028078
0.028078
0.028083
0.028050
0.027980
0.027980
0.027980
0.027980
0.028019
0.028019
0.028089
0.028089
0.028089
0.028067
0.028075
0.028075
0.028075
0.028075
0.028042
0.028009
0.028014
0.028014
0.028014
0.028014
0.028014
0.028014
0.028062
0.028062
0.028094
0.028073
0.028073
0.028073
0.028084
0.028084
0.028052
0.028052
0.028052
0.028028
0.028028
0.028028
0.028028
0.028028
0.028065
0.028079
0.028079
0.028029
0.027995
0.027995
0.028044
0.028044
0.028073
0.028073
0.028073
0.028073
0.028090
0.028090
0.028090
0.028090
0.028090
0.028108
0.028091
0.028091
0.028124
0.028103
0.028122
0.028122
0.028122
0.028151
0.028151
0.028151
0.028171
0.028171
0.028171
0.028171
0.028171
0.028162
0.028162
0.028162
0.028162
0.028162
0.028184
0.028184
0.028184
0.028213
0.028213
0.028236
0.028216
0.028216
0.028194
0.028194
0.028204
0.028228
0.028228
0.028228
0.028228
0.028228
0.028211
0.028211
0.028211
0.028211
0.028201
0.028201
0.028263
0.028263
0.028263
0.028263
0.028197
0.028264
0.028264
0.028264
0.028264
