1.512584
1.343604
1.186153
1.077006
1.017475
0.992647
0.985300
0.985821
0.986175
0.985468
0.984093
0.982716
0.981969
0.981737
0.982130
0.982234
0.981975
0.981716
0.981256
0.980694
0.979932
0.979061
0.978391
0.977575
0.976618
0.975553
0.974412
0.972867
0.971730
0.970610
0.969517
0.968519
0.967571
0.966687
0.965857
0.964800
0.963922
0.963047
0.962137
0.961177
0.960270
0.959317
0.958222
0.957446
0.956739
0.955893
0.954894
0.953844
0.952723
0.951542
0.950306
0.949292
0.948348
0.947224
0.946271
0.945137
0.944106
0.943039
0.941920
0.940796
0.939717
0.938567
0.937775
0.936917
0.936363
0.935555
0.934598
0.933425
0.932459
0.931282
0.930174
0.929253
0.928172
0.927012
0.926059
0.925024
0.924148
0.923216
0.922383
0.921275
0.920290
0.919501
0.918576
0.917772
0.916695
0.915959
0.915189
0.914436
0.913624
0.912617
0.912028
0.911180
0.910640
0.909739
0.909110
0.908369
0.907725
0.907058
0.906382
0.905906
0.905739
0.905327
0.905017
0.904531
0.904186
0.903924
0.903270
0.902951
0.902372
0.902039
0.901766
0.901318
0.901032
0.900854
0.900676
0.900563
0.900608
0.900694
0.900569
0.900481
0.900673
0.900459
0.900687
0.900699
0.900603
0.900566
0.900817
0.900799
0.901013
0.901041
0.901307
0.901478
0.901532
0.901510
0.901477
0.901432
0.901328
0.901273
0.901445
0.901536
0.901375
0.901528
0.901558
0.901521
0.901186
0.901091
0.900971
0.900961
0.900875
0.900861
0.900826
0.900906
0.901029
0.901012
0.901174
0.901197
0.901297
0.901214
0.901030
0.901125
0.900925
0.901051
0.900884
0.900878
0.900702
0.900431
0.900170
0.900128
0.900067
0.900013
0.900252
0.899987
0.900038
0.899904
0.899805
0.899627
0.899538
0.899247
0.898956
0.898685
0.898290
0.897947
0.897584
0.897406
0.897005
0.896776
0.896412
0.896177
0.896059
0.895948
0.895581
0.895223
0.894969
0.894755
0.894313
0.893993
0.893699
0.893226
0.892719
0.892464
0.891986
0.891685
0.891210
0.890640
0.890270
0.889773
0.889517
0.889311
0.889013
0.888899
0.888700
0.888681
0.888307
0.887660
0.887209
0.886667
0.886020
0.885589
0.884779
0.884256
0.883810
0.883218
0.882555
0.882098
0.881596
0.881088
0.880531
0.880026
0.879415
0.878766
0.878413
0.877938
0.877400
0.876944
0.876334
0.875838
0.875311
0.874754
0.874568
0.874258
0.873721
0.873311
0.872788
0.872406
0.871837
0.871238
0.871033
0.870581
0.870034
0.869644
0.869165
0.868549
0.868136
0.867872
0.867397
0.867002
0.866552
0.866239
0.865774
0.865469
0.864980
0.864732
0.864273
0.863805
0.863510
0.863159
0.862717
0.862421
0.862059
0.861672
0.861167
0.860703
0.860314
0.859998
0.860002
0.859599
0.859327
0.858840
0.858599
0.858306
0.858203
0.857742
0.857583
0.857482
0.857340
0.857120
0.856784
0.856689
0.856526
0.856160
0.855618
0.855489
0.855177
0.854944
0.854628
0.854375
0.854194
0.853930
0.853731
0.853465
0.853110
0.853030
0.852879
0.852860
0.852775
0.852598
0.852422
0.852211
0.852124
0.852040
0.851749
0.851537
0.851397
0.851193
0.851072
0.850944
0.850770
0.850729
0.850436
0.850386
0.850198
0.850072
0.849964
0.849742
0.849604
0.849373
0.849559
0.849549
0.849344
0.849236
0.849060
0.848899
0.848878
0.848810
0.848673
0.848495
0.848428
0.848351
0.848292
0.848197
0.848006
0.848087
0.847831
0.847673
0.847585
0.847614
0.847459
0.847464
0.847293
0.847383
0.847495
0.847573
0.847544
0.847572
0.847608
0.847586
0.847737
0.847623
0.847646
0.847693
0.847824
0.847838
0.847745
0.847823
0.847748
0.847760
0.847722
0.847788
0.847721
0.847801
0.847858
0.847958
0.848028
0.848065
0.848116
0.848367
0.848486
0.848537
0.848651
0.848806
0.848714
0.848861
0.848845
0.849022
0.848962
0.848906
0.848959
0.848723
0.848674
0.848622
0.848710
0.848701
0.848626
0.848687
0.848655
0.848734
0.848721
0.848688
0.848657
0.848628
0.848674
0.848639
0.848764
0.848604
0.848546
0.848835
0.848796
0.848646
0.848525
0.848553
0.848547
0.848413
0.848327
0.848204
0.848210
0.847960
0.848009
0.847921
0.847860
0.847684
0.847612
0.847439
0.847574
0.847354
0.847292
0.847034
0.846786
0.846666
0.846600
0.846326
0.846230
0.846180
0.846099
0.845868
0.845697
0.845537
0.845307
0.845303
0.845193
0.845160
0.844960
0.844691
0.844537
0.844258
0.844017
0.843864
0.843484
0.843324
0.843089
0.842792
0.842686
0.842476
0.842297
0.842004
0.841811
0.841654
0.841403
0.841095
0.840772
0.840615
0.840259
0.840144
0.839872
0.839498
0.839288
0.839089
0.838784
0.838517
0.838305
0.837913
0.837685
0.837379
0.837108
0.836903
0.836697
0.836330
0.835946
0.835719
0.835395
0.835171
0.834781
0.834453
0.834160
0.833744
0.833333
0.833063
0.832759
0.832303
0.832039
0.831599
0.831316
0.830980
0.830465
0.830119
0.829703
0.829202
0.828894
0.828454
0.828158
0.827683
0.827357
0.826944
0.826515
0.826109
0.825636
0.825187
0.824738
0.824236
0.823797
0.823390
0.823116
0.822606
0.822144
0.821682
0.821284
0.820751
0.820268
0.819732
0.819329
0.818844
0.818275
0.817819
0.817328
0.816820
0.816116
0.815597
0.815151
0.814699
0.814071
0.813575
0.813070
0.812477
0.811959
0.811435
0.810971
0.810434
0.809915
0.809429
0.808861
0.808290
0.807827
0.807369
0.806936
0.806429
0.806028
0.805588
0.804970
0.804692
0.804360
0.804023
0.803527
0.803150
0.802631
0.802214
0.801863
0.801310
0.800815
0.800375
0.800015
0.799611
0.799152
0.798813
0.798537
0.798041
0.797822
0.797452
0.796939
0.796648
0.796206
0.795925
0.795570
0.795224
0.794834
0.794572
0.794118
0.793872
0.793559
0.793199
0.792855
0.792543
0.792462
0.792152
0.791739
0.791552
0.791344
0.791098
0.790800
0.790563
0.790358
0.789974
0.789774
0.789639
0.789335
0.789107
0.788889
0.788528
0.788439
0.788178
0.787935
0.787690
0.787437
0.787314
0.787032
0.786779
0.786594
0.786381
0.786158
0.786010
0.785843
0.785609
0.785376
0.785351
0.785085
0.784884
0.784679
0.784641
0.784606
0.784411
0.784325
0.784043
0.784055
0.783818
0.783587
0.783400
0.783319
0.783161
0.782994
0.782842
0.782797
0.782785
0.782572
0.782412
0.782328
0.782198
0.782104
0.781923
0.781767
0.781661
0.781576
0.781512
0.781407
0.781226
0.781282
0.781262
0.781132
0.781143
0.780911
0.780867
0.780696
0.780681
0.780454
0.780414
0.780297
0.780171
0.780115
0.779937
0.779864
0.779771
0.779778
0.779876
0.779747
0.779644
0.779577
0.779521
0.779474
0.779412
0.779355
0.779301
0.779182
0.779092
0.778951
0.778972
0.778957
0.779001
0.778897
0.778755
0.778680
0.778631
0.778681
0.778570
0.778499
0.778400
0.778407
0.778294
0.778287
0.778265
0.778101
0.778057
0.778071
0.778026
0.778002
0.777959
0.777882
0.777808
0.777802
0.777738
0.777694
0.777585
0.777540
0.777510
0.777523
0.777534
0.777445
0.777460
0.777356
0.777352
0.777360
0.777264
0.777320
0.777151
0.777158
0.777150
0.777173
0.777223
0.777146
0.777097
0.777147
0.777062
0.776986
0.776969
0.776959
0.776873
0.776856
0.776809
0.776741
0.776747
0.776778
0.776735
0.776742
0.776630
0.776630
0.776621
0.776586
0.776581
0.776481
0.776466
0.776516
0.776467
0.776367
0.776318
0.776275
0.776347
0.776267
0.776317
0.776322
0.776281
0.776216
0.776098
0.776009
0.776056
0.775965
0.776061
0.776073
0.776017
0.776039
0.776031
0.775995
0.775951
0.775902
0.775960
0.776023
0.775934
0.775943
0.775893
0.775815
0.775815
0.775730
0.775746
0.775719
0.775746
0.775715
0.775715
0.775685
0.775692
0.775692
0.775645
0.775679
0.775688
0.775593
0.775565
0.775503
0.775522
0.775515
0.775469
0.775579
0.775544
0.775517
0.775510
0.775510
0.775436
0.775473
0.775518
0.775454
0.775454
0.775404
0.775358
0.775442
0.775387
0.775364
0.775364
0.775330
0.775257
0.775256
0.775238
0.775252
0.775254
0.775281
0.775293
0.775286
0.775246
0.775296
0.775313
0.775280
0.775280
0.775206
0.775206
0.775166
0.775133
0.775168
0.775167
0.775193
0.775189
0.775189
0.775119
0.775055
0.775055
0.775105
0.775137
0.775109
0.775077
0.775106
0.775028
0.775028
0.774984
0.774983
0.774944
0.774944
0.774981
0.774942
0.774904
0.774867
0.774868
0.774801
0.774835
0.774834
0.774834
0.774796
0.774828
0.774810
0.774846
0.774809
0.774780
0.774779
0.774779
0.774742
0.774792
0.774842
0.774791
0.774704
0.774707
0.774680
0.774680
0.774595
0.774595
0.774645
0.774645
0.774711
0.774760
0.774734
0.774698
0.774698
0.774591
0.774591
0.774591
0.774541
0.774544
0.774520
0.774520
0.774520
0.774520
0.774486
0.774485
0.774501
0.774478
0.774455
0.774397
0.774447
0.774447
0.774447
0.774429
0.774395
0.774395
0.774407
0.774407
0.774370
0.774339
0.774339
0.774338
0.774356
0.774356
0.774219
0.774214
0.774214
0.774249
0.774249
0.774217
0.774217
0.774217
0.774196
0.774240
0.774275
0.774207
0.774207
0.774226
0.774226
0.774225
0.774225
0.774175
0.774175
0.774144
0.774107
0.774107
0.774141
0.774111
0.774111
0.774111
0.774092
0.774073
0.774073
0.773956
0.773991
0.773991
0.774041
0.774043
0.774024
0.773996
0.773957
0.773955
0.773955
0.773905
0.773940
0.773940
0.773933
0.773916
0.773848
0.773850
0.773900
0.773900
0.773900
0.773872
0.773872
0.773833
0.773818
0.773853
0.773853
0.773853
0.773848
0.773848
0.773809
0.773809
0.773745
0.773767
0.773767
0.773767
0.773775
0.773736
0.773736
0.773736
0.773779
0.773789
0.773839
0.773839
0.773774
0.773774
0.773774
0.773774
0.773809
0.773757
0.773729
0.773726
0.773726
0.773699
0.773699
0.773724
0.773724
0.773724
0.773713
0.773675
0.773675
0.773675
0.773710
0.773685
0.773685
0.773684
0.773638
0.773638
0.773638
0.773663
0.773663
0.773663
0.773663
0.773663
0.773600
0.773593
0.773557
0.773507
0.773542
0.773592
0.773592
0.773592
0.773555
0.773575
0.773575
0.773575
0.773500
0.773500
0.773500
0.773500
0.773464
0.773464
0.773459
0.773459
0.773459
0.773544
0.773544
0.773544
0.773571
0.773536
0.773562
0.773508
0.773508
0.773508
0.773508
0.773508
0.773486
0.773486
0.773452
0.773450
0.773450
0.773450
0.773450
0.773478
0.773528
0.773478
0.773478
0.773420
0.773455
0.773455
0.773455
0.773455
0.773455
0.773455
0.773455
0.773455
0.773456
0.773456
0.773424
0.773424
0.773424
0.773453
0.773453
0.773453
0.773455
0.773455
0.773455
0.773455
0.773414
0.773458
0.773427
0.773427
0.773430
0.773430
0.773342
0.773342
0.773342
0.773342
0.773342
0.773342
0.773347
0.773347
0.773347
0.773319
0.773349
0.773349
0.773349
0.773349
0.773305
0.773341
0.773296
0.773296
0.773296
0.773296
0.773296
0.773346
0.773332
0.773332
0.773353
0.773353
0.773303
0.773265
0.773266
0.773275
0.773275
0.773275
0.773275
0.773275
0.773275
0.773275
0.773285
0.773285
0.773285
0.773285
0.773285
0.773262
0.773262
0.773262
0.773259
0.773259
0.773259
0.773259
0.773222
0.773222
0.773254
0.773267
0.773267
0.773267
0.773267
0.773314
0.773314
0.773314
0.773328
0.773328
0.773328
0.773328
0.773308
0.773287
0.773270
0.773233
0.773233
0.773234
0.773234
0.773284
0.773284
0.773300
0.773300
0.773300
0.773286
0.773321
0.773321
0.773321
0.773338
0.773338
0.773339
0.773303
0.773303
0.773303
0.773353
0.773371
0.773372
0.773372
0.773372
0.773372
0.773372
0.773324
0.773324
0.773325
0.773375
0.773370
0.773334
0.773334
0.773355
0.773405
0.773405
0.773405
0.773455
0.773455
0.773527
0.773527
0.773562
0.773562
0.773512
0.773512
0.773550
0.773572
0.773537
0.773537
0.773587
0.773554
0.773554
0.773577
0.773577
0.773577
0.773577
0.773577
0.773577
0.773602
0.773552
0.773552
0.773552
0.773552
0.773552
0.773518
0.773575
0.773576
0.773576
0.773576
0.773576
0.773576
0.773576
0.773589
0.773675
0.773675
0.773675
0.773675
0.773675
0.773704
0.773730
0.773730
0.773696
0.773696
0.773661
0.773662
0.773662
0.773690
0.773690
0.773690
0.773690
0.773690
0.773690
0.773690
0.773690
0.773770
0.773770
0.773769
0.773769
0.773769
0.773735
0.773735
0.773736
0.773765
0.773765
0.773766
0.773801
0.773801
0.773801
0.773801
0.773801
0.773851
0.773881
0.773846
0.773854
0.773816
0.773816
0.773817
0.773783
0.773783
0.773783
0.773814
0.773814
0.773814
0.773814
0.773864
0.773864
0.773864
0.773864
0.773864
0.773865
0.773897
0.773897
0.773897
0.773897
0.773897
0.773897
0.773947
0.773982
0.773949
0.773912
0.773877
0.773910
0.773911
0.773911
0.773911
0.773911
0.773961
0.773961
0.773961
0.773961
0.773961
0.773961
0.773994
0.774044
0.774044
0.774044
0.774095
0.774095
0.774010
0.774010
0.773927
0.773926
0.773926
0.773927
0.774027
0.774112
0.774112
0.774077
0.774077
0.774064
0.774099
0.774100
0.774100
0.774015
0.774065
0.774065
0.774065
0.774065
0.774064
0.774150
0.774150
0.774150
0.774200
0.774200
0.774200
0.774168
0.774085
0.774085
0.774085
0.774085
0.774135
0.774135
0.774135
0.774185
0.774184
0.774149
0.774196
0.774282
0.774250
0.774250
0.774200
0.774201
0.774229
0.774229
0.774279
0.774279
0.774279
0.774279
0.774329
0.774298
0.774298
0.774347
0.774347
0.774347
0.774265
0.774265
0.774265
0.774266
0.774316
0.774285
0.774323
0.774323
0.774373
0.774373
0.774338
0.774388
0.774388
0.774337
0.774308
0.774308
0.774308
0.774308
0.774358
0.774372
0.774372
0.774372
0.774407
0.774428
0.774428
0.774478
0.774428
0.774428
0.774428
0.774392
0.774392
0.774363
0.774413
0.774417
0.774417
0.774418
0.774418
0.774418
0.774418
0.774440
0.774440
0.774406
0.774406
0.774406
0.774406
0.774405
0.774455
0.774428
0.774428
0.774428
0.774428
0.774429
0.774479
0.774479
0.774479
0.774453
0.774452
0.774452
0.774452
0.774502
0.774502
0.774501
0.774476
0.774526
0.774526
0.774576
0.774576
0.774577
0.774577
0.774612
0.774588
0.774538
0.774588
0.774588
0.774607
0.774607
0.774573
0.774549
0.774598
0.774598
0.774598
0.774598
0.774598
0.774599
0.774599
0.774627
0.774627
0.774627
0.774627
0.774627
0.774627
0.774677
0.774656
0.774656
0.774655
0.774655
0.774655
0.774705
0.774706
0.774706
0.774685
0.774685
0.774685
0.774735
0.774735
0.774735
0.774735
0.774716
0.774716
0.774766
0.774765
0.774765
0.774765
0.774765
0.774748
0.774798
0.774833
0.774800
0.774800
0.774800
0.774800
0.774833
0.774833
0.774833
0.774833
0.774833
0.774833
0.774883
0.774867
0.774867
0.774867
0.774867
0.774867
0.774917
0.774917
0.774902
0.774902
0.774902
0.774870
0.774920
0.774920
0.774920
0.774907
0.774907
0.774907
0.774957
0.774957
0.774957
0.774957
0.774945
0.775043
0.775126
0.775633
0.777240
0.780496
0.785184
0.791200
0.797730
0.804611
0.812225
0.820344
0.829007
0.837943
0.847203
0.856778
0.865959
0.874346
0.881539
0.887393
0.891154
0.893459
0.894530
0.894788
0.894373
0.894015
0.893851
0.893633
0.893021
0.892385
0.891954
0.891523
0.890899
0.889952
0.889194
0.888487
0.887864
0.887175
0.886856
0.886509
0.886153
0.885876
0.885551
0.885037
0.884535
0.884053
0.883340
0.882231
0.881107
0.880085
0.878937
0.877864
0.875379
0.870993
0.864381
0.855733
0.845323
0.834246
0.822978
0.812005
0.801397
0.791306
0.781135
0.771198
0.761199
0.750958
0.740803
0.730949
0.722136
0.715611
0.712720
0.712807
0.714223
0.715774
0.716295
0.716027
0.714325
0.711402
0.707363
0.702564
0.697007
0.691139
0.685477
0.680669
0.678291
0.678803
0.680624
0.682396
0.683574
0.683726
0.683063
0.682052
0.680485
0.678468
0.676371
0.674157
0.672147
0.670177
0.667831
0.665406
0.662968
0.660401
0.658028
0.655997
0.654061
0.652553
0.651235
0.650181
0.649182
0.648368
0.647318
0.646078
0.644830
0.643350
0.641786
0.640204
0.638498
0.636545
0.634681
0.632823
0.630851
0.629019
0.627242
0.625383
0.623612
0.622011
0.620574
0.619435
0.618547
0.617870
0.617353
0.616795
0.616320
0.615900
0.615320
0.614633
0.614031
0.613339
0.612523
0.611766
0.610940
0.610333
0.609821
0.609080
0.608352
0.607628
0.606795
0.605994
0.605307
0.604433
0.603640
0.603013
0.602452
0.601771
0.601376
0.601029
0.600567
0.599987
0.599554
0.598998
0.598583
0.598058
0.597428
0.597039
0.596598
0.596092
0.595693
0.595071
0.594721
0.594306
0.593921
0.593415
0.592959
0.592443
0.591918
0.591618
0.591090
0.590594
0.589925
0.589331
0.588708
0.588141
0.587608
0.586848
0.586320
0.585665
0.585173
0.584508
0.583958
0.583397
0.582769
0.581984
0.581189
0.580515
0.579860
0.579107
0.578227
0.577268
0.576244
0.575119
0.574048
0.572850
0.571678
0.570599
0.569426
0.568514
0.567435
0.566356
0.565242
0.564055
0.562983
0.561938
0.560830
0.559940
0.558970
0.558181
0.557263
0.556524
0.555609
0.554745
0.553834
0.553083
0.552084
0.551277
0.550344
0.549579
0.548742
0.547952
0.547184
0.546437
0.545525
0.544803
0.543917
0.543169
0.542185
0.541471
0.540341
0.539271
0.538267
0.537333
0.536158
0.534904
0.533791
0.532708
0.531433
0.530413
0.529388
0.528232
0.527388
0.526314
0.525525
0.524804
0.523807
0.522729
0.521422
0.520301
0.519007
0.517783
0.516524
0.515232
0.513968
0.512693
0.511235
0.509741
0.508543
0.507303
0.506288
0.505216
0.503895
0.502316
0.500606
0.499042
0.497531
0.495986
0.494748
0.493791
0.492786
0.491881
0.490883
0.489871
0.488339
0.486578
0.484771
0.482910
0.481087
0.479198
0.477296
0.475333
0.473576
0.471679
0.469851
0.467992
0.466182
0.464422
0.462536
0.460580
0.459251
0.458021
0.456866
0.455763
0.454582
0.453558
0.452359
0.451369
0.449780
0.448209
0.446553
0.445111
0.443562
0.441909
0.440569
0.438999
0.437333
0.435811
0.434277
0.432777
0.431228
0.429751
0.428304
0.426775
0.425266
0.423774
0.422242
0.420755
0.419341
0.417838
0.416458
0.415143
0.413647
0.412368
0.410968
0.409548
0.408209
0.406762
0.405398
0.403618
0.402231
0.400747
0.399057
0.397379
0.395931
0.394524
0.392963
0.391372
0.389934
0.388449
0.387073
0.385614
0.384014
0.382538
0.381160
0.379795
0.378288
0.376919
0.375395
0.373987
0.372496
0.371157
0.369648
0.368341
0.366933
0.365346
0.363912
0.362502
0.361060
0.359743
0.358276
0.356751
0.355420
0.353925
0.352491
0.351199
0.349715
0.348395
0.346894
0.345828
0.344502
0.343204
0.341789
0.340352
0.338771
0.337419
0.335973
0.334525
0.333119
0.331717
0.330379
0.329024
0.327767
0.326524
0.325179
0.323853
0.322505
0.321125
0.319764
0.318479
0.317072
0.315726
0.314448
0.313162
0.311974
0.310844
0.309713
0.308769
0.307848
0.306566
0.305718
0.304852
0.304134
0.303394
0.302554
0.301994
0.301441
0.300814
0.299810
0.298987
0.298031
0.296786
0.295715
0.294641
0.293590
0.292415
0.291326
0.290395
0.289253
0.288303
0.287249
0.286231
0.285108
0.284139
0.282966
0.281972
0.280941
0.279790
0.279051
0.277996
0.277087
0.276116
0.275373
0.274769
0.274308
0.273914
0.273600
0.273205
0.272980
0.272516
0.272244
0.271966
0.271267
0.270276
0.269396
0.268372
0.267428
0.266539
0.265612
0.264879
0.264424
0.264028
0.263603
0.263322
0.263008
0.262846
0.262462
0.262254
0.261904
0.261618
0.261209
0.260919
0.260657
0.260292
0.259999
0.259591
0.259336
0.259031
0.258671
0.258420
0.258154
0.257795
0.257523
0.257202
0.256686
0.255966
0.255171
0.254438
0.253622
0.252704
0.251770
0.251128
0.250851
0.250581
0.250506
0.250314
0.250058
0.250002
0.249717
0.249487
0.249269
0.248891
0.248333
0.247749
0.246802
0.245907
0.245160
0.244388
0.243809
0.243421
0.242843
0.242501
0.242096
0.241835
0.241591
0.241301
0.240965
0.240643
0.240281
0.239526
0.238709
0.237782
0.236944
0.236003
0.235081
0.234399
0.233995
0.233533
0.233320
0.233113
0.232856
0.232606
0.232392
0.232170
0.231818
0.231475
0.230812
0.229998
0.229311
0.228504
0.227599
0.226690
0.226059
0.225741
0.225395
0.225108
0.224980
0.224749
0.224654
0.224504
0.224379
0.224167
0.223820
0.223308
0.222669
0.221902
0.221199
0.220474
0.219746
0.218990
0.218575
0.218380
0.218180
0.218169
0.218036
0.217890
0.217873
0.217704
0.217706
0.217463
0.217096
0.216583
0.215886
0.215313
0.214623
0.214088
0.213498
0.213142
0.213043
0.212888
0.212926
0.212914
0.212929
0.212838
0.212785
0.212800
0.212487
0.211971
0.211517
0.210854
0.210310
0.209803
0.209533
0.209197
0.208789
0.208560
0.208337
0.208046
0.207867
0.207739
0.207473
0.207317
0.207148
0.206986
0.206889
0.207015
0.207035
0.207091
0.207287
0.207378
0.207595
0.207746
0.207779
0.207523
0.206978
0.206470
0.205886
0.205261
0.204742
0.204088
0.203491
0.202991
0.202701
0.202363
0.202137
0.201954
0.201873
0.201802
0.201708
0.201355
0.200871
0.200345
0.199863
0.199135
0.198707
0.197987
0.197461
0.196944
0.196278
0.195716
0.195382
0.194917
0.194566
0.193911
0.193478
0.193039
0.192398
0.191814
0.191330
0.190492
0.189946
0.189218
0.188539
0.187959
0.187256
0.186745
0.185789
0.185384
0.184595
0.184044
0.183213
0.182608
0.182091
0.181435
0.180684
0.179808
0.179285
0.178582
0.177828
0.177096
0.176353
0.175569
0.174888
0.174175
0.173358
0.172437
0.171562
0.170653
0.169865
0.168983
0.168399
0.167918
0.167330
0.166668
0.166151
0.165513
0.165131
0.164888
0.164585
0.164263
0.164088
0.163815
0.163639
0.163459
0.163258
0.163063
0.162833
0.162601
0.162321
0.162154
0.162051
0.161770
0.161679
0.161521
0.161416
0.161249
0.160951
0.160747
0.160402
0.160144
0.159869
0.159471
0.159143
0.158782
0.158364
0.158104
0.157684
0.157470
0.157143
0.156731
0.156186
0.155703
0.155189
0.154838
0.154360
0.153875
0.153374
0.152989
0.152459
0.151911
0.151542
0.151093
0.150665
0.150212
0.149831
0.149331
0.148807
0.148429
0.147947
0.147577
0.147521
0.147101
0.146693
0.146249
0.145900
0.145339
0.144969
0.144446
0.143749
0.142830
0.142098
0.141347
0.140673
0.139913
0.139116
0.138377
0.137541
0.136668
0.135791
0.135097
0.134391
0.133630
0.132696
0.131931
0.131080
0.130259
0.129467
0.128541
0.127762
0.126962
0.126170
0.125643
0.125210
0.124617
0.123960
0.123129
0.122231
0.121367
0.120605
0.119716
0.118865
0.118099
0.117344
0.116507
0.115720
0.114933
0.113968
0.113285
0.112423
0.111768
0.111045
0.110347
0.109463
0.108622
0.107742
0.106987
0.106292
0.105382
0.104939
0.104312
0.103680
0.102939
0.102175
0.101456
0.100591
0.099882
0.098873
0.098021
0.097162
0.096492
0.095508
0.094762
0.093886
0.093055
0.092237
0.091291
0.090417
0.089701
0.088736
0.087859
0.086945
0.085988
0.085140
0.084067
0.083238
0.082314
0.081450
0.080611
0.079750
0.078748
0.077925
0.077151
0.076349
0.075542
0.074755
0.074052
0.073344
0.072737
0.072224
0.071490
0.070886
0.070182
0.069565
0.068840
0.068240
0.067579
0.066945
0.066267
0.065685
0.065120
0.064508
0.063878
0.063398
0.062985
0.062433
0.061952
0.061371
0.060847
0.060292
0.059836
0.059357
0.058838
0.058429
0.058005
0.057585
0.057092
0.056713
0.056328
0.055911
0.055609
0.055257
0.054920
0.054581
0.054295
0.053878
0.053470
0.053125
0.052804
0.052524
0.052069
0.051728
0.051448
0.051124
0.050884
0.050636
0.050285
0.049966
0.049756
0.049512
0.049174
0.048919
0.048689
0.048417
0.048216
0.047958
0.047666
0.047417
0.047101
0.046901
0.046652
0.046452
0.046204
0.045990
0.045739
0.045618
0.045408
0.045195
0.044954
0.044757
0.044560
0.044359
0.044142
0.043958
0.043774
0.043488
0.043367
0.043183
0.042890
0.042739
0.042630
0.042401
0.042133
0.041967
0.041820
0.041604
0.041470
0.041185
0.041020
0.040819
0.040635
0.040557
0.040340
0.040145
0.040014
0.039839
0.039695
0.039528
0.039331
0.039110
0.038986
0.038728
0.038530
0.038275
0.038086
0.037991
0.037811
0.037591
0.037429
0.037293
0.037084
0.036911
0.036766
0.036595
0.036384
0.036274
0.036115
0.035950
0.035765
0.035640
0.035419
0.035242
0.035075
0.034923
0.034821
0.034666
0.034429
0.034179
0.034029
0.033877
0.033703
0.033523
0.033367
0.033263
0.033096
0.032956
0.032771
0.032686
0.032443
0.032297
0.032113
0.031919
0.031850
0.031677
0.031536
0.031325
0.031200
0.031032
0.030893
0.030784
0.030584
0.030491
0.030307
0.030188
0.030029
0.029938
0.029737
0.029546
0.029417
0.029303
0.029184
0.028990
0.028878
0.028694
0.028566
0.028419
0.028261
0.028116
0.027938
0.027865
0.027651
0.027616
0.027550
0.027373
0.027267
0.027201
0.026989
0.026889
0.026735
0.026637
0.026402
0.026270
0.026166
0.026039
0.025974
0.025838
0.025686
0.025586
0.025532
0.025438
0.025352
0.025218
0.025103
0.025023
0.024955
0.024839
0.024748
0.024620
0.024549
0.024405
0.024363
0.024234
0.024157
0.024117
0.024039
0.024007
0.023932
0.023872
0.023781
0.023717
0.023701
0.023629
0.023606
0.023488
0.023484
0.023399
0.023416
0.023431
0.023390
0.023446
0.023328
0.023325
0.023342
0.023359
0.023405
0.023416
0.023463
0.023479
0.023548
0.023580
0.023679
0.023709
0.023732
0.023769
0.023851
0.023881
0.023907
0.023976
0.023989
0.024064
0.024141
0.024181
0.024250
0.024286
0.024370
0.024405
0.024432
0.024489
0.024597
0.024612
0.024630
0.024735
0.024777
0.024878
0.024878
0.024962
0.024973
0.024956
0.025034
0.025052
0.025096
0.025182
0.025211
0.025252
0.025275
0.025275
0.025341
0.025475
0.025504
0.025571
0.025606
0.025639
0.025669
0.025728
0.025843
0.025843
0.025881
0.025900
0.025900
0.025969
0.025953
0.026049
0.026088
0.026120
0.026120
0.026189
0.026241
0.026272
0.026272
0.026300
0.026314
0.026315
0.026354
0.026343
0.026373
0.026442
0.026442
0.026544
0.026524
0.026479
0.026479
0.026514
0.026470
0.026510
0.026510
0.026580
0.026631
0.026639
0.026587
0.026622
0.026662
0.026730
0.026802
0.026802
0.026882
0.026843
0.026843
0.026947
0.026947
0.026947
0.026947
0.026947
0.026972
0.026972
0.026972
0.027022
0.027076
0.027105
0.027136
0.027100
0.027100
0.027100
0.027100
0.027170
0.027170
0.027202
0.027198
0.027198
0.027264
0.027264
0.027264
0.027223
0.027223
0.027268
0.027230
0.027275
0.027313
0.027346
0.027406
0.027381
0.027419
0.027349
0.027385
0.027382
0.027382
0.027416
0.027378
0.027378
0.027378
0.027407
0.027459
0.027459
0.027504
0.027461
0.027489
0.027489
0.027489
0.027489
0.027519
0.027519
0.027519
0.027519
0.027519
0.027519
0.027519
0.027519
0.027476
0.027529
0.027584
0.027584
0.027584
0.027630
0.027630
0.027630
0.027630
0.027592
0.027592
0.027623
0.027665
0.027665
0.027624
0.027624
0.027624
0.027717
0.027717
0.027680
0.027711
0.027704
0.027704
0.027704
0.027730
0.027744
0.027744
0.027744
0.027738
0.027733
0.027733
0.027697
0.027697
0.027780
0.027780
0.027780
0.027818
0.027881
0.027881
0.027881
0.027847
0.027847
0.027807
0.027807
0.027807
0.027807
0.027855
0.027885
0.027942
0.027925
0.027886
0.027854
0.027854
0.027854
0.027854
0.027886
0.027886
0.027886
0.027859
0.027859
0.027894
0.027894
0.027863
0.027883
0.027915
0.027952
0.027952
0.027952
0.027952
0.027952
0.027952
0.027970
0.027970
0.028003
0.027937
0.027937
0.027894
0.027932
0.027923
0.027923
0.027923
0.027923
0.027923
0.027957
0.027957
0.027987
0.027959
0.027959
0.027959
0.027959
0.027959
0.027946
0.027946
0.028022
0.028022
0.028022
0.028022
0.028022
0.028017
0.028017
0.028017
0.028017
0.028017
0.028051
0.028051
0.028074
0.028109
0.028146
0.028146
0.028108
0.028108
0.028009
0.028009
0.028081
0.028081
0.028044
0.028044
0.028044
0.028105
0.028105
0.028092
0.028092
0.028089
0.028089
0.028124
0.028103
0.028134
0.028171
0.028171
0.028171
0.028194
0.028194
0.028219
0.028187
0.028187
0.028222
0.028185
0.028185
0.028185
0.028166
0.028166
0.028163
0.028163
0.028156
0.028156
0.028182
0.028182
0.028226
0.028226
0.028226
0.028189
0.028189
0.028189
0.028189
0.028232
0.028270
0.028231
0.028231
0.028202
0.028229
0.028296
0.028296
0.028296
0.028340
0.028302
0.028302
0.028302
0.028302
0.028262
0.028300
0.028300
0.028300
0.028300
0.028328
0.028364
0.028364
0.028364
0.028364
0.028366
0.028366
0.028366
0.028366
0.028366
0.028404
0.028404
0.028404
0.028404
0.028432
0.028432
0.028432
0.028443
0.028443
0.028402
0.028402
0.028402
0.028392
0.028432
0.028470
0.028470
0.028502
0.028502
0.028502
0.028502
0.028531
0.028531
0.028531
0.028564
0.028564
0.028564
0.028601
0.028601
0.028601
0.028568
0.028568
0.028568
0.028568
0.028604
0.028604
0.028604
0.028656
0.028656
0.028686
0.028686
0.028686
0.028684
0.028684
0.028684
0.028651
0.028689
0.028689
0.028721
0.028721
0.028794
0.028794
0.028794
0.028772
0.028772
0.028772
0.028772
0.028772
0.028772
0.028772
0.028772
0.028772
0.028766
0.028766
0.028788
0.028788
0.028839
0.028839
0.028839
0.028839
0.028839
0.028877
0.028840
0.028840
0.028840
0.028840
0.028818
0.028818
0.028818
0.028855
0.028896
0.028896
0.028896
0.028896
0.028896
0.028860
0.028893
0.028857
0.028857
0.028857
0.028857
0.028857
0.028893
0.028893
0.028893
0.028893
0.028893
0.028893
0.028893
0.028893
0.028893
0.028893
0.028897
0.028862
0.028862
0.028895
0.028874
0.028911
0.028911
0.028875
0.028875
0.028875
0.028875
0.028875
0.028911
0.028879
0.028879
0.028912
0.028912
0.028835
0.028835
0.028868
0.028868
0.028868
0.028868
0.028891
0.028891
0.028935
0.028902
0.028902
0.028902
0.028902
0.028902
0.028902
0.028868
0.028901
0.028901
0.028901
0.028901
0.028901
0.028901
0.028901
0.028868
0.028868
0.028868
0.028868
0.028868
0.028868
0.028868
0.028835
0.028868
0.028868
0.028868
0.028827
0.028827
0.028828
0.028828
0.028828
0.028828
0.028828
0.028828
0.028828
0.028793
0.028793
0.028760
0.028760
0.028760
0.028760
0.028760
0.028760
0.028760
0.028760
0.028760
0.028760
0.028760
0.028760
0.028760
0.028760
0.028760
0.028760
0.028728
0.028728
0.028728
0.028728
0.028728
0.028762
0.028762
0.028798
0.028798
0.028798
0.028762
0.028762
0.028762
0.028762
0.028762
0.028726
0.028694
0.028694
0.028694
0.028730
0.028730
0.028730
0.028730
0.028730
0.028694
0.028694
0.028694
0.028694
0.028694
0.028694
0.028694
0.028694
0.028663
0.028663
0.028663
0.028663
0.028663
0.028663
0.028663
0.028663
0.028663
0.028663
0.028663
0.028626
0.028636
0.028670
0.028670
0.028670
0.028670
0.028639
0.028639
0.028596
0.028596
0.028596
0.028596
0.028596
0.028596
0.028596
0.028556
0.028556
0.028556
0.028556
0.028556
0.028556
0.028556
0.028556
0.028556
0.028556
0.028527
0.028527
0.028489
0.028492
0.028517
0.028517
0.028517
0.028517
0.028517
0.028552
0.028552
0.028552
0.028552
0.028552
0.028552
0.028552
0.028552
0.028552
0.028552
0.028552
0.028523
0.028523
0.028523
0.028523
0.028523
0.028557
0.028557
0.028520
0.028520
0.028520
0.028520
0.028520
0.028520
0.028485
0.028485
0.028565
0.028637
0.028637
0.028637
0.028637
0.028600
0.028600
0.028571
0.028571
0.028571
0.028571
0.028571
0.028584
0.028584
0.028622
0.028656
0.028656
0.028656
0.028619
0.028581
0.028544
0.028544
0.028544
0.028544
0.028544
0.028544
0.028544
0.028581
0.028581
0.028581
0.028581
0.028553
0.028553
0.028553
0.028553
0.028515
0.028515
0.028515
0.028515
0.028515
0.028553
0.028553
0.028553
0.028517
0.028517
0.028517
0.028480
0.028480
0.028480
0.028480
0.028480
0.028480
0.028480
0.028480
0.028480
0.028480
0.028480
0.028480
0.028515
0.028515
0.028487
0.028487
0.028487
0.028487
0.028487
0.028487
0.028487
0.028487
0.028487
0.028487
0.028487
0.028487
0.028504
0.028504
0.028504
0.028467
0.028467
0.028430
0.028430
0.028430
0.028430
0.028430
0.028430
0.028430
0.028430
0.028430
0.028465
0.028465
0.028413
0.028362
0.028362
0.028362
0.028394
0.028432
0.028432
0.028394
0.028297
0.028297
0.028332
0.028311
0.028311
0.028311
0.028311
0.028311
0.028311
0.028381
0.028381
0.028381
0.028344
0.028344
0.028312
0.028274
0.028277
0.028277
0.028277
0.028277
0.028277
0.028277
0.028347
0.028347
0.028347
0.028347
0.028347
0.028347
0.028347
0.028277
0.028298
0.028298
0.028298
0.028298
0.028298
0.028298
0.028368
0.028368
0.028368
0.028368
0.028368
0.028368
0.028368
0.028330
0.028298
0.028298
0.028298
0.028298
0.028298
0.028341
0.028341
0.028305
0.028305
0.028305
0.028305
0.028305
0.028305
0.028298
0.028261
0.028241
0.028241
0.028241
0.028276
0.028378
0.028343
0.028343
0.028343
0.028343
0.028343
0.028343
0.028343
0.028378
0.028346
0.028346
0.028344
0.028344
0.028344
0.028344
0.028376
0.028376
0.028376
0.028399
0.028399
0.028399
0.028399
0.028367
0.028367
0.028367
0.028367
0.028367
0.028367
0.028367
0.028367
0.028399
0.028399
0.028399
0.028364
0.028364
0.028332
0.028332
0.028332
0.028332
0.028332
0.028332
0.028332
0.028332
0.028332
0.028358
0.028390
0.028390
0.028390
0.028390
0.028358
0.028358
0.028392
0.028372
0.028372
0.028372
0.028372
0.028372
0.028372
0.028372
0.028372
0.028372
0.028337
0.028337
0.028337
0.028338
0.028373
0.028373
0.028373
0.028346
0.028346
0.028346
0.028346
0.028346
0.028346
0.028346
0.028346
0.028346
0.028346
0.028309
0.028309
0.028309
0.028309
0.028309
0.028309
0.028309
0.028309
0.028309
0.028309
0.028309
0.028309
0.028309
0.028273
0.028273
0.028273
0.028273
0.028311
0.028311
0.028311
0.028300
0.028300
0.028300
0.028300
0.028300
0.028300
0.028300
0.028300
0.028300
0.028337
0.028337
0.028337
0.028337
0.028337
0.028337
0.028300
0.028300
0.028273
0.028273
0.028273
0.028273
0.028273
0.028311
0.028311
0.028311
0.028311
0.028346
0.028346
0.028346
0.028311
0.028273
0.028273
0.028273
0.028273
0.028273
0.028311
0.028346
0.028346
0.028346
0.028346
0.028346
0.028346
0.028346
0.028346
0.028346
0.028346
0.028346
0.028346
0.028346
0.028346
0.028346
0.028346
0.028346
0.028346
0.028346
0.028346
0.028346
0.028346
0.028312
0.028312
0.028312
0.028312
0.028312
0.028312
0.028312
0.028312
0.028312
