2.029460
1.885857
1.757019
1.673782
1.634028
1.621004
1.618566
1.618455
1.618450
1.618066
1.617622
1.617385
1.617039
1.616859
1.617009
1.616957
1.617017
1.616635
1.615970
1.614714
1.613470
1.611802
1.609968
1.608032
1.606080
1.604164
1.602192
1.600187
1.598210
1.596263
1.594092
1.592217
1.590330
1.588444
1.586965
1.585360
1.583644
1.582045
1.580951
1.579613
1.578653
1.577746
1.576647
1.575931
1.575192
1.574597
1.573726
1.572386
1.570766
1.568850
1.566681
1.564083
1.561611
1.559144
1.556290
1.554032
1.551591
1.549381
1.547469
1.545566
1.543177
1.540887
1.538498
1.536682
1.534718
1.532842
1.531191
1.529899
1.528567
1.526822
1.524773
1.522706
1.520713
1.518910
1.516664
1.513694
1.510354
1.507444
1.504474
1.501484
1.498151
1.495203
1.492385
1.489963
1.487477
1.484908
1.482777
1.480575
1.478729
1.476770
1.474694
1.472741
1.470801
1.468684
1.466038
1.463465
1.460853
1.457670
1.454741
1.451578
1.448428
1.445576
1.442959
1.440136
1.437420
1.435025
1.432908
1.431199
1.429845
1.428506
1.428151
1.427991
1.426909
1.425375
1.423423
1.421481
1.419007
1.416527
1.413994
1.411420
1.408615
1.405731
1.402805
1.399695
1.396923
1.394266
1.392007
1.389866
1.388246
1.386859
1.385491
1.383799
1.382479
1.380274
1.377904
1.375155
1.372463
1.370088
1.367583
1.365726
1.363608
1.361555
1.359872
1.357878
1.356122
1.354991
1.354066
1.353104
1.352239
1.351022
1.349530
1.347872
1.345958
1.343921
1.341895
1.339915
1.338250
1.336946
1.336364
1.335874
1.335325
1.333718
1.331459
1.329244
1.326600
1.323894
1.320925
1.318045
1.315452
1.312880
1.310305
1.307799
1.305026
1.303144
1.300945
1.298861
1.296922
1.295122
1.293751
1.292469
1.291447
1.290733
1.290691
1.290326
1.290053
1.289567
1.288950
1.288265
1.287006
1.284918
1.282568
1.279862
1.277023
1.274259
1.271536
1.269012
1.266647
1.264766
1.262818
1.261135
1.259352
1.257458
1.255863
1.254228
1.252180
1.249858
1.247261
1.244608
1.241936
1.239467
1.236419
1.233687
1.231272
1.229456
1.228071
1.226989
1.226369
1.226064
1.225962
1.225657
1.225175
1.223840
1.222261
1.220315
1.218509
1.216290
1.213806
1.211422
1.209214
1.207235
1.205395
1.203919
1.201974
1.200637
1.198619
1.196312
1.193698
1.190945
1.188142
1.185591
1.182944
1.180285
1.177385
1.174617
1.172142
1.169902
1.167781
1.166662
1.165285
1.164656
1.164718
1.164864
1.165257
1.165567
1.164974
1.163704
1.162163
1.160321
1.158461
1.156594
1.154550
1.152678
1.150715
1.148471
1.146107
1.143596
1.141363
1.138593
1.136162
1.134007
1.131642
1.129402
1.127227
1.124940
1.122483
1.120294
1.118194
1.116276
1.114447
1.113099
1.112303
1.111586
1.110742
1.109501
1.107599
1.105392
1.102910
1.100316
1.097576
1.095148
1.092913
1.091215
1.089621
1.088187
1.086518
1.084854
1.082964
1.081190
1.078996
1.076512
1.074391
1.071958
1.070239
1.068556
1.067055
1.065488
1.063981
1.062455
1.061320
1.059936
1.058944
1.057661
1.056286
1.054247
1.052316
1.050322
1.048238
1.046051
1.044257
1.042446
1.040883
1.039373
1.037486
1.035790
1.033937
1.031849
1.029828
1.027700
1.025709
1.023862
1.022016
1.020230
1.018797
1.017411
1.016694
1.015850
1.015213
1.014752
1.013947
1.013234
1.012472
1.011989
1.010987
1.009151
1.007768
1.005870
1.003767
1.001643
0.999724
0.997652
0.995765
0.993974
0.991853
0.990038
0.988146
0.986412
0.984725
0.982689
0.980649
0.979063
0.976870
0.974681
0.972783
0.971057
0.969076
0.967073
0.965035
0.963349
0.961507
0.960182
0.959329
0.959036
0.958705
0.958435
0.957940
0.957558
0.956103
0.954673
0.952461
0.950074
0.948121
0.945913
0.943563
0.941272
0.938715
0.936058
0.933576
0.931050
0.929040
0.927674
0.926825
0.924774
0.922484
0.920724
0.918920
0.917008
0.915307
0.914192
0.912908
0.911047
0.909101
0.906659
0.904054
0.902146
0.900273
0.898962
0.898843
0.899088
0.898630
0.897581
0.896909
0.895540
0.894258
0.893257
0.891783
0.889889
0.887700
0.885502
0.883229
0.880899
0.878695
0.876421
0.874071
0.871725
0.868915
0.866449
0.864251
0.862230
0.860258
0.858748
0.856990
0.854912
0.852724
0.850452
0.848167
0.845605
0.843114
0.840645
0.838228
0.836283
0.834597
0.833032
0.831583
0.830089
0.828138
0.826043
0.823624
0.820963
0.818204
0.815565
0.812862
0.810177
0.807550
0.804781
0.802106
0.799734
0.797658
0.795087
0.792773
0.790079
0.786922
0.784128
0.781134
0.778482
0.775852
0.773209
0.770561
0.767829
0.765030
0.762383
0.759709
0.756945
0.754631
0.752443
0.750584
0.748628
0.746767
0.744315
0.741840
0.739720
0.737489
0.734913
0.732320
0.729567
0.726667
0.723820
0.721058
0.718321
0.715607
0.712967
0.710676
0.708600
0.706113
0.703618
0.700868
0.698153
0.695435
0.692627
0.689741
0.687117
0.684378
0.681889
0.679672
0.677043
0.674389
0.672410
0.670465
0.668664
0.666772
0.664664
0.662435
0.659960
0.657469
0.654801
0.652326
0.649584
0.647028
0.644639
0.641999
0.639641
0.637401
0.634928
0.632442
0.630359
0.627849
0.625810
0.623825
0.621542
0.619091
0.616778
0.614661
0.612942
0.611261
0.609057
0.606676
0.604537
0.602076
0.599629
0.597433
0.594905
0.592581
0.590099
0.587666
0.585464
0.582940
0.580505
0.578496
0.575879
0.573510
0.570940
0.568340
0.565824
0.563407
0.561109
0.558615
0.556010
0.553528
0.550964
0.548236
0.545897
0.543343
0.540656
0.538143
0.535529
0.533072
0.530381
0.527835
0.525230
0.522636
0.520062
0.517319
0.514787
0.511880
0.509145
0.506510
0.503844
0.501041
0.498255
0.495460
0.492605
0.489824
0.486993
0.484265
0.481385
0.478643
0.475932
0.473250
0.470350
0.467516
0.464604
0.461894
0.459006
0.456241
0.453516
0.450695
0.447874
0.445073
0.442382
0.439608
0.436856
0.434135
0.431532
0.429071
0.426427
0.423749
0.420981
0.418346
0.415619
0.412952
0.410311
0.407865
0.405267
0.402530
0.399822
0.397174
0.394689
0.392108
0.389436
0.387009
0.384588
0.382303
0.380060
0.377732
0.375394
0.372915
0.370455
0.368126
0.365992
0.363658
0.361340
0.359152
0.357089
0.354962
0.352773
0.350742
0.348583
0.346527
0.344317
0.342304
0.340195
0.338285
0.336233
0.334305
0.332352
0.330289
0.328292
0.326287
0.324308
0.322335
0.320432
0.318484
0.316470
0.314477
0.312608
0.310727
0.308887
0.306899
0.305145
0.303189
0.301312
0.299473
0.297629
0.295762
0.293871
0.292081
0.290227
0.288273
0.286542
0.284647
0.282686
0.280849
0.279008
0.277228
0.275366
0.273444
0.271662
0.269732
0.267860
0.266067
0.264232
0.262369
0.260515
0.258526
0.256733
0.254884
0.252913
0.251052
0.249032
0.247169
0.245240
0.243351
0.241401
0.239521
0.237600
0.235741
0.233775
0.232026
0.230191
0.228230
0.226424
0.224527
0.222690
0.220867
0.218969
0.217026
0.215258
0.213267
0.211392
0.209629
0.207769
0.206005
0.204178
0.202327
0.200486
0.198649
0.196857
0.195092
0.193322
0.191597
0.189740
0.188032
0.186306
0.184548
0.182865
0.181228
0.179606
0.177919
0.176210
0.174611
0.172941
0.171403
0.169836
0.168284
0.166756
0.165174
0.163703
0.162172
0.160661
0.159158
0.157588
0.156304
0.154896
0.153444
0.151961
0.150582
0.149315
0.147856
0.146617
0.145364
0.144095
0.142786
0.141588
0.140297
0.138949
0.137862
0.136739
0.135421
0.134304
0.133154
0.132062
0.130958
0.129808
0.128781
0.127783
0.126716
0.125559
0.124559
0.123513
0.122566
0.121582
0.120569
0.119592
0.118662
0.117860
0.116910
0.115955
0.115192
0.114243
0.113390
0.112578
0.111685
0.110873
0.110021
0.109286
0.108504
0.107752
0.106909
0.106254
0.105466
0.104821
0.104108
0.103296
0.102689
0.102173
0.101425
0.100727
0.100018
0.099421
0.098809
0.098113
0.097579
0.097019
0.096414
0.095712
0.095222
0.094611
0.094103
0.093471
0.092971
0.092433
0.091862
0.091304
0.090827
0.090288
0.089731
0.089267
0.088664
0.088179
0.087719
0.087158
0.086724
0.086243
0.085768
0.085266
0.084776
0.084311
0.083710
0.083325
0.082887
0.082381
0.081912
0.081493
0.081110
0.080497
0.080136
0.079777
0.079367
0.078845
0.078345
0.077976
0.077577
0.077248
0.076843
0.076256
0.075845
0.075345
0.074952
0.074549
0.074089
0.073715
0.073258
0.072906
0.072451
0.072134
0.071668
0.071427
0.070921
0.070482
0.070162
0.069704
0.069299
0.068950
0.068487
0.068075
0.067732
0.067308
0.066844
0.066595
0.066217
0.065838
0.065620
0.065166
0.064781
0.064421
0.063981
0.063670
0.063270
0.062884
0.062641
0.062242
0.061859
0.061593
0.061157
0.060808
0.060558
0.060250
0.059948
0.059653
0.059264
0.058972
0.058602
0.058408
0.058106
0.057716
0.057301
0.056983
0.056729
0.056405
0.056087
0.055742
0.055633
0.055297
0.055026
0.054618
0.054369
0.054112
0.053818
0.053586
0.053189
0.052854
0.052622
0.052485
0.052143
0.051805
0.051536
0.051300
0.051024
0.050838
0.050551
0.050404
0.050128
0.049941
0.049723
0.049458
0.049130
0.048986
0.048758
0.048595
0.048306
0.048126
0.047927
0.047635
0.047431
0.047255
0.047101
0.046784
0.046630
0.046437
0.046344
0.046142
0.045890
0.045723
0.045492
0.045241
0.045027
0.044901
0.044796
0.044587
0.044397
0.044149
0.044050
0.043917
0.043765
0.043709
0.043507
0.043304
0.043171
0.042988
0.042775
0.042752
0.042500
0.042415
0.042333
0.042222
0.041991
0.041926
0.041732
0.041576
0.041502
0.041409
0.041267
0.041154
0.041102
0.040982
0.040911
0.040666
0.040651
0.040505
0.040427
0.040339
0.040076
0.040071
0.039944
0.039896
0.039846
0.039727
0.039617
0.039569
0.039562
0.039412
0.039359
0.039248
0.039119
0.039038
0.039027
0.038990
0.038937
0.038831
0.038704
0.038720
0.038630
0.038590
0.038598
0.038542
0.038499
0.038437
0.038397
0.038194
0.038184
0.038126
0.038054
0.037939
0.037967
0.037858
0.037858
0.037810
0.037779
0.037746
0.037706
0.037719
0.037644
0.037482
0.037542
0.037491
0.037451
0.037429
0.037385
0.037308
0.037321
0.037358
0.037288
0.037239
0.037185
0.037139
0.037097
0.037097
0.037086
0.036963
0.037035
0.037014
0.036941
0.036941
0.036843
0.036825
0.036777
0.036707
0.036698
0.036683
0.036683
0.036683
0.036651
0.036608
0.036595
0.036591
0.036487
0.036554
0.036461
0.036487
0.036487
0.036430
0.036430
0.036426
0.036371
0.036342
0.036342
0.036304
0.036275
0.036275
0.036311
0.036239
0.036167
0.036167
0.036167
0.036089
0.036084
0.036084
0.036009
0.035974
0.035974
0.035974
0.035938
0.035966
0.035889
0.035927
0.035888
0.035888
0.035827
0.035794
0.035837
0.035866
0.035907
0.035873
0.035909
0.035909
0.035814
0.035821
0.035800
0.035799
0.035720
0.035712
0.035705
0.035633
0.035569
0.035496
0.035496
0.035496
0.035454
0.035454
0.035454
0.035461
0.035460
0.035437
0.035477
0.035507
0.035468
0.035412
0.035353
0.035353
0.035295
0.035261
0.035233
0.035197
0.035197
0.035168
0.035205
0.035185
0.035145
0.035145
0.035145
0.035107
0.035079
0.035045
0.035088
0.035068
0.035068
0.035068
0.035042
0.034999
0.034984
0.034957
0.034969
0.034969
0.034969
0.034977
0.034944
0.034944
0.034927
0.034892
0.034892
0.034868
0.034833
0.034820
0.034820
0.034804
0.034844
0.034839
0.034839
0.034839
0.034839
0.034796
0.034755
0.034723
0.034723
0.034723
0.034723
0.034723
0.034723
0.034648
0.034611
0.034611
0.034654
0.034654
0.034648
0.034648
0.034635
0.034635
0.034620
0.034588
0.034588
0.034588
0.034551
0.034572
0.034515
0.034515
0.034496
0.034396
0.034396
0.034427
0.034389
0.034421
0.034394
0.034310
0.034310
0.034310
0.034301
0.034292
0.034292
0.034224
0.034225
0.034225
0.034217
0.034197
0.034197
0.034217
0.034140
0.034140
0.034127
0.034159
0.034159
0.034159
0.034159
0.034127
0.034086
0.034123
0.034161
0.034161
0.034161
0.034161
0.034161
0.034155
0.034117
0.034117
0.034117
0.034058
0.034058
0.034054
0.034054
0.034041
0.034041
0.034041
0.034079
0.034022
0.034023
0.033985
0.033985
0.033985
0.033947
0.034034
0.034034
0.034032
0.034032
0.034014
0.033992
0.033993
0.033993
0.033959
0.033961
0.033961
0.033927
0.033929
0.033906
0.033940
0.033902
0.033902
0.033902
0.033905
0.033905
0.033870
0.033870
0.033831
0.033831
0.033815
0.033860
0.033898
0.033933
0.033858
0.033823
0.033838
0.033765
0.033765
0.033800
0.033800
0.033800
0.033807
0.033807
0.033768
0.033768
0.033768
0.033776
0.033778
0.033823
0.033785
0.033749
0.033714
0.033685
0.033685
0.033682
0.033682
0.033682
0.033693
0.033693
0.033693
0.033706
0.033706
0.033706
0.033733
0.033761
0.033686
0.033651
0.033651
0.033626
0.033626
0.033617
0.033652
0.033652
0.033667
0.033667
0.033667
0.033702
0.033667
0.033667
0.033682
0.033720
0.033650
0.033553
0.033477
0.033493
0.033493
0.033493
0.033528
0.033528
0.033546
0.033546
0.033500
0.033500
0.033500
0.033518
0.033518
0.033518
0.033482
0.033463
0.033471
0.033455
0.033455
0.033439
0.033512
0.033532
0.033474
0.033474
0.033474
0.033436
0.033457
0.033457
0.033457
0.033457
0.033421
0.033371
0.033371
0.033371
0.033325
0.033325
0.033375
0.033375
0.033359
0.033359
0.033359
0.033346
0.033346
0.033346
0.033346
0.033346
0.033371
0.033301
0.033301
0.033337
0.033337
0.033265
0.033363
0.033363
0.033317
0.033317
0.033302
0.033246
0.033205
0.033205
0.033205
0.033205
0.033205
0.033198
0.033198
0.033165
0.033165
0.033202
0.033220
0.033182
0.033158
0.033142
0.033129
0.033091
0.033120
0.033071
0.033071
0.033071
0.033032
0.032951
0.032951
0.032981
0.032981
0.033019
0.033022
0.033022
0.033009
0.033040
0.033040
0.033040
0.032910
0.032910
0.032839
0.032839
0.032871
0.032836
0.032836
0.032836
0.032836
0.032873
0.032850
0.032883
0.032868
0.032868
0.032786
0.032756
0.032719
0.032755
0.032755
0.032706
0.032706
0.032670
0.032670
0.032659
0.032561
0.032599
0.032589
0.032589
0.032577
0.032613
0.032613
0.032613
0.032576
0.032576
0.032518
0.032518
0.032447
0.032419
0.032374
0.032374
0.032408
0.032446
0.032448
0.032448
0.032415
0.032368
0.032368
0.032368
0.032367
0.032313
0.032281
0.032281
0.032281
0.032199
0.032199
0.032199
0.032237
0.032241
0.032227
0.032227
0.032179
0.032170
0.032170
0.032137
0.032069
0.032069
0.032069
0.032069
0.032069
0.032069
0.031942
0.031913
0.031951
0.031986
0.031986
0.031986
0.031986
0.031986
0.031904
0.031904
0.031894
0.031849
0.031849
0.031849
0.031822
0.031822
0.031740
0.031740
0.031778
0.031813
0.031786
0.031786
0.031719
0.031719
0.031714
0.031630
0.031605
0.031543
0.031543
0.031543
0.031510
0.031510
0.031406
0.031394
0.031385
0.031420
0.031420
0.031396
0.031396
0.031396
0.031396
0.031396
0.031393
0.031242
0.031242
0.031242
0.031242
0.031242
0.031207
0.031185
0.031257
0.031257
0.031257
0.031212
0.031146
0.031146
0.031146
0.031146
0.031146
0.031126
0.031095
0.031057
0.031057
0.031056
0.031011
0.030976
0.030985
0.030985
0.030985
0.030985
0.030985
0.031005
0.031005
0.031005
0.031005
0.030922
0.030922
0.030905
0.030862
0.030862
0.030862
0.030824
0.030862
0.030883
0.030883
0.030883
0.030883
0.030838
0.030823
0.030823
0.030825
0.030745
0.030745
0.030745
0.030721
0.030721
0.030721
0.030721
0.030758
0.030713
0.030648
0.030648
0.030648
0.030648
0.030648
0.030595
0.030595
0.030557
0.030543
0.030490
0.030479
0.030479
0.030479
0.030517
0.030440
0.030440
0.030431
0.030431
0.030431
0.030431
0.030464
0.030415
0.030415
0.030377
0.030377
0.030377
0.030381
0.030374
0.030374
0.030412
0.030412
0.030369
0.030364
0.030364
0.030364
0.030364
0.030364
0.030364
0.030319
0.030319
0.030282
0.030282
0.030273
0.030270
0.030270
0.030308
0.030308
0.030308
0.030308
0.030257
0.030216
0.030216
0.030216
0.030216
0.030215
0.030215
0.030216
0.030177
0.030177
0.030177
0.030177
0.030215
0.030177
0.030140
0.030140
0.030142
0.030142
0.030180
0.030180
0.030180
0.030180
0.030184
0.030146
0.030146
0.030106
0.030106
0.030111
0.030148
0.030148
0.030148
0.030111
0.030111
0.030117
0.030117
0.030117
0.030117
0.030117
0.030124
0.030086
0.030086
0.030056
0.030065
0.030065
0.030111
0.030111
0.030111
0.030111
0.030111
0.030121
0.030121
0.030121
0.030121
0.030121
0.030132
0.030094
0.030063
0.030024
0.030024
0.030056
0.030106
0.030070
0.030070
0.030070
0.030070
0.030084
0.030084
0.030084
0.030084
0.030084
0.030098
0.030029
0.030029
0.030029
0.030029
0.030083
0.030114
0.030114
0.030114
0.030114
0.030126
0.030126
0.030126
0.030126
0.030126
0.030144
0.030144
0.030112
0.030075
0.030075
0.030094
0.030131
0.030163
0.030163
0.030163
0.030183
0.030183
0.030183
0.030183
0.030183
0.030205
0.030205
0.030205
0.030173
0.030173
0.030161
0.030161
0.030161
0.030193
0.030193
0.030193
0.030179
0.030179
0.030179
0.030179
0.030179
0.030203
0.030203
0.030241
0.030210
0.030210
0.030235
0.030235
0.030235
0.030266
0.030228
0.030187
0.030213
0.030213
0.030213
0.030213
0.030251
0.030251
0.030279
0.030279
0.030247
0.030247
0.030247
0.030247
0.030275
0.030307
0.030307
0.030307
0.030307
0.030307
0.030335
0.030296
0.030296
0.030296
0.030296
0.030296
0.030295
0.030295
0.030295
0.030295
0.030295
0.030326
0.030326
0.030357
0.030357
0.030320
0.030320
0.030320
0.030356
0.030356
0.030356
0.030356
0.030356
0.030356
0.030356
0.030356
0.030356
0.030388
0.030384
0.030384
0.030384
0.030384
0.030384
0.030384
0.030384
0.030384
0.030384
0.030386
0.030352
0.030352
0.030352
0.030352
0.030352
0.030383
0.030383
0.030383
0.030418
0.030418
0.030384
0.030384
0.030384
0.030384
0.030384
0.030353
0.030353
0.030353
0.030353
0.030356
0.030356
0.030356
0.030388
0.030388
0.030388
0.030388
0.030388
0.030356
0.030356
0.030343
0.030343
0.030311
0.030348
0.030348
0.030348
0.030316
0.030316
0.030316
0.030347
0.030347
0.030347
0.030347
0.030347
0.030317
0.030330
0.030330
0.030330
0.030298
0.030298
0.030337
0.030308
0.030308
0.030308
0.030308
0.030340
0.030340
0.030340
0.030312
0.030312
0.030312
0.030312
0.030312
0.030312
0.030280
0.030253
0.030253
0.030253
0.030253
0.030253
0.030253
0.030258
0.030258
0.030258
0.030258
0.030258
0.030258
0.030258
0.030233
0.030233
0.030201
0.030201
0.030201
0.030201
0.030176
0.030219
0.030219
0.030251
0.030251
0.030213
0.030190
0.030190
0.030190
0.030227
0.030227
0.030227
0.030173
0.030173
0.030173
0.030173
0.030173
0.030173
0.030152
0.030184
0.030184
0.030146
0.030146
0.030146
0.030146
0.030126
0.030163
0.030163
0.030132
0.030132
0.030132
0.030112
0.030112
0.030112
0.030112
0.030144
0.030144
0.030088
0.030088
0.030088
0.030088
0.030088
0.030126
0.030094
0.030077
0.030077
0.030077
0.030077
0.030077
0.030077
0.030061
0.030093
0.030047
0.030009
0.030009
0.029973
0.029958
0.029958
0.029995
0.029964
0.029964
0.029964
0.029950
0.029950
0.029950
0.029950
0.029950
0.029981
0.029969
0.029931
0.029931
0.029931
0.029931
0.029931
0.029957
0.029926
0.029926
0.029926
0.029926
0.029926
0.029916
0.029916
0.029916
0.029947
0.029910
0.029910
0.029910
0.029901
0.029901
0.029901
0.029938
0.029907
0.029907
0.029899
0.029899
0.029899
0.029899
0.029936
0.029936
0.029930
0.029924
0.029924
0.029924
0.029924
0.029924
0.029919
0.029871
0.029877
0.029877
0.029877
0.029877
0.029874
0.029874
0.029874
0.029874
0.029874
0.029868
0.029866
0.029866
0.029866
0.029866
0.029866
0.029866
0.029871
0.029871
0.029871
0.029871
0.029871
0.029871
0.029872
0.029872
0.029872
0.029866
0.029866
0.029866
0.029868
0.029868
0.029868
0.029868
0.029874
0.029874
0.029877
0.029877
0.029857
0.029857
0.029857
0.029857
0.029862
0.029856
0.029856
0.029856
0.029856
0.029856
0.029862
0.029862
0.029868
0.029868
0.029868
0.029868
0.029876
0.029876
0.029876
0.029876
0.029876
0.029870
0.029879
0.029879
0.029879
0.029879
0.029879
0.029879
0.029895
0.029895
0.029895
0.029895
0.029895
0.029907
0.029907
0.029907
0.029869
0.029901
0.029901
0.029914
0.029914
0.029961
0.029961
0.029961
0.029981
0.029981
0.029981
0.029981
0.029981
0.029981
0.029996
0.029996
0.029958
0.029990
0.029990
0.030006
0.030006
0.030006
0.030006
0.029974
0.030030
0.030030
0.030030
0.030030
0.030030
0.030030
0.030048
0.030048
0.030010
0.030042
0.030042
0.030062
0.030062
0.030062
0.030062
0.030030
0.030051
0.030089
0.030089
0.030057
0.030057
0.030110
0.030142
0.030142
0.030104
0.030136
0.030127
0.030167
0.030167
0.030167
0.030167
0.030135
0.030158
0.030196
0.030196
0.030196
0.030196
0.030221
0.030253
0.030253
0.030215
0.030183
0.030215
0.030241
0.030241
0.030241
0.030241
0.030208
0.030267
0.030305
0.030273
0.030232
0.030232
0.030232
0.030260
0.030292
0.030222
0.030222
0.030254
0.030254
0.030283
0.030315
0.030315
0.030282
0.030282
0.030320
0.030318
0.030318
0.030318
0.030318
0.030318
0.030350
0.030312
0.030342
0.030336
0.030336
0.030336
0.030336
0.030336
0.030335
0.030335
0.030373
0.030341
0.030341
0.030341
0.030341
0.030341
0.030405
0.030367
0.030367
0.030363
0.030363
0.030363
0.030363
0.030396
0.030364
0.030364
0.030402
0.030370
0.030370
0.030370
0.030370
0.030404
0.030398
0.030363
0.030363
0.030395
0.030395
0.030395
0.030395
0.030395
0.030398
0.030398
0.030436
0.030404
0.030370
0.030370
0.030370
0.030370
0.030364
0.030364
0.030400
0.030432
0.030432
0.030432
0.030399
0.030367
0.030407
0.030407
0.030375
0.030413
0.030450
0.030450
0.030450
0.030419
0.030413
0.030413
0.030413
0.030413
0.030445
0.030445
0.030445
0.030413
0.030382
0.030421
0.030389
0.030427
0.030427
0.030427
0.030427
0.030427
0.030391
0.030391
0.030391
0.030391
0.030391
0.030391
0.030391
0.030391
0.030362
0.030402
0.030370
0.030408
0.030408
0.030408
0.030408
0.030381
0.030375
0.030375
0.030375
0.030375
0.030375
0.030375
0.030348
0.030348
0.030348
0.030348
0.030316
0.030354
0.030354
0.030328
0.030328
0.030328
0.030290
0.030322
0.030322
0.030322
0.030297
0.030297
0.030339
0.030339
0.030339
0.030339
0.030284
0.030322
0.030322
0.030322
0.030322
0.030322
0.030284
0.030293
0.030293
0.030293
0.030293
0.030293
0.030293
0.030271
0.030312
0.030312
0.030280
0.030280
0.030318
0.030297
0.030297
0.030259
0.030259
0.030291
0.030291
0.030272
0.030272
0.030272
0.030272
0.030272
0.030272
0.030272
0.030221
0.030221
0.030221
0.030221
0.030221
0.030221
0.030203
0.030235
0.030235
0.030235
0.030235
0.030235
0.030218
0.030218
0.030218
0.030218
0.030186
0.030186
0.030186
0.030171
0.030171
0.030171
0.030171
0.030203
0.030203
0.030188
0.030188
0.030188
0.030188
0.030188
0.030188
0.030175
0.030143
0.030143
0.030143
0.030096
0.030096
0.030083
0.030083
0.030116
0.030116
0.030116
0.030116
0.030104
0.030104
0.030104
0.030104
0.030104
0.030072
0.030062
0.030062
0.030062
0.030104
0.030104
0.030104
0.030128
0.030128
0.030128
0.030128
0.030128
0.030128
0.030120
0.030120
0.030088
0.030088
0.030088
0.030088
0.030082
0.030082
0.030082
0.030082
0.030114
0.030114
0.030110
0.030110
0.030110
0.030110
0.030110
0.030110
0.030074
0.030074
0.030074
0.030074
0.030074
0.030074
0.030072
0.030072
0.030104
0.030104
0.030104
0.030056
0.030055
0.030055
0.030055
0.030055
0.030023
0.030023
0.030024
0.030024
0.030024
0.030024
0.030024
0.030024
0.030058
0.030058
0.030058
0.030058
0.030058
0.030058
0.030061
0.030061
0.030029
0.030029
0.030029
0.030029
0.030034
0.030077
0.030077
0.030077
0.030109
0.030109
0.030115
0.030115
0.030115
0.030115
0.030115
0.030122
0.030090
0.030090
0.030090
0.030090
0.030090
0.030099
0.030099
0.030099
0.030099
0.030131
0.030131
0.030141
0.030141
0.030141
0.030141
0.030141
0.030121
0.030121
0.030121
0.030121
0.030121
0.030121
0.030134
0.030180
0.030180
0.030212
0.030212
0.030226
0.030226
0.030226
0.030226
0.030226
0.030194
0.030209
0.030209
0.030209
0.030209
0.030209
0.030225
0.030225
0.030225
0.030257
0.030257
0.030274
0.030274
0.030274
0.030274
0.030274
0.030260
0.030260
0.030260
0.030260
0.030260
0.030322
0.030322
