1.523017
1.355211
1.197252
1.085175
1.021885
0.994790
0.986879
0.987305
0.987513
0.986521
0.984947
0.983334
0.982095
0.981119
0.980455
0.980045
0.979746
0.979311
0.978963
0.978380
0.977448
0.976134
0.974610
0.973004
0.971409
0.969974
0.968613
0.967036
0.965775
0.964469
0.963230
0.961929
0.960679
0.959307
0.958114
0.956893
0.955549
0.954337
0.953071
0.951838
0.950527
0.949236
0.948009
0.946904
0.945873
0.944519
0.943409
0.942053
0.940507
0.939231
0.937831
0.936313
0.934967
0.933725
0.932404
0.931160
0.929843
0.928593
0.927203
0.925946
0.924651
0.923358
0.922234
0.921071
0.919964
0.918637
0.917490
0.916136
0.914888
0.913453
0.911737
0.910366
0.908686
0.907201
0.905676
0.904218
0.902756
0.901312
0.899990
0.898577
0.897075
0.895637
0.893942
0.892382
0.890637
0.888835
0.887151
0.885328
0.883670
0.881797
0.879922
0.878125
0.876294
0.874390
0.872404
0.870463
0.868705
0.867222
0.865544
0.863612
0.861799
0.860211
0.858410
0.856745
0.854849
0.853075
0.851306
0.849342
0.847455
0.845391
0.843593
0.841634
0.839432
0.837498
0.835675
0.833771
0.832034
0.830406
0.828913
0.827611
0.826248
0.824927
0.823747
0.822249
0.820691
0.819071
0.817066
0.815134
0.812995
0.810976
0.808830
0.806997
0.804971
0.803112
0.801396
0.800126
0.798662
0.797315
0.795950
0.794637
0.793320
0.792036
0.790733
0.788820
0.787094
0.785315
0.783306
0.781682
0.779895
0.778153
0.776563
0.775016
0.773829
0.772393
0.771077
0.769556
0.767884
0.766344
0.764774
0.763195
0.761520
0.759714
0.757751
0.755720
0.753748
0.751825
0.749707
0.747779
0.746014
0.744157
0.742731
0.741478
0.740151
0.739062
0.737900
0.736670
0.735322
0.734004
0.732075
0.730378
0.728407
0.726522
0.724575
0.722850
0.721119
0.719632
0.718392
0.717418
0.716627
0.715754
0.714864
0.714188
0.713419
0.712382
0.711407
0.710086
0.708394
0.706654
0.704893
0.702868
0.700857
0.698928
0.697181
0.695283
0.693883
0.692495
0.691565
0.690683
0.689913
0.689234
0.688597
0.687641
0.686813
0.685469
0.683873
0.682211
0.680356
0.678458
0.676408
0.674661
0.672829
0.671330
0.669795
0.668779
0.668010
0.667283
0.666836
0.666454
0.665834
0.665216
0.664264
0.663271
0.661813
0.659966
0.658004
0.656035
0.653963
0.652017
0.650063
0.648466
0.646647
0.645349
0.644122
0.642933
0.642206
0.641542
0.640968
0.640265
0.639568
0.638528
0.637192
0.635592
0.633805
0.631853
0.629875
0.627928
0.626188
0.624353
0.622757
0.621626
0.620842
0.620295
0.620096
0.619876
0.619664
0.619200
0.618853
0.618553
0.617734
0.616521
0.614867
0.613240
0.611399
0.609891
0.608226
0.606881
0.605744
0.604898
0.603947
0.603088
0.602312
0.601663
0.601092
0.600397
0.600034
0.599288
0.598163
0.596894
0.595438
0.593830
0.592301
0.590841
0.589640
0.588538
0.587400
0.586358
0.585483
0.584652
0.584035
0.583541
0.582895
0.582267
0.581554
0.581004
0.580064
0.579187
0.578116
0.576964
0.575979
0.575065
0.574057
0.572961
0.571731
0.570560
0.569821
0.569181
0.568657
0.568251
0.567734
0.567214
0.566521
0.565665
0.565131
0.564263
0.563257
0.562484
0.561716
0.560894
0.559792
0.558613
0.557441
0.556336
0.555590
0.554883
0.554194
0.553723
0.553325
0.552912
0.552422
0.551665
0.550744
0.549928
0.548990
0.547958
0.546631
0.545377
0.543947
0.542615
0.541252
0.539878
0.538567
0.537380
0.536544
0.535843
0.535563
0.535601
0.535457
0.535533
0.535077
0.534533
0.533869
0.533116
0.532134
0.531160
0.530157
0.529361
0.528749
0.528000
0.527414
0.526456
0.525709
0.525049
0.524343
0.523516
0.522829
0.521781
0.520810
0.520357
0.519989
0.519656
0.519157
0.518807
0.518386
0.517954
0.517300
0.516099
0.514921
0.513749
0.512616
0.511236
0.510189
0.508887
0.507882
0.506789
0.505732
0.504590
0.503455
0.502286
0.501270
0.500072
0.498941
0.497892
0.496593
0.495488
0.494602
0.493213
0.492030
0.490919
0.489611
0.488464
0.487460
0.486249
0.485074
0.484088
0.482964
0.481760
0.481283
0.480744
0.479866
0.479061
0.478419
0.477292
0.475983
0.474817
0.473647
0.472387
0.471183
0.470159
0.469080
0.467936
0.466946
0.465630
0.464317
0.463248
0.462018
0.460700
0.459585
0.458398
0.457133
0.455998
0.454776
0.453533
0.452215
0.451115
0.449720
0.448407
0.447277
0.445917
0.444599
0.443353
0.441978
0.440808
0.439430
0.438137
0.436882
0.435547
0.434209
0.432769
0.431492
0.430196
0.428778
0.427502
0.426167
0.424875
0.423485
0.422167
0.420849
0.419377
0.417937
0.416353
0.414849
0.413231
0.411723
0.410162
0.408660
0.407349
0.406035
0.404663
0.403496
0.402329
0.400985
0.399728
0.398267
0.396929
0.395593
0.394285
0.392802
0.391523
0.390271
0.389137
0.387995
0.386878
0.385579
0.384471
0.383234
0.382117
0.380921
0.379813
0.378642
0.377521
0.376467
0.375527
0.374483
0.373306
0.372412
0.371484
0.370556
0.369530
0.368524
0.367605
0.366616
0.365751
0.364900
0.364035
0.363155
0.362325
0.361500
0.360714
0.359908
0.359243
0.358319
0.357507
0.356794
0.356003
0.355223
0.354560
0.353753
0.353106
0.352309
0.351690
0.350929
0.350317
0.349553
0.348880
0.348226
0.347503
0.346821
0.346134
0.345466
0.344742
0.344108
0.343477
0.342799
0.342223
0.341566
0.340985
0.340256
0.339629
0.338925
0.338344
0.337699
0.337000
0.336410
0.335647
0.335064
0.334386
0.333704
0.333136
0.332431
0.331756
0.331159
0.330323
0.329715
0.329014
0.328212
0.327468
0.326782
0.326039
0.325380
0.324652
0.323878
0.323145
0.322372
0.321616
0.320815
0.320094
0.319260
0.318431
0.317639
0.316756
0.315865
0.315002
0.314197
0.313246
0.312289
0.311448
0.310590
0.309563
0.308638
0.307716
0.306813
0.305815
0.304929
0.303866
0.302937
0.301855
0.300999
0.299934
0.298952
0.297886
0.296919
0.295722
0.294805
0.293715
0.292770
0.291768
0.290673
0.289667
0.288719
0.287760
0.286656
0.285652
0.284782
0.283670
0.282715
0.281733
0.280745
0.279851
0.278881
0.277841
0.276931
0.275949
0.275166
0.274246
0.273345
0.272507
0.271638
0.270894
0.270064
0.269105
0.268349
0.267532
0.266606
0.265968
0.265224
0.264336
0.263637
0.262822
0.262121
0.261530
0.260844
0.260243
0.259479
0.258847
0.258208
0.257574
0.256998
0.256246
0.255680
0.255040
0.254521
0.253818
0.253288
0.252861
0.252289
0.251750
0.251233
0.250656
0.250118
0.249692
0.249254
0.248660
0.248111
0.247634
0.247155
0.246606
0.246141
0.245684
0.245404
0.244898
0.244322
0.243821
0.243466
0.242966
0.242645
0.242173
0.241688
0.241289
0.240965
0.240423
0.239996
0.239510
0.239175
0.238841
0.238318
0.238003
0.237498
0.237204
0.236780
0.236491
0.236090
0.235632
0.235221
0.234877
0.234527
0.234143
0.233751
0.233445
0.233101
0.232684
0.232269
0.231844
0.231485
0.231054
0.230758
0.230434
0.230095
0.229661
0.229307
0.228945
0.228499
0.228117
0.227696
0.227398
0.227044
0.226693
0.226372
0.225846
0.225458
0.225110
0.224750
0.224432
0.224024
0.223546
0.223220
0.222824
0.222451
0.222034
0.221590
0.221155
0.220815
0.220388
0.220061
0.219640
0.219287
0.218879
0.218445
0.218098
0.217705
0.217349
0.217025
0.216546
0.216139
0.215742
0.215396
0.214955
0.214580
0.214118
0.213782
0.213355
0.212984
0.212659
0.212252
0.211891
0.211437
0.211189
0.210729
0.210411
0.210062
0.209745
0.209322
0.209047
0.208646
0.208285
0.207874
0.207518
0.207185
0.206827
0.206590
0.206330
0.205963
0.205594
0.205292
0.204927
0.204633
0.204330
0.203958
0.203741
0.203404
0.203075
0.202738
0.202485
0.202192
0.201907
0.201618
0.201370
0.201088
0.200807
0.200551
0.200347
0.200055
0.199811
0.199519
0.199346
0.199038
0.198813
0.198571
0.198466
0.198174
0.198018
0.197729
0.197521
0.197331
0.197139
0.196900
0.196670
0.196490
0.196302
0.196159
0.195933
0.195863
0.195725
0.195563
0.195358
0.195109
0.195050
0.194896
0.194809
0.194611
0.194502
0.194404
0.194259
0.194227
0.194131
0.193969
0.193888
0.193738
0.193659
0.193645
0.193463
0.193443
0.193352
0.193294
0.193161
0.193065
0.192993
0.192891
0.192813
0.192810
0.192769
0.192686
0.192635
0.192556
0.192585
0.192553
0.192569
0.192481
0.192489
0.192390
0.192295
0.192257
0.192225
0.192177
0.192153
0.192149
0.192065
0.192007
0.191959
0.192027
0.191992
0.191946
0.191926
0.191883
0.191770
0.191806
0.191812
0.191723
0.191738
0.191697
0.191751
0.191748
0.191683
0.191598
0.191601
0.191651
0.191625
0.191589
0.191589
0.191597
0.191638
0.191497
0.191542
0.191582
0.191581
0.191523
0.191523
0.191581
0.191542
0.191457
0.191444
0.191444
0.191401
0.191415
0.191485
0.191491
0.191537
0.191482
0.191483
0.191511
0.191475
0.191532
0.191483
0.191483
0.191483
0.191447
0.191472
0.191466
0.191409
0.191447
0.191375
0.191445
0.191507
0.191584
0.191592
0.191518
0.191563
0.191529
0.191604
0.191619
0.191584
0.191581
0.191624
0.191534
0.191588
0.191659
0.191711
0.191711
0.191703
0.191749
0.191749
0.191747
0.191780
0.191850
0.191814
0.191814
0.191738
0.191733
0.191766
0.191839
0.191846
0.191866
0.191900
0.191931
0.191909
0.191975
0.191975
0.192013
0.192013
0.191993
0.192028
0.192040
0.192083
0.192121
0.192157
0.192142
0.192192
0.192229
0.192229
0.192289
0.192276
0.192359
0.192359
0.192324
0.192354
0.192354
0.192354
0.192336
0.192416
0.192416
0.192410
0.192451
0.192404
0.192401
0.192479
0.192479
0.192522
0.192555
0.192601
0.192608
0.192608
0.192609
0.192660
0.192705
0.192709
0.192752
0.192758
0.192757
0.192821
0.192841
0.192841
0.192841
0.192924
0.192933
0.192979
0.192956
0.192940
0.192997
0.192997
0.192970
0.192970
0.193052
0.193052
0.193052
0.193093
0.193226
0.193244
0.193244
0.193291
0.193279
0.193279
0.193346
0.193311
0.193346
0.193414
0.193405
0.193427
0.193477
0.193501
0.193549
0.193521
0.193503
0.193524
0.193572
0.193593
0.193629
0.193613
0.193613
0.193648
0.193671
0.193720
0.193749
0.193748
0.193775
0.193824
0.193888
0.193888
0.193884
0.193877
0.193893
0.193861
0.193859
0.193908
0.193992
0.193991
0.194027
0.193996
0.194046
0.194096
0.194134
0.194105
0.194180
0.194181
0.194270
0.194270
0.194215
0.194215
0.194264
0.194317
0.194358
0.194358
0.194334
0.194412
0.194461
0.194481
0.194487
0.194518
0.194541
0.194541
0.194565
0.194644
0.194646
0.194653
0.194653
0.194702
0.194710
0.194770
0.194770
0.194756
0.194759
0.194759
0.194854
0.194897
0.194866
0.194866
0.194901
0.194912
0.194960
0.195018
0.195061
0.195051
0.195098
0.195111
0.195111
0.195150
0.195197
0.195251
0.195216
0.195226
0.195240
0.195240
0.195284
0.195319
0.195412
0.195412
0.195412
0.195471
0.195467
0.195516
0.195516
0.195529
0.195578
0.195591
0.195696
0.195719
0.195719
0.195732
0.195782
0.195782
0.195782
0.195782
0.195800
0.195850
0.195946
0.195946
0.195936
0.195907
0.195956
0.195956
0.195993
0.195993
0.196029
0.196098
0.196098
0.196148
0.196148
0.196148
0.196168
0.196168
0.196168
0.196137
0.196213
0.196212
0.196212
0.196268
0.196321
0.196329
0.196378
0.196410
0.196476
0.196476
0.196512
0.196512
0.196512
0.196496
0.196496
0.196505
0.196553
0.196553
0.196653
0.196653
0.196701
0.196712
0.196700
0.196725
0.196725
0.196725
0.196725
0.196693
0.196767
0.196767
0.196767
0.196767
0.196811
0.196836
0.196884
0.196939
0.196939
0.196939
0.197025
0.197025
0.197025
0.196993
0.196993
0.196993
0.197019
0.197019
0.197065
0.197065
0.197065
0.197039
0.197127
0.197127
0.197127
0.197142
0.197142
0.197184
0.197184
0.197184
0.197184
0.197184
0.197216
0.197216
0.197256
0.197280
0.197280
0.197245
0.197245
0.197309
0.197295
0.197291
0.197308
0.197307
0.197307
0.197307
0.197339
0.197339
0.197377
0.197427
0.197455
0.197500
0.197500
0.197472
0.197490
0.197508
0.197508
0.197595
0.197595
0.197595
0.197627
0.197673
0.197711
0.197624
0.197624
0.197624
0.197670
0.197661
0.197661
0.197648
0.197688
0.197688
0.197707
0.197707
0.197768
0.197814
0.197852
0.197852
0.197852
0.197852
0.197852
0.197852
0.197782
0.197782
0.197782
0.197801
0.197831
0.197831
0.197863
0.197921
0.197921
0.197921
0.197921
0.197921
0.197921
0.197921
0.197851
0.197881
0.197859
0.197906
0.197872
0.197872
0.197872
0.197962
0.197962
0.197962
0.197962
0.197962
0.197992
0.198042
0.197972
0.197972
0.197972
0.197972
0.197972
0.197972
0.197972
0.198063
0.198063
0.198108
0.198108
0.198108
0.198129
0.198160
0.198150
0.198150
0.198150
0.198150
0.198150
0.198150
0.198150
0.198184
0.198184
0.198219
0.198219
0.198219
0.198219
0.198276
0.198206
0.198206
0.198206
0.198199
0.198199
0.198199
0.198238
0.198269
0.198269
0.198269
0.198269
0.198269
0.198269
0.198314
0.198282
0.198266
0.198266
0.198266
0.198266
0.198266
0.198304
0.198335
0.198335
0.198335
0.198385
0.198385
0.198429
0.198385
0.198386
0.198348
0.198391
0.198413
0.198458
0.198458
0.198497
0.198528
0.198528
0.198528
0.198528
0.198528
0.198528
0.198528
0.198497
0.198458
0.198458
0.198458
0.198458
0.198458
0.198545
0.198576
0.198576
0.198576
0.198583
0.198560
0.198560
0.198560
0.198600
0.198600
0.198600
0.198605
0.198605
0.198605
0.198637
0.198669
0.198669
0.198669
0.198669
0.198669
0.198669
0.198637
0.198637
0.198637
0.198637
0.198637
0.198637
0.198637
0.198637
0.198637
0.198692
0.198692
0.198692
0.198742
0.198742
0.198711
0.198711
0.198711
0.198711
0.198711
0.198711
0.198711
0.198711
0.198711
0.198742
0.198742
0.198742
0.198742
0.198742
0.198745
0.198745
0.198745
0.198745
0.198745
0.198745
0.198745
0.198745
0.198745
0.198776
0.198752
0.198752
0.198752
0.198752
0.198744
0.198744
0.198744
0.198744
0.198701
0.198701
0.198701
0.198701
0.198677
0.198708
0.198744
0.198744
0.198744
0.198768
0.198737
0.198737
0.198737
0.198772
0.198772
0.198772
0.198772
0.198772
0.198772
0.198803
0.198803
0.198803
0.198803
0.198803
0.198772
0.198772
0.198772
0.198772
0.198772
0.198772
0.198772
0.198772
0.198772
0.198772
0.198772
0.198772
0.198772
0.198822
0.198822
0.198857
0.198857
0.198821
0.198778
0.198778
0.198803
0.198803
0.198803
0.198803
0.198803
0.198803
0.198778
0.198778
0.198778
0.198778
0.198778
0.198778
0.198778
0.198778
0.198803
0.198803
0.198803
0.198870
0.198870
0.198870
0.198870
0.198870
0.198870
0.198870
0.198827
0.198885
0.198885
0.198885
0.198885
0.198885
0.198842
0.198842
0.198842
0.198842
0.198842
0.199056
0.199855
0.202484
0.207174
0.213813
0.221953
0.231095
0.240588
0.250188
0.259544
0.268755
0.277866
0.286974
0.296225
0.305710
0.315404
0.325297
0.335258
0.345219
0.355216
0.365129
0.375061
0.384972
0.394820
0.404768
0.414617
0.424115
0.432657
0.439807
0.445257
0.448918
0.450968
0.451769
0.451733
0.451382
0.451032
0.450782
0.450767
0.450817
0.450917
0.451002
0.450852
0.450552
0.450101
0.449501
0.448951
0.448451
0.448101
0.447901
0.447851
0.447851
0.447801
0.446859
0.444260
0.439510
0.432712
0.424364
0.415151
0.405504
0.395958
0.386663
0.377644
0.368751
0.359760
0.350569
0.341132
0.331450
0.321620
0.311799
0.302347
0.293833
0.286771
0.281531
0.278090
0.276315
0.275709
0.275891
0.276323
0.276737
0.276901
0.276773
0.276517
0.276284
0.276172
0.276270
0.276558
0.276985
0.277438
0.277923
0.278302
0.278578
0.278713
0.278844
0.278848
0.278809
0.278733
0.278748
0.278810
0.278868
0.278967
0.279063
0.279105
0.279097
0.278993
0.278840
0.278690
0.278445
0.278246
0.278050
0.277901
0.277832
0.277683
0.277529
0.277380
0.277176
0.276977
0.276827
0.276628
0.276425
0.276225
0.276034
0.275835
0.275682
0.275482
0.275283
0.275157
0.274958
0.274723
0.274640
0.274440
0.274241
0.274091
0.273888
0.273661
0.273476
0.273273
0.273073
0.272924
0.272785
0.272591
0.272391
0.272227
0.272074
0.271874
0.271702
0.271552
0.271349
0.271184
0.271035
0.270832
0.270632
0.270483
0.270283
0.270080
0.269930
0.269731
0.269528
0.269378
0.269179
0.268939
0.268748
0.268586
0.268387
0.268233
0.268034
0.267834
0.267685
0.267517
0.267317
0.267168
0.266964
0.266728
0.266578
0.266375
0.266176
0.266026
0.265827
0.265623
0.265438
0.265239
0.265085
0.264886
0.264687
0.264537
0.264334
0.264094
0.263945
0.263741
0.263542
0.263427
0.263257
0.263054
0.262904
0.262705
0.262473
0.262323
0.262124
0.261924
0.261771
0.261621
0.261526
0.261476
0.261480
0.261567
0.261581
0.261635
0.261643
0.261697
0.261702
0.261706
0.261710
0.261719
0.261759
0.261840
0.261849
0.261854
0.261909
0.261918
0.261923
0.261977
0.261987
0.261992
0.261997
0.262007
0.262012
0.262017
0.261923
0.261824
0.261625
0.261467
0.261223
0.261074
0.260980
0.260935
0.260990
0.261015
0.261076
0.261137
0.261183
0.261194
0.261200
0.261206
0.261168
0.261180
0.261186
0.261198
0.261260
0.261272
0.261278
0.261291
0.261303
0.261343
0.261317
0.261274
0.261181
0.261033
0.260884
0.260679
0.260474
0.260326
0.260233
0.260190
0.260204
0.260274
0.260288
0.260358
0.260373
0.260387
0.260345
0.260376
0.260391
0.260357
0.260372
0.260387
0.260403
0.260369
0.260385
0.260401
0.260337
0.260246
0.260098
0.259862
0.259764
0.259559
0.259353
0.259169
0.259078
0.259046
0.259062
0.259088
0.259114
0.259140
0.259145
0.259113
0.259091
0.259060
0.259029
0.259011
0.258981
0.258925
0.258895
0.258865
0.258777
0.258639
0.258482
0.258312
0.258106
0.257900
0.257694
0.257596
0.257420
0.257401
0.257372
0.257413
0.257395
0.257377
0.257360
0.257332
0.257267
0.257240
0.257176
0.257149
0.257074
0.256939
0.256853
0.256647
0.256441
0.256284
0.256078
0.255871
0.255725
0.255639
0.255565
0.255515
0.255501
0.255501
0.255441
0.255380
0.255321
0.255236
0.255104
0.254959
0.254753
0.254547
0.254338
0.254132
0.253987
0.253813
0.253668
0.253548
0.253477
0.253399
0.253377
0.253334
0.253278
0.253175
0.253072
0.252928
0.252784
0.252619
0.252447
0.252241
0.252035
0.251877
0.251719
0.251527
0.251328
0.251136
0.250978
0.250848
0.250726
0.250589
0.250489
0.250405
0.250258
0.250160
0.250033
0.249827
0.249585
0.249375
0.249119
0.248909
0.248668
0.248490
0.248261
0.248036
0.247844
0.247570
0.247378
0.247103
0.246875
0.246586
0.246394
0.246121
0.245859
0.245618
0.245393
0.245084
0.244825
0.244517
0.244277
0.243935
0.243678
0.243370
0.243043
0.242705
0.242345
0.241938
0.241598
0.241226
0.240868
0.240427
0.240137
0.239729
0.239407
0.238967
0.238608
0.238187
0.237758
0.237321
0.236925
0.236478
0.236051
0.235577
0.235151
0.234623
0.234123
0.233611
0.233148
0.232637
0.232135
0.231586
0.231084
0.230535
0.230019
0.229431
0.228961
0.228374
0.227834
0.227277
0.226698
0.226141
0.225578
0.224982
0.224433
0.223837
0.223320
0.222724
0.222206
0.221601
0.221084
0.220464
0.219907
0.219302
0.218816
0.218243
0.217717
0.217144
0.216619
0.216062
0.215537
0.214997
0.214504
0.214012
0.213473
0.213013
0.212475
0.212017
0.211530
0.211079
0.210608
0.210144
0.209642
0.209188
0.208758
0.208306
0.207863
0.207412
0.206985
0.206571
0.206146
0.205770
0.205345
0.205007
0.204587
0.204234
0.203816
0.203481
0.203100
0.202768
0.202389
0.201988
0.201611
0.201269
0.200958
0.200634
0.200260
0.199939
0.199604
0.199318
0.198989
0.198619
0.198125
0.197695
0.197222
0.196760
0.196249
0.195826
0.195356
0.194897
0.194384
0.194016
0.193514
0.193129
0.192657
0.192235
0.191794
0.191442
0.190990
0.190549
0.190083
0.189639
0.189147
0.188704
0.188247
0.187787
0.187357
0.187027
0.186502
0.186027
0.185510
0.185087
0.184543
0.184053
0.183427
0.182921
0.182390
0.181861
0.181392
0.180873
0.180302
0.179778
0.179211
0.178629
0.178051
0.177494
0.176988
0.176412
0.175813
0.175222
0.174627
0.174056
0.173405
0.172871
0.172238
0.171655
0.171030
0.170440
0.169765
0.169238
0.168594
0.167961
0.167246
0.166659
0.166012
0.165403
0.164712
0.164085
0.163491
0.162758
0.162175
0.161517
0.160904
0.160238
0.159668
0.159011
0.158452
0.157854
0.157208
0.156611
0.156070
0.155474
0.154896
0.154317
0.153775
0.153246
0.152718
0.152206
0.151595
0.151085
0.150590
0.150163
0.149655
0.149146
0.148651
0.148161
0.147739
0.147257
0.146802
0.146411
0.145926
0.145583
0.145166
0.144668
0.144329
0.143931
0.143571
0.143254
0.142891
0.142499
0.142150
0.141807
0.141450
0.141116
0.140798
0.140537
0.140151
0.139893
0.139607
0.139320
0.139049
0.138796
0.138484
0.138234
0.138014
0.137647
0.137370
0.137177
0.136877
0.136707
0.136429
0.136167
0.136038
0.135784
0.135499
0.135330
0.135088
0.134853
0.134613
0.134398
0.134207
0.134012
0.133821
0.133536
0.133336
0.133137
0.132864
0.132702
0.132430
0.132281
0.132032
0.131843
0.131699
0.131451
0.131232
0.131082
0.130862
0.130655
0.130426
0.130241
0.129993
0.129788
0.129544
0.129318
0.129132
0.128909
0.128787
0.128538
0.128298
0.128086
0.127926
0.127672
0.127409
0.127175
0.126851
0.126650
0.126393
0.126153
0.125895
0.125671
0.125396
0.125210
0.124944
0.124675
0.124413
0.124100
0.123818
0.123527
0.123262
0.122972
0.122684
0.122444
0.122159
0.121790
0.121460
0.121172
0.120869
0.120531
0.120300
0.119939
0.119612
0.119261
0.118954
0.118605
0.118242
0.117961
0.117526
0.117229
0.116914
0.116503
0.116115
0.115767
0.115366
0.115030
0.114640
0.114300
0.113889
0.113483
0.113076
0.112687
0.112212
0.111848
0.111404
0.111053
0.110606
0.110189
0.109688
0.109323
0.108852
0.108444
0.107974
0.107527
0.107085
0.106588
0.106201
0.105751
0.105302
0.104811
0.104395
0.103924
0.103496
0.102982
0.102507
0.102019
0.101555
0.101083
0.100634
0.100102
0.099654
0.099185
0.098724
0.098183
0.097778
0.097243
0.096709
0.096265
0.095816
0.095359
0.094793
0.094422
0.093935
0.093472
0.093032
0.092588
0.092102
0.091618
0.091154
0.090805
0.090290
0.089871
0.089459
0.089050
0.088568
0.088106
0.087750
0.087328
0.086901
0.086487
0.086191
0.085734
0.085304
0.084922
0.084497
0.084120
0.083741
0.083306
0.082956
0.082620
0.082269
0.081891
0.081559
0.081136
0.080847
0.080470
0.080181
0.079775
0.079453
0.079124
0.078679
0.078311
0.078040
0.077686
0.077317
0.076995
0.076719
0.076395
0.076172
0.075863
0.075541
0.075235
0.074810
0.074542
0.074272
0.073939
0.073593
0.073316
0.073020
0.072704
0.072447
0.072103
0.071809
0.071508
0.071207
0.070985
0.070614
0.070364
0.070113
0.069815
0.069566
0.069228
0.068890
0.068636
0.068309
0.068111
0.067736
0.067490
0.067189
0.066913
0.066620
0.066305
0.066063
0.065820
0.065530
0.065288
0.065047
0.064690
0.064500
0.064216
0.063946
0.063695
0.063409
0.063183
0.062959
0.062713
0.062478
0.062239
0.061958
0.061738
0.061555
0.061269
0.061038
0.060807
0.060511
0.060303
0.060075
0.059846
0.059538
0.059312
0.059114
0.058919
0.058650
0.058416
0.058154
0.058000
0.057782
0.057511
0.057257
0.057039
0.056829
0.056632
0.056409
0.056114
0.055901
0.055660
0.055412
0.055213
0.054930
0.054786
0.054540
0.054285
0.054041
0.053896
0.053653
0.053371
0.053085
0.052881
0.052642
0.052391
0.052212
0.052010
0.051805
0.051512
0.051237
0.051037
0.050820
0.050582
0.050366
0.050185
0.049935
0.049692
0.049500
0.049245
0.049059
0.048910
0.048656
0.048443
0.048284
0.048057
0.047804
0.047614
0.047449
0.047305
0.047064
0.046900
0.046718
0.046467
0.046352
0.046145
0.045964
0.045784
0.045601
0.045494
0.045292
0.045033
0.044859
0.044777
0.044598
0.044419
0.044277
0.044101
0.043923
0.043771
0.043647
0.043470
0.043335
0.043181
0.043047
0.042928
0.042679
0.042595
0.042401
0.042290
0.042115
0.042004
0.041888
0.041809
0.041635
0.041484
0.041372
0.041221
0.041109
0.040959
0.040892
0.040737
0.040590
0.040440
0.040373
0.040224
0.040141
0.039992
0.039947
0.039869
0.039770
0.039606
0.039516
0.039449
0.039301
0.039235
0.039108
0.039042
0.038846
0.038779
0.038632
0.038588
0.038521
0.038396
0.038330
0.038287
0.038140
0.038061
0.038029
0.037993
0.037870
0.037803
0.037725
0.037658
0.037578
0.037420
0.037320
0.037276
0.037199
0.037132
0.037055
0.037037
0.036969
0.036856
0.036813
0.036769
0.036670
0.036626
0.036583
0.036435
0.036403
0.036403
0.036329
0.036286
0.036219
0.036107
0.036033
0.036069
0.035997
0.035921
0.035853
0.035742
0.035742
0.035700
0.035629
0.035626
0.035558
0.035477
0.035407
0.035407
0.035366
0.035337
0.035257
0.035192
0.035228
0.035160
0.035090
0.035050
0.035010
0.034982
0.034942
0.034876
0.034903
0.034836
0.034794
0.034794
0.034755
0.034722
0.034608
0.034608
0.034606
0.034576
0.034511
0.034470
0.034432
0.034432
0.034340
0.034343
0.034302
0.034265
0.034265
0.034203
0.034170
0.034129
0.034092
0.034092
0.034068
0.034097
0.034056
0.034020
0.034020
0.033991
0.033895
0.033895
0.033819
0.033784
0.033784
0.033763
0.033728
0.033687
0.033687
0.033693
0.033693
0.033729
0.033707
0.033632
0.033596
0.033596
0.033526
0.033526
0.033504
0.033462
0.033429
0.033429
0.033429
0.033429
0.033397
0.033320
0.033298
0.033309
0.033277
0.033277
0.033277
0.033236
0.033168
0.033210
0.033189
0.033189
0.033152
0.033121
0.033079
0.033079
0.033079
0.033119
0.033089
0.033070
0.033070
0.033028
0.032991
0.032960
0.032897
0.032897
0.032897
0.032897
0.032856
0.032808
0.032848
0.032848
0.032810
0.032810
0.032810
0.032823
0.032783
0.032783
0.032783
0.032783
0.032783
0.032699
0.032699
0.032699
0.032699
0.032659
0.032636
0.032636
0.032563
0.032521
0.032521
0.032521
0.032521
0.032532
0.032459
0.032465
0.032449
0.032410
0.032410
0.032410
0.032410
0.032410
0.032410
0.032383
0.032383
0.032349
0.032315
0.032315
0.032294
0.032294
0.032294
0.032294
0.032268
0.032262
0.032248
0.032248
0.032248
0.032210
0.032210
0.032210
0.032171
0.032167
0.032141
0.032141
0.032141
0.032141
0.032141
0.032102
0.032073
0.032073
0.032116
0.032116
0.032080
0.032054
0.032015
0.032015
0.031982
0.031969
0.031969
0.031969
0.031969
0.031969
0.031931
0.031931
0.031931
0.031931
0.031906
0.031906
0.031906
0.031868
0.031832
0.031845
0.031845
0.031800
0.031800
0.031800
0.031763
0.031745
0.031745
0.031745
0.031745
0.031719
0.031719
0.031682
0.031682
0.031682
0.031682
0.031682
0.031682
0.031673
0.031673
0.031637
0.031637
0.031637
0.031603
0.031603
0.031603
0.031603
0.031569
0.031569
0.031524
0.031558
0.031531
0.031531
0.031531
0.031531
0.031497
0.031497
0.031497
0.031497
0.031497
0.031480
0.031480
0.031480
0.031463
0.031463
0.031463
0.031463
0.031463
0.031463
0.031418
0.031418
0.031389
0.031389
0.031389
0.031389
0.031343
0.031343
0.031343
0.031343
0.031316
0.031316
0.031316
0.031316
0.031316
0.031309
0.031309
0.031281
0.031281
0.031254
0.031254
0.031254
0.031206
0.031206
0.031160
0.031177
0.031177
0.031177
0.031153
0.031153
0.031153
0.031153
0.031153
0.031183
0.031183
0.031183
0.031140
0.031140
0.031119
0.031119
0.031074
0.031038
0.031038
0.031038
0.031038
0.031038
0.031038
0.031038
0.031004
0.031004
0.031004
0.031004
0.031004
0.030959
0.030978
0.030978
0.030978
0.030978
0.030978
0.030964
0.030964
0.030964
0.030964
0.030964
0.030964
0.030922
0.030877
0.030844
0.030844
0.030844
0.030828
0.030818
0.030851
0.030851
0.030851
0.030849
0.030849
0.030804
0.030804
0.030804
0.030804
0.030804
0.030771
0.030771
0.030771
0.030765
0.030765
0.030765
0.030720
0.030753
0.030697
0.030697
0.030697
0.030697
0.030697
0.030697
0.030737
0.030703
0.030703
0.030659
0.030657
0.030617
0.030617
0.030617
0.030617
0.030617
0.030650
0.030650
0.030650
0.030690
0.030631
0.030590
0.030557
0.030557
0.030557
0.030557
0.030517
0.030517
0.030517
0.030519
0.030475
0.030475
0.030515
0.030515
0.030548
0.030515
0.030515
0.030515
0.030515
0.030515
0.030475
0.030391
0.030377
0.030377
0.030419
0.030419
0.030419
0.030419
0.030419
0.030419
0.030419
0.030375
0.030381
0.030381
0.030381
0.030411
0.030411
0.030411
0.030411
0.030372
0.030372
0.030372
0.030299
0.030299
0.030329
0.030316
0.030316
0.030316
0.030316
0.030316
0.030293
0.030293
0.030293
0.030249
0.030249
0.030249
0.030211
0.030211
0.030211
0.030211
0.030211
0.030174
0.030174
0.030174
0.030131
0.030168
0.030168
0.030178
0.030178
0.030178
0.030178
0.030178
0.030166
0.030129
0.030129
0.030129
0.030086
0.030049
0.030049
0.030049
0.030049
0.030049
0.030086
0.030086
0.030086
0.030086
0.030086
0.030086
0.030086
0.030044
0.030007
0.030007
0.029970
0.029970
0.029970
0.029970
0.029970
0.029970
0.029970
0.030007
0.030007
0.030007
0.029966
0.029966
0.029966
0.029949
0.029949
0.029913
0.029866
0.029866
0.029866
0.029866
0.029866
0.029866
0.029866
0.029903
0.029903
0.029862
0.029862
0.029862
0.029862
0.029862
0.029862
0.029825
0.029825
0.029790
0.029790
0.029790
0.029790
0.029790
0.029790
0.029827
0.029827
0.029787
0.029787
0.029787
0.029787
0.029787
0.029787
0.029750
0.029750
0.029750
0.029750
0.029718
0.029718
0.029718
0.029718
0.029718
0.029754
0.029754
0.029785
0.029785
0.029746
0.029716
0.029716
0.029679
0.029679
0.029679
0.029679
0.029655
0.029685
0.029676
0.029644
0.029644
0.029681
0.029648
0.029648
0.029648
0.029648
0.029648
0.029644
0.029644
0.029644
0.029607
0.029607
0.029607
0.029607
0.029607
0.029607
0.029607
0.029574
0.029611
0.029581
0.029581
0.029581
0.029581
0.029544
0.029577
0.029577
0.029577
0.029577
0.029577
0.029577
0.029577
0.029577
0.029577
0.029544
0.029544
0.029581
0.029581
0.029545
0.029508
0.029508
0.029541
0.029513
0.029513
0.029513
0.029513
0.029513
0.029513
0.029513
0.029480
0.029480
0.029480
0.029480
0.029480
0.029480
0.029456
0.029456
0.029456
0.029489
0.029489
0.029489
0.029489
0.029489
0.029489
0.029456
0.029456
0.029430
0.029430
0.029430
0.029430
0.029430
0.029430
0.029430
0.029430
0.029430
0.029429
0.029429
0.029429
0.029429
0.029396
0.029396
0.029396
0.029396
0.029396
0.029396
0.029396
0.029396
0.029396
0.029396
0.029396
0.029396
0.029396
0.029396
0.029390
0.029367
0.029367
0.029367
0.029367
0.029367
0.029367
0.029367
0.029367
0.029367
0.029367
0.029367
0.029367
0.029367
0.029367
0.029367
0.029367
0.029367
0.029367
0.029367
0.029367
0.029398
0.029398
0.029398
0.029367
0.029367
0.029367
0.029344
0.029344
0.029344
0.029344
0.029374
0.029374
0.029354
0.029354
0.029354
0.029354
0.029354
0.029354
0.029354
0.029354
0.029354
0.029354
0.029354
0.029354
0.029354
0.029354
0.029354
0.029354
0.029354
0.029354
0.029354
0.029322
0.029322
0.029322
0.029322
0.029322
0.029322
0.029322
0.029322
0.029322
0.029322
0.029322
0.029322
0.029322
0.029322
0.029322
0.029322
0.029322
0.029322
0.029322
0.029322
0.029322
0.029322
0.029306
0.029306
0.029306
0.029306
0.029306
0.029306
0.029306
0.029306
0.029306
0.029306
0.029306
0.029306
0.029306
0.029306
0.029306
0.029306
0.029306
0.029306
0.029306
0.029306
0.029306
0.029306
0.029306
0.029306
0.029306
0.029306
0.029285
0.029285
0.029285
0.029285
0.029285
0.029275
0.029275
0.029275
0.029275
0.029239
0.029239
0.029239
0.029239
0.029239
0.029239
0.029239
0.029239
0.029275
0.029275
0.029275
0.029275
0.029275
0.029275
0.029239
0.029239
0.029239
0.029239
0.029239
0.029239
0.029239
0.029239
0.029239
0.029226
0.029226
0.029226
0.029226
0.029226
0.029226
0.029226
0.029226
0.029226
0.029226
0.029226
0.029226
0.029224
0.029224
0.029224
0.029224
0.029224
0.029224
0.029224
0.029224
0.029224
0.029224
0.029224
0.029224
0.029224
0.029224
0.029224
0.029255
0.029255
0.029255
0.029255
0.029255
0.029224
0.029224
0.029224
0.029224
0.029224
0.029224
0.029224
0.029255
0.029255
0.029255
0.029255
0.029255
0.029255
0.029255
0.029255
0.029255
0.029255
0.029255
0.029255
0.029255
0.029255
0.029255
0.029255
0.029255
0.029255
0.029255
0.029237
0.029237
0.029237
0.029237
0.029237
0.029237
0.029237
0.029237
0.029204
0.029204
0.029204
0.029204
0.029204
0.029237
0.029237
0.029237
0.029237
0.029237
0.029237
0.029237
0.029237
0.029237
0.029237
0.029237
0.029204
0.029204
0.029204
0.029204
0.029204
0.029237
0.029237
0.029237
0.029237
0.029237
0.029237
0.029237
0.029237
0.029237
0.029237
0.029204
0.029204
0.029204
0.029204
0.029204
0.029204
0.029204
0.029237
0.029229
0.029229
0.029229
0.029229
0.029229
0.029229
0.029229
0.029229
0.029197
0.029197
0.029197
0.029197
0.029197
0.029197
0.029197
0.029229
0.029229
0.029229
0.029229
0.029229
0.029229
0.029229
0.029229
0.029197
0.029197
0.029197
0.029197
0.029197
0.029197
0.029197
0.029197
0.029197
0.029229
0.029192
0.029192
0.029192
0.029192
0.029192
0.029229
0.029197
0.029197
0.029197
0.029197
0.029197
0.029197
0.029197
0.029197
0.029197
0.029229
0.029192
0.029192
0.029192
0.029192
0.029192
0.029197
0.029236
0.029236
0.029236
0.029236
0.029197
0.029197
0.029197
0.029197
0.029197
0.029159
0.029192
0.029192
0.029192
0.029231
0.029231
0.029198
0.029236
0.029236
0.029197
0.029197
0.029228
0.029228
0.029228
0.029228
0.029228
0.029191
0.029159
0.029198
0.029198
0.029198
0.029198
0.029198
0.029228
0.029228
0.029228
0.029228
0.029228
0.029228
0.029228
0.029228
0.029228
0.029229
0.029229
0.029229
0.029229
0.029229
0.029191
0.029191
0.029228
0.029228
0.029228
0.029228
0.029228
0.029228
0.029267
0.029267
0.029229
0.029229
0.029229
0.029216
0.029177
0.029177
0.029177
0.029177
0.029177
0.029215
0.029215
0.029215
0.029253
0.029253
0.029253
0.029253
0.029216
0.029216
0.029177
0.029177
0.029177
0.029177
0.029177
0.029177
0.029177
0.029215
0.029253
0.029253
0.029253
