2.265331
2.142928
2.038492
1.975171
1.946790
1.937890
1.936441
1.936047
1.935359
1.934180
1.932602
1.930865
1.928868
1.927083
1.925573
1.924015
1.922022
1.919957
1.917669
1.914948
1.911634
1.907517
1.903442
1.899041
1.894725
1.890753
1.886454
1.882571
1.878820
1.874710
1.870660
1.867233
1.863280
1.859653
1.856062
1.852677
1.848800
1.845221
1.841711
1.837590
1.833688
1.830168
1.826452
1.822527
1.818390
1.814722
1.810769
1.806672
1.802793
1.799001
1.795164
1.790525
1.786357
1.782221
1.777720
1.773284
1.769526
1.765208
1.760536
1.755627
1.751188
1.746310
1.741263
1.736315
1.731385
1.726321
1.721125
1.715903
1.710842
1.705351
1.699776
1.694146
1.688195
1.682430
1.677183
1.672351
1.667072
1.662650
1.658077
1.653203
1.648520
1.643974
1.638918
1.633012
1.627027
1.620772
1.614746
1.608848
1.602529
1.596189
1.590235
1.584672
1.578587
1.572657
1.566588
1.560724
1.554842
1.548920
1.542809
1.536866
1.530949
1.525112
1.519189
1.513463
1.507989
1.502243
1.496421
1.490658
1.485084
1.479745
1.474385
1.469089
1.463476
1.457871
1.452564
1.447208
1.441985
1.436965
1.432040
1.427517
1.422664
1.417944
1.413289
1.408498
1.404082
1.399396
1.394988
1.390610
1.386258
1.382247
1.377882
1.373902
1.369855
1.365576
1.361390
1.357653
1.353761
1.349675
1.345877
1.342233
1.338534
1.335143
1.331950
1.329043
1.326003
1.322659
1.319641
1.316568
1.313960
1.310987
1.308069
1.305270
1.302527
1.299851
1.297073
1.294071
1.291237
1.288603
1.286299
1.283599
1.280721
1.278002
1.275147
1.272729
1.270127
1.267541
1.264902
1.262071
1.259347
1.257169
1.254284
1.251467
1.248585
1.245745
1.243269
1.241305
1.239063
1.236461
1.233711
1.231324
1.228526
1.226028
1.223576
1.220475
1.217760
1.214861
1.212142
1.208982
1.206106
1.203770
1.200904
1.197780
1.194354
1.191184
1.187639
1.183970
1.180517
1.177162
1.173334
1.169672
1.166273
1.162786
1.159250
1.156148
1.153346
1.150310
1.147041
1.143685
1.140167
1.136704
1.133352
1.130229
1.127027
1.123753
1.120695
1.117709
1.114130
1.110709
1.107367
1.103881
1.100877
1.097677
1.094116
1.090878
1.087390
1.083908
1.080428
1.076749
1.073353
1.070287
1.067297
1.063944
1.060424
1.056868
1.053396
1.049940
1.046623
1.043385
1.040019
1.036576
1.033084
1.029978
1.026543
1.023392
1.019882
1.016400
1.012993
1.009864
1.006447
1.003103
0.999606
0.996542
0.993135
0.989738
0.986394
0.982986
0.979604
0.976212
0.972875
0.969679
0.966280
0.962984
0.959704
0.956372
0.953288
0.950227
0.947259
0.944134
0.940930
0.937664
0.934521
0.931361
0.927971
0.924878
0.921608
0.918353
0.914906
0.911521
0.908227
0.904828
0.901614
0.898086
0.894637
0.891393
0.888144
0.884880
0.882102
0.878693
0.875410
0.872115
0.868899
0.865540
0.861968
0.858533
0.855042
0.851591
0.847918
0.844464
0.840967
0.837607
0.834094
0.830622
0.827245
0.824276
0.820825
0.817388
0.813871
0.810535
0.806942
0.803555
0.800211
0.796870
0.793533
0.789987
0.786695
0.783683
0.780258
0.777057
0.773756
0.770267
0.767137
0.763840
0.760526
0.757297
0.754022
0.750712
0.747448
0.744094
0.740850
0.737617
0.734333
0.731083
0.727894
0.724734
0.721492
0.718359
0.715079
0.711853
0.708733
0.705564
0.702483
0.699135
0.695995
0.693014
0.689775
0.686669
0.683538
0.680461
0.677287
0.674072
0.670984
0.667789
0.664746
0.661704
0.658623
0.655619
0.652532
0.649465
0.646329
0.643242
0.640161
0.637201
0.634094
0.630963
0.627846
0.624868
0.621785
0.618785
0.615729
0.612810
0.609742
0.606690
0.603614
0.600679
0.597652
0.594629
0.591725
0.588826
0.586050
0.582984
0.580294
0.577433
0.574788
0.571952
0.569018
0.566144
0.563373
0.560596
0.557724
0.554982
0.552243
0.549552
0.546794
0.544168
0.541551
0.538915
0.536219
0.533368
0.530738
0.528200
0.525540
0.522946
0.520433
0.517934
0.515256
0.512780
0.510149
0.507534
0.505062
0.502629
0.500142
0.497537
0.495164
0.492626
0.490223
0.487812
0.485423
0.483004
0.480502
0.478157
0.475647
0.473311
0.470931
0.468519
0.466059
0.463617
0.461276
0.458982
0.456656
0.454304
0.451990
0.449662
0.447399
0.445046
0.442737
0.440474
0.438161
0.435968
0.433720
0.431542
0.429213
0.427048
0.424774
0.422696
0.420602
0.418355
0.416242
0.414194
0.411959
0.409925
0.407732
0.405745
0.403581
0.401634
0.399620
0.397532
0.395525
0.393550
0.391547
0.389564
0.387671
0.385751
0.383755
0.381777
0.379942
0.378055
0.376189
0.374366
0.372378
0.370627
0.368647
0.366744
0.364993
0.363149
0.361284
0.359440
0.357605
0.355721
0.353898
0.352029
0.350068
0.348082
0.346273
0.344630
0.342684
0.340889
0.338926
0.337134
0.335318
0.333401
0.331558
0.329669
0.327912
0.326027
0.324404
0.322358
0.320440
0.318607
0.316713
0.314723
0.312918
0.310922
0.308994
0.306985
0.305069
0.303086
0.301192
0.299133
0.297160
0.295278
0.293361
0.291499
0.289534
0.287514
0.285659
0.283691
0.281666
0.279922
0.277814
0.275773
0.273881
0.272009
0.269906
0.268144
0.266155
0.264074
0.262237
0.260205
0.258271
0.256265
0.254351
0.252328
0.250393
0.248340
0.246363
0.244488
0.242453
0.240576
0.238594
0.236688
0.234844
0.232847
0.230937
0.228937
0.227019
0.225162
0.223240
0.221266
0.219391
0.217493
0.215666
0.213669
0.211868
0.209967
0.208038
0.206196
0.204264
0.202483
0.200626
0.198736
0.197042
0.195287
0.193589
0.191650
0.189808
0.187893
0.186147
0.184359
0.182631
0.180829
0.179112
0.177357
0.175613
0.173844
0.172150
0.170453
0.168814
0.167156
0.165464
0.163783
0.162195
0.160638
0.159102
0.157538
0.156077
0.154513
0.153003
0.151606
0.150121
0.148533
0.147187
0.145797
0.144298
0.143044
0.141652
0.140304
0.138930
0.137638
0.136426
0.135178
0.133847
0.132725
0.131597
0.130411
0.129104
0.128183
0.126967
0.125887
0.124877
0.123854
0.122756
0.121758
0.120609
0.119719
0.118632
0.117835
0.116677
0.115790
0.114937
0.114028
0.113034
0.112129
0.111328
0.110490
0.109594
0.108759
0.107794
0.107010
0.106140
0.105325
0.104416
0.103648
0.102781
0.102149
0.101248
0.100510
0.099640
0.098902
0.098221
0.097437
0.096699
0.095882
0.095061
0.094440
0.093823
0.093049
0.092383
0.091618
0.090921
0.090275
0.089463
0.088802
0.088100
0.087452
0.086793
0.086117
0.085324
0.084931
0.084172
0.083556
0.082828
0.082219
0.081547
0.080960
0.080291
0.079729
0.079100
0.078517
0.077893
0.077205
0.076633
0.075980
0.075359
0.074767
0.074226
0.073575
0.073085
0.072515
0.071962
0.071485
0.070863
0.070400
0.069962
0.069256
0.068833
0.068200
0.067731
0.067151
0.066670
0.066093
0.065674
0.065165
0.064638
0.064267
0.063710
0.063294
0.062864
0.062453
0.061835
0.061436
0.060955
0.060635
0.060288
0.059806
0.059380
0.058988
0.058541
0.058057
0.057851
0.057421
0.057061
0.056649
0.056188
0.055892
0.055550
0.055195
0.054849
0.054517
0.054143
0.053785
0.053584
0.053231
0.052795
0.052523
0.052224
0.051914
0.051651
0.051354
0.050995
0.050845
0.050512
0.050253
0.050027
0.049779
0.049539
0.049224
0.049016
0.048871
0.048556
0.048259
0.047974
0.047759
0.047623
0.047266
0.047230
0.046898
0.046751
0.046515
0.046416
0.046163
0.046022
0.045761
0.045674
0.045348
0.045198
0.044999
0.044895
0.044695
0.044564
0.044343
0.044179
0.044029
0.043936
0.043809
0.043598
0.043436
0.043316
0.043062
0.043076
0.042892
0.042807
0.042565
0.042464
0.042399
0.042262
0.042136
0.041984
0.041824
0.041684
0.041575
0.041489
0.041361
0.041176
0.041185
0.041051
0.040950
0.040865
0.040894
0.040690
0.040617
0.040497
0.040415
0.040473
0.040280
0.040140
0.040150
0.040023
0.039879
0.039825
0.039788
0.039768
0.039689
0.039530
0.039599
0.039509
0.039444
0.039315
0.039386
0.039284
0.039196
0.039058
0.039033
0.038973
0.038935
0.038953
0.038915
0.038857
0.038694
0.038727
0.038730
0.038629
0.038591
0.038477
0.038508
0.038436
0.038459
0.038458
0.038374
0.038322
0.038242
0.038239
0.038074
0.038081
0.038097
0.038155
0.038017
0.038015
0.037967
0.037864
0.037872
0.037877
0.037820
0.037787
0.037803
0.037791
0.037784
0.037834
0.037751
0.037707
0.037653
0.037547
0.037554
0.037559
0.037509
0.037483
0.037432
0.037405
0.037407
0.037402
0.037409
0.037325
0.037239
0.037159
0.037116
0.037116
0.037088
0.037096
0.037122
0.037015
0.036914
0.036781
0.036775
0.036692
0.036696
0.036624
0.036641
0.036601
0.036597
0.036544
0.036601
0.036521
0.036486
0.036503
0.036444
0.036446
0.036396
0.036296
0.036266
0.036284
0.036215
0.036222
0.036173
0.036170
0.036192
0.036154
0.036060
0.036074
0.035928
0.035939
0.035972
0.035971
0.035980
0.035868
0.035868
0.035889
0.035955
0.035907
0.035865
0.035829
0.035720
0.035669
0.035624
0.035641
0.035641
0.035613
0.035646
0.035612
0.035566
0.035600
0.035516
0.035548
0.035509
0.035509
0.035425
0.035414
0.035423
0.035342
0.035380
0.035335
0.035366
0.035439
0.035399
0.035415
0.035402
0.035402
0.035235
0.035265
0.035251
0.035201
0.035133
0.035112
0.035112
0.035069
0.034984
0.035001
0.034958
0.034977
0.035022
0.034942
0.034994
0.034910
0.034867
0.034909
0.034869
0.034848
0.034873
0.034796
0.034753
0.034786
0.034670
0.034636
0.034638
0.034625
0.034666
0.034588
0.034546
0.034585
0.034585
0.034508
0.034505
0.034505
0.034484
0.034449
0.034449
0.034448
0.034448
0.034414
0.034413
0.034365
0.034321
0.034362
0.034374
0.034374
0.034401
0.034368
0.034329
0.034329
0.034329
0.034203
0.034224
0.034140
0.034140
0.034070
0.033998
0.033998
0.034044
0.034051
0.034019
0.034019
0.034011
0.034085
0.034054
0.034054
0.034103
0.034075
0.034078
0.033972
0.033976
0.033977
0.033925
0.033997
0.033997
0.034023
0.033994
0.033948
0.033948
0.033935
0.033935
0.033877
0.033853
0.033845
0.033919
0.033889
0.033889
0.033842
0.033842
0.033888
0.033824
0.033739
0.033752
0.033731
0.033702
0.033721
0.033721
0.033711
0.033706
0.033576
0.033576
0.033589
0.033539
0.033508
0.033578
0.033577
0.033561
0.033558
0.033531
0.033514
0.033514
0.033514
0.033512
0.033360
0.033390
0.033375
0.033325
0.033400
0.033375
0.033259
0.033277
0.033244
0.033240
0.033211
0.033248
0.033237
0.033237
0.033201
0.033174
0.033081
0.033081
0.033038
0.033038
0.033014
0.033022
0.033022
0.033058
0.033015
0.033015
0.032985
0.032985
0.032910
0.032839
0.032883
0.032860
0.032860
0.032860
0.032824
0.032817
0.032851
0.032769
0.032802
0.032837
0.032873
0.032831
0.032851
0.032816
0.032794
0.032767
0.032725
0.032734
0.032769
0.032700
0.032656
0.032663
0.032649
0.032665
0.032673
0.032682
0.032682
0.032656
0.032551
0.032561
0.032526
0.032559
0.032570
0.032570
0.032507
0.032541
0.032541
0.032573
0.032566
0.032560
0.032530
0.032551
0.032551
0.032527
0.032540
0.032573
0.032573
0.032491
0.032467
0.032446
0.032446
0.032447
0.032481
0.032421
0.032377
0.032377
0.032410
0.032370
0.032381
0.032381
0.032323
0.032254
0.032220
0.032225
0.032218
0.032212
0.032212
0.032157
0.032072
0.032072
0.032068
0.032065
0.032065
0.031994
0.031976
0.031976
0.031932
0.031911
0.031911
0.031943
0.031863
0.031863
0.031863
0.031863
0.031821
0.031821
0.031821
0.031801
0.031786
0.031786
0.031774
0.031774
0.031739
0.031755
0.031756
0.031756
0.031711
0.031691
0.031712
0.031712
0.031712
0.031712
0.031690
0.031650
0.031593
0.031615
0.031615
0.031665
0.031626
0.031592
0.031598
0.031646
0.031680
0.031653
0.031622
0.031632
0.031632
0.031641
0.031594
0.031563
0.031520
0.031520
0.031531
0.031549
0.031583
0.031606
0.031606
0.031568
0.031550
0.031550
0.031518
0.031530
0.031470
0.031504
0.031504
0.031504
0.031504
0.031459
0.031516
0.031513
0.031468
0.031468
0.031430
0.031430
0.031453
0.031486
0.031433
0.031411
0.031365
0.031349
0.031330
0.031330
0.031262
0.031244
0.031228
0.031181
0.031175
0.031129
0.031147
0.031142
0.031084
0.031020
0.031017
0.030976
0.030998
0.030953
0.030987
0.030985
0.031021
0.031055
0.031054
0.031064
0.031029
0.030983
0.030983
0.030983
0.030983
0.030983
0.030967
0.030946
0.030946
0.030901
0.030887
0.030874
0.030791
0.030791
0.030791
0.030758
0.030758
0.030758
0.030712
0.030712
0.030712
0.030712
0.030712
0.030712
0.030694
0.030694
0.030657
0.030661
0.030671
0.030677
0.030641
0.030632
0.030700
0.030708
0.030706
0.030706
0.030716
0.030677
0.030677
0.030677
0.030636
0.030647
0.030647
0.030577
0.030589
0.030614
0.030546
0.030589
0.030589
0.030601
0.030601
0.030556
0.030556
0.030547
0.030555
0.030552
0.030552
0.030552
0.030565
0.030526
0.030526
0.030481
0.030438
0.030438
0.030432
0.030467
0.030467
0.030405
0.030405
0.030441
0.030259
0.030242
0.030226
0.030219
0.030187
0.030148
0.030142
0.030163
0.030137
0.030133
0.030082
0.030082
0.030115
0.030115
0.030118
0.030116
0.030116
0.030081
0.030080
0.030080
0.030080
0.030036
0.030034
0.030028
0.029985
0.030020
0.030046
0.030046
0.030046
0.030009
0.030009
0.030009
0.029966
0.029927
0.029893
0.029936
0.029936
0.029946
0.029973
0.029905
0.029940
0.029940
0.029940
0.029940
0.029940
0.029897
0.029897
0.029906
0.029873
0.029883
0.029889
0.029861
0.029899
0.029907
0.029915
0.029917
0.029879
0.029889
0.029874
0.029884
0.029884
0.029884
0.029895
0.029895
0.029895
0.029907
0.029872
0.029872
0.029872
0.029872
0.029884
0.029843
0.029843
0.029843
0.029801
0.029801
0.029801
0.029801
0.029801
0.029814
0.029806
0.029806
0.029842
0.029842
0.029766
0.029766
0.029744
0.029744
0.029718
0.029748
0.029748
0.029680
0.029631
0.029615
0.029607
0.029600
0.029600
0.029595
0.029527
0.029527
0.029523
0.029485
0.029485
0.029409
0.029409
0.029453
0.029451
0.029451
0.029451
0.029450
0.029463
0.029463
0.029463
0.029463
0.029463
0.029424
0.029424
0.029388
0.029388
0.029348
0.029348
0.029348
0.029346
0.029346
0.029346
0.029383
0.029383
0.029383
0.029383
0.029383
0.029383
0.029383
0.029383
0.029383
0.029383
0.029348
0.029309
0.029304
0.029312
0.029316
0.029326
0.029293
0.029269
0.029269
0.029276
0.029247
0.029256
0.029256
0.029271
0.029271
0.029282
0.029282
0.029288
0.029226
0.029257
0.029257
0.029269
0.029269
0.029269
0.029269
0.029269
0.029281
0.029252
0.029252
0.029221
0.029221
0.029221
0.029252
0.029252
0.029252
0.029265
0.029227
0.029194
0.029194
0.029194
0.029194
0.029218
0.029220
0.029220
0.029256
0.029256
0.029256
0.029188
0.029179
0.029126
0.029092
0.029122
0.029122
0.029117
0.029085
0.029054
0.029050
0.029047
0.029011
0.028979
0.028944
0.028944
0.028942
0.028942
0.028942
0.028938
0.028970
0.028970
0.028970
0.028970
0.028970
0.028970
0.028970
0.028970
0.028945
0.028836
0.028836
0.028836
0.028836
0.028836
0.028852
0.028852
0.028887
0.028887
0.028812
0.028812
0.028779
0.028779
0.028779
0.028779
0.028744
0.028744
0.028744
0.028744
0.028752
0.028728
0.028739
0.028745
0.028787
0.028787
0.028794
0.028781
0.028817
0.028817
0.028827
0.028827
0.028802
0.028802
0.028773
0.028784
0.028818
0.028818
0.028768
0.028805
0.028801
0.028836
0.028809
0.028822
0.028822
0.028822
0.028793
0.028758
0.028758
0.028758
0.028769
0.028769
0.028782
0.028782
0.028782
0.028782
0.028782
0.028782
0.028798
0.028798
0.028798
0.028798
0.028798
0.028763
0.028660
0.028627
0.028612
0.028605
0.028634
0.028634
0.028629
0.028624
0.028605
0.028559
0.028555
0.028555
0.028553
0.028553
0.028553
0.028551
0.028551
0.028551
0.028550
0.028550
0.028550
0.028550
0.028550
0.028516
0.028488
0.028488
0.028466
0.028500
0.028458
0.028458
0.028443
0.028443
0.028443
0.028443
0.028443
0.028443
0.028443
0.028443
0.028418
0.028418
0.028452
0.028416
0.028416
0.028416
0.028416
0.028416
0.028393
0.028397
0.028407
0.028414
0.028420
0.028420
0.028428
0.028422
0.028447
0.028447
0.028456
0.028456
0.028467
0.028426
0.028390
0.028401
0.028401
0.028401
0.028412
0.028412
0.028412
0.028412
0.028383
0.028395
0.028395
0.028364
0.028364
0.028370
0.028370
0.028370
0.028370
0.028358
0.028408
0.028408
0.028408
0.028408
0.028381
0.028381
0.028381
0.028381
0.028381
0.028365
0.028400
0.028400
0.028360
0.028292
0.028283
0.028268
0.028261
0.028255
0.028255
0.028249
0.028205
0.028205
0.028201
0.028198
0.028198
0.028195
0.028195
0.028195
0.028193
0.028193
0.028193
0.028192
0.028192
0.028170
0.028170
0.028143
0.028143
0.028143
0.028143
0.028143
0.028143
0.028143
0.028143
0.028143
0.028178
0.028213
0.028214
0.028214
0.028214
0.028132
0.028101
0.028062
0.028062
0.028062
0.028062
0.028062
0.028062
0.028062
0.028037
0.028046
0.028085
0.028095
0.028101
0.028108
0.028108
0.028073
0.028081
0.028055
0.028055
0.028065
0.028039
0.028049
0.028049
0.028085
0.028096
0.028131
0.028131
0.028105
0.028105
0.028105
0.028105
0.028105
0.028059
0.028059
0.028059
0.028059
0.028059
0.028059
0.028059
0.028059
0.028094
0.028107
0.028107
0.028107
0.028107
0.028107
0.028107
0.028107
0.028072
0.028072
0.028072
0.028035
0.028028
0.028028
0.027960
0.027951
0.027940
0.027933
0.027871
0.027871
0.027866
0.027861
0.027861
0.027857
0.027888
0.027853
0.027851
0.027851
0.027851
0.027849
0.027849
0.027850
0.027786
0.027786
0.027786
0.027786
0.027786
0.027768
0.027768
0.027768
0.027768
0.027732
0.027732
0.027732
0.027732
0.027715
0.027715
0.027751
0.027751
0.027751
0.027751
0.027751
0.027751
0.027715
0.027715
0.027715
0.027715
0.027693
0.027658
0.027702
0.027677
0.027688
0.027694
0.027701
0.027701
0.027708
0.027716
0.027716
0.027725
0.027735
0.027735
0.027745
0.027745
0.027681
0.027692
0.027692
0.027677
0.027689
0.027689
0.027689
0.027689
0.027689
0.027701
0.027701
0.027701
0.027701
0.027701
0.027701
0.027701
0.027701
0.027701
0.027672
0.027719
0.027685
0.027685
0.027685
0.027649
0.027649
0.027649
0.027616
0.027616
0.027616
0.027616
0.027616
0.027616
0.027548
0.027539
0.027523
0.027516
0.027510
0.027510
0.027494
0.027489
0.027453
0.027453
0.027450
0.027450
0.027448
0.027448
0.027448
0.027446
0.027446
0.027446
0.027445
0.027445
0.027445
0.027445
0.027445
0.027444
0.027444
0.027444
0.027444
0.027444
0.027444
0.027414
0.027386
0.027386
0.027386
0.027386
0.027386
0.027386
0.027386
0.027386
0.027358
0.027358
0.027358
0.027358
0.027358
0.027358
0.027358
0.027367
0.027371
0.027374
0.027380
0.027387
0.027359
0.027366
0.027374
0.027374
0.027383
0.027393
0.027393
0.027403
0.027403
0.027403
0.027414
0.027396
0.027396
0.027408
0.027408
0.027408
0.027408
0.027408
0.027420
0.027420
0.027420
0.027420
0.027360
0.027360
0.027360
0.027360
0.027360
0.027360
0.027373
0.027407
0.027407
0.027407
0.027407
0.027407
0.027407
0.027407
0.027373
0.027373
0.027373
0.027373
0.027305
0.027269
0.027253
0.027246
0.027240
0.027215
0.027210
0.027205
0.027179
0.027173
0.027169
0.027169
0.027167
0.027167
0.027167
0.027165
0.027152
0.027152
0.027150
0.027150
0.027150
0.027150
0.027150
0.027150
0.027150
0.027150
0.027150
0.027150
0.027150
0.027150
0.027150
0.027128
0.027128
0.027129
0.027129
0.027129
0.027129
0.027129
0.027129
0.027129
0.027129
0.027129
0.027129
0.027129
0.027129
0.027129
0.027137
0.027141
0.027152
0.027158
0.027165
0.027165
0.027172
0.027180
0.027189
0.027189
0.027199
0.027199
0.027183
0.027164
0.027164
0.027175
0.027175
0.027175
0.027186
0.027186
0.027186
0.027186
0.027186
0.027199
0.027199
0.027199
0.027199
0.027199
0.027199
0.027199
0.027199
0.027199
0.027214
0.027214
0.027214
0.027214
0.027214
0.027214
0.027214
0.027214
0.027217
0.027217
0.027217
0.027194
0.027194
0.027111
0.027102
0.027086
0.027046
0.027040
0.027040
0.027034
0.027030
0.027030
0.027026
0.027056
0.027056
0.027053
0.027053
0.027053
0.027051
0.027051
0.027051
0.027017
0.027017
0.027017
0.027017
0.027017
0.027017
0.027017
0.027017
0.027017
0.027017
0.027025
0.027025
0.027025
0.027025
0.026992
0.026992
0.026992
0.026992
0.026992
0.026992
0.026980
0.026980
0.026980
0.026980
0.026980
0.026980
0.026980
0.026989
0.026993
0.027003
0.027009
0.027016
0.027016
0.027024
0.027032
0.027032
0.027041
0.027051
0.027051
0.027061
0.027061
0.027061
0.027072
0.027072
0.027072
0.027084
0.027084
0.027084
0.027084
0.027084
0.027132
0.027132
0.027132
0.027132
0.027132
0.027096
0.027096
0.027096
0.027096
0.027096
0.027109
0.027109
0.027109
0.027109
0.027109
0.027109
0.027145
0.027137
0.027137
0.027137
0.027137
0.027102
0.027102
0.027034
0.026990
0.026974
0.026967
0.026961
0.026996
0.026976
0.026971
0.027003
0.026970
0.026967
0.026967
0.026965
0.026965
0.026929
0.026927
0.026927
0.026875
0.026874
0.026874
0.026874
0.026874
0.026908
0.026908
0.026944
0.026944
0.026944
0.026944
0.026944
0.026944
0.026944
0.026908
0.026874
0.026874
0.026874
0.026874
0.026874
0.026874
0.026908
0.026908
0.026944
0.026944
0.026944
0.026944
0.026944
0.026953
0.026957
0.026931
0.026903
0.026910
0.026910
0.026917
0.026925
0.026925
0.026969
0.027014
0.027014
0.027025
0.027025
0.027022
0.027033
0.027033
0.027033
0.027009
0.026975
0.026975
0.026975
0.026975
0.026987
0.026987
0.026987
0.027057
0.027024
0.027024
0.027024
0.027024
0.027024
0.027024
0.027070
0.027000
0.027000
0.027000
0.027000
0.027000
0.027000
0.027000
0.027000
0.027037
0.027037
0.027019
0.026951
0.026942
0.026926
0.026919
0.026913
0.026876
0.026871
0.026866
0.026866
0.026862
0.026859
0.026859
0.026823
0.026893
0.026893
0.026891
0.026891
0.026891
0.026890
0.026890
0.026890
0.026856
0.026820
0.026853
0.026853
0.026853
0.026853
0.026820
0.026856
0.026890
0.026890
0.026890
0.026890
0.026890
0.026890
0.026890
0.026890
0.026856
0.026820
0.026820
0.026820
0.026820
0.026820
0.026820
0.026856
0.026856
0.026899
0.026903
0.026913
0.026919
0.026926
0.026926
0.026934
0.026908
0.026881
0.026881
0.026891
0.026891
0.026901
0.026901
0.026937
0.026948
0.026982
0.026982
0.026994
0.026994
0.026994
0.026994
0.026960
0.026972
0.026972
0.026936
0.026936
0.026936
0.026939
0.026939
0.026975
0.026975
0.027022
0.027022
0.027022
0.027022
0.027022
0.027022
0.026988
0.026988
0.026988
0.026952
0.026952
0.026952
0.026952
0.026919
0.026911
0.026895
0.026888
0.026916
0.026916
0.026910
0.026906
0.026906
0.026868
0.026864
0.026864
0.026862
0.026862
0.026862
0.026860
0.026860
0.026860
0.026859
0.026859
0.026893
0.026893
0.026893
0.026893
0.026858
0.026858
0.026858
0.026858
0.026845
0.026845
0.026845
0.026845
0.026845
0.026845
0.026845
0.026845
0.026845
0.026845
0.026845
0.026845
0.026845
0.026845
0.026845
0.026845
0.026845
0.026854
0.026821
0.026831
0.026837
0.026881
0.026881
0.026876
0.026884
0.026871
0.026880
0.026889
0.026889
0.026900
0.026900
0.026900
0.026874
0.026874
0.026874
0.026885
0.026885
0.026923
0.026923
0.026923
0.026935
0.026935
0.026935
0.026935
0.026935
0.026935
0.026935
0.026898
0.026898
0.026898
0.026911
0.026911
0.026911
0.026911
0.026948
0.026948
0.026948
0.026948
0.026948
0.026948
0.026986
0.026986
0.026949
0.026881
0.026872
0.026856
0.026849
0.026843
0.026843
0.026838
0.026870
0.026866
0.026866
0.026863
0.026863
0.026860
0.026860
0.026860
0.026821
0.026821
0.026821
0.026820
0.026820
0.026820
0.026820
0.026820
0.026833
0.026870
0.026837
0.026837
0.026837
0.026837
0.026837
0.026833
0.026833
0.026833
0.026833
0.026833
0.026833
0.026833
0.026833
0.026833
0.026833
0.026838
0.026838
0.026838
0.026838
0.026838
0.026847
0.026846
0.026856
0.026862
0.026869
0.026869
0.026877
0.026885
0.026885
0.026894
0.026871
0.026871
0.026919
0.026919
0.026919
0.026930
0.026892
0.026892
0.026937
0.026937
0.026937
0.026937
0.026937
0.026949
0.026949
0.026949
0.026916
0.026916
0.026916
0.026916
0.026916
0.026916
0.026916
0.026929
0.026929
0.026962
0.026962
0.026962
0.026962
0.026962
0.026962
0.026929
0.026929
