2.110510
1.977684
1.862965
1.792662
1.760696
1.750368
1.748702
1.748912
1.748967
1.748818
1.748457
1.747739
1.746938
1.746550
1.746158
1.746212
1.746404
1.746356
1.746333
1.746037
1.745676
1.744943
1.744099
1.743176
1.742449
1.741688
1.741003
1.740152
1.739442
1.738910
1.738749
1.738657
1.738957
1.739175
1.739612
1.740077
1.740625
1.741100
1.741685
1.742031
1.742605
1.742845
1.742721
1.742410
1.741657
1.740985
1.740401
1.739656
1.738873
1.737950
1.737072
1.735999
1.735728
1.734834
1.734059
1.733169
1.732199
1.731346
1.730248
1.729363
1.728196
1.727309
1.726304
1.725385
1.724121
1.723119
1.722184
1.721260
1.720284
1.719382
1.718193
1.716813
1.715844
1.714587
1.713480
1.712250
1.711204
1.710076
1.709224
1.708329
1.707727
1.707154
1.705838
1.705096
1.704613
1.703859
1.703177
1.702655
1.701988
1.701504
1.700869
1.700435
1.699820
1.699271
1.698530
1.697907
1.697024
1.696025
1.695231
1.694526
1.693658
1.692539
1.691866
1.690320
1.689413
1.688362
1.687669
1.686764
1.685505
1.685002
1.684033
1.683203
1.682218
1.681410
1.680413
1.679437
1.678538
1.677845
1.676875
1.675988
1.675080
1.674448
1.673695
1.672683
1.672105
1.671375
1.670760
1.669761
1.668911
1.668101
1.667198
1.666362
1.665560
1.664941
1.663931
1.663237
1.662493
1.661786
1.660923
1.659948
1.659120
1.657640
1.656804
1.655938
1.655217
1.654498
1.653795
1.652964
1.652254
1.651545
1.650709
1.650108
1.649419
1.648514
1.647846
1.647063
1.646355
1.645705
1.645089
1.644327
1.643515
1.642936
1.642098
1.641506
1.640846
1.640393
1.639820
1.639300
1.638709
1.637514
1.636880
1.636484
1.635949
1.635444
1.634905
1.634275
1.633598
1.632921
1.632253
1.631658
1.631109
1.630579
1.630194
1.629789
1.629416
1.628925
1.628741
1.628386
1.628089
1.627836
1.627506
1.627126
1.626909
1.626713
1.626446
1.626098
1.626100
1.625995
1.625979
1.625749
1.625509
1.625417
1.625228
1.625171
1.624911
1.624599
1.624265
1.624273
1.623945
1.623542
1.623461
1.623120
1.622838
1.622643
1.622418
1.622412
1.621962
1.621807
1.621565
1.621519
1.621338
1.621334
1.621140
1.621167
1.620852
1.620861
1.620442
1.620280
1.620113
1.619932
1.620316
1.619998
1.619781
1.619606
1.619508
1.619391
1.619295
1.618955
1.618976
1.618853
1.618946
1.618743
1.618669
1.618442
1.618570
1.618485
1.618506
1.618662
1.618576
1.618779
1.618638
1.618831
1.619296
1.619485
1.619389
1.619524
1.619502
1.619609
1.619491
1.619544
1.619325
1.619423
1.619291
1.619420
1.619344
1.619362
1.619446
1.619346
1.619147
1.619296
1.619365
1.619929
1.619864
1.619805
1.619877
1.619904
1.619752
1.619575
1.619528
1.619225
1.619060
1.618967
1.618635
1.618346
1.618278
1.617950
1.617685
1.617366
1.617078
1.616728
1.616432
1.616103
1.616503
1.616005
1.615696
1.615187
1.614811
1.614336
1.613777
1.613268
1.612890
1.612207
1.611930
1.611394
1.610857
1.610233
1.609765
1.609079
1.608441
1.607815
1.607074
1.606277
1.605515
1.604710
1.603881
1.603195
1.602272
1.601541
1.600557
1.599729
1.598855
1.597961
1.597098
1.596165
1.595170
1.594231
1.593905
1.592974
1.592172
1.590994
1.590091
1.589226
1.588072
1.587181
1.586053
1.585197
1.584172
1.583009
1.582124
1.581349
1.580474
1.579731
1.578746
1.577814
1.576861
1.575895
1.574736
1.573734
1.572648
1.571650
1.570684
1.569673
1.568631
1.567628
1.566640
1.565622
1.564647
1.563627
1.562824
1.561789
1.560689
1.559784
1.558889
1.557996
1.557136
1.556125
1.555311
1.554381
1.553530
1.553380
1.552596
1.551759
1.551165
1.550233
1.549563
1.548987
1.548191
1.547498
1.547038
1.546497
1.545837
1.545154
1.544585
1.543979
1.543247
1.542663
1.542036
1.541545
1.540155
1.539706
1.539137
1.538634
1.538115
1.537464
1.536962
1.536365
1.535798
1.535411
1.534951
1.534375
1.533844
1.533281
1.532913
1.532479
1.532059
1.531515
1.531018
1.530593
1.530353
1.529723
1.529393
1.529109
1.528621
1.528224
1.527833
1.527364
1.526964
1.526544
1.526163
1.525799
1.525279
1.524988
1.524427
1.523644
1.523142
1.522727
1.522154
1.521791
1.521397
1.520964
1.520546
1.520131
1.519669
1.519195
1.518803
1.518314
1.517877
1.517485
1.517053
1.516576
1.516169
1.515724
1.515340
1.514242
1.513850
1.513517
1.513104
1.512578
1.512235
1.511626
1.511289
1.510910
1.510486
1.510105
1.509641
1.509216
1.508747
1.508361
1.507935
1.506831
1.506512
1.506078
1.505717
1.505133
1.504819
1.504231
1.503945
1.503537
1.503085
1.502713
1.502272
1.501808
1.501366
1.500455
1.500172
1.499787
1.499450
1.499008
1.498613
1.498289
1.497846
1.497543
1.497155
1.496774
1.496396
1.496053
1.495677
1.495478
1.494489
1.494116
1.493795
1.493484
1.493077
1.492700
1.492373
1.492038
1.491772
1.491507
1.491321
1.491168
1.490879
1.490581
1.490432
1.490134
1.489927
1.489611
1.489193
1.488903
1.488640
1.488267
1.487976
1.487559
1.487163
1.486867
1.486516
1.486226
1.485977
1.485719
1.485960
1.485782
1.485408
1.485163
1.485073
1.484681
1.484467
1.484272
1.483941
1.483888
1.483591
1.483407
1.483243
1.483046
1.482857
1.482699
1.482533
1.482239
1.482173
1.482028
1.481798
1.481651
1.481557
1.481207
1.481092
1.480903
1.480715
1.480674
1.480422
1.480438
1.480109
1.480078
1.479876
1.479874
1.479626
1.479566
1.479427
1.479351
1.479177
1.479067
1.478969
1.478873
1.478787
1.478725
1.478691
1.478563
1.478473
1.478918
1.478730
1.478661
1.478532
1.478698
1.478550
1.478359
1.478373
1.478251
1.478212
1.478138
1.478212
1.478193
1.478092
1.478051
1.477869
1.477861
1.477884
1.477714
1.477770
1.477696
1.477716
1.477541
1.477552
1.477583
1.477460
1.477398
1.477384
1.477438
1.477384
1.477331
1.477321
1.477360
1.477180
1.477215
1.477157
1.477120
1.476992
1.476997
1.477025
1.476960
1.477067
1.476933
1.476988
1.476955
1.477077
1.476908
1.476911
1.476870
1.476855
1.476807
1.476850
1.476861
1.476775
1.476795
1.476830
1.476785
1.476718
1.476690
1.476615
1.476622
1.476631
1.476582
1.476663
1.476618
1.476624
1.476659
1.476567
1.476552
1.476505
1.476480
1.476452
1.476468
1.476542
1.476544
1.476513
1.476372
1.476439
1.476421
1.476474
1.476489
1.476382
1.476328
1.476339
1.476306
1.476408
1.476243
1.476201
1.476162
1.476191
1.476192
1.476109
1.476152
1.476071
1.476008
1.475996
1.475945
1.475989
1.475984
1.475925
1.475957
1.476484
1.476383
1.476329
1.476255
1.476271
1.476237
1.476281
1.476186
1.476208
1.476156
1.476093
1.476034
1.476013
1.476030
1.476060
1.475910
1.475870
1.475823
1.475687
1.475728
1.475731
1.475694
1.475694
1.475632
1.475612
1.475591
1.475626
1.475548
1.475443
1.475484
1.475455
1.475331
1.475435
1.475370
1.475318
1.475213
1.475233
1.475183
1.475155
1.475142
1.475042
1.475015
1.475010
1.475015
1.474945
1.474875
1.474823
1.474845
1.474872
1.474735
1.474671
1.474743
1.474766
1.474563
1.474554
1.474423
1.474384
1.474384
1.474306
1.474330
1.474318
1.474339
1.474259
1.474259
1.474141
1.474192
1.474073
1.474030
1.473949
1.473879
1.473931
1.473892
1.473890
1.473890
1.473740
1.473808
1.473728
1.473700
1.473650
1.473603
1.473555
1.473553
1.473468
1.473491
1.473481
1.473504
1.473367
1.473425
1.473338
1.473284
1.473247
1.473236
1.473166
1.473140
1.473141
1.473093
1.473143
1.473120
1.473024
1.472962
1.472987
1.472884
1.472884
1.472885
1.472705
1.472651
1.472674
1.472676
1.472623
1.472614
1.472491
1.472466
1.472354
1.472403
1.472403
1.472333
1.472334
1.472360
1.472329
1.472254
1.472238
1.472238
1.472147
1.472099
1.472061
1.472061
1.472155
1.472060
1.471984
1.471881
1.471881
1.471903
1.471903
1.471839
1.471796
1.471748
1.471799
1.471789
1.471770
1.471749
1.471749
1.471701
1.471701
1.471698
1.471697
1.471649
1.471587
1.471587
1.471562
1.471547
1.471490
1.471420
1.471357
1.471385
1.471385
1.471336
1.471296
1.471301
1.471253
1.471253
1.471253
1.471233
1.471192
1.471104
1.471113
1.471113
1.471093
1.471120
1.471127
1.471102
1.471056
1.471084
1.471080
1.471080
1.471083
1.471083
1.471084
1.471099
1.471007
1.471007
1.471007
1.471028
1.471028
1.471028
1.471030
1.471003
1.471003
1.470954
1.470954
1.470921
1.470921
1.470948
1.470903
1.470926
1.470937
1.470889
1.470794
1.470794
1.470778
1.470759
1.470759
1.470736
1.470701
1.470729
1.470728
1.470728
1.470684
1.470733
1.470733
1.470700
1.470733
1.470732
1.470732
1.470687
1.470687
1.470642
1.470605
1.470559
1.470541
1.470591
1.470591
1.470595
1.470595
1.470595
1.470595
1.470581
1.470597
1.470597
1.470620
1.470530
1.470530
1.470608
1.470608
1.470566
1.470565
1.470536
1.470561
1.470561
1.470561
1.470577
1.470577
1.470577
1.470570
1.470481
1.470481
1.470456
1.470483
1.470483
1.470483
1.470483
1.470483
1.470483
1.470483
1.470527
1.470527
1.470516
1.470489
1.470489
1.470449
1.470467
1.470467
1.470467
1.470448
1.470412
1.470412
1.470412
1.470484
1.470528
1.470526
1.470526
1.470526
1.470493
1.470448
1.470444
1.470444
1.470405
1.470399
1.470399
1.470421
1.470423
1.470423
1.470423
1.470421
1.470399
1.470348
1.470371
1.470416
1.470416
1.470415
1.470441
1.470440
1.470396
1.470396
1.470396
1.470396
1.470349
1.470361
1.470316
1.470316
1.470316
1.470316
1.470363
1.470361
1.470403
1.470439
1.470367
1.470383
1.470383
1.470383
1.470397
1.470353
1.470353
1.470353
1.470353
1.470381
1.470381
1.470408
1.470408
1.470381
1.470381
1.470342
1.470306
1.470261
1.470283
1.470283
1.470311
1.470311
1.470311
1.470311
1.470311
1.470311
1.470307
1.470307
1.470307
1.470284
1.470284
1.470333
1.470333
1.470332
1.470332
1.470332
1.470301
1.470328
1.470328
1.470328
1.470328
1.470356
1.470356
1.470356
1.470288
1.470288
1.470260
1.470210
1.470210
1.470207
1.470163
1.470163
1.470163
1.470191
1.470191
1.470191
1.470150
1.470150
1.470150
1.470150
1.470147
1.470147
1.470232
1.470257
1.470235
1.470236
1.470291
1.470291
1.470291
1.470254
1.470213
1.470263
1.470263
1.470213
1.470213
1.470213
1.470213
1.470213
1.470183
1.470183
1.470225
1.470225
1.470225
1.470225
1.470183
1.470183
1.470181
1.470181
1.470208
1.470207
1.470207
1.470207
1.470207
1.470207
1.470179
1.470179
1.470145
1.470196
1.470151
1.470151
1.470149
1.470150
1.470178
1.470178
1.470178
1.470178
1.470178
1.470178
1.470109
1.470109
1.470109
1.470110
1.470110
1.470110
1.470110
1.470110
1.470108
1.470108
1.470108
1.470058
1.470030
1.470031
1.470031
1.470031
1.470031
1.470031
1.470031
1.470005
1.469972
1.469972
1.470009
1.470011
1.470033
1.470033
1.470034
1.470032
1.470032
1.469962
1.469962
1.469963
1.469963
1.469998
1.469998
1.469998
1.469998
1.469998
1.470021
1.470021
1.470021
1.470021
1.470021
1.470021
1.470021
1.470021
1.469971
1.469949
1.469949
1.469951
1.469951
1.469949
1.469949
1.469972
1.469972
1.469927
1.469927
1.469927
1.469918
1.469918
1.469918
1.469918
1.469963
1.469963
1.469963
1.469939
1.469939
1.469939
1.469939
1.469939
1.469894
1.469843
1.469843
1.469842
1.469842
1.469842
1.469801
1.469800
1.469800
1.469779
1.469779
1.469820
1.469820
1.469870
1.469869
1.469869
1.469869
1.469869
1.469821
1.469818
1.469818
1.469777
1.469777
1.469777
1.469777
1.469777
1.469777
1.469777
1.469818
1.469858
1.469858
1.469857
1.469857
1.469857
1.469873
1.469873
1.469831
1.469831
1.469831
1.469815
1.469815
1.469810
1.469810
1.469810
1.469810
1.469851
1.469850
1.469850
1.469803
1.469803
1.469803
1.469762
1.469762
1.469762
1.469812
1.469812
1.469796
1.469796
1.469796
1.469796
1.469796
1.469796
1.469838
1.469838
1.469838
1.469829
1.469788
1.469788
1.469788
1.469788
1.469788
1.469772
1.469772
1.469772
1.469772
1.469772
1.469772
1.469813
1.469766
1.469766
1.469766
1.469766
1.469766
1.469781
1.469781
1.469765
1.469765
1.469765
1.469765
1.469765
1.469765
1.469765
1.469763
1.469763
1.469713
1.469744
1.469744
1.469744
1.469743
1.469743
1.469743
1.469743
1.469743
1.469743
1.469743
1.469743
1.469744
1.469744
1.469744
1.469744
1.469697
1.469697
1.469697
1.469697
1.469697
1.469697
1.469697
1.469697
1.469697
1.469697
1.469697
1.469697
1.469731
1.469731
1.469731
1.469731
1.469731
1.469715
1.469715
1.469715
1.469671
1.469671
1.469671
1.469671
1.469671
1.469715
1.469716
1.469716
1.469716
1.469716
1.469716
1.469716
1.469716
1.469758
1.469711
1.469667
1.469667
1.469667
1.469667
1.469667
1.469667
1.469667
1.469712
1.469712
1.469712
1.469712
1.469712
1.469712
1.469712
1.469711
1.469711
1.469667
1.469667
1.469667
1.469667
1.469667
1.469667
1.469667
1.469711
1.469712
1.469712
1.469712
1.469712
1.469712
1.469712
1.469712
1.469667
1.469667
1.469667
1.469667
1.469667
1.469662
1.469615
1.469613
1.469613
1.469657
1.469657
1.469657
1.469657
1.469657
1.469629
1.469629
1.469584
1.469584
1.469584
1.469612
1.469612
1.469612
1.469613
1.469613
1.469613
1.469658
1.469658
1.469658
1.469658
1.469630
1.469630
1.469585
1.469585
1.469573
1.469573
1.469573
1.469601
1.469601
1.469601
1.469601
1.469601
1.469601
1.469646
1.469646
1.469646
1.469618
1.469592
1.469547
1.469547
1.469547
1.469547
1.469555
1.469507
1.469536
1.469536
1.469536
1.469536
1.469536
1.469536
1.469536
1.469508
1.469509
1.469509
1.469509
1.469509
1.469509
1.469509
1.469508
1.469508
1.469536
1.469495
1.469495
1.469495
1.469495
1.469495
1.469508
1.469508
1.469546
1.469546
1.469546
1.469546
1.469546
1.469546
1.469546
1.469546
1.469504
1.469532
1.469532
1.469532
1.469532
1.469532
1.469546
1.469546
1.469546
1.469546
1.469537
1.469537
1.469536
1.469537
1.469537
1.469536
1.469495
1.469495
1.469495
1.469478
1.469478
1.469478
1.469478
1.469520
1.469520
1.469520
1.469520
1.469520
1.469520
1.469520
1.469520
1.469478
1.469431
1.469431
1.469431
1.469431
1.469431
1.469431
1.469430
1.469472
1.469472
1.469480
1.469438
1.469438
1.469438
1.469438
1.469438
1.469397
1.469397
1.469397
1.469397
1.469397
1.469397
1.469396
1.469396
1.469396
1.469437
1.469437
1.469437
1.469438
1.469438
1.469438
1.469397
1.469397
1.469397
1.469397
1.469397
1.469397
1.469397
1.469397
1.469397
1.469397
1.469398
1.469439
1.469439
1.469439
1.469439
1.469439
1.469398
1.469399
1.469399
1.469399
1.469399
1.469399
1.469399
1.469399
1.469399
1.469399
1.469399
1.469399
1.469490
1.470341
1.483566
1.476501
1.490344
1.489205
1.506132
1.507929
1.517161
1.524850
1.533968
1.541248
1.548301
1.553812
1.557582
1.559810
1.561281
1.562014
1.561178
1.559136
1.556927
1.554849
1.553733
1.552186
1.550952
1.549784
1.548275
1.546680
1.545178
1.543722
1.542234
1.540624
1.539288
1.538072
1.536826
1.535914
1.534948
1.533922
1.533072
1.531924
1.530677
1.529661
1.528582
1.527521
1.526270
1.525291
1.524260
1.523292
1.522087
1.521022
1.519919
1.518613
1.516417
1.512520
1.506442
1.498252
1.488817
1.478278
1.467429
1.456751
1.446212
1.436043
1.425656
1.415438
1.405736
1.396400
1.387439
1.380087
1.374016
1.369282
1.366188
1.364463
1.363744
1.363425
1.363342
1.362900
1.361640
1.359899
1.357783
1.355457
1.353401
1.351398
1.349245
1.347518
1.345333
1.342923
1.340721
1.338675
1.336595
1.334195
1.331808
1.329667
1.327672
1.325854
1.324044
1.322254
1.320576
1.318778
1.316727
1.314601
1.312419
1.309873
1.307380
1.304868
1.302283
1.299888
1.297478
1.294996
1.292369
1.289917
1.287443
1.284746
1.282340
1.279419
1.276787
1.274448
1.271789
1.268866
1.266250
1.263660
1.260775
1.257784
1.255126
1.252657
1.250239
1.247266
1.244384
1.241766
1.239362
1.236589
1.233562
1.230741
1.228105
1.225625
1.223078
1.220322
1.217496
1.214943
1.212560
1.209954
1.207144
1.204215
1.201570
1.198934
1.196639
1.193862
1.191136
1.188601
1.186408
1.183816
1.181059
1.178446
1.176019
1.173275
1.170582
1.168087
1.165679
1.163283
1.160682
1.158318
1.155922
1.153518
1.150980
1.148728
1.146620
1.144337
1.142239
1.139977
1.137744
1.135552
1.133293
1.131179
1.128905
1.126619
1.124388
1.122034
1.119668
1.117628
1.115559
1.113510
1.111477
1.109420
1.107465
1.105469
1.103504
1.101431
1.099615
1.097740
1.095842
1.093984
1.092240
1.090244
1.088432
1.086609
1.084755
1.083033
1.081336
1.079657
1.078009
1.076280
1.074491
1.072612
1.070487
1.068592
1.066660
1.064590
1.062647
1.060741
1.058833
1.056874
1.055089
1.053045
1.051131
1.049117
1.047092
1.045375
1.043400
1.041587
1.039725
1.038042
1.036307
1.034676
1.033058
1.031268
1.029410
1.027709
1.025863
1.023848
1.021969
1.019911
1.017963
1.015843
1.013841
1.011743
1.009588
1.007570
1.005422
1.003309
1.001175
0.998911
0.996527
0.994373
0.992134
0.989908
0.987634
0.985296
0.982957
0.980836
0.978349
0.975996
0.973606
0.971263
0.968958
0.966550
0.964070
0.961614
0.959281
0.956943
0.954480
0.952008
0.949321
0.946746
0.944098
0.941488
0.938899
0.936237
0.933492
0.930874
0.928543
0.926155
0.923478
0.920787
0.918105
0.915416
0.912540
0.909945
0.907139
0.904463
0.901741
0.899243
0.896472
0.893873
0.891173
0.888709
0.886018
0.883194
0.880414
0.877754
0.874994
0.872168
0.869528
0.866924
0.864154
0.861378
0.858703
0.856033
0.853589
0.851288
0.848912
0.846752
0.844301
0.842228
0.840118
0.837964
0.836161
0.834286
0.832530
0.830507
0.828860
0.826931
0.825211
0.823414
0.821683
0.820008
0.818243
0.816970
0.815212
0.813469
0.811721
0.810019
0.808168
0.806419
0.804592
0.802842
0.801099
0.799376
0.797716
0.796042
0.794208
0.792374
0.790575
0.788824
0.786955
0.785295
0.783321
0.781714
0.779707
0.778000
0.776257
0.774510
0.772665
0.770822
0.769079
0.767201
0.765712
0.764078
0.762581
0.760831
0.759285
0.757745
0.756285
0.754598
0.752708
0.750713
0.748879
0.746856
0.744718
0.742713
0.740660
0.738928
0.736920
0.734843
0.733020
0.730856
0.728800
0.726675
0.724663
0.722532
0.720637
0.718440
0.716344
0.714388
0.712238
0.710226
0.708039
0.706001
0.703941
0.701656
0.699607
0.697330
0.695378
0.693277
0.691176
0.689172
0.687238
0.685081
0.683001
0.680895
0.678844
0.676909
0.674592
0.672488
0.670269
0.667939
0.665750
0.663533
0.661237
0.659052
0.656609
0.654465
0.652245
0.649733
0.647240
0.644986
0.642636
0.640266
0.637945
0.635272
0.632745
0.630127
0.627462
0.624708
0.622131
0.619536
0.617034
0.614231
0.611731
0.609081
0.606512
0.603792
0.601203
0.598569
0.595870
0.593494
0.591046
0.588444
0.585970
0.583468
0.580998
0.578617
0.576284
0.574002
0.571786
0.569504
0.567127
0.564751
0.562473
0.560252
0.557789
0.555693
0.553212
0.551078
0.548720
0.546522
0.544276
0.542280
0.540057
0.538005
0.535744
0.533720
0.531513
0.529421
0.527295
0.525297
0.523205
0.521261
0.519231
0.517164
0.515140
0.513053
0.511021
0.508968
0.507008
0.504899
0.503159
0.501112
0.499182
0.497212
0.495312
0.493489
0.491457
0.489554
0.487590
0.485754
0.483849
0.482003
0.480213
0.478590
0.476843
0.475082
0.473298
0.471584
0.469712
0.467944
0.466203
0.464505
0.462697
0.460864
0.459200
0.457341
0.455632
0.453646
0.451932
0.450174
0.448365
0.446632
0.444805
0.442988
0.441168
0.439243
0.437498
0.435590
0.433821
0.431821
0.430061
0.428255
0.426557
0.424661
0.422854
0.420894
0.419210
0.417307
0.415598
0.414193
0.412897
0.411457
0.410039
0.408665
0.407125
0.405762
0.404285
0.402845
0.401347
0.399833
0.398601
0.397230
0.395795
0.394283
0.392795
0.391326
0.389763
0.388344
0.386713
0.385113
0.383632
0.382113
0.380609
0.379039
0.377428
0.375939
0.374388
0.372763
0.371218
0.369688
0.368221
0.366659
0.365010
0.363468
0.362053
0.360443
0.359012
0.357541
0.356044
0.354542
0.353009
0.351619
0.350064
0.348375
0.346861
0.345037
0.343491
0.341807
0.340235
0.338482
0.336993
0.335423
0.333724
0.332197
0.330615
0.329026
0.327531
0.325985
0.324478
0.323110
0.321701
0.320469
0.319042
0.317683
0.316369
0.315015
0.313662
0.312371
0.311114
0.310018
0.308815
0.307649
0.306612
0.305520
0.304377
0.303371
0.302370
0.301297
0.300334
0.299366
0.298303
0.297445
0.296431
0.295482
0.294570
0.293760
0.292722
0.291855
0.291054
0.290181
0.289190
0.288487
0.287667
0.286875
0.285913
0.285102
0.284299
0.283486
0.282259
0.281075
0.279968
0.278753
0.277578
0.276496
0.275296
0.274128
0.273063
0.271890
0.270887
0.269642
0.268371
0.267260
0.266101
0.264903
0.263726
0.262518
0.261134
0.259695
0.258472
0.257077
0.255893
0.254752
0.253456
0.252342
0.251020
0.249808
0.248420
0.247211
0.245885
0.244664
0.243400
0.242269
0.241026
0.239802
0.238669
0.237370
0.236194
0.234934
0.233775
0.232603
0.231548
0.230293
0.229137
0.228045
0.226933
0.225767
0.224630
0.223512
0.222402
0.221212
0.220232
0.219196
0.218121
0.217101
0.215883
0.214792
0.213743
0.212696
0.211717
0.210589
0.209511
0.208344
0.207326
0.206498
0.205572
0.204497
0.203443
0.202454
0.201302
0.200325
0.199504
0.198515
0.197369
0.196343
0.195313
0.194289
0.193367
0.192323
0.191393
0.190481
0.189506
0.188545
0.187408
0.186514
0.185591
0.184531
0.183545
0.182672
0.181579
0.180670
0.179745
0.178778
0.177819
0.176906
0.175891
0.174846
0.174048
0.173032
0.172189
0.171186
0.170355
0.169545
0.168583
0.167501
0.166463
0.165513
0.164548
0.163496
0.162502
0.161501
0.160522
0.159514
0.158631
0.157680
0.156744
0.155772
0.154804
0.153891
0.153009
0.152081
0.151152
0.150252
0.149442
0.148602
0.147696
0.146715
0.145875
0.144981
0.144097
0.143221
0.142289
0.141468
0.140570
0.139835
0.139013
0.138151
0.137328
0.136477
0.135806
0.134911
0.134143
0.133319
0.132421
0.131632
0.130827
0.130024
0.129201
0.128482
0.127604
0.126744
0.126053
0.125329
0.124519
0.123785
0.122989
0.122305
0.121441
0.120648
0.119960
0.119099
0.118362
0.117560
0.116854
0.116126
0.115381
0.114543
0.113842
0.113177
0.112405
0.111701
0.110838
0.110245
0.109522
0.108788
0.107959
0.107261
0.106656
0.105846
0.105163
0.104539
0.103921
0.103144
0.102532
0.101799
0.101243
0.100489
0.099902
0.099199
0.098543
0.098011
0.097430
0.096779
0.096168
0.095463
0.094857
0.094320
0.093699
0.093034
0.092566
0.091934
0.091453
0.090849
0.090420
0.089884
0.089461
0.088905
0.088380
0.087863
0.087333
0.086794
0.086280
0.085814
0.085351
0.084754
0.084278
0.083840
0.083340
0.082833
0.082410
0.082039
0.081571
0.081190
0.080860
0.080465
0.079964
0.079516
0.079097
0.078592
0.078159
0.077732
0.077281
0.076807
0.076431
0.076155
0.075810
0.075495
0.075178
0.074739
0.074196
0.073790
0.073447
0.073125
0.072738
0.072226
0.071904
0.071509
0.071161
0.070838
0.070439
0.070171
0.069666
0.069403
0.069078
0.068701
0.068295
0.067938
0.067593
0.067139
0.066806
0.066466
0.066186
0.065994
0.065577
0.065239
0.064913
0.064530
0.064274
0.063912
0.063572
0.063212
0.062904
0.062599
0.062320
0.062090
0.061761
0.061414
0.061104
0.060812
0.060542
0.060294
0.059980
0.059621
0.059319
0.059015
0.058656
0.058443
0.058265
0.058042
0.057688
0.057363
0.057143
0.056921
0.056609
0.056386
0.056116
0.055827
0.055511
0.055227
0.054950
0.054754
0.054467
0.054182
0.053941
0.053694
0.053462
0.053283
0.053058
0.052869
0.052576
0.052258
0.052097
0.051835
0.051602
0.051314
0.051102
0.050876
0.050641
0.050385
0.050215
0.049966
0.049844
0.049563
0.049421
0.049077
0.048841
0.048659
0.048418
0.048287
0.048088
0.047870
0.047663
0.047460
0.047303
0.047112
0.046865
0.046761
0.046467
0.046298
0.046073
0.045998
0.045800
0.045616
0.045433
0.045237
0.045009
0.044835
0.044747
0.044473
0.044414
0.044239
0.044078
0.043966
0.043771
0.043603
0.043493
0.043292
0.043148
0.043048
0.042888
0.042763
0.042609
0.042503
0.042307
0.042137
0.042078
0.042024
0.041813
0.041747
0.041558
0.041495
0.041307
0.041195
0.041085
0.041007
0.040868
0.040860
0.040708
0.040548
0.040406
0.040326
0.040212
0.040105
0.040053
0.039951
0.039859
0.039783
0.039748
0.039588
0.039534
0.039441
0.039325
0.039227
0.039148
0.039057
0.038877
0.038952
0.038927
0.038804
0.038688
0.038672
0.038572
0.038483
0.038446
0.038379
0.038311
0.038250
0.038250
0.038147
0.038060
0.037997
0.038029
0.037924
0.037851
0.037814
0.037814
0.037692
0.037602
0.037617
0.037539
0.037539
0.037497
0.037410
0.037292
0.037333
0.037279
0.037261
0.037189
0.037189
0.037148
0.037093
0.037100
0.037088
0.036970
0.036826
0.036819
0.036817
0.036895
0.036797
0.036721
0.036685
0.036664
0.036546
0.036494
0.036431
0.036393
0.036393
0.036432
0.036413
0.036352
0.036399
0.036346
0.036346
0.036324
0.036308
0.036269
0.036189
0.036245
0.036205
0.036205
0.036194
0.036144
0.036064
0.036069
0.036063
0.036038
0.036028
0.035978
0.035960
0.035957
0.035921
0.035888
0.035885
0.035830
0.035802
0.035766
0.035814
0.035821
0.035821
0.035724
0.035636
0.035635
0.035693
0.035693
0.035656
0.035608
0.035559
0.035555
0.035590
0.035650
0.035617
0.035591
0.035506
0.035457
0.035488
0.035488
0.035439
0.035407
0.035444
0.035470
0.035503
0.035406
0.035451
0.035414
0.035387
0.035331
0.035238
0.035265
0.035299
0.035299
0.035293
0.035245
0.035280
0.035280
0.035269
0.035238
0.035193
0.035193
0.035193
0.035193
0.035097
0.035098
0.035098
0.035134
0.035108
0.035068
0.035032
0.035079
0.035039
0.035085
0.035044
0.035014
0.034975
0.034975
0.034927
0.034806
0.034806
0.034841
0.034841
0.034841
0.034799
0.034867
0.034867
0.034858
0.034723
0.034723
0.034723
0.034733
0.034733
0.034629
0.034584
0.034583
0.034555
0.034494
0.034448
0.034483
0.034549
0.034505
0.034513
0.034425
0.034397
0.034432
0.034443
0.034435
0.034323
0.034380
0.034380
0.034380
0.034311
0.034284
0.034218
0.034217
0.034217
0.034196
0.034189
0.034110
0.034076
0.034015
0.033938
0.033974
0.033930
0.033930
0.033930
0.033949
0.034016
0.033914
0.033881
0.033881
0.033881
0.033881
0.033881
0.033919
0.033832
0.033796
0.033771
0.033771
0.033779
0.033761
0.033763
0.033763
0.033733
0.033733
0.033728
0.033579
0.033626
0.033626
0.033582
0.033525
0.033529
0.033576
0.033577
0.033554
0.033598
0.033548
0.033520
0.033530
0.033415
0.033415
0.033377
0.033364
0.033274
0.033312
0.033312
0.033294
0.033294
0.033334
0.033381
0.033336
0.033274
0.033252
0.033240
0.033240
0.033196
0.033196
0.033185
0.033196
0.033209
0.033176
0.033155
0.033111
0.033133
0.033133
0.033133
0.033133
0.033133
0.033079
0.033097
0.033035
0.033035
0.033035
0.033035
0.032997
0.033010
0.032995
0.032972
0.032972
0.032946
0.032946
0.033011
0.033023
0.033030
0.033030
0.032960
0.032983
0.032961
0.032961
0.032990
0.032990
0.032938
0.032975
0.032987
0.032987
0.032928
0.032928
0.032904
0.032884
0.032831
0.032792
0.032814
0.032814
0.032861
0.032894
0.032891
0.032825
0.032766
0.032781
0.032762
0.032746
0.032746
0.032746
0.032746
0.032710
0.032696
0.032719
0.032763
0.032793
0.032730
0.032728
0.032713
0.032727
0.032698
0.032675
0.032675
0.032675
0.032675
0.032675
0.032675
0.032641
0.032550
0.032582
0.032568
0.032568
0.032583
0.032583
0.032583
0.032583
0.032583
0.032630
0.032571
0.032571
0.032527
0.032527
0.032527
0.032598
0.032614
0.032649
0.032603
0.032617
0.032617
0.032604
0.032604
0.032573
0.032539
0.032556
0.032554
0.032554
0.032571
0.032571
0.032561
0.032561
0.032587
0.032610
0.032610
0.032610
0.032610
0.032564
0.032564
0.032520
0.032539
0.032552
0.032518
0.032504
0.032488
0.032488
0.032471
0.032434
0.032457
0.032501
0.032501
0.032501
0.032519
0.032568
0.032559
0.032595
0.032566
0.032488
0.032488
0.032442
0.032442
0.032402
0.032402
0.032402
0.032423
0.032417
0.032417
0.032417
0.032396
0.032396
0.032396
0.032373
0.032373
0.032373
0.032408
0.032408
0.032425
0.032460
0.032424
0.032381
0.032342
0.032365
0.032365
0.032365
0.032365
0.032319
0.032321
0.032290
0.032290
0.032333
0.032295
0.032295
0.032282
0.032282
0.032240
0.032240
0.032262
0.032262
0.032342
0.032342
0.032342
0.032301
0.032301
0.032265
0.032221
0.032221
0.032221
0.032135
0.032135
0.032135
0.032135
0.032135
0.032138
0.032138
0.032098
0.032098
0.032064
0.031980
0.031980
0.031980
0.031980
0.031985
0.031941
0.031936
0.031993
0.031993
0.031993
0.032041
0.031971
0.032006
0.031994
0.031994
0.032069
0.032111
0.032073
0.032073
0.032055
0.032019
0.032019
0.032019
0.032019
0.032019
0.031990
0.031990
0.031991
0.031978
0.031948
0.031985
0.031985
0.031985
0.031985
0.031985
0.031949
0.031890
0.031898
0.031898
0.031881
0.031912
0.031844
0.031844
0.031868
0.031868
0.031915
0.031958
0.031958
0.031935
0.031889
0.031846
0.031846
0.031846
0.031822
0.031790
0.031803
0.031803
0.031815
0.031839
0.031839
0.031839
0.031852
0.031825
0.031825
0.031825
0.031825
0.031794
0.031835
0.031867
0.031816
0.031816
0.031816
0.031799
0.031799
0.031793
0.031772
0.031772
0.031816
0.031816
0.031816
0.031855
0.031855
0.031871
0.031815
0.031815
0.031815
0.031792
0.031796
0.031796
0.031819
0.031836
0.031839
0.031839
0.031883
0.031883
0.031883
0.031883
0.031920
0.031905
0.031838
0.031802
0.031802
0.031844
0.031820
0.031820
0.031834
0.031867
0.031847
0.031813
0.031901
0.031901
0.031901
0.031981
0.032002
0.031992
0.031930
0.031930
0.031893
0.031893
0.031893
0.031891
0.031914
0.031959
0.031959
0.031941
0.031985
0.031985
0.031991
0.031991
0.032027
0.031984
0.031992
0.031992
0.031977
0.031977
0.031934
0.031934
0.031958
0.031947
0.031947
0.031947
0.032062
0.032020
0.032057
0.032057
0.032057
0.032013
0.032038
0.032080
0.032080
0.032005
0.032040
0.032040
0.032040
0.032121
0.032075
0.032075
0.032119
0.032119
0.032119
0.032119
0.032183
0.032139
0.032139
0.032139
0.032139
0.032116
0.032157
0.032157
0.032157
0.032180
0.032219
0.032219
0.032292
0.032292
0.032292
0.032269
0.032269
0.032225
0.032225
0.032255
0.032206
0.032191
0.032239
0.032239
0.032239
0.032293
0.032293
0.032293
0.032336
0.032331
0.032331
0.032362
0.032362
0.032318
0.032318
0.032318
0.032318
0.032295
0.032343
0.032339
0.032339
0.032362
0.032362
0.032343
0.032435
0.032467
0.032476
0.032476
0.032436
0.032392
0.032360
0.032360
0.032393
0.032369
0.032321
0.032354
0.032354
0.032373
0.032373
0.032407
0.032451
0.032451
0.032418
0.032381
0.032381
0.032337
0.032337
0.032372
0.032372
0.032348
0.032386
0.032386
0.032386
0.032452
0.032400
0.032483
0.032450
0.032457
0.032457
0.032418
0.032374
0.032374
0.032374
0.032374
0.032441
0.032441
0.032441
0.032444
0.032444
0.032467
0.032467
0.032430
0.032466
0.032466
0.032466
0.032466
0.032428
0.032419
0.032423
0.032461
0.032407
0.032444
0.032444
0.032412
0.032412
0.032413
0.032437
0.032437
0.032437
0.032442
0.032432
0.032470
0.032394
0.032407
0.032407
0.032383
0.032348
0.032348
0.032310
0.032317
0.032335
0.032370
0.032432
0.032432
0.032432
0.032432
0.032378
0.032381
0.032381
0.032389
0.032389
0.032330
0.032293
0.032332
0.032380
0.032351
0.032351
0.032387
0.032410
0.032419
0.032422
0.032422
0.032422
0.032422
0.032422
0.032463
0.032463
0.032339
0.032339
0.032359
0.032407
0.032407
0.032407
0.032476
0.032505
0.032505
0.032505
0.032478
0.032478
0.032480
0.032522
0.032522
0.032484
0.032452
0.032393
0.032431
0.032431
0.032437
0.032462
0.032521
0.032512
0.032512
0.032559
0.032559
0.032559
0.032527
0.032502
0.032515
0.032558
0.032558
0.032522
0.032499
0.032503
0.032503
0.032488
0.032523
0.032537
0.032537
0.032581
0.032549
0.032514
0.032514
0.032491
0.032482
0.032482
0.032497
0.032504
0.032504
0.032504
0.032482
0.032478
0.032478
0.032446
0.032462
0.032471
0.032471
0.032404
0.032404
0.032404
0.032404
0.032506
0.032485
0.032502
0.032482
0.032482
0.032482
0.032450
0.032450
0.032450
0.032459
0.032440
0.032483
0.032483
0.032438
0.032502
0.032478
0.032470
0.032426
0.032408
0.032408
0.032397
0.032385
0.032341
0.032341
0.032343
0.032343
0.032366
0.032366
0.032398
0.032398
0.032398
0.032420
0.032396
0.032387
0.032343
0.032311
0.032311
0.032330
0.032330
0.032339
0.032296
0.032352
0.032395
0.032373
0.032373
0.032373
0.032373
0.032330
0.032312
0.032288
0.032256
0.032256
0.032256
0.032247
0.032247
0.032351
0.032375
0.032375
0.032375
0.032334
0.032334
0.032334
0.032334
0.032334
0.032334
0.032293
0.032269
0.032269
0.032283
0.032265
0.032265
0.032249
0.032249
0.032249
0.032249
0.032292
0.032292
0.032253
0.032207
0.032148
0.032177
0.032177
0.032177
0.032139
0.032122
0.032122
0.032122
0.032122
0.032122
0.032084
0.032128
0.032159
0.032195
0.032195
0.032195
0.032071
0.032055
0.032102
0.032102
0.032102
0.032020
0.032053
0.032053
0.032053
0.032053
0.032097
0.032097
0.032062
0.032047
0.032047
0.032082
0.032082
0.032038
0.032005
0.032005
0.032005
0.032005
0.032000
0.031954
0.031943
0.031943
0.031987
0.031987
0.032002
0.031979
0.031949
0.031949
0.031925
0.031963
0.031950
0.031950
0.031920
0.031920
0.031920
0.031958
0.031911
0.031950
0.031966
0.031966
0.031990
0.031978
0.031978
0.031978
0.031954
0.031930
0.031886
0.031886
0.031854
0.031854
0.031924
0.031899
0.031888
0.031926
0.031926
0.031950
0.031950
0.031950
0.031884
0.031865
0.031840
0.031883
0.031840
0.031840
0.031831
0.031840
0.031797
0.031797
0.031793
0.031833
0.031809
0.031833
0.031814
0.031814
0.031814
0.031814
0.031784
0.031828
0.031766
0.031797
0.031797
0.031764
0.031759
0.031759
0.031759
0.031799
0.031799
0.031823
0.031819
0.031819
0.031819
0.031819
