2.258784
2.128312
2.012831
1.938302
1.900980
1.886257
1.883018
1.883601
1.884398
1.884617
1.883866
1.882715
1.881042
1.878694
1.875824
1.872824
1.869458
1.865914
1.862176
1.858001
1.853937
1.849676
1.845390
1.841286
1.836916
1.832726
1.828503
1.824210
1.819926
1.815599
1.811342
1.806705
1.802610
1.798498
1.794277
1.790236
1.785960
1.782138
1.778315
1.774789
1.770997
1.767101
1.763274
1.759567
1.756144
1.752714
1.749508
1.745831
1.741789
1.737651
1.733657
1.729601
1.725700
1.721471
1.717258
1.712930
1.708373
1.704179
1.699819
1.695512
1.691409
1.687259
1.682957
1.678551
1.674336
1.670086
1.666080
1.661792
1.657623
1.653124
1.648654
1.644065
1.639579
1.635051
1.630626
1.626320
1.622129
1.617785
1.613253
1.609108
1.605000
1.600827
1.596723
1.592505
1.588397
1.584268
1.580440
1.576922
1.573713
1.571282
1.569206
1.567147
1.565007
1.562590
1.559833
1.556108
1.552107
1.548078
1.544030
1.540354
1.537167
1.533801
1.530404
1.526961
1.523109
1.519416
1.515767
1.512155
1.508766
1.505566
1.502497
1.499596
1.496779
1.493594
1.490443
1.486874
1.483377
1.479604
1.475757
1.472211
1.468565
1.465184
1.461436
1.457688
1.454194
1.450510
1.446945
1.443246
1.439720
1.436025
1.432551
1.429200
1.425904
1.422788
1.419989
1.417116
1.414431
1.411774
1.409041
1.405908
1.403576
1.401603
1.399732
1.398398
1.397640
1.397149
1.397115
1.396924
1.396336
1.395463
1.393986
1.391908
1.389508
1.387131
1.384609
1.382303
1.379996
1.377849
1.375740
1.373592
1.371433
1.369285
1.367254
1.365102
1.362589
1.360399
1.358189
1.356111
1.353870
1.351619
1.349148
1.346782
1.344336
1.342067
1.339858
1.337523
1.335357
1.333128
1.330878
1.328812
1.326433
1.324312
1.322363
1.320516
1.318943
1.317363
1.315972
1.315118
1.313955
1.312819
1.311615
1.310304
1.308770
1.306993
1.305244
1.303515
1.301819
1.300143
1.298711
1.297097
1.295461
1.293940
1.292669
1.291225
1.289723
1.288336
1.286958
1.285506
1.284036
1.282616
1.281030
1.279711
1.278255
1.276793
1.275372
1.273857
1.272703
1.271081
1.269798
1.268520
1.267232
1.265716
1.264648
1.263154
1.261769
1.260088
1.258735
1.257495
1.256669
1.255929
1.255108
1.254098
1.253105
1.252090
1.250746
1.249125
1.247548
1.245955
1.244239
1.242733
1.241189
1.239917
1.238434
1.237037
1.235616
1.234257
1.233026
1.231757
1.230381
1.229258
1.228029
1.226656
1.225137
1.223789
1.222183
1.220670
1.219491
1.218107
1.216927
1.215665
1.214301
1.212482
1.210701
1.208673
1.206891
1.205157
1.203784
1.202249
1.200840
1.199487
1.198121
1.196800
1.195396
1.194104
1.192445
1.191034
1.189564
1.188019
1.186666
1.185031
1.183847
1.182507
1.181270
1.180264
1.178624
1.177014
1.175600
1.174418
1.172528
1.170630
1.168514
1.166920
1.164890
1.163344
1.161275
1.159717
1.157708
1.155874
1.154477
1.152772
1.151160
1.149472
1.147799
1.146175
1.144557
1.143044
1.141705
1.140153
1.138569
1.136927
1.135259
1.133488
1.132144
1.130350
1.128792
1.127319
1.125754
1.124219
1.121956
1.119955
1.118542
1.116591
1.114171
1.112062
1.110366
1.108429
1.106502
1.104626
1.102816
1.100808
1.098198
1.095542
1.093115
1.090627
1.088151
1.085624
1.083261
1.080848
1.078562
1.075968
1.072837
1.069524
1.066018
1.062097
1.058346
1.054470
1.050912
1.047136
1.043644
1.039749
1.036377
1.032603
1.028905
1.025273
1.021601
1.017937
1.014367
1.011028
1.007374
1.003823
1.000383
0.996819
0.993159
0.989720
0.986417
0.983634
0.981280
0.978566
0.975910
0.973622
0.971157
0.968065
0.964651
0.961553
0.958107
0.954765
0.951503
0.948020
0.944660
0.941459
0.938143
0.934712
0.931676
0.929293
0.926667
0.924066
0.921431
0.919219
0.916726
0.913542
0.910591
0.907289
0.904338
0.900940
0.897513
0.894323
0.891552
0.888454
0.885099
0.881686
0.878643
0.875960
0.872688
0.869352
0.866006
0.863189
0.860228
0.857040
0.853789
0.850668
0.847908
0.845022
0.842344
0.839497
0.836450
0.833798
0.830931
0.827901
0.824679
0.821262
0.818164
0.815226
0.812516
0.809218
0.805993
0.802607
0.799705
0.796940
0.794180
0.791023
0.787785
0.784567
0.781621
0.778428
0.775034
0.771647
0.768650
0.766089
0.763796
0.761531
0.759101
0.756635
0.754000
0.751408
0.748857
0.746139
0.743411
0.740667
0.738048
0.735519
0.732806
0.730231
0.727421
0.724779
0.721993
0.719367
0.716811
0.714410
0.711626
0.709038
0.706471
0.704011
0.701545
0.699246
0.696678
0.694037
0.691502
0.688639
0.685870
0.682989
0.680467
0.678078
0.675816
0.673870
0.671959
0.670179
0.668137
0.665934
0.663649
0.661238
0.658519
0.655471
0.652434
0.649273
0.646465
0.643943
0.641820
0.639680
0.637883
0.636139
0.634158
0.632230
0.630159
0.627898
0.625675
0.623301
0.620641
0.617589
0.614446
0.611386
0.608836
0.606405
0.604406
0.602209
0.599924
0.597705
0.595800
0.593939
0.591740
0.589402
0.586800
0.584321
0.581474
0.578919
0.576254
0.573466
0.570815
0.568172
0.565554
0.562824
0.560299
0.557654
0.554902
0.552267
0.549831
0.547355
0.544906
0.542090
0.539519
0.536804
0.534170
0.531558
0.528927
0.526296
0.523822
0.521291
0.518809
0.516254
0.514042
0.511517
0.509105
0.506533
0.503995
0.501534
0.498969
0.496363
0.493744
0.491161
0.488616
0.486151
0.483580
0.481075
0.478602
0.476080
0.473790
0.471474
0.468976
0.466565
0.464108
0.461460
0.459099
0.456707
0.454385
0.452025
0.449642
0.447366
0.444861
0.442495
0.440087
0.437904
0.435578
0.433201
0.431292
0.429088
0.426922
0.424673
0.422275
0.420000
0.417466
0.415143
0.412898
0.410539
0.408148
0.405762
0.403440
0.400944
0.398729
0.396236
0.393892
0.391406
0.388988
0.386900
0.384230
0.382018
0.379742
0.377090
0.374542
0.372407
0.369868
0.367500
0.365156
0.362797
0.360110
0.357634
0.355251
0.352672
0.350012
0.347754
0.345340
0.342846
0.340137
0.337963
0.335279
0.332702
0.330402
0.328047
0.325393
0.322841
0.320512
0.318011
0.315674
0.313206
0.310810
0.308286
0.305984
0.303530
0.301205
0.298738
0.296324
0.294172
0.291702
0.289428
0.286780
0.284526
0.282229
0.279717
0.277512
0.275057
0.272660
0.270297
0.268052
0.265526
0.263285
0.260968
0.258721
0.256403
0.254091
0.251900
0.249618
0.247461
0.245164
0.242981
0.240647
0.238608
0.236462
0.234301
0.232254
0.230244
0.228131
0.226200
0.224199
0.222144
0.220321
0.218211
0.216310
0.214502
0.212538
0.210657
0.208845
0.207002
0.205216
0.203381
0.201572
0.199805
0.198026
0.196356
0.194553
0.192732
0.190922
0.189226
0.187563
0.185941
0.184230
0.182560
0.181032
0.179433
0.177951
0.176312
0.174776
0.173154
0.171481
0.169935
0.168397
0.166940
0.165343
0.163809
0.162261
0.160692
0.159270
0.157909
0.156389
0.155002
0.153396
0.152045
0.150532
0.149153
0.147893
0.146514
0.145165
0.143743
0.142460
0.141126
0.139748
0.138333
0.137105
0.135835
0.134646
0.133330
0.132141
0.130906
0.129666
0.128532
0.127315
0.126180
0.124950
0.123908
0.122673
0.121582
0.120532
0.119343
0.118493
0.117271
0.116310
0.115103
0.114094
0.113151
0.112124
0.111185
0.110033
0.109140
0.108203
0.107453
0.106493
0.105673
0.104699
0.103761
0.103019
0.102009
0.101100
0.100205
0.099406
0.098478
0.097579
0.096800
0.095843
0.095199
0.094385
0.093589
0.092635
0.091842
0.091156
0.090473
0.089654
0.088801
0.088229
0.087314
0.086766
0.085970
0.085319
0.084562
0.083891
0.083291
0.082463
0.081905
0.081277
0.080555
0.079892
0.079154
0.078738
0.078019
0.077446
0.076933
0.076269
0.075662
0.075205
0.074594
0.073977
0.073400
0.072871
0.072407
0.071827
0.071321
0.070689
0.070345
0.069651
0.069277
0.068907
0.068324
0.067792
0.067356
0.066919
0.066523
0.065965
0.065506
0.065000
0.064721
0.064279
0.063720
0.063372
0.063003
0.062532
0.062213
0.061801
0.061410
0.061145
0.060828
0.060439
0.059991
0.059685
0.059317
0.059101
0.058744
0.058388
0.058125
0.057731
0.057433
0.057186
0.056838
0.056574
0.056282
0.055944
0.055680
0.055473
0.055120
0.054813
0.054565
0.054332
0.054224
0.053970
0.053760
0.053473
0.053266
0.053003
0.052705
0.052483
0.052290
0.052070
0.051882
0.051630
0.051448
0.051293
0.051102
0.050956
0.050668
0.050599
0.050307
0.050087
0.050004
0.049774
0.049631
0.049465
0.049306
0.049171
0.049043
0.048984
0.048751
0.048656
0.048449
0.048316
0.048129
0.048107
0.047903
0.047735
0.047476
0.047440
0.047433
0.047270
0.047079
0.046957
0.046808
0.046722
0.046637
0.046494
0.046475
0.046313
0.046276
0.046039
0.045922
0.045774
0.045742
0.045622
0.045579
0.045466
0.045408
0.045241
0.045220
0.045103
0.045124
0.044982
0.044901
0.044842
0.044771
0.044650
0.044636
0.044596
0.044495
0.044449
0.044336
0.044274
0.044193
0.044076
0.044167
0.044089
0.043938
0.043843
0.043801
0.043859
0.043689
0.043725
0.043802
0.043611
0.043591
0.043552
0.043410
0.043407
0.043428
0.043342
0.043375
0.043185
0.043168
0.043138
0.043077
0.043021
0.042936
0.042887
0.042823
0.042861
0.042864
0.042832
0.042712
0.042703
0.042589
0.042556
0.042552
0.042521
0.042541
0.042503
0.042416
0.042442
0.042317
0.042314
0.042263
0.042262
0.042242
0.042178
0.042135
0.042056
0.042051
0.042007
0.042028
0.041880
0.041846
0.041798
0.041717
0.041660
0.041702
0.041572
0.041477
0.041504
0.041453
0.041418
0.041460
0.041452
0.041449
0.041272
0.041223
0.041132
0.041159
0.041127
0.041124
0.041037
0.041037
0.040993
0.040956
0.040969
0.040922
0.040868
0.040904
0.040818
0.040733
0.040759
0.040689
0.040511
0.040472
0.040440
0.040456
0.040389
0.040443
0.040385
0.040241
0.040173
0.040061
0.040110
0.040013
0.039964
0.039852
0.039888
0.039849
0.039788
0.039694
0.039686
0.039700
0.039635
0.039619
0.039591
0.039562
0.039393
0.039411
0.039342
0.039207
0.039215
0.039238
0.039238
0.039060
0.039019
0.038909
0.038905
0.038802
0.038831
0.038800
0.038730
0.038728
0.038739
0.038740
0.038616
0.038567
0.038505
0.038453
0.038424
0.038339
0.038267
0.038293
0.038351
0.038242
0.038111
0.038132
0.038099
0.038004
0.037954
0.037901
0.037888
0.037777
0.037704
0.037753
0.037732
0.037659
0.037626
0.037613
0.037517
0.037495
0.037375
0.037280
0.037264
0.037275
0.037214
0.037128
0.037090
0.037174
0.036915
0.036852
0.036888
0.036841
0.036736
0.036777
0.036661
0.036670
0.036607
0.036537
0.036537
0.036529
0.036426
0.036454
0.036509
0.036464
0.036352
0.036349
0.036303
0.036282
0.036226
0.036174
0.036174
0.036077
0.035960
0.035955
0.036001
0.035907
0.035930
0.035930
0.035931
0.035788
0.035744
0.035715
0.035677
0.035621
0.035557
0.035620
0.035620
0.035494
0.035546
0.035528
0.035515
0.035471
0.035366
0.035292
0.035271
0.035295
0.035184
0.035132
0.035133
0.035115
0.035001
0.034983
0.034969
0.034971
0.034943
0.034884
0.034902
0.034942
0.034942
0.034903
0.034867
0.034851
0.034761
0.034834
0.034786
0.034696
0.034596
0.034672
0.034672
0.034610
0.034572
0.034572
0.034530
0.034483
0.034401
0.034429
0.034412
0.034371
0.034428
0.034404
0.034404
0.034407
0.034372
0.034372
0.034277
0.034277
0.034258
0.034316
0.034242
0.034212
0.034166
0.034141
0.034170
0.034130
0.034058
0.034040
0.033994
0.033985
0.034037
0.034065
0.034065
0.034017
0.033978
0.033932
0.033907
0.033867
0.033906
0.033896
0.033872
0.033800
0.033809
0.033809
0.033770
0.033770
0.033738
0.033768
0.033818
0.033805
0.033746
0.033746
0.033738
0.033714
0.033714
0.033714
0.033676
0.033611
0.033611
0.033589
0.033612
0.033612
0.033665
0.033665
0.033626
0.033569
0.033463
0.033494
0.033491
0.033522
0.033522
0.033525
0.033525
0.033488
0.033522
0.033504
0.033488
0.033450
0.033426
0.033426
0.033458
0.033458
0.033422
0.033382
0.033425
0.033385
0.033456
0.033373
0.033373
0.033356
0.033381
0.033323
0.033323
0.033323
0.033323
0.033356
0.033356
0.033318
0.033282
0.033273
0.033273
0.033273
0.033265
0.033265
0.033265
0.033261
0.033289
0.033254
0.033251
0.033251
0.033282
0.033262
0.033218
0.033213
0.033178
0.033178
0.033211
0.033246
0.033209
0.033195
0.033195
0.033195
0.033219
0.033219
0.033179
0.033179
0.033145
0.033145
0.033106
0.033069
0.033069
0.033032
0.033032
0.033032
0.033064
0.033064
0.033036
0.032999
0.032999
0.032965
0.032971
0.033011
0.033011
0.032974
0.032957
0.032991
0.032991
0.032991
0.032992
0.032992
0.032956
0.032956
0.032991
0.032957
0.032957
0.032957
0.032957
0.032957
0.032957
0.032989
0.032989
0.032958
0.032958
0.032967
0.032967
0.032894
0.032860
0.032826
0.032862
0.032862
0.032862
0.032862
0.032867
0.032867
0.032831
0.032831
0.032795
0.032795
0.032795
0.032795
0.032795
0.032793
0.032760
0.032760
0.032750
0.032721
0.032786
0.032786
0.032786
0.032724
0.032729
0.032671
0.032671
0.032671
0.032708
0.032708
0.032691
0.032657
0.032624
0.032624
0.032624
0.032624
0.032589
0.032557
0.032540
0.032512
0.032512
0.032522
0.032522
0.032522
0.032522
0.032522
0.032567
0.032567
0.032567
0.032565
0.032504
0.032504
0.032504
0.032504
0.032504
0.032504
0.032504
0.032504
0.032504
0.032510
0.032510
0.032472
0.032472
0.032437
0.032437
0.032437
0.032437
0.032437
0.032437
0.032437
0.032437
0.032424
0.032424
0.032424
0.032424
0.032424
0.032424
0.032390
0.032390
0.032390
0.032424
0.032424
0.032359
0.032359
0.032334
0.032334
0.032302
0.032302
0.032302
0.032248
0.032224
0.032224
0.032190
0.032190
0.032190
0.032230
0.032230
0.032230
0.032230
0.032230
0.032230
0.032230
0.032192
0.032186
0.032186
0.032186
0.032228
0.032193
0.032193
0.032193
0.032157
0.032157
0.032157
0.032154
0.032121
0.032121
0.032121
0.032121
0.032121
0.032121
0.032121
0.032121
0.032087
0.032087
0.032069
0.032069
0.032069
0.032069
0.032069
0.032069
0.032069
0.032032
0.032032
0.031987
0.031987
0.031987
0.031987
0.031987
0.031951
0.031951
0.031951
0.031951
0.031951
0.031918
0.031959
0.031925
0.031925
0.031925
0.031925
0.031925
0.031925
0.031938
0.031913
0.031893
0.031893
0.031871
0.031871
0.031871
0.031871
0.031871
0.031871
0.031871
0.031871
0.031837
0.031837
0.031837
0.031837
0.031801
0.031788
0.031788
0.031751
0.031717
0.031717
0.031717
0.031717
0.031673
0.031673
0.031673
0.031673
0.031673
0.031706
0.031706
0.031706
0.031706
0.031706
0.031706
0.031669
0.031669
0.031669
0.031669
0.031635
0.031599
0.031599
0.031599
0.031567
0.031603
0.031603
0.031603
0.031603
0.031613
0.031577
0.031577
0.031540
0.031540
0.031540
0.031496
0.031496
0.031496
0.031496
0.031496
0.031496
0.031496
0.031496
0.031496
0.031496
0.031496
0.031496
0.031496
0.031462
0.031462
0.031462
0.031462
0.031462
0.031425
0.031425
0.031425
0.031423
0.031389
0.031346
0.031346
0.031346
0.031311
0.031275
0.031310
0.031310
0.031343
0.031343
0.031343
0.031310
0.031273
0.031255
0.031255
0.031255
0.031255
0.031220
0.031220
0.031256
0.031228
0.031186
0.031186
0.031186
0.031186
0.031186
0.031186
0.031186
0.031149
0.031149
0.031116
0.031081
0.031081
0.031115
0.031115
0.031149
0.031149
0.031149
0.031149
0.031107
0.031073
0.031073
0.031073
0.031073
0.031073
0.031073
0.031003
0.030966
0.031001
0.031001
0.031001
0.031001
0.031001
0.030981
0.030981
0.031001
0.030959
0.030959
0.030943
0.030902
0.030902
0.030902
0.030868
0.030868
0.030868
0.030868
0.030868
0.030868
0.030832
0.030832
0.030798
0.030756
0.030756
0.030756
0.030756
0.030756
0.030756
0.030756
0.030756
0.030756
0.030756
0.030756
0.030756
0.030792
0.030792
0.030756
0.030715
0.030715
0.030715
0.030679
0.030679
0.030679
0.030679
0.030658
0.030658
0.030658
0.030658
0.030658
0.030658
0.030658
0.030583
0.030583
0.030617
0.030617
0.030617
0.030617
0.030617
0.030640
0.030640
0.030640
0.030614
0.030614
0.030614
0.030614
0.030574
0.030534
0.030534
0.030500
0.030500
0.030500
0.030466
0.030451
0.030451
0.030430
0.030430
0.030430
0.030430
0.030430
0.030430
0.030390
0.030390
0.030369
0.030333
0.030333
0.030297
0.030297
0.030297
0.030297
0.030297
0.030297
0.030297
0.030263
0.030263
0.030263
0.030223
0.030223
0.030223
0.030258
0.030258
0.030258
0.030258
0.030236
0.030202
0.030202
0.030202
0.030127
0.030127
0.030127
0.030088
0.030088
0.030088
0.030088
0.030088
0.030088
0.030088
0.030088
0.030088
0.030088
0.030088
0.030088
0.030088
0.030088
0.030068
0.030070
0.030032
0.030032
0.030032
0.030032
0.030032
0.030032
0.030032
0.030032
0.029996
0.029962
0.029962
0.029962
0.029928
0.029924
0.029961
0.029925
0.029888
0.029888
0.029888
0.029888
0.029853
0.029853
0.029853
0.029853
0.029853
0.029853
0.029853
0.029853
0.029853
0.029853
0.029853
0.029853
0.029853
0.029818
0.029818
0.029818
0.029818
0.029818
0.029782
0.029782
0.029782
0.029745
0.029745
0.029745
0.029745
0.029745
0.029745
0.029745
0.029745
0.029724
0.029724
0.029724
0.029689
0.029689
0.029689
0.029660
0.029660
0.029660
0.029660
0.029660
0.029660
0.029660
0.029660
0.029626
0.029626
0.029590
0.029590
0.029590
0.029590
0.029590
0.029554
0.029598
0.029598
0.029565
0.029565
0.029565
0.029565
0.029530
0.029530
0.029517
0.029517
0.029538
0.029538
0.029538
0.029538
0.029538
0.029504
0.029504
0.029469
0.029469
0.029469
0.029440
0.029429
0.029429
0.029429
0.029429
0.029398
0.029398
0.029398
0.029398
0.029398
0.029398
0.029398
0.029398
0.029398
0.029398
0.029398
0.029398
0.029398
0.029364
0.029364
0.029364
0.029364
0.029364
0.029343
0.029343
0.029343
0.029343
0.029308
0.029308
0.029273
0.029273
0.029273
0.029237
0.029208
0.029208
0.029208
0.029242
0.029242
0.029242
0.029209
0.029209
0.029175
0.029175
0.029175
0.029175
0.029175
0.029175
0.029175
0.029175
0.029175
0.029175
0.029175
0.029175
0.029175
0.029175
0.029146
0.029146
0.029168
0.029168
0.029135
0.029102
0.029102
0.029102
0.029102
0.029102
0.029102
0.029102
0.029075
0.029075
0.029075
0.029075
0.029040
0.029040
0.029040
0.029040
0.029040
0.029040
0.029006
0.029006
0.028975
0.028975
0.028975
0.028975
0.028975
0.028975
0.028975
0.028975
0.028975
0.028950
0.028950
0.028950
0.028914
0.028914
0.028914
0.028914
0.028914
0.028914
0.028894
0.028894
0.028866
0.028866
0.028866
0.028866
0.028866
0.028866
0.028836
0.028836
0.028836
0.028836
0.028836
0.028836
0.028836
0.028836
0.028811
0.028777
0.028811
0.028811
0.028811
0.028811
0.028811
0.028784
0.028784
0.028784
0.028784
0.028784
0.028784
0.028749
0.028714
0.028714
0.028714
0.028714
0.028714
0.028714
0.028714
0.028714
0.028714
0.028714
0.028714
0.028714
0.028714
0.028714
0.028688
0.028734
0.028734
0.028734
0.028734
0.028734
0.028734
0.028734
0.028734
0.028734
0.028734
0.028734
0.028734
0.028734
0.028713
0.028683
0.028683
0.028683
0.028683
0.028683
0.028683
0.028683
0.028613
0.028589
0.028589
0.028589
0.028589
0.028589
0.028589
0.028589
0.028589
0.028589
0.028589
0.028589
0.028589
0.028589
0.028589
0.028589
0.028589
0.028589
0.028589
0.028589
0.028589
0.028589
0.028568
0.028552
0.028552
0.028531
0.028531
0.028531
0.028531
0.028509
0.028509
0.028509
0.028509
0.028509
0.028474
0.028474
0.028474
0.028474
0.028474
0.028474
0.028509
0.028509
0.028509
0.028509
0.028516
0.028481
0.028451
0.028451
0.028451
0.028451
0.028451
0.028451
0.028433
0.028433
0.028433
0.028433
0.028426
0.028426
0.028426
0.028426
0.028426
0.028426
0.028426
0.028426
0.028463
0.028463
0.028426
0.028426
0.028426
0.028463
0.028463
0.028463
0.028463
0.028463
0.028463
0.028463
0.028463
0.028463
0.028463
0.028463
0.028463
0.028463
0.028448
0.028448
0.028448
0.028448
0.028448
0.028448
0.028448
0.028448
0.028448
0.028448
0.028448
0.028448
0.028448
0.028448
0.028448
0.028448
0.028448
0.028448
0.028448
0.028448
0.028448
0.028448
0.028420
0.028420
0.028420
0.028386
0.028386
0.028386
0.028386
0.028386
0.028386
0.028386
0.028386
0.028386
0.028375
0.028375
0.028375
0.028375
0.028375
0.028375
0.028375
0.028375
0.028375
0.028375
0.028375
0.028375
0.028339
0.028339
0.028375
0.028340
0.028340
0.028340
0.028340
0.028340
0.028340
0.028304
0.028304
0.028304
0.028304
0.028304
0.028304
0.028304
0.028304
0.028304
0.028304
0.028304
0.028304
0.028304
0.028304
0.028304
0.028304
0.028304
0.028304
0.028304
0.028304
0.028297
0.028297
0.028297
0.028297
0.028287
0.028287
0.028287
0.028287
0.028287
0.028287
0.028287
0.028261
0.028261
0.028261
0.028261
0.028261
0.028261
0.028261
0.028229
0.028229
0.028229
0.028229
0.028229
0.028229
0.028229
0.028229
0.028229
0.028229
0.028229
0.028229
0.028229
0.028229
0.028229
0.028229
0.028229
0.028229
0.028229
0.028229
0.028229
0.028229
0.028229
0.028229
0.028229
0.028229
0.028229
0.028229
0.028229
0.028229
0.028229
0.028229
0.028229
0.028229
0.028229
0.028226
0.028226
0.028226
0.028272
0.028272
0.028272
0.028272
0.028272
0.028272
0.028272
0.028272
0.028272
0.028272
0.028272
0.028272
0.028272
0.028272
0.028272
0.028272
0.028255
0.028221
0.028221
0.028221
0.028221
0.028221
0.028221
0.028242
0.028242
0.028242
0.028242
0.028242
0.028208
0.028208
0.028186
0.028186
0.028186
0.028186
0.028186
0.028186
0.028186
0.028186
0.028186
0.028186
0.028152
0.028152
0.028152
0.028152
0.028152
0.028152
0.028152
0.028152
0.028152
0.028152
0.028152
0.028152
0.028152
0.028152
0.028152
0.028152
0.028152
0.028152
0.028152
0.028152
0.028152
0.028152
0.028152
0.028152
0.028152
0.028152
0.028152
0.028152
0.028152
0.028152
0.028152
0.028152
0.028152
0.028152
0.028154
0.028154
0.028154
0.028154
0.028154
0.028154
0.028154
0.028154
0.028154
0.028154
0.028154
0.028154
0.028154
0.028154
0.028154
0.028154
0.028154
0.028154
0.028154
0.028154
0.028154
0.028154
0.028154
0.028154
0.028154
0.028154
0.028154
0.028154
0.028154
0.028154
0.028154
0.028154
0.028154
0.028154
0.028154
0.028154
0.028154
0.028154
0.028154
0.028154
0.028154
0.028154
0.028154
0.028154
0.028154
0.028154
0.028154
0.028154
0.028154
0.028154
0.028154
0.028154
0.028154
0.028136
0.028136
0.028136
0.028136
0.028136
0.028136
0.028136
0.028136
0.028136
0.028136
0.028136
0.028136
0.028136
0.028136
0.028136
0.028103
0.028103
0.028103
0.028103
0.028103
0.028103
0.028103
0.028103
0.028103
0.028103
0.028103
0.028103
0.028103
0.028103
0.028103
0.028103
0.028103
0.028103
0.028103
0.028103
0.028103
0.028103
0.028103
0.028103
0.028103
0.028103
0.028103
0.028103
0.028103
0.028103
0.028103
0.028103
0.028103
0.028103
0.028103
0.028103
0.028103
0.028103
0.028103
0.028103
0.028103
0.028103
0.028103
0.028103
0.028103
0.028103
0.028103
0.028103
0.028103
0.028103
0.028103
0.028103
0.028103
0.028103
0.028103
0.028103
0.028103
0.028077
0.028077
0.028077
0.028077
0.028077
0.028077
0.028077
0.028077
0.028077
0.028077
0.028077
0.028077
0.028077
0.028077
0.028077
0.028077
0.028077
0.028085
0.028085
0.028085
0.028085
0.028085
0.028085
0.028085
0.028085
0.028085
0.028085
0.028085
0.028085
0.028085
0.028085
0.028085
0.028085
0.028085
0.028085
0.028085
0.028085
0.028085
0.028085
0.028085
0.028085
0.028085
0.028085
0.028085
0.028085
0.028085
0.028085
0.028085
0.028085
0.028085
0.028085
0.028085
0.028085
0.028085
0.028085
0.028085
0.028085
0.028085
0.028085
0.028085
0.028085
0.028085
0.028085
0.028085
0.028085
0.028085
0.028085
0.028085
0.028085
0.028085
0.028085
0.028085
0.028085
0.028085
0.028085
0.028085
0.028085
0.028085
0.028085
0.028085
0.028085
0.028085
0.028085
0.028052
0.028052
0.028052
0.028052
0.028052
0.028052
0.028052
0.028052
0.028085
0.028085
0.028085
0.028085
0.028085
0.028052
0.028052
0.028052
0.028052
0.028052
0.028038
0.028038
0.028038
0.028038
0.028038
0.028038
0.028038
0.028038
0.028076
0.028038
0.028038
0.028038
0.028038
0.028038
0.028038
0.028038
0.028038
0.028038
0.028076
0.028076
0.028076
0.028076
0.028076
0.028076
0.028038
0.028038
0.028038
0.028038
