1.818727
1.668647
1.533619
1.446336
1.404075
1.389077
1.385795
1.385457
1.385014
1.384333
1.383271
1.382032
1.380886
1.379416
1.378251
1.376842
1.375510
1.373961
1.372376
1.370582
1.369078
1.367406
1.365858
1.364332
1.362923
1.361173
1.359441
1.357506
1.355262
1.353141
1.350881
1.348905
1.346862
1.344768
1.342930
1.340989
1.338858
1.336886
1.335022
1.332803
1.330637
1.328094
1.325955
1.323707
1.321520
1.319420
1.317019
1.314859
1.312619
1.310121
1.307939
1.305507
1.303007
1.300240
1.297801
1.295207
1.292281
1.289851
1.287179
1.284520
1.281864
1.279336
1.276515
1.273923
1.271376
1.268668
1.266107
1.263498
1.260379
1.257126
1.253970
1.250936
1.247546
1.244122
1.240726
1.237828
1.234787
1.231315
1.227524
1.223825
1.220357
1.216948
1.213000
1.209055
1.205613
1.202044
1.198186
1.194095
1.190102
1.186147
1.182495
1.178559
1.174433
1.170700
1.166969
1.163007
1.159207
1.155681
1.152035
1.148276
1.144694
1.140965
1.137191
1.133355
1.129503
1.125486
1.121076
1.117040
1.112704
1.108552
1.104451
1.100317
1.096236
1.092498
1.088477
1.084709
1.080927
1.076860
1.073254
1.069710
1.065788
1.061673
1.057678
1.053297
1.049227
1.045250
1.041183
1.037012
1.032906
1.028688
1.024534
1.020748
1.016786
1.013108
1.009652
1.006393
1.003089
0.999458
0.996079
0.992496
0.988708
0.984873
0.981134
0.977094
0.973209
0.969129
0.965439
0.961585
0.957898
0.953950
0.949959
0.946035
0.942191
0.938408
0.934521
0.931132
0.927595
0.924051
0.920768
0.917510
0.914331
0.910970
0.907286
0.903538
0.899383
0.895224
0.891258
0.887308
0.883353
0.879453
0.875571
0.871723
0.868085
0.864580
0.861247
0.858346
0.855874
0.853176
0.850696
0.847781
0.844739
0.841570
0.838562
0.835401
0.832461
0.829451
0.826664
0.823617
0.820748
0.817777
0.814719
0.811736
0.808812
0.806243
0.803194
0.800367
0.797414
0.794521
0.791599
0.788854
0.786181
0.783614
0.781019
0.778590
0.776362
0.774229
0.772459
0.770539
0.768047
0.765694
0.762826
0.759957
0.757103
0.754125
0.751366
0.748559
0.745651
0.742734
0.739769
0.737035
0.734319
0.731325
0.728837
0.726020
0.723599
0.720984
0.718581
0.716071
0.713651
0.711317
0.709003
0.706724
0.704351
0.701992
0.699733
0.697021
0.694614
0.692379
0.690000
0.687545
0.685636
0.683508
0.681786
0.679856
0.678171
0.676458
0.675037
0.673183
0.670702
0.668273
0.665855
0.663225
0.660462
0.657868
0.655337
0.652848
0.650300
0.647687
0.645061
0.642642
0.640072
0.637656
0.635260
0.632968
0.630479
0.627913
0.625658
0.623142
0.620805
0.618563
0.616104
0.613835
0.611876
0.609848
0.607461
0.604951
0.602670
0.600673
0.598623
0.596460
0.594139
0.592135
0.590149
0.588254
0.585987
0.583901
0.581756
0.579769
0.577964
0.576086
0.573913
0.571701
0.569904
0.568173
0.566335
0.564622
0.562678
0.560656
0.558643
0.557045
0.555373
0.553765
0.552010
0.550391
0.548618
0.546808
0.545336
0.543896
0.542332
0.540579
0.538830
0.537172
0.535414
0.534060
0.532549
0.530981
0.529432
0.527728
0.525959
0.524421
0.523099
0.521671
0.520323
0.518618
0.516883
0.515416
0.514066
0.512720
0.511264
0.509720
0.508303
0.507016
0.506161
0.505140
0.503893
0.502869
0.501944
0.500631
0.499487
0.498229
0.496758
0.495341
0.493492
0.491922
0.490234
0.488633
0.486881
0.485282
0.483765
0.482252
0.481016
0.479324
0.477783
0.476121
0.474523
0.472995
0.471526
0.470003
0.468548
0.466999
0.465427
0.463840
0.462359
0.460883
0.459318
0.457849
0.456517
0.455068
0.453522
0.451998
0.450579
0.448988
0.447369
0.445870
0.444323
0.442678
0.441238
0.439747
0.438010
0.436474
0.434874
0.433300
0.431681
0.430009
0.428519
0.426918
0.425230
0.423509
0.421946
0.420242
0.418707
0.417000
0.415261
0.413575
0.411918
0.410308
0.408722
0.406961
0.405368
0.403679
0.401882
0.400370
0.398764
0.397031
0.395276
0.393549
0.391907
0.390286
0.388662
0.386777
0.385054
0.383382
0.381738
0.380114
0.378611
0.377002
0.375361
0.373780
0.372074
0.370488
0.368819
0.367298
0.365772
0.364265
0.362706
0.361218
0.359562
0.357980
0.356464
0.355005
0.353325
0.351882
0.350265
0.348892
0.347199
0.345746
0.344246
0.342778
0.341388
0.339818
0.338397
0.336923
0.335511
0.334051
0.332571
0.331063
0.329603
0.328145
0.326798
0.325326
0.323814
0.322480
0.320975
0.319617
0.318257
0.316747
0.315322
0.313886
0.312400
0.310926
0.309532
0.308071
0.306658
0.305317
0.303804
0.302334
0.300851
0.299519
0.298191
0.296621
0.295172
0.293869
0.292522
0.291047
0.289612
0.288140
0.286681
0.285234
0.283695
0.282399
0.280943
0.279498
0.278069
0.276599
0.275106
0.273636
0.272317
0.270905
0.269374
0.267969
0.266571
0.265195
0.263877
0.262345
0.260953
0.259572
0.257953
0.256536
0.255034
0.253618
0.252233
0.250771
0.249272
0.247812
0.246409
0.244956
0.243662
0.242175
0.240665
0.239400
0.237854
0.236468
0.235052
0.233652
0.232217
0.230880
0.229384
0.227953
0.226564
0.225223
0.223800
0.222471
0.221120
0.219775
0.218254
0.217092
0.215654
0.214374
0.212904
0.211579
0.210189
0.208876
0.207552
0.206168
0.204871
0.203551
0.202168
0.200843
0.199538
0.198297
0.197005
0.195675
0.194467
0.193097
0.191794
0.190629
0.189346
0.188133
0.186889
0.185650
0.184381
0.183167
0.182004
0.180844
0.179671
0.178478
0.177379
0.176174
0.175137
0.173940
0.172763
0.171625
0.170591
0.169558
0.168440
0.167383
0.166166
0.165166
0.164148
0.163207
0.162108
0.161020
0.160096
0.159114
0.158044
0.157195
0.156154
0.155240
0.154109
0.153317
0.152228
0.151251
0.150246
0.149403
0.148557
0.147636
0.146683
0.145816
0.144935
0.143997
0.143119
0.142064
0.141205
0.140359
0.139369
0.138525
0.137595
0.136725
0.135893
0.134969
0.134140
0.133309
0.132419
0.131635
0.130832
0.129910
0.129072
0.128219
0.127310
0.126461
0.125593
0.124830
0.123868
0.123157
0.122253
0.121327
0.120534
0.119714
0.118889
0.118018
0.117101
0.116311
0.115462
0.114703
0.113744
0.112907
0.112112
0.111225
0.110318
0.109509
0.108511
0.107725
0.106977
0.106002
0.105230
0.104323
0.103474
0.102627
0.101742
0.100946
0.100116
0.099315
0.098570
0.097641
0.096746
0.095923
0.095105
0.094300
0.093527
0.092604
0.091785
0.091067
0.090263
0.089518
0.088684
0.087934
0.087178
0.086327
0.085536
0.084787
0.083934
0.083250
0.082560
0.081835
0.081088
0.080381
0.079687
0.079028
0.078337
0.077712
0.076954
0.076419
0.075834
0.075090
0.074493
0.073874
0.073201
0.072645
0.072046
0.071486
0.070816
0.070412
0.069744
0.069159
0.068683
0.068093
0.067494
0.067108
0.066579
0.066021
0.065485
0.065027
0.064517
0.064029
0.063550
0.063201
0.062574
0.062178
0.061831
0.061320
0.060877
0.060510
0.060050
0.059653
0.059266
0.058887
0.058481
0.058127
0.057763
0.057324
0.056949
0.056597
0.056243
0.055943
0.055603
0.055292
0.054932
0.054663
0.054388
0.054053
0.053756
0.053358
0.053116
0.052814
0.052527
0.052239
0.051910
0.051713
0.051507
0.051110
0.050916
0.050785
0.050482
0.050302
0.050083
0.049917
0.049725
0.049388
0.049213
0.048994
0.048733
0.048570
0.048401
0.048254
0.048083
0.047920
0.047692
0.047525
0.047406
0.047195
0.046998
0.046898
0.046721
0.046586
0.046381
0.046254
0.046135
0.045919
0.045738
0.045664
0.045596
0.045429
0.045309
0.045130
0.045059
0.044918
0.044777
0.044710
0.044655
0.044513
0.044461
0.044238
0.044198
0.044033
0.043775
0.043676
0.043575
0.043390
0.043359
0.043200
0.043170
0.043104
0.043018
0.042974
0.042837
0.042624
0.042540
0.042478
0.042409
0.042237
0.042200
0.042102
0.041989
0.041852
0.041734
0.041605
0.041552
0.041444
0.041457
0.041334
0.041312
0.041259
0.040998
0.040927
0.040860
0.040733
0.040698
0.040598
0.040517
0.040404
0.040336
0.040280
0.040187
0.040111
0.040129
0.040046
0.039966
0.039857
0.039755
0.039676
0.039570
0.039574
0.039467
0.039367
0.039251
0.039278
0.039164
0.039166
0.039062
0.039009
0.038979
0.038879
0.038903
0.038864
0.038720
0.038641
0.038492
0.038430
0.038438
0.038307
0.038288
0.038192
0.038087
0.038053
0.038055
0.038020
0.037910
0.037926
0.037942
0.037836
0.037761
0.037631
0.037476
0.037429
0.037404
0.037322
0.037406
0.037382
0.037371
0.037275
0.037218
0.037232
0.037151
0.037109
0.037021
0.036828
0.036802
0.036804
0.036730
0.036605
0.036497
0.036560
0.036389
0.036325
0.036350
0.036256
0.036251
0.036200
0.036143
0.036071
0.036073
0.036006
0.036045
0.035956
0.035908
0.035845
0.035798
0.035738
0.035670
0.035575
0.035497
0.035589
0.035521
0.035474
0.035407
0.035373
0.035385
0.035311
0.035329
0.035188
0.035114
0.035045
0.035023
0.034951
0.034927
0.034904
0.034926
0.034912
0.034870
0.034901
0.034794
0.034712
0.034700
0.034615
0.034613
0.034544
0.034489
0.034469
0.034464
0.034416
0.034365
0.034282
0.034285
0.034277
0.034324
0.034324
0.034323
0.034246
0.034192
0.034243
0.034193
0.034171
0.034094
0.034014
0.034015
0.033938
0.033968
0.033970
0.033971
0.033867
0.033905
0.033900
0.033902
0.033897
0.033809
0.033805
0.033776
0.033741
0.033737
0.033716
0.033673
0.033622
0.033629
0.033531
0.033556
0.033533
0.033589
0.033459
0.033450
0.033358
0.033336
0.033280
0.033296
0.033195
0.033179
0.033152
0.033111
0.033007
0.033007
0.033020
0.033022
0.033070
0.033023
0.033100
0.033042
0.032999
0.032927
0.032980
0.032887
0.032859
0.032787
0.032778
0.032736
0.032736
0.032687
0.032736
0.032687
0.032713
0.032722
0.032678
0.032679
0.032629
0.032597
0.032548
0.032583
0.032520
0.032492
0.032469
0.032481
0.032430
0.032475
0.032475
0.032440
0.032416
0.032325
0.032378
0.032362
0.032372
0.032378
0.032363
0.032399
0.032340
0.032348
0.032311
0.032294
0.032304
0.032286
0.032296
0.032250
0.032252
0.032266
0.032296
0.032210
0.032295
0.032250
0.032270
0.032225
0.032225
0.032238
0.032194
0.032194
0.032215
0.032171
0.032136
0.032162
0.032119
0.032143
0.032106
0.032130
0.032130
0.032112
0.032134
0.032103
0.032151
0.032132
0.032132
0.032158
0.032124
0.032029
0.031977
0.031920
0.031913
0.031918
0.031878
0.031872
0.031915
0.031915
0.031871
0.031895
0.031895
0.031817
0.031843
0.031843
0.031813
0.031774
0.031774
0.031801
0.031800
0.031761
0.031766
0.031741
0.031741
0.031699
0.031699
0.031699
0.031699
0.031669
0.031704
0.031704
0.031704
0.031661
0.031662
0.031578
0.031659
0.031641
0.031644
0.031644
0.031644
0.031644
0.031575
0.031575
0.031575
0.031575
0.031575
0.031540
0.031540
0.031549
0.031643
0.031653
0.031643
0.031616
0.031616
0.031623
0.031632
0.031617
0.031583
0.031593
0.031593
0.031604
0.031563
0.031584
0.031520
0.031603
0.031603
0.031618
0.031618
0.031618
0.031550
0.031562
0.031575
0.031575
0.031575
0.031623
0.031623
0.031589
0.031589
0.031589
0.031589
0.031603
0.031603
0.031603
0.031589
0.031589
0.031509
0.031546
0.031506
0.031506
0.031506
0.031554
0.031412
0.031402
0.031362
0.031383
0.031418
0.031418
0.031413
0.031398
0.031368
0.031364
0.031360
0.031373
0.031370
0.031370
0.031370
0.031368
0.031327
0.031298
0.031260
0.031259
0.031259
0.031220
0.031220
0.031268
0.031244
0.031244
0.031215
0.031215
0.031215
0.031178
0.031134
0.031134
0.031134
0.031163
0.031163
0.031225
0.031184
0.031155
0.031155
0.031112
0.031040
0.031088
0.031088
0.031088
0.031088
0.031088
0.031066
0.031053
0.030987
0.030996
0.030963
0.030973
0.030980
0.030987
0.030988
0.030996
0.031031
0.031054
0.031054
0.031111
0.031047
0.031057
0.031057
0.031057
0.031098
0.031098
0.031098
0.031110
0.031110
0.031110
0.031074
0.031037
0.031049
0.031026
0.030998
0.030998
0.031011
0.030974
0.030930
0.030978
0.031017
0.031038
0.031038
0.031038
0.031038
0.031038
0.031066
0.031027
0.031027
0.030957
0.030970
0.030970
0.030864
0.030855
0.030839
0.030830
0.030824
0.030824
0.030849
0.030844
0.030844
0.030840
0.030797
0.030763
0.030760
0.030760
0.030808
0.030820
0.030785
0.030785
0.030743
0.030742
0.030742
0.030742
0.030742
0.030708
0.030669
0.030669
0.030710
0.030732
0.030732
0.030759
0.030759
0.030773
0.030749
0.030750
0.030750
0.030797
0.030737
0.030737
0.030623
0.030623
0.030674
0.030674
0.030730
0.030730
0.030730
0.030730
0.030730
0.030686
0.030695
0.030667
0.030678
0.030612
0.030619
0.030619
0.030627
0.030635
0.030645
0.030645
0.030686
0.030686
0.030697
0.030670
0.030710
0.030683
0.030700
0.030700
0.030712
0.030712
0.030712
0.030712
0.030712
0.030725
0.030725
0.030725
0.030725
0.030725
0.030687
0.030701
0.030701
0.030701
0.030714
0.030718
0.030718
0.030718
0.030718
0.030718
0.030718
0.030718
0.030681
0.030681
0.030654
0.030552
0.030584
0.030568
0.030609
0.030579
0.030579
0.030574
0.030569
0.030532
0.030528
0.030497
0.030497
0.030494
0.030494
0.030494
0.030492
0.030492
0.030492
0.030554
0.030553
0.030530
0.030487
0.030487
0.030487
0.030486
0.030466
0.030438
0.030438
0.030438
0.030482
0.030510
0.030510
0.030473
0.030405
0.030379
0.030379
0.030427
0.030468
0.030468
0.030468
0.030468
0.030468
0.030468
0.030468
0.030468
0.030466
0.030437
0.030437
0.030446
0.030450
0.030460
0.030467
0.030474
0.030474
0.030482
0.030490
0.030499
0.030464
0.030474
0.030474
0.030484
0.030484
0.030484
0.030496
0.030509
0.030509
0.030536
0.030513
0.030513
0.030561
0.030525
0.030538
0.030538
0.030514
0.030514
0.030514
0.030514
0.030514
0.030514
0.030514
0.030569
0.030569
0.030569
0.030569
0.030534
0.030534
0.030534
0.030534
0.030534
0.030534
0.030534
0.030464
0.030455
0.030438
0.030431
0.030425
0.030425
0.030461
0.030422
0.030422
0.030410
0.030377
0.030350
0.030348
0.030395
0.030433
0.030384
0.030384
0.030428
0.030428
0.030427
0.030407
0.030454
0.030410
0.030438
0.030403
0.030403
0.030382
0.030382
0.030382
0.030354
0.030354
0.030354
0.030354
0.030354
0.030355
0.030355
0.030383
0.030383
0.030383
0.030360
0.030360
0.030360
0.030326
0.030326
0.030326
0.030326
0.030326
0.030326
0.030326
0.030335
0.030339
0.030350
0.030356
0.030363
0.030402
0.030410
0.030418
0.030465
0.030465
0.030522
0.030522
0.030532
0.030532
0.030575
0.030586
0.030586
0.030553
0.030565
0.030565
0.030565
0.030606
0.030606
0.030619
0.030619
0.030619
0.030619
0.030602
0.030578
0.030578
0.030578
0.030556
0.030570
0.030570
0.030570
0.030570
0.030570
0.030570
0.030570
0.030570
0.030570
0.030570
0.030570
0.030499
0.030490
0.030514
0.030507
0.030501
0.030501
0.030495
0.030490
0.030490
0.030486
0.030483
0.030499
0.030474
0.030474
0.030477
0.030475
0.030475
0.030479
0.030479
0.030478
0.030522
0.030489
0.030489
0.030489
0.030510
0.030510
0.030510
0.030466
0.030509
0.030509
0.030509
0.030509
0.030509
0.030509
0.030509
0.030509
0.030509
0.030509
0.030509
0.030509
0.030509
0.030509
0.030509
0.030537
0.030578
0.030578
0.030578
0.030587
0.030551
0.030562
0.030568
0.030575
0.030575
0.030583
0.030591
0.030601
0.030601
0.030639
0.030639
0.030665
0.030665
0.030665
0.030676
0.030676
0.030676
0.030689
0.030668
0.030668
0.030668
0.030668
0.030680
0.030659
0.030659
0.030659
0.030659
0.030747
0.030747
0.030747
0.030747
0.030782
0.030782
0.030782
0.030782
0.030782
0.030782
0.030782
0.030782
0.030782
0.030782
0.030782
0.030782
0.030690
0.030681
0.030707
0.030744
0.030737
0.030737
0.030732
0.030727
0.030727
0.030723
0.030719
0.030719
0.030717
0.030717
0.030717
0.030715
0.030731
0.030731
0.030730
0.030730
0.030730
0.030730
0.030730
0.030730
0.030730
0.030730
0.030730
0.030730
0.030730
0.030730
0.030730
0.030730
0.030730
0.030730
0.030730
0.030730
0.030685
0.030685
0.030730
0.030730
0.030708
0.030708
0.030708
0.030708
0.030708
0.030708
0.030708
0.030717
0.030721
0.030687
0.030741
0.030748
0.030748
0.030756
0.030764
0.030773
0.030773
0.030783
0.030783
0.030794
0.030794
0.030794
0.030805
0.030805
0.030805
0.030817
0.030817
0.030834
0.030834
0.030834
0.030847
0.030847
0.030847
0.030847
0.030847
0.030847
0.030847
0.030847
0.030847
0.030860
0.030860
0.030888
0.030888
0.030888
0.030860
0.030860
0.030860
0.030860
0.030860
0.030860
0.030860
0.030790
0.030781
0.030764
0.030785
0.030779
0.030779
0.030773
0.030769
0.030769
0.030764
0.030754
0.030754
0.030751
0.030751
0.030751
0.030749
0.030749
0.030749
0.030748
0.030748
0.030744
0.030702
0.030702
0.030701
0.030742
0.030701
0.030701
0.030732
0.030732
0.030753
0.030753
0.030753
0.030753
0.030761
0.030802
0.030802
0.030802
0.030781
0.030781
0.030781
0.030767
0.030767
0.030767
0.030767
0.030767
0.030767
0.030767
0.030776
0.030780
0.030791
0.030797
0.030804
0.030804
0.030858
0.030867
0.030876
0.030876
0.030886
0.030886
0.030897
0.030897
0.030881
0.030913
0.030913
0.030870
0.030882
0.030882
0.030841
0.030841
0.030841
0.030854
0.030854
0.030854
0.030854
0.030854
0.030854
0.030854
0.030854
0.030854
0.030867
0.030867
0.030867
0.030867
0.030867
0.030867
0.030867
0.030885
0.030885
0.030885
0.030885
0.030885
0.030838
0.030828
0.030812
0.030805
0.030799
0.030799
0.030793
0.030788
0.030788
0.030784
0.030741
0.030741
0.030738
0.030738
0.030738
0.030737
0.030737
0.030737
0.030735
0.030735
0.030735
0.030735
0.030735
0.030735
0.030735
0.030735
0.030735
0.030735
0.030735
0.030735
0.030735
0.030754
0.030754
0.030755
0.030755
0.030755
0.030755
0.030755
0.030674
0.030674
0.030674
0.030692
0.030692
0.030647
0.030647
0.030647
0.030647
0.030656
0.030660
0.030671
0.030677
0.030684
0.030684
0.030692
0.030701
0.030710
0.030710
0.030720
0.030720
0.030759
0.030759
0.030721
0.030704
0.030704
0.030704
0.030716
0.030716
0.030716
0.030716
0.030716
0.030729
0.030757
0.030757
0.030757
0.030757
0.030778
0.030778
0.030778
0.030778
0.030766
0.030784
0.030784
0.030747
0.030747
0.030747
0.030706
0.030706
0.030706
0.030706
0.030706
0.030706
0.030636
0.030627
0.030611
0.030603
0.030597
0.030597
0.030589
0.030584
0.030584
0.030580
0.030576
0.030540
0.030559
0.030559
0.030559
0.030557
0.030557
0.030557
0.030556
0.030556
0.030556
0.030556
0.030580
0.030579
0.030579
0.030579
0.030558
0.030558
0.030576
0.030541
0.030541
0.030502
0.030502
0.030502
0.030502
0.030502
0.030502
0.030502
0.030502
0.030502
0.030502
0.030535
0.030535
0.030535
0.030508
0.030530
0.030504
0.030508
0.030518
0.030525
0.030532
0.030532
0.030540
0.030548
0.030557
0.030557
0.030567
0.030567
0.030578
0.030578
0.030540
0.030551
0.030551
0.030577
0.030555
0.030555
0.030555
0.030555
0.030555
0.030568
0.030568
0.030568
0.030568
0.030568
0.030568
0.030568
0.030568
0.030587
0.030601
0.030601
0.030568
0.030568
0.030568
0.030568
0.030568
0.030568
0.030531
0.030531
0.030531
0.030531
0.030531
0.030477
0.030468
0.030452
0.030445
0.030438
0.030394
0.030389
0.030352
0.030352
0.030348
0.030344
0.030344
0.030342
0.030342
0.030386
0.030384
0.030384
0.030384
0.030347
0.030347
0.030347
0.030303
0.030303
0.030303
0.030273
0.030273
0.030245
0.030245
0.030245
0.030289
0.030289
0.030289
0.030289
0.030290
0.030290
0.030290
0.030290
0.030290
0.030246
0.030246
0.030210
0.030210
0.030182
0.030205
0.030182
0.030226
0.030235
0.030239
0.030243
0.030250
0.030257
0.030257
0.030265
0.030273
0.030239
0.030239
0.030249
0.030249
0.030259
0.030259
0.030269
0.030253
0.030253
0.030232
0.030244
0.030244
0.030244
0.030244
0.030244
0.030257
0.030213
0.030213
0.030213
0.030213
0.030213
0.030257
0.030257
0.030257
0.030270
0.030270
0.030213
0.030213
0.030213
0.030213
0.030213
0.030213
0.030213
0.030141
0.030141
0.030141
0.030184
0.030114
0.030105
0.030111
0.030103
0.030097
0.030097
0.030092
0.030087
0.030087
0.030050
0.030070
0.030049
0.029952
0.029952
0.029952
0.029970
0.030013
0.030013
0.030012
0.030012
0.030012
0.030012
0.030012
0.030011
0.030011
0.030011
0.030011
0.029968
0.029968
0.029968
0.029937
0.029937
0.029938
0.029938
0.029981
0.029963
0.029963
0.029963
0.029963
0.029963
0.029963
0.029963
0.029919
0.029919
0.029919
0.029928
0.029932
0.029943
0.029949
0.029927
0.029898
0.029905
0.029957
0.029957
0.029990
0.030000
0.030000
0.030011
0.029968
0.029968
0.029979
0.029979
0.029965
0.029977
0.029977
0.029977
0.029977
0.029977
0.029989
0.029989
0.030032
0.030032
0.030005
0.029962
0.029962
0.029933
0.029929
0.029929
0.029943
0.029943
0.029943
0.029943
0.029943
0.029943
0.029943
0.029943
0.029943
0.029943
0.029943
0.029968
0.029968
0.029897
0.029888
0.029872
0.029839
0.029822
0.029822
0.029816
0.029811
0.029807
0.029807
0.029804
0.029774
0.029791
0.029791
0.029791
0.029789
0.029789
0.029789
0.029788
0.029788
0.029788
0.029788
0.029788
0.029788
0.029788
0.029788
0.029788
0.029788
0.029764
0.029764
0.029790
0.029790
0.029790
0.029790
0.029790
0.029790
0.029790
0.029790
0.029790
0.029790
0.029790
0.029790
0.029790
0.029790
0.029790
0.029799
0.029803
0.029807
0.029813
0.029820
0.029820
0.029802
0.029811
0.029811
0.029799
0.029776
0.029776
0.029787
0.029813
0.029813
0.029824
0.029824
0.029824
0.029836
0.029794
0.029794
0.029794
0.029800
0.029812
0.029812
0.029875
0.029875
0.029875
0.029875
0.029875
0.029875
0.029875
0.029888
0.029888
0.029846
0.029846
0.029873
0.029873
0.029855
0.029855
0.029855
0.029855
0.029855
0.029855
0.029855
0.029785
0.029817
0.029800
0.029752
0.029746
0.029746
0.029740
0.029735
0.029735
0.029731
0.029728
0.029693
0.029690
0.029690
0.029690
0.029688
0.029688
0.029688
0.029722
0.029722
0.029750
0.029750
0.029747
0.029747
0.029747
0.029768
0.029768
0.029753
0.029720
0.029720
0.029720
0.029720
0.029720
0.029721
0.029680
0.029680
0.029680
0.029680
0.029652
0.029652
0.029652
0.029680
0.029680
0.029680
0.029680
0.029680
0.029689
0.029693
0.029704
0.029710
0.029717
0.029717
0.029725
0.029734
0.029702
0.029702
0.029712
0.029712
0.029723
0.029723
0.029723
0.029734
0.029734
0.029734
0.029787
0.029787
0.029787
0.029787
0.029735
0.029777
0.029777
0.029759
0.029759
0.029759
0.029759
0.029759
0.029759
0.029759
0.029773
0.029773
0.029773
0.029773
0.029773
0.029773
0.029794
0.029794
0.029794
0.029794
0.029794
0.029794
0.029794
0.029724
0.029714
0.029698
0.029691
0.029685
0.029685
0.029679
0.029674
0.029704
0.029700
0.029696
0.029696
0.029694
0.029694
0.029694
0.029666
0.029666
0.029666
0.029665
0.029662
0.029662
0.029662
0.029662
0.029662
0.029662
0.029662
0.029622
0.029622
0.029646
0.029646
0.029646
0.029646
0.029646
0.029646
0.029628
0.029628
0.029628
0.029628
0.029628
0.029628
0.029628
0.029628
0.029628
0.029628
0.029628
0.029637
0.029641
0.029651
0.029658
0.029665
0.029665
0.029673
0.029681
0.029681
0.029690
0.029700
0.029700
0.029711
0.029742
0.029776
0.029788
0.029788
0.029788
0.029798
0.029798
0.029798
0.029798
0.029798
0.029811
0.029811
0.029811
0.029811
0.029811
0.029770
0.029770
0.029770
0.029770
0.029732
0.029746
0.029784
0.029784
0.029784
0.029784
0.029784
0.029784
0.029784
0.029784
0.029784
0.029784
0.029784
0.029777
0.029707
0.029698
0.029682
0.029675
0.029668
0.029668
0.029641
0.029636
0.029603
0.029603
0.029597
0.029626
0.029623
0.029623
0.029623
0.029578
0.029578
0.029578
0.029548
0.029548
0.029548
0.029548
0.029551
0.029551
0.029551
0.029551
0.029551
0.029551
0.029551
0.029551
0.029583
0.029583
0.029584
0.029584
0.029584
0.029584
0.029584
0.029584
0.029584
0.029584
0.029584
0.029584
0.029584
0.029584
0.029584
0.029593
0.029597
0.029607
0.029613
0.029621
0.029621
0.029628
0.029637
0.029637
0.029646
0.029656
0.029656
0.029667
0.029667
0.029667
0.029678
0.029678
0.029678
0.029723
0.029686
0.029686
0.029686
0.029686
0.029699
0.029699
0.029736
0.029736
0.029736
0.029736
0.029736
0.029736
0.029736
0.029736
0.029749
0.029712
0.029712
0.029712
0.029712
0.029712
0.029712
0.029735
